name,activated,threshold,before_activation_alters,after_activation_alters,degree,observed,var1,epsilon,constant,activation_order
0,1,4.25970571959,4.0,7,0.02002002002,0,-0.0958915218406,-0.452619714886,5,156
1,1,1.75271352076,0.0,3,0.018018018018,0,-1.24132812857,0.476697906466,5,65
2,1,-0.909122105442,,0,0.021021021021,1,-2.00705098056,0.112030836238,5,27
3,1,3.8266236312,2.0,8,0.022022022022,0,-0.55841013128,0.501854025035,5,141
4,1,4.19075515347,4.0,19,0.02002002002,0,-0.0488843520998,-0.662591790229,5,695
5,1,1.94743140325,0.0,4,0.019019019019,0,-0.971931469019,-0.136774189699,5,72
6,1,7.9071605584,0.0,15,0.02002002002,0,1.13067323644,-0.484859150926,5,570
7,1,-0.941900396054,,1,0.021021021021,0,-1.74980294413,-0.692491563656,5,41
8,1,4.49887845086,3.0,6,0.019019019019,0,-0.395963014014,0.686767492905,5,226
9,1,11.1430613953,6.0,18,0.021021021021,0,1.84457404291,0.609339266519,5,685
10,1,8.55997126358,5.0,14,0.018018018018,0,1.19562227267,-0.0268955544274,5,662
11,1,5.54592398133,4.0,8,0.019019019019,0,0.0219066470467,0.48020404019,5,421
12,1,4.45401572284,4.0,15,0.021021021021,0,0.0237836909432,-0.617335349987,5,576
13,1,2.83100498155,2.0,5,0.019019019019,0,-0.539173830723,-0.551473526286,5,372
14,1,2.00957777864,2.0,6,0.019019019019,0,-0.794010737609,-0.608390008532,5,444
15,1,6.81487907322,2.0,8,0.021021021021,0,0.363564730846,0.724184880681,5,527
16,1,4.05283706384,4.0,15,0.02002002002,0,-0.404603982229,0.266649010523,5,711
17,1,3.10394627954,2.0,4,0.019019019019,0,-0.730117375636,0.294298406444,5,432
18,1,3.05090410735,0.0,18,0.018018018018,0,-0.663536950675,0.0415149593733,5,973
19,1,1.8117723021,0.0,3,0.022022022022,0,-0.738321896404,-0.973262008692,5,397
20,1,5.50708792279,1.0,17,0.021021021021,0,0.163430658629,0.0167959469034,5,734
21,1,2.26704513378,0.0,5,0.018018018018,0,-0.672700392793,-0.71485368784,5,530
22,1,5.92300769328,4.0,15,0.021021021021,0,0.0692659252899,0.715209917407,5,745
23,1,3.49437600175,1.0,8,0.021021021021,0,-0.451721440168,-0.150459677744,5,556
24,1,8.38349897524,0.0,10,0.02002002002,0,1.06431809579,0.190544687866,5,654
25,1,5.19602430672,2.0,17,0.018018018018,0,-0.255138532237,0.961439903434,5,862
26,1,5.81519710109,3.0,11,0.021021021021,0,0.152668968225,0.357190196416,5,729
27,1,9.32804557426,9.0,10,0.022022022022,1,1.17046654882,0.816645927806,5,727
28,1,4.31658032846,1.0,5,0.021021021021,0,-0.0529535954273,-0.524558885254,5,531
29,1,3.52319246004,0.0,5,0.021021021021,0,-0.573883118764,0.244841816331,5,588
30,1,3.43225199882,1.0,16,0.02002002002,0,-0.49399288021,-0.0857693605485,5,858
31,1,12.2565635882,1.0,20,0.022022022022,0,2.21164546856,0.621627182496,5,932
32,1,5.32316460386,0.0,12,0.02002002002,0,0.123431571955,-0.0471301120089,5,828
33,1,7.11321453501,1.0,10,0.021021021021,0,0.672417682359,0.095961487937,5,769
34,1,0.547967677201,0.0,1,0.022022022022,1,-1.74497882357,0.782904147923,5,506
35,1,12.2617331424,12.0,13,0.023023023023,1,2.45700465303,-0.109280816669,5,781
36,1,8.09785912729,4.0,14,0.019019019019,0,1.06944635442,-0.110479935954,5,902
37,1,11.597617238,11.0,19,0.019019019019,0,2.14790823431,0.153892535081,5,995
38,1,9.37797519218,1.0,17,0.02002002002,0,1.46009790399,-0.00231851980125,5,907
39,1,8.25529505728,1.0,11,0.019019019019,0,1.01978957413,0.195926334889,5,795
40,1,10.8076571397,9.0,15,0.019019019019,0,2.05965371866,-0.371304016254,5,870
41,1,2.13834299916,1.0,3,0.021021021021,0,-1.00322282257,0.148011466874,5,559
42,1,2.20431121684,2.0,19,0.02002002002,0,-0.991314546178,0.178254855373,5,943
43,1,7.52208401937,7.0,12,0.021021021021,0,0.933758019917,-0.279190040379,5,775
44,1,6.58966497849,1.0,8,0.021021021021,0,0.414016383983,0.347615826537,5,744
45,1,4.2819487263,4.0,7,0.019019019019,0,-0.514234131802,0.824651121711,5,717
46,1,9.81914414949,2.0,15,0.019019019019,0,1.44145980132,0.494764745542,5,904
47,1,5.27609898744,5.0,6,0.018018018018,1,-0.0597846187029,0.455452843552,5,656
48,1,2.29404168543,2.0,6,0.021021021021,0,-0.824223320989,-0.233288351606,5,643
49,1,6.36317996127,4.0,9,0.019019019019,0,0.636898324002,-0.547515010739,5,692
50,1,-2.36337989672,,0,0.019019019019,1,-2.39288325538,-0.184730130586,5,55
51,1,6.88492958085,2.0,16,0.021021021021,0,0.790495935564,-0.486558225846,5,840
52,1,6.32957890808,4.0,16,0.023023023023,0,0.389474245125,0.16115617271,5,760
53,1,2.89973219345,,5,0.021021021021,0,-0.715999820359,0.047731654531,5,505
54,1,4.48685144626,0.0,18,0.019019019019,0,-0.0547051520106,-0.349033097708,5,900
55,1,3.96688715219,3.0,11,0.019019019019,0,-0.316911377489,-0.0823787153414,5,676
56,1,2.60187634427,1.0,6,0.019019019019,0,-0.906566640029,0.321576264358,5,548
57,1,1.11462421098,1.0,9,0.02002002002,0,-1.09374718793,-0.604134225214,5,561
58,1,6.13985646405,4.0,18,0.02002002002,0,0.496419406974,-0.349401756875,5,868
59,1,6.00184318709,5.0,10,0.02002002002,0,0.249232349316,0.254146139145,5,539
60,1,4.4568877363,4.0,11,0.021021021021,0,-0.0444432505895,-0.409782511934,5,524
61,1,6.30533198226,2.0,18,0.021021021021,0,0.584995056346,-0.449653186784,5,866
62,1,6.44569312973,4.0,7,0.021021021021,0,0.539027360288,-0.171388951132,5,427
63,1,8.53172723891,8.0,9,0.021021021021,1,1.16014611935,0.0512888808543,5,486
64,1,3.60300246152,2.0,6,0.022022022022,0,-0.293947615552,-0.515154691827,5,350
65,1,2.39042870503,2.0,21,0.021021021021,0,-0.84276756304,-0.0812686058507,5,965
66,1,5.53676805419,5.0,10,0.018018018018,0,0.296887018132,-0.353893000206,5,464
67,1,7.00444733456,7.0,10,0.021021021021,0,0.7108401226,-0.128073033245,5,396
68,1,9.98001010279,3.0,14,0.018018018018,0,1.53048509873,0.388554806613,5,489
69,1,4.28650878321,4.0,6,0.02002002002,0,-0.0404737437129,-0.592069985655,5,233
70,1,0.00134584863398,,1,0.021021021021,0,-1.88798357889,0.6652965853,5,32
71,1,1.97355090896,0.0,2,0.021021021021,0,-1.12246017836,0.34093144403,5,83
72,1,7.81369919664,2.0,12,0.019019019019,0,0.741357973112,0.5896252773,5,373
73,1,4.26239966722,0.0,7,0.021021021021,0,-0.275830885642,0.0898923241477,5,231
74,1,8.24507949783,4.0,11,0.023023023023,0,1.07640154233,0.0158748708302,5,282
75,1,5.65315585305,3.0,8,0.019019019019,0,0.372862031267,-0.465430240746,5,264
76,1,5.49117190405,4.0,7,0.019019019019,0,-0.145071944266,0.926387736849,5,185
77,1,0.529554949785,,1,0.019019019019,0,-1.67076967879,0.541863986151,5,31
78,1,4.70365977976,,6,0.02002002002,0,-0.249579823824,0.452399251235,5,136
79,1,7.25341041379,4.0,17,0.022022022022,0,0.866834620741,-0.347093448437,5,404
80,1,10.8883419068,3.0,12,0.019019019019,0,2.08817448659,-0.376181552957,5,331
81,1,2.25884356528,2.0,4,0.02002002002,0,-1.15559424202,0.725626291355,5,134
82,1,2.7013480276,,5,0.02002002002,0,-0.990678116711,0.673382377728,5,142
83,1,10.4452050217,4.0,14,0.023023023023,0,1.78377676714,0.0938747203156,5,402
84,1,7.84356101041,3.0,10,0.02002002002,0,0.683523749593,0.792989761627,5,395
85,1,-0.360319334906,,0,0.02002002002,1,-1.88087198551,0.282296621636,5,16
86,1,6.94372690544,3.0,7,0.02002002002,0,0.623721805237,0.0725614897297,5,246
87,1,2.54997717486,,3,0.023023023023,0,-0.904892794818,0.264655559309,5,52
88,1,5.06484459115,2.0,18,0.021021021021,0,-0.0214512380349,0.129198305257,5,861
89,1,3.82616274741,,12,0.023023023023,0,-0.210504012568,-0.542325214888,5,657
90,1,8.71531507619,6.0,18,0.019019019019,0,1.28977531114,-0.154010857213,5,890
91,1,7.68968058241,3.0,11,0.018018018018,0,1.11573713011,-0.657530807907,5,700
92,1,1.36298478894,,8,0.02002002002,0,-1.30129448087,0.266868231538,5,627
93,1,4.20743951139,2.0,5,0.021021021021,0,-0.322690290089,0.175510381659,5,477
94,1,6.26198963052,2.0,20,0.021021021021,0,0.698189498296,-0.832578864371,5,977
95,1,2.41768002833,2.0,7,0.018018018018,0,-0.716873365023,-0.431699876602,5,565
96,1,7.22607314071,1.0,10,0.02002002002,0,0.640604830295,0.304258649821,5,694
97,1,4.82173550236,4.0,7,0.02002002002,0,-0.0688112954985,0.0281693888562,5,686
98,1,5.29656625871,5.0,15,0.02002002002,0,0.407155104938,-0.924899056105,5,878
99,1,8.56249719684,8.0,12,0.018018018018,0,1.19596245612,-0.0253901715196,5,853
100,1,8.77030122084,5.0,10,0.021021021021,0,1.26698006232,-0.0306389661374,5,739
101,1,7.83114327797,1.0,10,0.019019019019,0,0.849735574404,0.281936554756,5,755
102,1,7.75555247637,1.0,19,0.019019019019,0,1.03301191453,-0.34348326723,5,996
103,1,3.06282541259,2.0,5,0.02002002002,0,-0.478775508616,-0.500848061558,5,511
104,1,10.3027816161,3.0,12,0.02002002002,0,1.50251374668,0.795240376062,5,757
105,1,4.96280410093,3.0,14,0.019019019019,0,0.0504769901939,-0.188626869655,5,830
106,1,8.72008129297,3.0,19,0.02002002002,0,1.37530440985,-0.405831936589,5,941
107,1,5.41101579618,2.0,7,0.018018018018,0,0.452586560075,-0.946743884049,5,578
108,1,3.1745331721,1.0,19,0.021021021021,0,-0.484235063757,-0.372761636628,5,917
109,1,3.51317219567,3.0,10,0.02002002002,0,-0.665970843824,0.511084727139,5,675
110,1,5.37452985608,5.0,8,0.022022022022,0,0.193818130894,-0.206924536603,5,390
111,1,1.74479686911,,2,0.02002002002,0,-1.20339279583,0.354975256607,5,39
112,1,4.23082556176,3.0,9,0.021021021021,0,-0.175065538154,-0.243977823779,5,428
113,1,-0.616828065859,,0,0.02002002002,1,-1.74311738886,-0.387475899291,5,25
114,1,1.90308984263,0.0,4,0.019019019019,0,-1.19762214949,0.49595629111,5,82
115,1,4.34046580092,4.0,15,0.019019019019,0,0.146173911222,-1.09805593275,5,818
116,1,5.12614217497,,7,0.022022022022,0,-0.0434544403322,0.256505495965,5,325
117,1,6.63491225516,5.0,20,0.02002002002,0,0.760662112149,-0.647074081292,5,968
118,1,0.681255820081,,2,0.019019019019,0,-1.63505946449,0.586434213543,5,40
119,1,3.48425294192,3.0,5,0.022022022022,0,-0.62279905378,0.352650103257,5,287
120,1,9.3678980024,9.0,15,0.02002002002,0,1.4216632674,0.102908200195,5,591
121,1,4.15041286717,3.0,5,0.023023023023,0,-0.237654863597,-0.136622542041,5,205
122,1,3.17561424003,2.0,5,0.019019019019,0,-0.990533252993,1.14721399901,5,355
123,1,8.52848477011,3.0,10,0.019019019019,0,1.20651572305,-0.0910623990297,5,490
124,1,2.78065329448,1.0,10,0.018018018018,0,-0.676139618889,-0.190927848856,5,512
125,1,1.72743283776,1.0,5,0.02002002002,0,-1.41447249916,0.970850335255,5,388
126,1,9.23992550165,8.0,17,0.021021021021,0,1.28990044607,0.37022416345,5,793
127,1,5.75730818347,4.0,7,0.02002002002,0,0.547956163248,-0.886560306273,5,485
128,1,6.99430427312,2.0,21,0.021021021021,0,0.771889175552,-0.321363253537,5,931
129,1,7.36873948167,3.0,9,0.019019019019,0,0.988944832366,-0.598095015429,5,504
130,1,4.8270706128,2.0,16,0.021021021021,0,-0.189940640615,0.396892534642,5,659
131,1,6.9216241907,6.0,8,0.023023023023,0,0.787367737556,-0.440479021971,5,423
132,1,8.67350510822,1.0,14,0.021021021021,0,1.309575918,-0.255222645767,5,637
133,1,7.96598741882,5.0,20,0.021021021021,0,0.930236778064,0.175277084628,5,898
134,1,14.0431439154,13.0,18,0.019019019019,0,3.12344606473,-0.327194278751,5,885
135,1,8.95626305481,5.0,15,0.02002002002,0,1.3761671975,-0.17223853768,5,670
136,1,2.70369994356,2.0,3,0.02002002002,1,-0.529347967517,-0.708256153886,5,242
137,1,5.87305558732,1.0,10,0.019019019019,0,0.366986905386,-0.227905128834,5,585
138,1,-0.997394677146,,0,0.017017017017,1,-2.03234637492,0.0996444476143,5,13
139,1,-0.560822131934,,1,0.02002002002,0,-1.99214146982,0.415602277541,5,64
140,1,9.3679552345,2.0,12,0.021021021021,0,1.438663264,0.0519654424986,5,604
141,1,8.25520674967,2.0,12,0.021021021021,0,1.27862493469,-0.580668054399,5,564
142,1,7.09974613861,6.0,18,0.021021021021,0,0.793076589339,-0.279483629407,5,713
143,1,1.28359556274,1.0,6,0.019019019019,0,-1.12530837823,-0.340479302575,5,519
144,1,1.36081176412,1.0,3,0.019019019019,0,-1.39649190644,0.550287483445,5,211
145,1,5.12314741002,3.0,15,0.022022022022,0,0.369950635601,-0.98670449678,5,635
146,1,1.12494772486,,2,0.02002002002,0,-1.13144359995,-0.480721475297,5,140
147,1,7.25406151946,4.0,10,0.019019019019,0,0.574553986778,0.530399559126,5,529
148,1,5.76001811819,2.0,8,0.019019019019,0,0.221953251391,0.0941583640141,5,525
149,1,3.45149562586,3.0,8,0.024024024024,0,-0.487312669691,-0.086566365064,5,523
150,1,4.96331810111,4.0,20,0.02002002002,0,0.126986966027,-0.417642796975,5,835
151,1,2.65398346271,2.0,3,0.019019019019,1,-0.846965873966,0.194881084612,5,343
152,1,14.5876241368,14.0,16,0.019019019019,0,3.25851559157,-0.187922637881,5,709
153,1,8.52348143529,2.0,18,0.019019019019,0,1.08366379109,0.272490062027,5,834
154,1,4.28634881972,,8,0.021021021021,0,-0.160754910053,-0.231386450125,5,455
155,1,0.40783801094,0.0,2,0.02002002002,0,-1.19745891004,-0.999785258929,5,314
156,1,4.60794106316,1.0,6,0.023023023023,0,0.0216329992378,-0.456957934551,5,431
157,1,1.47062787107,0.0,14,0.02002002002,0,-1.05120607038,-0.375753917798,5,573
158,1,6.00942155661,5.0,14,0.018018018018,0,0.406746178435,-0.210816978692,5,631
159,1,8.067957382,0.0,12,0.02002002002,0,1.26027634072,-0.712871640154,5,580
160,1,1.98816807434,1.0,6,0.019019019019,0,-1.28848472532,0.853622250295,5,425
161,1,5.72768374123,5.0,9,0.017017017017,0,-0.00594934887836,0.745531787862,5,484
162,1,6.30169668558,5.0,7,0.019019019019,0,0.537595065145,-0.311088509859,5,435
163,1,1.49532399894,1.0,11,0.02002002002,0,-1.03611285351,-0.396337440529,5,475
164,1,8.43449136108,1.0,15,0.02002002002,0,1.28518355771,-0.421059312064,5,606
165,1,6.56757853401,2.0,7,0.02002002002,0,0.413750439316,0.326327216063,5,362
166,1,5.33870736783,4.0,18,0.019019019019,0,0.253526367516,-0.421871734723,5,811
167,1,6.87033402925,3.0,7,0.022022022022,0,0.754551208564,-0.393319596443,5,382
168,1,5.42024989186,1.0,6,0.018018018018,0,-0.156934723572,0.891054062577,5,342
169,1,2.86193204167,2.0,3,0.02002002002,1,-0.502570092799,-0.630357679928,5,239
170,1,5.16305576545,1.0,20,0.022022022022,0,0.366044997274,-0.93507922637,5,683
171,1,7.38665326151,3.0,16,0.02002002002,0,0.448488625001,1.0411873865,5,550
172,1,-1.2473953333,,2,0.022022022022,0,-1.91709058122,-0.496123589649,5,162
173,1,5.62040852721,5.0,10,0.02002002002,0,0.258599368073,-0.155389577011,5,353
174,1,11.2774970044,8.0,14,0.017017017017,0,2.04771406108,0.134354821191,5,502
175,1,7.54382496065,6.0,9,0.021021021021,0,0.641272520765,0.620007398351,5,320
176,1,1.91533703678,,2,0.018018018018,0,-1.24725175879,0.657092313144,5,46
177,1,9.57763589165,6.0,20,0.021021021021,0,1.39355085084,0.396983339145,5,820
178,1,6.10831021755,4.0,8,0.02002002002,0,0.373004217252,-0.0107024342016,5,214
179,1,8.87713030506,4.0,10,0.02002002002,0,1.27276966207,0.0588213188502,5,278
180,1,7.67397010233,0.0,12,0.02002002002,0,0.877983796223,0.0400187136599,5,322
181,1,8.23897210049,8.0,10,0.021021021021,0,0.937210028075,0.427342016267,5,283
182,1,3.18752100116,3.0,5,0.019019019019,0,-0.532626512399,-0.214599461645,5,173
183,1,8.2797066505,7.0,12,0.02002002002,0,0.887101543526,0.618402019921,5,452
184,1,6.08964413992,5.0,7,0.02002002002,0,0.622004344059,-0.776368892255,5,196
185,1,0.764672005772,0.0,1,0.021021021021,1,-1.30566972101,-0.318318831192,5,35
186,1,-0.663027757379,,0,0.023023023023,1,-1.59261711659,-0.885176407617,5,19
187,1,11.7870542476,10.0,13,0.02002002002,0,2.44749135307,-0.555419811591,5,684
188,1,2.63648694581,,3,0.021021021021,0,-0.604022671052,-0.551445041032,5,76
189,1,1.54997143662,1.0,2,0.021021021021,1,-1.32169476818,0.515055741159,5,37
190,1,14.7649749395,14.0,17,0.019019019019,0,3.22103813562,0.101860532632,5,957
191,1,7.80529463565,7.0,9,0.022022022022,0,0.816389215853,0.356126988089,5,468
192,1,6.62077672026,3.0,9,0.019019019019,0,0.764551842232,-0.672878806432,5,642
193,1,3.19533314397,3.0,9,0.019019019019,0,-0.737268253104,0.407137903284,5,754
194,1,7.63781132878,6.0,18,0.019019019019,0,0.716020149256,0.489750881009,5,980
195,1,8.25106609026,5.0,20,0.02002002002,0,1.04468694381,0.117005258824,5,998
196,1,5.84939440886,2.0,12,0.018018018018,0,0.280912507581,0.00665688611668,5,915
197,1,3.14891117207,3.0,15,0.02002002002,0,-0.445336902722,-0.515078119761,5,945
198,1,4.07786032158,2.0,5,0.018018018018,0,-0.204954302496,-0.307276770931,5,791
199,1,7.49422580266,4.0,14,0.021021021021,0,1.05450490695,-0.669288918174,5,912
200,1,2.59899281735,1.0,5,0.02002002002,0,-0.869927820777,0.208776279684,5,679
201,1,9.70706153644,3.0,10,0.021021021021,0,1.40497375993,0.49214025664,5,826
202,1,1.81953854022,0.0,4,0.02002002002,0,-1.16967220119,0.328555143792,5,784
203,1,2.75409628472,2.0,8,0.019019019019,0,-0.786801473967,0.114500706618,5,856
204,1,9.95120099007,4.0,14,0.018018018018,0,1.47905112239,0.5140476229,5,948
205,1,9.85552283063,6.0,14,0.021021021021,0,1.57559855731,0.128727158685,5,933
206,1,6.17488250387,5.0,7,0.022022022022,0,0.251642753253,0.419954244109,5,852
207,1,2.79200256834,2.0,18,0.019019019019,0,-0.672022962349,-0.191928544615,5,986
208,1,8.72957306761,7.0,11,0.022022022022,0,1.1267132536,0.349433306803,5,901
209,1,4.19918615895,2.0,7,0.02002002002,0,-0.201761011754,-0.19553080579,5,859
210,1,2.75280093434,0.0,3,0.018018018018,0,-1.05396375379,0.914692195719,5,759
211,1,1.80944807055,1.0,10,0.021021021021,0,-1.24049549361,0.530934551381,5,883
212,1,5.80990807478,0.0,10,0.018018018018,0,0.051902235775,0.65420136746,5,946
213,1,4.43876015507,0.0,12,0.019019019019,0,-0.173823756069,-0.0397685767216,5,951
214,1,5.73413765987,1.0,6,0.021021021021,0,0.391479024801,-0.440299414535,5,887
215,1,11.8263943879,6.0,19,0.02002002002,0,2.19185007308,0.25084416869,5,988
216,1,4.49924988556,1.0,12,0.021021021021,0,-0.193152221899,0.0787065512563,5,929
217,1,5.3373035602,1.0,17,0.022022022022,0,0.325159704599,-0.638175553594,5,982
218,1,6.33078802256,3.0,22,0.022022022022,0,0.349737875928,0.281574394777,5,993
219,1,4.58750889423,3.0,9,0.019019019019,0,-0.0512494922088,-0.258742629139,5,916
220,1,5.34494390337,4.0,11,0.02002002002,0,0.0560865184843,0.176684347917,5,926
221,1,9.36889462278,2.0,18,0.02002002002,0,1.39006747939,0.198692184595,5,987
222,1,3.93716237112,3.0,15,0.019019019019,0,-0.436647693882,0.247105452769,5,983
223,1,4.6279201369,2.0,15,0.022022022022,0,-0.161099124258,0.111217509676,5,942
224,1,8.9253917983,1.0,12,0.019019019019,0,1.49731294342,-0.566547031955,5,939
225,1,6.83049253613,6.0,8,0.022022022022,0,0.614595903551,-0.013295174526,5,865
226,1,6.30227166004,6.0,10,0.021021021021,0,0.362561561925,0.214586974265,5,891
227,1,6.71050192068,6.0,12,0.021021021021,0,0.538864495622,0.0939084338139,5,894
228,1,3.59145629139,3.0,11,0.022022022022,0,-0.484875362741,0.0460823796118,5,889
229,1,5.36258630504,2.0,6,0.018018018018,0,0.347655795114,-0.680381080303,5,751
230,1,-0.0184298746086,,0,0.021021021021,1,-1.34435729975,-0.985357975344,5,21
231,1,8.28154772953,4.0,19,0.019019019019,0,0.909008082909,0.554523480803,5,994
232,1,6.85460960131,3.0,10,0.018018018018,0,0.549618641677,0.205753676278,5,844
233,1,7.02928554051,4.0,9,0.021021021021,0,0.772754007687,-0.288976482549,5,843
234,1,5.78278770914,2.0,11,0.019019019019,0,0.385881340194,-0.374856311438,5,847
235,1,6.23685839186,5.0,7,0.018018018018,0,0.362157342466,0.150386364463,5,787
236,1,3.53206137955,2.0,4,0.017017017017,0,-0.762306241068,0.818980102751,5,621
237,1,0.219418257818,,1,0.02002002002,0,-1.28825609504,-0.915813457066,5,61
238,1,6.9685703194,5.0,7,0.021021021021,0,0.607700995949,0.145467331556,5,678
239,1,3.74595675332,2.0,10,0.018018018018,0,-0.087464352931,-0.991650187892,5,789
240,1,9.23852062818,5.0,19,0.021021021021,0,1.52444875024,-0.334825622536,5,886
241,1,6.20064398738,6.0,13,0.022022022022,0,0.433209551644,-0.0989846675522,5,738
242,1,6.37370689714,3.0,17,0.02002002002,0,0.346773556953,0.333386226281,5,882
243,1,6.03515416545,2.0,14,0.02002002002,0,0.167922391658,0.53138699048,5,832
244,1,4.01180238395,0.0,5,0.021021021021,0,-0.326872361474,-0.0075805316315,5,209
245,1,5.57367396514,0.0,6,0.02002002002,0,0.16674160589,0.0734491474706,5,347
246,1,4.79526099535,3.0,9,0.021021021021,0,-0.0515277423111,-0.0501557777164,5,674
247,1,10.4079032214,9.0,12,0.019019019019,0,1.56746092507,0.705520446226,5,680
248,1,0.79168595426,,21,0.021021021021,0,-1.287630923,-0.345421276732,5,950
249,1,4.63997413561,,11,0.019019019019,0,-0.220077182254,0.30020568237,5,672
250,1,3.13205524463,1.0,4,0.02002002002,0,-0.555237077295,-0.202233523482,5,172
251,1,1.77830553523,1.0,3,0.019019019019,0,-1.03047646271,-0.130265076628,5,120
252,1,2.5156517063,,4,0.018018018018,0,-0.36205651182,-1.39817875824,5,149
253,1,7.99091866857,,8,0.02002002002,0,0.902986388863,0.281959501977,5,297
254,1,7.84914594678,3.0,11,0.02002002002,0,0.949391161864,0.000972461192625,5,333
255,1,6.88093411803,5.0,19,0.021021021021,0,0.813472788034,-0.55948424607,5,884
256,1,-1.52621859691,,1,0.019019019019,0,-2.11607017668,-0.178008066872,5,30
257,1,-1.01190237924,,0,0.02002002002,1,-2.09488081696,0.272740071649,5,7
258,1,9.27473289618,6.0,11,0.019019019019,0,1.2517867214,0.519372731987,5,401
259,1,0.695116994153,,3,0.019019019019,0,-1.31723977152,-0.353163691293,5,95
260,1,4.29821622066,2.0,8,0.02002002002,0,-0.234236890038,0.000926890772895,5,313
261,1,4.28694852335,4.0,5,0.019019019019,1,-0.112106515134,-0.376731931248,5,277
262,1,7.62275261894,6.0,20,0.02002002002,0,1.04934090098,-0.525270084007,5,947
263,1,2.94292038838,2.0,12,0.02002002002,0,-0.865491105519,0.539393704934,5,544
264,1,4.4355735652,4.0,7,0.021021021021,0,-0.349472960138,0.483992445619,5,354
265,1,5.95923208258,3.0,13,0.019019019019,0,0.258894943119,0.182547253219,5,555
266,1,8.85173684633,4.0,9,0.021021021021,0,1.18160351731,0.306926294393,5,470
267,1,6.85487136024,2.0,8,0.021021021021,0,0.923616267108,-0.915977441085,5,411
268,1,6.36943660567,1.0,17,0.021021021021,0,0.221423893777,0.705164924334,5,712
269,1,10.8470706915,8.0,11,0.022022022022,0,1.90096323796,0.144180977608,5,482
270,1,2.9252784729,0.0,7,0.018018018018,0,-0.817626478858,0.378157909477,5,494
271,1,8.26951588345,7.0,19,0.022022022022,0,0.859174865339,0.691991287437,5,732
272,1,5.04636589675,2.0,17,0.021021021021,0,0.0988203677793,-0.250095206587,5,792
273,1,11.1647044341,,19,0.021021021021,0,1.87821610935,0.530056106102,5,798
274,1,7.65079499777,1.0,8,0.02002002002,0,1.09370267211,-0.630313018548,5,479
275,1,5.61624555311,2.0,10,0.021021021021,0,0.00279896182927,0.607848667624,5,499
276,1,5.50294247781,1.0,13,0.02002002002,0,0.407771097892,-0.720370815861,5,522
277,1,6.03786725085,5.0,8,0.022022022022,0,0.405384552507,-0.178286406671,5,460
278,1,2.33168464217,0.0,13,0.019019019019,0,-0.784171251568,-0.315801603131,5,649
279,1,2.83856734349,1.0,5,0.022022022022,0,-0.889412393995,0.506804525474,5,339
280,1,5.69448438848,3.0,8,0.02002002002,0,0.147072510733,0.253266856284,5,454
281,1,9.57045090109,5.0,13,0.02002002002,0,1.53245019625,-0.0268996876553,5,513
282,1,9.81053782928,5.0,20,0.02002002002,0,1.40284264067,0.602009907269,5,850
283,1,1.26315755104,,2,0.021021021021,0,-0.96400457193,-0.844828733167,5,152
284,1,2.92954320047,2.0,18,0.019019019019,0,-0.834060023567,0.431723271171,5,774
285,1,6.99014781306,6.0,7,0.021021021021,1,0.531931257909,0.394354039328,5,360
286,1,5.53330928745,,9,0.021021021021,0,0.212967439795,-0.105593031935,5,270
287,1,3.25254493917,0.0,11,0.018018018018,0,-0.562457622231,-0.0600821941404,5,392
288,1,6.77768872521,4.0,13,0.021021021021,0,0.437144393086,0.466255545954,5,449
289,1,-0.526790989726,,3,0.02002002002,0,-1.72246237641,-0.359403860489,5,139
290,1,3.69106243098,0.0,4,0.019019019019,0,-0.318987627254,-0.351974687254,5,157
291,1,3.63603574133,0.0,5,0.02002002002,0,-0.319490501079,-0.405492755437,5,133
292,1,8.36128985765,8.0,9,0.02002002002,1,1.20382278122,-0.250178486017,5,203
293,1,9.02310324426,8.0,16,0.019019019019,0,1.50832654007,-0.501876375959,5,516
294,1,10.0275543074,4.0,11,0.017017017017,0,1.76740718899,-0.274667259562,5,223
295,1,4.93041698749,0.0,10,0.019019019019,0,-0.151695723729,0.385504158676,5,174
296,1,4.6659243089,1.0,9,0.019019019019,0,-0.0135149198441,-0.293530931566,5,158
297,1,3.04261800645,,5,0.019019019019,0,-0.556168023902,-0.288877921845,5,126
298,1,0.348757329765,,2,0.019019019019,0,-1.59259975648,0.126556599194,5,88
299,1,3.76770578939,0.0,13,0.021021021021,0,-0.264439821906,-0.438974744886,5,206
300,1,0.622687184118,0.0,6,0.02002002002,0,-1.55484614797,0.287225628038,5,114
301,1,1.63514865734,,3,0.023023023023,0,-1.16505525151,0.13031441188,5,63
302,1,10.1050042539,9.0,15,0.021021021021,0,1.83854165019,-0.410620696633,5,251
303,1,2.86803825655,0.0,5,0.018018018018,0,-0.832238468215,0.364753661189,5,98
304,1,8.18657569701,7.0,20,0.021021021021,0,1.07901499227,-0.0504692798,5,508
305,1,-0.559403465534,,3,0.019019019019,0,-1.82269160113,-0.0913286621302,5,92
306,1,0.0286525295369,0.0,1,0.02002002002,1,-1.68477716585,0.0829840270986,5,54
307,1,6.53162955177,0.0,9,0.019019019019,0,0.411459032177,0.297252455242,5,190
308,1,5.64588851203,,16,0.019019019019,0,0.245434225693,-0.090414165048,5,265
309,1,-1.1612358693,,0,0.017017017017,1,-1.93392453807,-0.359462255088,5,42
310,1,2.01527890247,0.0,12,0.02002002002,0,-1.26560513838,0.812094317618,5,263
311,1,4.3307991703,0.0,6,0.019019019019,0,-0.387297719694,0.492692329379,5,169
312,1,7.33052898757,7.0,9,0.023023023023,0,1.00059690881,-0.671261738849,5,235
313,1,1.45640772656,,4,0.021021021021,0,-1.14914573662,-0.0961550635906,5,181
314,1,4.34081161586,,15,0.021021021021,0,-0.235821558623,0.0482762917265,5,450
315,1,6.23660560905,4.0,7,0.02002002002,0,0.346362115694,0.197519261964,5,198
316,1,1.50419717535,0.0,2,0.02002002002,0,-1.08914666954,-0.228362816025,5,67
317,1,1.85980241898,,9,0.019019019019,0,-1.1833903305,0.409973410472,5,288
318,1,3.87904563419,2.0,18,0.02002002002,0,-0.211480578422,-0.486512630549,5,540
319,1,10.6400868533,4.0,13,0.019019019019,0,1.63658100148,0.730343848902,5,346
320,1,9.43151009669,5.0,12,0.016016016016,0,1.56013357202,-0.248890619354,5,451
321,1,9.02763360757,6.0,18,0.021021021021,0,1.2671843476,0.226080564787,5,558
322,1,7.7645596601,5.0,8,0.022022022022,0,0.441168106189,1.44105534154,5,296
323,1,4.03441491636,4.0,18,0.021021021021,0,-0.126398894033,-0.586388401537,5,630
324,1,0.400527349686,0.0,2,0.021021021021,0,-1.26413228231,-0.807075803369,5,115
325,1,6.11987696083,2.0,10,0.02002002002,0,0.588937257568,-0.646934811871,5,364
326,1,5.52344955013,4.0,13,0.021021021021,0,0.0308628320734,0.430861053912,5,436
327,1,2.26584764574,0.0,7,0.019019019019,0,-0.814698679064,-0.290056317063,5,315
328,1,1.89349596851,0.0,2,0.02002002002,0,-0.970943729889,-0.193672841822,5,106
329,1,4.22108495426,,5,0.02002002002,0,-0.348130263663,0.265475745251,5,273
330,1,3.98852479401,1.0,16,0.018018018018,0,-0.46328452942,0.378378382272,5,701
331,1,5.89172577191,4.0,16,0.019019019019,0,0.420939390355,-0.371092399157,5,688
332,1,11.1327279548,6.0,14,0.021021021021,0,1.80659814007,0.712933534615,5,603
333,1,5.69820198159,5.0,8,0.021021021021,0,0.225593580315,0.0214212406458,5,337
334,1,3.73610577237,2.0,4,0.02002002002,0,-0.348784265124,-0.217541432256,5,166
335,1,10.6130435126,5.0,16,0.019019019019,0,1.93888802306,-0.20362055661,5,718
336,1,-2.2245373637,,1,0.021021021021,0,-2.20490986039,-0.609807782531,5,58
337,1,1.37285245141,1.0,11,0.021021021021,0,-1.12684560894,-0.246610721756,5,471
338,1,6.34301584721,4.0,8,0.018018018018,0,0.674350206402,-0.680034771999,5,274
339,1,2.28590417578,1.0,7,0.019019019019,0,-0.863439986146,-0.123775865781,5,308
340,1,10.5683766493,8.0,19,0.02002002002,0,1.81266684141,0.130376125088,5,806
341,1,4.74886943853,3.0,17,0.018018018018,0,-0.377965309375,0.882765366658,5,763
342,1,4.77302226282,3.0,5,0.021021021021,0,-0.206742516332,0.393249811817,5,175
343,1,-1.69906525065,,0,0.017017017017,1,-2.46484695513,0.695475614734,5,3
344,1,3.30245424845,1.0,6,0.019019019019,0,-0.698451728045,0.397809432588,5,422
345,1,9.25111795742,7.0,10,0.019019019019,0,1.14810033237,0.806816960321,5,521
346,1,3.43708168786,1.0,7,0.02002002002,0,-0.262784424533,-0.774565038539,5,224
347,1,7.69893114086,7.0,14,0.019019019019,0,1.22593180703,-0.978864280219,5,536
348,1,0.439876163565,,2,0.019019019019,0,-1.49087009725,-0.0875135446852,5,53
349,1,12.7913918333,7.0,17,0.021021021021,0,2.48952151478,0.322827288916,5,592
350,1,4.83017649281,4.0,6,0.021021021021,0,-0.31550542939,0.776692780984,5,121
351,1,6.86296794789,4.0,7,0.019019019019,0,0.560945422289,0.18013168102,5,424
352,1,7.98191826416,3.0,10,0.018018018018,0,0.99893120162,-0.014875340697,5,466
353,1,9.30960669792,7.0,20,0.021021021021,0,1.14705086826,0.868454093131,5,827
354,1,2.257303084,1.0,13,0.017017017017,0,-0.717743537022,-0.589466304932,5,608
355,1,-0.297306518873,,2,0.023023023023,0,-1.5604738826,-0.615884871079,5,50
356,1,5.16143104276,2.0,6,0.019019019019,0,-0.0221684415067,0.227936367281,5,497
357,1,7.17105487168,5.0,20,0.02002002002,0,0.879883402147,-0.468595334758,5,992
358,1,4.15439452641,3.0,11,0.018018018018,0,-0.146573813024,-0.405884034521,5,607
359,1,8.71571053021,3.0,9,0.021021021021,0,1.52362469176,-0.855163545057,5,538
360,1,2.66134947569,2.0,3,0.019019019019,1,-1.06138080297,0.845491884606,5,335
361,1,7.725744183,1.0,11,0.021021021021,0,1.08116686513,-0.517756412393,5,568
362,1,4.67047388113,1.0,19,0.023023023023,0,-0.200915165099,0.27321937643,5,647
363,1,7.74398121825,4.0,17,0.021021021021,0,0.968399094229,-0.161216064433,5,748
364,1,6.78703514606,1.0,11,0.02002002002,0,0.757168964683,-0.48447174799,5,596
365,1,5.42642618347,1.0,17,0.023023023023,0,0.272137896673,-0.389987506551,5,722
366,1,6.17387925115,6.0,8,0.017017017017,0,0.350255162014,0.123113765103,5,554
367,1,8.91979094599,6.0,12,0.019019019019,0,1.37677145413,-0.210523416387,5,632
368,1,7.60369646152,2.0,9,0.019019019019,0,1.06141846793,-0.580558942262,5,541
369,1,3.54057508676,1.0,4,0.022022022022,0,-0.498772833944,0.0368935885869,5,272
370,1,9.92409530259,0.0,20,0.02002002002,0,1.62397506422,0.0521701099403,5,960
371,1,5.0173479435,2.0,6,0.018018018018,0,0.0648399692854,-0.177171964361,5,386
372,1,4.76715725956,1.0,5,0.022022022022,0,0.0466399072347,-0.372762462145,5,259
373,1,4.48052135997,,19,0.02002002002,0,-0.199177396918,0.0780535507231,5,825
374,1,5.58585570181,2.0,14,0.023023023023,0,0.479999585325,-0.85414305417,5,547
375,1,2.21846774803,1.0,3,0.021021021021,0,-1.13551307454,0.625006971661,5,204
376,1,1.64302828484,1.0,2,0.019019019019,1,-1.17032358417,0.153999037363,5,178
377,1,3.3037389601,2.0,5,0.018018018018,0,-0.285349962439,-0.840211152578,5,253
378,1,2.7324521243,2.0,9,0.022022022022,0,-0.989534433912,0.701055426032,5,318
379,1,1.98714973126,0.0,2,0.023023023023,0,-1.14170995376,0.412279592537,5,97
380,1,3.70259551389,1.0,10,0.019019019019,0,-0.33840081893,-0.282202029315,5,638
381,1,4.39386069755,3.0,6,0.018018018018,0,-0.183010629112,-0.0571074151148,5,345
382,1,5.73159453617,4.0,8,0.023023023023,0,-0.0175856599432,0.784351515997,5,370
383,1,-1.37299419383,,0,0.022022022022,1,-2.06217394786,-0.186472350247,5,23
384,1,8.04317831061,8.0,11,0.018018018018,0,0.939006345308,0.226159274687,5,746
385,1,4.39635617407,,5,0.018018018018,0,-0.341033050438,0.419455325385,5,254
386,1,12.0959159958,9.0,21,0.021021021021,0,2.17795139471,0.562061811629,5,999
387,1,5.37509058915,2.0,19,0.02002002002,0,0.312736686952,-0.563119471706,5,967
388,1,2.37696642306,1.0,4,0.018018018018,0,-0.829077106528,-0.135802257352,5,509
389,1,8.0606467373,2.0,11,0.02002002002,0,1.13020484827,-0.329967807514,5,752
390,1,9.26498119903,5.0,12,0.018018018018,0,1.54185590541,-0.360586517193,5,867
391,1,3.39803754474,2.0,5,0.02002002002,0,-0.589330108911,0.166027871472,5,697
392,1,4.99107563773,4.0,9,0.019019019019,0,0.139957872153,-0.428797978733,5,758
393,1,6.25587225873,2.0,16,0.02002002002,0,0.33984624577,0.236333521415,5,930
394,1,6.53739155437,1.0,15,0.022022022022,0,0.828406473981,-0.947827867569,5,833
395,1,8.44542101319,1.0,10,0.021021021021,0,1.13183324942,0.0499212649423,5,804
396,1,3.4215872482,,6,0.019019019019,0,-0.478624602899,-0.142538943109,5,715
397,1,2.74593992092,0.0,16,0.019019019019,0,-0.869788074098,0.355304143215,5,936
398,1,2.94870624938,0.0,16,0.02002002002,0,-0.898967214514,0.645607892921,5,905
399,1,8.94336796009,1.0,12,0.02002002002,0,1.50942721204,-0.584913676047,5,814
400,1,5.14874648434,0.0,20,0.021021021021,0,0.337012044067,-0.862289647866,5,979
401,1,7.78002061457,5.0,10,0.018018018018,0,0.911311264605,0.0460868207527,5,782
402,1,2.78143629202,2.0,8,0.021021021021,0,-0.966187729176,0.67999947955,5,728
403,1,4.27146618314,1.0,7,0.019019019019,0,-0.241748561602,-0.00328813205191,5,726
404,1,5.63893549765,3.0,6,0.021021021021,0,0.388112628301,-0.525402387252,5,669
405,1,2.55337571292,2.0,11,0.019019019019,0,-0.793003409266,-0.0676140592849,5,766
406,1,5.01553676952,3.0,20,0.021021021021,0,-0.106515181815,0.335082314964,5,972
407,1,4.01601657916,4.0,5,0.02002002002,1,-0.379601822675,0.154822047186,5,625
408,1,5.39016778023,0.0,11,0.02002002002,0,0.191422157459,-0.184098692144,5,742
409,1,5.12586753642,5.0,20,0.021021021021,0,-0.120895838194,0.488555051004,5,985
410,1,2.05961768241,2.0,3,0.019019019019,1,-1.11962617374,0.418496203637,5,553
411,1,6.33952229236,6.0,17,0.02002002002,0,0.251935144788,0.583716857996,5,959
412,1,8.86952279576,2.0,10,0.02002002002,0,1.26162513192,0.0846474000079,5,667
413,1,6.29457762186,5.0,9,0.021021021021,0,0.336513670354,0.285036610795,5,624
414,1,12.4221091709,3.0,14,0.019019019019,0,2.31854935916,0.466461093429,5,845
415,1,3.90789803009,,10,0.021021021021,0,-0.168413229567,-0.586862281206,5,563
416,1,3.04253440737,1.0,11,0.019019019019,0,-0.694777188512,0.126865972909,5,569
417,1,5.90996393881,4.0,13,0.02002002002,0,0.312063341131,-0.0262260845788,5,626
418,1,0.572939062195,,9,0.02002002002,0,-1.22546053339,-0.750679337626,5,461
419,1,0.971618888081,0.0,3,0.018018018018,0,-1.27959613289,-0.189592713236,5,130
420,1,-0.925293768834,,1,0.02002002002,0,-1.73483086472,-0.720801174679,5,24
421,1,6.26207658724,3.0,11,0.021021021021,0,0.497146646079,-0.229363350993,5,545
422,1,5.09732386785,2.0,6,0.019019019019,0,-0.0190251444067,0.154399301071,5,189
423,1,8.75427062555,3.0,9,0.02002002002,0,1.14069928812,0.332172761186,5,222
424,1,3.8149450697,1.0,12,0.017017017017,0,-0.400148667006,0.0153910707202,5,445
425,1,3.20439854255,3.0,6,0.019019019019,0,-0.721711386174,0.369532701071,5,188
426,1,4.62237365252,3.0,14,0.02002002002,0,-0.00564813338497,-0.360681947323,5,371
427,1,-1.25928595115,,1,0.021021021021,0,-1.96658477776,-0.359531617871,5,20
428,1,5.61872287899,1.0,18,0.018018018018,0,0.276181008639,-0.20982014693,5,839
429,1,6.1540882319,4.0,10,0.022022022022,0,0.811968590793,-1.28181754048,5,215
430,1,8.56356695688,7.0,16,0.019019019019,0,1.48480439816,-0.890846237611,5,398
431,1,4.08115308159,,6,0.019019019019,0,0.0295003083205,-1.00734784337,5,109
432,1,5.04545772759,3.0,8,0.02002002002,0,-0.0089612013389,0.0723413316039,5,154
433,1,4.67621376581,3.0,5,0.02002002002,0,-0.108287926389,0.00107754497887,5,94
434,1,6.14412354373,,14,0.021021021021,0,0.254348199478,0.381078945297,5,241
435,1,1.90100744387,1.0,5,0.02002002002,0,-0.861826137502,-0.513514143626,5,77
436,1,4.96351234889,,8,0.023023023023,0,0.0169715445824,-0.0874022848602,5,131
437,1,-0.172652561543,,0,0.022022022022,1,-1.67363319729,-0.151752969666,5,2
438,1,5.50159082894,1.0,12,0.021021021021,0,0.421914286706,-0.764152031174,5,234
439,1,12.2197374691,12.0,14,0.018018018018,0,2.49991454662,-0.280006170717,5,352
440,1,1.48736375659,1.0,4,0.02002002002,0,-1.2753562523,0.313432513482,5,74
441,1,3.83413543384,,7,0.018018018018,0,-0.286864306173,-0.305271647636,5,102
442,1,7.43577362508,2.0,12,0.018018018018,0,0.908660072875,-0.29020659355,5,357
443,1,0.545771939268,0.0,1,0.02002002002,1,-1.33979209638,-0.434851771606,5,34
444,1,-0.0444710836433,,1,0.017017017017,0,-1.60444337564,-0.231140956735,5,29
445,1,6.94314419866,1.0,13,0.021021021021,0,0.61355553331,0.102477598729,5,310
446,1,4.36485947515,3.0,7,0.021021021021,0,-0.132036099377,-0.239032226721,5,143
447,1,1.9225342389,,3,0.017017017017,0,-0.931275014069,-0.283640718893,5,71
448,1,8.03878806782,3.0,16,0.021021021021,0,1.00365842633,0.027812788836,5,447
449,1,4.99488265435,4.0,19,0.02002002002,0,-0.186774716506,0.555206803869,5,831
450,1,10.7768991753,9.0,11,0.021021021021,0,1.81468281854,0.332850719684,5,403
451,1,2.87632781757,,8,0.02002002002,0,-0.712841068626,0.0148510234528,5,200
452,1,10.2538883189,8.0,20,0.021021021021,0,1.48075733993,0.811616299083,5,860
453,1,3.68582165587,3.0,4,0.019019019019,1,-0.469225222939,0.0934973246857,5,144
454,1,1.63619201204,0.0,5,0.022022022022,0,-1.06701541353,-0.162761747377,5,197
455,1,2.5852161764,2.0,11,0.016016016016,0,-1.07119342441,0.798796449618,5,562
456,1,2.87259570569,1.0,4,0.021021021021,0,-0.968449283173,0.777943555208,5,199
457,1,6.8604557611,5.0,9,0.023023023023,0,0.638532595276,-0.0551420247244,5,473
458,1,3.17866104709,3.0,11,0.019019019019,0,-0.776095568467,0.506947752494,5,648
459,1,6.26322138701,6.0,8,0.02002002002,0,0.238724679774,0.547047347693,5,496
460,1,10.0893821594,5.0,16,0.018018018018,0,1.6506994996,0.137283660623,5,753
461,1,7.85195034771,7.0,16,0.021021021021,0,0.727993037307,0.667971235786,5,716
462,1,8.48121303168,8.0,11,0.019019019019,0,1.01742230633,0.428946112692,5,671
463,1,4.40469588245,4.0,6,0.02002002002,0,-0.154050958318,-0.133151242599,5,474
464,1,5.13588726119,4.0,8,0.019019019019,0,-0.366805600458,1.23630406256,5,634
465,1,5.46203016952,5.0,10,0.018018018018,0,0.299387112916,-0.436131169227,5,640
466,1,5.28892332563,5.0,15,0.017017017017,0,0.409114935958,-0.938421482241,5,765
467,1,5.6352639257,1.0,19,0.019019019019,0,0.390626149357,-0.536614522376,5,966
468,1,6.79330093918,5.0,11,0.018018018018,0,0.180964567744,1.25040723595,5,666
469,1,-1.8283478265,,0,0.021021021021,1,-2.41315828578,0.411127030833,5,14
470,1,5.2679069722,4.0,19,0.02002002002,0,0.0748646959934,0.0433128842236,5,841
471,1,3.80688443009,3.0,5,0.02002002002,0,-0.539927844101,0.42666796239,5,605
472,1,6.6334402921,1.0,16,0.02002002002,0,0.370172714699,0.522922148001,5,736
473,1,1.15481758661,1.0,3,0.02002002002,0,-1.15723068876,-0.373490347112,5,405
474,1,6.91867214557,1.0,13,0.019019019019,0,0.517480239714,0.366231426424,5,682
475,1,4.71050305854,3.0,11,0.02002002002,0,-0.211291991941,0.344379034358,5,681
476,1,5.37829413505,1.0,11,0.021021021021,0,0.115709073185,0.031166915499,5,612
477,1,9.12290891489,5.0,10,0.022022022022,0,1.60011403597,-0.677433193028,5,602
478,1,2.25355396634,1.0,7,0.019019019019,0,-0.720915922723,-0.583698265489,5,514
479,1,1.60118165563,1.0,2,0.02002002002,1,-1.4009809455,0.804124492126,5,359
480,1,9.60128810656,4.0,11,0.017017017017,0,1.61584420076,-0.246244495717,5,614
481,1,6.37757441443,0.0,14,0.018018018018,0,0.565425802449,-0.318702992916,5,723
482,1,6.72982117925,6.0,19,0.019019019019,0,0.74538086965,-0.506321429696,5,914
483,1,2.00294176306,0.0,3,0.021021021021,0,-1.17149277015,0.517420073519,5,377
484,1,3.2908009904,1.0,20,0.021021021021,0,-0.676136738826,0.319211206884,5,810
485,1,1.7576241546,0.0,6,0.019019019019,0,-0.988744346251,-0.276142806644,5,430
486,1,4.57747602722,3.0,6,0.021021021021,0,0.0468568025388,-0.563094380398,5,378
487,1,4.55595797995,0.0,9,0.02002002002,0,0.125895621177,-0.821728883579,5,441
488,1,1.11400504382,1.0,2,0.022022022022,1,-1.21276819579,-0.247690368823,5,368
489,1,0.642665476222,0.0,10,0.02002002002,0,-1.21624955051,-0.708585872247,5,577
490,1,4.03298245503,0.0,16,0.021021021021,0,-0.0356931223768,-0.859938177843,5,756
491,1,6.96021949622,3.0,18,0.024024024024,0,0.419645531436,0.701282901914,5,764
492,1,7.54842093595,4.0,13,0.021021021021,0,0.854291621135,-0.0144539274505,5,704
493,1,1.89586940472,1.0,4,0.02002002002,0,-1.0365398482,0.00548894932267,5,410
494,1,1.26434556812,1.0,2,0.019019019019,1,-1.03183283991,-0.640155912148,5,267
495,1,9.08048700948,2.0,19,0.021021021021,0,1.28849823283,0.214992310999,5,797
496,1,5.30889495682,3.0,18,0.019019019019,0,0.030178439669,0.218359637811,5,897
497,1,4.06364657796,1.0,9,0.019019019019,0,-0.374516930493,0.187197369442,5,615
498,1,4.23604232963,1.0,5,0.02002002002,0,-0.247455260786,-0.0215918880106,5,434
499,1,4.74787832213,2.0,10,0.018018018018,0,0.33454508097,-1.25575692078,5,699
500,1,4.66676162778,2.0,18,0.019019019019,0,0.128161363289,-0.717722462088,5,940
501,1,-3.73032213582,,1,0.022022022022,0,-2.59848171586,-0.934876988237,5,57
502,1,7.34840674995,2.0,17,0.02002002002,0,0.908563288324,-0.377283115026,5,888
503,1,5.886859479,2.0,13,0.021021021021,0,0.511551014627,-0.64779356488,5,653
504,1,5.53263173788,5.0,7,0.02002002002,0,0.164391822116,0.0394562715328,5,463
505,1,5.73917699484,5.0,13,0.02002002002,0,0.0243112833775,0.666243144708,5,768
506,1,3.82077966491,3.0,4,0.019019019019,1,-0.106793595905,-0.85883954738,5,232
507,1,6.87566650253,6.0,7,0.02002002002,1,0.515567918252,0.328962747778,5,440
508,1,11.0199271164,11.0,17,0.02002002002,0,2.01474193122,-0.0242986772491,5,799
509,1,3.63060450895,1.0,8,0.02002002002,0,-0.578706975634,0.366725435847,5,533
510,1,9.14596922153,9.0,18,0.019019019019,0,1.3831649064,-0.00352549766537,5,925
511,1,-1.23782482015,,0,0.021021021021,1,-2.31595758641,0.710047939076,5,1
512,1,3.01239035089,2.0,4,0.02002002002,0,-0.430758600298,-0.695333848215,5,269
513,1,3.28145298427,1.0,12,0.023023023023,0,-0.417092199452,-0.467270417372,5,645
514,1,11.2110537516,9.0,17,0.019019019019,0,1.81256060343,0.773371941329,5,801
515,1,-2.45988774993,,1,0.02002002002,0,-2.33341886534,-0.459631153907,5,68
516,1,0.995922799169,,3,0.019019019019,0,-1.37617651125,0.124452332918,5,212
517,1,6.25788957505,6.0,13,0.022022022022,0,0.41980704896,-0.00153157183136,5,650
518,1,3.20744069352,2.0,6,0.019019019019,0,-0.641419600012,0.131699493556,5,380
519,1,7.26430912865,5.0,13,0.018018018018,0,0.860053944414,-0.31585270459,5,661
520,1,5.71255074074,1.0,8,0.02002002002,0,0.112917532659,0.373798142765,5,549
521,1,6.28164777251,3.0,16,0.021021021021,0,0.443827131815,-0.0498336229307,5,658
522,1,3.83171360149,2.0,5,0.019019019019,0,-0.0476997648731,-1.02518710389,5,399
523,1,9.66542682043,7.0,10,0.02002002002,0,1.43215109674,0.368973530206,5,641
524,1,4.42713773922,,21,0.021021021021,0,-0.0234743438254,-0.502439229301,5,981
525,1,8.31268640843,2.0,11,0.018018018018,0,0.947689819982,0.469616948485,5,646
526,1,7.07238213585,2.0,17,0.02002002002,0,0.961887616415,-0.813280713395,5,800
527,1,4.02808263798,3.0,17,0.02002002002,0,-0.552165728702,0.684579824081,5,812
528,1,4.61780917249,2.0,7,0.02002002002,0,-0.149252248178,0.0655659170275,5,426
529,1,3.73225748121,2.0,4,0.019019019019,0,-0.458657473996,0.108229903202,5,384
530,1,-0.437116019139,,1,0.022022022022,0,-1.79812529943,-0.0427401208444,5,87
531,1,7.31953899098,3.0,10,0.02002002002,0,0.848221091183,-0.225124282569,5,492
532,1,10.8351834713,9.0,12,0.02002002002,0,1.64233037918,0.908192333764,5,611
533,1,11.8491721479,10.0,15,0.019019019019,0,2.2754907146,0.0227000040885,5,660
534,1,10.1721576811,7.0,19,0.022022022022,0,1.70352832377,0.0615727098148,5,893
535,1,7.03707714624,5.0,15,0.021021021021,0,0.839325900748,-0.480900556008,5,623
536,1,4.14916638891,3.0,8,0.02002002002,0,-0.180371896005,-0.309717923074,5,400
537,1,-2.36217981228,,0,0.019019019019,1,-2.35785537035,-0.288613701228,5,11
538,1,4.08031171694,4.0,5,0.019019019019,1,-0.0480316883336,-0.775593218063,5,327
539,1,1.40342887582,1.0,2,0.016016016016,1,-1.00400598889,-0.584553157505,5,256
540,1,11.7170862116,5.0,15,0.019019019019,0,2.00066108371,0.715102960468,5,616
541,1,4.74200935494,1.0,11,0.021021021021,0,0.00387378722274,-0.269612006725,5,469
542,1,-0.696549107456,,1,0.021021021021,0,-1.74658685606,-0.456788539285,5,66
543,1,5.72084416086,,6,0.021021021021,0,0.1762951026,0.191958853057,5,280
544,1,5.94850693664,3.0,14,0.02002002002,0,0.388250502515,-0.216244570911,5,488
545,1,5.08859521456,3.0,9,0.021021021021,0,0.193039361724,-0.490522870608,5,344
546,1,5.16740451163,2.0,18,0.022022022022,0,0.193527603866,-0.41317829997,5,655
547,1,7.62264433539,5.0,11,0.022022022022,0,0.75328684719,0.362783793821,5,351
548,1,6.99870548696,1.0,16,0.018018018018,0,0.506631458562,0.478811111272,5,707
549,1,9.18720606535,3.0,13,0.02002002002,0,1.1199906272,0.827234183762,5,476
550,1,4.58377241157,2.0,9,0.021021021021,0,-0.305822656359,0.501240380649,5,375
551,1,5.25964655479,2.0,7,0.02002002002,0,0.132545378378,-0.137989580345,5,330
552,1,3.817584898,1.0,5,0.022022022022,0,-0.495946761518,0.305425182554,5,219
553,1,-1.26001216143,,0,0.019019019019,1,-1.9540566223,-0.397842294531,5,4
554,1,7.92649877479,2.0,8,0.021021021021,0,1.1329533251,-0.472361200497,5,338
555,1,4.47691158804,,20,0.02002002002,0,-0.0965813513904,-0.233344357791,5,899
556,1,10.753977905,7.0,12,0.02002002002,0,1.97849434866,-0.181505141022,5,379
557,1,3.38111573053,1.0,13,0.018018018018,0,-0.336758430175,-0.60860897895,5,367
558,1,3.3777520333,1.0,18,0.02002002002,0,-0.416173934862,-0.373726162115,5,838
559,1,2.7102525186,2.0,17,0.02002002002,0,-0.852436688466,0.267562583997,5,719
560,1,5.47125990151,2.0,8,0.021021021021,0,0.426745076642,-0.808975328419,5,240
561,1,6.66084768926,5.0,8,0.018018018018,0,0.579362157824,-0.0772387842111,5,293
562,1,-0.254916419609,,4,0.019019019019,0,-1.88861707285,0.41093479893,5,184
563,1,5.06420628935,2.0,14,0.02002002002,0,0.122734005529,-0.303995727237,5,366
564,1,4.89825438437,2.0,5,0.02002002002,0,0.13496520213,-0.506641222016,5,237
565,1,2.73231740011,,3,0.022022022022,0,-0.712391212182,-0.130508963346,5,135
566,1,4.4107799689,1.0,10,0.022022022022,0,-0.271587986171,0.225543927411,5,245
567,1,2.73077450522,1.0,4,0.02002002002,0,-0.717017889602,-0.118171825977,5,176
568,1,9.51534664669,0.0,14,0.02002002002,0,1.19620936484,0.926718552156,5,332
569,1,9.13331309263,3.0,12,0.018018018018,0,1.15687403522,0.662690986969,5,295
570,1,8.26766233079,3.0,18,0.018018018018,0,0.961183768047,0.384111026647,5,837
571,1,-1.93128600477,,0,0.019019019019,1,-2.51309558737,0.60800075734,5,5
572,1,4.59606941048,2.0,10,0.02002002002,0,-0.356670718263,0.666081565275,5,186
573,1,7.0163228232,6.0,13,0.021021021021,0,0.529275854788,0.428495258839,5,281
574,1,2.46445668651,2.0,3,0.018018018018,1,-0.69459909797,-0.451746019581,5,93
575,1,8.18884726734,4.0,13,0.02002002002,0,1.20946429816,-0.439545627128,5,292
576,1,0.344381097717,,8,0.02002002002,0,-1.47845677095,-0.220248589447,5,153
577,1,3.70891865703,2.0,15,0.02002002002,0,-0.636394776892,0.618102987708,5,369
578,1,1.12833375011,,3,0.018018018018,0,-1.3170109847,0.0793667042206,5,78
579,1,2.92137204076,,3,0.021021021021,0,-0.904799292112,0.6357699171,5,80
580,1,8.52570392992,2.0,11,0.019019019019,0,1.13909650327,0.108414420111,5,180
581,1,-3.04899388837,,1,0.02002002002,0,-2.70294350497,0.0598366265333,5,17
582,1,7.92650789092,1.0,18,0.02002002002,0,0.936905966554,0.115789991252,5,575
583,1,5.70328281903,,7,0.018018018018,0,0.135000905739,0.298280101812,5,125
584,1,0.0131404707582,,6,0.02002002002,0,-1.73764236191,0.226067556483,5,111
585,1,12.4858483584,0.0,16,0.02002002002,0,2.61940099623,-0.372354630302,5,363
586,1,1.26126943347,1.0,2,0.019019019019,1,-1.30466202007,0.17525549369,5,70
587,1,4.84040772989,4.0,9,0.019019019019,0,0.031628288561,-0.254477135795,5,177
588,1,8.21949740488,3.0,9,0.018018018018,0,1.07140330158,0.00528750013501,5,168
589,1,8.32098185994,6.0,10,0.018018018018,0,1.52781975823,-1.26247741473,5,159
590,1,6.64612927342,3.0,14,0.016016016016,0,0.483560416812,0.195448022988,5,407
591,1,1.81929175041,,3,0.019019019019,0,-1.38125087882,0.96304438686,5,59
592,1,6.12495182288,6.0,7,0.022022022022,1,0.250473071019,0.373532609822,5,123
593,1,4.17234325598,3.0,13,0.021021021021,0,-0.683101234213,1.22164695862,5,201
594,1,7.24165166272,6.0,15,0.02002002002,0,0.994979704831,-0.743287451776,5,243
595,1,4.33444242957,3.0,6,0.02002002002,0,-0.0945629567177,-0.38186870028,5,113
596,1,7.97381990298,,17,0.02002002002,0,1.30406545469,-0.938376461093,5,326
597,1,1.67615531192,,5,0.02002002002,0,-1.01443880547,-0.280528271679,5,43
598,1,6.11975523075,5.0,16,0.018018018018,0,0.359486604142,0.0412954183275,5,323
599,1,0.801021323714,,2,0.019019019019,0,-1.39078639912,-0.026619478926,5,22
600,1,2.21182044451,1.0,11,0.02002002002,0,-0.82631944168,-0.309221230451,5,207
601,1,-2.10036276364,,1,0.021021021021,0,-2.45186829545,0.255242122719,5,10
602,1,-1.02777630493,,0,0.017017017017,1,-1.92368617044,-0.256717793617,5,8
603,1,9.23769255502,,10,0.02002002002,0,1.35675641404,0.167423312892,5,161
604,1,6.37248424385,4.0,8,0.018018018018,0,0.30928805444,0.444620080531,5,146
605,1,3.86359649629,,19,0.021021021021,0,-0.42189006511,0.129266691618,5,710
606,1,2.02076390384,,3,0.02002002002,0,-1.26568308645,0.817813163193,5,33
607,1,4.6501309284,4.0,5,0.021021021021,1,-0.0878456970179,-0.0863319805437,5,103
608,1,4.08943103514,,5,0.017017017017,0,-0.176726975215,-0.380388039212,5,118
609,1,8.30680978849,5.0,11,0.021021021021,0,0.946757031753,0.466538693236,5,150
610,1,3.29684848833,,9,0.02002002002,0,-0.520828965949,-0.140664613819,5,147
611,1,8.44579517109,2.0,13,0.021021021021,0,1.34025934229,-0.574982855763,5,195
612,1,-2.34134252978,,4,0.018018018018,0,-2.53553167764,0.265252503132,5,90
613,1,6.46761807838,0.0,13,0.02002002002,0,0.49797807548,-0.0263161480635,5,202
614,1,1.10110171694,1.0,17,0.021021021021,0,-1.2768195349,-0.0684396783636,5,238
615,1,5.79113279763,5.0,12,0.018018018018,0,0.330020373965,-0.198928324262,5,216
616,1,1.21972980779,0.0,17,0.019019019019,0,-1.217489377,-0.127802061204,5,437
617,1,4.30049811601,,19,0.021021021021,0,0.0131419788873,-0.73892782065,5,737
618,1,4.17286673774,1.0,15,0.021021021021,0,-0.585787670698,0.930229749835,5,225
619,1,5.74499587385,5.0,8,0.02002002002,0,0.309701281098,-0.184107969442,5,116
620,1,0.343976818564,0.0,5,0.02002002002,0,-1.64641614306,0.283225247757,5,86
621,1,6.7603233199,,9,0.02002002002,0,0.715886814783,-0.387337124447,5,155
622,1,2.45217872945,,3,0.023023023023,0,-1.05439624443,0.615367462746,5,62
623,1,2.23455606449,0.0,4,0.019019019019,0,-0.749591937037,-0.516668124396,5,73
624,1,0.509486317612,0.0,1,0.022022022022,1,-1.2750245768,-0.665439951981,5,51
625,1,6.39165316108,5.0,11,0.02002002002,0,0.482664924187,-0.0563416114802,5,127
626,1,7.11839954607,7.0,18,0.022022022022,0,0.61915653837,0.260929930963,5,291
627,1,6.89734515,,18,0.019019019019,0,0.735085812744,-0.307912288237,5,417
628,1,1.4242216096,,3,0.02002002002,0,-1.25627551522,0.19304815525,5,56
629,1,3.82262072661,,8,0.024024024024,0,-0.399885360911,0.0222768093459,5,85
630,1,0.741125748317,,1,0.022022022022,0,-1.46364160943,0.132050576602,5,48
631,1,5.98913541214,0.0,9,0.019019019019,0,0.0831942319549,0.739552716274,5,100
632,1,5.03652697364,0.0,7,0.02002002002,0,-0.329977975557,1.02646090031,5,75
633,1,7.2342856895,6.0,16,0.019019019019,0,0.887783395217,-0.429064496151,5,191
634,1,6.95230649228,6.0,10,0.021021021021,0,0.486894342588,0.491623464518,5,99
635,1,8.02661574259,5.0,9,0.022022022022,0,1.20023230236,-0.574081164501,5,105
636,1,-0.968609942191,,1,0.018018018018,0,-1.61890570592,-1.11189282443,5,44
637,1,3.68243431561,,4,0.021021021021,0,-0.667398863998,0.684630907601,5,69
638,1,9.15357392219,8.0,10,0.02002002002,0,1.2352085836,0.447948171385,5,104
639,1,6.55225207927,6.0,15,0.02002002002,0,0.354510700789,0.488719976902,5,187
640,1,7.5771513937,0.0,10,0.021021021021,0,0.87711482784,-0.0541930898213,5,107
641,1,7.54343719878,2.0,18,0.022022022022,0,0.709611208239,0.414603574067,5,361
642,1,4.22190627656,1.0,5,0.019019019019,0,-0.383665896925,0.37290396734,5,91
643,1,4.08666389504,0.0,8,0.019019019019,0,-0.187665520574,-0.350339543236,5,108
644,1,0.175654391043,,1,0.021021021021,0,-1.71510506012,0.320969571388,5,12
645,1,5.52230839586,4.0,8,0.019019019019,0,0.191220469658,-0.0513530131098,5,117
646,1,11.4218301301,4.0,13,0.021021021021,0,2.13124727892,0.0280882933881,5,284
647,1,7.87767093465,3.0,9,0.02002002002,0,0.869070613942,0.270459092826,5,132
648,1,7.61881800254,7.0,12,0.02002002002,0,0.62638990956,0.739648273864,5,302
649,1,0.846938661252,,1,0.019019019019,0,-1.05432125812,-0.990097564395,5,38
650,1,3.5907649316,0.0,17,0.023023023023,0,-0.538239619632,0.205483790495,5,515
651,1,11.33905875,9.0,13,0.02002002002,0,1.93197999364,0.543118769084,5,385
652,1,5.64430721715,5.0,6,0.019019019019,1,0.260320707089,-0.136654904114,5,210
653,1,3.15232292391,3.0,6,0.021021021021,0,-0.72984693186,0.341863719492,5,192
654,1,5.88218775076,4.0,18,0.018018018018,0,0.614234652897,-0.960516207934,5,871
655,1,4.51057715155,1.0,11,0.02002002002,0,-0.349954450714,0.560440503689,5,414
656,1,9.04199883354,7.0,16,0.02002002002,0,1.24068569431,0.319941750605,5,572
657,1,7.00186937832,1.0,14,0.019019019019,0,0.712666820599,-0.13613108348,5,537
658,1,4.417541446,2.0,7,0.019019019019,0,-0.164615740305,-0.0886113330825,5,341
659,1,6.13437078011,3.0,8,0.02002002002,0,0.225288899507,0.458504081585,5,387
660,1,1.29084893498,1.0,4,0.019019019019,0,-1.31480717917,0.235270472498,5,244
661,1,8.5705559968,5.0,10,0.019019019019,0,1.16541429652,0.0743131072372,5,446
662,1,6.52089453925,4.0,8,0.018018018018,0,0.454240778673,0.158172203228,5,438
663,1,8.6530458229,4.0,12,0.022022022022,0,1.21347664136,0.0126158988121,5,456
664,1,6.38840967409,0.0,15,0.02002002002,0,0.21904615616,0.731271205609,5,582
665,1,6.31439298373,3.0,12,0.021021021021,0,0.240413750722,0.59315173156,5,498
666,1,5.3435751377,5.0,17,0.019019019019,0,0.131754452761,-0.0516882205823,5,778
667,1,1.7398260582,1.0,2,0.021021021021,1,-1.11835933006,0.0949040483908,5,227
668,1,-0.946282702627,,0,0.019019019019,1,-1.53497122057,-1.34136904091,5,6
669,1,6.81154263458,6.0,8,0.021021021021,0,0.51542770968,0.265259505543,5,393
670,1,3.70812235597,1.0,7,0.019019019019,0,-0.31891104472,-0.335144509874,5,453
671,1,10.2357653216,4.0,16,0.019019019019,0,1.58573685504,0.478554756503,5,956
672,1,3.24747655659,0.0,8,0.019019019019,0,-0.511087362604,-0.219261355595,5,613
673,1,1.91684130357,1.0,2,0.019019019019,1,-1.22908028779,0.604082166951,5,285
674,1,6.70569224964,3.0,11,0.021021021021,0,0.753480927304,-0.554750532269,5,740
675,1,14.0588710034,5.0,15,0.021021021021,0,2.87511481001,0.433526573323,5,875
676,1,1.99426227885,1.0,3,0.02002002002,0,-0.733889124413,-0.804070347907,5,271
677,1,9.80405030723,8.0,17,0.017017017017,0,1.44717095393,0.462537445438,5,971
678,1,4.57380234505,3.0,13,0.022022022022,0,-0.248774255499,0.320125111549,5,872
679,1,7.4190350934,5.0,17,0.019019019019,0,0.712056641732,0.282865168203,5,958
680,1,10.4469995314,3.0,14,0.02002002002,0,1.88436491747,-0.206095221005,5,920
681,1,12.044975,10.0,21,0.022022022022,0,2.25908753563,0.26771239308,5,961
682,1,7.06636907094,1.0,8,0.018018018018,0,0.787357587002,-0.295703690067,5,836
683,1,3.68133046109,1.0,5,0.02002002002,0,-0.281566755008,-0.473969273884,5,542
684,1,5.59562191979,4.0,16,0.019019019019,0,0.292366064866,-0.281476274813,5,952
685,1,4.98079466887,4.0,5,0.017017017017,1,-0.144286099568,0.413652967578,5,724
686,1,4.7205088535,4.0,8,0.018018018018,0,0.126246305555,-0.658230063165,5,794
687,1,6.74643224003,4.0,9,0.019019019019,0,0.471116102401,0.333083932831,5,846
688,1,1.92254640345,1.0,17,0.02002002002,0,-1.31781970051,0.876005504973,5,876
689,1,5.69076167084,2.0,10,0.019019019019,0,0.186159888164,0.13228200635,5,829
690,1,8.45773146001,7.0,17,0.021021021021,0,1.03994507103,0.337896246925,5,873
691,1,1.52265385232,1.0,2,0.02002002002,1,-1.08286639205,-0.22874697153,5,510
692,1,7.90569822539,1.0,16,0.02002002002,0,0.859981126899,0.325754844693,5,855
693,1,0.222072625356,0.0,5,0.019019019019,0,-1.68709587264,0.283360243268,5,703
694,1,4.25558544389,0.0,7,0.02002002002,0,-0.140698545827,-0.322318918626,5,566
695,1,4.91953711209,1.0,12,0.019019019019,0,-0.0284542009657,0.00489971498819,5,823
696,1,10.0165007463,9.0,11,0.019019019019,0,1.49764371734,0.523569594253,5,790
697,1,6.20844427699,1.0,7,0.019019019019,0,0.455960947801,-0.15943856641,5,589
698,1,2.48904680815,,3,0.02002002002,0,-1.03482215996,0.593513288023,5,276
699,1,12.447304979,4.0,19,0.021021021021,0,2.45181249034,0.091867507953,5,874
700,1,2.5401603656,0.0,3,0.02002002002,0,-0.765162369049,-0.164352527257,5,507
701,1,7.36765492128,3.0,18,0.021021021021,0,0.381559450849,1.22297656873,5,849
702,1,6.62470519217,1.0,13,0.02002002002,0,0.513000684847,0.0857031376323,5,762
703,1,3.34054955378,3.0,6,0.02002002002,0,-0.543844441329,-0.0279171222371,5,557
704,1,8.4429293107,8.0,13,0.02002002002,0,1.16849834766,-0.0625657322714,5,741
705,1,8.48818026103,8.0,21,0.021021021021,0,1.1442187005,0.0555241595176,5,892
706,1,1.58474924793,1.0,2,0.021021021021,1,-1.28179305973,0.430128427133,5,260
707,1,0.648472139958,0.0,1,0.022022022022,1,-1.37844476028,-0.216193579204,5,171
708,1,12.0874291233,10.0,19,0.021021021021,0,2.1481404711,0.643007710014,5,816
709,1,5.05551050392,1.0,8,0.021021021021,0,0.258460656243,-0.719871464807,5,520
710,1,2.72872058593,2.0,12,0.02002002002,0,-0.709846882005,-0.141738768055,5,609
711,1,5.716822895,3.0,8,0.019019019019,0,0.500163621893,-0.783667970685,5,571
712,1,1.07426522534,0.0,7,0.02002002002,0,-1.39048316151,0.245714709875,5,501
713,1,7.34907658468,2.0,14,0.02002002002,0,0.765062870042,0.0538879745577,5,633
714,1,3.42769031493,1.0,6,0.02002002002,0,-0.4292853465,-0.284453645571,5,303
715,1,6.42347316161,5.0,15,0.02002002002,0,0.645487784943,-0.512990193215,5,665
716,1,6.04424400702,2.0,7,0.018018018018,0,0.35657619209,-0.0254845692489,5,394
717,1,1.53462401786,1.0,6,0.019019019019,0,-1.10465690012,-0.15140528179,5,376
718,1,5.91375805142,1.0,10,0.022022022022,0,0.0950360318908,0.62864995575,5,459
719,1,3.68282654943,0.0,20,0.021021021021,0,-0.200807069072,-0.714752243356,5,854
720,1,0.538432621369,0.0,1,0.021021021021,1,-1.61254406683,0.376064821858,5,249
721,1,3.541036164,2.0,18,0.021021021021,0,-0.652252908894,0.49779489068,5,807
722,1,-1.4768558004,,0,0.018018018018,1,-2.16434780154,0.0161876042338,5,36
723,1,0.639181377159,0.0,3,0.02002002002,0,-1.57211038806,0.355512541325,5,248
724,1,6.10796077855,1.0,8,0.018018018018,0,0.634231403249,-0.794733431196,5,439
725,1,7.22734235311,4.0,22,0.022022022022,0,0.844673199842,-0.30667724642,5,978
726,1,5.9072872238,2.0,6,0.019019019019,0,0.676009661835,-1.1207417617,5,383
727,1,5.37776078458,2.0,12,0.019019019019,0,0.145501046083,-0.0587423536706,5,714
728,1,3.94999934783,3.0,5,0.019019019019,0,-0.158248404184,-0.57525543962,5,389
729,1,2.68739536848,0.0,4,0.021021021021,0,-0.743160024171,-0.0831245590067,5,311
730,1,5.89089737281,1.0,8,0.024024024024,0,0.142180389505,0.464356204292,5,465
731,1,5.57594608619,1.0,18,0.021021021021,0,0.361331029092,-0.508047001083,5,822
732,1,1.67577970925,1.0,19,0.02002002002,0,-1.0876545983,-0.0612564958422,5,976
733,1,6.96164895784,5.0,16,0.022022022022,0,0.763831853859,-0.32984660374,5,767
734,1,6.58352598936,1.0,10,0.019019019019,0,0.624109260166,-0.288801791139,5,584
735,1,3.12380508068,1.0,7,0.021021021021,0,-0.778636003223,0.459713090354,5,543
736,1,5.04920895009,4.0,7,0.022022022022,0,-0.0905783752761,0.320944075921,5,443
737,1,4.41153845251,3.0,19,0.02002002002,0,-0.562120599355,1.09790025058,5,881
738,1,6.11421845198,,10,0.02002002002,0,0.640451932166,-0.807137344519,5,581
739,1,8.32388624617,1.0,16,0.018018018018,0,1.1898833019,-0.245763659534,5,772
740,1,6.3106639792,2.0,7,0.021021021021,0,0.136479852553,0.901224421542,5,518
741,1,4.89947636857,2.0,13,0.019019019019,0,0.266428564082,-0.89980932368,5,779
742,1,5.53716535272,3.0,9,0.02002002002,0,0.0139638559228,0.49527378495,5,560
743,1,10.703842846,5.0,14,0.018018018018,0,1.69626947768,0.615034412958,5,750
744,1,0.830952091968,0.0,1,0.02002002002,1,-1.61639007493,0.680122316761,5,252
745,1,8.77841986726,3.0,13,0.021021021021,0,1.26953028103,-0.0301709758471,5,594
746,1,2.42516715493,0.0,7,0.022022022022,0,-0.740651175177,-0.352879319543,5,416
747,1,5.37148258463,3.0,14,0.019019019019,0,0.22106517543,-0.291712941659,5,735
748,1,4.80725000235,3.0,19,0.02002002002,0,-0.398940205656,1.00407061932,5,777
749,1,6.58385302124,1.0,11,0.02002002002,0,0.6215792256,-0.280884655556,5,462
750,1,3.77654331902,0.0,9,0.022022022022,0,-0.322239609185,-0.256737853428,5,412
751,1,1.29973762059,,3,0.02002002002,0,-1.00519275787,-0.684684105806,5,137
752,1,6.85771559696,6.0,10,0.02002002002,0,0.639682915101,-0.0613331483428,5,418
753,1,9.85894291423,6.0,12,0.02002002002,0,1.80971763159,-0.570209980524,5,448
754,1,6.58349970545,2.0,10,0.022022022022,0,0.812514065821,-0.854042492014,5,289
755,1,1.33733859665,,2,0.021021021021,0,-1.13503719637,-0.257549814223,5,110
756,1,5.58914999542,4.0,9,0.019019019019,0,0.221097262932,-0.0741417933797,5,266
757,1,2.05874723905,0.0,5,0.02002002002,0,-0.840231194997,-0.420559175957,5,151
758,1,-0.119073332053,,0,0.02002002002,1,-1.73186552339,0.0765232381189,5,28
759,1,10.0135811105,8.0,16,0.02002002002,0,1.84895692886,-0.533289676045,5,467
760,1,4.37920294552,2.0,5,0.02002002002,0,-0.431655215804,0.674168592931,5,160
761,1,3.76122381769,1.0,19,0.019019019019,0,-0.504519104027,0.274781129768,5,877
762,1,9.56518120024,0.0,16,0.018018018018,0,1.66550163813,-0.431323714158,5,622
763,1,7.69947755047,1.0,9,0.02002002002,0,0.72020841457,0.538852306766,5,217
764,1,3.46247706967,3.0,5,0.019019019019,0,-0.238328633482,-0.822537029886,5,163
765,1,8.66969661006,1.0,9,0.021021021021,0,1.43136962177,-0.624412255252,5,193
766,1,2.901980726,,3,0.019019019019,0,-0.417389441607,-0.845850949183,5,128
767,1,4.95921817304,2.0,15,0.019019019019,0,-0.0565854091907,0.128974400617,5,567
768,1,7.64040776668,1.0,16,0.021021021021,0,0.734504254736,0.436895002469,5,619
769,1,3.65928494918,0.0,11,0.019019019019,0,-0.663376038596,0.649413064967,5,319
770,1,5.5925545562,4.0,11,0.017017017017,0,0.330821906732,-0.399911163996,5,268
771,1,5.47381840316,5.0,6,0.019019019019,1,0.675336188478,-1.55219016227,5,145
772,1,4.57101778987,0.0,17,0.019019019019,0,0.115843632594,-0.776513107912,5,651
773,1,0.405285950189,0.0,1,0.02002002002,1,-1.3294939839,-0.606232098106,5,81
774,1,7.8132512632,7.0,9,0.019019019019,0,0.915981775298,0.0653059373092,5,164
775,1,4.22468345789,4.0,5,0.019019019019,1,0.137626915828,-1.18819728959,5,124
776,1,2.01550593311,0.0,4,0.018018018018,0,-0.772824247314,-0.666021324946,5,138
777,1,0.904431118946,,2,0.021021021021,0,-1.46385515863,0.295996594843,5,89
778,1,6.96801895215,3.0,20,0.02002002002,0,0.800365094813,-0.433076332287,5,808
779,1,1.62415967358,1.0,8,0.018018018018,0,-0.900745998866,-0.673602329824,5,170
780,1,3.65814493174,,4,0.016016016016,0,-0.347127013989,-0.300474026291,5,122
781,1,4.4090091763,2.0,14,0.019019019019,0,-0.0972731885834,-0.299171257955,5,257
782,1,5.16465241661,1.0,9,0.02002002002,0,0.0238970573348,0.0929612446085,5,182
783,1,4.67691203948,0.0,6,0.018018018018,0,0.0852181618448,-0.578742446051,5,148
784,1,3.40703859205,0.0,11,0.019019019019,0,-0.260604281348,-0.811148563908,5,250
785,1,7.49849278797,,9,0.021021021021,0,0.709993670633,0.36851177607,5,208
786,1,8.66033761024,0.0,9,0.019019019019,0,1.10718907325,0.338770390506,5,218
787,1,-0.0777827247057,,0,0.023023023023,1,-1.48838926185,-0.612614939152,5,49
788,1,3.85382108249,,4,0.023023023023,0,-0.423596014542,0.124609126119,5,112
789,1,4.31017715796,0.0,12,0.019019019019,0,-0.233374294486,0.0103000414207,5,374
790,1,2.95400521604,1.0,10,0.018018018018,0,-0.697492520182,0.0464827765805,5,381
791,1,8.53382484081,7.0,10,0.017017017017,0,1.08699620628,0.27283622198,5,415
792,1,5.8343007675,2.0,15,0.019019019019,0,0.0217137573082,0.769159495571,5,483
793,1,5.56177420971,5.0,20,0.023023023023,0,0.0422087723402,0.435147892685,5,693
794,1,1.62563522741,0.0,10,0.019019019019,0,-1.08306959761,-0.125155979753,5,413
795,1,5.25976125024,3.0,8,0.02002002002,0,0.105170778104,-0.0557510840692,5,358
796,1,-1.50257537068,,1,0.02002002002,0,-2.09546387122,-0.216183757013,5,79
797,1,2.36099579161,2.0,7,0.017017017017,0,-1.01722527421,0.412671614224,5,420
798,1,5.2392694685,3.0,13,0.02002002002,0,0.336328923332,-0.769717301498,5,535
799,1,7.5290043276,4.0,17,0.02002002002,0,0.786290298263,0.170133432812,5,618
800,1,12.1768268691,5.0,13,0.021021021021,0,2.28776744839,0.313524523945,5,552
801,1,6.34860689101,3.0,8,0.02002002002,0,0.50090429649,-0.154105998461,5,433
802,1,3.9073938306,1.0,4,0.022022022022,0,-0.358679529114,-0.0165675820588,5,334
803,1,10.7378412294,9.0,12,0.021021021021,0,2.04387295267,-0.393777628604,5,597
804,1,1.22277792139,0.0,3,0.017017017017,0,-1.28076852169,0.0650834864592,5,328
805,1,2.83693797404,1.0,3,0.021021021021,0,-0.865151358056,0.432392048209,5,179
806,1,7.19602642566,4.0,14,0.021021021021,0,0.563159641865,0.506547500064,5,599
807,1,9.5513630366,6.0,17,0.02002002002,0,1.40234184618,0.344337498053,5,668
808,1,7.73294385807,1.0,12,0.019019019019,0,0.824045854162,0.260806295581,5,598
809,1,5.99750510609,2.0,21,0.022022022022,0,0.0741872328243,0.774943407615,5,909
810,1,3.46961505038,2.0,18,0.021021021021,0,-0.470800617433,-0.117983097319,5,824
811,1,1.51565849357,,3,0.021021021021,0,-1.14956831227,-0.0356365696294,5,60
812,1,4.9019742662,3.0,22,0.022022022022,0,-0.0937811036393,0.183317577121,5,1000
813,1,9.2716773271,3.0,14,0.02002002002,0,1.4070302955,0.0505864405938,5,628
814,1,7.79579153225,4.0,12,0.02002002002,0,0.705546330835,0.679152539742,5,586
815,1,-2.01227674971,,0,0.019019019019,1,-2.24488960903,-0.277607922627,5,9
816,1,-3.31565002619,,1,0.02002002002,0,-2.84184569925,0.209887071563,5,15
817,1,5.38285101991,4.0,9,0.02002002002,0,0.184336811859,-0.170159415662,5,528
818,1,9.29573702144,8.0,15,0.019019019019,0,1.4533163843,-0.0642121314633,5,796
819,1,8.36048887635,7.0,13,0.02002002002,0,1.22757740883,-0.322243350151,5,690
820,1,5.98612963843,3.0,6,0.019019019019,0,0.304849425789,0.0715813610581,5,429
821,1,4.67346381735,0.0,8,0.022022022022,0,0.00257876948736,-0.334272491113,5,307
822,1,6.64694031712,5.0,7,0.022022022022,0,0.358643970898,0.57100840443,5,478
823,1,11.1523914322,9.0,12,0.02002002002,0,1.94612825815,0.314006657718,5,574
824,1,6.42675680052,4.0,9,0.018018018018,0,0.475404249526,0.000544051946523,5,526
825,1,6.13729188159,6.0,18,0.021021021021,0,0.263983898864,0.345340184993,5,783
826,1,0.478152463298,0.0,1,0.021021021021,1,-1.27145470975,-0.707483407466,5,18
827,1,7.62098552122,4.0,18,0.019019019019,0,0.868794371646,0.0146024062809,5,802
828,1,5.59978458194,5.0,21,0.021021021021,0,0.211287558988,-0.0340780950208,5,817
829,1,7.29800229195,2.0,12,0.019019019019,0,0.77317617164,-0.0215262229751,5,534
830,1,1.32795775259,1.0,3,0.022022022022,0,-1.13569831529,-0.264947301556,5,305
831,1,3.83324220916,2.0,8,0.02002002002,0,-0.436696098665,0.14333050516,5,481
832,1,5.87915006679,2.0,14,0.019019019019,0,0.280968360591,0.0362449850183,5,677
833,1,3.77010203861,1.0,9,0.021021021021,0,-0.385976005783,-0.0719699440406,5,442
834,1,1.75749573386,1.0,2,0.022022022022,1,-0.938568011607,-0.426800231315,5,165
835,1,6.1043444908,1.0,13,0.022022022022,0,0.162259098831,0.617567194312,5,500
836,1,4.34494651264,1.0,5,0.017017017017,0,-0.0666608557047,-0.45507092025,5,419
837,1,3.35665036735,0.0,11,0.02002002002,0,-0.680734075458,0.398852593719,5,491
838,1,10.0784661503,0.0,16,0.02002002002,0,1.71374120775,-0.0627574729403,5,698
839,1,6.85732300715,4.0,7,0.021021021021,0,0.658769736812,-0.118986203288,5,321
840,1,4.81260330511,0.0,7,0.02002002002,0,-0.167024726795,0.313677485491,5,324
841,1,6.76430184554,3.0,18,0.019019019019,0,0.618693776782,-0.0917794848061,5,720
842,1,0.724028920914,0.0,5,0.018018018018,0,-1.23871586693,-0.559823478287,5,299
843,1,7.47313189226,0.0,8,0.022022022022,0,0.549104031237,0.825819798545,5,304
844,1,7.50523405742,2.0,16,0.02002002002,0,0.886586789397,-0.154526310769,5,600
845,1,2.40208411534,1.0,13,0.021021021021,0,-0.794430612939,-0.214624045845,5,457
846,1,5.52028000374,2.0,19,0.019019019019,0,-0.0203022398462,0.581186723278,5,819
847,1,3.47725631799,2.0,13,0.021021021021,0,-0.590219108157,0.247913642462,5,408
848,1,4.89952338091,1.0,6,0.018018018018,0,-0.106946103388,0.220361691077,5,294
849,1,0.896885637356,0.0,4,0.022022022022,0,-1.33244602923,-0.105776274949,5,213
850,1,1.39503184354,0.0,2,0.023023023023,0,-1.27303692458,0.214142617293,5,101
851,1,5.84406157841,2.0,12,0.018018018018,0,0.142021025617,0.417998501561,5,406
852,1,2.86193104385,1.0,5,0.02002002002,0,-0.480469298791,-0.696661059772,5,279
853,1,7.93749279087,2.0,8,0.022022022022,0,0.679887631365,0.897829896778,5,286
854,1,-1.38170590988,,0,0.02002002002,1,-1.77181241704,-1.06626865875,5,26
855,1,7.80712369187,1.0,17,0.023023023023,0,0.959424416115,-0.0711495564746,5,365
856,1,5.70942807352,2.0,12,0.019019019019,0,-0.0490708028467,0.85664048206,5,340
857,1,8.76980940333,1.0,17,0.022022022022,0,1.40484480252,-0.444725004239,5,493
858,1,7.05475855484,6.0,10,0.018018018018,0,0.509633461914,0.525858169103,5,298
859,1,3.96536305025,2.0,4,0.019019019019,0,-0.399823080446,0.164832291591,5,236
860,1,5.17547279909,5.0,6,0.023023023023,1,0.137452993308,-0.236886180832,5,262
861,1,3.64035786629,2.0,11,0.019019019019,0,-0.636430467433,0.549649268589,5,348
862,1,3.88260159311,1.0,4,0.02002002002,0,-0.600506425879,0.684120870744,5,258
863,1,5.97358417971,1.0,7,0.019019019019,0,0.193020533722,0.394522578547,5,336
864,1,4.54805689587,2.0,7,0.019019019019,0,0.004413009593,-0.46518213291,5,290
865,1,1.5317112024,1.0,2,0.021021021021,1,-1.10343144507,-0.157994462406,5,220
866,1,8.36433349897,2.0,14,0.02002002002,0,1.43783092118,-0.949159264574,5,532
867,1,6.02812873519,5.0,17,0.021021021021,0,0.247724363593,0.284955644415,5,587
868,1,5.18926231245,0.0,14,0.019019019019,0,0.0301824122297,0.098715075762,5,590
869,1,3.87793068023,,20,0.021021021021,0,-0.32718106249,-0.1405261323,5,770
870,1,3.97633014843,2.0,5,0.022022022022,0,-0.121148535125,-0.660224246196,5,306
871,1,3.50301860996,1.0,8,0.019019019019,0,-0.648879859863,0.449658189552,5,472
872,1,8.3037226491,6.0,13,0.019019019019,0,1.07761460573,0.0708788319097,5,639
873,1,5.76404844447,0.0,6,0.018018018018,0,0.0684890157633,0.558581397181,5,356
874,1,-1.57434652345,,1,0.021021021021,0,-2.35719800348,0.497247486988,5,96
875,1,4.66465780022,1.0,5,0.021021021021,0,-0.111568898328,-0.000635504796216,5,409
876,1,2.91823905461,,3,0.019019019019,0,-0.719613197739,0.0770786478211,5,349
877,1,3.61282614143,3.0,15,0.019019019019,0,-0.342304339263,-0.360260840785,5,731
878,1,5.9042848819,1.0,17,0.019019019019,0,0.462055443359,-0.481881448181,5,786
879,1,5.08771022468,3.0,6,0.018018018018,0,0.0581353168834,-0.0866957259683,5,579
880,1,2.59048745663,2.0,6,0.02002002002,0,-0.740462109149,-0.188126215923,5,495
881,1,5.29954932935,4.0,6,0.02002002002,0,-0.0137852259801,0.34090500729,5,503
882,1,1.93059159182,1.0,13,0.021021021021,0,-1.03564627733,0.0375304238234,5,771
883,1,10.7085992049,1.0,14,0.019019019019,0,2.07072580334,-0.503578205162,5,863
884,1,3.78212965629,2.0,9,0.017017017017,0,-0.284420613115,-0.364608504365,5,776
885,1,4.28906135279,2.0,8,0.02002002002,0,-0.14788695729,-0.267277775336,5,721
886,1,4.50981036723,2.0,5,0.02002002002,0,-0.393957728633,0.691683553131,5,652
887,1,6.66678884715,6.0,11,0.018018018018,0,0.527694665111,0.0837048518168,5,869
888,1,8.70935606998,4.0,12,0.019019019019,0,1.41592235252,-0.538410987567,5,895
889,1,4.62406904538,2.0,7,0.018018018018,0,-0.111157013135,-0.0424599152144,5,733
890,1,2.56518862733,0.0,16,0.02002002002,0,-1.14964585422,1.01412618999,5,918
891,1,9.65502757495,7.0,15,0.017017017017,0,1.7931599827,-0.724452373152,5,964
892,1,3.87025062602,2.0,11,0.021021021021,0,-0.34440663514,-0.0965294685619,5,821
893,1,5.33458501453,1.0,17,0.021021021021,0,0.264591217246,-0.459188637209,5,938
894,1,3.32855389618,3.0,14,0.019019019019,0,-0.353090520208,-0.612174543198,5,911
895,1,2.63885583283,2.0,6,0.021021021021,0,-1.11322500145,0.978530837183,5,725
896,1,3.56356256933,0.0,15,0.022022022022,0,-0.462889802123,-0.047768024304,5,896
897,1,7.83916726007,0.0,19,0.02002002002,0,0.981830971378,-0.106325654065,5,969
898,1,3.63051386916,0.0,16,0.021021021021,0,-0.678866362803,0.667112957571,5,934
899,1,6.56893641826,1.0,9,0.019019019019,0,0.310477192615,0.637504840414,5,749
900,1,2.70769312292,1.0,4,0.021021021021,0,-0.695420766583,-0.206044577328,5,687
901,1,6.71088735787,6.0,20,0.02002002002,0,0.769864265019,-0.59870543719,5,991
902,1,7.41454693346,7.0,9,0.019019019019,0,0.76028496734,0.133692031438,5,785
903,1,4.8592293524,1.0,8,0.021021021021,0,-0.364106746796,0.951549592787,5,743
904,1,4.32382064325,0.0,10,0.018018018018,0,-0.0176909456575,-0.623106519773,5,848
905,1,3.16329706669,3.0,5,0.02002002002,0,-0.830085578321,0.653553801651,5,644
906,1,1.39797122587,0.0,2,0.019019019019,0,-0.847497901151,-1.05953507067,5,629
907,1,6.38453259327,0.0,17,0.019019019019,0,0.492482504205,-0.0929149193474,5,949
908,1,3.31992486101,2.0,18,0.021021021021,0,-0.599767306858,0.11922678158,5,851
909,1,5.43503698436,1.0,11,0.021021021021,0,0.0370848840731,0.323782332137,5,730
910,1,9.95166965807,0.0,16,0.02002002002,0,1.97721203603,-0.979966450029,5,788
911,1,4.69452605099,4.0,8,0.02002002002,0,0.00291165232163,-0.314208905977,5,705
912,1,2.52963832219,1.0,6,0.022022022022,0,-0.877988097504,0.163602614706,5,583
913,1,7.48215265526,0.0,14,0.019019019019,0,0.602622455301,0.674285289361,5,815
914,1,1.58298714747,1.0,16,0.022022022022,0,-0.910328451031,-0.686027499435,5,780
915,1,3.18833882067,2.0,6,0.021021021021,0,-0.575818783387,-0.08420482917,5,601
916,1,4.73758898076,4.0,10,0.02002002002,0,-0.141203385301,0.161199136665,5,706
917,1,9.90971802064,8.0,13,0.021021021021,0,1.70657618913,-0.210010546747,5,708
918,1,1.00827967069,,2,0.019019019019,0,-0.988447782254,-1.02637698254,5,45
919,1,3.22776048373,3.0,6,0.019019019019,0,-0.490649624104,-0.300290643961,5,480
920,1,1.49067710237,1.0,3,0.021021021021,0,-1.52390592709,1.06239488365,5,275
921,1,4.58716235274,2.0,22,0.022022022022,0,-0.0619730774722,-0.226918414847,5,919
922,1,3.76250485254,1.0,4,0.021021021021,0,-0.205098411204,-0.622199913847,5,458
923,1,6.27681125715,4.0,14,0.02002002002,0,0.316999379038,0.325813120037,5,747
924,1,7.25784962554,6.0,11,0.021021021021,0,1.14958618281,-1.19090892289,5,673
925,1,3.99124139288,3.0,6,0.02002002002,0,-0.136801750774,-0.598353354793,5,593
926,1,7.09737403958,1.0,15,0.02002002002,0,0.678938733003,0.0605578405656,5,803
927,1,8.15020058599,7.0,10,0.019019019019,0,0.784502534071,0.796692983774,5,689
928,1,6.12318447215,5.0,15,0.018018018018,0,0.383520535881,-0.0273771354969,5,913
929,1,12.5383203638,12.0,14,0.021021021021,0,2.3402887734,0.517454043583,5,805
930,1,5.34443410926,0.0,6,0.02002002002,0,0.0291406212188,0.257012245606,5,636
931,1,1.21878481226,1.0,3,0.022022022022,0,-1.05258954238,-0.623446560605,5,551
932,1,8.0411098466,3.0,9,0.02002002002,0,1.15483960333,-0.423408963405,5,691
933,1,4.35644277374,2.0,7,0.021021021021,0,-0.344263089625,0.389232042613,5,663
934,1,1.50785891223,0.0,2,0.021021021021,0,-1.08601173168,-0.234105892737,5,300
935,1,6.09363896603,2.0,12,0.02002002002,0,0.460621014714,-0.288224078113,5,906
936,1,2.04962817686,2.0,23,0.025025025025,0,-1.20346279779,0.660016570241,5,955
937,1,9.12482334286,9.0,11,0.018018018018,0,1.1921016593,0.548518364961,5,927
938,1,0.319600983914,0.0,1,0.021021021021,1,-1.59285097029,0.0981538947895,5,255
939,1,13.0068282388,13.0,21,0.021021021021,0,2.86148161805,-0.577616615298,5,990
940,1,6.03713519529,3.0,13,0.02002002002,0,0.248766527283,0.290835613438,5,937
941,1,6.21344778974,6.0,12,0.018018018018,0,0.277751284018,0.38019393769,5,944
942,1,2.27293429312,2.0,4,0.02002002002,0,-1.00346416645,0.283326792468,5,773
943,1,7.04550594779,2.0,14,0.02002002002,0,0.807986031316,-0.378452146157,5,953
944,1,6.6405268062,5.0,9,0.02002002002,0,0.422856498987,0.371957309235,5,921
945,1,9.20485295273,2.0,13,0.019019019019,0,1.51132865282,-0.32913300574,5,954
946,1,9.44678706514,6.0,18,0.02002002002,0,1.52474383849,-0.12744445033,5,989
947,1,6.59498833581,6.0,19,0.022022022022,0,0.708244005828,-0.529743681675,5,975
948,1,10.3340422239,7.0,20,0.02002002002,0,1.91953405451,-0.424559939645,5,997
949,1,3.27946114128,3.0,5,0.02002002002,0,-0.833097908389,0.778754866445,5,903
950,1,5.80608550537,0.0,10,0.021021021021,0,0.352145496116,-0.250350982976,5,928
951,1,3.7123357776,2.0,6,0.022022022022,0,-0.338354258505,-0.272601446881,5,908
952,1,0.408452520638,0.0,6,0.019019019019,0,-1.68648478259,0.467906868405,5,910
953,1,2.48618729044,2.0,12,0.02002002002,0,-0.796609802231,-0.123983302868,5,935
954,1,8.97644115822,8.0,17,0.022022022022,0,1.21492999322,0.331651178557,5,962
955,1,6.93185506563,4.0,11,0.02002002002,0,0.546053788154,0.29369370117,5,922
956,1,4.5003759002,1.0,7,0.022022022022,0,-0.0314768837412,-0.405193448574,5,880
957,1,4.6015174786,4.0,6,0.021021021021,0,-0.200396694653,0.202707562559,5,879
958,1,9.86892986005,0.0,17,0.02002002002,0,1.53850147537,0.253425433936,5,963
959,1,5.27090269182,5.0,12,0.019019019019,0,0.199290432009,-0.32696860421,5,923
960,1,7.29745917162,0.0,19,0.019019019019,0,0.884252872437,-0.355299445697,5,984
961,1,7.51652858831,7.0,16,0.018018018018,0,0.856663352917,-0.0534614704357,5,970
962,1,6.14493074087,2.0,9,0.019019019019,0,0.210751522011,0.512676174834,5,842
963,1,7.84023255634,5.0,12,0.022022022022,0,0.905690507904,0.12316103263,5,864
964,1,11.816445435,10.0,20,0.021021021021,0,2.24686040516,0.075864219565,5,974
965,1,4.6625742902,2.0,5,0.021021021021,0,-0.199707733649,0.261697491147,5,517
966,1,5.81161944896,2.0,7,0.02002002002,0,0.291048900717,-0.0615272531942,5,664
967,1,4.02150968734,2.0,12,0.021021021021,0,-0.170260133029,-0.46770991357,5,857
968,1,6.08562446595,4.0,7,0.02002002002,0,0.553265345219,-0.574171569709,5,617
969,1,9.04636284038,8.0,12,0.02002002002,0,1.30841784685,0.121109299846,5,809
970,1,7.73818967415,5.0,10,0.023023023023,0,1.05994757862,-0.441653061707,5,620
971,1,6.72171473572,5.0,9,0.021021021021,0,0.863668717532,-0.869291416876,5,595
972,1,2.04990546587,0.0,3,0.017017017017,0,-0.936443798365,-0.140763139031,5,312
973,1,6.70248474784,6.0,7,0.021021021021,1,0.580403330633,-0.0387252440596,5,391
974,1,6.06213468418,1.0,20,0.021021021021,0,-0.121473559899,1.42655536388,5,924
975,1,0.83767135807,0.0,2,0.023023023023,0,-1.43039125897,0.12884513499,5,221
976,1,7.84494866475,7.0,15,0.02002002002,0,0.898902178469,0.148242129345,5,761
977,1,4.36436072929,3.0,10,0.019019019019,0,-0.255724373841,0.131533850808,5,546
978,1,7.4967624546,5.0,14,0.019019019019,0,0.659543758827,0.518131178123,5,702
979,1,2.18322018077,0.0,9,0.02002002002,0,-0.798518565041,-0.421224124102,5,316
980,1,3.77481539795,0.0,4,0.02002002002,0,-0.369583106876,-0.116435281424,5,229
981,1,7.5891620378,1.0,13,0.02002002002,0,0.426640733116,1.30923983845,5,487
982,1,0.698970591921,,2,0.019019019019,0,-1.31349588585,-0.360541750519,5,183
983,1,6.69100413469,4.0,14,0.021021021021,0,0.567356198474,-0.0110644607287,5,610
984,1,6.62205446829,2.0,12,0.019019019019,0,0.473442185357,0.201727912219,5,329
985,1,5.53331075004,0.0,19,0.019019019019,0,0.231478315134,-0.161124195358,5,813
986,1,11.3261598009,4.0,14,0.023023023023,0,1.95036144143,0.47507547662,5,317
987,1,2.93665382824,2.0,10,0.021021021021,0,-0.932658914865,0.734630572831,5,301
988,1,3.52071610155,3.0,4,0.021021021021,1,-0.244612190544,-0.745447326816,5,129
989,1,8.25997844762,2.0,12,0.022022022022,0,0.785806302029,0.902559541539,5,261
990,1,2.38364248582,2.0,8,0.022022022022,0,-0.978857298931,0.320214382609,5,228
991,1,8.92983099278,1.0,19,0.019019019019,0,1.16407039364,0.437619811873,5,696
992,1,-3.82825202456,,3,0.022022022022,0,-2.8385016679,-0.312747020865,5,84
993,1,8.60596337043,0.0,11,0.019019019019,0,1.45339591031,-0.754224360486,5,247
994,1,5.22614369699,0.0,8,0.021021021021,0,0.16035190715,-0.254912024457,5,194
995,1,6.41217094451,5.0,9,0.02002002002,0,0.450069143422,0.0619635142423,5,167
996,1,6.95266402184,6.0,11,0.022022022022,0,0.986336841681,-1.00634650321,5,230
997,1,1.44332933115,,2,0.02002002002,0,-1.25945152884,0.22168391766,5,47
998,1,4.7993150984,1.0,5,0.019019019019,0,0.00809292483274,-0.224963676102,5,119
999,1,5.8444339557,0.0,14,0.02002002002,0,0.170460977302,0.333051023795,5,309
