name,activated,threshold,before_activation_alters,after_activation_alters,degree,observed,var1,epsilon,constant,activation_order
0,1,5.74394289448,0.0,21.0,0.103103103103,0,0.311222954296,-0.189725968404,5,115
1,1,5.44416384218,2.0,6.0,0.0560560560561,0,0.201344013453,-0.159868198183,5,62
2,1,3.27721488845,3.0,11.0,0.045045045045,0,-0.229865698722,-1.03318801539,5,155
3,1,7.37636943645,5.0,37.0,0.0810810810811,0,0.763130714391,0.0869772932783,5,356
4,1,1.02640481303,1.0,29.0,0.113113113113,0,-1.44912786702,0.373788414101,5,163
5,1,2.02675137767,2.0,4.0,0.0870870870871,0,-0.966867965589,-0.0726447255607,5,54
6,1,7.08423177167,,12.0,0.116116116116,0,0.60372307558,0.273062544933,5,71
7,1,-3.23081757429,,18.0,0.107107107107,0,-2.68211789668,-0.184463884258,5,85
8,1,5.41048874844,,16.0,0.142142142142,0,0.342185274872,-0.616067076174,5,79
9,1,3.2306904568,3.0,4.0,0.0850850850851,1,-0.745406239096,0.466909174093,5,37
10,1,10.6933572582,1.0,20.0,0.109109109109,0,1.77352870783,0.372771134661,5,124
11,1,6.27712841798,,12.0,0.0880880880881,0,0.356967825902,0.206224940274,5,84
12,1,6.22865496668,4.0,10.0,0.0600600600601,0,0.529344916997,-0.359379784315,5,92
13,1,2.13953146901,,28.0,0.0660660660661,0,-0.704379685172,-0.747329475474,5,294
14,1,8.25560103162,6.0,13.0,0.048048048048,0,1.09370956892,-0.0255276751512,5,197
15,1,9.04226062213,8.0,15.0,0.0530530530531,0,1.24729571346,0.300373481758,5,177
16,1,4.40538268194,4.0,28.0,0.0790790790791,0,-0.135580047139,-0.187877176642,5,332
17,1,8.89004259999,3.0,11.0,0.0670670670671,0,1.20738087094,0.26789998718,5,106
18,1,3.29004249009,2.0,8.0,0.035035035035,0,-0.363143072007,-0.620528293895,5,122
19,1,0.540725388424,,1.0,0.04004004004,0,-1.60135421716,0.344788039909,5,20
20,1,3.70995360494,3.0,5.0,0.038038038038,0,-0.247593834895,-0.547264890376,5,59
21,1,6.02588003551,4.0,8.0,0.037037037037,0,0.149882824122,0.576231563146,5,241
22,1,6.84404988568,0.0,8.0,0.035035035035,0,0.624134185733,-0.0283526715151,5,80
23,1,4.72117998671,3.0,5.0,0.042042042042,0,0.0114484401252,-0.313165333668,5,109
24,1,7.29154347929,6.0,13.0,0.021021021021,0,0.729619543963,0.102684847396,5,333
25,1,1.67308256826,1.0,5.0,0.0620620620621,0,-1.16052736919,0.154664675841,5,53
26,1,3.32361848156,,4.0,0.038038038038,0,-0.811941984412,0.759444434794,5,77
27,1,7.68506131639,6.0,15.0,0.038038038038,0,0.631009913519,0.792031575837,5,330
28,1,8.01249439596,3.0,11.0,0.029029029029,0,0.711982774054,0.876546073804,5,204
29,1,5.78987201782,4.0,6.0,0.00900900900901,0,0.238504991502,0.074357043312,5,331
30,1,3.18368703589,2.0,5.0,0.014014014014,0,-0.459685324863,-0.437256989518,5,216
31,1,3.34425481679,1.0,8.0,0.021021021021,0,-0.535081980165,-0.0504992427153,5,150
32,1,4.71790988026,,8.0,0.034034034034,0,-0.340494921183,0.73939464381,5,117
33,1,1.58127964897,1.0,3.0,0.028028028028,0,-0.888705246455,-0.752604611666,5,70
34,1,4.31841224577,4.0,12.0,0.041041041041,0,-0.366043988469,0.416544211176,5,212
35,1,6.05622686251,3.0,11.0,0.0630630630631,0,0.224656508021,0.382257338443,5,153
36,1,8.16448344723,8.0,10.0,0.0650650650651,0,1.09754435727,-0.128149624586,5,133
37,1,4.4171824014,3.0,8.0,0.03003003003,0,-0.213580952087,0.0579252576611,5,259
38,1,3.14514343865,3.0,7.0,0.014014014014,0,-0.249922121309,-1.10509019742,5,171
39,1,7.6072170736,7.0,10.0,0.038038038038,0,1.15504893375,-0.857929727654,5,252
40,1,8.55388123341,6.0,11.0,0.037037037037,0,1.03758130054,0.441137331775,5,251
41,1,4.20770837906,2.0,21.0,0.0680680680681,0,-0.0915309120702,-0.517698884725,5,254
42,1,5.94866287733,2.0,13.0,0.034034034034,0,0.121937529545,0.582850288701,5,160
43,1,0.0227078851327,,11.0,0.044044044044,0,-1.95382320519,0.884177500695,5,110
44,1,11.7800192764,6.0,19.0,0.031031031031,0,2.17402964394,0.257930344577,5,573
45,1,3.40937455164,0.0,11.0,0.034034034034,0,-0.713955651427,0.551241505917,5,285
46,1,2.59299542053,2.0,3.0,0.033033033033,1,-0.628979800431,-0.52006517818,5,51
47,1,8.83662070415,0.0,20.0,0.0630630630631,0,1.15661922359,0.366763033387,5,236
48,1,2.75800108344,0.0,6.0,0.018018018018,0,-0.925476697374,0.53443117556,5,219
49,1,5.55564471122,2.0,12.0,0.021021021021,0,0.32321484267,-0.413999816786,5,613
50,1,9.43601647038,0.0,10.0,0.022022022022,0,1.61536538311,-0.41007967895,5,510
51,1,7.11797579677,7.0,9.0,0.02002002002,0,0.704664435008,0.00398249174158,5,341
52,1,7.08640106565,4.0,10.0,0.02002002002,0,0.587503685961,0.323890007764,5,349
53,1,5.84879869719,1.0,13.0,0.03003003003,0,0.361507268994,-0.23572310979,5,193
54,1,1.37136493124,,3.0,0.022022022022,0,-1.02651406912,-0.549092861386,5,47
55,1,-2.98278466809,,1.0,0.028028028028,0,-2.45633231396,-0.613787726222,5,42
56,1,4.55164167962,2.0,11.0,0.025025025025,0,-0.254781797353,0.315987071677,5,457
57,1,11.4038353791,9.0,15.0,0.027027027027,0,1.98278618202,0.455476833093,5,503
58,1,1.31837658137,0.0,10.0,0.03003003003,0,-1.26637257368,0.117494302407,5,292
59,1,5.54288540787,5.0,8.0,0.03003003003,0,0.197427216107,-0.0493962404493,5,244
60,1,2.79087560985,0.0,3.0,0.017017017017,0,-0.450637784937,-0.857211035339,5,111
61,1,0.969241303863,0.0,6.0,0.014014014014,0,-1.62256418916,0.836933871346,5,202
62,1,7.41671016681,3.0,10.0,0.014014014014,0,0.636523531828,0.507139571324,5,470
63,1,5.03000677713,5.0,7.0,0.02002002002,0,-0.374249385451,1.15275493349,5,211
64,1,2.18599889777,2.0,10.0,0.029029029029,0,-0.714869313447,-0.669393161886,5,268
65,1,-0.334103923368,,2.0,0.026026026026,0,-1.77209382511,-0.0178224480369,5,96
66,1,6.57459402652,,13.0,0.036036036036,0,0.735279783158,-0.631245322955,5,323
67,1,8.09491653076,5.0,15.0,0.033033033033,0,1.18737277728,-0.467201801081,5,473
68,1,3.8591664502,2.0,5.0,0.029029029029,0,-0.582246784852,0.605906804751,5,149
69,1,5.31036587344,5.0,10.0,0.025025025025,0,0.40030451305,-0.890547665713,5,367
70,1,1.81434940474,,2.0,0.037037037037,0,-1.1084356002,0.139656205331,5,34
71,1,-1.61703208803,,1.0,0.027027027027,0,-1.9993364284,-0.619022802823,5,66
72,1,0.16737094512,0.0,1.0,0.028028028028,1,-1.622855602,0.0359377511123,5,48
73,1,2.56555900856,2.0,4.0,0.018018018018,0,-0.922075558021,0.331785682622,5,104
74,1,2.98017168396,1.0,3.0,0.021021021021,0,-0.568707093988,-0.313707034077,5,76
75,1,1.73206875933,,2.0,0.022022022022,0,-0.802978310724,-0.8589963085,5,36
76,1,5.02821050335,1.0,7.0,0.03003003003,0,-0.00846952680124,0.0536190837543,5,159
77,1,6.77308610643,1.0,15.0,0.027027027027,0,0.532299316694,0.176188156345,5,462
78,1,2.16244150433,0.0,6.0,0.014014014014,0,-0.970923983882,0.0752134559785,5,246
79,1,3.08491356993,2.0,5.0,0.037037037037,0,-0.686387378878,0.144075706563,5,95
80,1,5.79368397022,3.0,8.0,0.018018018018,0,0.516736921251,-0.75652679353,5,374
81,1,6.7820196319,3.0,12.0,0.03003003003,0,0.57222711349,0.065338291428,5,293
82,1,3.95009549216,1.0,10.0,0.015015015015,0,-0.148011775116,-0.605869182489,5,505
83,1,3.22426790025,1.0,5.0,0.022022022022,0,-0.242822068709,-1.04726589362,5,129
84,1,10.1598909932,0.0,13.0,0.019019019019,0,1.6416920858,0.234814735823,5,586
85,1,3.45418266165,2.0,8.0,0.013013013013,0,-0.769630102956,0.763072970516,5,360
86,1,2.14510660894,,7.0,0.022022022022,0,-0.784842354491,-0.500366327592,5,310
87,1,4.65403381983,2.0,5.0,0.018018018018,0,-0.0335175937592,-0.245413398897,5,121
88,1,6.45638307257,3.0,12.0,0.03003003003,0,0.486958819759,-0.00449338670824,5,368
89,1,7.0375328439,2.0,10.0,0.024024024024,0,0.859837039209,-0.541978273731,5,501
90,1,9.30299777877,4.0,13.0,0.021021021021,0,1.42512076966,0.0276354697858,5,199
91,1,8.76469468294,8.0,12.0,0.017017017017,0,1.24475651148,0.0304251485066,5,426
92,1,-3.35182128721,,0.0,0.01001001001,1,-2.66789278955,-0.348142918575,5,26
93,1,6.24021354245,0.0,9.0,0.011011011011,0,0.568622418704,-0.465653713668,5,347
94,1,2.41131954622,2.0,7.0,0.019019019019,0,-0.915450688759,0.157671612493,5,239
95,1,4.89630893507,3.0,9.0,0.015015015015,0,-0.210418040198,0.527563055667,5,245
96,1,8.95790815922,4.0,13.0,0.034034034034,0,1.38876031669,-0.20837279085,5,282
97,1,2.58896322065,0.0,3.0,0.024024024024,0,-0.694086997223,-0.328775787683,5,97
98,1,4.83111653311,3.0,6.0,0.014014014014,0,0.281458808207,-1.01325989151,5,227
99,1,-0.440265463113,,0.0,0.018018018018,1,-1.81703812765,0.0108489198441,5,43
100,1,2.95063366361,1.0,4.0,0.022022022022,0,-0.685246373139,0.00637278302955,5,169
101,1,5.07378595229,5.0,10.0,0.022022022022,0,0.199187439561,-0.523776366396,5,272
102,1,6.77674764427,2.0,9.0,0.032032032032,0,0.593505516877,-0.00376890636525,5,108
103,1,-0.117290930757,,3.0,0.018018018018,0,-1.64612350276,-0.178920422478,5,40
104,1,2.21223631765,0.0,6.0,0.016016016016,0,-0.705915422834,-0.670017413846,5,247
105,1,0.946934406252,0.0,2.0,0.018018018018,0,-1.30077635198,-0.150736537796,5,116
106,1,8.63859798758,8.0,9.0,0.015015015015,1,1.02437922286,0.565460319019,5,552
107,1,2.59036336788,1.0,3.0,0.023023023023,0,-0.650514941716,-0.458091806977,5,113
108,1,5.30571048046,4.0,7.0,0.018018018018,0,0.0325641193129,0.208018122521,5,281
109,1,1.45827004318,,2.0,0.029029029029,0,-1.15698452012,-0.0707763964725,5,24
110,1,3.08064559731,3.0,7.0,0.011011011011,0,-0.603961816345,-0.10746895366,5,154
111,1,3.27876259279,3.0,6.0,0.025025025025,0,-0.561188411734,-0.0376721720076,5,145
112,1,3.6887491834,3.0,14.0,0.028028028028,0,-0.440582553078,0.0104968426297,5,535
113,1,8.65693891372,6.0,16.0,0.025025025025,0,0.806614570225,1.23709520304,5,632
114,1,-1.42492384899,,0.0,0.017017017017,1,-1.95917343728,-0.547403537154,5,9
115,1,7.7744686457,6.0,8.0,0.01001001001,0,0.87709091821,0.143195891067,5,671
116,1,3.31862009604,1.0,5.0,0.015015015015,0,-0.716640262692,0.46854088412,5,132
117,1,4.4228492665,3.0,5.0,0.013013013013,0,-0.162568847068,-0.0894441922965,5,232
118,1,4.85410991424,1.0,8.0,0.018018018018,0,0.166905409003,-0.646606312772,5,250
119,1,4.31871046339,,6.0,0.013013013013,0,-0.217788907858,-0.027922813033,5,120
120,1,-0.118108659355,,1.0,0.021021021021,0,-1.43455774,-0.814435439358,5,32
121,1,3.64706281528,,4.0,0.017017017017,0,-0.46410374387,0.0393740468902,5,143
122,1,1.92273474432,,2.0,0.018018018018,0,-1.0200085626,-0.0172395678762,5,65
123,1,6.52886204239,2.0,10.0,0.014014014014,0,0.44985842816,0.17928675791,5,588
124,1,5.99668655925,4.0,7.0,0.017017017017,0,0.187779890247,0.433346888511,5,446
125,0,6.74195795713,6.0,,0.00600600600601,0,0.608944322893,-0.0848750115433,5,67
126,1,6.04616454457,0.0,7.0,0.013013013013,0,0.427203741985,-0.235446681387,5,357
127,1,6.5358732806,1.0,9.0,0.013013013013,0,0.546894952386,-0.104811576562,5,564
128,1,2.20557446308,,3.0,0.017017017017,0,-1.13160300483,0.600383477555,5,41
129,1,8.38473146787,5.0,10.0,0.014014014014,0,1.31788346037,-0.56891891323,5,585
130,0,8.71819495053,8.0,,0.00900900900901,0,1.22100490733,0.0551802285216,5,253
131,1,7.22696686336,3.0,8.0,0.016016016016,0,0.602271567959,0.420152159481,5,303
132,1,6.76325327769,3.0,11.0,0.015015015015,0,0.866352577875,-0.83580445593,5,533
133,1,7.56108881801,5.0,8.0,0.013013013013,0,0.618626998148,0.705207823565,5,290
134,1,3.92545402748,1.0,6.0,0.022022022022,0,-0.381735938587,0.0706618432389,5,176
135,1,0.0945049974481,0.0,8.0,0.026026026026,0,-1.68216602146,0.141003061834,5,300
136,0,9.87746110558,8.0,,0.014014014014,0,1.44480639532,0.54304191962,5,510
137,1,3.15060581006,2.0,11.0,0.02002002002,0,-0.476968991645,-0.418487215009,5,395
138,1,5.871142794,,6.0,0.00900900900901,0,0.292552554714,-0.00651487013743,5,429
139,0,9.17798445058,9.0,,0.012012012012,0,1.35216007231,0.121504233652,5,310
140,1,7.92810684343,0.0,11.0,0.015015015015,0,1.1809441921,-0.614725732877,5,508
141,1,3.27416424894,3.0,5.0,0.014014014014,0,-0.484381305326,-0.272691835084,5,348
142,1,7.62721921355,7.0,8.0,0.00900900900901,1,0.883715423827,-0.0239270579354,5,698
143,1,3.54992657922,3.0,10.0,0.022022022022,0,-0.386089189527,-0.291805852196,5,210
144,1,4.65485223225,3.0,9.0,0.015015015015,0,0.0105330430347,-0.376746896859,5,511
145,1,8.91124930025,7.0,9.0,0.02002002002,0,1.35222386662,-0.145422299598,5,377
146,1,8.81689658483,8.0,9.0,0.014014014014,1,1.40644323222,-0.40243311182,5,421
147,1,-0.729762597644,,0.0,0.017017017017,1,-1.78304270788,-0.380634473992,5,12
148,1,3.76726444224,,5.0,0.00700700700701,0,-0.687447643354,0.829607372302,5,222
149,1,8.61380696375,6.0,9.0,0.014014014014,0,1.4021829705,-0.592741947761,5,531
150,0,9.75985827976,7.0,,0.00900900900901,0,1.4034144928,0.549614801349,5,425
151,1,5.3314606581,1.0,8.0,0.015015015015,0,0.461504487654,-1.05305280487,5,382
152,1,-2.31488545099,,3.0,0.013013013013,0,-2.43866706081,0.00111573144614,5,52
153,1,6.33993746305,6.0,10.0,0.014014014014,0,0.353669096884,0.278930172404,5,600
154,1,1.6466521657,0.0,3.0,0.011011011011,0,-1.25387061067,0.4082639977,5,235
155,1,1.18815685163,,5.0,0.01001001001,0,-1.23657187283,-0.102127529876,5,262
156,1,-2.09125184984,,0.0,0.012012012012,1,-2.26811426891,-0.286909043122,5,17
157,1,7.11423556906,6.0,8.0,0.011011011011,0,0.768983099346,-0.192713728976,5,659
158,1,4.14036086692,4.0,5.0,0.012012012012,1,-0.174795091457,-0.335253858709,5,286
159,1,4.1569210155,1.0,5.0,0.00900900900901,0,-0.254660960921,-0.0790961017394,5,370
160,1,9.20372347243,9.0,10.0,0.019019019019,1,1.19076600229,0.631425465566,5,346
161,1,8.29098710645,7.0,9.0,0.011011011011,0,1.17915862054,-0.246488755185,5,579
162,1,3.16567291935,,4.0,0.012012012012,0,-0.812654959799,0.603637798746,5,134
163,1,8.49965910045,8.0,9.0,0.015015015015,1,1.1320543024,0.103496193249,5,648
164,1,5.93029605812,1.0,12.0,0.015015015015,0,0.0757088843627,0.703169405036,5,555
165,1,11.1590095593,11.0,12.0,0.013013013013,1,1.79439402155,0.775827494636,5,702
166,1,2.57339041748,0.0,5.0,0.018018018018,0,-0.872313617365,0.19033126958,5,89
167,1,1.72415731464,,4.0,0.012012012012,0,-1.19585881579,0.311733761997,5,81
168,1,-2.14421980703,,3.0,0.011011011011,0,-2.59622981325,0.644469632725,5,88
169,1,3.31841817894,0.0,6.0,0.015015015015,0,-0.487106246225,-0.220263082383,5,296
170,1,4.46314444924,4.0,8.0,0.011011011011,0,-0.0459766515512,-0.398925596107,5,641
171,1,5.36114963913,2.0,9.0,0.016016016016,0,0.304027543379,-0.550932991009,5,355
172,1,5.69341510745,2.0,7.0,0.00800800800801,0,0.0758751011582,0.465789803974,5,587
173,1,5.04715998465,0.0,9.0,0.019019019019,0,0.150416754573,-0.40409027907,5,518
174,1,1.9717383631,0.0,3.0,0.014014014014,0,-1.26272137696,0.759902493988,5,82
175,1,6.52856121662,6.0,9.0,0.012012012012,0,0.311323681435,0.594590172316,5,580
176,0,7.31305286009,6.0,,0.00900900900901,0,0.932391576779,-0.484121870244,5,725
177,1,5.70898563487,3.0,6.0,0.00900900900901,0,0.0694516682083,0.500630630249,5,456
178,1,6.1351448311,0.0,10.0,0.017017017017,0,0.553818855716,-0.526311736044,5,597
179,1,1.79056309594,0.0,4.0,0.013013013013,0,-1.04771722243,-0.0662852367626,5,174
180,1,2.15581033294,1.0,3.0,0.013013013013,0,-1.1243273972,0.528792524526,5,194
181,1,5.52199984499,3.0,8.0,0.015015015015,0,0.101325254414,0.21802408175,5,308
182,1,3.34887123459,0.0,4.0,0.00700700700701,0,-0.505258279736,-0.135353926205,5,563
183,1,7.25842077009,6.0,9.0,0.011011011011,0,0.575785249322,0.531065022123,5,438
184,0,9.16533306938,9.0,,0.013013013013,0,1.1782464663,0.63059367047,5,188
185,1,6.03683909545,2.0,10.0,0.019019019019,0,0.410061276866,-0.193344735146,5,493
186,0,7.20079529442,6.0,,0.00700700700701,0,0.386718479252,1.04063985667,5,213
187,1,2.07136723363,1.0,3.0,0.00800800800801,0,-1.08133497947,0.315372172032,5,152
188,1,0.695062135203,0.0,6.0,0.01001001001,0,-1.45103783319,0.0481756347728,5,394
189,1,5.32542683404,3.0,6.0,0.013013013013,0,-0.137891424455,0.739101107408,5,217
190,1,7.97197894896,1.0,11.0,0.012012012012,0,1.14585752933,-0.465593639037,5,492
191,0,8.55953358556,7.0,,0.00800800800801,0,1.16284782975,0.0709900963182,5,66
192,1,4.86469849862,1.0,7.0,0.011011011011,0,0.00519580938983,-0.150888929545,5,435
193,1,0.538461603725,0.0,1.0,0.015015015015,1,-1.41958189021,-0.20279272565,5,18
194,1,5.32536655983,5.0,9.0,0.013013013013,0,-0.0894429572647,0.593695431627,5,645
195,1,6.29113155722,6.0,10.0,0.016016016016,0,0.631183833424,-0.602419943058,5,385
196,1,5.3481908088,4.0,7.0,0.01001001001,0,0.0274163501292,0.265941758417,5,398
197,1,7.14263784347,3.0,8.0,0.016016016016,0,0.635087410309,0.237375612542,5,427
198,1,4.57135122777,2.0,7.0,0.00900900900901,0,-0.199003683069,0.168362276974,5,301
199,1,2.25412578123,1.0,3.0,0.013013013013,0,-0.839346960709,-0.227833336641,5,118
200,1,0.653711797723,,4.0,0.013013013013,0,-1.51928324265,0.211561525677,5,103
201,1,-0.317863698743,,3.0,0.016016016016,0,-1.38679547055,-1.1574772871,5,72
202,1,9.27610088444,8.0,11.0,0.015015015015,0,1.50369569831,-0.234986210491,5,672
203,0,10.0419110147,8.0,,0.00900900900901,0,1.75443929025,-0.221406856018,5,550
204,1,8.28746095954,6.0,12.0,0.014014014014,0,1.0666963386,0.087371943726,5,439
205,1,-0.478285530613,,1.0,0.012012012012,0,-2.25426831134,1.2845194034,5,29
206,1,9.47640133414,8.0,11.0,0.014014014014,0,1.59899411705,-0.320581017002,5,669
207,1,5.50838394013,5.0,7.0,0.01001001001,0,0.331447189298,-0.48595762776,5,396
208,1,4.78466256952,3.0,10.0,0.02002002002,0,-0.375247287727,0.9104044327,5,410
209,1,3.94895624072,2.0,4.0,0.011011011011,0,-0.542928247668,0.577740983727,5,180
210,1,7.51885920466,5.0,10.0,0.014014014014,0,1.03918320691,-0.598690416068,5,527
211,1,4.39420123318,4.0,6.0,0.021021021021,0,-0.303017555495,0.303253899667,5,218
212,1,3.16268836427,1.0,5.0,0.018018018018,0,-0.822496340637,0.630177386186,5,242
213,1,1.99711344586,1.0,3.0,0.012012012012,0,-0.938786426288,-0.186527275279,5,191
214,1,3.21321747921,3.0,6.0,0.015015015015,0,-0.489443773868,-0.318451199188,5,226
215,1,4.66935381159,2.0,5.0,0.015015015015,0,0.0620826132823,-0.516894028258,5,190
216,1,3.32001866068,2.0,4.0,0.02002002002,0,-0.576445885298,0.0493563165747,5,186
217,1,8.23996919537,6.0,11.0,0.024024024024,0,1.07546178401,0.013583843345,5,529
218,1,1.70136035632,1.0,2.0,0.00700700700701,1,-1.04697428857,-0.15771677797,5,128
219,1,6.40767717869,6.0,8.0,0.014014014014,0,0.453928734268,0.0458909758901,5,495
220,1,1.41744826981,,2.0,0.00900900900901,0,-0.828120985236,-1.09818877448,5,44
221,1,5.59488426242,4.0,8.0,0.01001001001,0,0.195512936994,0.00834545143979,5,560
222,1,5.87772754888,5.0,9.0,0.014014014014,0,0.0847460035546,0.623489538213,5,593
223,1,0.588853279114,0.0,3.0,0.00900900900901,0,-1.4171766892,-0.159616653281,5,130
224,1,8.8958637748,6.0,11.0,0.02002002002,0,1.13177094856,0.500550929128,5,316
225,1,6.66697924241,4.0,7.0,0.015015015015,0,0.523170399309,0.0974680444824,5,534
226,1,5.56814068672,2.0,8.0,0.017017017017,0,0.364595457721,-0.525645686448,5,306
227,1,3.00113404936,3.0,5.0,0.00900900900901,0,-0.262994771006,-1.20988163762,5,344
228,1,4.1338777792,4.0,5.0,0.014014014014,1,-0.334941487844,0.138702242728,5,146
229,1,8.0244989969,8.0,9.0,0.011011011011,1,0.550997829591,1.37150550813,5,665
230,1,5.57348653466,5.0,10.0,0.013013013013,0,0.384551168024,-0.580166969415,5,549
231,1,8.93337336931,7.0,9.0,0.021021021021,0,1.38750126646,-0.229130430068,5,554
232,1,6.38705587599,3.0,9.0,0.011011011011,0,0.458664788458,0.0110615106197,5,449
233,1,6.99514443481,6.0,8.0,0.016016016016,0,0.602027675433,0.189061408515,5,287
234,1,-1.65941498525,,4.0,0.014014014014,0,-2.12476438081,-0.285121842834,5,139
235,1,4.24162174807,3.0,6.0,0.016016016016,0,-0.267998116832,0.0456160985607,5,127
236,1,4.8183856667,4.0,6.0,0.02002002002,0,-0.0724135522636,0.0356263234892,5,369
237,1,2.39166516254,0.0,11.0,0.017017017017,0,-0.989273920713,0.359486924675,5,594
238,1,2.00377525142,2.0,4.0,0.01001001001,0,-0.742042992193,-0.770095772,5,188
239,1,4.08815148769,4.0,7.0,0.00900900900901,0,-0.111676477465,-0.576819079911,5,415
240,1,4.85530053887,0.0,5.0,0.011011011011,0,0.088588633484,-0.410465361585,5,274
241,1,5.82224980712,5.0,15.0,0.021021021021,0,0.256446926583,0.0529090273736,5,647
242,1,7.79117084275,7.0,8.0,0.011011011011,1,1.02738219946,-0.290975755639,5,596
243,1,3.44844745375,0.0,4.0,0.00900900900901,0,-0.355074601832,-0.486328740753,5,214
244,0,9.07089130841,9.0,,0.012012012012,0,1.26090330472,0.288181394244,5,119
245,1,6.67557812239,5.0,7.0,0.01001001001,0,0.44073808466,0.353363868413,5,628
246,1,3.24132816385,1.0,6.0,0.013013013013,0,-0.571639733381,-0.0437526360078,5,384
247,1,3.44987150949,3.0,6.0,0.014014014014,0,-0.479208272835,-0.11250367201,5,277
248,0,11.0248698498,6.0,,0.00700700700701,0,2.33214327058,-0.971559961945,5,562
249,1,2.79318001049,1.0,3.0,0.012012012012,0,-0.980710017432,0.735310062785,5,181
250,1,2.53566608418,1.0,7.0,0.01001001001,0,-0.5777223167,-0.731166965718,5,417
251,0,7.97823095604,7.0,,0.01001001001,0,0.569202028602,1.27062487024,5,351
252,1,4.32781395871,4.0,5.0,0.01001001001,1,-0.30600129199,0.245817834678,5,483
253,1,4.45907527174,4.0,6.0,0.014014014014,0,-0.14187149937,-0.115310230149,5,321
254,1,0.56133560447,0.0,2.0,0.00900900900901,0,-1.7029427816,0.670163949268,5,73
255,0,9.44024652818,8.0,,0.01001001001,0,1.43006138385,0.150062376625,5,259
256,1,2.99563311825,,9.0,0.012012012012,0,-0.723796312975,0.167022057172,5,591
257,1,5.49788474379,4.0,7.0,0.01001001001,0,0.300821421939,-0.404579522026,5,657
258,1,5.19060797128,5.0,7.0,0.022022022022,0,0.212196925408,-0.445982804939,5,224
259,1,-0.898524534195,,0.0,0.015015015015,1,-1.5310792096,-1.30528690539,5,7
260,1,7.35358065794,4.0,9.0,0.02002002002,0,0.608702498696,0.527473161851,5,519
261,1,4.67249290649,4.0,5.0,0.00800800800801,1,-0.184707339246,0.226614924231,5,350
262,1,4.7119365204,2.0,6.0,0.012012012012,0,-0.190342863047,0.282965109538,5,381
263,1,4.45093909001,3.0,5.0,0.014014014014,0,-0.279065433589,0.288135390777,5,83
264,1,4.1508884012,2.0,7.0,0.00800800800801,0,-0.36665804392,0.25086253296,5,487
265,1,1.7602294656,0.0,2.0,0.021021021021,0,-1.23437826323,0.463364255303,5,141
266,1,6.71196938576,6.0,8.0,0.018018018018,0,0.372509910201,0.59443965516,5,432
267,1,-0.141025905335,,2.0,0.011011011011,0,-1.77268927344,0.177041914988,5,69
268,0,12.85767155,7.0,,0.01001001001,0,2.76981752175,-0.451781015206,5,313
269,0,7.72287698875,7.0,,0.013013013013,0,1.23143581181,-0.971430446696,5,39
270,1,6.92299070384,4.0,9.0,0.022022022022,0,0.655633586768,-0.0439100564673,5,468
271,0,9.85958367545,8.0,,0.012012012012,0,1.7591636803,-0.417907365451,5,582
272,0,9.49554032393,8.0,,0.01001001001,0,1.52858614073,-0.0902180982729,5,532
273,1,2.09371284874,1.0,4.0,0.01001001001,0,-0.789083994948,-0.539035166414,5,225
274,1,5.15492469387,5.0,6.0,0.00800800800801,1,0.0249689307338,0.080017901666,5,629
275,1,10.0306854209,10.0,12.0,0.013013013013,0,1.65644994842,0.0613355756589,5,666
276,1,5.0454465758,4.0,6.0,0.011011011011,0,0.113552416198,-0.295210672794,5,475
277,1,5.1922491274,5.0,7.0,0.016016016016,0,0.048410067264,0.0470189256104,5,434
278,1,6.93285131434,5.0,7.0,0.00900900900901,0,0.407834537204,0.70934770273,5,638
279,1,0.0754248065442,0.0,1.0,0.011011011011,1,-1.50828489851,-0.399720497928,5,91
280,1,6.94825702717,6.0,8.0,0.01001001001,0,0.711554584952,-0.18640672769,5,502
281,1,1.46337960676,0.0,8.0,0.015015015015,0,-1.0764364682,-0.307310988649,5,324
282,0,7.5292016071,7.0,,0.00800800800801,0,0.79576022797,0.141920923192,5,15
283,1,9.0353858729,8.0,10.0,0.014014014014,0,1.52801983917,-0.548673644601,5,649
284,1,4.73296143252,3.0,6.0,0.011011011011,0,-0.123580829721,0.103703921681,5,361
285,0,9.52684267737,8.0,,0.011011011011,0,1.57440979431,-0.196386705567,5,183
286,1,3.96768200218,2.0,4.0,0.00600600600601,0,-0.371765858266,0.0829795769724,5,288
287,1,-0.308606664071,,0.0,0.00700700700701,1,-1.77937814856,0.0295277816178,5,45
288,1,5.60178815127,5.0,7.0,0.00900900900901,0,0.0709404338287,0.388966849788,5,498
289,0,9.04711583162,8.0,,0.014014014014,0,1.51959982444,-0.511683641701,5,492
290,1,3.4921031023,2.0,5.0,0.01001001001,0,-0.481255774938,-0.0641295728866,5,283
291,1,6.61461196909,3.0,8.0,0.023023023023,0,0.627244179678,-0.267120569938,5,397
292,0,8.42985546812,6.0,,0.00700700700701,0,1.20145113819,-0.174497946458,5,727
293,0,10.5573105497,9.0,,0.013013013013,0,1.70353126293,0.446716760911,5,672
294,1,0.287508710269,0.0,1.0,0.012012012012,1,-1.51981239044,-0.153054118419,5,58
295,1,-0.711401961443,,1.0,0.00700700700701,0,-1.71813128735,-0.557008099379,5,57
296,1,3.27925434474,2.0,4.0,0.01001001001,0,-0.738523160173,0.494823825259,5,289
297,0,7.65840630614,6.0,,0.00800800800801,0,0.736896138524,0.447717890567,5,494
298,1,4.54885517317,3.0,6.0,0.00900900900901,0,-0.264576213175,0.342583812695,5,524
299,1,6.48725941863,4.0,10.0,0.015015015015,0,0.573845201169,-0.234276184876,5,436
300,1,5.01403627632,4.0,6.0,0.01001001001,0,0.0530355465352,-0.145070363285,5,258
301,1,7.36719008736,7.0,8.0,0.014014014014,1,0.853121113952,-0.192173254491,5,646
302,0,10.2710228993,7.0,,0.00900900900901,0,1.63569966132,0.3639239153,5,452
303,1,3.89653390642,2.0,6.0,0.00700700700701,0,-0.30926540788,-0.175669869942,5,299
304,1,3.9870363274,2.0,5.0,0.01001001001,0,-0.134109182962,-0.610636123713,5,267
305,1,3.84264834121,0.0,5.0,0.00700700700701,0,-0.399383605956,0.0407991590798,5,209
306,1,2.86115169794,1.0,3.0,0.012012012012,0,-0.722719014175,0.0293087404684,5,179
307,1,1.84442514242,0.0,5.0,0.011011011011,0,-0.837610902417,-0.642742150333,5,327
308,1,5.14205541666,2.0,6.0,0.014014014014,0,0.0383532111063,0.026995783346,5,307
309,1,5.12226796273,5.0,9.0,0.013013013013,0,-0.00565022093522,0.13921862554,5,298
310,1,6.34229979361,3.0,7.0,0.00800800800801,0,0.541190518723,-0.281271762563,5,679
311,1,4.41335320601,4.0,6.0,0.011011011011,0,-0.431124745144,0.706727441442,5,340
312,0,8.57373695792,5.0,,0.00600600600601,0,0.855122814935,1.00836851312,5,1
313,1,-0.15246384862,,3.0,0.00800800800801,0,-1.55180016467,-0.497063354603,5,165
314,0,6.8919102671,6.0,,0.00800800800801,0,0.67931323953,-0.146029451488,5,548
315,1,3.12275627173,3.0,4.0,0.014014014014,1,-0.621682052856,-0.0121975697045,5,107
316,1,3.96759227843,3.0,5.0,0.01001001001,0,-0.447289475819,0.309460705887,5,412
317,1,6.39077516167,2.0,8.0,0.01001001001,0,0.379814621994,0.251331295692,5,523
318,1,2.30900703896,2.0,4.0,0.00800800800801,0,-0.840654808252,-0.169028536282,5,343
319,0,10.2009950423,7.0,,0.00800800800801,0,1.64818156664,0.256450342373,5,640
320,1,6.01451868729,6.0,7.0,0.00800800800801,1,0.467056326787,-0.386650293069,5,730
321,1,3.49174925123,0.0,6.0,0.012012012012,0,-0.638773702335,0.408070358241,5,477
322,1,7.76540574359,4.0,8.0,0.011011011011,0,0.847564623843,0.222711872058,5,551
323,1,3.06475151556,1.0,4.0,0.00700700700701,0,-0.590006494823,-0.165228999973,5,237
324,0,8.5498737217,8.0,,0.00800800800801,0,1.05316739034,0.390371550678,5,554
325,1,9.76546639747,9.0,10.0,0.011011011011,1,1.43759727684,0.45267456694,5,693
326,1,6.43813384243,6.0,7.0,0.00900900900901,1,0.521412217845,-0.126102811102,5,715
327,1,7.00768798275,7.0,8.0,0.012012012012,1,0.681683969748,-0.0373639264982,5,661
328,1,3.50527292415,3.0,4.0,0.00900900900901,1,-0.504911352255,0.0200069809127,5,271
329,1,4.83681815312,4.0,5.0,0.011011011011,1,-0.124802066783,0.211224353469,5,317
330,1,1.36770207749,0.0,4.0,0.012012012012,0,-1.31884880921,0.324248505121,5,230
331,1,2.97065993503,0.0,4.0,0.00700700700701,0,-0.674782193848,-0.00499348342885,5,392
332,1,3.43199400997,3.0,4.0,0.00700700700701,1,-0.602475517382,0.239420562114,5,479
333,1,5.79235025363,2.0,7.0,0.017017017017,0,0.204276863861,0.179519662048,5,328
334,1,7.14446083006,7.0,9.0,0.013013013013,0,0.932884544618,-0.654192803792,5,602
335,1,4.29064021012,0.0,6.0,0.017017017017,0,-0.268212013437,0.0952762504312,5,486
336,1,0.797493559921,0.0,3.0,0.017017017017,0,-1.40516332428,0.0129835327571,5,86
337,1,6.28761901265,6.0,7.0,0.00800800800801,1,0.330215675811,0.296971985221,5,544
338,1,4.48561636899,1.0,8.0,0.017017017017,0,-0.358275864027,0.560443961067,5,314
339,1,5.4788974141,5.0,7.0,0.00900900900901,0,0.0552571742286,0.313125891414,5,662
340,1,5.00526190182,3.0,6.0,0.00800800800801,0,0.0253459001705,-0.0707757986932,5,599
341,1,-0.487057647063,,0.0,0.01001001001,1,-1.91742272088,0.265210515567,5,23
342,1,8.33024476442,8.0,10.0,0.012012012012,0,1.52239429814,-1.23693812999,5,616
343,1,-2.57410941608,,1.0,0.00700700700701,0,-2.3553063788,-0.508190279675,5,55
344,1,3.22745110635,3.0,4.0,0.00600600600601,1,-0.544856593331,-0.137979113657,5,525
345,0,5.95087892319,5.0,,0.00600600600601,0,0.23810293937,0.23657010508,5,618
346,1,6.75435124244,6.0,7.0,0.00800800800801,1,0.571106544917,0.04103160769,5,622
347,0,7.88669358058,6.0,,0.00900900900901,0,0.96596683695,-0.01120693027,5,685
348,1,5.45114541285,2.0,7.0,0.011011011011,0,0.104963980079,0.136253472614,5,474
349,1,6.69098862891,5.0,7.0,0.014014014014,0,0.585067853003,-0.0642149301045,5,240
350,1,6.04360793903,6.0,7.0,0.00900900900901,1,0.181270113913,0.499797597292,5,652
351,1,0.25278558838,0.0,2.0,0.012012012012,0,-1.67301235482,0.271822652831,5,182
352,1,2.68955311585,2.0,4.0,0.00900900900901,0,-0.625281917106,-0.434601132836,5,284
353,1,3.60011963938,2.0,4.0,0.011011011011,0,-0.550862925478,0.252708415818,5,275
354,1,5.13384736148,5.0,7.0,0.00900900900901,0,-0.0715367208809,0.34845752412,5,595
355,1,6.98779388285,4.0,9.0,0.014014014014,0,0.634927139711,0.0830124637184,5,642
356,1,6.43964248959,2.0,7.0,0.00700700700701,0,0.537226631,-0.172037403407,5,520
357,1,4.36572363333,2.0,7.0,0.01001001001,0,-0.142166307417,-0.207777444421,5,542
358,1,5.25377933563,4.0,6.0,0.00700700700701,0,0.0247623753828,0.179492209485,5,598
359,1,-0.0600893036119,,0.0,0.015015015015,1,-1.60153042158,-0.255498038883,5,15
360,1,6.31609796114,6.0,7.0,0.014014014014,1,0.478256522163,-0.118671605345,5,326
361,1,3.08084912538,,7.0,0.01001001001,0,-0.611830792855,-0.0836584960539,5,428
362,0,6.09078137249,5.0,,0.00800800800801,0,0.294866141674,0.206182947468,5,103
363,1,3.19783659466,3.0,5.0,0.013013013013,0,-0.553627795917,-0.141280017592,5,459
364,1,8.42364624289,5.0,9.0,0.011011011011,0,1.16315383919,-0.0658152746851,5,454
365,1,-0.395504541391,,3.0,0.01001001001,0,-1.54009469397,-0.775220459474,5,123
366,1,5.08833356166,5.0,6.0,0.00700700700701,1,0.0587878481518,-0.0880299827914,5,681
367,0,6.80606564226,6.0,,0.00700700700701,0,0.687090495621,-0.255205844601,5,518
368,1,4.53042877525,3.0,6.0,0.01001001001,0,-0.124573035739,-0.0958521175294,5,582
369,1,5.42661595248,4.0,6.0,0.01001001001,0,-0.301071466847,1.32983035301,5,448
370,0,7.04666339408,5.0,,0.00600600600601,0,0.51155621167,0.51199475907,5,48
371,1,-1.41580062755,,2.0,0.00700700700701,0,-2.00023883023,-0.415084136845,5,78
372,1,6.72075317152,4.0,7.0,0.012012012012,0,0.767656544435,-0.582216461784,5,634
373,1,4.66281258711,2.0,5.0,0.01001001001,0,0.0316484587005,-0.432132788995,5,450
374,1,3.72713235524,0.0,5.0,0.00900900900901,0,-0.397513641909,-0.080326719038,5,409
375,1,2.12248714877,0.0,5.0,0.00900900900901,0,-0.64921848656,-0.929857391554,5,425
376,1,5.58237766655,,9.0,0.012012012012,0,0.37204503639,-0.533757442616,5,378
377,1,1.90934376927,0.0,2.0,0.01001001001,0,-0.965564252495,-0.193963473242,5,126
378,1,3.04530315741,1.0,6.0,0.00600600600601,0,-0.251436926103,-1.20038606429,5,541
379,1,4.7800526027,4.0,5.0,0.01001001001,1,0.0611005547567,-0.403249061569,5,406
380,0,7.38731490194,7.0,,0.00800800800801,0,0.681337668219,0.343301897281,5,318
381,1,4.93926571179,3.0,5.0,0.00800800800801,0,-0.189192883706,0.506844362906,5,352
382,1,5.77878273396,1.0,6.0,0.00900900900901,0,0.438388242762,-0.536381994328,5,249
383,0,6.59490418892,6.0,,0.00700700700701,0,0.499681828747,0.0958587026759,5,657
384,1,5.27360680092,3.0,6.0,0.012012012012,0,-0.182742176408,0.821833330141,5,472
385,1,0.690207504376,,6.0,0.00600600600601,0,-1.5507655787,0.342504240486,5,345
386,1,6.95937423798,6.0,7.0,0.00900900900901,1,1.12323368882,-1.41032682848,5,703
387,0,9.5527899026,7.0,,0.01001001001,0,1.5021378346,0.0463763987905,5,535
388,1,4.11812101484,3.0,7.0,0.00800800800801,0,-0.542645621978,0.746057880772,5,651
389,1,2.70836561307,0.0,4.0,0.012012012012,0,-0.756383910366,-0.0224826558354,5,364
390,1,4.31110693581,1.0,5.0,0.00800800800801,0,0.00657542500981,-0.70861933922,5,329
391,1,6.49347821814,3.0,7.0,0.00700700700701,0,0.719447395831,-0.664863969352,5,572
392,1,2.12039694225,2.0,5.0,0.011011011011,0,-0.831774928119,-0.384278273396,5,203
393,1,4.47420837753,4.0,5.0,0.01001001001,1,-0.258247475608,0.248950804352,5,373
394,0,8.17602821792,7.0,,0.012012012012,0,1.46048358897,-1.20542254899,5,175
395,0,11.2218210007,9.0,,0.015015015015,0,1.8949977899,0.536827631033,5,299
396,1,4.43193483957,4.0,6.0,0.00800800800801,0,-0.0612527206162,-0.384306998584,5,496
397,0,8.07484160572,6.0,,0.00700700700701,0,1.17543592069,-0.451466156351,5,407
398,1,2.7601053965,1.0,6.0,0.01001001001,0,-0.749832135092,0.00960180177433,5,229
399,1,1.65379067158,,2.0,0.00700700700701,0,-0.931724465384,-0.551035932268,5,75
400,1,5.73312920032,3.0,6.0,0.01001001001,0,0.34500345921,-0.301881177311,5,305
401,0,7.91752989084,7.0,,0.011011011011,0,0.801177128909,0.513998504113,5,454
402,1,3.21760676866,1.0,6.0,0.01001001001,0,-0.640459769386,0.138986076816,5,619
403,1,2.79413954386,2.0,4.0,0.00800800800801,0,-0.712032322637,-0.0697634882334,5,480
404,1,6.7602476037,6.0,7.0,0.00700700700701,1,0.377833949271,0.626745755889,5,521
405,1,5.23700436132,5.0,7.0,0.00800800800801,0,0.18349669284,-0.313485717196,5,351
406,1,1.90587428045,1.0,2.0,0.01001001001,1,-1.03091215764,-0.00138924662314,5,125
407,1,5.72349929827,1.0,7.0,0.00900900900901,0,-0.177736520464,1.25670885966,5,437
408,1,5.72359617156,2.0,6.0,0.00900900900901,0,0.403763729023,-0.487695015511,5,488
409,1,1.25259152306,1.0,3.0,0.00900900900901,0,-1.05899955481,-0.570409812523,5,201
410,1,5.95101528067,4.0,8.0,0.00900900900901,0,0.266455446717,0.151648940516,5,707
411,1,2.70671530502,0.0,4.0,0.00600600600601,0,-0.544487083493,-0.659823444503,5,206
412,1,-1.45433012024,,0.0,0.00700700700701,1,-1.97133540125,-0.54032391649,5,10
413,0,6.63530651553,6.0,,0.00600600600601,0,0.771325994543,-0.678671468095,5,726
414,1,1.04993650852,1.0,2.0,0.00700700700701,1,-1.14165789736,-0.5250897994,5,170
415,1,3.28576038524,0.0,4.0,0.00600600600601,0,-0.544803665078,-0.0798286195246,5,208
416,1,4.75566246431,4.0,7.0,0.01001001001,0,-0.155887364365,0.223324557403,5,388
417,0,11.0282304339,10.0,,0.012012012012,0,1.72103778384,0.865117082393,5,343
418,1,2.06582978286,1.0,8.0,0.011011011011,0,-0.573687465973,-1.21310781922,5,476
419,1,1.39118950645,0.0,2.0,0.016016016016,0,-1.32599384571,0.369171043581,5,63
420,1,3.34165851643,2.0,4.0,0.01001001001,0,-0.594635457072,0.12556488765,5,311
421,1,4.13856619497,2.0,5.0,0.00900900900901,0,-0.30055933901,0.0402442120009,5,339
422,1,1.65420625161,0.0,2.0,0.013013013013,0,-1.1366406967,0.064128341715,5,136
423,1,3.50972447641,1.0,7.0,0.014014014014,0,-0.58725666566,0.271494473395,5,295
424,1,6.28126683103,6.0,7.0,0.013013013013,1,0.244333954766,0.548264966736,5,713
425,1,4.78545514408,4.0,6.0,0.00900900900901,0,-0.232330119895,0.482445503765,5,678
426,0,9.73010133592,7.0,,0.01001001001,0,1.63965797976,-0.188872603362,5,314
427,1,5.02856260363,5.0,6.0,0.012012012012,1,0.00600653308991,0.0105430043625,5,683
428,1,3.76580785956,3.0,6.0,0.00800800800801,0,-0.45335808786,0.125882123141,5,514
429,1,5.89752890136,0.0,6.0,0.012012012012,0,0.18269029522,0.349458015696,5,538
430,1,6.54025626428,6.0,7.0,0.00900900900901,1,0.391500456995,0.365754893297,5,637
431,1,3.56915272122,3.0,4.0,0.00900900900901,1,-0.214812246887,-0.786410538121,5,440
432,1,2.20422327702,1.0,4.0,0.00700700700701,0,-1.02308315951,0.273472755531,5,442
433,1,1.75435319082,0.0,2.0,0.00800800800801,0,-0.986215920953,-0.286999046321,5,87
434,1,-2.74585007082,,0.0,0.011011011011,1,-2.31655483821,-0.796185556189,5,22
435,1,5.72287516597,1.0,6.0,0.01001001001,0,0.296436101751,-0.166433139279,5,658
436,0,7.35949894861,7.0,,0.00900900900901,0,0.786469141163,9.15251258023e-05,5,712
437,1,1.31618119023,1.0,3.0,0.00800800800801,0,-1.26544045975,0.112502569489,5,172
438,1,3.9630067754,1.0,5.0,0.00800800800801,0,-0.0654057427996,-0.840775996198,5,342
439,1,5.21247873643,4.0,7.0,0.00800800800801,0,0.0776556205261,-0.020488125147,5,557
440,1,1.21540493941,,2.0,0.011011011011,0,-1.46565207046,0.612361150776,5,21
441,1,6.26010973046,5.0,8.0,0.00900900900901,0,0.414266871388,0.017309116297,5,606
442,1,4.3734028391,3.0,5.0,0.00800800800801,0,0.0543972268412,-0.789788841426,5,451
443,0,12.0989165545,7.0,,0.00700700700701,0,2.25957197267,0.320200636472,5,247
444,1,4.17186527736,4.0,5.0,0.016016016016,1,-0.442135950044,0.498273127489,5,315
445,1,3.6552414166,1.0,5.0,0.01001001001,0,-0.22241340317,-0.677518373886,5,358
446,1,6.09312465853,6.0,7.0,0.01001001001,1,0.389650263606,-0.0758261322889,5,688
447,1,0.889480431444,0.0,1.0,0.01001001001,1,-1.37666191975,0.0194661906862,5,105
448,0,5.37287503794,5.0,,0.00900900900901,0,0.249957549564,-0.376997610749,5,734
449,1,7.35195395894,7.0,8.0,0.00800800800801,1,0.718193014558,0.197374915269,5,696
450,1,1.02355457412,0.0,2.0,0.00700700700701,0,-1.16146911552,-0.492038079321,5,68
451,1,6.90591218489,6.0,7.0,0.01001001001,1,0.681609896925,-0.138917505882,5,553
452,1,3.74427843208,0.0,6.0,0.00700700700701,0,-0.77525337641,1.07003856131,5,565
453,1,6.55330177169,5.0,7.0,0.011011011011,0,0.279648239316,0.714357053743,5,447
454,1,2.0481178129,2.0,4.0,0.00900900900901,0,-0.936686191418,-0.141823612848,5,509
455,1,6.41581866622,4.0,7.0,0.011011011011,0,0.53491208104,-0.188917576895,5,627
456,1,2.47031776908,1.0,5.0,0.012012012012,0,-0.79363420284,-0.148779622401,5,424
457,1,3.39632871142,,4.0,0.00900900900901,0,-0.601825359729,0.201804790606,5,279
458,0,6.51303351295,6.0,,0.012012012012,0,0.830459146643,-0.978343926977,5,345
459,1,4.73003883053,1.0,6.0,0.00700700700701,0,-0.087623870325,-0.00708955849558,5,464
460,1,6.31569340564,4.0,7.0,0.00800800800801,0,0.785500012442,-1.04080663169,5,687
461,1,2.07192468801,1.0,5.0,0.00600600600601,0,-0.819220196494,-0.47041472251,5,359
462,1,9.57172077114,8.0,10.0,0.012012012012,0,1.52522889475,-0.00396591311379,5,667
463,1,3.25798643434,3.0,4.0,0.00800800800801,1,-0.3782433399,-0.60728354596,5,269
464,0,7.5430922151,7.0,,0.011011011011,0,0.654614610935,0.5792483823,5,284
465,1,0.423738219556,,1.0,0.00900900900901,0,-1.23693579444,-0.86545439711,5,19
466,1,4.13868221732,3.0,6.0,0.00700700700701,0,-0.279772122504,-0.0220014151722,5,537
467,1,1.59914662269,1.0,5.0,0.011011011011,0,-1.25608445434,0.367399985721,5,231
468,1,4.00180526324,3.0,6.0,0.00600600600601,0,-0.384574802886,0.155529671901,5,590
469,1,2.03882475493,2.0,3.0,0.00700700700701,1,-1.197012039,0.629860871924,5,338
470,0,4.70161041701,4.0,,0.00700700700701,0,-0.39993702507,0.901421492218,5,742
471,1,4.66810510236,3.0,5.0,0.00700700700701,0,-0.117896155382,0.0217935685042,5,318
472,0,7.27012699442,7.0,,0.00900900900901,0,0.830392590646,-0.22105077752,5,68
473,1,4.96455268415,2.0,5.0,0.00700700700701,0,-0.383334889428,1.11455735244,5,494
474,0,8.05352591019,6.0,,0.00700700700701,0,0.645343375746,1.11749578295,5,750
475,0,6.11934911165,6.0,,0.00600600600601,0,0.631872245693,-0.776267625433,5,108
476,1,3.17559149633,2.0,7.0,0.012012012012,0,-0.328809448751,-0.837980157415,5,548
477,1,1.18811708342,1.0,3.0,0.00600600600601,0,-1.31593780016,0.135930483913,5,184
478,0,6.6291590592,5.0,,0.00700700700701,0,0.408354125496,0.40409668271,5,233
479,1,6.95606053095,6.0,7.0,0.00700700700701,1,0.861205073408,-0.627554689279,5,609
480,0,7.87926322047,5.0,,0.00800800800801,0,0.707378621029,0.757127357387,5,200
481,1,5.73613796367,5.0,6.0,0.00700700700701,1,0.106929465436,0.415349567366,5,507
482,0,6.33131480532,6.0,,0.00700700700701,0,0.579185345748,-0.406241231927,5,159
483,0,7.96139825946,7.0,,0.012012012012,0,1.24851899236,-0.784158717634,5,678
484,0,8.01026344432,7.0,,0.01001001001,0,1.03353276536,-0.09033485176,5,44
485,1,4.8880229748,3.0,5.0,0.01001001001,0,0.0395870469512,-0.230738166056,5,255
486,1,2.51923903224,2.0,4.0,0.00700700700701,0,-0.794022704943,-0.0986928529309,5,601
487,1,2.49925256296,2.0,5.0,0.00900900900901,0,-0.952918659445,0.358008541298,5,380
488,1,-1.16769903346,,0.0,0.012012012012,1,-2.22551821624,0.508855615254,5,14
489,0,7.69336696055,7.0,,0.00800800800801,0,1.00023478083,-0.307337381937,5,9
490,1,1.42108162821,0.0,2.0,0.00800800800801,0,-1.1509783279,-0.125983388086,5,366
491,0,9.87511559414,6.0,,0.00600600600601,0,1.37537737325,0.748983474396,5,364
492,1,1.65268905178,0.0,4.0,0.00600600600601,0,-1.3532382524,0.712403808987,5,569
493,1,3.58818137435,3.0,4.0,0.00800800800801,1,-0.672086552953,0.604441033206,5,467
494,1,5.28180715455,5.0,7.0,0.00900900900901,0,0.292626258066,-0.596071619643,5,547
495,1,5.46971278724,5.0,6.0,0.00700700700701,1,0.212544520346,-0.167920773801,5,689
496,1,0.598352710963,0.0,1.0,0.00800800800801,1,-1.17874091628,-0.865424540201,5,64
497,0,7.85182874159,5.0,,0.00600600600601,0,0.780242095779,0.511102454255,5,238
498,1,3.45362685876,1.0,5.0,0.00700700700701,0,-0.526559113358,0.0333041988362,5,137
499,1,1.46452385872,1.0,4.0,0.00700700700701,0,-1.28881710626,0.330975177491,5,280
500,1,5.97526951971,5.0,6.0,0.00800800800801,1,0.477217238459,-0.456382195665,5,653
501,1,3.62511695435,0.0,4.0,0.00800800800801,0,-0.704932974962,0.739915879234,5,151
502,1,4.57555589081,4.0,5.0,0.00700700700701,1,-0.283565359828,0.42625197029,5,266
503,0,8.62595491858,6.0,,0.00600600600601,0,0.969724142569,0.71678249087,5,380
504,1,3.07816201747,,5.0,0.00800800800801,0,-0.526196727638,-0.343247799611,5,408
505,1,3.74620005458,1.0,6.0,0.00700700700701,0,-0.574447603755,0.469542865843,5,691
506,1,4.39508537879,2.0,5.0,0.00600600600601,0,-0.113482862047,-0.264466035067,5,612
507,1,4.20365435624,4.0,5.0,0.00600600600601,1,0.00247110376179,-0.803758955047,5,383
508,1,4.03607286551,4.0,5.0,0.00700700700701,1,-0.473492612647,0.45655070345,5,581
509,0,7.14562327353,6.0,,0.00600600600601,0,0.789217242526,-0.222028454046,5,702
510,1,3.85934412012,2.0,5.0,0.00800800800801,0,-0.315749122709,-0.193408511751,5,334
511,1,1.98297784882,1.0,2.0,0.00600600600601,1,-1.1298093788,0.372405985237,5,187
512,0,8.40343005393,6.0,,0.01001001001,0,1.42207332135,-0.862789910128,5,647
513,1,3.14934951669,2.0,4.0,0.00900900900901,0,-0.752197875252,0.405943142447,5,584
514,1,6.28680150667,6.0,7.0,0.00900900900901,1,0.353568576298,0.226095777779,5,726
515,0,6.14059418256,6.0,,0.00800800800801,0,0.390306492114,-0.0303252937795,5,709
516,0,9.15642481953,8.0,,0.00900900900901,0,1.57376183977,-0.564860699788,5,476
517,0,7.07947392032,6.0,,0.00600600600601,0,0.90611096751,-0.638858982209,5,186
518,1,3.20423925223,1.0,5.0,0.00600600600601,0,-0.493417948716,-0.315506901618,5,389
519,0,8.90413500593,6.0,,0.00700700700701,0,1.10750112937,0.581631617828,5,116
520,1,0.208111371334,0.0,4.0,0.01001001001,0,-1.66727423019,0.209934061898,5,221
521,1,2.84099876323,0.0,6.0,0.00800800800801,0,-0.547042313978,-0.517874294835,5,562
522,0,7.70106479536,5.0,,0.00600600600601,0,0.676727622275,0.670881928539,5,543
523,1,2.25793666216,1.0,4.0,0.00800800800801,0,-0.877116684752,-0.11071328359,5,265
524,1,0.588609262976,0.0,2.0,0.00700700700701,0,-1.17432022375,-0.888430065784,5,144
525,1,1.65955582509,0.0,2.0,0.00700700700701,0,-0.939707693272,-0.521321095092,5,39
526,0,8.44873542185,6.0,,0.00800800800801,0,1.13123533155,0.0550294272039,5,585
527,1,6.25899561266,3.0,8.0,0.01001001001,0,0.575663364197,-0.467994479928,5,620
528,1,8.7756531111,8.0,10.0,0.013013013013,0,1.04858514044,0.629897689786,5,695
529,0,6.68380560491,6.0,,0.00900900900901,0,0.480682210777,0.241758972576,5,428
530,1,3.5953610387,0.0,5.0,0.00800800800801,0,-0.352089796591,-0.348369571524,5,452
531,1,3.14604897144,0.0,4.0,0.00700700700701,0,-0.666275532346,0.144875568481,5,504
532,1,3.87104856967,0.0,5.0,0.00600600600601,0,-0.487896493433,0.334738049975,5,404
533,0,7.00279222852,3.0,,0.00600600600601,0,0.438935115703,0.685986881411,5,298
534,1,0.846426306859,,1.0,0.00700700700701,0,-0.856032060917,-1.58547751039,5,205
535,0,6.15202755877,6.0,,0.00900900900901,0,0.536889900308,-0.458642142156,5,363
536,0,6.06422751689,6.0,,0.00800800800801,0,0.2807752673,0.221901714987,5,9
537,0,7.30847006714,7.0,,0.00700700700701,0,0.953589381424,-0.552298077133,5,267
538,1,4.73694327791,2.0,5.0,0.00900900900901,0,-0.0776048333845,-0.0302422219409,5,516
539,1,3.99849001422,2.0,4.0,0.00600600600601,0,-0.47775796789,0.431763917886,5,530
540,1,1.54562026896,1.0,5.0,0.00700700700701,0,-1.21247419544,0.183042855294,5,675
541,1,6.73473391168,6.0,8.0,0.01001001001,0,0.253243171444,0.97500439735,5,630
542,0,6.86728475934,6.0,,0.00800800800801,0,0.68557945308,-0.189453599901,5,639
543,0,10.8036997838,5.0,,0.00700700700701,0,1.59061444806,1.03185643966,5,358
544,1,2.82628877976,0.0,3.0,0.00600600600601,0,-0.47281066939,-0.755279212067,5,276
545,0,6.58320904715,6.0,,0.00800800800801,0,0.13466243157,1.17922175244,5,704
546,1,3.05764886376,3.0,9.0,0.01001001001,0,-0.665035472595,0.0527552815458,5,528
547,1,3.14870146424,3.0,6.0,0.00900900900901,0,-0.49331718113,-0.371346992372,5,461
548,1,3.80182413024,3.0,4.0,0.00900900900901,1,-0.274259811913,-0.375396434018,5,574
549,1,5.11737392446,4.0,7.0,0.01001001001,0,-0.223333251968,0.787373680366,5,644
550,1,-0.63576126799,,0.0,0.00600600600601,1,-1.82908471681,-0.148507117554,5,35
551,0,10.8493782593,8.0,,0.00800800800801,0,1.8526307221,0.291486092985,5,215
552,1,2.20441705221,1.0,5.0,0.00800800800801,0,-0.868568181997,-0.189878401802,5,402
553,1,1.25343445429,0.0,4.0,0.00700700700701,0,-1.27706041127,0.0846156881141,5,419
554,1,1.86098717434,1.0,3.0,0.00800800800801,0,-0.818163604376,-0.684522012532,5,158
555,0,7.09296979389,6.0,,0.00900900900901,0,0.863840120811,-0.498550568537,5,146
556,0,7.06113229668,6.0,,0.00600600600601,0,0.578919264386,0.324374503523,5,26
557,1,3.80214990177,3.0,6.0,0.011011011011,0,-0.360459262011,-0.116472312202,5,320
558,1,2.04815456389,2.0,4.0,0.00700700700701,0,-1.12862513846,0.434029979268,5,455
559,0,8.21684956303,7.0,,0.00700700700701,0,0.912818126273,0.478395184213,5,733
560,1,4.96354403873,3.0,5.0,0.016016016016,0,-0.132998938271,0.362540853539,5,522
561,0,5.82965707519,5.0,,0.00600600600601,0,0.377929897181,-0.304132616353,5,207
562,1,4.78425921634,3.0,5.0,0.00900900900901,0,0.300035618379,-1.1158476388,5,147
563,1,2.37263872814,1.0,4.0,0.00600600600601,0,-0.888176106663,0.0371670481246,5,589
564,1,4.63661252493,4.0,6.0,0.00700700700701,0,-0.063044882274,-0.174252828248,5,469
565,1,-0.750305614469,,0.0,0.00600600600601,1,-1.39102101162,-1.57724257962,5,6
566,1,2.81896018054,,4.0,0.00800800800801,0,-0.939783587561,0.638310943227,5,234
567,1,2.88386882038,1.0,5.0,0.00700700700701,0,-0.376056712041,-0.987961043496,5,363
568,1,4.91061317151,4.0,5.0,0.00900900900901,1,-0.0298820249901,0.00025924647793,5,362
569,1,6.26355905674,6.0,7.0,0.00800800800801,1,0.309205600408,0.335942255517,5,728
570,1,2.26790590679,2.0,4.0,0.00900900900901,0,-0.630979094241,-0.839156810488,5,490
571,1,3.5630502555,3.0,5.0,0.00700700700701,0,-0.37881986755,-0.300490141851,5,273
572,1,3.16139475113,1.0,5.0,0.00600600600601,0,-0.479304915644,-0.400690501941,5,422
573,1,4.24028144696,4.0,5.0,0.00600600600601,1,-0.397975111798,0.434206782349,5,718
574,1,4.37255153627,4.0,6.0,0.00600600600601,0,-0.0654225943711,-0.43118068062,5,545
575,1,2.59324855439,1.0,3.0,0.00700700700701,0,-0.920163268868,0.353738360994,5,220
576,0,8.21740622555,6.0,,0.00600600600601,0,1.12244330228,-0.149923681295,5,451
577,1,3.95920715029,0.0,4.0,0.013013013013,0,-0.722186598799,1.12576694669,5,162
578,1,2.66018036025,1.0,3.0,0.00600600600601,0,-0.841499537011,0.184678971284,5,168
579,0,6.78447525477,5.0,,0.00600600600601,0,0.583886311163,0.0328163212784,5,270
580,1,5.63055125366,,6.0,0.00900900900901,0,0.397741673989,-0.562673768303,5,192
581,1,4.26759508638,2.0,5.0,0.00900900900901,0,-0.195100356237,-0.147103844913,5,465
582,1,3.68767614992,3.0,4.0,0.00700700700701,1,-0.0353484020051,-1.20627864407,5,297
583,1,5.75344355544,5.0,6.0,0.00900900900901,1,0.169911098879,0.243710258803,5,686
584,0,10.5318293727,5.0,,0.00800800800801,0,1.88276172032,-0.116455788224,5,14
585,1,2.73738466693,0.0,3.0,0.00700700700701,0,-0.776842798992,0.0679130639033,5,253
586,1,2.84972325388,2.0,5.0,0.00800800800801,0,-0.738308424703,0.064648527991,5,556
587,0,9.54949937066,5.0,,0.00700700700701,0,1.62262453909,-0.318374246601,5,367
588,1,0.444419944283,0.0,2.0,0.01001001001,0,-1.54365837878,0.0753950806222,5,90
589,1,5.02137804664,5.0,6.0,0.00800800800801,1,0.0471958862817,-0.120209612201,5,711
590,1,4.93913961783,4.0,6.0,0.00600600600601,0,0.0621918012054,-0.247435785782,5,497
591,0,7.36756612671,7.0,,0.00800800800801,0,1.15415053085,-1.09488546583,5,610
592,0,9.60584861255,7.0,,0.00900900900901,0,1.19447267232,1.0224305956,5,565
593,0,6.6219850669,5.0,,0.00800800800801,0,0.534491915158,0.0185093214237,5,15
594,1,0.285545329023,0.0,1.0,0.00600600600601,1,-1.5582013711,-0.03985055769,5,67
595,0,10.3110028796,5.0,,0.00800800800801,0,1.70850660833,0.185483054649,5,564
596,1,5.17377418361,5.0,6.0,0.00600600600601,1,-0.136728291003,0.583959056624,5,692
597,1,4.96630878711,2.0,6.0,0.00800800800801,0,-0.110525822623,0.297886254983,5,559
598,1,1.48314420172,,2.0,0.00600600600601,0,-1.13665736893,-0.106883691487,5,100
599,0,6.12204847173,4.0,,0.00700700700701,0,0.205518938659,0.505491655752,5,624
600,1,3.01191089521,1.0,4.0,0.00800800800801,0,-0.343120491078,-0.958727631554,5,173
601,1,-0.835773747702,,0.0,0.00800800800801,1,-1.78141983084,-0.491514255193,5,16
602,0,7.50768792986,5.0,,0.00700700700701,0,0.785038031927,0.152573834077,5,352
603,1,4.54392716584,3.0,6.0,0.00600600600601,0,-0.0580419995563,-0.281946835489,5,506
604,1,5.57414877449,5.0,7.0,0.00700700700701,0,0.293774703888,-0.307175337174,5,639
605,0,6.54351620303,4.0,,0.00700700700701,0,0.548174917853,-0.101008550534,5,406
606,0,6.06609173141,6.0,,0.00800800800801,0,0.368398334718,-0.0391032727403,5,342
607,1,3.49116045305,0.0,6.0,0.00700700700701,0,-0.447472488499,-0.166422081459,5,539
608,0,12.0486740184,5.0,,0.00700700700701,0,2.14699522308,0.607688349147,5,553
609,1,3.66207041068,1.0,4.0,0.00600600600601,0,-0.41046619779,-0.106530995953,5,322
610,1,-0.89025421547,,0.0,0.00900900900901,1,-1.98052108279,0.0513090329095,5,1
611,1,5.99382225481,5.0,6.0,0.00700700700701,1,0.394283214454,-0.189027388556,5,407
612,1,5.62340478177,2.0,8.0,0.01001001001,0,0.0714005507352,0.409203129562,5,721
613,1,3.09132870122,2.0,4.0,0.00600600600601,0,-0.453272912769,-0.54885256047,5,337
614,0,6.23649037794,6.0,,0.00900900900901,0,0.521576383974,-0.328238773985,5,611
615,0,7.08064035886,6.0,,0.00800800800801,0,0.376899268077,0.949942554629,5,551
616,0,7.62411956057,7.0,,0.00800800800801,0,1.15881128475,-0.85231429368,5,267
617,1,1.21515513139,0.0,3.0,0.00700700700701,0,-1.12828721486,-0.399983224017,5,93
618,0,5.4677746221,5.0,,0.00600600600601,0,-0.326556877255,1.44744525387,5,25
619,1,5.83473384438,4.0,7.0,0.00900900900901,0,0.441977715197,-0.491199301212,5,697
620,1,1.99793255152,,2.0,0.01001001001,0,-0.922378499405,-0.234931950262,5,140
621,0,10.7186481826,8.0,,0.00900900900901,0,1.68294438337,0.669815032466,5,193
622,0,8.20044071773,5.0,,0.00700700700701,0,1.1916818823,-0.374604929166,5,478
623,0,3.36428753884,3.0,,0.00600600600601,0,-0.245095126812,-0.900427080728,5,739
624,1,4.71886630722,3.0,5.0,0.00700700700701,0,0.124089468995,-0.653402099767,5,517
625,0,10.3882341833,7.0,,0.00900900900901,0,1.974340766,-0.534788114671,5,528
626,0,9.08079799501,6.0,,0.00700700700701,0,1.31241620965,0.143549366047,5,443
627,1,1.10929738635,1.0,2.0,0.00600600600601,1,-0.978378795034,-0.95556622855,5,257
628,0,8.74772933072,6.0,,0.00600600600601,0,1.35965944753,-0.331249011862,5,712
629,0,12.0815843297,5.0,,0.00900900900901,0,2.52056243983,-0.480102989788,5,558
630,1,5.1679814327,4.0,6.0,0.00600600600601,0,-0.0777004157555,0.401082679968,5,624
631,1,4.31910899732,4.0,5.0,0.00800800800801,1,-0.256443152021,0.0884384533821,5,399
632,1,4.13189353727,4.0,6.0,0.00600600600601,0,-0.289885828235,0.00155102197343,5,607
633,1,1.1459294268,,2.0,0.00700700700701,0,-1.24158791947,-0.129306814785,5,119
634,0,5.09144448787,5.0,,0.01001001001,0,-0.168647224263,0.597386160658,5,547
635,1,6.37441958355,6.0,7.0,0.00700700700701,1,0.360364082101,0.293327337252,5,676
636,0,5.37195273781,5.0,,0.00600600600601,0,0.150708363325,-0.0801723521632,5,295
637,1,-2.66676451515,,3.0,0.00700700700701,0,-2.48541783921,-0.210510997515,5,195
638,0,10.116362545,6.0,,0.00600600600601,0,1.64979728499,0.16697069002,5,649
639,0,8.96670977656,7.0,,0.00700700700701,0,1.05688189086,0.796064103984,5,680
640,0,9.24460246083,5.0,,0.00800800800801,0,1.14570744254,0.80748013321,5,457
641,1,2.33745564169,1.0,5.0,0.00600600600601,0,-0.637216631473,-0.750894463896,5,353
642,0,7.48820431582,5.0,,0.00700700700701,0,0.963719388462,-0.402953849567,5,215
643,0,11.2816035978,6.0,,0.00600600600601,0,1.8699399377,0.671783784676,5,293
644,1,4.50412456506,4.0,5.0,0.00600600600601,1,-0.0779676678014,-0.261972431534,5,608
645,1,2.41660794459,1.0,3.0,0.00800800800801,0,-0.980785806362,0.358965363671,5,460
646,0,8.74379965342,7.0,,0.00800800800801,0,1.2617707291,-0.0415125338892,5,634
647,1,6.67625542875,5.0,7.0,0.00700700700701,0,0.536786762131,0.0658951423585,5,684
648,1,5.61089469608,2.0,6.0,0.00800800800801,0,0.117799496559,0.257496206408,5,626
649,1,5.55290280771,5.0,6.0,0.00700700700701,1,0.115054769611,0.207738498875,5,655
650,0,9.08827661651,7.0,,0.00900900900901,0,1.33862504774,0.0724014732768,5,302
651,0,5.33907540064,5.0,,0.00600600600601,0,0.140002768063,-0.0809329035522,5,682
652,1,1.73507601526,0.0,3.0,0.00600600600601,0,-1.02053716897,-0.203312477836,5,444
653,1,5.84959320945,2.0,6.0,0.00900900900901,0,0.352505124357,-0.207922163619,5,387
654,0,6.12356758463,4.0,,0.00600600600601,0,0.46388837715,-0.26809754682,5,524
655,1,2.95900301553,0.0,3.0,0.00800800800801,0,-0.728636882813,0.144913663966,5,264
656,0,5.63789268715,4.0,,0.00600600600601,0,0.229121235922,-0.0494710206107,5,721
657,1,3.72330964594,3.0,5.0,0.00600600600601,0,-0.396415766448,-0.0874430547139,5,513
658,1,3.31679944275,3.0,4.0,0.00700700700701,1,-0.559731272081,-0.0040067410121,5,543
659,0,9.53026210744,6.0,,0.00700700700701,0,1.50409875784,0.0179658339204,5,549
660,1,4.67040068838,3.0,5.0,0.00700700700701,0,-0.119188512791,0.0279662267519,5,263
661,0,8.23074617965,6.0,,0.011011011011,0,0.817401396302,0.778541990747,5,360
662,0,9.49342519932,7.0,,0.00900900900901,0,1.40614436959,0.274992090551,5,555
663,1,3.32804204731,3.0,5.0,0.00800800800801,0,-0.514486699101,-0.128497855388,5,335
664,1,3.26410214198,3.0,5.0,0.00700700700701,0,-0.76528172684,0.559947322504,5,540
665,0,8.01212001632,6.0,,0.00700700700701,0,1.22795300235,-0.671738990734,5,124
666,1,2.02439414039,2.0,5.0,0.00800800800801,0,-0.953608420148,-0.114780599164,5,183
667,0,6.44901658298,5.0,,0.00600600600601,0,0.435233551506,0.14331592846,5,1
668,1,4.97535056053,2.0,5.0,0.00700700700701,0,0.0672696594978,-0.22645841796,5,463
669,1,1.39171668061,1.0,2.0,0.00600600600601,1,-1.29312960436,0.271105493694,5,102
670,0,7.35418841645,7.0,,0.00900900900901,0,0.596986743977,0.563228184517,5,366
671,1,1.59699922394,1.0,4.0,0.00600600600601,0,-0.738931143165,-1.18620734656,5,309
672,1,7.25962052943,7.0,8.0,0.00900900900901,1,0.518438615502,0.704304682922,5,650
673,0,6.96603179635,5.0,,0.00700700700701,0,0.569522852459,0.257463238972,5,303
674,1,3.37559437394,3.0,4.0,0.00700700700701,1,-0.66972887947,0.38478101235,5,178
675,0,5.23702079724,5.0,,0.00800800800801,0,0.292383485891,-0.640129660436,5,699
676,1,4.24594447834,4.0,5.0,0.00800800800801,1,-0.248497686425,-0.0085624623827,5,577
677,1,0.0979529854896,,1.0,0.01001001001,0,-1.40823900503,-0.677329999406,5,114
678,0,8.11556727232,7.0,,0.01001001001,0,0.970641461721,0.203642887162,5,443
679,0,10.8340294006,5.0,,0.00700700700701,0,1.6481795386,0.889490784806,5,311
680,0,13.1143580859,8.0,,0.00800800800801,0,2.51789231694,0.560681135079,5,210
681,1,3.477788118,0.0,4.0,0.00700700700701,0,-0.592113840691,0.254129640077,5,431
682,1,5.01243083845,5.0,7.0,0.00700700700701,0,0.355003832816,-1.05258066,5,717
683,1,-0.125267372069,,2.0,0.00600600600601,0,-1.5778219649,-0.391801477355,5,233
684,1,4.68957454903,3.0,6.0,0.00600600600601,0,-0.129954581536,0.0794382936345,5,526
685,0,10.0977318511,6.0,,0.00700700700701,0,1.63007818818,0.207497286548,5,207
686,1,2.27090532632,1.0,4.0,0.00700700700701,0,-0.842147503234,-0.202652163981,5,371
687,0,5.15799907898,5.0,,0.00600600600601,0,0.28711628541,-0.703349777251,5,307
688,1,3.18999437718,,4.0,0.00700700700701,0,-0.364718135286,-0.715851216963,5,228
689,1,3.74614667818,2.0,4.0,0.00700700700701,0,-0.379507450661,-0.115330969833,5,164
690,1,5.32436225095,2.0,6.0,0.00800800800801,0,-0.118941661435,0.681187235254,5,700
691,0,7.62850655716,6.0,,0.00600600600601,0,0.903774983583,-0.082818393585,5,579
692,1,3.98721350262,3.0,4.0,0.00600600600601,1,-0.365089658235,0.0824824773281,5,643
693,0,6.75146527752,6.0,,0.00700700700701,0,0.550663171551,0.0994757628625,5,120
694,1,-2.36888691079,,0.0,0.00700700700701,1,-2.29574157381,-0.481662189355,5,3
695,1,3.02081072245,2.0,6.0,0.00600600600601,0,-0.327392764083,-0.997010985301,5,550
696,1,4.50958434787,4.0,5.0,0.00600600600601,1,0.0273781029994,-0.572549961133,5,567
697,0,8.02431376499,5.0,,0.00700700700701,0,0.919919982638,0.264553817072,5,731
698,0,6.4846600416,6.0,,0.00700700700701,0,0.666527692115,-0.514923034748,5,537
699,1,-2.11917072359,,0.0,0.00700700700701,1,-2.4025010542,0.0883324390197,5,13
700,1,3.95524897431,0.0,4.0,0.00600600600601,0,-0.421777816136,0.220582422715,5,583
701,0,3.55746854784,3.0,,0.00600600600601,0,-0.409748842843,-0.213284923629,5,731
702,1,5.29223105505,5.0,6.0,0.00700700700701,1,0.100094149231,-0.00805139264134,5,668
703,1,4.2781319635,4.0,5.0,0.00600600600601,1,-0.00522393252701,-0.706196238915,5,603
704,0,12.1255172671,7.0,,0.00700700700701,0,2.19715795228,0.53404341021,5,518
705,1,4.97678728729,4.0,5.0,0.00700700700701,1,0.0734363972117,-0.243521904341,5,471
706,1,1.8237227188,0.0,2.0,0.00800800800801,0,-1.1188701696,0.180333227601,5,393
707,1,4.72273682691,2.0,5.0,0.00700700700701,0,-0.231842345028,0.418263861991,5,430
708,0,8.00046236152,6.0,,0.00600600600601,0,0.781050728788,0.657310175159,5,658
709,0,5.59376901137,5.0,,0.00600600600601,0,0.0294897840533,0.505299659212,5,244
710,0,9.02827344706,6.0,,0.00700700700701,0,1.18242402771,0.481001363918,5,176
711,1,-0.39046279739,,1.0,0.00700700700701,0,-1.79240684756,-0.0132422547023,5,60
712,1,2.63435663379,0.0,3.0,0.00700700700701,0,-0.750828389792,-0.113158196836,5,256
713,0,4.20147100769,4.0,,0.00600600600601,0,-0.199817867936,-0.1990753885,5,514
714,1,1.689318702,,2.0,0.01001001001,0,-1.03650420824,-0.201168673262,5,25
715,1,4.64598919487,4.0,6.0,0.00900900900901,0,-0.18082477694,0.188463525689,5,708
716,1,6.88777522104,6.0,7.0,0.00700700700701,1,0.411630608837,0.652883394532,5,663
717,1,4.75435763094,0.0,5.0,0.00700700700701,0,0.284216436255,-1.09829167783,5,682
718,1,5.09536579602,5.0,6.0,0.00800800800801,1,-0.0657416395499,0.292590714668,5,614
719,1,5.52022623364,3.0,6.0,0.00800800800801,0,-0.00202559903553,0.526303030751,5,685
720,0,7.7813262527,6.0,,0.00700700700701,0,0.617855986184,0.927758294152,5,151
721,0,9.49505163026,7.0,,0.00700700700701,0,1.41064096185,0.263128744716,5,727
722,0,7.17740925908,5.0,,0.00600600600601,0,0.983311754681,-0.772526004964,5,19
723,0,6.03160471726,6.0,,0.00700700700701,0,0.421976609023,-0.234325109807,5,281
724,1,3.21255438193,3.0,7.0,0.01001001001,0,-0.517313043833,-0.235506486574,5,575
725,0,7.58744424939,6.0,,0.00600600600601,0,0.859299060854,0.00954706682377,5,163
726,0,9.65850366958,6.0,,0.00600600600601,0,1.73721245981,-0.553133709841,5,40
727,0,8.26486136607,6.0,,0.00600600600601,0,0.719050679773,1.10770932676,5,362
728,1,1.29001114578,0.0,2.0,0.00800800800801,0,-1.11371993199,-0.368829058243,5,354
729,0,7.40984277805,6.0,,0.00600600600601,0,0.817871530615,-0.0437718137921,5,705
730,1,-0.596326121469,,0.0,0.00900900900901,1,-1.74495280504,-0.361467706359,5,8
731,1,4.80099238807,4.0,5.0,0.00700700700701,1,0.0300628403169,-0.289196132883,5,623
732,1,2.98750616776,0.0,7.0,0.00700700700701,0,-0.796845738065,0.378043381953,5,571
733,0,10.2959236959,6.0,,0.00700700700701,0,2.1647056089,-1.19819313081,5,73
734,0,7.81851576537,7.0,,0.00900900900901,0,0.915279611828,0.0726769298861,5,576
735,0,8.0307805887,7.0,,0.00800800800801,0,0.590667146536,1.25877914909,5,126
736,0,8.25279873473,4.0,,0.00700700700701,0,1.04474415724,0.118566263019,5,366
737,1,7.90644167578,7.0,8.0,0.00900900900901,1,1.09262152464,-0.371422898137,5,722
738,1,3.77172515827,3.0,4.0,0.00800800800801,1,-0.678244861905,0.806459743981,5,491
739,0,8.41949931362,6.0,,0.00600600600601,0,1.04188572752,0.293842131066,5,572
740,1,4.96627310769,4.0,5.0,0.00700700700701,1,0.300434470571,-0.935030304024,5,365
741,1,5.91584510011,5.0,6.0,0.00700700700701,1,0.244579015908,0.182108052388,5,578
742,1,5.52131955859,5.0,6.0,0.00700700700701,1,0.315566467259,-0.425379843186,5,592
743,1,2.80986257572,0.0,3.0,0.00600600600601,0,-0.739885031448,0.0295176700608,5,278
744,0,8.75963985357,4.0,,0.00600600600601,0,1.34409396606,-0.272642044622,5,247
745,1,1.72875020858,,3.0,0.00800800800801,0,-1.01298038665,-0.232308631466,5,138
746,0,7.52224223781,6.0,,0.00700700700701,0,1.0059977744,-0.495751085402,5,203
747,1,5.67950677117,5.0,6.0,0.00600600600601,1,0.276495321495,-0.149979193316,5,724
748,1,4.10928074666,4.0,5.0,0.00900900900901,1,-0.296163741873,-0.00222802772386,5,400
749,0,8.86523635856,6.0,,0.01001001001,0,1.00637454762,0.846112715711,5,294
750,0,9.15010441555,5.0,,0.00700700700701,0,1.22764391198,0.467172679593,5,720
751,0,9.33745936419,6.0,,0.00900900900901,0,1.34740341711,0.295249112861,5,631
752,0,5.56255793865,5.0,,0.00600600600601,0,0.112836863518,0.224047348095,5,669
753,1,4.85697967608,4.0,5.0,0.00800800800801,1,-0.157698115657,0.330074023053,5,416
754,0,8.36588830554,5.0,,0.00600600600601,0,1.17937302116,-0.172230757947,5,264
755,1,6.66873853551,6.0,7.0,0.00700700700701,1,0.719026319448,-0.48834042283,5,674
756,0,9.16248130887,6.0,,0.00600600600601,0,1.02163485568,1.09757674181,5,466
757,1,4.03725602509,4.0,5.0,0.00700700700701,1,-0.158476275339,-0.487315148891,5,701
758,1,1.22411132217,1.0,6.0,0.00600600600601,0,-1.02141270184,-0.711650572303,5,515
759,1,4.46338997289,4.0,5.0,0.00800800800801,1,-0.353787161134,0.524751456295,5,566
760,1,5.82545102017,5.0,6.0,0.00700700700701,1,0.492909943552,-0.653278810485,5,615
761,0,6.88564771302,6.0,,0.00600600600601,0,0.617317190467,0.0336961416239,5,289
762,1,4.27233527119,4.0,7.0,0.00800800800801,0,-0.353779132968,0.333672670094,5,604
763,1,5.96941504022,4.0,6.0,0.00600600600601,0,0.126773273949,0.589095218369,5,640
764,1,3.74575541428,3.0,5.0,0.00600600600601,0,-0.376949841094,-0.123395062432,5,617
765,1,2.67696430664,2.0,4.0,0.00600600600601,0,-0.869979105973,0.286901624556,5,215
766,0,8.67410700379,3.0,,0.00600600600601,0,1.39921334773,-0.52353303939,5,535
767,0,6.88522634562,5.0,,0.00700700700701,0,0.751600628028,-0.369575538466,5,505
768,1,4.30181500484,3.0,5.0,0.00700700700701,0,-0.0894599957097,-0.429805008035,5,610
769,0,6.64444370895,6.0,,0.00600600600601,0,0.420409158605,0.383216233138,5,459
770,0,6.46138630895,6.0,,0.00600600600601,0,0.348942674992,0.414558283979,5,512
771,0,7.10055379859,5.0,,0.00600600600601,0,0.229422353176,1.41228673906,5,255
772,0,8.22481738664,7.0,,0.00700700700701,0,0.919360267814,0.466736583196,5,704
773,0,8.5878508818,6.0,,0.00600600600601,0,1.0710235219,0.374780316116,5,222
774,1,2.29534051959,1.0,5.0,0.00600600600601,0,-0.477282489135,-1.27281201301,5,611
775,1,5.16099664218,4.0,6.0,0.00600600600601,0,-0.0553898104289,0.327166073468,5,445
776,1,2.39560394887,2.0,3.0,0.00600600600601,1,-1.18545720312,0.951975558237,5,166
777,0,6.29182555443,4.0,,0.00700700700701,0,0.676399932728,-0.737374243749,5,483
778,1,2.5367882947,0.0,4.0,0.00600600600601,0,-0.837892355453,0.0504653610593,5,441
779,1,5.5370327271,1.0,6.0,0.00600600600601,0,0.062878864978,0.34839613217,5,660
780,1,5.83788853001,5.0,6.0,0.00600600600601,1,0.591277911831,-0.935945205477,5,727
781,0,9.23472612893,5.0,,0.00600600600601,0,1.27976437258,0.395433011185,5,295
782,0,6.36836540281,5.0,,0.00600600600601,0,0.567620652838,-0.334496555708,5,174
783,1,1.86321021597,1.0,2.0,0.00700700700701,1,-0.95290685292,-0.278069225267,5,56
784,1,4.26276787243,0.0,5.0,0.00900900900901,0,-0.354410391154,0.325999045893,5,706
785,1,2.85074251768,1.0,3.0,0.00700700700701,0,-0.906999038589,0.571739633448,5,185
786,1,3.9133105834,0.0,4.0,0.00600600600601,0,-0.337999386719,-0.072691256443,5,336
787,0,9.16570083626,5.0,,0.00700700700701,0,1.44050363916,-0.155810081223,5,640
788,1,5.54941798694,5.0,6.0,0.00800800800801,1,0.0206301381776,0.487527572407,5,413
789,1,3.87864354296,2.0,4.0,0.00700700700701,0,-0.327516225011,-0.138807782009,5,489
790,0,7.14593732963,4.0,,0.00600600600601,0,0.465018087645,0.750883066692,5,269
791,0,6.58556963934,6.0,,0.00600600600601,0,0.534511411263,-0.0179645944539,5,436
792,1,3.11335173526,3.0,5.0,0.00700700700701,0,-0.640666935449,0.0353525416021,5,386
793,1,5.48017514828,5.0,7.0,0.01001001001,0,0.21239006788,-0.156995055355,5,699
794,1,5.89249023035,1.0,6.0,0.00800800800801,0,0.487744680118,-0.570743810005,5,302
795,0,5.96325143697,5.0,,0.00700700700701,0,0.127627618803,0.580368580566,5,475
796,0,8.61303211009,7.0,,0.00700700700701,0,1.3660732302,-0.485187580514,5,412
797,0,8.63009014341,6.0,,0.00700700700701,0,1.5278803442,-0.95355088919,5,392
798,1,5.09712538145,4.0,6.0,0.00600600600601,0,-0.0431812180476,0.22666903559,5,705
799,0,9.87658106598,4.0,,0.00600600600601,0,1.6242524379,0.00382375227813,5,332
800,1,4.98191336414,4.0,5.0,0.00700700700701,1,-0.108824113596,0.308385704929,5,568
801,0,10.7936139687,5.0,,0.00700700700701,0,1.69881481383,0.697169527222,5,563
802,0,8.27900464435,6.0,,0.00600600600601,0,0.964466563073,0.385604955129,5,724
803,1,-1.65337591008,,0.0,0.00700700700701,1,-2.32577293627,0.323942898716,5,2
804,1,1.94410152818,0.0,4.0,0.00700700700701,0,-0.82295480103,-0.58703406873,5,101
805,1,3.4421056929,3.0,4.0,0.00600600600601,1,-0.442930347543,-0.229103264473,5,712
806,0,7.20322069643,6.0,,0.00700700700701,0,0.620786929251,0.34085990868,5,221
807,0,6.60337445572,6.0,,0.00600600600601,0,0.566400882314,-0.0958281912232,5,27
808,0,6.16175272129,5.0,,0.00700700700701,0,0.260167256002,0.381250953284,5,747
809,1,2.69821883625,2.0,4.0,0.00800800800801,0,-0.64744337551,-0.359451037225,5,420
810,1,3.05405483678,3.0,5.0,0.00900900900901,0,-0.776636875462,0.383965463162,5,167
811,1,6.6469449884,4.0,7.0,0.00800800800801,0,0.640900696016,-0.275757099649,5,576
812,1,0.863300465033,0.0,1.0,0.00600600600601,1,-1.37283220397,-0.0182029230674,5,74
813,0,7.1737364058,6.0,,0.00700700700701,0,0.588822360788,0.407269323438,5,300
814,1,0.0910334408727,,1.0,0.00700700700701,0,-1.72498015446,0.265973904263,5,61
815,1,1.77855048013,0.0,2.0,0.00600600600601,0,-0.74085176116,-0.998894236387,5,175
816,1,4.18109427843,4.0,6.0,0.00800800800801,0,0.0284714744403,-0.904320144887,5,605
817,0,8.52053270493,7.0,,0.00700700700701,0,1.3314982978,-0.473962188464,5,403
818,1,2.60071186115,2.0,4.0,0.00600600600601,0,-1.03771680237,0.713862268261,5,482
819,0,11.9018443138,6.0,,0.00600600600601,0,2.15778625565,0.428485546878,5,77
820,0,6.19356687303,3.0,,0.00600600600601,0,0.237022117153,0.482500521573,5,462
821,1,0.0706280643848,,1.0,0.00600600600601,0,-1.68045394288,0.11198989303,5,38
822,0,6.78334057987,6.0,,0.00700700700701,0,0.815100671151,-0.661961433583,5,578
823,1,3.0920436923,3.0,5.0,0.00700700700701,0,-0.709046285859,0.219182549871,5,720
824,0,4.21704823844,4.0,,0.00600600600601,0,-0.168555853063,-0.277284202367,5,376
825,0,4.14978145312,3.0,,0.00800800800801,0,-0.549736542933,0.798991081914,5,474
826,1,1.56174841519,0.0,2.0,0.00600600600601,0,-1.26403506977,0.353853624487,5,376
827,0,9.14045495476,6.0,,0.00700700700701,0,1.2483126908,0.39551688235,5,251
828,0,4.9477382186,4.0,,0.00700700700701,0,-0.158170519745,0.422249777833,5,12
829,1,-0.341114646781,,0.0,0.00600600600601,1,-1.8970751168,0.350110703624,5,50
830,1,1.66409149587,0.0,4.0,0.00700700700701,0,-0.923808243464,-0.564483773733,5,401
831,1,1.86192501392,0.0,4.0,0.00700700700701,0,-0.992185967155,-0.161517084609,5,485
832,0,8.77605636653,4.0,,0.00700700700701,0,1.58463394776,-0.977845476752,5,496
833,1,2.34165268125,0.0,3.0,0.00600600600601,0,-0.834531701015,-0.1547522157,5,391
834,0,6.47721121874,5.0,,0.00800800800801,0,0.446881166899,0.136567718048,5,663
835,1,3.73781696459,2.0,6.0,0.00700700700701,0,-0.530758692083,0.330093040836,5,729
836,1,-0.749149765323,,1.0,0.00600600600601,0,-1.89347315883,-0.0687302888345,5,196
837,0,6.61605671329,5.0,,0.00700700700701,0,0.46089249184,0.233379237769,5,674
838,0,10.2795024297,5.0,,0.00600600600601,0,1.64946458763,0.331108666776,5,633
839,1,4.65564046388,4.0,5.0,0.00900900900901,1,0.156552853118,-0.814018095473,5,714
840,1,1.5811741038,0.0,3.0,0.00600600600601,0,-1.16485696146,0.0757449881812,5,189
841,1,4.8453683178,4.0,5.0,0.00600600600601,1,0.202869341503,-0.763239706712,5,546
842,1,1.73444072917,0.0,3.0,0.00600600600601,0,-1.10483020154,0.0489313338073,5,291
843,0,10.2342128398,6.0,,0.00600600600601,0,1.51277959605,0.695874051673,5,140
844,0,6.46793415735,4.0,,0.00600600600601,0,0.511983168335,-0.0680153476551,5,659
845,1,4.26903935671,2.0,6.0,0.00700700700701,0,-0.200900065753,-0.128260446028,5,532
846,1,1.50851241107,1.0,4.0,0.00600600600601,0,-0.992717830711,-0.513334096793,5,390
847,0,8.91722208885,5.0,,0.00700700700701,0,1.09770002499,0.624122013867,5,719
848,1,1.10621399765,0.0,2.0,0.00600600600601,0,-0.867061296578,-1.29260211261,5,313
849,0,7.53772552652,5.0,,0.00600600600601,0,0.916460925928,-0.211657251264,5,317
850,1,3.87268524597,2.0,7.0,0.00800800800801,0,-0.306206213301,-0.208696114126,5,621
851,0,7.00354785423,5.0,,0.00600600600601,0,0.66947491126,-0.00487687954624,5,501
852,1,2.56577359731,0.0,4.0,0.00600600600601,0,-0.704792487307,-0.31984894077,5,270
853,1,0.992104522485,0.0,2.0,0.00700700700701,0,-1.58476537958,0.746400661225,5,207
854,1,1.2045878506,0.0,2.0,0.00600600600601,0,-1.32002983848,0.164677366032,5,99
855,0,6.77942970332,6.0,,0.00600600600601,0,0.477913681657,0.345688658354,5,458
856,0,5.28680070045,3.0,,0.00600600600601,0,0.201076531475,-0.316428893976,5,538
857,0,10.4412182911,4.0,,0.00600600600601,0,2.07857893855,-0.794518524551,5,13
858,0,4.58448060136,3.0,,0.00700700700701,0,0.038402258729,-0.530726174832,5,536
859,1,-0.543249632996,,0.0,0.00700700700701,1,-1.86350197824,0.0472563017174,5,31
860,0,6.5317627072,5.0,,0.00600600600601,0,0.627480939193,-0.350680110377,5,115
861,1,3.11879095773,1.0,4.0,0.00600600600601,0,-0.397127360304,-0.68982696136,5,157
862,1,4.73414145186,4.0,5.0,0.00700700700701,1,0.0308319200841,-0.358354308389,5,570
863,0,7.44715879425,6.0,,0.00600600600601,0,0.815243203014,0.00142918520857,5,675
864,0,8.48424263335,6.0,,0.00700700700701,0,1.24459123086,-0.249531059238,5,709
865,1,2.03864418434,1.0,4.0,0.00600600600601,0,-0.745311829265,-0.725420327862,5,405
866,0,8.54327585754,6.0,,0.00700700700701,0,1.07155098845,0.328622892194,5,486
867,0,7.79977127839,4.0,,0.00700700700701,0,0.86821799232,0.195117301435,5,494
868,1,0.481015421043,0.0,2.0,0.00600600600601,0,-1.69912459563,0.578389207931,5,200
869,1,3.45110661747,2.0,4.0,0.00700700700701,0,-0.515665550091,-0.00189673226005,5,325
870,0,9.21042435838,5.0,,0.00600600600601,0,1.49981761536,-0.289028487691,5,529
871,1,2.12577518177,0.0,5.0,0.00600600600601,0,-1.09162100669,0.400638201854,5,418
872,1,-0.713025454572,,1.0,0.00700700700701,0,-1.91888286469,0.043623139496,5,112
873,1,1.85313668044,1.0,2.0,0.00700700700701,1,-1.20527411084,0.468959012969,5,261
874,0,6.04028294812,5.0,,0.00600600600601,0,0.288323969863,0.175311038531,5,439
875,1,-0.0528267988402,,0.0,0.00700700700701,1,-1.75711677265,0.218523519107,5,4
876,1,1.21548247144,1.0,2.0,0.00600600600601,1,-1.37488733885,0.340144488001,5,161
877,1,2.72755860339,0.0,3.0,0.00700700700701,0,-0.615421852424,-0.426175839335,5,403
878,1,3.50002159879,3.0,4.0,0.00700700700701,1,-0.366930179446,-0.399187862874,5,636
879,1,-0.42188437719,,0.0,0.00700700700701,1,-1.70203154382,-0.315789745734,5,5
880,0,5.48880110964,5.0,,0.00600600600601,0,-0.0450895929409,0.624069888462,5,221
881,0,8.3369300519,5.0,,0.00700700700701,0,1.32538128638,-0.639213807249,5,708
882,0,6.21109157134,5.0,,0.00600600600601,0,0.373635718668,0.0901844153394,5,707
883,1,3.999963974,2.0,4.0,0.00600600600601,0,-0.462968177819,0.388868507458,5,411
884,0,6.0368736792,3.0,,0.00600600600601,0,0.0295416929562,0.948248600331,5,701
885,1,0.951553476105,,1.0,0.00600600600601,0,-1.08803422454,-0.784343850263,5,304
886,1,6.51214252957,6.0,7.0,0.00700700700701,1,0.630446435674,-0.379196777449,5,631
887,0,7.1624354104,5.0,,0.00600600600601,0,0.430607952692,0.870611552322,5,562
888,0,7.14678091274,4.0,,0.00600600600601,0,0.724793014944,-0.0275981320909,5,717
889,0,4.398917781,3.0,,0.00700700700701,0,-0.247194244035,0.140500513109,5,518
890,1,0.754256483337,,2.0,0.00600600600601,0,-1.36841990885,-0.140483790107,5,135
891,0,10.3014349746,6.0,,0.00600600600601,0,1.61777454131,0.448111350689,5,557
892,1,-0.117831102347,,0.0,0.00600600600601,1,-1.29934379004,-1.21979973223,5,27
893,1,0.567585357698,0.0,1.0,0.00600600600601,1,-1.49732935808,0.0595734319279,5,142
894,1,0.471501478509,0.0,1.0,0.00500500500501,1,-1.37830462132,-0.393584657518,5,148
895,0,6.03849152468,5.0,,0.00600600600601,0,0.404467907638,-0.174912198231,5,495
896,0,6.33274724089,5.0,,0.00700700700701,0,0.416927528154,0.0819646564234,5,467
897,0,7.10481849657,5.0,,0.00600600600601,0,0.893993978388,-0.577163438593,5,50
898,1,5.71123147971,5.0,6.0,0.00600600600601,1,0.266106140101,-0.0870869405959,5,709
899,1,2.61296601656,2.0,4.0,0.00600600600601,0,-0.861131504321,0.196360529521,5,673
900,1,5.76430470578,5.0,6.0,0.00600600600601,1,0.124677491567,0.390272231082,5,694
901,0,6.96810791188,4.0,,0.00600600600601,0,0.490204961742,0.497493026657,5,40
902,1,4.50091397214,4.0,6.0,0.00700700700701,0,-0.0779231874355,-0.265316465556,5,618
903,1,4.3728551885,0.0,5.0,0.00700700700701,0,-0.344075182429,0.405080735788,5,561
904,0,9.22974514186,6.0,,0.00600600600601,0,1.45077875725,-0.122591129881,5,495
905,1,1.79794846056,1.0,2.0,0.00600600600601,1,-1.16140549559,0.282164947325,5,238
906,0,7.33408966214,6.0,,0.00600600600601,0,0.662693652297,0.346008705251,5,475
907,0,9.85774213103,5.0,,0.00600600600601,0,1.66630170332,-0.141162978911,5,699
908,0,7.6277283232,3.0,,0.00600600600601,0,0.991528548414,-0.346857322044,5,523
909,0,6.14365073366,6.0,,0.00700700700701,0,0.367333799095,0.0416493363734,5,2
910,0,7.92088472612,6.0,,0.00600600600601,0,0.909691393923,0.191810544348,5,306
911,0,7.44209652965,6.0,,0.00700700700701,0,0.605951532682,0.624241931602,5,251
912,1,3.25068395769,1.0,4.0,0.00600600600601,0,-0.440103477547,-0.42900560967,5,319
913,1,0.0154286114099,,1.0,0.00700700700701,0,-1.3563363622,-0.915562302001,5,94
914,1,1.76619165849,1.0,3.0,0.00600600600601,0,-1.15070034257,0.2182926862,5,512
915,0,8.4984220545,5.0,,0.00600600600601,0,0.939853055619,0.678862887648,5,507
916,1,2.99549538678,2.0,4.0,0.00600600600601,0,-0.832352163168,0.492551876281,5,375
917,1,4.0067332033,2.0,6.0,0.00600600600601,0,0.0661769422888,-1.19179762356,5,458
918,0,6.50178167149,4.0,,0.00600600600601,0,0.311053797887,0.568620277826,5,596
919,0,4.82265387208,4.0,,0.00600600600601,0,-0.317504359268,0.775166949884,5,374
920,0,9.15384310156,5.0,,0.00600600600601,0,1.3005799362,0.252103292965,5,656
921,1,5.76097869313,5.0,6.0,0.00700700700701,1,0.518671831784,-0.795036802222,5,723
922,0,3.86238693117,3.0,,0.00600600600601,0,-0.28311603054,-0.288264977213,5,414
923,1,4.28392267722,4.0,5.0,0.00600600600601,1,-0.202172241116,-0.109560599428,5,635
924,0,5.77733138331,5.0,,0.00600600600601,0,0.363272446738,-0.312485956905,5,79
925,0,5.10117385107,4.0,,0.00600600600601,0,0.0673836936015,-0.100977229733,5,285
926,1,3.40447643899,0.0,5.0,0.00600600600601,0,-0.636544705295,0.314110554873,5,500
927,1,4.10198892921,3.0,5.0,0.00700700700701,0,-0.131592349119,-0.503234023432,5,625
928,1,2.89758430506,2.0,4.0,0.00700700700701,0,-1.0029829922,0.906533281656,5,433
929,1,1.56134772189,1.0,4.0,0.00600600600601,0,-1.37595069802,0.689199815946,5,379
930,1,2.78920861819,2.0,3.0,0.00700700700701,1,-0.421124122103,-0.947419015504,5,156
931,1,-3.48570877772,,1.0,0.00700700700701,0,-2.85854047343,0.0899126425618,5,49
932,1,5.31392901104,5.0,6.0,0.00600600600601,1,0.0641496504798,0.121480059602,5,716
933,1,4.41470181649,3.0,5.0,0.00600600600601,0,0.118952040335,-0.942154304513,5,725
934,0,7.55428839241,5.0,,0.00600600600601,0,0.815989436656,0.106320082442,5,341
935,1,0.779365878664,0.0,3.0,0.00600600600601,0,-1.71948159998,0.937810678601,5,131
936,0,7.22421716076,5.0,,0.00600600600601,0,0.801411404054,-0.180017051405,5,237
937,0,9.94413706692,5.0,,0.00600600600601,0,1.53236905642,0.347029897656,5,520
938,0,8.12924660826,6.0,,0.00600600600601,0,0.985188224999,0.173681933261,5,690
939,0,8.6966623201,5.0,,0.00600600600601,0,1.41755494363,-0.556002510785,5,635
940,1,-1.3412153787,,0.0,0.00600600600601,1,-2.2204741549,0.320207086,5,28
941,1,-0.274585529917,,1.0,0.00600600600601,0,-1.42664321777,-0.994655876614,5,30
942,1,1.68155083654,1.0,2.0,0.00600600600601,1,-1.07241517854,-0.101203627833,5,198
943,1,3.38587030692,1.0,4.0,0.00600600600601,0,-0.473268307192,-0.194324771503,5,372
944,1,2.70501838949,2.0,4.0,0.00600600600601,0,-0.812179429085,0.141556676749,5,243
945,0,8.69502383457,5.0,,0.00600600600601,0,1.16177266676,0.209705834276,5,689
946,0,7.20666915843,4.0,,0.00600600600601,0,0.568516013091,0.501121119159,5,653
947,0,9.139648004,6.0,,0.00600600600601,0,1.08841892353,0.874391233422,5,117
948,1,1.07893525008,1.0,4.0,0.00600600600601,0,-1.49133502583,0.552940327568,5,499
949,0,6.55379012863,5.0,,0.00600600600601,0,0.324246309544,0.581051199993,5,72
950,0,6.54071335746,4.0,,0.00600600600601,0,0.577430011405,-0.191576676751,5,511
951,0,9.14643929716,4.0,,0.00600600600601,0,1.57450033553,-0.577061709439,5,586
952,1,3.00214130817,3.0,4.0,0.00600600600601,1,-0.814362368262,0.445228412956,5,680
953,0,6.6159038854,6.0,,0.00600600600601,0,0.499055774921,0.118736560642,5,547
954,1,3.27286909571,3.0,4.0,0.00600600600601,1,-0.272721020042,-0.908967844163,5,466
955,1,4.26908120249,4.0,5.0,0.00700700700701,1,-0.265525384529,0.065657356076,5,654
956,1,2.80443304817,0.0,3.0,0.00600600600601,0,-0.593562426756,-0.414879671563,5,213
957,1,3.02229087561,3.0,4.0,0.00600600600601,1,-0.950350063757,0.873341066883,5,664
958,0,8.06902040532,6.0,,0.00600600600601,0,1.01950942274,0.0104921370987,5,136
959,0,9.21787513487,5.0,,0.00600600600601,0,1.24781898376,0.474418183591,5,591
960,0,9.30007325431,6.0,,0.00600600600601,0,1.47465264414,-0.123884678101,5,665
961,0,7.06682847604,6.0,,0.00600600600601,0,0.838310528104,-0.448103108278,5,102
962,1,4.29709437464,2.0,5.0,0.00600600600601,0,-0.510970794592,0.830006758418,5,558
963,1,4.63713057898,3.0,5.0,0.00600600600601,0,-0.311097009258,0.57042160675,5,670
964,1,5.98404177438,5.0,6.0,0.00600600600601,1,0.419266084787,-0.273756479978,5,719
965,0,7.56633553897,6.0,,0.00600600600601,0,0.757021764536,0.295270245365,5,83
966,1,1.08646304806,1.0,5.0,0.00700700700701,0,-1.27728781985,-0.0816734923926,5,656
967,1,3.85901836133,3.0,4.0,0.00600600600601,1,-0.373130458114,-0.0215902643286,5,690
968,1,1.89423159311,0.0,2.0,0.00600600600601,0,-0.945762143438,-0.268481976577,5,248
969,1,4.92013664437,4.0,5.0,0.00600600600601,1,0.0265248395417,-0.159437874257,5,484
970,1,-2.89595749438,,0.0,0.00600600600601,1,-2.40702810256,-0.674873186688,5,11
971,1,3.52398739965,3.0,5.0,0.00600600600601,0,-0.454984835717,-0.111058093198,5,312
972,0,8.88003919106,6.0,,0.00600600600601,0,1.28899283363,0.0130606901786,5,363
973,1,-2.19252455549,,1.0,0.00600600600601,0,-2.51871992298,0.363635213443,5,46
974,1,-3.40704527855,,0.0,0.00600600600601,1,-2.85528849993,0.158820221251,5,33
975,1,-1.1787239044,,0.0,0.00600600600601,1,-1.93449357685,-0.375243173869,5,98
976,1,2.53611287688,1.0,3.0,0.00600600600601,0,-0.704202723079,-0.351278953881,5,481
977,1,4.33302632433,3.0,5.0,0.00600600600601,0,-0.216954508278,-0.0161101508372,5,478
978,0,7.11579761531,6.0,,0.00600600600601,0,0.89117479344,-0.557726765006,5,160
979,0,10.2624653208,4.0,,0.00600600600601,0,1.81644241382,-0.186861920631,5,652
980,1,4.36428786112,2.0,5.0,0.00600600600601,0,0.0109387812731,-0.668528482696,5,453
981,0,6.04773754868,5.0,,0.00600600600601,0,0.554158803054,-0.614738860478,5,676
982,1,5.70141959568,5.0,6.0,0.00600600600601,1,0.0517795619659,0.546080909787,5,704
983,0,7.9300655886,6.0,,0.00600600600601,0,0.997128739144,-0.0613206288282,5,430
984,0,6.97980465416,6.0,,0.00600600600601,0,0.580468916781,0.23839790382,5,571
985,1,3.22960658162,3.0,4.0,0.00600600600601,1,-0.827599679195,0.712405619203,5,260
986,1,3.00340714713,2.0,6.0,0.00600600600601,0,-0.301393641802,-1.09241192746,5,536
987,0,5.07767310383,4.0,,0.00600600600601,0,-0.174571778163,0.601388438313,5,346
988,0,11.1306118311,6.0,,0.00600600600601,0,2.1118198604,-0.204847750126,5,559
989,1,3.2689178906,3.0,4.0,0.00600600600601,1,-0.615388726947,0.115084071445,5,423
990,1,2.23599593386,1.0,3.0,0.00600600600601,0,-1.02631199044,0.314931905189,5,223
991,1,0.994996937939,0.0,1.0,0.00600600600601,1,-1.15560369334,-0.538191982053,5,414
992,1,4.02289798412,2.0,5.0,0.00600600600601,0,-0.471299536969,0.436796595026,5,677
993,0,7.84814968907,5.0,,0.00600600600601,0,0.961493294301,-0.0363301938323,5,740
994,0,8.07443356577,6.0,,0.00600600600601,0,1.24251476932,-0.653110742187,5,580
995,0,6.34421111031,3.0,,0.00600600600601,0,0.308101248626,0.419907364432,5,409
996,0,9.60608237536,4.0,,0.00600600600601,0,1.36149865711,0.521586404019,5,673
997,1,2.03801521574,0.0,3.0,0.00600600600601,0,-0.779773801855,-0.622663378695,5,443
998,1,4.6675362629,4.0,5.0,0.00600600600601,1,-0.0565060654534,-0.162945540742,5,633
999,1,3.7282013575,3.0,4.0,0.00600600600601,1,-0.391501039995,-0.0972955225096,5,710
