name,activated,threshold,before_activation_alters,after_activation_alters,degree,observed,var1,epsilon,constant,activation_order
0,1,6.45673156947,,7.0,0.0690690690691,0,0.295245377533,0.57099543687,5,111
1,1,4.89257685726,1.0,6.0,0.0640640640641,0,0.21574079073,-0.754645514925,5,65
2,1,2.78196183773,,3.0,0.137137137137,0,0.390945303309,-3.3908740722,5,25
3,1,12.4352320084,,26.0,0.107107107107,0,2.21353808217,0.794617761881,5,184
4,1,7.15811714817,2.0,29.0,0.034034034034,0,1.54876361478,-2.48817369616,5,766
5,1,3.73371097846,0.0,17.0,0.0510510510511,0,0.526641512317,-2.8462135585,5,312
6,1,1.43821566367,1.0,3.0,0.0870870870871,0,-0.732660214689,-1.36380369226,5,33
7,1,7.58180604466,2.0,18.0,0.106106106106,0,1.54768226991,-2.06124076506,5,181
8,1,8.55682343804,2.0,15.0,0.199199199199,0,0.777962778374,1.22293510292,5,81
9,1,5.46649893249,4.0,47.0,0.123123123123,0,-0.814481642157,2.90994385896,5,301
10,1,-0.0944353405915,,40.0,0.143143143143,0,-1.35097013531,-1.04152493465,5,193
11,1,10.8797890116,10.0,43.0,0.12012012012,0,1.59227582346,1.10296154126,5,296
12,1,0.814465187963,,23.0,0.0960960960961,0,-1.43855772637,0.130138367082,5,172
13,1,5.17443934008,2.0,60.0,0.0810810810811,0,0.724498270904,-1.99905547263,5,665
14,1,11.5771072292,1.0,28.0,0.0980980980981,0,1.4738357762,2.15559990055,5,252
15,1,7.66979975593,,8.0,0.0860860860861,0,0.462994201866,1.28081715033,5,74
16,1,8.23926375492,,40.0,0.117117117117,0,0.0709617665338,3.02637845532,5,234
17,1,13.380578287,,59.0,0.0960960960961,0,1.3207041325,4.41846588948,5,547
18,1,6.88717565813,4.0,9.0,0.0870870870871,0,0.929521816403,-0.901389791077,5,107
19,1,4.59432365002,,32.0,0.0560560560561,0,-0.0409390797062,-0.28285911086,5,515
20,1,2.23373296633,2.0,6.0,0.039039039039,0,-0.963293411838,0.123613201843,5,115
21,1,3.82768168207,3.0,4.0,0.029029029029,1,-0.911384037784,1.56183379542,5,147
22,1,1.61925580522,,2.0,0.0670670670671,0,-1.0558247055,-0.213270078273,5,18
23,1,10.5265097705,,14.0,0.0500500500501,0,1.52498448118,0.951556326983,5,199
24,1,6.93655265284,4.0,22.0,0.046046046046,0,0.492056064024,0.460384460768,5,428
25,1,4.06425020325,,19.0,0.032032032032,0,-1.32651745888,3.04380257987,5,347
26,1,7.16191248532,0.0,9.0,0.032032032032,0,0.374364015625,1.03882043845,5,278
27,1,9.22754642097,9.0,12.0,0.047047047047,0,0.920065511144,1.46734988754,5,284
28,1,6.90385829679,3.0,15.0,0.023023023023,0,1.38173605812,-2.24134987757,5,414
29,1,5.98221898398,5.0,7.0,0.024024024024,0,-0.44585214717,2.31977542549,5,167
30,1,1.31505012211,0.0,7.0,0.021021021021,0,-0.400876972605,-2.48231896008,5,140
31,1,3.04903824437,1.0,7.0,0.02002002002,0,-0.745835439249,0.286544562115,5,263
32,1,5.20100918781,,8.0,0.107107107107,0,-0.693409858788,2.28123876417,5,47
33,1,8.6680034934,,12.0,0.0930930930931,0,1.32231885012,-0.298953056969,5,101
34,1,8.03432657757,5.0,23.0,0.029029029029,0,0.323476785691,2.06389622049,5,563
35,1,3.86250232968,0.0,9.0,0.038038038038,0,-0.524872236934,0.43711904048,5,132
36,1,4.0496807567,2.0,18.0,0.022022022022,0,-0.775391997869,1.3758567503,5,526
37,1,13.8712324642,3.0,26.0,0.048048048048,0,1.53445357653,4.26787173464,5,394
38,1,4.88687896193,,6.0,0.047047047047,0,-0.0700058670883,0.0968965631965,5,110
39,1,4.08326993652,,40.0,0.0560560560561,0,-0.0801526431974,-0.676272133887,5,574
40,1,3.40300482157,0.0,8.0,0.035035035035,0,0.141930238128,-2.02278589281,5,117
41,1,5.12284947757,,14.0,0.0600600600601,0,-0.407379143139,1.34498690698,5,191
42,1,3.0457833234,0.0,30.0,0.0650650650651,0,0.465545840367,-3.35085419771,5,467
43,1,2.5249885614,,11.0,0.0500500500501,0,-0.83125448489,0.0187520160652,5,131
44,1,4.19446345877,3.0,6.0,0.037037037037,0,1.34241627343,-4.83278536151,5,60
45,1,5.45778152062,4.0,45.0,0.0680680680681,0,0.83016601458,-2.03271652312,5,549
46,1,3.58623114545,,5.0,0.0560560560561,0,-0.364423170748,-0.320499342311,5,86
47,1,11.9901841429,7.0,17.0,0.025025025025,0,2.206140261,0.371763359905,5,501
48,1,6.28482131779,,14.0,0.04004004004,0,0.231611403537,0.589987107174,5,276
49,1,6.26813387525,2.0,22.0,0.0560560560561,0,-0.0168058362141,1.3185513839,5,397
50,1,4.50743805784,3.0,9.0,0.036036036036,0,-0.305056753594,0.422608318618,5,238
51,1,5.78544696732,0.0,6.0,0.043043043043,0,0.691784730762,-1.28990722497,5,96
52,1,0.275179025247,0.0,4.0,0.026026026026,0,-0.699462941914,-2.62643214901,5,91
53,1,4.96752455294,,12.0,0.028028028028,0,0.353039645844,-1.09159438459,5,402
54,1,0.00501584164922,,21.0,0.042042042042,0,-1.40024912864,-0.794236772424,5,419
55,1,2.4723405295,0.0,16.0,0.033033033033,0,0.0625267508985,-2.71523972319,5,335
56,1,5.99744743132,1.0,16.0,0.025025025025,0,1.01478362589,-2.04690344634,5,495
57,1,0.412074658697,,19.0,0.021021021021,0,-0.965034378125,-1.69282220693,5,734
58,1,5.16716360489,,6.0,0.029029029029,0,-0.616403768108,2.01637490922,5,158
59,1,4.76185051543,3.0,8.0,0.038038038038,0,0.587747322512,-2.00139145211,5,178
60,1,2.9919376929,0.0,18.0,0.023023023023,0,-0.821205125704,0.455553070018,5,772
61,1,4.10135825942,4.0,18.0,0.02002002002,0,0.5012471493,-2.40238318848,5,667
62,1,1.86039226011,,5.0,0.029029029029,0,-1.32277265481,0.82871022454,5,166
63,1,3.25833375326,2.0,8.0,0.011011011011,0,-0.308536820398,-0.816055785542,5,389
64,1,5.23632519256,3.0,12.0,0.027027027027,0,-0.190496245426,0.807813928836,5,261
65,1,6.34011707346,,12.0,0.028028028028,0,-0.039420322921,1.45837804222,5,327
66,1,-0.945608426422,,0.0,0.032032032032,1,-1.2483285952,-2.20062264082,5,44
67,1,3.6175708331,1.0,6.0,0.034034034034,0,-0.105134347818,-1.06702612344,5,89
68,1,6.23262011003,0.0,14.0,0.043043043043,0,0.713847089776,-0.908921159301,5,391
69,1,-4.23099403164,,10.0,0.0670670670671,0,-2.22807656847,-2.54676432623,5,68
70,1,3.44089624964,1.0,7.0,0.022022022022,0,-0.260358087075,-0.778029489137,5,209
71,1,0.600872373346,,26.0,0.035035035035,0,-1.18292356842,-0.850356921382,5,800
72,1,-1.30828868217,,0.0,0.037037037037,1,-1.22424237138,-2.63556156802,5,4
73,1,-2.68163653698,,0.0,0.028028028028,1,-1.131356455,-4.28756717197,5,5
74,1,4.26809019018,0.0,6.0,0.049049049049,0,-0.0740407096179,-0.509787680964,5,88
75,1,1.63000089333,0.0,3.0,0.021021021021,0,-0.16245166522,-2.88264411101,5,64
76,1,7.6247547848,6.0,10.0,0.034034034034,0,0.936046398914,-0.183384411946,5,203
77,1,6.3049521876,,8.0,0.028028028028,0,0.289737922621,0.43573841974,5,162
78,1,10.0125886939,5.0,14.0,0.036036036036,0,1.83119860809,-0.481007130322,5,346
79,1,7.54078378693,6.0,8.0,0.028028028028,0,0.420476335941,1.2793547791,5,311
80,1,4.63114193392,3.0,6.0,0.014014014014,0,-0.836135072258,2.13954715069,5,229
81,1,7.55256129027,1.0,11.0,0.028028028028,0,1.53187720664,-2.04307032964,5,372
82,1,5.63374521445,5.0,8.0,0.025025025025,0,-0.0642980590392,0.826639391565,5,281
83,1,4.95687128507,,6.0,0.035035035035,0,1.21704509946,-3.6942640133,5,78
84,1,2.31329925621,1.0,31.0,0.032032032032,0,-0.110864293559,-2.35410786311,5,818
85,1,4.61314921316,2.0,14.0,0.016016016016,0,0.566763008973,-2.08713981375,5,611
86,1,4.13730418152,4.0,30.0,0.038038038038,0,-0.421287722644,0.401167349451,5,754
87,1,5.29575925818,1.0,9.0,0.018018018018,0,1.02705428547,-2.78540359824,5,445
88,1,1.21022833119,0.0,7.0,0.03003003003,0,-1.40285415743,0.418790803493,5,245
89,1,2.86911445651,0.0,4.0,0.018018018018,0,-0.276718729818,-1.30072935404,5,220
90,1,6.99028670196,2.0,16.0,0.032032032032,0,-0.801764926546,4.3955814816,5,415
91,1,0.509992542171,,1.0,0.029029029029,0,-0.611360298668,-2.65592656182,5,38
92,1,-5.08306694714,,13.0,0.023023023023,0,-1.671341971,-5.06904103413,5,601
93,1,3.3737269507,3.0,11.0,0.019019019019,0,-1.22539887213,2.04992356708,5,369
94,1,4.85699846014,,9.0,0.02002002002,0,0.476855115505,-1.57356688637,5,169
95,1,4.40347292707,2.0,15.0,0.015015015015,0,0.367235528683,-1.69823365898,5,907
96,1,1.23006338752,,2.0,0.029029029029,0,-1.03211811519,-0.67358226691,5,98
97,1,17.2695979487,12.0,21.0,0.041041041041,0,2.97235938517,3.3525197932,5,491
98,1,10.1185497281,8.0,18.0,0.03003003003,0,0.977915633778,2.18480282678,5,623
99,1,14.1396545368,0.0,18.0,0.028028028028,0,1.59288846646,4.36098913743,5,440
100,1,4.23229682036,1.0,14.0,0.032032032032,0,-0.454507946591,0.595820660131,5,403
101,1,0.61183592637,,6.0,0.035035035035,0,-0.230880916176,-3.6955213251,5,105
102,1,2.06421037267,,14.0,0.046046046046,0,-0.61456636691,-1.0920905266,5,247
103,1,2.58764252078,,9.0,0.03003003003,0,-1.01620480854,0.636256946397,5,338
104,1,6.03989324481,6.0,18.0,0.034034034034,0,0.00230834895957,1.03296819793,5,448
105,1,0.0741148844699,,1.0,0.025025025025,0,-1.91603159172,0.822209659642,5,29
106,1,2.43035811605,,13.0,0.02002002002,0,-1.50462034095,1.94421913889,5,636
107,1,9.77803380839,,14.0,0.032032032032,0,1.45746266515,0.405645812946,5,459
108,1,11.1846722882,10.0,14.0,0.02002002002,0,1.59839223827,1.38949557334,5,518
109,1,6.32957269095,2.0,15.0,0.031031031031,0,1.10634675702,-1.98946758012,5,435
110,1,0.758584647071,0.0,8.0,0.028028028028,0,-0.942237607159,-1.41470253145,5,192
111,1,8.54233917908,6.0,12.0,0.027027027027,0,-0.294401146983,4.42554262003,5,317
112,1,1.87094779424,,15.0,0.024024024024,0,-0.833136731812,-0.629642010326,5,447
113,1,3.71185319789,,19.0,0.027027027027,0,-0.963950778471,1.6037055333,5,437
114,1,5.90884139314,5.0,19.0,0.03003003003,0,-0.304266307859,1.82164031672,5,508
115,1,5.75527195735,,15.0,0.035035035035,0,-0.760200398536,3.03587315296,5,365
116,1,7.21608167991,,15.0,0.029029029029,0,1.15238008153,-1.24105856467,5,490
117,1,5.10018341313,,13.0,0.025025025025,0,-0.167892586178,0.603861171667,5,367
118,1,0.910211646965,,1.0,0.019019019019,0,-1.34906518182,-0.0425928075845,5,26
119,1,8.21437368319,,10.0,0.033033033033,0,0.364040029752,2.12225359393,5,173
120,1,4.62015357785,,23.0,0.03003003003,0,-0.513075450056,1.15937992802,5,627
121,1,3.90109639901,0.0,18.0,0.02002002002,0,0.468043709859,-2.50303473057,5,883
122,1,4.4248157052,3.0,7.0,0.02002002002,0,-0.331007184879,0.417837259837,5,151
123,1,9.38928686658,9.0,16.0,0.025025025025,0,1.23225674088,0.692516643939,5,462
124,1,5.40888933222,,13.0,0.031031031031,0,0.531677175843,-1.18614219531,5,326
125,1,5.01578775199,4.0,7.0,0.014014014014,0,0.230757663702,-0.676485239112,5,370
126,1,-2.94987462261,,0.0,0.011011011011,1,-1.95043114026,-2.09858120184,5,1
127,1,2.62031552769,2.0,8.0,0.013013013013,0,-0.626137678525,-0.501271436736,5,385
128,1,5.1503618753,,18.0,0.031031031031,0,0.749701016337,-2.0987411737,5,453
129,1,-0.336574127821,,4.0,0.02002002002,0,-1.75532402317,-0.070602058309,5,99
130,1,5.50691206596,2.0,19.0,0.027027027027,0,-0.318418387951,1.46216722981,5,671
131,1,4.87612635808,,5.0,0.027027027027,0,-0.653415096773,1.8363716484,5,152
132,1,3.27267151513,3.0,8.0,0.018018018018,0,-1.06216197355,1.4591574358,5,364
133,1,9.98647861226,4.0,10.0,0.025025025025,0,1.02195599904,1.92061061513,5,411
134,1,4.23003955938,,10.0,0.039039039039,0,-1.12210621561,2.59635820623,5,287
135,1,7.50991657063,7.0,16.0,0.035035035035,0,0.633167631982,0.610413674684,5,356
136,1,4.82886756767,1.0,9.0,0.024024024024,0,-0.514945665821,1.37370456513,5,320
137,1,2.42571319559,2.0,8.0,0.022022022022,0,-0.538903997341,-0.957574812385,5,376
138,1,6.01148885524,,12.0,0.02002002002,0,0.0393281618219,0.893504369771,5,573
139,1,3.86486334981,3.0,10.0,0.019019019019,0,-0.198118916518,-0.540779900636,5,568
140,1,-1.03561186975,,1.0,0.029029029029,0,-1.62107048611,-1.17240041142,5,10
141,1,-0.622426466058,,1.0,0.013013013013,0,-1.71925132364,-0.464672495144,5,22
142,1,-1.65709694469,,0.0,0.022022022022,1,-1.59002678212,-1.88701659832,5,27
143,1,0.30985107922,,2.0,0.028028028028,0,-0.607081129658,-2.86890553181,5,104
144,1,4.15059471938,3.0,5.0,0.021021021021,0,-0.4869002369,0.611295430083,5,200
145,1,3.10084541508,,12.0,0.031031031031,0,0.678796944121,-3.93554541729,5,273
146,1,5.1572103055,1.0,6.0,0.022022022022,0,-0.292686359493,1.03526938397,5,295
147,1,4.81514193181,2.0,6.0,0.016016016016,0,-0.140080097651,0.235382224767,5,316
148,1,10.4149669364,0.0,11.0,0.027027027027,0,1.18796781417,1.85106349386,5,420
149,1,2.97118954605,,10.0,0.023023023023,0,-0.255448490885,-1.26246498129,5,400
150,1,6.94299618098,,10.0,0.03003003003,0,0.179566517632,1.40429662809,5,157
151,1,2.16512433856,,8.0,0.016016016016,0,-0.771441611005,-0.520550828426,5,473
152,1,8.42788118325,2.0,9.0,0.025025025025,0,0.234564280325,2.72418834227,5,249
153,1,4.69674141432,4.0,8.0,0.014014014014,0,-1.16966251211,3.20572895066,5,246
154,1,2.80519664659,2.0,12.0,0.014014014014,0,-0.457901490856,-0.821098880841,5,753
155,1,3.01116585119,,4.0,0.018018018018,0,-0.196430170686,-1.39954363676,5,154
156,1,8.09609593804,5.0,12.0,0.014014014014,0,1.46307607602,-1.29313229,5,722
157,1,-1.8838235971,,1.0,0.015015015015,0,-1.42898671091,-2.59686346438,5,54
158,1,5.34015480782,1.0,12.0,0.016016016016,0,0.407564304167,-0.882538104678,5,700
159,1,4.62410137749,4.0,5.0,0.013013013013,1,-0.0347270484518,-0.271717477153,5,309
160,1,0.0281560242353,0.0,2.0,0.021021021021,0,0.429847720847,-6.26138713831,5,57
161,1,1.48708999808,1.0,24.0,0.034034034034,0,-0.0353380138237,-3.40689596045,5,652
162,1,5.36885367351,5.0,15.0,0.019019019019,0,-0.983747700744,3.32009677574,5,742
163,1,4.64152018408,2.0,7.0,0.028028028028,0,-0.206187082617,0.260081431931,5,188
164,1,3.75835135597,1.0,16.0,0.022022022022,0,-0.509732265999,0.287548153965,5,586
165,1,2.75752886859,2.0,15.0,0.022022022022,0,0.0732493299197,-2.46221912117,5,538
166,1,6.12352818598,1.0,9.0,0.023023023023,0,0.158275996431,0.648700196691,5,319
167,1,2.94119733751,,3.0,0.03003003003,0,-0.944741412309,0.775421574434,5,75
168,1,4.71380759817,,6.0,0.035035035035,0,0.890067707138,-2.95639552324,5,127
169,1,-0.544032997441,,1.0,0.024024024024,0,-1.1632069709,-2.05441208473,5,56
170,1,-1.3099918829,,3.0,0.026026026026,0,-0.970424324409,-3.39871890967,5,51
171,1,9.17116635091,9.0,10.0,0.016016016016,1,1.34320778285,0.141543002361,5,712
172,1,1.14427020849,,12.0,0.018018018018,0,-0.35674876975,-2.78548348226,5,654
173,1,1.50655728837,,2.0,0.022022022022,0,-0.995320130447,-0.507482320289,5,35
174,1,4.06761569324,,6.0,0.023023023023,0,-0.0609540046284,-0.749522292872,5,242
175,1,7.15641391387,7.0,10.0,0.012012012012,0,-0.289555898186,3.02508160843,5,523
176,1,-1.07023865672,,0.0,0.017017017017,1,-1.42078804367,-1.80787452569,5,40
177,1,4.59867630231,,5.0,0.023023023023,0,0.0716154174007,-0.61616994989,5,180
178,1,7.6565508871,3.0,14.0,0.022022022022,0,0.43256015119,1.35887043354,5,693
179,1,2.09096861122,2.0,5.0,0.015015015015,0,-0.226862516,-2.22844384078,5,161
180,1,8.4114232972,7.0,24.0,0.029029029029,0,0.933414303818,0.611180385743,5,728
181,1,3.60528851251,1.0,6.0,0.027027027027,0,-0.714986302605,0.750247420325,5,144
182,1,3.45138438362,0.0,5.0,0.016016016016,0,-0.856506787745,1.02090474686,5,302
183,1,9.55328746642,3.0,11.0,0.027027027027,0,1.62724759487,-0.328455318182,5,375
184,1,6.06380550211,4.0,8.0,0.016016016016,0,0.772633091002,-1.2540937709,5,475
185,1,10.3305504203,2.0,18.0,0.023023023023,0,0.976709497945,2.40042192645,5,758
186,1,10.1108118543,9.0,11.0,0.015015015015,0,0.979643868396,2.17188024907,5,643
187,1,7.1590224088,5.0,10.0,0.012012012012,0,1.65762174456,-2.81384282487,5,805
188,1,5.57986231298,3.0,7.0,0.019019019019,0,0.256206620737,-0.188757549229,5,306
189,1,4.4448205457,2.0,9.0,0.013013013013,0,-0.399828364288,0.644305638563,5,469
190,1,2.39398813784,,8.0,0.012012012012,0,-0.801915855212,-0.200264296526,5,521
191,1,8.58401655741,,14.0,0.015015015015,0,1.25786628906,-0.189582309779,5,701
192,1,1.28951678506,,8.0,0.028028028028,0,-0.584258702135,-1.95770710854,5,182
193,1,2.62756200293,2.0,5.0,0.017017017017,0,-0.60861418994,-0.546595427247,5,206
194,1,7.53610683586,6.0,16.0,0.03003003003,0,0.961871449716,-0.349507513289,5,460
195,1,0.632089625863,,6.0,0.011011011011,0,-1.17726448443,-0.836116920836,5,509
196,1,2.84404175102,0.0,15.0,0.018018018018,0,-0.569213100182,-0.448318948433,5,707
197,1,3.14953010095,3.0,6.0,0.023023023023,0,0.209030527628,-2.47756148193,5,84
198,1,8.92899798449,6.0,10.0,0.024024024024,0,0.0425593967341,3.80131979428,5,352
199,1,12.0757484854,5.0,13.0,0.016016016016,0,1.69829736867,1.98085637936,5,726
200,1,8.97735002108,,9.0,0.019019019019,0,1.07976848138,0.738044576949,5,262
201,1,2.28133797841,1.0,8.0,0.019019019019,0,0.349938711797,-3.76847815698,5,189
202,1,1.25580544801,0.0,6.0,0.017017017017,0,-1.40018861188,0.456371283637,5,294
203,1,0.925405733356,0.0,7.0,0.017017017017,0,-0.754149593119,-1.81214548729,5,217
204,1,0.983930962729,0.0,7.0,0.021021021021,0,-0.641939035029,-2.09025193218,5,258
205,1,8.79773348739,8.0,10.0,0.024024024024,0,-0.0357510846899,3.90498674146,5,314
206,1,3.78075617624,,6.0,0.02002002002,0,-1.19148829872,2.35522107241,5,290
207,1,3.52274339917,,6.0,0.017017017017,0,-1.34642095091,2.56200625189,5,362
208,1,1.41843166083,1.0,9.0,0.018018018018,0,-1.57155626548,1.13310045726,5,548
209,1,2.76391983485,,4.0,0.011011011011,0,-0.303943905911,-1.32424844742,5,82
210,1,2.03775063685,2.0,4.0,0.015015015015,0,-0.260852834734,-2.17969085895,5,187
211,1,-0.806449026068,,0.0,0.014014014014,1,-1.29856763848,-1.91074611064,5,3
212,1,1.53006027653,0.0,6.0,0.013013013013,0,-0.696897939362,-1.37924590539,5,222
213,1,7.21772116834,7.0,13.0,0.015015015015,0,0.47340734314,0.797499138918,5,826
214,1,5.44155538441,4.0,8.0,0.017017017017,0,0.199097899197,-0.155738313181,5,359
215,1,7.42685823229,0.0,9.0,0.019019019019,0,1.51405709667,-2.11531305771,5,535
216,1,8.3600567054,7.0,9.0,0.016016016016,0,0.885696993887,0.702965723737,5,787
217,1,6.30705095258,5.0,9.0,0.014014014014,0,0.03318229741,1.20750406035,5,387
218,1,3.71821330403,0.0,7.0,0.02002002002,0,0.191186420676,-1.855345958,5,511
219,1,0.646038017173,,4.0,0.017017017017,0,-1.81798795729,1.10000188905,5,69
220,1,3.06625137957,0.0,8.0,0.01001001001,0,-0.606105399611,-0.115432421599,5,791
221,1,2.861102262,1.0,3.0,0.019019019019,0,-1.05998812408,1.04106663423,5,61
222,1,6.99910229266,0.0,7.0,0.00900900900901,0,1.1210393593,-1.36401578523,5,404
223,1,3.22516024208,2.0,8.0,0.01001001001,0,-1.00889039911,1.25183143941,5,630
224,1,3.27966216181,3.0,5.0,0.016016016016,0,-1.1401461272,1.70010054341,5,202
225,1,7.20779459867,3.0,13.0,0.025025025025,0,-0.10359925952,2.51859237723,5,655
226,1,4.48705237217,3.0,6.0,0.015015015015,0,-0.873490561449,2.10752405651,5,225
227,1,3.91210303596,,5.0,0.018018018018,0,-0.0847776529772,-0.833564005111,5,160
228,1,5.41140931097,1.0,8.0,0.013013013013,0,0.708911008342,-1.71532371405,5,628
229,1,3.12499588544,3.0,4.0,0.018018018018,1,-0.46736371115,-0.47291298111,5,348
230,1,3.94468698643,0.0,5.0,0.014014014014,0,1.5581596628,-5.72979200196,5,163
231,1,5.63187052759,0.0,6.0,0.013013013013,0,0.247188846069,-0.109696010613,5,458
232,1,8.07451084093,2.0,10.0,0.013013013013,0,0.658774585804,1.09818708352,5,689
233,1,3.3312794629,0.0,11.0,0.014014014014,0,-0.78227502757,0.678104545608,5,395
234,1,-2.15760253331,,1.0,0.016016016016,0,-1.96009114071,-1.27732911118,5,41
235,1,7.32535440881,,10.0,0.013013013013,0,0.761481239663,0.0409106898241,5,431
236,1,3.10782132902,0.0,9.0,0.02002002002,0,0.502312342604,-3.39911569879,5,198
237,1,8.36737932258,,9.0,0.015015015015,0,0.539399270713,1.74918151044,5,558
238,1,10.466967538,,12.0,0.016016016016,0,2.01455878847,-0.576708827441,5,629
239,1,7.59467206598,1.0,18.0,0.024024024024,0,-0.292101693636,3.47097714689,5,690
240,0,10.8830304069,10.0,,0.011011011011,0,1.87534432743,0.256997424645,5,671
241,1,6.79140243815,6.0,9.0,0.012012012012,0,0.364962031129,0.696516344766,5,479
242,1,2.84849540064,1.0,14.0,0.018018018018,0,-0.535781738776,-0.544159383033,5,683
243,1,4.01185904169,,7.0,0.015015015015,0,-0.14818693641,-0.543580149076,5,221
244,1,5.81146784044,0.0,6.0,0.014014014014,0,-0.519053024455,2.36862691381,5,92
245,1,6.77249301256,,10.0,0.016016016016,0,0.136220129494,1.36383262408,5,474
246,1,7.2163871752,7.0,9.0,0.02002002002,0,0.212395413041,1.57920093608,5,334
247,1,4.92070062647,,7.0,0.016016016016,0,-0.404910538838,1.13543224299,5,260
248,1,4.55682042223,,9.0,0.00900900900901,0,0.767214123174,-2.74482194729,5,902
249,0,11.1018343847,10.0,,0.012012012012,0,1.76424853713,0.80908877329,5,267
250,1,4.98727190064,,9.0,0.014014014014,0,-0.476929752056,1.4180611568,5,471
251,1,6.86129820112,5.0,10.0,0.018018018018,0,1.20271964455,-1.74686073253,5,725
252,1,5.92648215567,4.0,6.0,0.019019019019,0,0.747145669,-1.31495485133,5,379
253,1,10.1617467214,10.0,11.0,0.012012012012,1,1.94847087572,-0.6836659058,5,903
254,1,1.20576672382,1.0,4.0,0.013013013013,0,-0.751962861624,-1.5383446913,5,113
255,1,10.7947807085,10.0,12.0,0.016016016016,0,1.64070060259,0.872678900705,5,884
256,1,-1.20838006625,,1.0,0.018018018018,0,-2.09074142061,0.0638441955702,5,14
257,1,4.75777817914,,12.0,0.019019019019,0,-0.455107140742,1.12309960137,5,444
258,1,-5.27146739234,,3.0,0.014014014014,0,-3.23945638759,-0.553098229559,5,77
259,1,0.277954533816,,4.0,0.012012012012,0,-0.0939306089157,-4.44025363944,5,120
260,1,8.25525599797,4.0,11.0,0.014014014014,0,0.715908410827,1.10753076549,5,901
261,1,1.72881876362,0.0,8.0,0.013013013013,0,-0.504375397122,-1.75805504501,5,349
262,1,6.48176951781,1.0,10.0,0.011011011011,0,0.381679776975,0.336730186888,5,704
263,1,2.76555485816,1.0,13.0,0.024024024024,0,-0.00595143776589,-2.21659082855,5,489
264,1,1.96317264202,,3.0,0.031031031031,0,-0.898635188079,-0.340921793742,5,201
265,1,5.12092441985,2.0,7.0,0.01001001001,0,0.0232562404353,0.0511556985409,5,425
266,1,9.12163646376,4.0,11.0,0.013013013013,0,0.133047560319,3.72249378281,5,763
267,1,6.25789955333,2.0,8.0,0.021021021021,0,-0.517640871221,2.81082216699,5,354
268,1,9.26962110594,8.0,11.0,0.018018018018,0,1.51764016959,-0.283299402827,5,608
269,1,0.8386677071,0.0,3.0,0.014014014014,0,-1.26825073071,-0.356580100756,5,224
270,1,2.67843536946,,3.0,0.013013013013,0,-0.361582553835,-1.23681696904,5,129
271,1,2.10158761062,,4.0,0.016016016016,0,-0.849906141957,-0.348693963513,5,83
272,1,10.0072456308,,12.0,0.02002002002,0,1.61257156401,0.169530938795,5,441
273,1,15.3685769347,13.0,16.0,0.019019019019,0,2.39711299927,3.17723793689,5,848
274,1,7.30028273328,4.0,11.0,0.011011011011,0,-0.0514295259903,2.45457131126,5,609
275,1,5.09825337083,1.0,8.0,0.024024024024,0,0.417920148367,-1.15550707427,5,274
276,1,5.61439821356,5.0,11.0,0.013013013013,0,1.2453090132,-3.12152882602,5,519
277,1,3.54573075431,2.0,4.0,0.016016016016,0,-0.316246543653,-0.505529614732,5,149
278,1,7.95676527653,2.0,13.0,0.014014014014,0,0.618520211176,1.101204643,5,845
279,1,3.54913337342,,5.0,0.01001001001,0,-0.413325675938,-0.210889598765,5,368
280,1,4.69494330044,0.0,6.0,0.016016016016,0,-0.168723859734,0.201114879648,5,164
281,1,0.127965508143,0.0,2.0,0.015015015015,0,-1.17474835611,-1.34778942353,5,95
282,1,12.7914864607,12.0,13.0,0.013013013013,1,2.47341521024,0.371240830001,5,895
283,1,4.12758995452,,5.0,0.00800800800801,0,-0.638395660828,1.042776937,5,223
284,1,3.39389193714,2.0,4.0,0.013013013013,0,0.519775267876,-3.16543386649,5,324
285,1,3.73170647903,1.0,4.0,0.016016016016,0,-0.278433194567,-0.432993937271,5,126
286,1,0.165176943396,,1.0,0.016016016016,0,-0.864820233954,-2.24036235474,5,94
287,1,6.06796776466,5.0,8.0,0.00800800800801,0,0.385426405208,-0.0883114509697,5,737
288,1,4.56979158576,2.0,6.0,0.012012012012,0,-0.283633493503,0.420692066272,5,332
289,1,4.19064171785,1.0,6.0,0.014014014014,0,0.431854979553,-2.10492322081,5,406
290,1,0.151159169745,,3.0,0.01001001001,0,-0.68118971459,-2.80527168649,5,123
291,1,1.27320706056,,6.0,0.019019019019,0,-0.107494968267,-3.40430803464,5,239
292,1,6.40165952547,0.0,12.0,0.021021021021,0,0.434016069551,0.0996113168142,5,587
293,1,6.45044507485,6.0,12.0,0.013013013013,0,-0.0833485939325,1.70049085665,5,879
294,1,5.46760530855,,7.0,0.013013013013,0,0.0346583433772,0.363630278415,5,413
295,1,4.22305267426,3.0,8.0,0.018018018018,0,0.105521747232,-1.09351256744,5,454
296,1,2.52864684453,1.0,5.0,0.016016016016,0,-0.146699416044,-2.03125490734,5,186
297,1,2.50693160627,1.0,4.0,0.014014014014,0,0.196171913359,-3.08158413381,5,116
298,1,1.42417464061,,4.0,0.017017017017,0,-1.22626405993,0.102966820397,5,155
299,1,12.3032090929,9.0,14.0,0.017017017017,0,1.4931361892,2.82380052525,5,717
300,1,2.05675612649,0.0,8.0,0.011011011011,0,-0.432330061283,-1.64625368966,5,434
301,1,5.31802943521,4.0,6.0,0.00800800800801,0,-0.26263055562,1.10592110207,5,532
302,1,7.6515228665,2.0,9.0,0.01001001001,0,0.347775331873,1.60819687088,5,878
303,1,4.01537850417,3.0,5.0,0.012012012012,0,-0.928696695645,1.80146859111,5,512
304,1,12.52086665,9.0,13.0,0.016016016016,0,2.00064608482,1.51892839551,5,703
305,1,-0.324867561607,,0.0,0.017017017017,1,-1.80254110784,0.082755761905,5,125
306,1,6.2131381306,1.0,10.0,0.013013013013,0,-0.0582807271973,1.38798031219,5,656
307,1,4.8675530765,1.0,5.0,0.016016016016,0,0.0305779988207,-0.224180919961,5,259
308,1,-0.547801899642,,6.0,0.014014014014,0,-0.987306402292,-2.58588269276,5,353
309,1,-0.536253285833,,2.0,0.011011011011,0,-1.84862538411,0.00962286650675,5,280
310,1,6.51905601173,2.0,8.0,0.014014014014,0,0.330445830133,0.527718521337,5,388
311,1,10.5176283632,8.0,11.0,0.011011011011,0,1.41775540033,1.26436216222,5,875
312,1,6.00411991194,4.0,12.0,0.016016016016,0,0.295787941672,0.116756086929,5,496
313,1,3.48109329309,3.0,11.0,0.019019019019,0,-1.21334672916,2.12113348056,5,421
314,1,0.691140556368,,1.0,0.01001001001,0,-0.243788415785,-3.57749419628,5,39
315,0,12.0031044585,12.0,,0.012012012012,0,1.6745076576,1.97958148573,5,862
316,1,2.56226949468,2.0,7.0,0.00800800800801,0,-0.18526330978,-1.88194057598,5,412
317,1,2.05795021238,1.0,3.0,0.00900900900901,0,-1.19804800154,0.652094217008,5,93
318,1,5.28565260112,3.0,10.0,0.012012012012,0,0.149519056141,-0.162904567302,5,709
319,1,8.5607639844,0.0,9.0,0.00900900900901,0,-0.554686455484,5.22482335085,5,597
320,1,-0.285508601922,,2.0,0.026026026026,0,-0.457440419496,-3.91318734343,5,72
321,1,3.84352335338,3.0,5.0,0.011011011011,0,-0.14537837094,-0.720341533806,5,304
322,1,5.58955980376,0.0,6.0,0.011011011011,0,0.425153719762,-0.685901355528,5,343
323,1,6.52779502375,4.0,10.0,0.014014014014,0,0.783028519762,-0.821290535536,5,510
324,1,8.11045218389,4.0,12.0,0.021021021021,0,0.9128488001,0.371905783588,5,699
325,1,8.02543397695,6.0,11.0,0.013013013013,0,1.08168656549,-0.219625719529,5,859
326,1,-4.20855886626,,1.0,0.015015015015,0,-1.8086295452,-3.78267023065,5,63
327,1,7.33488653429,7.0,8.0,0.016016016016,1,0.203659509684,1.72390800524,5,451
328,1,6.24402057165,6.0,16.0,0.018018018018,0,0.0903367664251,0.973010272376,5,840
329,1,7.89835718603,7.0,8.0,0.013013013013,1,0.416652873288,1.64839856616,5,593
330,1,-1.13162647498,,6.0,0.019019019019,0,-1.14316065449,-2.70214451151,5,211
331,1,3.79839998457,3.0,8.0,0.012012012012,0,0.177339425847,-1.73361829297,5,439
332,1,3.79336190806,0.0,5.0,0.014014014014,0,-0.632214854267,0.690006470855,5,176
333,1,7.77760641821,0.0,15.0,0.016016016016,0,0.556877087976,1.10697515428,5,827
334,1,6.28838792161,1.0,11.0,0.015015015015,0,1.22503344093,-2.38671240117,5,697
335,1,6.45624630479,2.0,8.0,0.014014014014,0,0.150539884406,1.00462665157,5,232
336,1,5.09069061023,1.0,8.0,0.013013013013,0,-0.636031170363,1.99878412132,5,350
337,0,12.4076005915,8.0,,0.00900900900901,0,1.58627317541,2.64878106523,5,447
338,1,8.37222511486,,10.0,0.015015015015,0,0.583434740037,1.62192089475,5,502
339,1,5.08499132623,4.0,8.0,0.01001001001,0,-0.433064878665,1.38418596222,5,759
340,1,7.31824930199,4.0,13.0,0.017017017017,0,0.855969567476,-0.249659400442,5,463
341,1,2.54560368156,,11.0,0.012012012012,0,-0.135275192078,-2.0485707422,5,730
342,1,4.86485980298,4.0,8.0,0.02002002002,0,-0.0126784788409,-0.0971047604976,5,328
343,1,6.07799664517,1.0,7.0,0.01001001001,0,0.171587908529,0.563232919583,5,657
344,1,11.2231800484,11.0,12.0,0.014014014014,1,1.57983775846,1.48366677303,5,803
345,1,3.90776058975,3.0,5.0,0.016016016016,0,-0.164838428446,-0.597724124909,5,285
346,1,8.80285768958,2.0,10.0,0.011011011011,0,1.19016895618,0.232350821031,5,806
347,1,10.2673301468,0.0,11.0,0.013013013013,0,1.43093484896,0.974525599911,5,793
348,1,2.94429638628,,8.0,0.011011011011,0,-0.910344690389,0.67533045745,5,537
349,1,6.53444228904,6.0,7.0,0.00900900900901,1,0.787349507459,-0.827606233339,5,732
350,1,10.1817916769,9.0,12.0,0.013013013013,0,1.47035978161,0.770712332101,5,812
351,1,5.34558570642,2.0,10.0,0.013013013013,0,-0.540969610247,1.96849453717,5,606
352,1,2.185953795,2.0,3.0,0.012012012012,1,-0.318144528813,-1.85961261857,5,114
353,1,9.07827999909,9.0,10.0,0.012012012012,1,0.735085483283,1.87302354924,5,854
354,1,5.06283443592,4.0,10.0,0.016016016016,0,0.138199045327,-0.351762700062,5,588
355,1,8.92758110619,3.0,16.0,0.02002002002,0,0.696660039717,1.83760098704,5,821
356,1,0.279476864694,,1.0,0.012012012012,0,-0.567022940998,-3.01945431231,5,45
357,1,3.82494585187,0.0,7.0,0.017017017017,0,-0.639618661412,0.743801836108,5,559
358,1,0.902206267779,,1.0,0.01001001001,0,-0.489791061827,-2.62842054674,5,36
359,1,8.80979201274,8.0,10.0,0.01001001001,0,1.05229384632,0.652910473782,5,770
360,1,-1.03886625941,,15.0,0.018018018018,0,-1.68261720512,-0.991014644062,5,736
361,1,2.03623958658,0.0,16.0,0.017017017017,0,-1.54610827186,1.67456440217,5,764
362,1,7.97320070546,4.0,10.0,0.012012012012,0,0.112224218975,2.63652804854,5,378
363,1,10.4619549104,8.0,12.0,0.013013013013,0,1.44109347443,1.13867448708,5,822
364,1,-2.06471664668,,1.0,0.01001001001,0,-0.986014041625,-4.1066745218,5,195
365,1,3.99753724096,0.0,7.0,0.013013013013,0,0.0483039128177,-1.14737449749,5,279
366,0,14.2295116747,11.0,,0.011011011011,0,1.40994446695,4.99967827385,5,733
367,1,-0.855306591366,,1.0,0.011011011011,0,-1.57950326485,-1.11679679681,5,67
368,1,3.59036944796,,4.0,0.014014014014,0,-0.232371359854,-0.712516472475,5,230
369,1,9.14559800681,2.0,10.0,0.016016016016,0,0.478933713667,2.70879686581,5,594
370,1,-0.921390445531,,3.0,0.011011011011,0,-1.88178701166,-0.276029410544,5,108
371,1,10.9454606301,2.0,11.0,0.013013013013,0,0.5365156287,4.33591374404,5,729
372,1,2.04949536747,2.0,10.0,0.01001001001,0,-0.131080877346,-2.5572620005,5,824
373,0,11.90849135,11.0,,0.012012012012,0,0.851314797704,4.35454695689,5,393
374,1,5.37855494592,5.0,6.0,0.011011011011,1,0.143087045539,-0.050706190695,5,299
375,1,-0.549373803145,,0.0,0.013013013013,1,-2.28209100678,1.29689921721,5,46
376,1,1.85491449003,,2.0,0.014014014014,0,-0.787009259867,-0.784057730372,5,55
377,1,4.03216777443,3.0,5.0,0.014014014014,0,-1.08334033218,2.28218877097,5,288
378,1,-2.5984041129,,0.0,0.01001001001,1,-1.72919666009,-2.41081413262,5,9
379,1,6.86787251551,1.0,8.0,0.011011011011,0,0.333691709524,0.86679738694,5,423
380,1,5.33594644882,1.0,10.0,0.012012012012,0,0.994037413135,-2.64616579058,5,842
381,1,5.06885112656,4.0,8.0,0.017017017017,0,0.174969653239,-0.456057833159,5,480
382,1,7.8668903946,7.0,18.0,0.018018018018,0,0.367956899333,1.76301969659,5,910
383,1,6.52526341478,6.0,8.0,0.00900900900901,0,0.369305945236,0.41734557907,5,585
384,1,-2.34765708912,,3.0,0.017017017017,0,-0.427415889268,-6.06540942131,5,66
385,1,-0.268211204158,,1.0,0.014014014014,0,-0.386993112309,-4.10723186723,5,12
386,1,13.6188014685,12.0,14.0,0.02002002002,0,1.20061772818,5.01694828399,5,831
387,1,4.30362685099,,5.0,0.014014014014,0,-0.920537689225,2.06523991867,5,248
388,1,2.88601396404,,13.0,0.017017017017,0,-1.18459250402,1.4397914761,5,572
389,1,5.48702892465,3.0,8.0,0.011011011011,0,0.570506646786,-1.2244910157,5,503
390,1,3.14652330133,1.0,10.0,0.014014014014,0,-0.539124036983,-0.236104587725,5,675
391,1,8.18752641473,,9.0,0.012012012012,0,0.805611830354,0.77069092367,5,540
392,1,1.84643523318,1.0,2.0,0.01001001001,1,-0.397876568808,-1.9599350604,5,207
393,1,2.07339327707,2.0,9.0,0.012012012012,0,-0.629171185248,-1.03909316718,5,488
394,1,3.31521537176,3.0,8.0,0.016016016016,0,-0.00684174571173,-1.6642593911,5,618
395,1,7.62657169289,7.0,8.0,0.00900900900901,1,0.823526633375,0.155991792767,5,546
396,1,10.1292061379,10.0,13.0,0.014014014014,0,1.51352470508,0.588632022653,5,613
397,1,5.03747529406,3.0,8.0,0.015015015015,0,-0.184569640987,0.591184217025,5,626
398,1,4.43098223005,0.0,6.0,0.014014014014,0,-0.450328286297,0.781967088942,5,298
399,1,4.11179348185,4.0,5.0,0.011011011011,1,-0.614768972013,0.95610039789,5,339
400,1,4.7962829964,2.0,11.0,0.016016016016,0,0.562317310825,-1.89066893607,5,589
401,1,6.42026066215,5.0,8.0,0.011011011011,0,-0.108108710585,1.7445867939,5,768
402,1,6.11238615764,4.0,12.0,0.012012012012,0,0.646986177388,-0.828572374522,5,908
403,1,6.29317897467,0.0,8.0,0.011011011011,0,0.373769047394,0.171871832491,5,650
404,1,0.22772036077,,1.0,0.011011011011,0,-1.57904894959,-0.0351327904689,5,23
405,1,3.94967183805,,6.0,0.00900900900901,0,-0.447075434841,0.290898142571,5,455
406,1,9.08924933589,9.0,10.0,0.011011011011,1,1.29749252645,0.196771756536,5,811
407,1,-1.33344380398,,7.0,0.015015015015,0,-1.49154759358,-1.85880102324,5,418
408,1,6.56883951649,5.0,11.0,0.015015015015,0,-0.501561724597,3.07352469028,5,828
409,1,4.15122193405,2.0,5.0,0.013013013013,0,-0.196056410569,-0.260608834246,5,297
410,1,0.252676383063,0.0,7.0,0.01001001001,0,-0.509945578323,-3.21748688197,5,702
411,1,5.55126424034,5.0,6.0,0.00900900900901,1,-0.121092478181,0.91454167488,5,331
412,1,7.26254337947,,8.0,0.014014014014,0,0.637106140085,0.35122495921,5,564
413,1,-3.57306795126,,0.0,0.01001001001,1,-1.44631830763,-4.23411302839,5,32
414,1,3.14829663242,2.0,7.0,0.014014014014,0,-0.868081632631,0.75254153031,5,505
415,0,10.4819990039,9.0,,0.00900900900901,0,1.55369111841,0.820925648698,5,765
416,1,7.0792948335,7.0,10.0,0.011011011011,0,0.601921636415,0.273529924256,5,872
417,1,3.15360624329,3.0,12.0,0.013013013013,0,0.203449005378,-2.45674077284,5,746
418,1,7.12874720616,7.0,9.0,0.012012012012,0,-0.0450780004906,2.26398120763,5,662
419,1,4.75399916565,0.0,11.0,0.011011011011,0,0.669981211666,-2.25594446935,5,798
420,1,8.36681892703,6.0,10.0,0.012012012012,0,0.680887482826,1.32415647855,5,855
421,1,-0.446812002717,,1.0,0.011011011011,0,-0.848418243294,-2.90155727284,5,6
422,1,2.48872455771,0.0,4.0,0.00800800800801,0,-0.380980608831,-1.36833361579,5,219
423,1,8.62978094882,8.0,10.0,0.011011011011,0,1.36137267856,-0.454337086869,5,813
424,1,5.6218593077,1.0,7.0,0.015015015015,0,0.223583630292,-0.0488915831785,5,401
425,1,3.97546085553,0.0,4.0,0.011011011011,0,0.627163008604,-2.90602817028,5,283
426,1,9.18573602729,8.0,10.0,0.011011011011,0,0.0263230405826,4.10676690554,5,881
427,1,7.53428021429,3.0,10.0,0.012012012012,0,0.539212751488,0.916641959829,5,570
428,1,6.3021935525,0.0,8.0,0.01001001001,0,0.991541858253,-1.67243202225,5,748
429,1,9.71301268403,6.0,10.0,0.012012012012,0,1.39039987435,0.541813060991,5,792
430,1,7.98930552134,5.0,10.0,0.014014014014,0,0.189955124744,2.41944014711,5,738
431,1,4.67089055272,0.0,6.0,0.00900900900901,0,-0.06343058146,-0.138817702901,5,485
432,1,-5.21357700986,,4.0,0.012012012012,0,-1.57388577684,-5.49191967936,5,204
433,1,5.05608690377,2.0,7.0,0.00900900900901,0,0.827934901211,-2.42771779986,5,493
434,1,5.23190992927,3.0,8.0,0.014014014014,0,0.249808780666,-0.517516412723,5,461
435,1,8.11348212988,8.0,9.0,0.011011011011,1,0.589820098575,1.34402183415,5,894
436,1,1.72119934107,,3.0,0.01001001001,0,-0.0432303444376,-3.14910962562,5,156
437,1,6.61567899836,6.0,9.0,0.012012012012,0,-0.329063293042,2.60286887749,5,520
438,0,12.2018419895,10.0,,0.012012012012,0,2.13789529822,0.788156094864,5,21
439,1,5.47812615426,0.0,6.0,0.011011011011,0,0.18253665715,-0.0694838171851,5,492
440,1,4.30159192179,0.0,9.0,0.012012012012,0,-0.708475871462,1.42701953617,5,718
441,1,4.93672331448,3.0,9.0,0.011011011011,0,-0.137758047176,0.349997456003,5,660
442,1,6.01603050671,6.0,9.0,0.015015015015,0,0.201402366368,0.411823407608,5,647
443,1,1.19822533553,0.0,3.0,0.017017017017,0,-0.580519453306,-2.06021630455,5,165
444,1,9.79964081118,8.0,10.0,0.016016016016,0,1.40257883143,0.591904316898,5,386
445,1,7.41019072526,0.0,8.0,0.011011011011,0,0.495581420325,0.923446464287,5,544
446,1,7.99157031432,7.0,9.0,0.011011011011,0,1.18064139118,-0.550353859225,5,898
447,0,14.0281746339,10.0,,0.011011011011,0,2.36532488875,1.93219996766,5,36
448,1,8.89252431255,5.0,18.0,0.02002002002,0,0.823055661516,1.423357328,5,785
449,1,1.89067320404,,2.0,0.011011011011,0,-1.89118571814,2.56423035847,5,270
450,1,5.33269790714,,7.0,0.01001001001,0,0.233066724409,-0.366502266082,5,566
451,1,6.58666289325,6.0,8.0,0.01001001001,0,0.474328460581,0.16367751151,5,624
452,0,9.97037581573,9.0,,0.012012012012,0,1.9217012164,-0.794727833463,5,567
453,1,1.66711672301,1.0,2.0,0.01001001001,1,-0.47180031505,-1.91748233184,5,216
454,1,4.41447257239,,6.0,0.01001001001,0,-0.527278325368,0.996307548493,5,405
455,1,13.9980129068,12.0,14.0,0.016016016016,0,1.53259228294,4.40023605796,5,829
456,1,6.03326164683,5.0,8.0,0.01001001001,0,0.371164506808,-0.0802318735968,5,672
457,1,7.19847952338,7.0,12.0,0.013013013013,0,0.709917088647,0.0687282574375,5,713
458,1,1.0380857732,,5.0,0.018018018018,0,-0.501455387003,-2.45754806579,5,190
459,1,4.86700278883,,7.0,0.011011011011,0,-0.170912144475,0.379739222255,5,680
460,1,8.73757814639,,11.0,0.013013013013,0,0.840129247959,1.21719040251,5,550
461,1,3.8316126441,1.0,9.0,0.014014014014,0,-0.0518341481212,-1.01288491154,5,522
462,1,4.99690496524,3.0,5.0,0.01001001001,0,0.753685027932,-2.26415011856,5,529
463,1,0.511561722029,,1.0,0.00900900900901,0,-0.913367379887,-1.74833613831,5,53
464,1,7.81680767615,0.0,12.0,0.014014014014,0,1.36806050729,-1.28737384572,5,685
465,1,2.72416257693,,4.0,0.00900900900901,0,-0.751748798468,-0.0205910276629,5,185
466,1,8.88736391923,8.0,9.0,0.011011011011,1,1.55944909732,-0.790983372731,5,756
467,1,2.73353328967,2.0,3.0,0.00900900900901,1,-0.109749385218,-1.93721855468,5,233
468,1,5.15437520911,2.0,6.0,0.014014014014,0,0.309640561183,-0.774546474437,5,253
469,0,9.18958017206,9.0,,0.00900900900901,0,0.773639327186,1.8686621905,5,601
470,1,-0.811407899997,,3.0,0.01001001001,0,-1.14577754968,-2.37407525095,5,150
471,1,2.77060330173,1.0,3.0,0.015015015015,0,0.0303047608286,-2.32031098075,5,214
472,1,9.20022603801,7.0,13.0,0.016016016016,0,1.64404776095,-0.731917244844,5,646
473,1,10.3239246773,1.0,11.0,0.011011011011,0,2.20699385267,-1.29705688075,5,844
474,1,-0.442304007801,,3.0,0.01001001001,0,-1.10330674002,-2.13238378773,5,269
475,1,7.21836545926,3.0,9.0,0.013013013013,0,0.990598322238,-0.753429507457,5,715
476,0,11.0835117848,9.0,,0.00900900900901,0,1.46757481303,1.68078734575,5,563
477,1,7.62708204014,7.0,8.0,0.00800800800801,1,0.682325049257,0.580106892367,5,896
478,1,7.92448048649,7.0,8.0,0.00800800800801,1,1.68269681142,-2.12360994779,5,808
479,1,9.46142695527,9.0,10.0,0.011011011011,1,1.64317271272,-0.468091182878,5,880
480,1,1.63415688634,,11.0,0.013013013013,0,-1.07424093884,-0.143120297145,5,860
481,1,6.61219137999,0.0,7.0,0.011011011011,0,1.13548094431,-1.79425145294,5,494
482,1,5.00898853561,5.0,6.0,0.00800800800801,1,0.460536662894,-1.37262145307,5,752
483,1,-1.33054255952,,2.0,0.012012012012,0,-1.33021531453,-2.33989661592,5,49
484,1,7.2837922942,3.0,12.0,0.012012012012,0,0.340640597194,1.26187050262,5,781
485,1,0.0137995856637,,1.0,0.016016016016,0,-1.56544872012,-0.289854253989,5,85
486,1,6.39395649001,6.0,11.0,0.014014014014,0,0.333640511884,0.393034954361,5,825
487,1,5.00861256004,4.0,6.0,0.01001001001,0,0.383679396798,-1.14242563035,5,478
488,1,1.92838028273,,3.0,0.015015015015,0,-0.690294843217,-1.00073518762,5,210
489,1,-0.32438345906,,3.0,0.013013013013,0,-2.11115283995,1.0090750608,5,177
490,1,5.55819596064,4.0,7.0,0.012012012012,0,-0.931195738969,3.35178317755,5,666
491,1,2.58317681534,,3.0,0.00900900900901,0,-0.192952580387,-1.8379654435,5,226
492,1,9.29882678732,9.0,10.0,0.013013013013,1,0.929300618572,1.5109249316,5,557
493,1,-2.32202461782,,0.0,0.015015015015,1,-1.56162652042,-2.63714505657,5,16
494,1,2.32177409333,1.0,5.0,0.014014014014,0,-0.624579673127,-0.804486887291,5,118
495,1,1.72198114662,1.0,9.0,0.01001001001,0,-1.04704458612,-0.136885095014,5,632
496,1,8.84548818589,6.0,9.0,0.01001001001,0,0.648798250963,1.899093433,5,640
497,1,1.89887811119,1.0,3.0,0.012012012012,0,-0.957320996582,-0.229158899068,5,87
498,1,4.06800094646,4.0,6.0,0.011011011011,0,-0.131880897561,-0.536356360855,5,240
499,1,5.97015301413,4.0,8.0,0.00800800800801,0,0.28336591182,0.12005527867,5,775
500,1,7.12891311305,7.0,10.0,0.013013013013,0,0.792625523642,-0.248963457873,5,786
501,1,3.63387746753,0.0,9.0,0.011011011011,0,-0.72712182644,0.815242946847,5,472
502,1,4.83091215882,1.0,6.0,0.01001001001,0,-0.11476091649,0.175194908293,5,499
503,1,4.61005816512,2.0,6.0,0.014014014014,0,0.114353770924,-0.733003147647,5,615
504,1,0.0803544092878,,5.0,0.012012012012,0,-1.19941928294,-1.3213877419,5,524
505,1,0.321157811987,0.0,1.0,0.00900900900901,1,-1.19169970612,-1.10374306964,5,255
506,1,3.49961106272,1.0,8.0,0.013013013013,0,-0.0546454760942,-1.336452509,5,330
507,1,7.66557630787,7.0,8.0,0.01001001001,1,0.202885946889,2.0569184672,5,900
508,1,1.39533552693,0.0,4.0,0.01001001001,0,-0.446347385758,-2.26562231579,5,257
509,1,3.50946566971,3.0,4.0,0.00900900900901,1,0.203271023545,-2.10034740093,5,175
510,1,7.04081861612,6.0,8.0,0.01001001001,0,-0.479140620227,3.4782404768,5,794
511,1,4.80631621553,3.0,8.0,0.00800800800801,0,-0.877743193504,2.43954579604,5,789
512,1,4.51460094069,4.0,10.0,0.013013013013,0,0.415941553059,-1.73322371849,5,591
513,1,2.75084074354,2.0,3.0,0.00900900900901,1,0.102212273451,-2.55579607681,5,128
514,1,1.02161806672,,8.0,0.013013013013,0,-0.313979876921,-3.03644230251,5,569
515,1,5.41863960477,2.0,10.0,0.015015015015,0,0.616218237179,-1.43001510677,5,528
516,1,4.10404271968,4.0,10.0,0.01001001001,0,1.13395373234,-4.29781847735,5,820
517,0,8.05040471743,8.0,,0.00900900900901,0,0.821459252602,0.586026959626,5,902
518,1,1.1715047141,0.0,9.0,0.013013013013,0,-0.379331156477,-2.69050181647,5,561
519,1,3.31814177551,3.0,4.0,0.013013013013,1,-0.413956245486,-0.439989488035,5,291
520,1,5.46147007265,2.0,8.0,0.012012012012,0,-0.0807489565921,0.703716942422,5,443
521,1,11.9761958599,7.0,13.0,0.019019019019,0,1.44176514609,2.65090042166,5,705
522,1,5.8552311775,3.0,10.0,0.012012012012,0,-0.256416414378,1.62448042063,5,849
523,0,9.49893021993,8.0,,0.00800800800801,0,-0.168326879834,5.00391085943,5,17
524,1,-2.98207724279,,0.0,0.011011011011,1,-1.34535313798,-3.94601782885,5,7
525,1,8.79149218538,8.0,10.0,0.018018018018,0,0.998179274603,0.796954361567,5,757
526,1,6.83824318652,,10.0,0.014014014014,0,-0.507713716534,3.36138433612,5,450
527,1,-1.0044554973,,0.0,0.011011011011,1,-1.61308045208,-1.16521414106,5,28
528,1,4.58476597722,4.0,9.0,0.00900900900901,0,-0.72196790615,1.75066969568,5,782
529,1,8.82945411548,7.0,9.0,0.00900900900901,0,2.03148938192,-2.26501403028,5,773
530,1,3.21450528094,0.0,7.0,0.00800800800801,0,-0.597740002891,0.00772528961835,5,433
531,1,0.0386427542429,,2.0,0.011011011011,0,-0.8462265101,-2.42267771546,5,109
532,1,1.89101869466,1.0,9.0,0.01001001001,0,-1.39462376951,1.07489000318,5,836
533,1,6.2833864746,1.0,10.0,0.01001001001,0,-0.290386658244,2.15454644933,5,867
534,1,5.98205722168,5.0,8.0,0.013013013013,0,-0.134279161088,1.38489470495,5,531
535,1,3.45440161761,1.0,5.0,0.01001001001,0,-0.628881025706,0.341044694732,5,289
536,1,4.43429610068,4.0,7.0,0.00900900900901,0,-0.0917638757667,-0.290412272024,5,670
537,1,1.85409534118,0.0,2.0,0.012012012012,0,-0.130362650857,-2.75481670625,5,228
538,0,9.23863338437,9.0,,0.00900900900901,0,1.58468388667,-0.51541827565,5,335
539,1,8.05668971843,0.0,10.0,0.01001001001,0,0.292257481322,2.17991727447,5,838
540,1,-2.24216919625,,0.0,0.00800800800801,1,-2.62132764713,0.621813745153,5,20
541,1,1.72309076031,,7.0,0.00900900900901,0,-0.681264167447,-1.23311673735,5,500
542,1,-1.39263282184,,1.0,0.013013013013,0,-2.16047286298,0.0887857670959,5,30
543,1,6.67120812905,2.0,7.0,0.01001001001,0,-0.712915626301,3.80995500795,5,659
544,1,5.06202807392,4.0,6.0,0.011011011011,0,0.209014938219,-0.565016740737,5,345
545,0,9.94599529044,9.0,,0.00900900900901,0,1.404428386,0.732710132436,5,231
546,1,6.35935305186,3.0,9.0,0.012012012012,0,0.219495024259,0.700867979088,5,663
547,1,5.93611496978,5.0,7.0,0.00800800800801,0,0.672758327105,-1.08216001154,5,771
548,1,9.638608769,9.0,10.0,0.011011011011,1,0.864322694758,2.04564068473,5,892
549,0,13.0555975019,10.0,,0.011011011011,0,1.69191067962,2.97986546303,5,598
550,1,1.86393642563,,9.0,0.012012012012,0,-0.954150217835,-0.273612920869,5,382
551,1,3.0720700248,3.0,8.0,0.01001001001,0,-0.108430091167,-1.6026397017,5,516
552,1,2.97339115779,0.0,4.0,0.01001001001,0,-0.769955866954,0.283258758656,5,275
553,1,3.26054234228,0.0,5.0,0.013013013013,0,-0.790783123543,0.632891712911,5,424
554,1,1.86876501163,1.0,4.0,0.00900900900901,0,-0.300900909319,-2.22853226041,5,208
555,1,-0.690494730033,,0.0,0.00900900900901,1,-0.294083806138,-4.80824331162,5,13
556,1,0.502418362674,,2.0,0.01001001001,0,-1.17155706394,-0.982910445504,5,102
557,1,2.71755699783,2.0,5.0,0.012012012012,0,-1.21277705078,1.35588815017,5,384
558,1,4.01470552798,0.0,5.0,0.00900900900901,0,0.381864379304,-2.13088760993,5,486
559,1,2.18328496019,1.0,6.0,0.012012012012,0,-0.96464065017,0.0772069107056,5,596
560,1,5.58834291009,0.0,8.0,0.011011011011,0,-0.077420420708,0.820604172216,5,342
561,1,6.21198957761,4.0,9.0,0.014014014014,0,-0.118632352096,1.5678866339,5,619
562,1,-1.19331439475,,2.0,0.01001001001,0,-0.696112286113,-4.10497753641,5,146
563,0,9.70819930726,9.0,,0.01001001001,0,1.28901972648,0.841140127815,5,27
564,1,-3.23575839515,,1.0,0.014014014014,0,-1.1402789461,-4.81492155685,5,79
565,1,2.74231901968,0.0,3.0,0.01001001001,0,0.781583043215,-4.60243010997,5,268
566,1,5.71955092375,4.0,9.0,0.01001001001,0,0.812127359859,-1.71683115583,5,801
567,1,-3.95294766729,,3.0,0.00900900900901,0,-1.15489585159,-5.48826011252,5,300
568,1,7.19615615336,1.0,9.0,0.01001001001,0,0.333557440138,1.19548383295,5,762
569,1,0.174718660714,,8.0,0.00800800800801,0,-1.01146608673,-1.79088307911,5,580
570,0,10.1140385479,8.0,,0.00800800800801,0,0.692221865314,3.03737295191,5,39
571,1,2.31327296601,1.0,3.0,0.00900900900901,0,-1.2785545654,1.14893666222,5,266
572,1,1.1427544369,1.0,4.0,0.01001001001,0,-0.804832375961,-1.44274843522,5,227
573,1,7.82386887703,7.0,8.0,0.014014014014,1,1.19808687995,-0.770391762831,5,465
574,1,0.0995165251451,0.0,3.0,0.00800800800801,0,-1.39957553068,-0.70175688281,5,241
575,1,4.4318771059,0.0,7.0,0.00900900900901,0,-0.199451339779,0.0302311252336,5,751
576,1,8.61906280452,,9.0,0.011011011011,0,1.20074459614,0.0168290160982,5,605
577,1,0.370486424169,0.0,3.0,0.011011011011,0,-1.70614202806,0.488912508351,5,360
578,1,3.41441003324,,9.0,0.013013013013,0,-0.141766625014,-1.16029009172,5,788
579,1,2.25286770971,,6.0,0.015015015015,0,-1.07802341681,0.486937960142,5,286
580,1,4.40560706733,2.0,6.0,0.012012012012,0,-0.337988864645,0.419573661259,5,303
581,1,3.48987156618,2.0,10.0,0.011011011011,0,-0.734895027354,0.694556648247,5,599
582,1,5.71472272164,0.0,7.0,0.00800800800801,0,0.456569994756,-0.654987262631,5,366
583,1,5.1817844289,2.0,10.0,0.013013013013,0,0.232301376743,-0.515119701327,5,747
584,1,7.13213384527,0.0,10.0,0.011011011011,0,0.504567061803,0.618432659858,5,506
585,1,0.377432746777,,9.0,0.012012012012,0,-1.14912285027,-1.17519870242,5,682
586,0,10.6031568655,10.0,,0.011011011011,0,1.36056771032,1.52145373456,5,275
587,1,6.8593458848,3.0,9.0,0.00900900900901,0,0.221946177349,1.19350735275,5,576
588,1,-1.15794053418,,0.0,0.00800800800801,1,-1.85944485326,-0.579605974392,5,50
589,1,5.1502742465,3.0,7.0,0.01001001001,0,1.48325236036,-4.29948283457,5,507
590,1,6.595166268,6.0,8.0,0.011011011011,0,0.115021898723,1.25010057184,5,446
591,1,9.35614589152,8.0,10.0,0.011011011011,0,1.15531724004,0.890194171391,5,889
592,0,12.0299918075,10.0,,0.01001001001,0,1.82846247348,1.5446043871,5,351
593,0,11.3347163947,8.0,,0.00800800800801,0,1.48204219899,1.88858979776,5,644
594,1,4.49835250163,1.0,6.0,0.00800800800801,0,0.0723919717894,-0.718823413735,5,533
595,1,0.463775141316,,2.0,0.012012012012,0,-0.703649680801,-2.42527581628,5,399
596,1,0.92000274395,0.0,4.0,0.00800800800801,0,-1.0219757502,-1.01407000546,5,244
597,1,5.49288860582,5.0,8.0,0.00900900900901,0,-0.19077366938,1.06520961396,5,484
598,1,1.54369362881,0.0,6.0,0.011011011011,0,-0.839404358671,-0.938093295176,5,504
599,1,1.3610644528,,2.0,0.012012012012,0,-0.157687321479,-3.16587358276,5,100
600,1,5.8695570077,5.0,9.0,0.00900900900901,0,-0.922185238032,3.6361127218,5,873
601,1,0.293998925631,0.0,1.0,0.00900900900901,1,-0.746677988387,-2.46596710921,5,48
602,1,7.88769698819,7.0,8.0,0.00800800800801,1,-0.0185399611048,2.94331687151,5,832
603,1,4.04324656199,4.0,8.0,0.00800800800801,0,1.48355509087,-5.40741871062,5,864
604,1,6.89204800408,6.0,11.0,0.012012012012,0,1.09338901225,-1.38811903267,5,731
605,1,6.23785968184,0.0,11.0,0.011011011011,0,0.841672966994,-1.28715921914,5,865
606,0,18.592278442,10.0,,0.01001001001,0,4.06969589,1.38319077206,5,331
607,1,7.34829556332,7.0,8.0,0.00800800800801,1,0.791299709258,-0.0256035644503,5,846
608,1,1.25539998316,1.0,7.0,0.011011011011,0,-1.0437950171,-0.613214965538,5,633
609,1,0.409852933981,,1.0,0.01001001001,0,-1.846386001,0.949010936987,5,170
610,1,3.81435868855,3.0,6.0,0.00900900900901,0,0.337705593899,-2.19875809315,5,470
611,1,5.60237308156,4.0,7.0,0.01001001001,0,-0.118470640068,0.957785001763,5,616
612,1,2.87669592807,,4.0,0.00900900900901,0,-0.703330829952,-0.0133115820724,5,361
613,1,8.37498142645,7.0,9.0,0.011011011011,0,1.06096418401,0.192088874426,5,862
614,1,3.77874995403,2.0,6.0,0.00800800800801,0,0.937386517159,-4.03340959745,5,617
615,1,2.47238397364,1.0,4.0,0.012012012012,0,-0.723192286163,-0.358039167867,5,307
616,1,5.83133267521,0.0,10.0,0.01001001001,0,-0.154507432879,1.29485497384,5,694
617,1,6.31014548136,,8.0,0.00800800800801,0,0.595970736989,-0.477766729606,5,810
618,1,5.61523687104,5.0,6.0,0.013013013013,1,-0.38244470023,1.76257097173,5,525
619,1,4.14313318955,4.0,5.0,0.00800800800801,1,-0.0674308502349,-0.654574259742,5,638
620,1,3.04861699282,2.0,8.0,0.00800800800801,0,-1.10943937679,1.37693512318,5,852
621,1,4.79946509384,1.0,7.0,0.011011011011,0,-0.963024347018,2.68853813489,5,545
622,1,7.24787319151,6.0,9.0,0.011011011011,0,1.2614217051,-1.53639192379,5,741
623,0,11.994907388,10.0,,0.01001001001,0,1.63459866594,2.09111139018,5,673
624,1,3.56015602767,0.0,4.0,0.01001001001,0,-1.42862641438,2.84603527082,5,380
625,1,3.17519857641,0.0,8.0,0.011011011011,0,0.00228159527171,-1.8316462094,5,584
626,1,4.46325420475,,7.0,0.00800800800801,0,-0.254100468723,0.225555610925,5,554
627,1,4.60370657604,3.0,5.0,0.00800800800801,0,-0.203645036641,0.214641685963,5,595
628,1,2.94766200059,,3.0,0.00900900900901,0,0.271331005536,-2.86633101602,5,37
629,1,2.94309280921,2.0,6.0,0.00900900900901,0,-0.307241474786,-1.13518276643,5,614
630,1,4.75446284587,3.0,6.0,0.011011011011,0,-0.0922435407216,0.0311934680385,5,282
631,1,1.22149772659,1.0,2.0,0.00900900900901,1,-0.850482777817,-1.22705393996,5,141
632,1,2.89813221702,,6.0,0.00900900900901,0,-0.67171274755,-0.0867295403331,5,674
633,1,3.8662521724,3.0,4.0,0.01001001001,1,-0.281728926889,-0.288561046937,5,487
634,1,3.73452131264,1.0,6.0,0.015015015015,0,-0.267230302052,-0.463787781206,5,142
635,1,2.39893344078,2.0,3.0,0.00900900900901,1,-0.702238090764,-0.494352286924,5,148
636,0,10.2784772239,9.0,,0.00900900900901,0,1.91709928319,-0.472820625625,5,621
637,1,7.86102975855,7.0,9.0,0.011011011011,0,1.17885791429,-0.675543984311,5,891
638,1,6.62306419556,6.0,8.0,0.00800800800801,0,-0.330363177587,2.61415372832,5,552
639,0,14.2391113264,9.0,,0.01001001001,0,1.96801961578,3.33505247906,5,500
640,1,6.61244485568,5.0,8.0,0.00800800800801,0,0.541508733252,-0.0120813440779,5,739
641,1,-2.75303488742,,0.0,0.01001001001,1,-1.64139623901,-2.8288461704,5,76
642,1,1.89582065311,,4.0,0.00900900900901,0,-0.497275343264,-1.61235331709,5,600
643,1,6.09215055611,5.0,8.0,0.01001001001,0,0.00781884723685,1.0686940144,5,581
644,1,1.83164849144,,2.0,0.011011011011,0,-0.936521140472,-0.358788087149,5,236
645,1,5.93276723155,3.0,8.0,0.00900900900901,0,0.703658960124,-1.17820964882,5,696
646,1,6.3002475624,6.0,7.0,0.00800800800801,1,0.227137983361,0.618833612315,5,578
647,1,1.81176869224,0.0,6.0,0.01001001001,0,-1.42498112078,1.08671205458,5,513
648,1,-1.37667495974,,5.0,0.01001001001,0,-1.09047016584,-3.10526446223,5,315
649,1,2.87465581305,1.0,3.0,0.011011011011,0,-0.156256647513,-1.65657424441,5,112
650,1,2.05044660192,,4.0,0.00900900900901,0,-1.35199009187,1.10641687753,5,183
651,0,12.0021057188,10.0,,0.01001001001,0,2.00752292624,0.979536940052,5,9
652,1,5.87980798145,,6.0,0.00900900900901,0,0.775562603863,-1.44687983013,5,714
653,1,-4.90110483969,,6.0,0.00800800800801,0,-2.56235870225,-2.21402873296,5,264
654,1,7.96670830156,1.0,9.0,0.012012012012,0,-0.353713969601,4.02785021037,5,477
655,1,1.43443117705,1.0,6.0,0.00900900900901,0,-0.989067681219,-0.598365779292,5,292
656,1,10.7597872283,6.0,12.0,0.013013013013,0,1.61974993943,0.900537410028,5,555
657,0,10.4190534109,10.0,,0.012012012012,0,1.21303121868,1.77995975486,5,900
658,1,3.76201606682,1.0,5.0,0.00800800800801,0,0.472957999015,-2.65685793023,5,336
659,1,1.74314243008,0.0,2.0,0.00900900900901,0,-1.24520340296,0.478752638972,5,168
660,0,11.0020596306,8.0,,0.00800800800801,0,0.721677740144,3.83702641017,5,850
661,1,0.158170782379,,3.0,0.011011011011,0,-0.799605495217,-2.44301273197,5,159
662,1,1.99679725167,,6.0,0.011011011011,0,-0.596727755731,-1.21301948113,5,482
663,1,-2.01052605411,,4.0,0.00800800800801,0,-2.53077014453,0.581784379468,5,197
664,1,-0.306394562924,,0.0,0.011011011011,1,-1.62223590429,-0.43968685004,5,2
665,1,4.00635705422,3.0,8.0,0.00900900900901,0,-0.0204510364557,-0.932289836412,5,565
666,1,3.44970113696,2.0,6.0,0.015015015015,0,0.360235311407,-2.63100479726,5,390
667,0,15.2088105083,9.0,,0.01001001001,0,1.68600243178,5.15080321293,5,587
668,1,2.06850109632,2.0,6.0,0.00800800800801,0,-0.585287638059,-1.17563598951,5,305
669,1,4.08553269827,3.0,6.0,0.01001001001,0,-0.0969357933869,-0.623659921574,5,449
670,1,2.49963247726,1.0,3.0,0.00800800800801,0,-0.59191988193,-0.724607876952,5,196
671,1,4.60381539242,0.0,8.0,0.00800800800801,0,-0.292274283811,0.480638243854,5,866
672,1,8.91236556623,8.0,9.0,0.011011011011,1,0.762360716268,1.62528341743,5,850
673,1,4.58259948175,4.0,5.0,0.01001001001,1,-0.0245317690829,-0.343805210997,5,393
674,0,13.3741041242,11.0,,0.012012012012,0,2.01320979318,2.33447474469,5,295
675,1,4.06806552069,4.0,5.0,0.00900900900901,1,0.547007049233,-2.57295562701,5,651
676,1,4.96264928714,3.0,7.0,0.00800800800801,0,0.519509542853,-1.59587934142,5,735
677,1,7.154108243,,9.0,0.01001001001,0,1.23732023754,-1.55785246963,5,711
678,1,4.79932896312,,6.0,0.011011011011,0,-0.0303404918702,-0.109649561269,5,410
679,1,3.8920420082,3.0,4.0,0.01001001001,1,-0.508178926201,0.416578786801,5,256
680,1,7.63903727056,2.0,10.0,0.01001001001,0,0.0394172078282,2.52078564708,5,744
681,1,4.40885537678,4.0,7.0,0.00900900900901,0,-1.15977914281,2.88819280522,5,517
682,1,5.29558855762,1.0,8.0,0.011011011011,0,0.311566147807,-0.639109885804,5,527
683,1,-1.59786461394,,2.0,0.00900900900901,0,-1.70447659447,-1.48443483055,5,121
684,0,9.26698313783,8.0,,0.00800800800801,0,0.778745878317,1.93074550288,5,79
685,1,0.529012983451,,5.0,0.00800800800801,0,-0.472156303644,-3.05451810562,5,251
686,1,0.346534807792,,3.0,0.01001001001,0,-1.97037954614,1.25767344621,5,308
687,1,7.54891367918,6.0,8.0,0.00900900900901,0,0.323883149016,1.57726423213,5,869
688,1,4.79476456798,4.0,7.0,0.00800800800801,0,-0.0812930786644,0.0386438039707,5,416
689,1,5.27032740087,5.0,8.0,0.012012012012,0,0.262035612825,-0.515779437605,5,679
690,1,5.5855911512,5.0,7.0,0.00800800800801,0,0.0762391737398,0.356873629977,5,870
691,1,5.87906984139,5.0,7.0,0.01001001001,0,0.761728809605,-1.40611658743,5,815
692,1,3.60259789177,2.0,6.0,0.00800800800801,0,-0.083612109622,-1.14656577937,5,358
693,1,1.81114574744,0.0,5.0,0.00900900900901,0,-0.622931470836,-1.32005984005,5,231
694,0,13.0158011897,8.0,,0.00900900900901,0,1.866242541,2.41707356673,5,803
695,0,10.1814606539,10.0,,0.011011011011,0,1.60162730653,0.376578734288,5,901
696,1,4.57255292446,3.0,7.0,0.00800800800801,0,-0.770729230953,1.88474061732,5,719
697,1,4.58445492558,,5.0,0.00800800800801,0,-1.33455748794,3.5881273894,5,556
698,1,2.59907608655,2.0,3.0,0.00900900900901,1,-0.0836211834214,-2.15006036318,5,325
699,1,2.77776912379,1.0,7.0,0.011011011011,0,-1.36663159273,1.87766390199,5,457
700,1,3.27533944367,1.0,5.0,0.01001001001,0,-0.518277756517,-0.169827286783,5,344
701,1,3.10921602208,3.0,4.0,0.00800800800801,1,-0.327413482921,-0.90854352916,5,442
702,0,10.6099553143,9.0,,0.00900900900901,0,1.38068304531,1.4679061784,5,647
703,0,8.61501713088,8.0,,0.00800800800801,0,1.08609202241,0.356741063635,5,341
704,1,1.90369495759,1.0,4.0,0.00900900900901,0,-0.901259749595,-0.392525793624,5,267
705,1,6.69549509098,5.0,8.0,0.00800800800801,0,0.622545301598,-0.172140813811,5,853
706,1,7.59950527431,5.0,8.0,0.00900900900901,0,0.691864730497,0.523911082821,5,607
707,1,4.37662700487,3.0,5.0,0.00900900900901,0,-0.347184035126,0.418179110253,5,664
708,1,0.792817817689,0.0,1.0,0.00900900900901,1,-2.33881510962,2.80926314654,5,42
709,1,1.16862553036,0.0,6.0,0.00800800800801,0,-1.39021836227,0.339280617166,5,767
710,0,8.74227700126,8.0,,0.00800800800801,0,0.319494681851,2.7837929557,5,355
711,1,5.51849196016,5.0,7.0,0.012012012012,0,0.0212212398201,0.454828240702,5,468
712,1,8.11091271456,8.0,9.0,0.00900900900901,1,0.789441083253,0.742589464805,5,905
713,1,5.4361959151,4.0,6.0,0.01001001001,0,-0.233465824397,1.13659338829,5,427
714,1,5.95720456562,0.0,6.0,0.017017017017,0,-0.286439510966,1.81652309852,5,135
715,1,0.709725358755,,1.0,0.011011011011,0,-1.31096018182,-0.357394095799,5,139
716,1,8.29257178923,5.0,11.0,0.011011011011,0,1.18501434778,-0.262471254117,5,745
717,1,5.77431455756,1.0,10.0,0.012012012012,0,0.167456868131,0.271943953172,5,653
718,1,1.21127227701,1.0,2.0,0.00900900900901,1,0.0170955504477,-3.84001437433,5,250
719,1,-1.37211834895,,2.0,0.00800800800801,0,-2.01228554875,-0.335261702704,5,122
720,1,3.9169923083,,4.0,0.00800800800801,0,0.122929655439,-1.45179665802,5,213
721,1,3.70973331644,2.0,5.0,0.00800800800801,0,0.541266619986,-2.91406654352,5,374
722,1,2.89892191084,0.0,5.0,0.01001001001,0,-0.202251871199,-1.49432247556,5,179
723,1,3.61881484897,,5.0,0.00900900900901,0,-0.684301797683,0.671720242019,5,218
724,1,6.39860434376,6.0,11.0,0.011011011011,0,-0.11187035628,1.7342154126,5,861
725,1,5.64951760154,4.0,6.0,0.01001001001,0,0.462904121744,-0.739194763696,5,417
726,1,0.771786959559,0.0,1.0,0.00800800800801,1,-1.24465395745,-0.494251168097,5,153
727,1,3.29916474643,,4.0,0.00900900900901,0,-0.401077849946,-0.497601703737,5,481
728,1,4.38214554151,,5.0,0.00800800800801,0,-0.492142224506,0.858572215024,5,194
729,1,7.23382632884,6.0,8.0,0.00800800800801,0,0.809716873328,-0.195324291144,5,706
730,1,0.134099655533,0.0,7.0,0.00800800800801,0,-1.34188399457,-0.840248360754,5,843
731,1,1.36244716094,,5.0,0.012012012012,0,-0.369800520424,-2.52815127779,5,351
732,1,5.58770173224,3.0,7.0,0.00900900900901,0,-0.110617706613,0.919554852083,5,710
733,1,1.80630365469,,8.0,0.00800800800801,0,-0.796015494825,-0.805649860836,5,579
734,1,-5.93838835855,,0.0,0.00800800800801,1,-2.57848723821,-3.20292664391,5,15
735,1,3.50261712651,3.0,8.0,0.01001001001,0,0.347314042263,-2.53932500028,5,727
736,0,11.1804426519,8.0,,0.00800800800801,0,0.667744223988,4.17720997995,5,232
737,0,9.82408910457,8.0,,0.01001001001,0,1.54061564339,0.202242174385,5,183
738,1,4.81159212271,3.0,5.0,0.00800800800801,0,-0.642774896351,1.73991681176,5,436
739,1,4.8045332736,,8.0,0.00900900900901,0,-0.756987920407,2.07549703482,5,698
740,1,-0.486490998526,,0.0,0.00900900900901,1,-1.30581940159,-1.56903279376,5,21
741,1,4.79249888539,2.0,8.0,0.01001001001,0,-0.350330931054,0.843491678552,5,778
742,1,-1.52507634841,,0.0,0.00900900900901,1,-2.08389600668,-0.273388328365,5,8
743,0,10.6400277587,9.0,,0.011011011011,0,1.07867645127,2.40399840485,5,440
744,1,7.47275709338,6.0,9.0,0.01001001001,0,0.254769163358,1.7084496033,5,847
745,1,6.89747719573,1.0,7.0,0.00800800800801,0,0.752044187847,-0.358655367806,5,669
746,1,-0.306442700271,,3.0,0.00900900900901,0,-1.39867685251,-1.11041214273,5,138
747,1,4.49893558955,3.0,9.0,0.012012012012,0,-0.278549719392,0.334584747724,5,858
748,1,7.89821496346,4.0,8.0,0.00900900900901,0,1.09493212719,-0.386581418119,5,887
749,1,5.14992046842,,11.0,0.012012012012,0,0.84721717755,-2.39173106423,5,642
750,1,6.59814367645,,7.0,0.00800800800801,0,0.342893859695,0.569462097366,5,553
751,1,5.7075382958,3.0,9.0,0.00900900900901,0,0.643544887161,-1.22309636568,5,799
752,1,5.03638043776,4.0,7.0,0.00800800800801,0,-0.526781001478,1.6167234422,5,841
753,1,2.7959746467,1.0,4.0,0.011011011011,0,-1.13004828028,1.18611948755,5,80
754,0,11.9661487028,8.0,,0.01001001001,0,0.425843962364,5.68861681575,5,603
755,1,-2.6164147804,,0.0,0.00800800800801,1,-2.11147076824,-1.28200247567,5,31
756,1,3.4585982921,3.0,6.0,0.00900900900901,0,0.286535435166,-2.4010080134,5,790
757,1,5.6454629429,5.0,8.0,0.00800800800801,0,-0.77161312321,2.96030231253,5,622
758,1,4.75259777949,4.0,5.0,0.00800800800801,1,-0.0811021219156,-0.00409585476431,5,466
759,1,3.54548321516,2.0,4.0,0.00800800800801,0,-0.653365367012,0.505579316198,5,407
760,0,8.56178486918,8.0,,0.01001001001,0,1.21334342233,-0.0782453978151,5,621
761,1,6.54894198962,5.0,7.0,0.00800800800801,0,-0.0067940380824,1.56932410386,5,676
762,1,7.44366259804,7.0,8.0,0.01001001001,1,1.2672393119,-1.35805533767,5,851
763,0,7.16167685999,7.0,,0.00800800800801,0,1.86131599826,-3.4222711348,5,516
764,1,-3.78950088946,,1.0,0.011011011011,0,-1.20288990819,-5.18083116489,5,243
765,0,10.9851522891,8.0,,0.00900900900901,0,1.49075738905,1.51288012194,5,471
766,1,4.05641627107,,5.0,0.00900900900901,0,0.404294076881,-2.15646595957,5,215
767,1,3.72593928694,3.0,4.0,0.00800800800801,1,-1.40407276877,2.93815759325,5,340
768,1,6.44804545861,3.0,7.0,0.00800800800801,0,0.609452659837,-0.380312520906,5,678
769,0,13.3403278322,9.0,,0.01001001001,0,2.60631833721,0.521372820571,5,500
770,0,8.51105312339,8.0,,0.00900900900901,0,0.732736488502,1.31284365788,5,229
771,0,13.029250389,10.0,,0.013013013013,0,1.89630777229,2.34032707213,5,119
772,1,5.39806631586,4.0,8.0,0.00800800800801,0,0.891759387671,-2.27721184716,5,644
773,1,0.771765776592,0.0,6.0,0.00900900900901,0,-0.480555897521,-2.78656653085,5,724
774,0,12.1161485751,7.0,,0.00800800800801,0,1.97834405822,1.18111640044,5,833
775,1,4.72339329309,,5.0,0.00900900900901,0,0.293081574553,-1.15585143057,5,426
776,1,3.5561494536,2.0,7.0,0.011011011011,0,-0.502068813073,0.0623558928206,5,542
777,1,5.45676920185,1.0,6.0,0.01001001001,0,0.17816628469,-0.0777296522171,5,637
778,1,4.69700152557,,6.0,0.00900900900901,0,0.130792091626,-0.695374749311,5,383
779,1,3.39572933476,2.0,5.0,0.00900900900901,0,-0.830040644162,0.885851267245,5,321
780,0,9.192465634,7.0,,0.00800800800801,0,0.295613470922,3.30562522123,5,132
781,1,2.33644622094,,3.0,0.01001001001,0,-0.57832974243,-0.928564551767,5,430
782,1,5.32630949339,2.0,6.0,0.012012012012,0,0.585978671479,-1.43162652105,5,497
783,1,-0.430512996739,,1.0,0.00800800800801,0,-1.18667352556,-1.87049242006,5,71
784,1,5.06422608596,2.0,7.0,0.00900900900901,0,-0.00892258943507,0.0909938542618,5,337
785,1,4.40992595926,4.0,8.0,0.01001001001,0,0.479357950572,-2.02814789246,5,575
786,0,9.34105976562,8.0,,0.00800800800801,0,1.22906485977,0.653865186311,5,726
787,1,4.66860456636,,10.0,0.01001001001,0,-0.00450026280702,-0.317894645222,5,814
788,1,6.60413886165,6.0,9.0,0.011011011011,0,0.40068620263,0.40208025376,5,592
789,1,4.0785024996,3.0,6.0,0.00900900900901,0,-0.0725573200212,-0.703825540336,5,452
790,0,11.9563667878,9.0,,0.01001001001,0,1.4566606262,2.58638490921,5,387
791,1,1.2641747431,,4.0,0.00900900900901,0,-0.285520750004,-2.87926300688,5,409
792,1,4.18242837585,4.0,7.0,0.00800800800801,0,-0.589682882912,0.95147702459,5,749
793,1,7.23177497929,7.0,8.0,0.00800800800801,1,-0.513562006508,3.77246099882,5,876
794,0,8.95216097259,8.0,,0.00800800800801,0,0.890225199127,1.28148537521,5,536
795,1,2.47426271207,,4.0,0.011011011011,0,-1.27220738106,1.29088485525,5,377
796,1,4.73181722033,4.0,8.0,0.00900900900901,0,0.271438225874,-1.08249745729,5,673
797,1,7.27229633135,7.0,8.0,0.00900900900901,1,0.323454753303,1.30193207144,5,904
798,1,6.96274897645,4.0,7.0,0.00800800800801,0,-0.21154970456,2.59739809013,5,796
799,1,6.62936038516,6.0,7.0,0.00800800800801,1,0.033342777207,1.52933205354,5,863
800,1,3.15310199974,3.0,4.0,0.00900900900901,1,0.229721472378,-2.53606241739,5,583
801,1,5.96774044119,5.0,7.0,0.00800800800801,0,0.637278914464,-0.944096302202,5,871
802,0,10.6107356523,10.0,,0.01001001001,0,1.58466074416,0.856753419804,5,795
803,1,0.834745927591,,5.0,0.00900900900901,0,-0.961806673706,-1.27983405129,5,582
804,1,7.66616162345,6.0,9.0,0.00900900900901,0,0.847674487353,0.123138161388,5,868
805,0,10.1326297934,9.0,,0.00900900900901,0,2.35332481935,-1.92734466461,5,780
806,1,0.0778091494363,,3.0,0.01001001001,0,-1.62792846458,-0.038405456819,5,272
807,1,1.5523747595,,3.0,0.01001001001,0,-1.67144351532,1.56670530545,5,137
808,1,6.6747294265,5.0,7.0,0.00900900900901,0,1.55743122797,-2.99756425741,5,577
809,1,5.1185371132,0.0,6.0,0.00800800800801,0,0.353442199497,-0.941789485288,5,422
810,0,10.8910096772,10.0,,0.01001001001,0,1.17943847561,2.3526942504,5,782
811,1,4.9965477705,4.0,8.0,0.00800800800801,0,0.00688879077584,-0.0241186018314,5,541
812,1,8.01241240575,6.0,9.0,0.011011011011,0,0.190143979503,2.44198046724,5,661
813,0,9.54957678072,9.0,,0.00900900900901,0,0.492902408752,3.07086955446,5,405
814,1,3.45112308407,0.0,4.0,0.00800800800801,0,-0.566710881331,0.151255728063,5,277
815,1,2.39737287079,1.0,5.0,0.011011011011,0,0.489228418001,-4.07031238321,5,603
816,1,8.85551211449,7.0,9.0,0.011011011011,0,1.23317261794,0.155994260661,5,621
817,1,3.62717402754,2.0,6.0,0.00900900900901,0,-0.670875896945,0.63980171837,5,498
818,1,4.97473699033,1.0,8.0,0.00800800800801,0,-1.11807259454,3.32895477394,5,668
819,0,9.66227481828,7.0,,0.00800800800801,0,-0.0815289697124,4.90686172742,5,247
820,1,7.27090871544,3.0,8.0,0.00900900900901,0,-0.0916918918943,2.54598439112,5,882
821,0,14.3563957687,8.0,,0.00800800800801,0,2.08947197807,3.08797983446,5,61
822,0,10.8501676035,8.0,,0.00800800800801,0,1.23196064348,2.15428567302,5,679
823,1,-2.34512344773,,1.0,0.01001001001,0,-1.74879340285,-2.09874323918,5,58
824,1,2.03381092783,1.0,3.0,0.00900900900901,0,-0.0900214022546,-2.6961248654,5,373
825,1,2.60596631747,0.0,4.0,0.00900900900901,0,-1.26693783976,1.40677983674,5,562
826,1,5.43865200346,4.0,7.0,0.00900900900901,0,-0.0194956209565,0.497138866332,5,769
827,0,11.2863679326,8.0,,0.00800800800801,0,0.910297267931,3.5554761288,5,388
828,1,-0.723327918069,,1.0,0.00900900900901,0,-2.51481740706,1.82112430311,5,90
829,0,12.5453767431,8.0,,0.00800800800801,0,2.27366402238,0.724384675981,5,808
830,1,6.34438789904,6.0,7.0,0.00900900900901,1,0.251669936133,0.589378090636,5,830
831,0,9.37470356754,8.0,,0.00900900900901,0,0.864244984012,1.7819686155,5,534
832,1,4.64103828989,2.0,6.0,0.00900900900901,0,0.29281049489,-1.23739319478,5,551
833,1,7.4480825598,6.0,8.0,0.00800800800801,0,0.152540980197,1.9904596192,5,641
834,1,6.73081271395,5.0,7.0,0.00900900900901,0,-0.0349016515993,1.83551766875,5,355
835,1,3.98176944755,0.0,6.0,0.00900900900901,0,-0.130861324345,-0.625646579416,5,560
836,1,6.7078718375,6.0,7.0,0.00900900900901,1,1.67932149126,-3.33009263627,5,733
837,1,1.73388566738,,8.0,0.00900900900901,0,-0.892763142489,-0.58782490515,5,857
838,1,2.8765721368,0.0,3.0,0.00800800800801,0,-1.25411573259,1.63891933458,5,103
839,0,11.2307155806,9.0,,0.00900900900901,0,1.3538239371,2.16924376931,5,591
840,1,2.40683595463,0.0,5.0,0.00800800800801,0,-0.455547438501,-1.22652172987,5,310
841,1,4.10107112838,,7.0,0.00900900900901,0,-0.298652001565,-0.00297286692102,5,708
842,1,2.43710616476,,5.0,0.01001001001,0,-0.425955910391,-1.28502610407,5,456
843,1,3.92610851932,3.0,4.0,0.00800800800801,1,0.880092701985,-3.71416958664,5,408
844,1,5.05424721835,2.0,6.0,0.00900900900901,0,0.0155984131874,0.0074519787861,5,743
845,1,4.98818440948,4.0,5.0,0.00800800800801,1,-0.613415145017,1.82842984453,5,567
846,1,7.99181010493,1.0,9.0,0.00900900900901,0,1.48568580963,-1.46524732395,5,834
847,1,2.1917743139,2.0,7.0,0.00900900900901,0,-0.842811463773,-0.27979129478,5,755
848,0,7.68515694889,7.0,,0.01001001001,0,0.657031651437,0.714061994583,5,769
849,1,-2.37859177646,,8.0,0.01001001001,0,-1.2270200339,-3.69753167477,5,476
850,1,6.69859949383,1.0,7.0,0.00800800800801,0,0.10174280862,1.39337106797,5,658
851,0,7.12395276365,7.0,,0.01001001001,0,-0.248700943153,2.87005559311,5,352
852,1,5.65258802702,2.0,7.0,0.00800800800801,0,0.0957110476608,0.365454884039,5,750
853,0,11.5221232811,9.0,,0.01001001001,0,0.772641888853,4.20419761453,5,878
854,1,-1.2061588782,,0.0,0.00800800800801,1,-1.23131902242,-2.51220181094,5,59
855,0,9.04166174011,8.0,,0.00800800800801,0,1.50865404745,-0.484300402232,5,693
856,0,9.57244833861,8.0,,0.00800800800801,0,0.708271477797,2.44763390521,5,504
857,1,1.05123769275,,3.0,0.00900900900901,0,-2.21908465606,2.70849166093,5,464
858,1,6.76421666659,4.0,7.0,0.00800800800801,0,-0.306410764023,2.68344895866,5,530
859,1,6.57788642262,0.0,7.0,0.00800800800801,0,0.653822553489,-0.383581237852,5,590
860,1,3.78245372462,3.0,7.0,0.00800800800801,0,-0.431613852088,0.0772952808876,5,839
861,1,-3.13045386053,,0.0,0.00800800800801,1,-1.9830652988,-2.18125796413,5,24
862,1,4.34232282076,1.0,8.0,0.00800800800801,0,0.0775310575353,-0.890270351848,5,539
863,1,5.97255242953,5.0,8.0,0.00900900900901,0,-0.157772374151,1.44586955198,5,780
864,0,6.8217769362,6.0,,0.00900900900901,0,0.506283593644,0.302926155268,5,708
865,1,2.71371592412,,5.0,0.00800800800801,0,-0.291597803115,-1.41149066653,5,534
866,1,4.27756924516,2.0,8.0,0.00800800800801,0,-0.274074948916,0.0997940919107,5,886
867,0,9.94423761501,7.0,,0.00800800800801,0,0.867655243788,2.34127188365,5,717
868,0,9.79103021261,8.0,,0.00800800800801,0,1.1299799635,1.40109032211,5,239
869,1,4.98950286024,0.0,8.0,0.00800800800801,0,-0.322297274711,0.95639468437,5,774
870,1,-1.19897500851,,1.0,0.00800800800801,0,-1.79974269214,-0.799746932091,5,70
871,1,7.88025858403,2.0,8.0,0.00900900900901,0,1.05131057066,-0.273673127949,5,777
872,1,-2.15535363969,,0.0,0.00800800800801,1,-0.994112340384,-4.17301661854,5,119
873,1,7.74467832651,7.0,8.0,0.00900900900901,1,0.718274735784,0.589854119161,5,877
874,1,2.75732113129,2.0,3.0,0.00800800800801,1,-1.90010194562,3.45762696814,5,329
875,0,12.0481914199,8.0,,0.00800800800801,0,2.02016524965,0.987695670967,5,298
876,0,8.34636181719,7.0,,0.00900900900901,0,0.98295055204,0.397510161071,5,713
877,1,3.55345671395,1.0,7.0,0.00800800800801,0,0.0888506927996,-1.71309536445,5,779
878,1,6.79656534846,6.0,7.0,0.00800800800801,1,-0.472341283807,3.21358919988,5,890
879,1,1.73626079002,,2.0,0.00900900900901,0,-1.03530281962,-0.157830751116,5,136
880,1,9.31233270874,9.0,10.0,0.01001001001,1,1.951379329,-1.54180527826,5,888
881,1,7.55544544561,6.0,8.0,0.01001001001,0,0.942783719763,-0.272905713675,5,688
882,1,1.68718666276,1.0,2.0,0.00800800800801,1,-0.933298574123,-0.512917614875,5,271
883,1,7.50137601837,6.0,8.0,0.00900900900901,0,0.121944638429,2.13554210309,5,856
884,1,2.93494927338,1.0,4.0,0.00900900900901,0,-0.953636664439,0.7958592667,5,254
885,1,4.04148429285,4.0,7.0,0.00900900900901,0,-0.75710189822,1.31278998751,5,720
886,1,4.93861026931,2.0,6.0,0.01001001001,0,-0.580046877753,1.67875090257,5,634
887,1,5.31398254947,0.0,6.0,0.00800800800801,0,-0.0791604273585,0.551463831546,5,635
888,1,3.4959899216,0.0,4.0,0.00800800800801,0,-1.34458054964,2.52973157054,5,318
889,1,-1.05385789314,,1.0,0.00800800800801,0,-0.747033943351,-3.81275606309,5,97
890,1,3.77838374976,1.0,6.0,0.00800800800801,0,-1.67559705455,3.8051749134,5,760
891,0,7.32655226159,6.0,,0.00800800800801,0,-0.121218083194,2.69020651117,5,147
892,1,0.771908151977,0.0,2.0,0.00800800800801,0,-0.876484007081,-1.59863982678,5,143
893,1,4.70417228807,3.0,6.0,0.00900900900901,0,-0.871151112516,2.31762562562,5,313
894,1,7.96200458196,,8.0,0.00800800800801,0,1.6975512487,-2.13064916414,5,835
895,1,5.19388444797,5.0,6.0,0.00800800800801,1,-1.14072896282,3.61607133643,5,909
896,1,4.28433255859,4.0,5.0,0.00800800800801,1,0.210687712503,-1.34773057892,5,807
897,1,6.50638160087,6.0,8.0,0.00800800800801,0,-0.254440427349,2.26970288292,5,874
898,1,4.21850039716,2.0,7.0,0.00800800800801,0,-0.773655220549,1.5394660588,5,612
899,0,7.33988254437,7.0,,0.00900900900901,0,1.02192635634,-0.725896524657,5,801
900,0,9.28427076876,8.0,,0.00800800800801,0,0.953381121119,1.4241274054,5,645
901,0,7.44617067916,7.0,,0.00800800800801,0,1.36948687677,-1.66228995115,5,374
902,1,6.30246212152,5.0,8.0,0.00800800800801,0,0.620709028523,-0.55966496405,5,823
903,1,4.62522441636,4.0,6.0,0.00900900900901,0,-0.0197499148336,-0.315525839141,5,721
904,1,-0.885754839954,,3.0,0.00800800800801,0,-1.30245495687,-1.97838996935,5,212
905,1,7.71736277632,7.0,8.0,0.00800800800801,1,0.389245992458,1.54962479895,5,610
906,1,-0.0800735690736,,0.0,0.00800800800801,1,-1.0806242104,-1.83820093787,5,133
907,1,2.82913385002,2.0,3.0,0.00800800800801,1,-0.290511220546,-1.29933248834,5,341
908,1,3.10418223944,2.0,10.0,0.01001001001,0,-1.31135281311,2.03824067878,5,837
909,1,6.13974375576,6.0,7.0,0.00800800800801,1,-0.127584849448,1.52249830411,5,598
910,1,3.99675074519,3.0,4.0,0.00800800800801,1,0.235628195065,-1.71013384001,5,483
911,1,-0.0399682653703,,2.0,0.00900900900901,0,-1.31413954239,-1.0975496382,5,171
912,1,4.60884527279,4.0,7.0,0.00800800800801,0,0.783544775135,-2.74178905261,5,645
913,0,8.02488457857,6.0,,0.00800800800801,0,0.867479426698,0.42244629847,5,607
914,1,6.20245369336,6.0,7.0,0.00900900900901,1,0.824577930969,-1.27128009955,5,514
915,1,5.29749652012,2.0,6.0,0.00800800800801,0,0.542073756455,-1.32872474925,5,235
916,1,0.982930217429,,1.0,0.00800800800801,0,-1.01193785977,-0.981256203264,5,106
917,1,5.21940914302,5.0,7.0,0.00800800800801,0,-0.550006239762,1.8694278623,5,740
918,0,10.8899039191,8.0,,0.00900900900901,0,1.51720596265,1.33828603118,5,473
919,0,14.8176733078,8.0,,0.00800800800801,0,2.6406885043,1.89560779493,5,221
920,1,0.231098813172,0.0,2.0,0.00800800800801,0,-0.624126219699,-2.89652252773,5,130
921,1,-0.530607793213,,7.0,0.00800800800801,0,-1.44025814978,-1.20983334386,5,761
922,1,1.90256678888,,2.0,0.00900900900901,0,-0.201562499094,-2.49274571384,5,357
923,1,3.92229246613,1.0,6.0,0.00800800800801,0,-0.160714898414,-0.595562838629,5,392
924,0,10.3887998722,8.0,,0.00800800800801,0,1.19734630437,1.79676095904,5,655
925,1,1.73874646333,0.0,8.0,0.00800800800801,0,-0.173072221826,-2.74203687119,5,602
926,1,5.59254229287,5.0,6.0,0.01001001001,1,0.308733336761,-0.333657717416,5,691
927,1,3.20499476793,3.0,4.0,0.01001001001,1,-0.759619826391,0.483854247104,5,536
928,1,7.22240538521,7.0,8.0,0.00800800800801,1,0.360387956459,1.14124151583,5,906
929,1,-4.01230446893,,0.0,0.00900900900901,1,-1.50182547835,-4.50682803389,5,17
930,1,-0.949889305888,,1.0,0.00800800800801,0,-0.972482642014,-3.03244137985,5,62
931,1,0.25082105967,0.0,3.0,0.00800800800801,0,-1.21125445138,-1.11541558619,5,293
932,1,5.66573066995,4.0,8.0,0.00800800800801,0,0.198572156449,0.0700142006003,5,802
933,1,-0.328760269828,,1.0,0.00800800800801,0,-1.33676497957,-1.31846533112,5,19
934,1,2.99006420344,,4.0,0.00800800800801,0,-0.0292171776325,-1.92228426367,5,323
935,1,3.85925901368,3.0,5.0,0.00900900900901,0,-0.875559065978,1.48593621162,5,398
936,0,8.91685964081,7.0,,0.00800800800801,0,0.155685410446,3.44980340947,5,248
937,1,7.57407565192,7.0,8.0,0.00800800800801,1,0.430950565027,1.28122395684,5,897
938,1,2.62592456524,,3.0,0.00900900900901,0,-0.14088432557,-1.95142245805,5,134
939,1,6.87514843568,2.0,8.0,0.00900900900901,0,0.749753121148,-0.374110927766,5,681
940,1,6.98100663212,6.0,8.0,0.00800800800801,0,0.503842241553,0.469479907457,5,899
941,1,6.64595823902,4.0,7.0,0.00800800800801,0,0.0257669797995,1.56865729962,5,686
942,1,6.27971175752,4.0,7.0,0.00800800800801,0,0.783845960266,-1.07182612328,5,543
943,1,3.15572153512,0.0,8.0,0.00900900900901,0,-0.928889906801,0.942391255523,5,604
944,1,3.37181014703,,4.0,0.00900900900901,0,-0.0184594843076,-1.57281140004,5,432
945,1,5.35995066523,5.0,6.0,0.00800800800801,1,-0.54323617464,1.98965918915,5,893
946,1,4.22668405153,4.0,5.0,0.00800800800801,1,-0.293391701218,0.106859155179,5,684
947,1,4.48958794639,0.0,6.0,0.00900900900901,0,0.634283194498,-2.41326163711,5,639
948,1,5.43665052911,3.0,8.0,0.00800800800801,0,1.12915254167,-2.9508070959,5,695
949,1,5.97516940687,2.0,7.0,0.00800800800801,0,1.01610984184,-2.07316011864,5,783
950,0,12.1660714802,8.0,,0.00800800800801,0,1.64277230541,2.23775456401,5,807
951,1,2.31114208453,0.0,6.0,0.00800800800801,0,-1.33316527804,1.31063791865,5,620
952,1,2.81799771808,,7.0,0.00800800800801,0,-1.00286568265,0.826594766033,5,723
953,1,1.51869586524,,6.0,0.012012012012,0,-1.5125995165,1.05649441473,5,333
954,1,3.60419863056,0.0,8.0,0.00800800800801,0,0.288132267466,-2.26019817184,5,649
955,1,3.64737659128,2.0,4.0,0.00900900900901,0,0.209981245077,-1.98256714395,5,322
956,1,7.69909040309,7.0,8.0,0.00800800800801,1,0.410238708523,1.46837427752,5,885
957,1,2.33262542182,1.0,8.0,0.00800800800801,0,-0.894939332719,0.0174434199748,5,776
958,1,4.71463175417,0.0,6.0,0.00800800800801,0,-0.599619661505,1.51349073868,5,438
959,1,-0.474889241372,,0.0,0.00800800800801,1,-1.7352222884,-0.269222376167,5,11
960,1,0.662903218575,,5.0,0.00900900900901,0,-1.08133621988,-1.09308812178,5,396
961,1,5.67261976275,0.0,6.0,0.00800800800801,0,0.150569919024,0.220910005678,5,797
962,1,5.50531029362,4.0,7.0,0.00800800800801,0,-0.160757064673,0.987581487641,5,804
963,1,-4.05967682881,,1.0,0.00800800800801,0,-1.94289068483,-3.2310047743,5,34
964,1,2.91278579467,0.0,7.0,0.00800800800801,0,-0.752926099427,0.171564092946,5,631
965,0,10.2946529609,7.0,,0.00800800800801,0,1.1762554674,1.76588655874,5,174
966,1,6.86854288646,5.0,8.0,0.00900900900901,0,0.618900439213,0.0118415688208,5,817
967,1,4.67944884432,4.0,7.0,0.00800800800801,0,-0.310016433648,0.609498145269,5,765
968,1,7.73156375029,7.0,8.0,0.00800800800801,1,0.666257347232,0.732791708598,5,809
969,1,1.37628062348,,2.0,0.00800800800801,0,-0.322473142617,-2.65629994867,5,237
970,1,4.27105252922,3.0,8.0,0.00800800800801,0,0.284742952535,-1.58317632838,5,784
971,1,1.06530514392,,2.0,0.00800800800801,0,0.00993676480216,-3.96450515049,5,52
972,1,-2.5590313556,,2.0,0.00900900900901,0,-0.905267828097,-4.84322787131,5,174
973,1,5.31001809437,3.0,8.0,0.00800800800801,0,-0.487369728138,1.77212727878,5,648
974,1,1.01997675188,,5.0,0.00800800800801,0,-0.935544899948,-1.17338854828,5,625
975,1,2.76450385102,,3.0,0.00800800800801,0,-0.145595168277,-1.79871064415,5,205
976,1,2.67119492251,2.0,5.0,0.00800800800801,0,-0.357133281088,-1.25740523422,5,381
977,0,7.05383406473,6.0,,0.00800800800801,0,0.909248500784,-0.673911437621,5,469
978,1,6.10829589026,2.0,9.0,0.00900900900901,0,0.621126142702,-0.755082537849,5,795
979,1,5.77649551176,4.0,6.0,0.00800800800801,0,1.28056591922,-3.06520224589,5,363
980,1,4.08341742812,2.0,5.0,0.00800800800801,0,0.682471034005,-2.96399567389,5,677
981,0,8.87486569274,7.0,,0.00800800800801,0,-0.016857911408,3.92543942696,5,520
982,1,5.69944382142,5.0,6.0,0.00800800800801,1,0.210643346242,0.0675137826939,5,833
983,1,4.65405288358,4.0,6.0,0.00800800800801,0,0.389261966475,-1.51373301585,5,716
984,1,5.2308441957,4.0,6.0,0.00800800800801,0,0.343908417956,-0.800881058172,5,429
985,0,8.13051329009,8.0,,0.00800800800801,0,1.13431811405,-0.272441052052,5,237
986,1,-1.7298184564,,1.0,0.00800800800801,0,-1.8111381517,-1.29640400129,5,73
987,0,11.2864209104,8.0,,0.00800800800801,0,1.16524891962,2.79067415158,5,638
988,1,4.19442354262,3.0,6.0,0.00800800800801,0,-0.0247577993552,-0.731303059312,5,819
989,0,11.4999622555,8.0,,0.00800800800801,0,1.80364374391,1.08903102377,5,220
990,1,1.94957972524,,8.0,0.00800800800801,0,-0.81237624769,-0.613291531694,5,816
991,0,9.37855759005,8.0,,0.00800800800801,0,0.961308858629,1.49463101416,5,594
992,1,3.23481550115,3.0,6.0,0.00800800800801,0,-0.886661004606,0.894798514967,5,687
993,1,3.40443635332,3.0,6.0,0.00800800800801,0,-0.981421135132,1.34869975871,5,371
994,1,-1.33317553952,,0.0,0.00800800800801,1,-0.865302126911,-3.73726915879,5,43
995,1,2.28151403115,0.0,3.0,0.00800800800801,0,-0.579249401245,-0.980737765114,5,145
996,1,5.69897939539,4.0,6.0,0.00800800800801,0,-1.08000149525,3.93898388115,5,692
997,1,-0.444687103248,,0.0,0.00800800800801,1,-1.39903848112,-1.24757165988,5,265
998,1,-2.25610055,,4.0,0.00800800800801,0,-2.36004750551,-0.175958033463,5,124
999,1,6.12393565511,1.0,7.0,0.00800800800801,0,-0.366246084057,2.22267390728,5,571
