name,activated,threshold,before_activation_alters,after_activation_alters,degree,observed,var1,epsilon,constant,activation_order
0,1,0.992341738268,0.0,1,0.022022022022,1,-0.684893163008,-1.95297877271,5,140
1,1,0.883491796053,,1,0.017017017017,0,-0.374230885827,-2.99381554647,5,248
2,1,6.14365274611,4.0,7,0.018018018018,0,0.0850832186581,0.888403090135,5,572
3,1,4.2201505422,3.0,5,0.02002002002,0,-0.407677893642,0.443184223124,5,499
4,1,2.1679705172,1.0,3,0.021021021021,0,-0.871814437792,-0.216586169421,5,356
5,1,3.16774266878,2.0,11,0.021021021021,0,-0.0750087804436,-1.60723098988,5,654
6,1,12.5844611522,4.0,18,0.022022022022,0,2.27853271121,0.748863018584,5,787
7,1,6.09468282845,6.0,10,0.021021021021,0,0.467325778545,-0.307294507183,5,577
8,1,6.28212553236,6.0,18,0.021021021021,0,0.144729053162,0.847938372875,5,789
9,1,6.76540755279,2.0,14,0.022022022022,0,0.471497946915,0.350913712041,5,748
10,1,2.75966715663,0.0,3,0.021021021021,0,-1.34140823819,1.7838918712,5,256
11,1,4.91687944627,1.0,18,0.021021021021,0,0.176532497269,-0.612718045536,5,793
12,1,3.40990202195,3.0,9,0.018018018018,0,0.178450615812,-2.12544982549,5,717
13,1,17.1768624372,6.0,18,0.019019019019,0,3.6988224395,1.08039511869,5,927
14,1,5.83986452928,0.0,8,0.019019019019,0,-0.428134484491,2.12426798275,5,504
15,1,3.45368362691,1.0,5,0.019019019019,0,-0.552219251081,0.110341380156,5,420
16,1,3.2480856529,1.0,10,0.018018018018,0,-0.788577064006,0.613816844913,5,744
17,1,5.44239612698,1.0,6,0.019019019019,0,0.201195565459,-0.161190569395,5,400
18,1,-0.975810593076,,19,0.021021021021,0,-1.05712079978,-2.80444819372,5,823
19,1,3.40793616413,,4,0.019019019019,0,0.178634855569,-2.12796840258,5,350
20,1,10.3565207095,0.0,15,0.019019019019,0,1.77809761048,0.0222278780631,5,764
21,1,1.00973688919,0.0,8,0.016016016016,0,-1.09589627765,-0.702574277848,5,465
22,1,2.1653174373,0.0,17,0.018018018018,0,-0.341812723493,-1.80924439222,5,967
23,1,2.81567813302,0.0,4,0.017017017017,0,-0.768338399772,0.120693332339,5,246
24,1,5.81127712122,2.0,7,0.019019019019,0,0.33132823508,-0.182707584023,5,302
25,1,7.48056695432,,15,0.02002002002,0,1.01360665688,-0.560253016331,5,517
26,1,1.88831937898,,4,0.019019019019,0,-1.2402499032,0.609069088578,5,189
27,1,5.99217501062,2.0,10,0.019019019019,0,0.344127594607,-0.0402077732007,5,370
28,1,1.54727557687,0.0,6,0.02002002002,0,-0.653301777051,-1.49281909198,5,294
29,1,-1.4262804623,,2,0.019019019019,0,-1.86499947637,-0.831282033192,5,165
30,1,2.93626985909,0.0,4,0.02002002002,0,-0.721540564576,0.100891552823,5,201
31,1,7.61405570832,7.0,10,0.023023023023,0,1.12886593319,-0.772542091244,5,362
32,1,3.22881089727,,12,0.02002002002,0,0.0771643443557,-2.0026821358,5,429
33,1,-1.60691027434,,1,0.022022022022,0,-0.752397131354,-4.34971888028,5,101
34,1,-1.62614384725,,1,0.021021021021,0,-2.48271914023,0.822013573442,5,151
35,1,13.0913177364,6.0,17,0.02002002002,0,1.40264919522,3.88337015079,5,754
36,1,4.7331767714,,10,0.019019019019,0,-0.39956851034,0.931882302422,5,446
37,1,5.77902479322,5.0,7,0.021021021021,0,0.0346455819059,0.675088047497,5,403
38,1,6.55048793508,4.0,8,0.019019019019,0,0.811446393745,-0.883851246157,5,453
39,1,9.32781516685,4.0,13,0.019019019019,0,1.70529091431,-0.788057576072,5,592
40,1,-2.26937171661,,10,0.019019019019,0,-2.42909900394,0.0179252952053,5,567
41,1,4.52925720456,3.0,8,0.021021021021,0,0.0182697567858,-0.525552065795,5,473
42,1,6.15310927095,0.0,18,0.026026026026,0,0.559859211643,-0.526468363979,5,760
43,1,10.187585592,3.0,21,0.023023023023,0,1.19852475439,1.59201132879,5,887
44,1,5.38798988716,1.0,8,0.02002002002,0,-0.0604976907086,0.569482959281,5,559
45,1,7.62552189105,0.0,19,0.021021021021,0,0.394501867092,1.44201628977,5,930
46,1,5.18248378338,3.0,15,0.02002002002,0,0.918139920464,-2.57193597801,5,808
47,1,2.2191597136,2.0,8,0.022022022022,0,-1.0668641337,0.419752114701,5,566
48,1,2.66773028486,2.0,6,0.017017017017,0,-1.23794162763,1.38155516776,5,551
49,1,8.19699879396,5.0,17,0.021021021021,0,1.30129063245,-0.706873103388,5,824
50,1,10.4675294018,2.0,14,0.019019019019,0,1.79491682846,0.0827789163757,5,762
51,1,3.18502393447,,13,0.02002002002,0,-0.140899513585,-1.39227752478,5,590
52,1,0.992826819514,0.0,1,0.018018018018,1,-1.26515262938,-0.211715292347,5,107
53,1,2.28689227904,1.0,4,0.02002002002,0,-1.09701796,0.577946159056,5,225
54,1,12.8779834806,3.0,19,0.02002002002,0,3.02679361211,-1.20239735579,5,939
55,1,13.3211087218,0.0,20,0.02002002002,0,2.64750398473,0.378596767639,5,998
56,1,7.23716608202,3.0,9,0.021021021021,0,0.700053837513,0.137004569479,5,549
57,1,3.08421010713,3.0,6,0.02002002002,0,-0.293723227767,-1.03462020957,5,278
58,1,7.07438139992,7.0,9,0.02002002002,0,0.16644254198,1.57505377398,5,354
59,1,8.35435926621,8.0,11,0.019019019019,0,0.855558926488,0.787682486741,5,676
60,1,3.58575294594,3.0,4,0.019019019019,1,-0.598866530276,0.382352536763,5,97
61,1,3.78536110775,2.0,8,0.02002002002,0,0.120549247618,-1.5762866351,5,251
62,1,4.61537688832,,19,0.021021021021,0,-0.276935578866,0.446183624918,5,917
63,1,2.23548924509,1.0,4,0.022022022022,0,-0.321018296965,-1.80145586402,5,117
64,1,5.74960711609,4.0,13,0.019019019019,0,-0.519130720366,2.30699927719,5,690
65,1,4.62936133037,2.0,9,0.02002002002,0,-0.00227389208735,-0.363816993366,5,353
66,1,10.2451075025,,20,0.021021021021,0,1.67219789574,0.228513815244,5,809
67,1,5.1110589302,0.0,8,0.02002002002,0,0.488656209899,-1.3549096995,5,326
68,1,1.60756451243,,2,0.018018018018,0,-0.610338302024,-1.5614205815,5,91
69,1,-0.541141674513,,0,0.02002002002,1,-2.22931030236,1.14678923256,5,15
70,1,-1.55628978958,,1,0.022022022022,0,-2.51466792632,0.987713989362,5,66
71,1,2.99296457867,,4,0.02002002002,0,-0.993809821207,0.97439404229,5,125
72,1,4.85545438795,1.0,7,0.022022022022,0,0.171694653583,-0.659629572795,5,277
73,1,9.14543904027,5.0,19,0.02002002002,0,1.17891551732,0.608692488322,5,806
74,1,3.99797791849,3.0,16,0.022022022022,0,-0.370614529274,0.109821506312,5,727
75,1,5.74015838918,3.0,8,0.019019019019,0,0.289524914858,-0.128416355395,5,279
76,1,8.41451324704,5.0,12,0.021021021021,0,1.14800803657,-0.0295108626631,5,379
77,1,6.30161355082,6.0,11,0.018018018018,0,-0.110411823741,1.63284902204,5,366
78,1,6.13941569424,,19,0.021021021021,0,0.474774024239,-0.284906378481,5,792
79,1,6.09250978512,6.0,11,0.02002002002,0,0.0762451886697,0.863774219113,5,325
80,1,7.90463326563,4.0,13,0.02002002002,0,1.07963282169,-0.334265199456,5,512
81,1,2.93793420613,,13,0.02002002002,0,-0.225033825133,-1.38696431847,5,589
82,1,1.93449242489,0.0,7,0.022022022022,0,0.19804153896,-3.65963219199,5,249
83,1,4.44537438903,3.0,13,0.02002002002,0,-0.206469257061,0.0647821602093,5,508
84,1,-1.78902752579,,2,0.02002002002,0,-1.1206877393,-3.42696430789,5,30
85,1,5.90259510881,,9,0.019019019019,0,0.560956796839,-0.780275281709,5,266
86,1,9.64631152965,1.0,13,0.017017017017,0,0.607982275826,2.82236470217,5,593
87,1,-0.0640126921322,,0,0.019019019019,1,-2.05033658182,1.08699705333,5,14
88,1,4.0826278166,,7,0.02002002002,0,-0.913718441636,1.8237831415,5,234
89,1,7.77989776267,1.0,19,0.021021021021,0,0.0262392396332,2.70118004377,5,746
90,1,-1.44138994484,,8,0.02002002002,0,-1.74944126698,-1.1930661439,5,121
91,1,11.147767535,7.0,20,0.02002002002,0,1.9269834847,0.366817080929,5,799
92,1,-3.0054292321,,1,0.019019019019,0,-1.77643109744,-2.67613593978,5,29
93,1,4.9204119618,1.0,9,0.019019019019,0,0.990720930527,-3.05175082978,5,237
94,1,1.52245151776,0.0,3,0.02002002002,0,-0.978909086362,-0.540821223154,5,32
95,1,1.34931055145,,3,0.022022022022,0,-0.696818514081,-1.56023390631,5,49
96,1,7.7523049122,7.0,16,0.02002002002,0,0.348492811863,1.70682647662,5,692
97,1,6.78456532372,,11,0.019019019019,0,0.690728196809,-0.287619266711,5,382
98,1,1.84738464799,,4,0.021021021021,0,-0.674900291197,-1.12791447841,5,88
99,1,4.3471664047,2.0,6,0.021021021021,0,-0.492124519911,0.823539964429,5,164
100,1,5.87459113216,0.0,14,0.019019019019,0,-0.184890361574,1.42926221688,5,691
101,1,2.34957818504,,3,0.021021021021,0,-0.535342401141,-1.04439461153,5,86
102,1,5.85519144599,,7,0.019019019019,0,0.0661031819796,0.656881900053,5,320
103,1,13.6528592492,12.0,20,0.02002002002,0,2.51397679228,1.11092887234,5,883
104,1,4.43368607878,1.0,5,0.021021021021,0,-0.449344239595,0.781718797564,5,223
105,1,5.65631357776,2.0,8,0.02002002002,0,0.538892649774,-0.960364371561,5,498
106,1,10.1558454229,6.0,11,0.021021021021,0,1.14670678817,1.71572505838,5,511
107,1,7.56768152154,0.0,11,0.019019019019,0,0.837725374056,0.054505399367,5,622
108,1,2.53402728778,0.0,17,0.019019019019,0,-1.48065139581,1.97598147522,5,875
109,1,4.75130010555,0.0,6,0.021021021021,0,-0.353907227794,0.813021788936,5,339
110,1,2.57210640404,2.0,14,0.02002002002,0,-0.465439018505,-1.03157654044,5,644
111,1,11.9355831975,11.0,13,0.017017017017,0,1.84001827711,1.41552836622,5,832
112,1,8.60252216138,5.0,14,0.02002002002,0,1.35700220879,-0.468484464991,5,758
113,1,8.81304897479,7.0,11,0.019019019019,0,0.133036193326,3.41394039481,5,731
114,1,1.90590784921,0.0,4,0.017017017017,0,-0.270705007884,-2.28197712714,5,347
115,1,7.73660797017,5.0,10,0.022022022022,0,0.400450895654,1.53525528321,5,603
116,1,10.3164557267,9.0,18,0.02002002002,0,1.98361458705,-0.634388034475,5,920
117,1,5.1492988667,2.0,15,0.019019019019,0,0.387101104545,-1.01200444693,5,840
118,1,4.74953435028,3.0,12,0.018018018018,0,0.747270493383,-2.49227712987,5,706
119,1,6.89175852808,,7,0.019019019019,0,0.273110943076,1.07242569885,5,519
120,1,7.56172838487,6.0,21,0.021021021021,0,0.247479716976,1.81928923394,5,973
121,1,1.11684819761,,4,0.02002002002,0,-1.26421796876,-0.0904978960909,5,283
122,1,6.71927332248,3.0,8,0.019019019019,0,0.473069832714,0.30006382434,5,554
123,1,0.319233243878,,1,0.021021021021,0,-1.56028414492,8.56786279401e-05,5,132
124,1,7.1805130461,4.0,8,0.021021021021,0,0.168441928461,1.67518726072,5,427
125,1,6.24110213688,1.0,14,0.019019019019,0,0.218622593648,0.585234355941,5,701
126,1,4.55633340299,4.0,19,0.019019019019,0,-0.143090875647,-0.01439397007,5,960
127,1,0.774879765918,,1,0.02002002002,0,-1.12213779036,-0.858706862996,5,136
128,1,9.92454608272,1.0,12,0.02002002002,0,0.860332921783,2.34354731737,5,550
129,1,2.52620136833,,5,0.022022022022,0,-0.228394575374,-1.78861490555,5,168
130,1,9.7323661029,1.0,11,0.02002002002,0,0.503366455138,3.22226673749,5,497
131,1,7.40925814209,,19,0.021021021021,0,0.580353188985,0.668198575135,5,713
132,1,10.753006309,5.0,18,0.019019019019,0,1.31283706559,1.81449511222,5,844
133,1,8.65121810219,8.0,14,0.02002002002,0,1.17890944101,0.114489779156,5,576
134,1,3.65831493487,0.0,6,0.021021021021,0,-0.10959646272,-1.01289567697,5,218
135,1,2.66962531624,1.0,7,0.021021021021,0,-0.538443208568,-0.715045058054,5,330
136,1,5.14193455193,5.0,6,0.021021021021,1,0.331279372107,-0.851903564394,5,265
137,1,7.60870997447,7.0,9,0.019019019019,0,0.614811771895,0.764274658789,5,469
138,1,0.304177187209,,11,0.023023023023,0,-1.54470356383,-0.0617121212973,5,495
139,1,-0.0305389639002,,0,0.023023023023,1,-1.61770282896,-0.177430477025,5,26
140,1,12.0406136312,9.0,15,0.022022022022,0,2.17144419181,0.526281055745,5,613
141,1,-0.0590841273567,,2,0.018018018018,0,-1.67456832994,-0.0353791375435,5,148
142,1,6.63561593932,2.0,19,0.023023023023,0,0.665771857409,-0.361699632912,5,774
143,1,2.48001884894,1.0,3,0.02002002002,0,-1.25973202649,1.25921492839,5,84
144,1,10.9359842957,4.0,14,0.019019019019,0,1.64305878447,1.00680794225,5,761
145,1,13.5769716776,5.0,19,0.019019019019,0,2.02695311043,2.49611234636,5,951
146,1,5.94674599326,3.0,16,0.018018018018,0,-0.0179911307473,1.00071938551,5,911
147,1,3.30252014739,,4,0.022022022022,0,-0.153753435497,-1.23621954612,5,157
148,1,2.7415541481,,3,0.019019019019,0,-1.27815620721,1.57602276974,5,415
149,1,4.66594042629,0.0,5,0.018018018018,0,-0.0204474223189,-0.272717306753,5,481
150,1,7.39041790643,6.0,12,0.02002002002,0,0.518746084718,0.834179652272,5,741
151,1,5.58687504351,5.0,8,0.02002002002,0,-0.110238264449,0.917589836858,5,513
152,1,6.15376725723,4.0,12,0.022022022022,0,-0.331634514267,2.14867080003,5,693
153,1,4.46819177185,2.0,18,0.019019019019,0,-0.342394854014,0.495376333897,5,922
154,1,2.78018122552,1.0,7,0.022022022022,0,0.122817115643,-2.58827012141,5,600
155,1,4.41178385079,4.0,14,0.018018018018,0,-0.310607868516,0.343607456338,5,807
156,1,6.51521290094,5.0,11,0.019019019019,0,0.730805686486,-0.677204158517,5,710
157,1,1.41326840989,1.0,2,0.019019019019,1,-0.786229068234,-1.22804438541,5,261
158,1,3.04319376814,0.0,7,0.021021021021,0,-0.286996083283,-1.09581798202,5,621
159,1,5.65351507847,1.0,17,0.02002002002,0,0.0974387597036,0.361198799356,5,836
160,1,6.3352588465,4.0,8,0.019019019019,0,0.199907582587,0.735536098741,5,684
161,1,2.85978665853,0.0,8,0.02002002002,0,-0.489703225211,-0.671103665841,5,652
162,1,8.53530851311,0.0,18,0.02002002002,0,0.636918612224,1.62455267643,5,869
163,1,7.47490986697,0.0,12,0.02002002002,0,0.973231474037,-0.444784555142,5,697
164,1,6.74454536464,0.0,15,0.018018018018,0,0.735226060403,-0.461132816571,5,757
165,1,11.7901462991,7.0,13,0.021021021021,0,2.29019881118,-0.0804501344875,5,705
166,1,7.6532164785,0.0,21,0.021021021021,0,0.364354420491,1.56015321702,5,932
167,1,1.92629168113,,3,0.017017017017,0,-0.927657663389,-0.290735328701,5,463
168,1,3.56857393257,0.0,10,0.023023023023,0,0.452414594226,-2.78866985011,5,555
169,1,3.3078481685,1.0,11,0.021021021021,0,-0.796979415187,0.698786414057,5,641
170,1,9.77895282463,7.0,12,0.016016016016,0,1.81422086915,-0.663709782818,5,732
171,1,1.36299039722,0.0,11,0.02002002002,0,-0.678630704698,-1.60111748868,5,637
172,1,3.46311824891,0.0,4,0.021021021021,0,-0.300548957592,-0.635234878312,5,399
173,1,5.0715555915,1.0,6,0.02002002002,0,-0.346071033511,1.10976869203,5,474
174,1,5.48095331993,3.0,9,0.02002002002,0,-0.262582548941,1.26870096675,5,493
175,1,1.84808263949,,4,0.019019019019,0,-0.332323076869,-2.1549481299,5,322
176,1,7.38906717245,5.0,12,0.022022022022,0,-0.00976212562563,2.41835354932,5,475
177,1,9.29450583599,6.0,11,0.018018018018,0,0.775120855739,1.96914326877,5,507
178,1,6.64984453163,3.0,15,0.019019019019,0,0.921822974774,-1.11562439269,5,617
179,1,3.54962281405,3.0,13,0.016016016016,0,-0.979684311641,1.48867574898,5,562
180,1,8.48237158677,7.0,18,0.019019019019,0,1.82845754056,-2.00300103492,5,669
181,1,5.29165841582,,8,0.02002002002,0,-0.228151341344,0.976112439856,5,327
182,1,6.3104851368,5.0,7,0.02002002002,0,0.215792143,0.663108707795,5,252
183,1,4.13854846395,2.0,8,0.022022022022,0,-0.495065807706,0.623745887069,5,183
184,1,-2.42162420473,,0,0.02002002002,1,-2.61739915251,0.430573252808,5,20
185,1,2.68509496844,1.0,5,0.02002002002,0,-0.303748892214,-1.40365835491,5,175
186,1,1.87705933484,,2,0.021021021021,0,-1.07153790056,0.0916730365273,5,51
187,1,9.21150371352,,16,0.02002002002,0,1.56316148023,-0.47798072717,5,501
188,1,5.08733453422,2.0,10,0.021021021021,0,0.570546732377,-1.62430566291,5,319
189,1,3.53360750456,3.0,14,0.021021021021,0,-0.315958377822,-0.518517361975,5,413
190,1,2.52672614453,,3,0.021021021021,0,-1.34883538661,1.57323230436,5,82
191,1,3.54301820684,2.0,5,0.02002002002,0,-0.656001314755,0.5110221511,5,130
192,1,3.16458815276,,4,0.025025025025,0,-0.496968091048,-0.344507574097,5,99
193,1,4.64056343537,,12,0.019019019019,0,-0.250277215768,0.391395082673,5,478
194,1,7.38417561572,5.0,9,0.021021021021,0,0.606369897221,0.565065924057,5,380
195,1,5.62280465402,2.0,6,0.02002002002,0,0.497740887275,-0.870418007803,5,207
196,1,-0.872614494985,,0,0.022022022022,1,-1.35315902024,-1.81313743427,5,17
197,1,5.12922402916,1.0,11,0.019019019019,0,-0.142349879649,0.55627366811,5,583
198,1,13.2659699662,10.0,14,0.019019019019,0,2.50710523957,0.744654247476,5,668
199,1,10.573047764,6.0,11,0.02002002002,0,1.21666653094,1.92304817122,5,611
200,1,1.757829084,1.0,7,0.022022022022,0,-1.06675203537,-0.0419148098971,5,243
201,1,10.4950595924,10.0,20,0.021021021021,0,1.74587542559,0.257433315635,5,822
202,1,5.65520523384,2.0,6,0.019019019019,0,0.687009354578,-1.40582282989,5,502
203,1,9.52078960853,5.0,17,0.018018018018,0,1.2178380809,0.867275365817,5,795
204,1,6.01191095662,1.0,16,0.021021021021,0,0.364598871899,-0.081885659083,5,721
205,1,5.6691453241,4.0,9,0.02002002002,0,-0.345841391545,1.70666949874,5,651
206,1,8.71221545196,4.0,12,0.019019019019,0,0.878371873799,1.07709983056,5,673
207,1,9.27906370861,6.0,17,0.02002002002,0,0.261150200506,3.49561310709,5,788
208,1,5.68005046139,3.0,12,0.022022022022,0,0.161509540794,0.195521839008,5,662
209,1,6.72543822362,6.0,14,0.019019019019,0,0.44439165396,0.392263261743,5,699
210,1,3.13184024809,2.0,19,0.019019019019,0,-0.0344794093024,-1.76472152401,5,863
211,1,7.80148659644,6.0,13,0.022022022022,0,1.48169752969,-1.64360599263,5,694
212,1,3.34557992903,3.0,7,0.017017017017,0,-0.161247831581,-1.17067657622,5,625
213,1,0.494783720156,,1,0.021021021021,0,-0.625107502812,-2.62989377141,5,122
214,1,5.96444019007,2.0,7,0.02002002002,0,0.305999219888,0.0464425304009,5,516
215,1,6.30331146947,2.0,12,0.019019019019,0,0.237114628068,0.591967585264,5,657
216,1,-0.845084586105,,0,0.02002002002,1,-1.23239767053,-2.14789157452,5,22
217,1,9.37323782614,6.0,11,0.02002002002,0,1.38446813137,0.219833432037,5,607
218,1,5.72771142505,2.0,6,0.02002002002,0,0.640506959863,-1.19380945454,5,482
219,1,7.60032748549,7.0,15,0.02002002002,0,1.05119746913,-0.553264921906,5,681
220,1,9.59537906304,8.0,19,0.021021021021,0,1.60572099058,-0.221783908711,5,716
221,1,11.7078505968,,18,0.019019019019,0,1.70241374876,1.60060935051,5,804
222,1,2.81275411001,1.0,7,0.019019019019,0,-0.0783809588707,-1.95210301338,5,345
223,1,2.64963783903,1.0,12,0.019019019019,0,-0.0605493989664,-2.16871396407,5,506
224,1,2.36101103683,1.0,4,0.02002002002,0,0.212509294751,-3.27651684743,5,295
225,1,10.7416737319,10.0,14,0.02002002002,0,1.58384106517,0.99015053639,5,545
226,1,2.35909764706,1.0,3,0.022022022022,0,-0.752377267204,-0.383770551327,5,193
227,1,8.93381364076,5.0,12,0.02002002002,0,1.89177146873,-1.74150076542,5,490
228,1,3.78058169531,,8,0.022022022022,0,-0.446069338092,0.118789709592,5,334
229,1,-0.679079221216,,13,0.019019019019,0,-1.70363504111,-0.568174097884,5,388
230,1,-0.157911898384,,10,0.02002002002,0,-1.51463132569,-0.614017921304,5,329
231,1,7.93955232559,0.0,19,0.02002002002,0,1.79142889446,-2.43473435778,5,703
232,1,7.28914409624,1.0,13,0.019019019019,0,1.23470559886,-1.41497270033,5,425
233,1,8.03936024845,0.0,9,0.02002002002,0,1.55266831829,-1.61864470642,5,226
234,1,6.93253981685,,8,0.019019019019,0,1.1010260514,-1.37053833735,5,187
235,1,5.58717667514,5.0,8,0.02002002002,0,-0.975977494976,3.51510916006,5,184
236,1,0.79438891412,,1,0.02002002002,0,-1.15910134485,-0.728307051334,5,70
237,1,3.60435852794,0.0,4,0.021021021021,0,0.283223754952,-2.24531273692,5,170
238,1,4.02996564344,2.0,5,0.021021021021,0,0.383593670832,-2.12081536906,5,163
239,1,6.39442506486,2.0,10,0.021021021021,0,-0.695282157551,3.48027153751,5,230
240,1,0.583772791456,,12,0.021021021021,0,-1.69182933997,0.659260811351,5,244
241,1,1.96260629709,,3,0.021021021021,0,-1.1073002829,0.284507145781,5,119
242,1,1.33187529377,,2,0.02002002002,0,-0.681452996734,-1.62376571603,5,115
243,1,-1.60561401537,,5,0.021021021021,0,-1.93577619995,-0.798285415534,5,160
244,1,-0.77037487386,,1,0.02002002002,0,-1.24978366715,-2.0210238724,5,69
245,1,8.09076935346,4.0,9,0.02002002002,0,0.86555897784,0.494092419943,5,182
246,1,9.27426523397,4.0,20,0.022022022022,0,1.01334345059,1.23423488219,5,709
247,1,5.37571068367,2.0,12,0.02002002002,0,0.409760864695,-0.853571910418,5,274
248,1,8.07487896833,8.0,17,0.017017017017,0,0.278064238165,2.24068625384,5,797
249,1,7.00987597979,2.0,12,0.019019019019,0,0.330693100195,1.01779667921,5,428
250,1,5.57622631176,1.0,14,0.02002002002,0,0.246622817973,-0.163642142156,5,440
251,1,5.35085798095,3.0,7,0.02002002002,0,0.176572818346,-0.17886047409,5,280
252,1,3.87304407506,2.0,5,0.02002002002,0,-0.194755194204,-0.542690342332,5,231
253,1,5.06349522393,5.0,7,0.021021021021,0,-0.8219170495,2.52924637243,5,303
254,1,-2.09144587536,,0,0.021021021021,1,-1.56128256685,-2.4075981748,5,35
255,1,13.6016273681,9.0,19,0.02002002002,0,2.78908914143,0.234359943829,5,763
256,1,7.68413160981,2.0,8,0.02002002002,0,0.632805250176,0.785715859285,5,317
257,1,7.07764783663,3.0,14,0.021021021021,0,-0.623499585921,3.94814659439,5,579
258,1,5.14503294538,4.0,11,0.019019019019,0,-0.354382476412,1.20818037461,5,387
259,1,3.76669196396,2.0,16,0.019019019019,0,-0.433834659239,0.0681959416812,5,683
260,1,3.16315446641,2.0,19,0.02002002002,0,-0.772840790117,0.481676836758,5,749
261,1,3.15832866766,1.0,13,0.018018018018,0,0.231008296496,-2.53469622182,5,393
262,1,6.77465685139,2.0,8,0.019019019019,0,-0.451461693278,3.12904193123,5,284
263,1,6.9811329154,5.0,10,0.018018018018,0,-0.297338487549,2.87314837805,5,383
264,1,4.89292443129,,7,0.021021021021,0,0.366134925688,-1.20548034578,5,222
265,1,-0.434369118431,,0,0.019019019019,1,-1.20811001639,-1.81003906926,5,4
266,1,7.24008658589,,19,0.02002002002,0,1.63709395882,-2.67119529056,5,742
267,1,5.47875090285,2.0,6,0.019019019019,0,-0.124681633791,0.852795804222,5,142
268,1,4.71974166422,3.0,5,0.021021021021,0,-0.358224211189,0.794414297792,5,127
269,1,3.2904386775,3.0,14,0.019019019019,0,-1.23215173732,1.98689388948,5,626
270,1,3.21286615075,1.0,13,0.02002002002,0,-0.187114604708,-1.22579003513,5,361
271,1,-2.45451035739,,1,0.022022022022,0,-2.27196200509,-0.638624342117,5,68
272,1,0.810961052285,,1,0.018018018018,0,-0.843489273349,-1.65857112767,5,6
273,1,3.12520555821,,10,0.02002002002,0,-0.599834445821,-0.0752911043284,5,197
274,1,5.5114423524,5.0,6,0.019019019019,1,-1.03242473068,3.60871654443,5,109
275,1,5.96905957996,3.0,7,0.022022022022,0,0.381906334848,-0.176659424585,5,124
276,1,11.4606971922,9.0,13,0.015015015015,0,1.55002530815,1.8106212677,5,335
277,1,9.7866425744,2.0,12,0.018018018018,0,1.5385059673,0.171124672488,5,288
278,1,5.64081300138,3.0,14,0.02002002002,0,0.253303238318,-0.119096713577,5,313
279,1,14.6918114544,6.0,17,0.021021021021,0,2.88901756417,1.02475876186,5,391
280,1,5.19765083685,,9,0.018018018018,0,1.29044157624,-3.67367389186,5,159
281,1,0.472898952258,0.0,1,0.021021021021,1,-0.407396684347,-3.3049109947,5,21
282,1,4.79413126142,,14,0.019019019019,0,-1.06788681032,2.99779169238,5,316
283,1,1.48978738728,1.0,3,0.023023023023,0,-1.97281581089,2.40823481995,5,73
284,1,0.0686862542335,,7,0.022022022022,0,-1.72827073208,0.25349845047,5,103
285,1,2.42965677449,,13,0.021021021021,0,-0.641557256407,-0.645671456292,5,259
286,1,3.1201394334,0.0,6,0.02002002002,0,-0.742529603754,0.347728244659,5,89
287,1,4.61777791563,2.0,5,0.017017017017,0,-0.310026552404,0.54785757284,5,76
288,1,7.18000930386,7.0,17,0.022022022022,0,1.40020626317,-2.02060948563,5,340
289,1,1.79432666961,1.0,2,0.022022022022,1,-0.769317600893,-0.897720527716,5,65
290,1,2.82595739389,,3,0.02002002002,0,-0.176792846389,-1.64366406694,5,72
291,1,6.11751897733,,8,0.02002002002,0,-0.180172610462,1.65803680872,5,118
292,1,7.1988213183,0.0,9,0.021021021021,0,-0.353007422615,3.25784358615,5,156
293,1,7.77638452059,,9,0.019019019019,0,1.50528363217,-1.73946637592,5,241
294,1,3.00064817162,1.0,17,0.019019019019,0,-0.395031271342,-0.814258014357,5,852
295,1,-1.28932627623,,0,0.02002002002,1,-1.83363093749,-0.788433463751,5,45
296,1,2.81928682474,,11,0.019019019019,0,-0.48569095636,-0.723640306183,5,441
297,1,4.92028720975,0.0,13,0.021021021021,0,0.0716674528354,-0.294715148757,5,539
298,1,4.75293480488,3.0,5,0.021021021021,0,-0.462518044435,1.14048893819,5,143
299,1,9.13162754388,2.0,12,0.02002002002,0,1.40066438416,-0.070365608594,5,581
300,1,5.37859325456,0.0,7,0.021021021021,0,0.128286947353,-0.00626758749548,5,285
301,1,4.57043991116,,5,0.021021021021,0,-0.942490140477,2.39791033259,5,268
302,1,4.57444836602,,19,0.02002002002,0,0.0516595533318,-0.580530293974,5,993
303,1,8.59950353338,7.0,13,0.019019019019,0,1.55990409132,-1.08020874059,5,612
304,1,5.65121476322,4.0,19,0.019019019019,0,0.389718222731,-0.517939904976,5,996
305,1,6.41100530934,3.0,15,0.021021021021,0,0.645039853549,-0.52411425131,5,704
306,1,6.38307969335,1.0,15,0.022022022022,0,0.0325574168526,1.28540744279,5,602
307,1,5.03758006323,5.0,9,0.021021021021,0,-0.802587192941,2.44534164205,5,548
308,1,4.9999722136,2.0,13,0.018018018018,0,0.337586825956,-1.01278826426,5,723
309,1,4.20150891095,0.0,15,0.019019019019,0,0.176991061328,-1.32946427303,5,747
310,1,5.0345229368,1.0,11,0.022022022022,0,-0.141045189034,0.457658503902,5,556
311,1,5.79577038299,5.0,7,0.02002002002,0,0.139685013305,0.376715343072,5,466
312,1,3.38543767124,2.0,5,0.02002002002,0,-0.269530229195,-0.805971641177,5,396
313,1,5.14756309729,0.0,10,0.017017017017,0,0.985500347777,-2.80893794604,5,610
314,1,8.50343507963,2.0,20,0.022022022022,0,1.59996077498,-1.2964472453,5,900
315,1,1.00019171973,1.0,21,0.022022022022,0,-1.45884159473,0.376716503918,5,803
316,1,5.08305803708,2.0,6,0.019019019019,0,0.565668415894,-1.61394721061,5,360
317,1,5.93655886253,,11,0.018018018018,0,0.576522321982,-0.793008103415,5,480
318,1,1.20661368691,0.0,3,0.018018018018,0,-1.11802839255,-0.439301135429,5,114
319,1,6.14767868455,4.0,11,0.021021021021,0,0.451376616669,-0.206451165457,5,275
320,1,0.183352456132,0.0,1,0.02002002002,1,-0.893922671533,-2.13487952927,5,47
321,1,6.48358035373,5.0,7,0.021021021021,0,0.958563991568,-1.39211162097,5,202
322,1,3.75594279094,0.0,14,0.021021021021,0,-0.84545434565,1.2923058279,5,432
323,1,3.17426128386,2.0,4,0.02002002002,0,-1.66519166208,3.16983627009,5,191
324,1,-3.54092515946,,2,0.019019019019,0,-1.80409412731,-3.12864277753,5,94
325,1,10.9457554846,0.0,11,0.02002002002,0,2.22112436166,-0.717617600351,5,411
326,1,-0.256061732774,,0,0.022022022022,1,-1.9706245224,0.655811834428,5,37
327,1,5.55598078365,2.0,14,0.019019019019,0,-0.380515780718,1.69752812581,5,518
328,1,2.68461023708,2.0,6,0.02002002002,0,-0.522173914383,-0.74886801977,5,192
329,1,3.9608766865,3.0,4,0.02002002002,1,-1.04587564596,2.09850362437,5,104
330,1,11.4796125454,11.0,12,0.019019019019,1,0.887669289882,3.81660467579,5,460
331,1,9.01511049291,7.0,10,0.02002002002,0,0.216974819701,3.36418603381,5,414
332,1,5.79058977054,5.0,13,0.02002002002,0,0.742740272314,-1.4376310464,5,496
333,1,4.07418208897,2.0,11,0.02002002002,0,0.282403515688,-1.7730284581,5,488
334,1,5.39248432262,2.0,7,0.018018018018,0,-0.607130180376,2.21387486375,5,472
335,1,0.31710958199,,3,0.021021021021,0,-1.12626083182,-1.30410792256,5,392
336,1,4.44590223297,2.0,11,0.021021021021,0,0.322183932139,-1.52064956344,5,570
337,1,2.01738180495,0.0,10,0.018018018018,0,-1.49269941242,1.49548004222,5,725
338,1,2.6021613962,0.0,3,0.019019019019,0,-0.701920297338,-0.292077711791,5,409
339,1,8.09216070607,8.0,12,0.019019019019,0,1.36332329502,-0.997809178984,5,829
340,1,8.55328272676,8.0,17,0.019019019019,0,1.8649208013,-2.04147967714,5,963
341,1,2.16417864647,0.0,16,0.019019019019,0,-1.21913910649,0.821595965943,5,957
342,1,8.08116363022,8.0,9,0.022022022022,1,1.86652018517,-2.51839692528,5,768
343,1,9.13209101396,6.0,15,0.018018018018,0,1.62810979749,-0.752238378519,5,956
344,1,15.9416338067,6.0,19,0.02002002002,0,2.63878984313,3.02526427731,5,970
345,1,5.42458563719,5.0,11,0.022022022022,0,-0.505548537266,1.94123124899,5,819
346,1,11.0466659868,8.0,12,0.022022022022,0,1.8445323241,0.513069014498,5,859
347,1,11.8680449662,6.0,13,0.02002002002,0,1.9192960203,1.11015690526,5,921
348,1,6.91315621641,4.0,21,0.022022022022,0,0.586835898484,0.152648520957,5,975
349,1,5.79075114774,2.0,11,0.02002002002,0,0.902199673197,-1.91584787185,5,898
350,1,2.91377381764,2.0,4,0.022022022022,0,-0.392878719303,-0.907590024451,5,802
351,1,0.933741468871,0.0,1,0.02002002002,1,-1.42780913436,0.217168871953,5,247
352,1,6.49060346025,6.0,14,0.021021021021,0,0.569730592246,-0.218588316488,5,885
353,1,1.90299131137,1.0,3,0.021021021021,0,-1.16023898636,0.38370827044,5,578
354,1,4.63090956026,0.0,16,0.02002002002,0,-0.13852565562,0.0464865271182,5,924
355,1,7.79664312658,4.0,18,0.02002002002,0,0.215864329977,2.14905013665,5,980
356,1,4.25443546302,4.0,8,0.021021021021,0,-0.473082528727,0.673683049203,5,838
357,1,5.88269657861,2.0,13,0.021021021021,0,0.0410978335668,0.759403077915,5,910
358,1,7.56604993758,4.0,9,0.021021021021,0,0.379508205752,1.42752532032,5,830
359,1,1.1770164917,0.0,2,0.02002002002,0,-1.57407112679,0.899229872081,5,437
360,1,9.90256186951,5.0,10,0.019019019019,0,1.19428872255,1.31969570186,5,868
361,1,4.1707557942,3.0,18,0.02002002002,0,-0.642302905896,1.09766451189,5,985
362,1,6.53544688436,1.0,12,0.021021021021,0,0.665757155832,-0.461824583135,5,882
363,1,4.19743591472,3.0,5,0.02002002002,0,0.469418953283,-2.21082094513,5,766
364,1,5.44062482105,2.0,7,0.02002002002,0,0.0800101155734,0.200594474329,5,772
365,1,3.39405111766,2.0,20,0.02002002002,0,-0.586380784142,0.153193470086,5,997
366,1,5.1765132876,5.0,18,0.021021021021,0,0.0302520836862,0.0857570365427,5,912
367,1,3.61346887656,1.0,14,0.02002002002,0,-0.356719261684,-0.316373338391,5,884
368,1,2.0976318727,2.0,3,0.02002002002,1,-1.03204658554,0.193771629309,5,636
369,1,7.55186956055,3.0,20,0.021021021021,0,0.795732653588,0.164671599785,5,991
370,1,2.65541365632,1.0,7,0.02002002002,0,-0.0520457423444,-2.18844911665,5,737
371,1,8.04356579122,0.0,9,0.02002002002,0,0.258102753045,2.26925753208,5,769
372,1,4.27510421689,1.0,6,0.019019019019,0,0.696768893391,-2.81520246328,5,735
373,1,3.93872072058,0.0,14,0.02002002002,0,-0.384887298251,0.093382615329,5,811
374,1,1.96682019477,0.0,7,0.022022022022,0,-0.708396200115,-0.90799120489,5,696
375,1,6.2449780663,,14,0.019019019019,0,-0.141472423497,1.66939533679,5,814
376,1,7.11177748433,6.0,18,0.019019019019,0,0.929714316826,-0.677365466147,5,964
377,1,6.70496228437,3.0,10,0.018018018018,0,0.38348161884,0.554517427848,5,728
378,1,7.87713074148,0.0,13,0.021021021021,0,0.848725001187,0.330955737917,5,778
379,1,3.94107521964,3.0,4,0.022022022022,1,0.381010207971,-2.20195540427,5,596
380,1,5.67873004595,3.0,7,0.021021021021,0,0.619155354868,-1.17873601865,5,682
381,1,3.660820604,2.0,5,0.02002002002,0,-0.763595242056,0.951606330169,5,471
382,1,5.56046450009,,7,0.019019019019,0,-0.835939613947,3.06828334193,5,695
383,1,8.60311449251,6.0,12,0.022022022022,0,1.46996668411,-0.806785559802,5,685
384,1,10.2388182222,7.0,17,0.019019019019,0,1.11452571025,1.89524109144,5,892
385,1,4.31834640554,0.0,8,0.02002002002,0,0.065783002858,-0.879002603037,5,586
386,1,0.585469760923,0.0,1,0.021021021021,1,-1.61923982905,0.443189248079,5,120
387,1,3.18756551068,2.0,17,0.019019019019,0,-1.43825398631,2.50232746962,5,825
388,1,10.7817341037,8.0,21,0.021021021021,0,1.34559524588,1.74494836609,5,941
389,1,-1.50206929908,,2,0.018018018018,0,-1.57852200395,-1.76650328724,5,185
390,1,0.866970908308,0.0,8,0.017017017017,0,-1.27468032475,-0.308988117445,5,424
391,1,7.03268857542,7.0,8,0.021021021021,1,0.595578801623,0.245952170547,5,419
392,1,0.171107046165,0.0,3,0.019019019019,0,-1.11982420617,-1.46942033532,5,257
393,1,1.23315150641,0.0,3,0.02002002002,0,-1.30626121627,0.151935155213,5,206
394,1,7.60614774955,7.0,12,0.018018018018,0,0.988950407036,-0.360703471562,5,718
395,1,5.95116019833,0.0,6,0.02002002002,0,0.678096922599,-1.08313056946,5,389
396,1,5.75845910671,3.0,11,0.021021021021,0,0.864969749932,-1.83645014309,5,670
397,1,4.25684337101,0.0,8,0.019019019019,0,-0.236023776117,-0.0350853006353,5,537
398,1,9.17577381851,9.0,14,0.02002002002,0,1.01846101679,1.12039076813,5,842
399,1,0.274326962786,0.0,1,0.019019019019,1,-1.0770102779,-1.49464220351,5,179
400,1,0.786999677174,0.0,2,0.019019019019,0,-0.868224979634,-1.60832538392,5,262
401,1,10.2147325884,8.0,13,0.019019019019,0,0.660237823733,3.23401911716,5,867
402,1,8.79240251246,5.0,16,0.02002002002,0,0.738932624413,1.57560463922,5,896
403,1,5.50522453344,5.0,12,0.02002002002,0,0.140543481167,0.0835940899384,5,871
404,1,5.77753829099,4.0,6,0.021021021021,0,0.764010916538,-1.51449445863,5,679
405,1,4.08823920655,4.0,5,0.018018018018,1,-0.468224748806,0.49291345297,5,632
406,1,7.30224116497,6.0,16,0.019019019019,0,0.576758711251,0.571965031215,5,955
407,1,6.12966258604,0.0,12,0.021021021021,0,-0.201287883854,1.73352623761,5,878
408,1,2.58523366851,0.0,6,0.021021021021,0,-0.514310422304,-0.871835064574,5,854
409,1,4.04705774676,2.0,12,0.02002002002,0,-0.741476974863,1.27148867135,5,906
410,1,7.33122296778,6.0,12,0.021021021021,0,0.743032551477,0.102125313352,5,886
411,1,4.46622209086,0.0,18,0.018018018018,0,0.124294289981,-0.906660779079,5,999
412,1,8.31145413727,0.0,19,0.021021021021,0,1.1508464114,-0.141085096936,5,971
413,1,4.35907060303,4.0,7,0.022022022022,0,-0.171321920019,-0.126963636917,5,876
414,1,6.55529629546,3.0,12,0.018018018018,0,-0.138872729034,1.97191448257,5,919
415,1,3.52205659645,1.0,8,0.019019019019,0,-0.118503981854,-1.12243145799,5,907
416,1,4.33606653438,4.0,5,0.02002002002,1,-0.336119717814,0.344425687827,5,870
417,1,4.97430717647,2.0,10,0.018018018018,0,0.141922303225,-0.45145973321,5,928
418,1,7.85276742451,4.0,19,0.022022022022,0,0.418161733753,1.59828222325,5,966
419,1,4.56928244169,3.0,8,0.019019019019,0,-0.336970154727,0.580192905877,5,918
420,1,9.43156505413,2.0,11,0.02002002002,0,2.28448059279,-2.42187672424,5,934
421,1,7.09925262239,1.0,15,0.02002002002,0,0.446197773588,0.760659301629,5,950
422,1,7.01859341676,7.0,18,0.021021021021,0,0.821701852719,-0.4465121414,5,959
423,1,6.73010058511,0.0,8,0.02002002002,0,1.10748914894,-1.5923668617,5,891
424,1,0.858984126622,0.0,1,0.021021021021,1,-2.04046942378,1.98039239797,5,232
425,1,11.4437662281,7.0,21,0.021021021021,0,1.84690870375,0.903040116852,5,974
426,1,4.88463050433,3.0,5,0.02002002002,0,-0.172348804674,0.401676918354,5,707
427,1,11.0416988715,8.0,13,0.018018018018,0,1.28751850124,2.17914336773,5,938
428,1,6.40316425566,6.0,14,0.018018018018,0,0.585852715126,-0.354393889716,5,936
429,1,2.53320747398,2.0,4,0.022022022022,0,-0.791057344533,-0.0936204924177,5,367
430,1,11.9289570028,7.0,14,0.02002002002,0,1.85463803292,1.36504290402,5,945
431,1,0.33965778668,0.0,1,0.021021021021,1,-1.30148410383,-0.755889901825,5,173
432,1,6.06415649032,6.0,7,0.021021021021,1,0.262538597527,0.276540697737,5,726
433,1,6.88794683841,3.0,21,0.023023023023,0,1.10174825682,-1.41729793206,5,969
434,1,5.31643175798,2.0,6,0.02002002002,0,0.25947309451,-0.461987525554,5,564
435,1,5.42882069178,5.0,7,0.018018018018,0,0.653488684861,-1.53164536281,5,821
436,1,10.2902160253,10.0,13,0.02002002002,0,1.82129498122,-0.173668918367,5,846
437,1,5.54212639455,4.0,6,0.02002002002,0,0.0489575841539,0.395253642084,5,785
438,1,2.79444575539,2.0,9,0.019019019019,0,-1.48170169352,2.23955083595,5,818
439,1,-0.608438252236,,1,0.018018018018,0,-2.29907618953,1.28879031636,5,92
440,1,8.31056388896,6.0,16,0.019019019019,0,1.28767337222,-0.552456227701,5,946
441,1,8.33203997051,6.0,15,0.02002002002,0,0.434111561282,2.02970528666,5,888
442,1,7.48981807753,2.0,8,0.019019019019,0,1.10001984549,-0.810241458937,5,826
443,1,11.3273037237,2.0,17,0.019019019019,0,1.68840152928,1.2620991359,5,958
444,1,5.78036181569,3.0,7,0.019019019019,0,0.520031569605,-0.779732893127,5,805
445,1,5.70573485386,1.0,20,0.02002002002,0,-0.0347928933882,0.810113534021,5,965
446,1,4.99234490489,4.0,9,0.02002002002,0,-0.737357106367,2.20441622399,5,841
447,1,4.25543901173,3.0,7,0.019019019019,0,0.498182948398,-2.23910983346,5,817
448,1,3.8389679131,2.0,4,0.021021021021,0,0.184578086201,-1.7147663455,5,688
449,1,7.46180557228,7.0,14,0.019019019019,0,0.135907000347,2.05408457124,5,961
450,1,4.46927537293,3.0,10,0.022022022022,0,-0.480589629877,0.911044262557,5,849
451,1,6.03316059121,1.0,10,0.019019019019,0,0.520434541631,-0.528143033685,5,880
452,1,9.07974637894,0.0,10,0.019019019019,0,1.03039692901,0.988555591921,5,866
453,1,1.85165561255,1.0,2,0.02002002002,1,-0.582182582527,-1.40179663987,5,771
454,1,3.15783601837,1.0,4,0.021021021021,0,0.20297497649,-2.4510889111,5,753
455,1,7.1917607567,,15,0.02002002002,0,0.301127856827,1.28837718622,5,943
456,1,7.27506221133,1.0,21,0.021021021021,0,1.23913168589,-1.44233284632,5,994
457,1,5.72088271083,2.0,20,0.022022022022,0,0.0580723828804,0.546665562185,5,987
458,1,5.9347493563,2.0,19,0.02002002002,0,-0.408308610327,2.15967518727,5,988
459,1,6.97728561489,4.0,16,0.019019019019,0,0.281618854601,1.13242905109,5,984
460,1,8.96622659168,5.0,16,0.022022022022,0,0.43705786805,2.65505298753,5,851
461,1,9.15979781055,3.0,11,0.019019019019,0,1.46725130401,-0.241956101467,5,791
462,1,8.17008854475,2.0,14,0.018018018018,0,0.961156704728,0.286618430563,5,968
463,1,10.7469050227,2.0,12,0.02002002002,0,1.44901539401,1.39985884072,5,777
464,1,3.76467308378,3.0,10,0.021021021021,0,-0.259283383746,-0.457476764981,5,743
465,1,-2.96659466637,,0,0.02002002002,1,-2.84673890392,0.573622045391,5,23
466,1,3.98185406391,3.0,8,0.021021021021,0,-0.01368634426,-0.977086903308,5,629
467,1,9.86510152342,5.0,15,0.019019019019,0,1.58083354191,0.122600897709,5,937
468,1,0.610476695641,,1,0.019019019019,0,-0.593628143782,-2.60863887301,5,61
469,1,3.09252645123,,6,0.02002002002,0,-0.197354578978,-1.31540981184,5,558
470,1,3.65792368495,1.0,5,0.019019019019,0,0.131009005453,-1.7351033314,5,436
471,1,3.4895092618,3.0,13,0.017017017017,0,-0.00982822086075,-1.48100607561,5,722
472,1,6.82851607906,4.0,14,0.02002002002,0,-0.207944407574,2.45234930178,5,663
473,1,6.69806931017,5.0,10,0.019019019019,0,0.949696334434,-1.15101969313,5,544
474,1,7.07065812535,2.0,10,0.02002002002,0,1.02673618807,-1.00955043887,5,541
475,1,2.04389855897,2.0,4,0.019019019019,0,-1.54784874571,1.68744479609,5,365
476,1,-0.591803586176,,14,0.02002002002,0,-0.773090166335,-3.27253308717,5,569
477,1,6.80091853769,3.0,18,0.021021021021,0,0.653239745729,-0.158800699496,5,801
478,1,6.60772399628,1.0,8,0.021021021021,0,0.717647817051,-0.545219454873,5,368
479,1,10.3026637627,5.0,17,0.02002002002,0,1.79351153535,-0.0778708433878,5,615
480,1,0.326711981191,0.0,10,0.019019019019,0,-0.876592399293,-2.04351082093,5,418
481,1,0.68853928707,,1,0.018018018018,0,-1.32883269945,-0.324962614582,5,40
482,1,2.31380822903,0.0,5,0.019019019019,0,-0.0123723462741,-2.64907473214,5,177
483,1,4.85666447993,3.0,11,0.021021021021,0,-0.396776954746,1.04699534417,5,373
484,1,7.37917711968,6.0,10,0.02002002002,0,0.775885991159,0.0515191462054,5,336
485,1,8.54428966707,6.0,15,0.021021021021,0,0.899191895388,0.846713980901,5,402
486,1,4.06999040502,,10,0.017017017017,0,-0.986331347599,2.02898444782,5,307
487,1,-0.380760960675,,2,0.02002002002,0,-1.2536366113,-1.61985112678,5,62
488,1,3.20707774757,1.0,5,0.02002002002,0,-0.77540876983,0.533304057056,5,134
489,1,8.72761502359,6.0,10,0.021021021021,0,1.02696333415,0.646725021122,5,200
490,1,8.92820174739,3.0,20,0.021021021021,0,0.550248150517,2.27745729584,5,631
491,1,-1.94199429689,,0,0.021021021021,1,-2.1653936212,-0.445813433301,5,12
492,1,3.60852990969,,4,0.02002002002,0,-0.521987899949,0.174493609535,5,102
493,1,4.14691903858,3.0,6,0.022022022022,0,-0.341482774141,0.171367360999,5,144
494,1,7.54270494645,2.0,13,0.018018018018,0,1.02421622631,-0.529943732475,5,267
495,1,9.81976965935,8.0,11,0.02002002002,0,1.24009497294,1.09948474052,5,229
496,1,2.89278051885,2.0,3,0.019019019019,1,-0.3043554181,-1.19415322685,5,80
497,1,4.25615602393,,12,0.02002002002,0,0.054226592696,-0.906523754153,5,228
498,1,4.30915108316,2.0,5,0.02002002002,0,-0.14796292375,-0.246960145592,5,150
499,1,7.73126138379,2.0,12,0.02002002002,0,1.17597604255,-0.796666743854,5,240
500,1,5.97626303786,3.0,6,0.02002002002,0,-0.135922791359,1.38403141193,5,212
501,1,1.35909534516,,8,0.021021021021,0,-1.13577998447,-0.233564701428,5,238
502,1,-1.16041189425,,0,0.022022022022,1,-1.83926742608,-0.642609616014,5,16
503,1,5.08685268955,1.0,10,0.018018018018,0,-0.422040626978,1.35297457048,5,338
504,1,-0.347259560596,,14,0.023023023023,0,-1.76552932015,-0.0506716001462,5,401
505,1,6.74157022761,4.0,12,0.022022022022,0,1.23620763864,-1.96705268831,5,286
506,1,2.40996589383,2.0,3,0.02002002002,1,-0.736076950125,-0.381803255799,5,208
507,1,2.95904312115,2.0,12,0.02002002002,0,-0.458373257953,-0.665837104995,5,421
508,1,11.1103296315,7.0,14,0.02002002002,0,1.20032344328,2.5093593017,5,532
509,1,7.73989181742,5.0,8,0.02002002002,0,0.747503978954,0.497379880559,5,422
510,1,9.20396310377,4.0,15,0.019019019019,0,1.51987678214,-0.355667242664,5,834
511,1,4.21411741616,1.0,16,0.02002002002,0,0.284672838582,-1.63990109958,5,857
512,1,5.74127433125,1.0,11,0.025025025025,0,-0.0617081903142,0.926398902194,5,423
513,1,8.97680348854,5.0,18,0.02002002002,0,1.61700298958,-0.87420548019,5,865
514,1,2.48809008537,0.0,13,0.023023023023,0,-0.984428391373,0.441375259487,5,782
515,1,2.65832861067,1.0,3,0.02002002002,0,-0.806654775245,0.0782929364072,5,412
516,1,6.43205038993,2.0,7,0.021021021021,0,-0.42366119622,2.70303397859,5,535
517,1,7.8761148782,5.0,12,0.019019019019,0,-0.155408308504,3.34233980371,5,848
518,1,2.67401337812,1.0,8,0.019019019019,0,-0.122976930791,-1.95705582951,5,665
519,1,8.68968634311,3.0,10,0.017017017017,0,0.550851370002,2.03713223311,5,835
520,1,10.6936330078,10.0,16,0.017017017017,0,1.40602877644,1.47554667842,5,947
521,1,3.93422640443,3.0,20,0.02002002002,0,-0.55408050051,0.596467905963,5,1000
522,1,5.66480259252,0.0,8,0.021021021021,0,0.536483712987,-0.944648546442,5,790
523,1,4.0869190629,1.0,5,0.02002002002,0,-0.432026346455,0.382998102268,5,634
524,1,14.7447293276,3.0,17,0.018018018018,0,2.45260141523,2.38692508194,5,976
525,1,1.83259028499,1.0,9,0.022022022022,0,-0.552017327283,-1.51135773316,5,833
526,1,3.69840597781,2.0,15,0.019019019019,0,-1.02538619739,1.77456456998,5,935
527,1,11.2816541808,1.0,16,0.021021021021,0,1.69255237222,1.2039970641,5,933
528,1,7.74685370089,2.0,9,0.021021021021,0,2.15434196,-3.71617217911,5,800
529,1,9.87208851147,2.0,11,0.02002002002,0,1.45827983765,0.497248998533,5,893
530,1,5.08936050991,1.0,6,0.021021021021,0,-0.289928756996,0.959146780898,5,767
531,1,6.11137149981,5.0,10,0.02002002002,0,0.811403900644,-1.32284020213,5,798
532,1,5.60215318731,,8,0.021021021021,0,0.629853603814,-1.28740762413,5,659
533,1,-3.66758928676,,0,0.019019019019,1,-2.25774314037,-1.89435986564,5,1
534,1,3.31723469883,2.0,16,0.02002002002,0,-0.0108943574348,-1.65008222887,5,914
535,1,6.01535201334,2.0,13,0.018018018018,0,-0.400700874815,2.21745463778,5,894
536,1,7.83483314765,3.0,20,0.02002002002,0,0.906708436232,0.114707838957,5,982
537,1,4.64383907948,,7,0.017017017017,0,-0.181767656168,0.189142047978,5,377
538,1,6.35127485911,5.0,20,0.021021021021,0,0.641416638025,-0.572975054965,5,962
539,1,7.57395760607,6.0,15,0.02002002002,0,1.27258554028,-1.24379901478,5,855
540,1,4.15581602254,1.0,8,0.02002002002,0,-0.3179988587,0.109812598639,5,485
541,1,1.87643409228,,4,0.02002002002,0,-1.17466351377,0.400424633586,5,224
542,1,0.525360681137,,5,0.02002002002,0,-1.69703126093,0.616454463932,5,328
543,1,2.6200111316,2.0,4,0.019019019019,0,-0.428274939702,-1.0951640493,5,363
544,1,8.9087065387,0.0,13,0.02002002002,0,1.17721478989,0.377062169032,5,594
545,1,6.18876637703,6.0,8,0.019019019019,0,0.568209789427,-0.515862991247,5,484
546,1,7.17959438049,3.0,11,0.02002002002,0,0.761985712018,-0.106362755561,5,582
547,1,0.530253142384,,1,0.022022022022,0,-1.26613670712,-0.671336736242,5,161
548,1,4.58761767128,4.0,7,0.021021021021,0,-0.700221598963,1.68828246817,5,439
549,1,8.23994665752,4.0,10,0.022022022022,0,0.929539099829,0.451329358028,5,454
550,1,8.78254777399,1.0,12,0.019019019019,0,0.622066256371,1.91634900488,5,514
551,1,1.71189671449,0.0,2,0.02002002002,0,-0.959830667149,-0.408611284057,5,188
552,1,5.43732803838,2.0,10,0.018018018018,0,0.386768362695,-0.722977049701,5,500
553,1,5.91923036758,4.0,19,0.022022022022,0,0.642323186703,-1.00773919253,5,714
554,1,4.94828782442,4.0,20,0.02002002002,0,0.42285698071,-1.32028311771,5,759
555,1,10.5395939931,0.0,12,0.02002002002,0,2.10892767604,-0.787189034992,5,633
556,1,5.10155104944,4.0,17,0.019019019019,0,0.295229255937,-0.784136718367,5,724
557,1,4.5680300379,1.0,7,0.021021021021,0,0.467257667664,-1.83374296509,5,349
558,1,1.17660430762,0.0,2,0.021021021021,0,-0.366939165129,-2.722578197,5,169
559,1,12.1570601638,7.0,20,0.02002002002,0,1.03097920232,4.06412255682,5,915
560,1,0.880654957246,,1,0.017017017017,0,-1.98619158841,1.83922972247,5,149
561,1,2.64072169803,2.0,8,0.02002002002,0,-0.630958788764,-0.466401935683,5,483
562,1,5.84949575504,5.0,17,0.021021021021,0,0.00656263614099,0.829807846613,5,708
563,1,6.21267864949,1.0,7,0.021021021021,0,0.592724428825,-0.565494636981,5,431
564,1,2.73380081434,1.0,16,0.02002002002,0,-0.424543718216,-0.992568031008,5,698
565,1,5.85228231329,2.0,15,0.019019019019,0,-0.00739644516521,0.874471648782,5,675
566,1,1.13344892561,0.0,2,0.02002002002,0,-1.55760776749,0.806272228064,5,96
567,1,5.82255664458,,6,0.02002002002,0,0.941962098469,-2.00332965083,5,448
568,1,4.74116466223,4.0,8,0.02002002002,0,0.757475451815,-2.53126169321,5,525
569,1,8.9164566088,6.0,13,0.022022022022,0,1.17899183785,0.379481095251,5,533
570,1,4.36113648504,3.0,7,0.021021021021,0,-0.103537905551,-0.328249798307,5,486
571,1,-0.823640522607,,0,0.018018018018,1,-1.91912816238,-0.0662560354734,5,2
572,1,7.53131933219,3.0,8,0.02002002002,0,1.17631779544,-0.997634054141,5,526
573,1,3.4609361114,2.0,5,0.021021021021,0,-0.404236070533,-0.326355676997,5,371
574,1,11.8298825397,4.0,13,0.02002002002,0,2.77730769923,-1.50204055805,5,649
575,1,3.64383482142,3.0,12,0.019019019019,0,0.0665008222632,-1.55566764537,5,646
576,1,6.98942508273,1.0,10,0.02002002002,0,0.947439519785,-0.852893476622,5,565
577,1,3.38294897377,2.0,21,0.022022022022,0,-0.597513367751,0.175489077025,5,794
578,1,6.99583548358,1.0,14,0.019019019019,0,0.306127474505,1.07745306006,5,656
579,1,5.18771744364,1.0,6,0.02002002002,0,0.985970231609,-2.77019325119,5,531
580,1,8.35054353779,4.0,19,0.019019019019,0,1.30414703633,-0.56189757121,5,977
581,1,2.47132865972,,7,0.019019019019,0,-0.683403144348,-0.478461907234,5,527
582,1,6.59317106808,1.0,12,0.019019019019,0,-0.107561747657,1.91585631105,5,653
583,1,-1.11340962965,,4,0.019019019019,0,-1.34632406947,-2.07443742125,5,528
584,1,2.72125280386,0.0,16,0.02002002002,0,-0.559691799425,-0.599671797866,5,779
585,1,10.6032020146,6.0,14,0.019019019019,0,1.01990411619,2.54348966602,5,734
586,1,7.14892793633,0.0,12,0.021021021021,0,1.03728579141,-0.962929437909,5,648
587,1,3.78313506067,3.0,12,0.021021021021,0,-0.73370061543,0.984236906957,5,561
588,1,7.71799550047,4.0,9,0.02002002002,0,0.749468435798,0.469590193075,5,540
589,1,4.98074370697,2.0,19,0.02002002002,0,-0.468826314397,1.38722265017,5,926
590,1,6.16810885432,2.0,7,0.02002002002,0,0.281234382558,0.324405706642,5,487
591,1,4.80618361024,4.0,13,0.021021021021,0,0.194071552278,-0.776031046596,5,560
592,1,4.54561521357,3.0,7,0.021021021021,0,0.251755136995,-1.20965019741,5,372
593,1,-0.148907180355,,0,0.019019019019,1,-0.82707856653,-2.66767148077,5,131
594,1,12.2091799193,1.0,19,0.021021021021,0,1.56456037661,2.51549878951,5,839
595,1,5.54336267762,2.0,9,0.02002002002,0,0.360448790734,-0.537983694584,5,381
596,1,6.08030698361,1.0,11,0.023023023023,0,0.413411831487,-0.159928510847,5,494
597,1,1.17844020277,1.0,17,0.019019019019,0,-0.617794256894,-1.96817702655,5,877
598,1,6.13402439424,0.0,7,0.019019019019,0,-0.189996273277,1.70401321407,5,298
599,1,1.84950509639,,3,0.022022022022,0,-0.768452798081,-0.84513650937,5,263
600,1,0.819987706073,0.0,9,0.022022022022,0,-2.39525120682,3.00574132653,5,324
601,1,3.57778809159,0.0,4,0.023023023023,0,-1.22287248286,2.24640554016,5,216
602,1,0.595227957647,,1,0.021021021021,0,-1.65851804791,0.570782101366,5,152
603,1,6.27262462361,4.0,8,0.021021021021,0,1.01372239294,-1.76854255523,5,310
604,1,8.37160119182,0.0,18,0.022022022022,0,0.878385662125,0.736444205446,5,751
605,1,-2.89267458939,,1,0.023023023023,0,-1.5840397148,-3.140555445,5,174
606,1,8.38722189839,8.0,16,0.018018018018,0,0.519860815694,1.82763945131,5,899
607,1,3.5426909465,0.0,16,0.021021021021,0,-0.717094857521,0.693975519058,5,715
608,1,1.20216813566,0.0,3,0.018018018018,0,-0.827959780803,-1.31395252193,5,281
609,1,7.15627034591,3.0,10,0.021021021021,0,0.349194433021,1.10868704684,5,639
610,1,3.14590655342,2.0,11,0.021021021021,0,-0.209661999137,-1.22510744917,5,660
611,1,6.95185759417,5.0,18,0.018018018018,0,0.507116727879,0.430507410536,5,992
612,1,-0.983005806068,,8,0.021021021021,0,-1.93358483284,-0.182251307541,5,658
613,1,3.95492516853,1.0,6,0.021021021021,0,-0.262523839179,-0.257503313937,5,534
614,1,9.13921245411,2.0,18,0.019019019019,0,0.902522894239,1.43164377139,5,983
615,1,6.55487176403,6.0,7,0.019019019019,1,0.0596469638605,1.37593087245,5,542
616,1,7.20124679091,0.0,13,0.021021021021,0,0.926672835811,-0.578771716519,5,750
617,1,6.72758683038,0.0,10,0.02002002002,0,0.0888860985997,1.46092853458,5,664
618,1,11.6040248935,1.0,17,0.023023023023,0,1.81569167182,1.15694987804,5,810
619,1,2.67502025657,1.0,5,0.021021021021,0,-0.328373788315,-1.33985837849,5,477
620,1,5.39643635728,2.0,11,0.018018018018,0,0.315173031536,-0.549082737325,5,686
621,1,9.35036314523,5.0,14,0.018018018018,0,1.92992380357,-1.43940826549,5,889
622,1,4.03242219894,4.0,9,0.018018018018,0,-0.26032974218,-0.186588574522,5,640
623,1,9.02449353855,1.0,19,0.021021021021,0,1.21809129484,0.370219654038,5,913
624,1,-0.45519461274,,1,0.017017017017,0,-0.789869268502,-3.08558680724,5,106
625,1,8.98272194973,8.0,15,0.017017017017,0,0.572690999768,2.26464895042,5,890
626,1,3.98305801856,3.0,5,0.021021021021,0,-0.17440493562,-0.493727174579,5,311
627,1,9.52533657938,6.0,21,0.021021021021,0,0.716799382561,2.37493843169,5,952
628,1,13.6192278058,3.0,15,0.022022022022,0,1.85368595527,3.05816994003,5,837
629,1,6.86490156022,2.0,7,0.017017017017,0,0.0700592548504,1.65472379567,5,655
630,1,9.51827390269,2.0,15,0.02002002002,0,1.0649392842,1.32345605008,5,873
631,1,0.990759430423,0.0,1,0.02002002002,1,-0.807521885768,-1.58667491227,5,85
632,1,4.67881016894,4.0,5,0.02002002002,1,-0.366237908709,0.777523895065,5,580
633,1,7.07853855662,4.0,9,0.018018018018,0,0.813179246555,-0.360999183047,5,812
634,1,1.23905298142,0.0,9,0.02002002002,0,-1.23971495527,-0.0418021527644,5,752
635,1,11.3359234223,10.0,15,0.019019019019,0,0.769487233978,4.02746172033,5,864
636,1,1.5057159196,1.0,3,0.02002002002,0,-1.00733896351,-0.472267189874,5,258
637,1,7.36108261135,6.0,8,0.019019019019,0,0.235926475736,1.65330318414,5,765
638,1,9.93504575279,8.0,14,0.021021021021,0,1.41312145354,0.695681392181,5,816
639,1,6.14332534856,1.0,13,0.02002002002,0,0.218155905759,0.488857631287,5,775
640,1,8.26664052745,5.0,11,0.019019019019,0,0.94793728615,0.422828668996,5,780
641,1,6.77147504983,5.0,19,0.021021021021,0,0.853544426056,-0.789158228334,5,901
642,1,3.96951420933,3.0,8,0.019019019019,0,-0.441219674003,0.293173231335,5,650
643,1,7.25810009347,0.0,20,0.02002002002,0,0.650703786158,0.305988734994,5,944
644,1,3.92206545615,2.0,7,0.022022022022,0,-0.224859245566,-0.403356807153,5,426
645,1,6.18023600307,4.0,7,0.02002002002,0,0.481280804754,-0.26360641119,5,503
646,1,8.60547056959,4.0,16,0.019019019019,0,1.49440158821,-0.87773419504,5,831
647,1,2.63647822852,1.0,12,0.019019019019,0,-0.304140578337,-1.45110003647,5,729
648,1,6.91326404512,2.0,13,0.022022022022,0,1.36881825821,-2.19319072951,5,702
649,1,3.35987798606,2.0,7,0.02002002002,0,-0.410224043781,-0.409449882599,5,359
650,1,9.96998607199,9.0,18,0.019019019019,0,2.45490126192,-2.39471771377,5,905
651,1,3.11145708378,3.0,6,0.02002002002,0,-0.286225424954,-1.02986664135,5,270
652,1,-2.47158464996,,1,0.021021021021,0,-2.21545381366,-0.825223208981,5,48
653,1,2.76877097047,2.0,3,0.021021021021,1,-1.3290170032,1.75582198008,5,50
654,1,13.1152618826,12.0,17,0.021021021021,0,2.15950967675,1.6367328523,5,575
655,1,2.3020127889,,11,0.021021021021,0,-0.759526063613,-0.41940902026,5,337
656,1,4.65190142264,,9,0.02002002002,0,-0.776976588445,1.98283118798,5,269
657,1,-2.36704648023,,5,0.02002002002,0,-1.77499494304,-2.04206165112,5,219
658,1,6.69746954718,6.0,13,0.02002002002,0,0.356043954863,0.629337682594,5,435
659,1,-2.0695038362,,3,0.019019019019,0,-1.53275649956,-2.47123433752,5,110
660,1,-2.75317841251,,0,0.018018018018,1,-1.62900997548,-2.86614848606,5,5
661,1,5.24355245762,3.0,8,0.021021021021,0,-0.60341196629,2.05378835649,5,221
662,1,9.93190698617,6.0,12,0.022022022022,0,0.923003042221,2.16289785951,5,264
663,1,8.29979919543,6.0,12,0.021021021021,0,0.963586102029,0.409040889339,5,260
664,1,2.16253919175,2.0,3,0.02002002002,1,0.404137974677,-4.04987473228,5,123
665,1,4.33153630489,,19,0.02002002002,0,-0.474346710431,0.754576436178,5,677
666,1,6.81580997196,4.0,18,0.02002002002,0,-0.72720629389,3.99742885363,5,666
667,1,5.47422739741,4.0,11,0.02002002002,0,0.349473247668,-0.574192345598,5,242
668,1,0.844734231156,,7,0.019019019019,0,-1.49800822047,0.338758892565,5,141
669,1,3.94056889087,,18,0.02002002002,0,-0.858489083443,1.5160361412,5,623
670,1,6.33401894684,4.0,17,0.021021021021,0,0.752734358893,-0.924184129839,5,458
671,1,6.6792721558,3.0,9,0.024024024024,0,0.139311755833,1.2613368883,5,195
672,1,-2.00889854335,,2,0.018018018018,0,-2.14721994487,-0.567238708756,5,52
673,1,5.24073761299,,13,0.022022022022,0,0.326032458405,-0.73735976222,5,245
674,1,-1.000739792,,0,0.02002002002,1,-1.38634907305,-1.84169257286,5,34
675,1,-2.97041267355,,6,0.021021021021,0,-2.68091357192,0.0723280422005,5,95
676,1,0.320838208057,,1,0.019019019019,0,-1.90064027648,1.0227590375,5,42
677,1,1.675880299,,4,0.02002002002,0,-0.610176137681,-1.49359128796,5,79
678,1,7.84193222487,,9,0.018018018018,0,0.535811121245,1.23449886114,5,171
679,1,5.09148010895,0.0,6,0.02002002002,0,0.189279877464,-0.476359523446,5,108
680,1,1.16906709933,0.0,10,0.019019019019,0,-1.46204463994,0.555201019145,5,211
681,1,-1.34619110655,,3,0.021021021021,0,-0.945380634278,-3.51004920372,5,71
682,1,5.86899280814,3.0,9,0.022022022022,0,0.451645820319,-0.485944652816,5,146
683,1,5.88934697018,5.0,19,0.022022022022,0,-0.202108886257,1.49567362895,5,813
684,1,8.21207269846,,11,0.02002002002,0,0.262747720091,2.42382953819,5,332
685,1,3.30829868625,,5,0.02002002002,0,-0.46377556019,-0.300374633178,5,93
686,1,4.93716379895,,7,0.019019019019,0,0.48750223895,-1.5253429179,5,181
687,1,5.82735862558,3.0,12,0.02002002002,0,-0.357063933485,1.89855042603,5,442
688,1,9.43679817519,9.0,12,0.02002002002,0,0.78485884389,2.08222164352,5,395
689,1,7.65376969774,7.0,10,0.019019019019,0,0.493759427353,1.17249141568,5,364
690,1,3.87699309855,3.0,19,0.021021021021,0,-0.328176306745,-0.138477981216,5,904
691,1,5.81253761373,,6,0.021021021021,0,-0.199045143572,1.40967304444,5,344
692,1,-4.78720330971,,0,0.018018018018,1,-1.87610917161,-4.15887579486,5,33
693,1,-0.621972930768,,17,0.02002002002,0,-1.41953809732,-1.36335863879,5,850
694,1,4.55568626355,3.0,18,0.019019019019,0,-0.2249429093,0.230514991453,5,916
695,1,9.31227610449,9.0,12,0.019019019019,0,1.35703123793,0.241182390687,5,595
696,1,8.19446595972,4.0,14,0.023023023023,0,0.565108806299,1.49913954082,5,598
697,1,6.19570091886,1.0,15,0.02002002002,0,1.01069911923,-1.83639643884,5,786
698,1,8.9289580496,4.0,18,0.019019019019,0,1.36664686905,-0.170982557549,5,954
699,1,3.58552094935,,4,0.023023023023,0,-0.139004057068,-0.997466879441,5,255
700,1,8.29197114466,8.0,10,0.02002002002,0,1.14675915504,-0.148306320462,5,630
701,1,3.843957774,2.0,7,0.021021021021,0,-0.805758366674,1.26123287402,5,430
702,1,5.56434536993,4.0,9,0.02002002002,0,0.356540677039,-0.505276661184,5,538
703,1,-0.261098538953,,0,0.019019019019,1,-1.34539995201,-1.22489868293,5,3
704,1,9.81967650231,4.0,15,0.021021021021,0,1.62798648598,-0.0642829556138,5,643
705,1,4.5114137038,1.0,5,0.021021021021,0,-0.578932746954,1.24821194467,5,342
706,1,6.11472300592,6.0,21,0.021021021021,0,0.625600439273,-0.762078311898,5,995
707,1,9.85350307345,8.0,10,0.018018018018,0,1.15347284667,1.39308453343,5,489
708,1,7.04435157145,6.0,14,0.021021021021,0,-0.00164196802502,2.04927747552,5,597
709,1,6.2574897901,5.0,17,0.018018018018,0,0.418391824292,0.00231431721991,5,949
710,1,-1.84304214832,,2,0.021021021021,0,-1.57933878915,-2.10502578088,5,198
711,1,5.29965402019,4.0,6,0.02002002002,0,0.595518048338,-1.48690012482,5,390
712,1,4.12573883736,3.0,7,0.022022022022,0,-0.457391344065,0.497912869554,5,457
713,1,1.55077921648,1.0,2,0.019019019019,1,-0.918332791392,-0.694222409341,5,178
714,1,7.53782491631,2.0,8,0.019019019019,0,0.948100762733,-0.306477371886,5,520
715,1,0.831821415771,0.0,10,0.019019019019,0,-0.770663222583,-1.85618891648,5,573
716,1,10.0953456293,4.0,13,0.02002002002,0,0.949341416389,2.24732138018,5,599
717,1,2.4272858707,,5,0.02002002002,0,-0.731768422457,-0.37740886193,5,384
718,1,5.78775522767,3.0,15,0.021021021021,0,-0.149662471358,1.23674264174,5,601
719,1,3.42868408123,3.0,4,0.019019019019,1,-1.12626856825,1.80748978597,5,352
720,1,11.1487948948,11.0,17,0.02002002002,0,1.40784991995,1.92524513497,5,616
721,1,6.05745511189,2.0,20,0.022022022022,0,0.893680711122,-1.62358702148,5,667
722,1,7.04728529054,3.0,17,0.021021021021,0,0.0988354054767,1.75077907411,5,614
723,1,-0.686548014569,,2,0.019019019019,0,-1.27591639623,-1.85879882587,5,116
724,1,2.09283206481,,19,0.019019019019,0,0.436973813393,-4.21808937537,5,929
725,1,5.03476976601,1.0,13,0.019019019019,0,-0.0781702399145,0.269280485758,5,543
726,1,6.84178311243,6.0,8,0.02002002002,0,0.768657507838,-0.464189411087,5,369
727,1,2.91204947483,2.0,12,0.021021021021,0,-0.81513681134,0.357459908851,5,492
728,1,2.66835245166,,13,0.02002002002,0,-0.723887799171,-0.159984150832,5,461
729,1,5.0550205336,,9,0.02002002002,0,0.091734328607,-0.220182452218,5,341
730,1,3.55102504372,3.0,5,0.02002002002,0,-0.476485327073,-0.0195189750581,5,290
731,1,4.76717955125,4.0,8,0.02002002002,0,-0.10068163557,0.0692244579596,5,306
732,1,-1.32007144341,,0,0.018018018018,1,-1.11668086207,-2.97002885721,5,8
733,1,3.27759818488,2.0,12,0.021021021021,0,-1.02249381538,1.34507963103,5,318
734,1,6.36561810517,2.0,9,0.019019019019,0,-0.972570958811,4.2833309816,5,297
735,1,2.90520148786,,5,0.02002002002,0,-0.168466744301,-1.58939827923,5,203
736,1,6.37590453422,6.0,18,0.021021021021,0,0.731416988937,-0.818346432597,5,397
737,1,5.08862603615,,11,0.02002002002,0,0.322024542398,-0.877447591039,5,301
738,1,4.20791444738,2.0,5,0.02002002002,0,-0.329467943729,0.196318278564,5,113
739,1,3.33724658471,2.0,4,0.02002002002,0,-0.403384649528,-0.452599466703,5,105
740,1,1.53558599082,1.0,8,0.019019019019,0,-1.02916699656,-0.376913019489,5,276
741,1,0.0200441062824,,1,0.02002002002,0,-1.9093897407,0.748213328389,5,13
742,1,1.63693849403,,11,0.02002002002,0,-1.45738899195,1.00910546988,5,233
743,1,11.5393096707,1.0,14,0.02002002002,0,2.3787536865,-0.596951388808,5,323
744,1,1.44336296185,,4,0.019019019019,0,-0.372504221685,-2.4391243731,5,111
745,1,11.4790738152,2.0,19,0.023023023023,0,2.06138112755,0.294930432585,5,547
746,1,-2.33033083513,,3,0.02002002002,0,-1.20747629908,-3.70790193789,5,59
747,1,5.60767022252,5.0,8,0.018018018018,0,-0.173572897009,1.12838891355,5,282
748,1,4.95305912058,0.0,5,0.021021021021,0,-0.862165165801,2.53955461798,5,155
749,1,4.30990683211,,8,0.023023023023,0,-0.371013828082,0.42294831636,5,210
750,1,8.10605000884,7.0,20,0.022022022022,0,1.17980302784,-0.433359074672,5,522
751,1,-1.87673737181,,0,0.019019019019,1,-2.2081591915,-0.252259797306,5,7
752,1,1.20424630704,0.0,2,0.019019019019,0,-1.55906027536,0.881427133129,5,81
753,1,5.17641195248,3.0,16,0.017017017017,0,0.0179519377224,0.122556139309,5,861
754,1,5.07815238871,4.0,12,0.021021021021,0,-0.111129088773,0.411539655032,5,289
755,1,4.49977242405,,13,0.021021021021,0,0.384745121667,-1.65446294095,5,300
756,1,7.7457928748,7.0,9,0.02002002002,0,1.69759001191,-2.34697716095,5,253
757,1,8.13733373103,5.0,14,0.019019019019,0,1.01812044227,0.0829724042167,5,346
758,1,5.15220336325,,6,0.02002002002,0,-0.925511219264,2.92873702104,5,186
759,1,3.70410513742,1.0,11,0.02002002002,0,-0.70370186773,0.81521074061,5,293
760,1,8.2746931356,7.0,12,0.021021021021,0,0.758269641072,0.999884212387,5,308
761,1,6.33848738947,,9,0.018018018018,0,-0.29053038771,2.2100785526,5,287
762,1,1.11312580123,,2,0.019019019019,0,-1.62018563546,0.973682707616,5,39
763,1,4.54177488681,4.0,17,0.019019019019,0,-0.930618762706,2.33363117493,5,903
764,1,-0.468280628543,,0,0.021021021021,1,-1.66108975566,-0.485011361572,5,24
765,1,0.548195045037,,1,0.019019019019,0,-1.53577539072,0.155521217201,5,36
766,1,5.77321602593,4.0,12,0.018018018018,0,-0.238105547511,1.48753266846,5,417
767,1,10.3854340082,10.0,20,0.02002002002,0,1.97131328421,-0.528505844401,5,948
768,1,6.51231272214,2.0,11,0.019019019019,0,0.558488924449,-0.163154051206,5,443
769,1,2.67751235317,0.0,3,0.022022022022,0,-0.718132453453,-0.16809028647,5,60
770,1,7.12069782281,5.0,8,0.02002002002,0,0.105849963822,1.80314793135,5,378
771,1,2.86994950819,,4,0.021021021021,0,-0.498955644057,-0.633183559636,5,176
772,1,8.18094032505,5.0,14,0.02002002002,0,0.739907245777,0.961218587723,5,638
773,1,7.86148693034,5.0,14,0.019019019019,0,0.708626418398,0.735607675144,5,689
774,1,7.6698577058,6.0,12,0.022022022022,0,0.456454088714,1.30049543966,5,479
775,1,8.31038261705,6.0,13,0.018018018018,0,0.757447162972,1.03804112813,5,587
776,1,3.8726862544,3.0,7,0.02002002002,0,-0.0822333194242,-0.880613787332,5,462
777,1,7.57748654599,4.0,9,0.02002002002,0,0.929354845384,-0.210577990159,5,464
778,1,10.9825389438,2.0,18,0.021021021021,0,1.83606773023,0.474335753055,5,711
779,1,4.89284170459,4.0,10,0.017017017017,0,-0.511478525203,1.4272772802,5,521
780,1,6.88612454327,,7,0.022022022022,0,-0.310755222447,2.81839021061,5,449
781,1,9.75305707919,3.0,22,0.022022022022,0,1.3279475873,0.769214317293,5,853
782,1,0.037672980555,0.0,1,0.019019019019,1,-1.19179394228,-1.3869451926,5,331
783,1,0.540856922799,0.0,12,0.02002002002,0,-0.437835682169,-3.1456360307,5,530
784,1,6.06557091882,0.0,19,0.021021021021,0,0.196966859017,0.474670341764,5,784
785,1,4.82092946918,4.0,12,0.019019019019,0,-0.563228778686,1.51061580523,5,546
786,1,5.6620821307,5.0,9,0.02002002002,0,0.0765758823999,0.432354483502,5,459
787,1,1.92156318772,0.0,4,0.021021021021,0,-1.70317636571,2.03109228485,5,292
788,1,8.21053153303,4.0,10,0.02002002002,0,0.356024870159,2.14245692256,5,451
789,1,7.6628409091,1.0,8,0.02002002002,0,1.01360680251,-0.37797949842,5,410
790,1,8.24649254602,4.0,10,0.018018018018,0,1.38577730483,-0.910839368477,5,450
791,1,10.0013855529,4.0,17,0.018018018018,0,0.905596293096,2.28459667366,5,609
792,1,-3.17211079723,,20,0.024024024024,0,-2.50535169492,-0.656055712473,5,584
793,1,5.71720067468,5.0,16,0.019019019019,0,0.100589079597,0.415433435892,5,553
794,1,2.4636704973,0.0,5,0.02002002002,0,-0.130061875084,-2.14614387745,5,227
795,1,0.532485319729,0.0,1,0.018018018018,1,-1.08215446877,-1.22105127395,5,137
796,1,-0.304748629842,,1,0.019019019019,0,-1.24408189574,-1.57250294262,5,78
797,1,2.28424451994,,13,0.021021021021,0,-0.423086571443,-1.44649576573,5,355
798,1,4.66677893802,3.0,11,0.02002002002,0,-0.877294289765,2.29866180731,5,315
799,1,3.58942792528,3.0,11,0.02002002002,0,-0.666442141788,0.588754350644,5,309
800,1,-2.75745013524,,7,0.022022022022,0,-2.33512507008,-0.752074925003,5,138
801,1,1.53698864413,1.0,3,0.02002002002,0,-0.418334363162,-2.20800826638,5,133
802,1,0.494287595305,,9,0.019019019019,0,-1.80348556468,0.904744289342,5,272
803,1,6.26949331103,,8,0.019019019019,0,0.00585163733095,1.25193839904,5,167
804,1,5.91069130036,,16,0.02002002002,0,-0.243286696841,1.64055139088,5,416
805,1,4.28601721634,1.0,12,0.019019019019,0,-1.12892530255,2.672793124,5,304
806,1,-5.67406925157,,0,0.019019019019,1,-2.82772799452,-2.19088526801,5,11
807,1,2.20145867592,1.0,4,0.02002002002,0,-1.03314197649,0.300884605395,5,67
808,1,1.88643037599,,19,0.019019019019,0,-0.33324750859,-2.11382709824,5,796
809,1,6.23971254824,5.0,7,0.019019019019,0,0.0203371874598,1.17870098586,5,154
810,1,4.91187979995,3.0,5,0.021021021021,0,-0.441151197136,1.23533339136,5,77
811,1,6.37702234337,,11,0.021021021021,0,0.946593268487,-1.46275746209,5,305
812,1,7.14437404764,,16,0.02002002002,0,0.437562179994,0.831687507659,5,588
813,1,5.28218257317,,9,0.017017017017,0,-0.392168274439,1.45868739648,5,235
814,1,2.33608171313,,4,0.015015015015,0,-0.53766194951,-1.05093243834,5,63
815,1,-1.21558128171,,2,0.019019019019,0,-1.07758003978,-2.98284116237,5,28
816,1,-0.514724907428,,1,0.022022022022,0,-0.914657164184,-2.77075341488,5,25
817,1,6.74615444498,0.0,14,0.02002002002,0,0.562352435504,0.0590971384714,5,375
818,1,8.1317533205,6.0,15,0.018018018018,0,0.180218527611,2.59109773767,5,455
819,1,0.532845773056,,16,0.018018018018,0,-1.50888295849,0.0594946485301,5,627
820,1,4.9054793653,2.0,13,0.02002002002,0,0.172120068201,-0.610880839307,5,433
821,1,-1.77540833545,,2,0.021021021021,0,-1.48781451903,-2.31196477835,5,31
822,1,2.2960651997,,3,0.018018018018,0,-0.486255289188,-1.24516893273,5,180
823,1,6.15031509345,4.0,20,0.021021021021,0,-0.103785511929,1.46167162923,5,730
824,1,7.21852113658,6.0,9,0.019019019019,0,0.434019631567,0.916462241878,5,385
825,1,8.94168472643,2.0,14,0.019019019019,0,0.575822359133,2.21421764903,5,536
826,1,6.29563311187,3.0,8,0.019019019019,0,-0.277296691258,2.12752318564,5,296
827,1,4.39877651806,3.0,6,0.02002002002,0,0.127969451246,-0.985131835681,5,273
828,1,11.398981797,11.0,14,0.02002002002,0,1.67835094741,1.36392895483,5,523
829,1,2.98325926865,2.0,16,0.019019019019,0,-1.11845550656,1.33862578834,5,719
830,1,5.24276441221,4.0,7,0.02002002002,0,0.352893708457,-0.815916713166,5,213
831,1,5.76987707951,4.0,7,0.021021021021,0,0.2880163194,-0.0941718786909,5,199
832,1,9.06438480747,5.0,19,0.019019019019,0,1.02356113899,0.993701390503,5,815
833,1,6.26790104314,1.0,19,0.02002002002,0,0.36609274045,0.169622821794,5,733
834,1,0.632231020231,,12,0.019019019019,0,-1.90433656069,1.3452407023,5,445
835,1,2.35516427866,0.0,3,0.019019019019,0,-0.681971717096,-0.598920570057,5,58
836,1,4.27450402073,3.0,12,0.02002002002,0,0.00853608813769,-0.751104243681,5,250
837,1,8.73636746679,6.0,15,0.019019019019,0,1.20867500392,0.11034245504,5,447
838,1,-1.40712410928,,0,0.02002002002,1,-1.66465562651,-1.41315722974,5,9
839,1,3.22377145816,,7,0.022022022022,0,0.11740006872,-2.128428748,5,135
840,1,2.74841587612,,3,0.019019019019,0,-0.280075185455,-1.41135856751,5,41
841,1,1.6083968488,,13,0.019019019019,0,-0.90166041867,-0.686621895188,5,215
842,1,6.63922656018,2.0,8,0.019019019019,0,-0.047008803796,1.78025297157,5,90
843,1,5.29432751364,5.0,11,0.021021021021,0,0.301750663805,-0.610924477774,5,147
844,1,3.1338746305,,4,0.019019019019,0,-0.421461195351,-0.60174178345,5,44
845,1,-0.202006591371,,2,0.017017017017,0,-1.25110447238,-1.44869317423,5,38
846,1,11.7038114959,,15,0.021021021021,0,1.80320829486,1.29418661131,5,166
847,1,0.238178193861,0.0,1,0.02002002002,1,-1.47237620143,-0.344693201841,5,18
848,1,5.60904247242,,9,0.019019019019,0,1.29705089902,-3.28211022464,5,112
849,1,4.4760664806,4.0,6,0.021021021021,0,-0.833374308618,1.97618940646,5,64
850,1,4.84151995437,,6,0.021021021021,0,0.394257329017,-1.34125203268,5,100
851,1,3.67127679319,,5,0.02002002002,0,0.0773854842808,-1.56087965965,5,87
852,1,5.55310609604,5.0,13,0.02002002002,0,0.187139166371,-0.00831140307223,5,194
853,1,8.85916881948,,13,0.02002002002,0,1.3364065197,-0.150050739622,5,204
854,1,2.05950744131,1.0,3,0.022022022022,0,-0.589970703564,-1.170580448,5,56
855,1,7.95663895897,1.0,10,0.02002002002,0,1.07189765007,-0.259053991224,5,158
856,1,3.52327951455,3.0,5,0.019019019019,0,-0.348650298064,-0.430769591254,5,126
857,1,2.01339615253,,7,0.021021021021,0,-0.393674813254,-1.80557940771,5,139
858,1,6.25176795175,0.0,7,0.019019019019,0,0.623315324081,-0.618178020491,5,145
859,1,12.3345793917,,18,0.019019019019,0,2.44057765526,0.0128464259415,5,509
860,1,6.73098852999,0.0,14,0.02002002002,0,0.710732016105,-0.40120751833,5,467
861,1,1.22771026634,0.0,9,0.018018018018,0,-1.3569404219,0.298531532037,5,220
862,1,5.2302934534,,12,0.021021021021,0,0.760522400649,-2.05127374855,5,321
863,1,10.2940961799,1.0,19,0.02002002002,0,1.34950259498,1.24558839493,5,781
864,1,-0.45635709704,,6,0.022022022022,0,-1.61102091196,-0.623294361156,5,172
865,1,8.62531416386,3.0,14,0.019019019019,0,-0.121075515556,3.98854071052,5,470
866,1,5.97762625628,,6,0.02002002002,0,-0.318309722661,1.93255542426,5,271
867,1,5.15286446162,0.0,6,0.019019019019,0,-0.533965501183,1.75476096517,5,333
868,1,-0.136560937262,,0,0.02002002002,1,-0.673494120475,-3.11607857584,5,43
869,1,11.3353366987,8.0,12,0.019019019019,0,1.92249400509,0.567854683384,5,476
870,1,5.13969724499,2.0,7,0.023023023023,0,-0.388289448754,1.30456559126,5,343
871,1,4.01483117878,1.0,10,0.02002002002,0,-0.366543290795,0.11446105116,5,434
872,1,5.6502009624,1.0,19,0.019019019019,0,-0.230765153752,1.34249642366,5,978
873,1,0.248469606835,,8,0.022022022022,0,-1.23404457747,-1.04939666075,5,408
874,1,6.6230356575,5.0,14,0.02002002002,0,0.813104051211,-0.816276496136,5,605
875,1,1.71856223972,1.0,13,0.019019019019,0,-0.660796119324,-1.29904940231,5,606
876,1,5.797164322,2.0,7,0.02002002002,0,0.0359778184785,0.689230866568,5,407
877,1,7.91217669041,6.0,19,0.021021021021,0,0.828660371614,0.426195575568,5,923
878,1,1.87908184924,1.0,17,0.02002002002,0,-0.993431856267,-0.140622581956,5,874
879,1,4.37570094938,2.0,15,0.018018018018,0,0.161700519509,-1.10940060915,5,674
880,1,3.27769759621,0.0,14,0.02002002002,0,-0.382279339583,-0.575464385039,5,604
881,1,6.89720886857,6.0,11,0.02002002002,0,0.744772101875,-0.337107437054,5,491
882,1,9.88819084406,3.0,22,0.023023023023,0,1.35120964675,0.834561903796,5,909
883,1,4.00513442738,0.0,6,0.021021021021,0,0.275873425356,-1.82248584869,5,376
884,1,7.00574549869,0.0,8,0.019019019019,0,0.464976987131,0.6108145373,5,404
885,1,5.92243410422,3.0,15,0.021021021021,0,-0.25097417826,1.675356639,5,524
886,1,6.19207781623,3.0,9,0.021021021021,0,0.464957833935,-0.202795685574,5,405
887,1,3.21965860523,1.0,6,0.019019019019,0,-1.35079231586,2.2720355528,5,357
888,1,1.21768126834,0.0,6,0.021021021021,0,-1.40964117235,0.446604785395,5,348
889,1,2.89159557874,2.0,8,0.02002002002,0,-0.78620505732,0.250210750699,5,374
890,1,3.64218300763,0.0,5,0.02002002002,0,-0.382560785992,-0.210134634398,5,312
891,1,2.31981795748,,4,0.02002002002,0,-0.777256994703,-0.348411058411,5,217
892,1,4.46207180356,,6,0.021021021021,0,-0.851907021612,2.0177928684,5,236
893,1,8.57309822725,7.0,16,0.02002002002,0,0.930763109805,0.780808897832,5,438
894,1,6.13436812095,6.0,11,0.02002002002,0,0.500791889571,-0.368007547764,5,351
895,1,8.56700034778,6.0,17,0.021021021021,0,1.51357676199,-0.973729938176,5,505
896,1,-2.42346111634,,1,0.021021021021,0,-1.6854425652,-2.36713342072,5,55
897,1,10.217627274,6.0,15,0.019019019019,0,1.1141116057,1.8752924569,5,398
898,1,2.30269063153,1.0,4,0.02002002002,0,-0.765116324443,-0.401960395146,5,83
899,1,-0.35898701827,,0,0.019019019019,1,-1.49068447775,-0.886933585033,5,19
900,1,8.17685344046,6.0,20,0.02002002002,0,1.11974529948,-0.182382457998,5,680
901,1,0.0517851835601,,1,0.018018018018,0,-0.960189897148,-2.067645125,5,53
902,1,3.0133051021,,4,0.02002002002,0,-0.915652616128,0.760262950482,5,128
903,1,-1.11004553791,,5,0.019019019019,0,-1.89864532614,-0.414109559484,5,75
904,1,-2.04451598521,,11,0.02002002002,0,-0.304643364747,-6.13058589097,5,239
905,1,13.2824737188,9.0,17,0.019019019019,0,2.83214202638,-0.213952360339,5,571
906,1,3.9645597479,2.0,12,0.022022022022,0,-0.731705126739,1.15967512811,5,358
907,1,1.09575155245,,3,0.022022022022,0,-0.770578474957,-1.59251302268,5,57
908,1,5.86634358099,,6,0.018018018018,0,0.694440995496,-1.2169794055,5,129
909,1,-1.47114545635,,1,0.02002002002,0,-2.17768099145,0.061897518008,5,27
910,1,5.44212603077,3.0,11,0.019019019019,0,-0.327442676399,1.42445405997,5,386
911,1,6.70105861354,6.0,7,0.021021021021,1,0.187877865662,1.13742501655,5,190
912,1,2.64513125032,2.0,3,0.017017017017,1,-0.168698318935,-1.84877379287,5,153
913,1,5.37040892441,4.0,20,0.022022022022,0,-0.132870604092,0.76902073669,5,740
914,1,4.40110258122,3.0,7,0.02002002002,0,-0.820163146069,1.86159201942,5,291
915,1,5.62708220318,,13,0.02002002002,0,0.0237212902961,0.555918332287,5,515
916,1,6.17790871317,4.0,9,0.02002002002,0,0.165188152187,0.682344256611,5,406
917,1,7.1625230351,3.0,10,0.022022022022,0,0.982727456361,-0.785659333986,5,314
918,1,4.98190529486,0.0,13,0.02002002002,0,-0.182619138175,0.529762709391,5,700
919,1,0.405696305552,0.0,6,0.018018018018,0,-1.33013913434,-0.603886291432,5,299
920,1,5.48727602037,0.0,9,0.021021021021,0,0.373239809718,-0.632443408783,5,510
921,1,1.84893582524,0.0,2,0.02002002002,0,-0.930629467057,-0.359175773585,5,214
922,1,8.13128197259,8.0,14,0.018018018018,0,0.421427230387,1.86700028142,5,858
923,1,8.38505177322,8.0,19,0.02002002002,0,1.62518200419,-1.49049423934,5,979
924,1,1.17796711843,,9,0.018018018018,0,-1.5518187572,0.833423390037,5,736
925,1,4.69916965817,0.0,16,0.021021021021,0,-0.935173735002,2.50469086317,5,879
926,1,5.18960439946,3.0,19,0.023023023023,0,-0.474371268444,1.61271820479,5,931
927,1,8.33761921816,1.0,21,0.021021021021,0,1.05700424955,0.166606469492,5,986
928,1,1.708048524,1.0,12,0.02002002002,0,-0.628185243128,-1.40739574662,5,745
929,1,4.48060926654,2.0,5,0.019019019019,0,-0.487178412812,0.94214450498,5,585
930,1,2.32618979689,2.0,7,0.02002002002,0,-0.345494515693,-1.63732665603,5,619
931,1,8.80005079201,2.0,12,0.021021021021,0,0.600982625826,1.99710291453,5,843
932,1,8.43058947181,2.0,9,0.02002002002,0,0.736440354026,1.22126840973,5,739
933,1,10.1677337569,1.0,15,0.02002002002,0,2.09436124294,-1.11534997191,5,897
934,1,3.63157754899,3.0,21,0.022022022022,0,-0.0318659196541,-1.27282469204,5,942
935,1,2.36381430397,1.0,3,0.019019019019,0,-0.0590740915882,-2.45896342127,5,557
936,1,-1.95479608052,,0,0.022022022022,1,-0.857848088525,-4.38125181495,5,46
937,1,2.10934212508,0.0,16,0.019019019019,0,-0.762468614965,-0.603252030022,5,908
938,1,9.72283612651,2.0,11,0.018018018018,0,0.731384877848,2.52868149296,5,827
939,1,12.0800627764,2.0,16,0.02002002002,0,1.88957168297,1.4113477275,5,860
940,1,3.65863467739,3.0,5,0.019019019019,0,-0.466374262472,0.0577574648069,5,574
941,1,5.66320927402,2.0,6,0.023023023023,0,0.156406910576,0.193988542288,5,672
942,1,2.91522361788,2.0,6,0.021021021021,0,-0.330870768823,-1.09216407565,5,591
943,1,8.89844126061,7.0,16,0.018018018018,0,1.40430870528,-0.314484855229,5,925
944,1,6.16456021686,3.0,13,0.02002002002,0,0.357243072552,0.0928309992022,5,845
945,1,2.90082712003,2.0,3,0.021021021021,1,-0.218356402781,-1.44410367162,5,529
946,1,2.88889847,2.0,13,0.02002002002,0,-1.04053062417,1.0104903425,5,856
947,1,3.04724865824,1.0,7,0.018018018018,0,-0.59785318716,-0.159191780283,5,783
948,1,3.27799872354,2.0,8,0.02002002002,0,-0.534241594557,-0.11927649279,5,756
949,1,6.76023552028,1.0,21,0.021021021021,0,0.570044100621,0.0501032184177,5,989
950,1,-4.12545843438,,0,0.018018018018,1,-2.60357946993,-1.3147200246,5,10
951,1,5.68267926445,5.0,19,0.02002002002,0,0.627435103977,-1.19962604748,5,953
952,1,8.10775868671,1.0,9,0.021021021021,0,0.890708933288,0.435631886847,5,773
953,1,5.35887882727,4.0,14,0.019019019019,0,0.00630988833025,0.339949162284,5,872
954,1,2.70858821018,2.0,3,0.021021021021,1,0.0889028762105,-2.55812041846,5,456
955,1,4.34521795773,4.0,12,0.02002002002,0,-0.950457550862,2.19659061031,5,847
956,1,7.82519690885,2.0,19,0.021021021021,0,0.937826627783,0.0117170255049,5,972
957,1,6.16615777646,6.0,8,0.02002002002,0,-0.446495089627,2.50564304535,5,712
958,1,6.60636518732,6.0,11,0.021021021021,0,0.61382996974,-0.235124721898,5,755
959,1,3.51912633829,2.0,14,0.023023023023,0,-0.613345432827,0.359162636771,5,776
960,1,6.94784243852,4.0,8,0.019019019019,0,0.260415862444,1.16659485119,5,678
961,1,7.74532335674,3.0,10,0.021021021021,0,0.822902363843,0.276616265212,5,720
962,1,8.07558453273,6.0,13,0.018018018018,0,1.75705952576,-2.19559404454,5,820
963,1,6.75370029222,6.0,20,0.02002002002,0,0.727739785283,-0.429519063624,5,990
964,1,1.00942633841,0.0,2,0.022022022022,0,-1.65295459155,0.968290113065,5,196
965,1,6.9326573832,5.0,17,0.018018018018,0,0.728543408844,-0.252972843331,5,902
966,1,-1.31488404898,,1,0.021021021021,0,-2.25737600355,0.45724396167,5,74
967,1,5.91250898913,5.0,9,0.019019019019,0,0.755924605734,-1.35526482807,5,635
968,1,8.08146610073,8.0,10,0.021021021021,0,0.372963685136,1.96257504532,5,647
969,1,0.736681419392,0.0,4,0.021021021021,0,-1.19484041823,-0.678797325927,5,254
970,1,3.31393526407,2.0,8,0.021021021021,0,-0.666700667593,0.314037266852,5,468
971,1,3.17998996329,,11,0.022022022022,0,-0.618044725867,0.0341241408886,5,563
972,1,4.03429809676,3.0,6,0.02002002002,0,-0.337484916594,0.0467528465457,5,205
973,1,4.89742944474,3.0,19,0.022022022022,0,0.305525062052,-1.01914574141,5,881
974,1,-0.48496152398,,1,0.02002002002,0,-1.47611924971,-1.05660377485,5,54
975,1,1.17239530994,0.0,3,0.021021021021,0,-1.2027071178,-0.219483336657,5,162
976,1,9.76489310041,7.0,11,0.02002002002,0,1.48317932508,0.315355125172,5,618
977,1,13.0214528492,6.0,15,0.021021021021,0,2.16125808116,1.53767860569,5,642
978,1,8.43839987029,8.0,17,0.019019019019,0,1.89185068971,-2.23715219885,5,828
979,1,7.69930251245,0.0,9,0.021021021021,0,0.695960594836,0.611420727942,5,444
980,1,3.4793953785,0.0,5,0.019019019019,0,-0.448664130137,-0.174612231093,5,209
981,1,-0.0250598942871,,1,0.021021021021,0,-1.77552208092,0.30150634848,5,98
982,1,7.98834468223,4.0,11,0.016016016016,0,1.35215327768,-1.06811515082,5,738
983,1,5.7415093174,4.0,10,0.02002002002,0,0.337154571432,-0.269954396898,5,620
984,1,8.82842763824,7.0,15,0.023023023023,0,0.469636608743,2.41951781201,5,645
985,1,4.61599641173,,5,0.019019019019,0,-0.0630250184505,-0.194928532915,5,394
986,1,11.4565090702,4.0,21,0.021021021021,0,1.8646467431,0.862568840915,5,940
987,1,8.77456239021,2.0,12,0.02002002002,0,0.403850069502,2.5630121817,5,687
988,1,2.85647965346,2.0,5,0.02002002002,0,-1.19356541045,1.43717588482,5,552
989,1,7.0329671564,3.0,17,0.019019019019,0,1.04763752251,-1.10994541113,5,895
990,1,3.88304605746,2.0,9,0.018018018018,0,-0.251953575309,-0.36109321661,5,661
991,1,7.78347659447,,8,0.021021021021,0,0.892522746934,0.105908353667,5,608
992,1,8.99690555876,7.0,17,0.02002002002,0,0.581688787569,2.25183919605,5,862
993,1,8.17313713411,2.0,11,0.019019019019,0,0.671330983774,1.15914418279,5,628
994,1,3.21237629592,3.0,4,0.021021021021,1,-0.505700195275,-0.27052311826,5,452
995,1,12.1154195447,11.0,20,0.02002002002,0,1.42985190631,2.82586382572,5,981
996,1,2.88109643907,2.0,11,0.023023023023,0,-0.619214753231,-0.261259301232,5,624
997,1,11.7481157443,1.0,17,0.02002002002,0,1.82359340191,1.2773355386,5,770
998,1,3.96859709335,3.0,6,0.02002002002,0,-0.600287708119,0.769460217702,5,568
999,1,9.1049926686,4.0,11,0.018018018018,0,1.49758359837,-0.387758126515,5,671
