name,activated,threshold,before_activation_alters,after_activation_alters,degree,observed,var1,epsilon,constant,activation_order
0,0,1.98568776878,1.0,,0.012012012012,0,-0.479101592245,-1.57700745449,5,79
1,0,6.21381441499,1.0,,0.012012012012,0,0.600153295914,-0.586645472757,5,349
2,0,6.43042610071,1.0,,0.011011011011,0,1.04745186698,-1.71192950023,5,329
3,0,3.06807442124,2.0,,0.012012012012,0,-0.611843829947,-0.0963940889204,5,36
4,0,5.15700298903,0.0,,0.012012012012,0,-0.21313854815,0.796418633474,5,294
5,0,6.62747853847,0.0,,0.01001001001,0,0.0735226647262,1.4069105443,5,105
6,0,3.82131955632,1.0,,0.013013013013,0,-0.34376145343,-0.147396083388,5,234
7,0,12.5878256723,0.0,,0.012012012012,0,2.09922256653,1.29015797271,5,275
8,0,9.60387698473,1.0,,0.012012012012,0,1.27332332181,0.783907019313,5,281
9,0,6.48600510469,1.0,,0.011011011011,0,0.437419406936,0.173746883885,5,24
10,0,4.97733900117,0.0,,0.011011011011,0,-0.134919544178,0.382097633706,5,346
11,0,1.41608911524,0.0,,0.011011011011,0,-0.79181526392,-1.208465093,5,224
12,0,7.29403935723,0.0,,0.012012012012,0,0.538013791583,0.679997982478,5,220
13,0,9.40766824288,1.0,,0.011011011011,0,1.54363748664,-0.223244217035,5,2
14,0,5.06022804687,0.0,,0.011011011011,0,0.0433390450118,-0.0697890881697,5,97
15,0,3.30531873499,1.0,,0.01001001001,0,-0.372555627531,-0.577014382421,5,235
16,0,4.99701378328,2.0,,0.013013013013,0,-0.188389304316,0.562181696228,5,176
17,0,5.51683242537,3.0,,0.011011011011,0,0.0012441481732,0.513099980852,5,25
18,0,5.15707075714,2.0,,0.012012012012,0,0.140470842559,-0.264341770535,5,247
19,0,1.3763630994,1.0,,0.014014014014,0,-1.04648552501,-0.484180325558,5,170
20,0,2.44772150176,2.0,,0.011011011011,0,-0.995451225668,0.434075178768,5,135
21,1,0.577065197946,0.0,1.0,0.012012012012,1,-0.916518818194,-1.67337834747,5,70
22,0,3.83771068746,1.0,,0.011011011011,0,0.343760362624,-2.19357040041,5,409
23,1,-0.884838240492,,0.0,0.014014014014,1,-1.32950151668,-1.89633369045,5,35
24,0,4.48269174311,2.0,,0.012012012012,0,-0.384741604863,0.636916557701,5,305
25,0,5.62016922057,2.0,,0.011011011011,0,-0.137813210698,1.03360885266,5,203
26,0,6.25809767231,6.0,,0.015015015015,0,0.34374392055,0.226865910662,5,467
27,0,4.0937766133,2.0,,0.011011011011,0,-0.350818401542,0.146231817922,5,106
28,0,10.7146555945,2.0,,0.011011011011,0,2.15679955938,-0.75574308366,5,122
29,0,7.41167458027,2.0,,0.014014014014,0,1.19190615845,-1.16404389509,5,468
30,0,2.14142438306,1.0,,0.014014014014,0,-0.363926890277,-1.76679494611,5,465
31,1,-2.59366256926,,0.0,0.013013013013,1,-2.46753603059,-0.191054477484,5,30
32,0,8.09427652319,3.0,,0.013013013013,0,1.40704501659,-1.12685852658,5,462
33,0,9.46436575419,3.0,,0.012012012012,0,1.16390358664,0.972654994283,5,118
34,0,4.33719352874,4.0,,0.011011011011,0,-0.377794963477,0.470578419165,5,469
35,0,11.5270053103,5.0,,0.011011011011,0,1.86620591984,0.928387550786,5,617
36,0,9.1776921016,6.0,,0.012012012012,0,1.81450408585,-1.26582015595,5,461
37,1,2.68030058909,2.0,3.0,0.013013013013,1,-0.597631368795,-0.526805304526,5,216
38,1,3.81620529339,3.0,4.0,0.012012012012,1,-0.289263948526,-0.316002861034,5,263
39,0,8.76270413704,7.0,,0.01001001001,0,1.1903153921,0.191757960732,5,474
40,1,6.10875866443,5.0,7.0,0.012012012012,0,0.563316051843,-0.581189491104,5,265
41,1,7.29094532487,6.0,8.0,0.012012012012,0,0.049520313205,2.14238438526,5,270
42,1,4.68203852578,4.0,5.0,0.013013013013,1,0.0938043180108,-0.599374428253,5,199
43,1,4.54606520793,1.0,6.0,0.013013013013,0,-0.232052529195,0.242222795519,5,223
44,1,6.33907342204,6.0,7.0,0.011011011011,1,0.204283511372,0.72622288792,5,247
45,1,1.65293781682,1.0,3.0,0.014014014014,0,-1.83444739178,2.15627999216,5,191
46,1,4.36766017165,4.0,6.0,0.012012012012,0,0.352030068481,-1.68843003379,5,234
47,1,1.63260642836,1.0,2.0,0.011011011011,1,-0.90823455404,-0.642689909518,5,178
48,1,1.55577584495,1.0,2.0,0.012012012012,1,-0.596111396079,-1.65588996682,5,177
49,1,0.840106374889,,1.0,0.012012012012,0,-1.1853711314,-0.603780230901,5,54
50,1,6.40552852945,5.0,7.0,0.014014014014,0,0.580643818327,-0.336402925531,5,205
51,0,12.3087357002,12.0,,0.012012012012,0,2.30794200554,0.384909683599,5,504
52,1,4.43193038823,1.0,9.0,0.01001001001,0,-0.283586411111,0.282689621566,5,218
53,1,3.51128853355,2.0,6.0,0.011011011011,0,-0.470840490295,-0.0761899955664,5,179
54,1,2.94377617073,2.0,3.0,0.011011011011,1,-0.951357035082,0.797847275975,5,166
55,1,4.67760687894,1.0,5.0,0.012012012012,0,0.200502992511,-0.923902098595,5,189
56,1,0.802525321159,0.0,1.0,0.012012012012,1,-1.51200584131,0.338542845077,5,144
57,1,4.67558663279,2.0,7.0,0.011011011011,0,0.245887580365,-1.0620761083,5,208
58,1,-0.288413704787,,1.0,0.011011011011,0,-1.02619259407,-2.20983592258,5,165
59,1,2.93443874117,0.0,4.0,0.011011011011,0,-0.50427759253,-0.552728481242,5,196
60,0,9.66507309248,8.0,,0.011011011011,0,1.37445256374,0.54171540125,5,491
61,1,6.93596858409,3.0,7.0,0.013013013013,0,0.508903058853,0.40925940753,5,206
62,1,4.24890951967,4.0,5.0,0.012012012012,1,0.316036704872,-1.69920059495,5,198
63,1,3.90294138428,2.0,5.0,0.012012012012,0,-0.736971325071,1.1138553595,5,203
64,1,4.95069184779,3.0,10.0,0.013013013013,0,0.164046855433,-0.541448718511,5,207
65,1,8.25661506351,5.0,10.0,0.013013013013,0,1.09459745707,-0.027177307712,5,224
66,0,8.69039206965,8.0,,0.01001001001,0,0.845103720565,1.15508090796,5,523
67,1,1.19138390161,,3.0,0.013013013013,0,-1.57280423584,0.909796609126,5,46
68,1,-1.89173237434,,0.0,0.011011011011,1,-2.06018367365,-0.711181353387,5,7
69,1,0.799916256587,,3.0,0.011011011011,0,-1.66877852367,0.80625182761,5,57
70,1,7.86744370221,7.0,8.0,0.013013013013,1,0.872733190167,0.249244131706,5,141
71,1,4.19537097489,0.0,6.0,0.013013013013,0,-0.420178785176,0.455907330415,5,72
72,1,1.33923663776,1.0,2.0,0.011011011011,1,-0.786477909268,-1.30132963443,5,34
73,1,4.9453263356,,5.0,0.013013013013,0,0.0635227525863,-0.245241922159,5,59
74,1,4.7407939904,1.0,7.0,0.012012012012,0,-0.269529396805,0.54938218081,5,76
75,1,2.85141148874,,7.0,0.012012012012,0,-0.6951459588,-0.0631506348615,5,80
76,1,4.9328000487,,8.0,0.013013013013,0,-0.18317910368,0.482337359736,5,129
77,1,-2.95930239239,,0.0,0.012012012012,1,-2.33712143589,-0.947938084707,5,32
78,1,4.35553736956,,8.0,0.012012012012,0,-0.44717828448,0.697072223005,5,140
79,1,1.63402422859,1.0,2.0,0.013013013013,1,-1.1933170114,0.213975262793,5,75
80,1,4.72555260006,0.0,6.0,0.012012012012,0,0.216735857906,-0.924654973655,5,120
81,0,8.81661570861,8.0,,0.011011011011,0,1.22476845072,0.142310356448,5,21
82,1,5.99955766662,4.0,8.0,0.012012012012,0,0.647377985855,-0.942576290944,5,200
83,0,7.2073778609,5.0,,0.01001001001,0,0.5873258491,0.445400313604,5,30
84,0,7.65296539912,7.0,,0.01001001001,0,0.908355442769,-0.0721009291847,5,281
85,1,1.92459053539,0.0,2.0,0.012012012012,0,-0.421930946747,-1.80961662437,5,85
86,1,-0.650398413105,,2.0,0.014014014014,0,-1.64888903068,-0.703731321077,5,116
87,0,8.47038631277,5.0,,0.012012012012,0,0.494513809144,1.98684488534,5,279
88,0,7.54735607816,6.0,,0.013013013013,0,0.928696546163,-0.238733560332,5,223
89,1,-0.24097134015,,0.0,0.012012012012,1,-0.884382814654,-2.58782289619,5,63
90,1,2.48061623144,0.0,3.0,0.011011011011,0,-1.02164786061,0.545559813271,5,138
91,0,8.3295337668,5.0,,0.012012012012,0,1.09865664253,0.0335638392002,5,2
92,1,2.40198862164,0.0,3.0,0.013013013013,0,-0.46363034081,-1.20712035593,5,127
93,0,4.29130238959,4.0,,0.011011011011,0,-0.0915781285943,-0.433963224627,5,68
94,0,5.68014988033,4.0,,0.012012012012,0,-0.336028575597,1.68823560713,5,70
95,0,5.94722989486,5.0,,0.014014014014,0,0.247553919124,0.204568137489,5,80
96,0,3.21709287502,2.0,,0.013013013013,0,-1.10375388223,1.52835452171,5,252
97,0,3.49103395885,2.0,,0.011011011011,0,-0.361823911832,-0.423494305655,5,388
98,1,-2.98914026994,,0.0,0.012012012012,1,-2.08510800479,-1.73381625558,5,51
99,0,3.32645921248,3.0,,0.012012012012,0,-0.736220950628,0.535122064367,5,49
100,0,4.46681523035,2.0,,0.012012012012,0,0.0766629392879,-0.76317358751,5,56
101,0,6.38062005057,2.0,,0.012012012012,0,0.53359271703,-0.220158100521,5,175
102,0,7.02220457577,2.0,,0.012012012012,0,0.966996370323,-0.878784535201,5,187
103,1,-0.213883745812,,2.0,0.011011011011,0,-1.85417895211,0.348653110516,5,143
104,0,6.95685255899,4.0,,0.012012012012,0,0.27795858036,1.12297681791,5,229
105,0,3.55974945464,1.0,,0.01001001001,0,-0.65533931698,0.525767405585,5,438
106,0,4.95280449049,4.0,,0.012012012012,0,0.719042892296,-2.2043241864,5,174
107,0,4.2151631447,3.0,,0.012012012012,0,-0.109152522277,-0.457379288466,5,73
108,1,0.651436750515,,1.0,0.012012012012,0,-1.90520553732,1.36705336249,5,78
109,0,3.59412168924,3.0,,0.012012012012,0,-0.473777204442,0.0154533025677,5,73
110,0,2.70496785337,2.0,,0.012012012012,0,-0.581417446202,-0.550779808025,5,731
111,0,9.90243085169,3.0,,0.012012012012,0,1.04648005223,1.762990695,5,718
112,1,-1.61451682596,,0.0,0.013013013013,1,-2.19734200801,-0.0224908019238,5,61
113,0,6.53784852446,2.0,,0.013013013013,0,0.434810012547,0.233418486822,5,719
114,0,5.58803996382,2.0,,0.013013013013,0,0.0226253756712,0.520163836804,5,250
115,0,3.08627681598,1.0,,0.012012012012,0,-0.778880130155,0.422917206449,5,720
116,0,5.44965021748,1.0,,0.011011011011,0,-0.241065744829,1.17284745197,5,736
117,0,3.82970823266,2.0,,0.012012012012,0,0.138824634418,-1.58676567059,5,296
118,0,4.56349451216,3.0,,0.013013013013,0,-0.238029300903,0.277582414868,5,50
119,0,6.46841557412,0.0,,0.012012012012,0,0.547830156568,-0.175074895584,5,30
120,0,4.5350498388,0.0,,0.012012012012,0,-0.174133097311,0.0574491307312,5,478
121,0,3.62115615701,0.0,,0.012012012012,0,-0.12896104386,-0.991960711405,5,127
122,0,7.61891884971,2.0,,0.013013013013,0,0.684233264309,0.566219056781,5,287
123,0,6.56057549771,2.0,,0.011011011011,0,0.989106935317,-1.40674530824,5,182
124,0,6.33603792971,2.0,,0.011011011011,0,0.398578053184,0.140303770161,5,16
125,0,7.99736954749,2.0,,0.012012012012,0,0.930180273806,0.20682872607,5,505
126,0,5.41114230189,2.0,,0.012012012012,0,-0.113312158545,0.75107877753,5,492
127,0,4.95046348681,2.0,,0.011011011011,0,0.430446030295,-1.34087460407,5,67
128,1,0.408917016216,0.0,1.0,0.013013013013,1,-0.936991401096,-1.7801087805,5,69
129,0,3.61401190822,3.0,,0.011011011011,0,-0.343723233782,-0.354818390431,5,236
130,1,1.49048185379,1.0,2.0,0.012012012012,1,-0.96461710087,-0.615666843603,5,126
131,0,5.94027969851,2.0,,0.011011011011,0,0.69744409589,-1.15205258916,5,193
132,0,7.66753696097,3.0,,0.011011011011,0,0.701020035809,0.564476853538,5,9
133,0,4.63921902957,4.0,,0.013013013013,0,-0.431228047149,0.932903171013,5,53
134,1,-0.275051603533,,1.0,0.013013013013,0,-1.60402609124,-0.462973329806,5,125
135,0,9.07277740464,3.0,,0.011011011011,0,1.28861920272,0.206919796467,5,305
136,0,5.76747377524,4.0,,0.013013013013,0,0.489382500903,-0.700673727473,5,492
137,0,10.2177986808,2.0,,0.012012012012,0,2.03283859639,-0.880717108375,5,495
138,1,0.786591180844,0.0,1.0,0.013013013013,1,-1.38454996538,-0.059758923009,5,133
139,0,7.94042115816,2.0,,0.013013013013,0,0.634090408534,1.03814993256,5,18
140,0,8.90906575575,2.0,,0.013013013013,0,0.711773660419,1.77374477449,5,257
141,0,1.49096418082,1.0,,0.012012012012,0,-0.570648414876,-1.79709057455,5,493
142,0,2.08931052694,2.0,,0.013013013013,0,-0.82123791993,-0.446975713276,5,230
143,0,6.75715775362,1.0,,0.012012012012,0,0.305088545547,0.841892116975,5,178
144,0,5.83594780153,1.0,,0.011011011011,0,-0.200267803557,1.4367512122,5,264
145,0,7.83525135564,1.0,,0.014014014014,0,1.04692572946,-0.305525832732,5,140
146,0,4.43147416901,1.0,,0.011011011011,0,-0.195589795041,0.0182435541324,5,85
147,0,0.605874077687,0.0,,0.012012012012,0,-0.777812897315,-2.06068723037,5,125
148,0,9.00909497604,1.0,,0.012012012012,0,1.53544539597,-0.597241211871,5,28
149,0,4.88644570973,0.0,,0.014014014014,0,0.0706366694245,-0.325464298545,5,197
150,0,4.83790737501,0.0,,0.012012012012,0,0.649306184158,-2.11001117746,5,106
151,0,5.49914791888,1.0,,0.012012012012,0,-0.0195977943794,0.557941302022,5,167
152,0,9.59301103947,2.0,,0.013013013013,0,1.51613558787,0.0446042758468,5,175
153,0,2.54248343046,2.0,,0.01001001001,0,-0.320935484693,-1.49471011546,5,89
154,0,5.01823652075,2.0,,0.012012012012,0,-0.112599414514,0.356034764294,5,99
155,0,7.10964060969,2.0,,0.012012012012,0,1.12493829766,-1.2651742833,5,165
156,0,5.62445588706,3.0,,0.012012012012,0,0.0903739398828,0.353334067407,5,66
157,1,2.98537724203,2.0,3.0,0.01001001001,1,-0.901226151914,0.689055697771,5,153
158,1,-0.00555865491306,,1.0,0.012012012012,0,-1.24806119532,-1.26137506895,5,103
159,0,8.39314047448,4.0,,0.01001001001,0,0.72327150187,1.22332596887,5,181
160,1,2.21391138426,2.0,3.0,0.013013013013,1,-0.562381282625,-1.09894476787,5,142
161,0,10.8240711788,7.0,,0.012012012012,0,1.93286304116,0.0254820552675,5,201
162,1,-0.817580765813,,0.0,0.011011011011,1,-2.05647237766,0.351836367173,5,23
163,1,4.84511840728,4.0,7.0,0.013013013013,0,-0.296141253002,0.733542166285,5,243
164,0,9.84168162037,9.0,,0.014014014014,0,2.18727576527,-1.72014567542,5,145
165,1,4.61582268911,4.0,5.0,0.012012012012,1,-0.456053844077,0.983984221343,5,254
166,1,1.07730736556,1.0,2.0,0.011011011011,1,-1.1720207427,-0.406630406348,5,217
167,1,1.43077037187,1.0,4.0,0.013013013013,0,-1.01211062119,-0.532897764557,5,227
168,1,2.81979598107,2.0,3.0,0.014014014014,1,-1.14932823085,1.26778067362,5,219
169,1,6.27717063651,5.0,7.0,0.013013013013,0,0.901830079896,-1.42831960317,5,257
170,1,4.55934918487,4.0,5.0,0.00900900900901,1,0.0301900218563,-0.531220880696,5,258
171,1,3.19364754871,3.0,4.0,0.012012012012,1,0.0335321774027,-1.9069489835,5,253
172,1,2.67250547074,0.0,3.0,0.012012012012,0,-0.150619259192,-1.87563675168,5,241
173,1,6.00367192475,6.0,7.0,0.013013013013,1,0.220559737405,0.341992712532,5,268
174,1,3.21935551878,2.0,5.0,0.012012012012,0,-0.813756310743,0.660624451008,5,266
175,1,8.13790328406,8.0,9.0,0.013013013013,1,1.11073329207,-0.194296592141,5,271
176,1,3.3217968983,1.0,4.0,0.012012012012,0,-0.546413868853,-0.0389614951375,5,267
177,1,5.98697292667,5.0,7.0,0.011011011011,0,0.219079358593,0.329734850887,5,272
178,1,5.14787794715,4.0,6.0,0.012012012012,0,0.948660225455,-2.69810272922,5,269
179,0,2.09493976776,1.0,,0.011011011011,0,-1.36571164525,1.19207470351,5,379
180,0,4.74377241812,3.0,,0.012012012012,0,-0.154497508845,0.207264944652,5,396
181,0,8.2465583207,3.0,,0.012012012012,0,1.42288521646,-1.02209732866,5,378
182,0,5.19734704048,5.0,,0.012012012012,0,0.525416890173,-1.37890363004,5,408
183,1,0.978982130732,,1.0,0.01001001001,0,-1.22155309772,-0.356358576098,5,18
184,1,-1.30146312347,,0.0,0.012012012012,1,-2.42651841269,0.978092114591,5,9
185,0,5.90850321736,3.0,,0.012012012012,0,0.316830290199,-0.0419876532338,5,386
186,0,10.7600678985,3.0,,0.01001001001,0,2.50622958448,-1.75862085492,5,411
187,0,7.45484542108,5.0,,0.012012012012,0,0.892125821337,-0.221532042932,5,413
188,0,5.30882375858,5.0,,0.013013013013,0,-0.229769010686,0.99813079064,5,412
189,1,1.4470767263,,3.0,0.012012012012,0,-1.28839211384,0.31225306781,5,73
190,0,7.69586800472,6.0,,0.011011011011,0,0.864038015178,0.103753959189,5,416
191,0,10.9565944967,6.0,,0.012012012012,0,1.47156175971,1.54190921753,5,407
192,1,2.49543533954,0.0,4.0,0.011011011011,0,-0.885204719887,0.151049499198,5,152
193,1,3.62635863396,1.0,4.0,0.013013013013,0,-0.0914966305266,-1.09915147446,5,115
194,1,-1.79603140823,,1.0,0.013013013013,0,-1.72517004267,-1.62052128022,5,56
195,1,8.1810001435,8.0,9.0,0.014014014014,1,1.02067665732,0.118970171534,5,204
196,0,7.09703562432,7.0,,0.013013013013,0,0.562895573471,0.40834890391,5,419
197,1,0.776604728449,,1.0,0.011011011011,0,-0.95092476078,-1.37062098921,5,45
198,1,3.72986439833,1.0,5.0,0.014014014014,0,-0.0481671987221,-1.1256340055,5,158
199,1,-0.41350928512,,0.0,0.012012012012,1,-1.43139824755,-1.11931454247,5,6
200,0,6.64891052936,5.0,,0.012012012012,0,0.276722941093,0.818741706077,5,434
201,1,3.19342295046,2.0,4.0,0.013013013013,0,-0.705419499,0.309681447455,5,192
202,0,6.87362065131,4.0,,0.013013013013,0,0.140080204668,1.45338003731,5,443
203,0,8.98719437481,4.0,,0.013013013013,0,0.904608521161,1.27336881132,5,157
204,0,10.742997377,4.0,,0.013013013013,0,1.76244806337,0.455653186915,5,453
205,0,4.10270191931,3.0,,0.013013013013,0,-0.424731620905,0.376896782027,5,454
206,0,11.2843461287,1.0,,0.011011011011,0,2.47981326858,-1.15509367706,5,460
207,0,6.36001999851,1.0,,0.012012012012,0,0.0784878353896,1.12455649235,5,87
208,0,7.98369042717,0.0,,0.013013013013,0,1.15762646845,-0.489188978168,5,497
209,0,11.2015998582,0.0,,0.013013013013,0,1.91176073601,0.466317650176,5,479
210,0,3.536379496,0.0,,0.013013013013,0,-0.381758189418,-0.318345935743,5,499
211,0,7.32181690246,0.0,,0.012012012012,0,0.373328219162,1.20183224498,5,113
212,0,7.74673105491,1.0,,0.012012012012,0,0.437699908667,1.43363132891,5,109
213,0,10.5037389068,1.0,,0.012012012012,0,1.61644482132,0.654404442791,5,116
214,0,5.49648512364,1.0,,0.012012012012,0,-0.19073572109,1.06869228691,5,29
215,0,5.83760025202,1.0,,0.012012012012,0,-0.0773706877478,1.06971231527,5,162
216,0,10.2317343256,1.0,,0.012012012012,0,1.98973383188,-0.737467170053,5,144
217,1,-0.698885485669,,0.0,0.011011011011,1,-1.94905536221,0.148280600951,5,90
218,0,8.31251696631,1.0,,0.012012012012,0,1.29106014383,-0.56066346518,5,165
219,0,8.78539575291,3.0,,0.012012012012,0,1.74691596307,-1.45535213631,5,184
220,0,3.69003958106,1.0,,0.011011011011,0,-0.521426374778,0.254318705393,5,178
221,0,2.13828681478,2.0,,0.013013013013,0,-0.961553783401,0.0229481649844,5,66
222,0,5.56992720142,1.0,,0.013013013013,0,0.10775619754,0.246658608798,5,134
223,0,7.78414418827,2.0,,0.012012012012,0,1.67109865171,-2.22915176685,5,179
224,0,3.23316753585,1.0,,0.013013013013,0,-0.44638055016,-0.427690813665,5,188
225,0,2.08328803426,0.0,,0.012012012012,0,-0.288430102061,-2.05142165955,5,278
226,0,6.31329269731,0.0,,0.011011011011,0,0.339045092776,0.296157418982,5,279
227,0,5.3127172643,0.0,,0.011011011011,0,-0.0146494111968,0.356665497893,5,180
228,0,2.54714840282,1.0,,0.01001001001,0,-1.57764519747,2.28008399524,5,277
229,0,6.58049241856,0.0,,0.012012012012,0,0.50063130803,0.0785984944666,5,275
230,0,3.36432711275,1.0,,0.014014014014,0,-0.491771090103,-0.160359616937,5,270
231,0,0.907932049582,0.0,,0.012012012012,0,-0.516102477158,-2.54376051894,5,276
232,0,5.25486676368,0.0,,0.011011011011,0,0.543482493455,-1.37558071668,5,255
233,0,3.10203507874,0.0,,0.013013013013,0,-0.711810943933,0.23746791054,5,263
234,0,7.70495292972,0.0,,0.012012012012,0,1.10507415896,-0.610269547158,5,253
235,0,0.798935849383,0.0,,0.011011011011,0,-1.17391273745,-0.679325938266,5,251
236,0,3.08579744627,0.0,,0.011011011011,0,-0.82517298039,0.561316387438,5,247
237,0,7.91975277085,0.0,,0.012012012012,0,0.490613058966,1.44791359395,5,295
238,0,5.59141522907,1.0,,0.012012012012,0,0.221813034851,-0.0740238754839,5,263
239,0,9.73544976655,0.0,,0.012012012012,0,0.70648084214,2.61600724013,5,166
240,0,11.1506926777,1.0,,0.012012012012,0,1.73370985396,0.949563115846,5,325
241,0,2.20976744118,0.0,,0.012012012012,0,-0.853503639317,-0.229721640872,5,322
242,0,5.76690309027,0.0,,0.013013013013,0,-0.211841304302,1.40242700317,5,260
243,0,1.40631606826,1.0,,0.01001001001,0,-1.15592964383,-0.125895000243,5,199
244,0,6.0549317342,1.0,,0.012012012012,0,0.0546482044872,0.890987120736,5,262
245,0,6.67109178133,1.0,,0.011011011011,0,0.24233326243,0.944091994044,5,258
246,0,4.04847340144,1.0,,0.012012012012,0,-0.828100969632,1.53277631033,5,19
247,0,5.33936474107,1.0,,0.01001001001,0,0.117184454236,-0.0121886216426,5,302
248,0,5.4899510446,1.0,,0.014014014014,0,-0.0341350529447,0.592356203434,5,159
249,1,-1.84802606143,,0.0,0.012012012012,1,-2.15926909276,-0.370218783136,5,40
250,0,7.58732108967,2.0,,0.012012012012,0,0.796725516225,0.197144540997,5,274
251,0,8.97462535974,2.0,,0.01001001001,0,1.86751210007,-1.62791094046,5,288
252,0,4.46660957034,2.0,,0.012012012012,0,0.0445871071613,-0.667151751141,5,164
253,0,7.33822506688,4.0,,0.013013013013,0,1.07055784553,-0.873448469712,5,194
254,0,7.46179099279,3.0,,0.013013013013,0,0.542278337995,0.834955978806,5,158
255,1,0.896898244775,,1.0,0.013013013013,0,-1.49517450581,0.382421762195,5,71
256,0,2.97291990871,2.0,,0.012012012012,0,-0.306851973704,-1.10652417017,5,314
257,0,7.30221851531,3.0,,0.012012012012,0,0.956131545589,-0.566176121461,5,24
258,1,1.39543700244,1.0,2.0,0.012012012012,1,-1.51054372524,0.92706817816,5,174
259,0,6.89208120853,3.0,,0.012012012012,0,0.669076060153,-0.11514697193,5,339
260,0,10.6220099882,3.0,,0.012012012012,0,1.90949940743,-0.106488234036,5,141
261,1,1.41755444982,1.0,2.0,0.013013013013,1,-1.23448125415,0.120998212273,5,157
262,0,4.21046289918,1.0,,0.011011011011,0,-0.676263119519,1.23925225773,5,417
263,0,2.21951031816,2.0,,0.012012012012,0,-1.15256074947,0.677192566565,5,415
264,0,9.63987147666,2.0,,0.012012012012,0,1.09970733414,1.34074947423,5,211
265,0,5.860580365,2.0,,0.013013013013,0,0.608680105501,-0.965459951501,5,102
266,0,1.588220473,1.0,,0.011011011011,0,-0.947128304183,-0.570394614451,5,431
267,0,5.44204896749,1.0,,0.013013013013,0,0.0153881954347,0.395884381189,5,395
268,0,6.66664593772,1.0,,0.012012012012,0,0.565890661081,-0.0310260455255,5,399
269,0,5.98628687967,0.0,,0.012012012012,0,-0.0695306195539,1.19487873833,5,428
270,0,2.73632099189,0.0,,0.012012012012,0,-0.689389065291,-0.195511812238,5,394
271,0,2.45853947086,1.0,,0.012012012012,0,-1.31035456498,1.38960316579,5,99
272,0,5.59899529397,1.0,,0.011011011011,0,0.204229105183,-0.0136920215753,5,432
273,0,6.27958653046,0.0,,0.012012012012,0,0.0892439941167,1.01185454811,5,433
274,0,1.22773918266,0.0,,0.015015015015,0,-0.728450442499,-1.58690948985,5,389
275,0,5.12660573851,1.0,,0.012012012012,0,-0.244173693236,0.859126818222,5,679
276,0,6.240515343,2.0,,0.012012012012,0,1.1042227428,-2.07215288541,5,614
277,0,3.93016952392,3.0,,0.00900900900901,0,-0.37085303756,0.0427286365943,5,635
278,0,9.03525439846,3.0,,0.012012012012,0,1.50362891699,-0.4756323525,5,644
279,0,13.1381873318,3.0,,0.013013013013,0,2.37379403242,1.01680523453,5,390
280,0,7.38271115499,6.0,,0.012012012012,0,0.449293825987,1.03482967703,5,643
281,1,1.00386486503,0.0,2.0,0.014014014014,0,-0.809724321345,-1.56696217094,5,197
282,1,4.52088169297,3.0,5.0,0.012012012012,0,0.368757202411,-1.58538991426,5,246
283,1,-1.86333523574,,0.0,0.012012012012,1,-1.77681158069,-1.53290049367,5,185
284,0,11.5426552825,7.0,,0.011011011011,0,1.77325037382,1.22290416106,5,641
285,1,2.15764848708,2.0,4.0,0.017017017017,0,-0.543537501571,-1.21173900821,5,188
286,0,6.93766213629,4.0,,0.00900900900901,0,0.785701468241,-0.419442268436,5,168
287,1,2.99279487799,1.0,4.0,0.012012012012,0,-0.304910311098,-1.09247418871,5,237
288,1,1.5945268362,0.0,2.0,0.011011011011,0,-1.43383787571,0.896040463346,5,233
289,0,5.04757029894,3.0,,0.011011011011,0,0.119044525979,-0.309563279002,5,2
290,0,4.42382351347,2.0,,0.011011011011,0,-0.158278996337,-0.101339497519,5,187
291,0,5.54144030088,3.0,,0.013013013013,0,0.193513023871,-0.0390987707325,5,51
292,0,6.36967498001,2.0,,0.011011011011,0,0.908647321889,-1.35626698566,5,4
293,0,2.03341125424,1.0,,0.012012012012,0,-0.862592969731,-0.378809836568,5,202
294,0,6.52868993848,1.0,,0.011011011011,0,0.525754057717,-0.0485722346704,5,266
295,0,3.77880000441,0.0,,0.012012012012,0,-0.519241460526,0.336524385983,5,253
296,0,9.83691017579,1.0,,0.014014014014,0,0.730811440408,2.64447585456,5,56
297,0,7.11368531542,0.0,,0.011011011011,0,0.85349553286,-0.446801283157,5,217
298,0,3.11786854091,0.0,,0.013013013013,0,-1.07265248171,1.33582598603,5,251
299,0,5.31158703661,1.0,,0.013013013013,0,0.405809560696,-0.905841645476,5,268
300,0,7.40284547482,3.0,,0.013013013013,0,0.632682726369,0.504797295715,5,254
301,0,1.7332863666,1.0,,0.012012012012,0,-1.3183542228,0.688349034997,5,272
302,0,2.97570616588,2.0,,0.013013013013,0,-0.647373644338,-0.082172901102,5,9
303,0,2.34108709172,1.0,,0.012012012012,0,-0.636534163485,-0.749310417825,5,244
304,0,10.7715364026,1.0,,0.011011011011,0,1.28781400556,1.90809438592,5,256
305,0,9.53788044172,2.0,,0.012012012012,0,1.12152522768,1.17330475869,5,297
306,1,1.21509023018,1.0,2.0,0.012012012012,1,-1.23410454356,-0.082596139142,5,148
307,0,8.81520725298,2.0,,0.012012012012,0,1.06869798134,0.609113308953,5,290
308,0,5.00057282784,3.0,,0.013013013013,0,-0.155614272092,0.467415644113,5,249
309,0,5.27433150691,2.0,,0.012012012012,0,-0.0167115269879,0.324466087875,5,333
310,0,7.59543533675,2.0,,0.013013013013,0,0.876740903093,-0.0347873725285,5,340
311,1,-1.32250226007,,0.0,0.013013013013,1,-2.44362569046,1.0083748113,5,5
312,0,4.40276257214,3.0,,0.012012012012,0,-0.0141625791574,-0.554749690393,5,27
313,0,5.21639604438,2.0,,0.011011011011,0,0.0268046771148,0.135982013036,5,171
314,0,4.80265983669,3.0,,0.011011011011,0,0.403793811384,-1.40872159746,5,352
315,0,5.30202648933,5.0,,0.012012012012,0,0.0199659865047,0.24212852982,5,181
316,0,7.48351430005,5.0,,0.012012012012,0,0.874129617363,-0.138874552042,5,43
317,1,-1.89241038683,,1.0,0.012012012012,0,-1.71771396756,-1.73926848414,5,22
318,0,3.5603721912,3.0,,0.011011011011,0,-0.194026375163,-0.857548683308,5,149
319,1,-1.28100422186,,1.0,0.011011011011,0,-2.04255183714,-0.153348710452,5,38
320,1,2.08512015246,,3.0,0.015015015015,0,-0.850858183554,-0.362305296882,5,147
321,1,3.73830261499,2.0,4.0,0.011011011011,0,-0.635268833606,0.644109115808,5,171
322,0,10.4400405747,4.0,,0.011011011011,0,1.19231652808,1.8630909905,5,135
323,1,2.58161900365,2.0,3.0,0.012012012012,1,-0.502904164903,-0.909668501637,5,169
324,0,5.79604042175,5.0,,0.013013013013,0,0.00842692861406,0.770759635911,5,373
325,0,8.83857987116,4.0,,0.012012012012,0,1.6417465669,-1.08665982953,5,355
326,0,4.40609151757,3.0,,0.012012012012,0,-0.114104482473,-0.251595035011,5,358
327,0,2.39747807274,2.0,,0.011011011011,0,-0.683308605638,-0.552596110343,5,349
328,0,10.9223712057,1.0,,0.012012012012,0,2.21094323226,-0.710458491126,5,345
329,0,5.00555262896,1.0,,0.013013013013,0,-0.255677400794,0.772584831339,5,131
330,0,6.53460836025,0.0,,0.012012012012,0,0.541554905691,-0.0900563568262,5,9
331,0,5.28867533321,0.0,,0.012012012012,0,0.238861404644,-0.427908880718,5,48
332,0,10.6497440125,0.0,,0.012012012012,0,1.65959607881,0.670955776031,5,334
333,0,1.87067877391,1.0,,0.013013013013,0,-1.31635224332,0.819735503883,5,120
334,0,4.64807135656,0.0,,0.012012012012,0,-0.12320181701,0.0176768075935,5,3
335,0,6.40124362641,0.0,,0.013013013013,0,0.300202461888,0.50063624074,5,48
336,0,3.37459601245,0.0,,0.012012012012,0,-0.127507594195,-1.24288120497,5,66
337,0,4.43532535371,1.0,,0.012012012012,0,-0.458018332081,0.809380349949,5,125
338,0,4.01565727537,0.0,,0.013013013013,0,-0.0416191700265,-0.859485214552,5,76
339,0,8.89597007767,0.0,,0.012012012012,0,1.19774971637,0.302720928547,5,110
340,0,4.61807550886,1.0,,0.014014014014,0,0.0528379412035,-0.540438314753,5,47
341,0,10.6259701415,1.0,,0.011011011011,0,1.62312761851,0.756587285947,5,255
342,0,3.38727771321,2.0,,0.012012012012,0,-0.347416574974,-0.570472561869,5,82
343,0,4.36108532916,2.0,,0.01001001001,0,0.222640080677,-1.30683491287,5,220
344,0,6.67585993806,2.0,,0.013013013013,0,0.0732247941771,1.45618555553,5,195
345,0,4.97989536468,2.0,,0.013013013013,0,0.0542993661068,-0.183002733644,5,42
346,0,4.82533871119,2.0,,0.013013013013,0,0.268304363404,-0.979574379026,5,31
347,1,0.169227247179,0.0,1.0,0.012012012012,1,-1.34867609644,-0.784744463492,5,190
348,1,1.85737958442,1.0,2.0,0.012012012012,1,-0.383058492523,-1.99344493802,5,225
349,0,9.80437098394,3.0,,0.012012012012,0,1.07459235627,1.58059391513,5,219
350,0,2.5930886917,2.0,,0.012012012012,0,-1.18950035436,1.16158975477,5,222
351,0,3.88333262585,3.0,,0.012012012012,0,-0.382222265569,0.0299994225567,5,177
352,0,4.19384327364,3.0,,0.012012012012,0,-0.947280935486,2.0356860801,5,625
353,1,1.91161222154,1.0,2.0,0.014014014014,1,-0.850873432634,-0.535767480554,5,130
354,0,5.01591846155,3.0,,0.011011011011,0,-0.401049848692,1.21906800763,5,227
355,0,6.86241845549,1.0,,0.012012012012,0,0.708049977865,-0.261731478106,5,223
356,0,6.7813406851,2.0,,0.014014014014,0,0.421730993048,0.516147705955,5,236
357,0,6.83670311625,2.0,,0.011011011011,0,0.0684797613164,1.6312638323,5,245
358,0,4.94054873556,3.0,,0.011011011011,0,0.0867720145055,-0.319767307954,5,1
359,1,-1.23243957795,,0.0,0.011011011011,1,-1.93320576819,-0.432822273387,5,55
360,0,4.14007815664,3.0,,0.013013013013,0,-0.723058781071,1.30925449985,5,235
361,0,5.17538989995,3.0,,0.011011011011,0,-0.286474720993,1.03481406293,5,592
362,0,7.08359793435,4.0,,0.012012012012,0,0.370091768369,0.973322629241,5,588
363,1,2.74992737003,0.0,3.0,0.012012012012,0,-0.569302578772,-0.542164893648,5,88
364,0,5.46061149794,4.0,,0.013013013013,0,-0.271734216075,1.27581414616,5,584
365,1,2.29781987406,2.0,3.0,0.011011011011,1,-0.88672846215,-0.0419947394912,5,128
366,0,7.95289147978,4.0,,0.013013013013,0,0.835612848298,0.446052934888,5,591
367,0,4.22170438943,3.0,,0.011011011011,0,-0.644308657902,1.15463036313,5,654
368,1,-1.66668986093,,1.0,0.01001001001,0,-2.72938268687,1.52145819969,5,122
369,1,-0.0719929517443,,0.0,0.011011011011,1,-1.25636539656,-1.30289676207,5,29
370,0,5.54463568,3.0,,0.012012012012,0,0.533445831126,-1.05570181338,5,595
371,0,3.79112679427,3.0,,0.011011011011,0,-0.0334606323972,-1.10849130854,5,665
372,0,9.02406763569,2.0,,0.011011011011,0,1.47722836364,-0.407617455227,5,657
373,0,3.13433318461,3.0,,0.011011011011,0,-0.733900414795,0.336034428992,5,702
374,0,2.09325040396,2.0,,0.012012012012,0,-1.17205338876,0.609410570249,5,700
375,0,2.26799643495,1.0,,0.012012012012,0,-1.05851924249,0.44355416242,5,671
376,0,8.387169353,1.0,,0.012012012012,0,0.907761575157,0.663884627534,5,668
377,0,6.81631251286,1.0,,0.013013013013,0,0.632977986798,-0.0826214475366,5,698
378,0,11.6558313152,0.0,,0.012012012012,0,1.28356373239,2.80514011799,5,669
379,0,7.48047484945,1.0,,0.014014014014,0,0.799609297474,0.0816469570293,5,692
380,0,3.44796268417,0.0,,0.012012012012,0,0.0319290277107,-1.64782439896,5,661
381,0,7.44109884104,1.0,,0.015015015015,0,0.968659079365,-0.464878397055,5,653
382,0,5.3132073509,0.0,,0.011011011011,0,0.0603661113794,0.132109016766,5,691
383,0,2.69271589898,0.0,,0.011011011011,0,-0.840914321693,0.215458864059,5,636
384,0,8.67845014725,1.0,,0.014014014014,0,0.707836513428,1.55494060696,5,683
385,0,6.90287155797,0.0,,0.01001001001,0,0.784223648823,-0.449799388497,5,687
386,0,7.54016335277,1.0,,0.012012012012,0,0.273679733973,1.71912415085,5,675
387,0,3.64759576693,2.0,,0.013013013013,0,-0.186910845743,-0.791671695836,5,630
388,0,6.2824233936,2.0,,0.012012012012,0,0.901824887795,-1.42305126979,5,690
389,0,3.23152247342,3.0,,0.013013013013,0,0.0156934557121,-1.81555789372,5,634
390,1,-0.901568256524,,0.0,0.01001001001,1,-2.02250132748,0.165935725923,5,74
391,0,8.59609576931,1.0,,0.012012012012,0,1.05706441074,0.424902537096,5,696
392,0,10.0037556326,1.0,,0.013013013013,0,1.63241911395,0.106498290724,5,695
393,0,6.71632518459,2.0,,0.012012012012,0,0.7002473004,-0.384416716613,5,704
394,0,7.94908848932,1.0,,0.013013013013,0,0.585452638975,1.1927305724,5,732
395,0,10.5715940061,1.0,,0.012012012012,0,1.89368970603,-0.109475111957,5,210
396,0,5.19414472285,1.0,,0.011011011011,0,-0.190392868329,0.765323327836,5,730
397,0,11.0664340114,0.0,,0.012012012012,0,2.00089442271,0.0637507432425,5,701
398,0,2.24796957217,0.0,,0.012012012012,0,-0.538222901319,-1.13736172388,5,743
399,0,3.55486129036,1.0,,0.012012012012,0,-0.155793334542,-0.977758706016,5,703
400,0,5.47846189454,0.0,,0.012012012012,0,-0.161331665202,0.962456890144,5,228
401,0,4.65362175912,0.0,,0.01001001001,0,-0.317400118009,0.605822113148,5,26
402,0,8.65116896164,1.0,,0.013013013013,0,0.644154435298,1.71870565575,5,733
403,0,9.09245147372,0.0,,0.012012012012,0,0.839408297144,1.57422658229,5,738
404,0,7.90802830804,0.0,,0.012012012012,0,1.12130191164,-0.455877426866,5,742
405,0,5.38803963805,1.0,,0.012012012012,0,0.0783074658569,0.153117240482,5,87
406,0,10.5322284459,0.0,,0.013013013013,0,1.68625230939,0.473471517737,5,734
407,0,5.07524822956,0.0,,0.012012012012,0,0.0527035882671,-0.0828625352443,5,741
408,0,6.96415898209,0.0,,0.012012012012,0,0.704298905241,-0.148737733636,5,735
409,0,8.78304891978,0.0,,0.011011011011,0,0.975496771316,0.856558605831,5,143
410,0,3.61987231199,1.0,,0.012012012012,0,-0.0604396877602,-1.19880862473,5,737
411,0,1.06608271419,1.0,,0.012012012012,0,-1.06728358689,-0.73206652513,5,744
412,0,8.59077997775,0.0,,0.012012012012,0,1.7221504539,-1.57567138395,5,740
413,0,5.22603026977,0.0,,0.013013013013,0,0.117764111401,-0.127262064436,5,30
414,0,9.89001206612,0.0,,0.012012012012,0,1.56267484062,0.20198754425,5,75
415,0,7.85566452436,0.0,,0.011011011011,0,0.345445692446,1.81932744702,5,739
416,0,1.13109069279,1.0,,0.013013013013,0,-1.61622239947,0.979757891188,5,745
417,0,10.540479079,2.0,,0.013013013013,0,1.63008973598,0.65020987112,5,287
418,0,6.29374146131,0.0,,0.012012012012,0,1.11374552242,-2.04749510595,5,299
419,0,2.22685031827,0.0,,0.012012012012,0,-0.890468364936,-0.101744586923,5,311
420,0,4.54498636672,0.0,,0.012012012012,0,-0.175120931188,0.0703491602808,5,238
421,0,9.70459917228,1.0,,0.014014014014,0,0.977162515705,1.77311162516,5,214
422,0,2.51945930524,0.0,,0.012012012012,0,-0.915545970287,0.266097216097,5,285
423,0,5.28086477819,1.0,,0.013013013013,0,0.0751771754083,0.0553332519666,5,237
424,0,3.0593274426,0.0,,0.011011011011,0,-0.538933672273,-0.323871540582,5,205
425,0,6.75944998234,0.0,,0.013013013013,0,0.896474534838,-0.929973622173,5,171
426,0,8.67449356589,0.0,,0.012012012012,0,0.847274068321,1.13267136093,5,169
427,0,1.3626765608,0.0,,0.012012012012,0,-0.859567862567,-1.0586198515,5,200
428,0,5.74384051544,0.0,,0.012012012012,0,0.222181315085,0.0772965701837,5,156
429,0,7.51850686831,0.0,,0.012012012012,0,0.728375874628,0.333379244431,5,215
430,0,7.11011713441,1.0,,0.012012012012,0,0.55296584274,0.451219606185,5,152
431,0,3.47494001316,0.0,,0.012012012012,0,-0.720751545146,0.637194648602,5,189
432,0,3.51291660697,0.0,,0.012012012012,0,-0.306787901226,-0.566719689356,5,155
433,0,2.7542466961,1.0,,0.012012012012,0,-0.739259567256,-0.0279746021358,5,130
434,0,0.890863014841,0.0,,0.011011011011,0,-1.26951067326,-0.300604965377,5,119
435,0,6.97138936575,0.0,,0.012012012012,0,0.611751890337,0.136133694742,5,95
436,0,2.80769115328,0.0,,0.011011011011,0,-0.759204704027,0.0853052653671,5,160
437,0,0.712868242988,0.0,,0.012012012012,0,-1.70561580309,0.829715652267,5,218
438,0,7.35000125337,0.0,,0.012012012012,0,1.10626466911,-0.968792753973,5,44
439,0,3.22136855534,0.0,,0.012012012012,0,-0.462613068628,-0.39079223878,5,34
440,0,6.85200097181,1.0,,0.013013013013,0,0.328851170906,0.865447459087,5,163
441,0,6.03783695145,0.0,,0.013013013013,0,-0.185192860148,1.59341553189,5,168
442,0,3.67016706939,0.0,,0.011011011011,0,-0.547118338535,0.311522084999,5,267
443,0,6.49485007868,0.0,,0.012012012012,0,0.544291955707,-0.138025788446,5,204
444,0,7.09828975312,0.0,,0.013013013013,0,0.39086857291,0.925684034393,5,39
445,0,5.91172181104,1.0,,0.011011011011,0,-0.0622377929876,1.09843519,5,269
446,0,8.72248359764,1.0,,0.013013013013,0,1.18384756865,0.170940891699,5,315
447,0,7.28656123196,2.0,,0.012012012012,0,0.77471302819,-0.0375778526095,5,385
448,0,6.8981177014,2.0,,0.011011011011,0,1.28779437118,-1.96526541216,5,11
449,0,8.09110076853,6.0,,0.014014014014,0,0.493414398977,1.6108575716,5,337
450,0,12.1654162669,6.0,,0.013013013013,0,2.48195041376,-0.28043497439,5,271
451,1,-1.07899245839,,0.0,0.011011011011,1,-2.06985645441,0.130576904851,5,26
452,0,7.46236845388,7.0,,0.013013013013,0,1.1984473484,-1.13297359131,5,383
453,1,4.58898112373,4.0,5.0,0.013013013013,1,-0.358810086345,0.665411382767,5,215
454,1,3.05544280965,3.0,5.0,0.011011011011,0,-0.750233900586,0.306144511408,5,220
455,1,3.75262358885,2.0,4.0,0.013013013013,0,-0.341574955004,-0.222651546138,5,175
456,1,5.029505266,4.0,6.0,0.012012012012,0,0.151744725845,-0.425728911537,5,210
457,1,8.16398795554,6.0,10.0,0.011011011011,0,1.20760840812,-0.458837268805,5,221
458,1,4.7662121627,4.0,5.0,0.011011011011,1,0.299310356358,-1.13171890637,5,180
459,1,0.836277788823,,1.0,0.012012012012,0,-2.02367578418,1.90730514137,5,65
460,1,-1.31642661688,,0.0,0.012012012012,1,-2.09959659694,-0.0176368260434,5,14
461,1,4.17086556878,4.0,5.0,0.012012012012,1,0.225526622329,-1.50571429821,5,150
462,1,3.05263441584,,4.0,0.011011011011,0,-0.877855855829,0.686201983329,5,149
463,1,8.61218714537,7.0,10.0,0.012012012012,0,0.995039787616,0.627067782527,5,214
464,1,5.1400497633,2.0,8.0,0.012012012012,0,-0.397194582759,1.33163351158,5,176
465,1,9.89070202464,9.0,10.0,0.012012012012,1,1.98888383433,-1.07594947836,5,182
466,1,-3.09489932231,,1.0,0.012012012012,0,-2.41540787384,-0.848675700779,5,24
467,1,4.93692199176,1.0,6.0,0.012012012012,0,0.258473322028,-0.838497974326,5,124
468,1,8.78210885019,8.0,10.0,0.012012012012,0,0.775709973066,1.45497893099,5,183
469,1,0.154617452109,,1.0,0.011011011011,0,-1.49676069323,-0.355100468209,5,67
470,1,3.19004483092,,4.0,0.012012012012,0,-1.01062451339,1.22191837107,5,106
471,1,1.90907325607,0.0,3.0,0.012012012012,0,-0.742404850399,-0.863712192731,5,93
472,1,2.65882122001,2.0,4.0,0.013013013013,0,-0.955982963734,0.526770111214,5,105
473,1,0.865306712696,0.0,1.0,0.012012012012,1,-1.17216980676,-0.618183867023,5,83
474,1,3.17389559641,,5.0,0.012012012012,0,-0.685467921939,0.230299362226,5,167
475,1,1.86120763957,,3.0,0.00900900900901,0,-0.768474578382,-0.833368625278,5,111
476,0,5.55579652848,5.0,,0.011011011011,0,0.284126359404,-0.296582549736,5,265
477,0,10.7659067447,7.0,,0.013013013013,0,1.71401923578,0.623849037334,5,589
478,0,9.34670163268,5.0,,0.011011011011,0,1.93617640847,-1.46182759274,5,32
479,0,8.5470345584,5.0,,0.012012012012,0,1.05593494279,0.379229730018,5,368
480,0,7.56720145337,4.0,,0.013013013013,0,0.65222976662,0.610512153507,5,707
481,0,4.6808310864,4.0,,0.014014014014,0,-0.0425778997761,-0.191435214275,5,367
482,0,8.79196693433,2.0,,0.012012012012,0,0.549337255653,2.14395516737,5,684
483,1,0.232209686916,,1.0,0.014014014014,0,-1.22228821572,-1.10092566593,5,31
484,0,3.61284375497,2.0,,0.011011011011,0,-0.543036075449,0.241951981317,5,655
485,1,-2.94979928697,,0.0,0.011011011011,1,-2.62212980622,-0.0834098683142,5,19
486,0,11.5135773076,3.0,,0.01001001001,0,1.7757783038,1.18624239616,5,689
487,0,5.29525292985,4.0,,0.014014014014,0,0.0791980276778,0.057658846819,5,637
488,0,7.73996183035,5.0,,0.014014014014,0,0.622716334611,0.871812826518,5,628
489,0,4.78730791175,4.0,,0.013013013013,0,0.236527189309,-0.922273656176,5,666
490,0,8.43127201142,3.0,,0.013013013013,0,0.88816122194,0.7667883456,5,300
491,1,1.84528523775,,2.0,0.014014014014,0,-0.686813830779,-1.09427326992,5,48
492,1,-0.722667427172,,0.0,0.013013013013,1,-1.87280777663,-0.104244097289,5,10
493,0,5.34900493922,2.0,,0.012012012012,0,-0.282751435058,1.19725924439,5,621
494,0,2.84692875462,2.0,,0.013013013013,0,-0.800588418086,0.248694008879,5,535
495,0,7.49476483528,1.0,,0.011011011011,0,0.575682029941,0.767718745461,5,347
496,0,5.17760569222,3.0,,0.014014014014,0,0.519256659763,-1.38016428707,5,277
497,0,10.6138458181,4.0,,0.013013013013,0,1.52423540485,1.04113960352,5,538
498,0,12.0553811274,2.0,,0.015015015015,0,2.18154975636,0.510731858286,5,503
499,0,6.83769284808,0.0,,0.011011011011,0,0.322847090207,0.869151577464,5,531
500,0,0.00991255560069,0.0,,0.012012012012,0,-1.42846959958,-0.70467864567,5,541
501,0,6.96330661148,1.0,,0.00900900900901,0,-0.253489259405,2.72377438969,5,528
502,0,3.76788629477,1.0,,0.011011011011,0,-0.593575359636,0.548612373683,5,521
503,0,8.40728036927,2.0,,0.013013013013,0,1.57109698088,-1.30601057338,5,533
504,0,10.0217983229,1.0,,0.013013013013,0,1.38787246491,0.858180928199,5,527
505,0,9.65292217466,1.0,,0.012012012012,0,1.22404441369,0.980788933601,5,511
506,0,7.5805198031,2.0,,0.012012012012,0,1.09700740438,-0.710502410034,5,539
507,0,3.10260934315,2.0,,0.011011011011,0,-0.357300924292,-0.825487883973,5,529
508,1,1.83002425321,0.0,2.0,0.013013013013,0,-1.23398326415,0.53197404565,5,202
509,0,4.03561743761,2.0,,0.011011011011,0,-0.421477565718,0.300050134759,5,121
510,0,5.61169160768,2.0,,0.011011011011,0,0.0599543048912,0.431828693011,5,532
511,0,3.92675741999,1.0,,0.012012012012,0,-0.216197784397,-0.424649226821,5,191
512,1,-0.460284061311,,0.0,0.012012012012,1,-1.2156588644,-1.8133074681,5,131
513,0,2.3743157106,2.0,,0.011011011011,0,-1.02083220471,0.436812324719,5,215
514,0,5.35708656373,2.0,,0.012012012012,0,-0.284842828706,1.21161504985,5,212
515,0,9.55056164671,1.0,,0.012012012012,0,1.72240254485,-0.61664598783,5,150
516,0,8.00523350954,3.0,,0.013013013013,0,0.903725013678,0.294058468505,5,534
517,0,3.1021522023,2.0,,0.012012012012,0,0.161918120342,-2.38360215873,5,147
518,0,4.08401571039,3.0,,0.012012012012,0,-0.513712545773,0.625153347709,5,54
519,0,3.84824210405,3.0,,0.012012012012,0,-0.160570906502,-0.670045176441,5,182
520,0,7.43500190232,4.0,,0.012012012012,0,0.178448750853,1.89965564976,5,206
521,0,6.13121095417,5.0,,0.012012012012,0,0.46360075891,-0.259591322563,5,156
522,1,-1.23222459506,,0.0,0.012012012012,1,-2.49030332417,1.23868537743,5,25
523,0,9.8443941314,4.0,,0.013013013013,0,1.47129421031,0.430511500468,5,165
524,1,5.03790527861,3.0,6.0,0.012012012012,0,-0.0897972917569,0.30729715388,5,100
525,1,1.62716832585,0.0,2.0,0.012012012012,0,-0.989174460405,-0.40530829294,5,50
526,1,2.06962025845,,5.0,0.011011011011,0,-1.18764243032,0.632547549397,5,81
527,1,3.57041421886,3.0,5.0,0.011011011011,0,-0.997069030321,1.56162130983,5,109
528,1,1.7321761415,,3.0,0.01001001001,0,-0.840915957771,-0.745075985187,5,64
529,1,1.69906608867,0.0,3.0,0.012012012012,0,-1.64623903789,1.63778320234,5,66
530,1,0.984847847264,0.0,1.0,0.013013013013,1,-1.28896811662,-0.148247802862,5,33
531,0,12.7861784568,6.0,,0.011011011011,0,2.31968982224,0.827108990083,5,323
532,1,4.81887575853,4.0,6.0,0.011011011011,0,-0.15470755429,0.282998421402,5,184
533,1,2.37087910621,2.0,3.0,0.011011011011,1,-0.84427815281,-0.0962864353592,5,170
534,0,7.30352266679,5.0,,0.012012012012,0,0.093283871762,2.0236710515,5,618
535,0,6.34271959769,2.0,,0.01001001001,0,0.344253148526,0.309960152116,5,615
536,0,6.99524369256,2.0,,0.011011011011,0,0.346411520378,0.956009131421,5,600
537,0,5.46043309691,2.0,,0.012012012012,0,0.0466393647887,0.320515002544,5,196
538,0,4.10102693384,3.0,,0.012012012012,0,-0.427997378875,0.385019070461,5,619
539,0,8.49822559178,1.0,,0.016016016016,0,1.12462965391,0.124336630047,5,597
540,0,0.700559195504,0.0,,0.011011011011,0,-1.19339464395,-0.719256872646,5,149
541,0,1.7191457129,0.0,,0.012012012012,0,-1.41616633709,0.967644724162,5,582
542,0,3.13400116471,2.0,,0.015015015015,0,-0.664022697682,0.126069257755,5,602
543,0,7.40608458543,2.0,,0.011011011011,0,0.934813678425,-0.39835644984,5,626
544,0,7.1738759772,1.0,,0.014014014014,0,0.473589547979,0.753107333261,5,593
545,0,5.35807359399,0.0,,0.013013013013,0,0.405233695238,-0.857627491724,5,603
546,0,9.19492925505,2.0,,0.011011011011,0,0.93140746877,1.40070684874,5,612
547,0,5.31258047909,1.0,,0.01001001001,0,0.136262365471,-0.0962066173231,5,583
548,0,5.94402713695,1.0,,0.011011011011,0,0.62153495885,-0.920577739601,5,616
549,0,2.07126843468,1.0,,0.011011011011,0,-0.75865578783,-0.652764201831,5,622
550,0,8.50052360208,1.0,,0.012012012012,0,0.659346318998,1.52248464509,5,273
551,0,6.96181446491,1.0,,0.012012012012,0,0.642499608528,0.0343156393242,5,608
552,1,-1.33874990572,,0.0,0.012012012012,1,-2.34425087846,0.694002729653,5,136
553,0,7.24755303182,1.0,,0.012012012012,0,0.515314387785,0.701609868466,5,245
554,0,7.13602276701,1.0,,0.013013013013,0,0.526423954063,0.55675090482,5,611
555,0,3.37939539112,2.0,,0.013013013013,0,-0.321257493158,-0.656832129407,5,242
556,0,5.20339122809,1.0,,0.012012012012,0,0.245094117548,-0.531891124559,5,233
557,0,1.97833616479,1.0,,0.012012012012,0,-1.11203771345,0.31444930515,5,184
558,0,2.74654333441,2.0,,0.012012012012,0,-0.807314773132,0.168487653809,5,179
559,0,5.29044326665,1.0,,0.012012012012,0,-0.245255827857,1.02621075022,5,243
560,0,4.65747604774,0.0,,0.00900900900901,0,-0.609084769313,1.48473035568,5,90
561,0,4.6893995136,0.0,,0.012012012012,0,0.365979455023,-1.40853885147,5,172
562,0,8.26207140335,0.0,,0.012012012012,0,1.56294196436,-1.42675448972,5,150
563,0,1.5434618265,0.0,,0.012012012012,0,-0.48352847534,-2.00595274748,5,86
564,0,5.7808404055,0.0,,0.013013013013,0,0.0556020560809,0.614034237261,5,83
565,0,5.33474193157,1.0,,0.01001001001,0,-0.0500450117224,0.484876966734,5,43
566,0,3.7507789078,1.0,,0.012012012012,0,0.0625323575806,-1.43681816495,5,137
567,0,3.33093374801,1.0,,0.012012012012,0,-0.753985493242,0.592890227735,5,131
568,0,6.18700541787,1.0,,0.012012012012,0,-0.0842533268863,1.43976539853,5,58
569,0,4.73852502541,1.0,,0.012012012012,0,-0.405147324307,0.953966998334,5,93
570,0,6.56791817784,1.0,,0.013013013013,0,0.402644269216,0.359985370197,5,123
571,1,1.7651705689,1.0,2.0,0.01001001001,1,-0.939427045052,-0.416548295948,5,242
572,0,3.47367092209,2.0,,0.014014014014,0,-1.00517526393,1.48919671389,5,112
573,0,6.46794737042,4.0,,0.013013013013,0,0.267549908664,0.665297644427,5,108
574,0,5.41350774556,4.0,,0.013013013013,0,-0.228244557816,1.09824141901,5,88
575,0,9.5827159899,4.0,,0.014014014014,0,1.74084680301,-0.639824419144,5,437
576,0,8.28584242176,3.0,,0.012012012012,0,1.30179370058,-0.619538679975,5,678
577,1,1.17974902287,1.0,2.0,0.012012012012,1,-1.31645033087,0.12910001549,5,232
578,0,7.49920442152,5.0,,0.01001001001,0,0.222853164171,1.83064492901,5,81
579,1,-2.8500138242,,0.0,0.012012012012,1,-2.58096456256,-0.107120136521,5,4
580,0,6.05130243481,4.0,,0.011011011011,0,0.313439911793,0.110982699426,5,660
581,0,7.64564532031,5.0,,0.011011011011,0,0.854276261355,0.0828165362446,5,22
582,1,5.34635436923,5.0,6.0,0.012012012012,1,0.216409324092,-0.302873603049,5,236
583,0,7.19725990125,6.0,,0.011011011011,0,0.772307917937,-0.119663852566,5,78
584,0,13.0580412912,8.0,,0.012012012012,0,2.3578511556,0.984487824403,5,680
585,1,0.89947654928,0.0,1.0,0.011011011011,1,-1.92292586189,1.66825413495,5,42
586,1,6.75134020731,3.0,7.0,0.011011011011,0,-0.0462951846125,1.89022576114,5,193
587,1,3.11155439561,3.0,4.0,0.013013013013,1,0.126975700362,-2.26937270547,5,164
588,1,6.25547720732,4.0,8.0,0.012012012012,0,0.677082025295,-0.775768868567,5,187
589,1,0.410361098825,0.0,2.0,0.012012012012,0,-1.33600014194,-0.58163847534,5,82
590,1,5.06170496841,4.0,7.0,0.012012012012,0,-0.229714932306,0.750849765324,5,173
591,1,5.52381908097,5.0,6.0,0.012012012012,1,0.689730796237,-1.54537330774,5,161
592,1,-0.989556057593,,1.0,0.012012012012,0,-1.74983004466,-0.740065923616,5,27
593,1,3.23934345212,,4.0,0.011011011011,0,-0.379120288311,-0.623295682945,5,99
594,1,6.36683360884,6.0,7.0,0.011011011011,1,0.257146580035,0.595393868738,5,159
595,1,4.13842602256,2.0,5.0,0.012012012012,0,-0.275976979289,-0.0336430395751,5,107
596,1,5.42451019576,4.0,6.0,0.012012012012,0,0.48252916944,-1.02307731256,5,162
597,1,5.50409114144,5.0,6.0,0.01001001001,1,-0.563619297758,2.19494903472,5,230
598,1,-1.08901833122,,0.0,0.012012012012,1,-1.33447172005,-2.08560317107,5,3
599,1,-0.111787380883,,1.0,0.011011011011,0,-1.55729118366,-0.439913829908,5,47
600,1,9.31619445676,9.0,11.0,0.014014014014,0,1.02191793904,1.25044063966,5,240
601,1,9.12692411618,9.0,10.0,0.01001001001,1,0.68790067222,2.06322209952,5,250
602,1,8.40783779348,8.0,9.0,0.013013013013,1,1.48458774512,-1.04592544189,5,228
603,1,3.41877738778,1.0,4.0,0.01001001001,0,-1.03378268703,1.52012544886,5,92
604,1,1.2564089604,1.0,3.0,0.012012012012,0,-1.19838617369,-0.148432518521,5,68
605,1,3.96747272172,,5.0,0.013013013013,0,-0.250464761058,-0.28113299511,5,114
606,1,5.15045743292,3.0,6.0,0.014014014014,0,0.0223606881736,0.0833753684014,5,194
607,1,-3.15841902991,,6.0,0.012012012012,0,-2.82978189239,0.330926647251,5,160
608,1,7.64212344923,7.0,8.0,0.013013013013,1,-0.069174286089,2.8496463075,5,209
609,1,-2.76320580026,,1.0,0.014014014014,0,-2.88051482244,0.878338667045,5,60
610,1,2.08447041547,0.0,3.0,0.012012012012,0,-0.914845856054,-0.170992016369,5,112
611,0,8.40139945003,7.0,,0.011011011011,0,0.750081766757,1.15115414975,5,20
612,1,4.1197231148,4.0,6.0,0.012012012012,0,0.345918535747,-1.91803249244,5,213
613,1,-0.217046854718,,0.0,0.013013013013,1,-2.30707352451,1.7041737188,5,52
614,0,15.7767893337,5.0,,0.011011011011,0,2.94175467022,1.95152532305,5,686
615,0,10.2682320539,4.0,,0.012012012012,0,1.59239923238,0.491034356699,5,685
616,0,3.33105313832,3.0,,0.01001001001,0,-0.0742469730405,-1.44620594256,5,101
617,0,6.24935653283,2.0,,0.011011011011,0,0.806974943956,-1.17156829904,5,711
618,0,6.60214798032,2.0,,0.013013013013,0,0.417443201423,0.349818376056,5,710
619,0,4.64924216411,1.0,,0.011011011011,0,-0.0315485722428,-0.256112119157,5,693
620,0,4.53421886851,0.0,,0.012012012012,0,-0.230642980269,0.226147809313,5,717
621,0,4.28108744197,2.0,,0.013013013013,0,-0.0128270251182,-0.680431482679,5,706
622,0,4.05484212316,1.0,,0.012012012012,0,-0.965171697381,1.95035721531,5,715
623,0,9.06172090285,1.0,,0.011011011011,0,0.53512231311,2.45635396352,5,725
624,0,7.90814840014,0.0,,0.012012012012,0,1.18982498245,-0.661326547194,5,705
625,0,2.85802684045,2.0,,0.014014014014,0,-1.29563512111,1.74493220378,5,716
626,0,4.57319111479,2.0,,0.012012012012,0,0.0609754585708,-0.609735260922,5,726
627,1,-0.175463094343,,0.0,0.011011011011,1,-1.74365467327,0.055500925453,5,16
628,0,4.36107007694,2.0,,0.013013013013,0,-0.274781869709,0.185415686062,5,29
629,0,8.90164491891,2.0,,0.012012012012,0,1.3860321164,-0.2564514303,5,708
630,0,6.23319906314,3.0,,0.013013013013,0,1.01638174284,-1.81594616536,5,724
631,1,-0.133125576516,,1.0,0.011011011011,0,-1.59421885441,-0.350469013293,5,43
632,0,11.9013997414,4.0,,0.013013013013,0,2.17089447915,0.388716303951,5,723
633,0,4.66019511464,4.0,,0.013013013013,0,-0.679480909761,1.69863784392,5,712
634,0,4.41823383597,3.0,,0.012012012012,0,-0.0516762105772,-0.426737532303,5,120
635,1,-1.02580593548,,1.0,0.013013013013,0,-1.61578820815,-1.17844131104,5,53
636,0,7.67842054321,2.0,,0.012012012012,0,0.680857883319,0.635846893257,5,729
637,0,6.31011935315,2.0,,0.012012012012,0,0.514624971649,-0.233755561796,5,525
638,1,0.876032458925,,2.0,0.01001001001,0,-1.12298206773,-0.755021337877,5,86
639,0,6.13097802764,3.0,,0.012012012012,0,0.750788199216,-1.12138657001,5,517
640,0,6.27264558216,5.0,,0.014014014014,0,0.504391063243,-0.240527607575,5,519
641,0,8.07168714057,3.0,,0.011011011011,0,0.931105525709,0.278370563448,5,520
642,0,7.94827297983,2.0,,0.012012012012,0,0.7301954035,0.757686769332,5,514
643,0,7.15744305761,2.0,,0.011011011011,0,0.262434068432,1.37014085232,5,2
644,1,-2.89957605622,,0.0,0.012012012012,1,-2.52421735885,-0.326923979675,5,8
645,0,6.54180233626,2.0,,0.012012012012,0,0.315041987175,0.596676374739,5,510
646,0,7.29085226114,2.0,,0.012012012012,0,0.787251117679,-0.0709010918916,5,515
647,0,6.07107504596,3.0,,0.012012012012,0,-0.00393060832466,1.08286687093,5,509
648,0,8.09985269652,3.0,,0.011011011011,0,0.207186777005,2.47829236551,5,522
649,0,7.78356483768,4.0,,0.012012012012,0,0.64888765228,0.836901880841,5,536
650,1,0.143634778702,,1.0,0.013013013013,0,-1.6443043318,0.0765477741008,5,17
651,0,4.06968707082,4.0,,0.012012012012,0,-0.550175932548,0.720214868462,5,542
652,0,5.05894628079,3.0,,0.011011011011,0,-0.279076573461,0.896176001171,5,512
653,1,2.51913978848,,3.0,0.011011011011,0,-1.06466629606,0.713138676663,5,108
654,0,6.75314299723,4.0,,0.013013013013,0,0.953755811879,-1.1081244384,5,524
655,1,-0.167183767641,,1.0,0.013013013013,0,-1.32849560295,-1.18169695879,5,20
656,1,-1.11118072682,,1.0,0.012012012012,0,-1.38697338877,-1.95026056052,5,98
657,0,5.2611576181,2.0,,0.01001001001,0,-0.0588537240316,0.43771879019,5,166
658,0,9.86152067339,4.0,,0.012012012012,0,0.806199224323,2.44292300042,5,460
659,0,2.94444325919,2.0,,0.011011011011,0,-0.459810343915,-0.676125709062,5,216
660,0,7.38439287864,1.0,,0.01001001001,0,0.556360629533,0.715310990037,5,251
661,0,2.74802725311,2.0,,0.012012012012,0,-0.404504789225,-1.03845837922,5,249
662,0,5.41239567438,2.0,,0.014014014014,0,0.318356200528,-0.542672927209,5,19
663,0,5.7322066959,3.0,,0.012012012012,0,0.613167707348,-1.10729642615,5,624
664,0,5.2407596854,2.0,,0.012012012012,0,-0.10394163004,0.552584575525,5,147
665,0,7.86358533646,2.0,,0.00900900900901,0,1.06321288259,-0.326053311304,5,481
666,0,4.86310985753,2.0,,0.012012012012,0,0.077976614015,-0.370819984515,5,174
667,0,4.83859649662,4.0,,0.013013013013,0,0.485167681865,-1.61690654898,5,233
668,0,6.47467671334,5.0,,0.012012012012,0,0.262152507771,0.688219190021,5,31
669,1,0.0784012584221,,3.0,0.012012012012,0,-1.23690590168,-1.21088103653,5,110
670,0,7.21858498433,7.0,,0.013013013013,0,0.486206076887,0.759966753664,5,142
671,1,1.67983655832,,3.0,0.013013013013,0,-1.18141962285,0.224095426873,5,101
672,1,4.40745442968,3.0,5.0,0.011011011011,0,-0.514095278737,0.949740265885,5,104
673,1,7.43666267314,7.0,9.0,0.012012012012,0,0.872902447476,-0.182044669284,5,154
674,1,-0.431910518831,,0.0,0.013013013013,1,-1.65243817294,-0.474596000026,5,37
675,1,0.115039553137,0.0,1.0,0.012012012012,1,-1.46892937458,-0.478172323137,5,39
676,1,1.73185589464,0.0,3.0,0.012012012012,0,-0.644038174675,-1.33602958134,5,84
677,1,9.03333666622,9.0,10.0,0.012012012012,1,1.44083351561,-0.289163880617,5,135
678,1,1.05748194363,,2.0,0.014014014014,0,-0.635867314204,-2.03491611375,5,41
679,1,6.09443435496,6.0,8.0,0.013013013013,0,0.629064350617,-0.792758696895,5,132
680,1,4.01980014305,0.0,6.0,0.012012012012,0,-0.499535432067,0.518406439247,5,121
681,1,4.56854924678,0.0,5.0,0.012012012012,0,-0.240732737169,0.290747458285,5,118
682,1,2.12831921376,,4.0,0.012012012012,0,-0.284264864675,-2.01888619222,5,95
683,0,7.96935583152,7.0,,0.012012012012,0,1.22331368823,-0.700585233182,5,375
684,1,0.766574393261,0.0,2.0,0.012012012012,0,-1.05652689603,-1.06384491864,5,94
685,0,7.22846927473,5.0,,0.012012012012,0,0.826568161883,-0.251235210921,5,445
686,0,6.13221269771,3.0,,0.011011011011,0,0.659957045545,-0.847658438929,5,387
687,0,11.6161529909,3.0,,0.012012012012,0,2.59968841673,-1.18291225932,5,384
688,0,3.65359995333,2.0,,0.013013013013,0,-0.304072207438,-0.434183424351,5,359
689,0,9.37138629495,1.0,,0.011011011011,0,1.49615896238,-0.117090592191,5,345
690,0,6.94750711095,1.0,,0.012012012012,0,0.988214257221,-1.01713566071,5,403
691,0,3.76064227644,1.0,,0.014014014014,0,-0.382558460642,-0.0916823416323,5,259
692,0,3.31293556257,1.0,,0.013013013013,0,-0.662522720388,0.300503723733,5,270
693,0,2.55253837784,0.0,,0.011011011011,0,-0.669966734044,-0.437561420024,5,173
694,0,6.01716865159,1.0,,0.015015015015,0,0.256704376202,0.247055522984,5,7
695,0,6.94538361326,0.0,,0.012012012012,0,0.522287103823,0.378522301787,5,109
696,0,2.2089931674,1.0,,0.012012012012,0,-0.99624520937,0.19772879551,5,10
697,0,7.72050360434,0.0,,0.01001001001,0,0.898148237467,0.0260588919434,5,235
698,0,9.06941294665,0.0,,0.012012012012,0,1.2872461848,0.207674392255,5,78
699,0,0.482833289071,0.0,,0.013013013013,0,-0.767884838394,-2.21351219575,5,149
700,0,2.68562770072,0.0,,0.012012012012,0,-0.810644842219,0.117562227375,5,92
701,0,7.74691148696,0.0,,0.013013013013,0,0.97662434035,-0.182961534094,5,114
702,0,2.55689359902,1.0,,0.012012012012,0,-0.786729005701,-0.0829193838726,5,132
703,0,6.87737261224,0.0,,0.012012012012,0,0.712376993595,-0.259758368551,5,57
704,0,2.96636672573,1.0,,0.011011011011,0,-0.447276519825,-0.691803714793,5,166
705,0,4.8565735297,0.0,,0.012012012012,0,0.394615605304,-1.32727328622,5,67
706,0,1.58696354494,1.0,,0.013013013013,0,-1.33395791881,0.588837301358,5,3
707,0,0.0958468605838,0.0,,0.011011011011,0,-1.69443888976,0.179163529854,5,96
708,0,6.37546296337,0.0,,0.011011011011,0,0.925582371568,-1.40128415134,5,45
709,0,6.15218510641,0.0,,0.012012012012,0,0.594661597129,-0.63179968498,5,63
710,0,5.85839591878,0.0,,0.012012012012,0,0.441746512712,-0.46684361935,5,103
711,0,7.82708185271,0.0,,0.014014014014,0,0.589871214843,1.05746820818,5,52
712,0,2.43523966007,0.0,,0.012012012012,0,-1.49103041286,1.90833089864,5,25
713,0,1.69760856971,0.0,,0.012012012012,0,-1.63179012042,1.59297893098,5,61
714,0,10.1421661712,1.0,,0.012012012012,0,1.80818406077,-0.282386011133,5,64
715,0,8.17418104118,1.0,,0.011011011011,0,0.995611079131,0.187347803784,5,327
716,0,2.84385289541,1.0,,0.012012012012,0,-0.163698936615,-1.66505029475,5,284
717,0,3.61181402881,0.0,,0.012012012012,0,-0.370000000288,-0.278185970328,5,49
718,0,1.22295133596,0.0,,0.012012012012,0,-1.26481683353,0.0174018365487,5,326
719,0,4.39409913067,1.0,,0.011011011011,0,-0.249511148909,0.142632577399,5,393
720,0,3.76823758736,0.0,,0.012012012012,0,-0.114626392379,-0.8878832355,5,332
721,0,3.63354072755,1.0,,0.00900900900901,0,-0.20094284496,-0.763630737567,5,310
722,0,5.85216258723,2.0,,0.012012012012,0,0.368886261591,-0.254496197544,5,77
723,0,6.84047932124,2.0,,0.012012012012,0,0.575318133955,0.114524919373,5,72
724,0,9.24035828023,1.0,,0.012012012012,0,1.54236534238,-0.386737746922,5,84
725,0,4.84504269776,2.0,,0.013013013013,0,-0.067442375019,0.0473698228197,5,324
726,0,7.43717644125,1.0,,0.013013013013,0,0.874870324409,-0.187434531976,5,276
727,1,1.98421589622,1.0,2.0,0.012012012012,1,-0.938257929373,-0.201010315658,5,273
728,0,4.99602463017,2.0,,0.013013013013,0,-0.133623346034,0.396894668267,5,94
729,1,0.809215863221,0.0,1.0,0.014014014014,1,-0.714348035839,-2.04774002926,5,156
730,0,8.99571684548,2.0,,0.012012012012,0,1.24927175778,0.247901572152,5,279
731,0,4.60647539067,2.0,,0.012012012012,0,-0.399006514281,0.803494933512,5,226
732,0,6.50714116845,1.0,,0.014014014014,0,0.568567981094,-0.198562774835,5,18
733,0,5.32947128168,0.0,,0.011011011011,0,0.2993271093,-0.568510046222,5,134
734,0,6.62545685859,1.0,,0.013013013013,0,0.669752952113,-0.383801997745,5,208
735,0,9.08434011968,1.0,,0.011011011011,0,1.53357144522,-0.516374215991,5,646
736,0,5.41950250049,0.0,,0.01001001001,0,-0.167455272219,0.921868317144,5,286
737,0,4.12030320268,1.0,,0.013013013013,0,-0.0977733066987,-0.586376877229,5,569
738,0,6.09185270341,0.0,,0.011011011011,0,0.542510613471,-0.535679137008,5,183
739,0,8.75481501208,0.0,,0.012012012012,0,0.938839989584,0.938295043326,5,32
740,0,9.84861738866,0.0,,0.012012012012,0,2.01061193553,-1.18321841793,5,568
741,0,5.98107220903,1.0,,0.015015015015,0,0.657242676016,-0.990655819018,5,246
742,0,11.4379070012,0.0,,0.012012012012,0,2.04232567702,0.310929970132,5,580
743,0,5.78826267552,0.0,,0.012012012012,0,0.732246621327,-1.40847718846,5,186
744,0,1.99674339159,0.0,,0.011011011011,0,-1.15184210223,0.452269698273,5,190
745,0,10.7471682147,0.0,,0.012012012012,0,1.82587175704,0.2695529436,5,320
746,0,6.84012727701,0.0,,0.014014014014,0,-0.219127052316,2.49750843396,5,241
747,0,5.88876843032,1.0,,0.012012012012,0,0.576753701178,-0.84149267322,5,300
748,0,1.17444601055,0.0,,0.011011011011,0,-0.703022151518,-1.7164875349,5,60
749,0,8.14506800286,0.0,,0.01001001001,0,0.975048348079,0.219922958619,5,188
750,0,6.15167144652,1.0,,0.012012012012,0,0.648593151012,-0.794108006513,5,240
751,0,0.947488356939,0.0,,0.013013013013,0,-1.32574844258,-0.0752663153184,5,472
752,0,4.46473532066,0.0,,0.012012012012,0,-0.131489441272,-0.140796355521,5,59
753,0,5.970541625,0.0,,0.013013013013,0,0.0421825974225,0.843993832728,5,247
754,0,6.22334177163,1.0,,0.012012012012,0,0.529804426509,-0.366071507901,5,239
755,0,5.70868053974,0.0,,0.013013013013,0,0.230791398325,0.0163063447616,5,323
756,0,5.77261877471,0.0,,0.00900900900901,0,0.300167722088,-0.127884391556,5,41
757,0,6.74088622428,0.0,,0.013013013013,0,0.33600662301,0.732866355246,5,471
758,0,3.04966715158,0.0,,0.014014014014,0,-0.316121212886,-1.00196920976,5,496
759,0,2.30331416669,1.0,,0.00800800800801,0,-0.416146901543,-1.44824512868,5,555
760,0,8.57730197771,0.0,,0.012012012012,0,1.23720693479,-0.134318826652,5,493
761,0,9.09234907645,1.0,,0.012012012012,0,1.7069720738,-1.02856714494,5,94
762,0,4.46143734989,1.0,,0.012012012012,0,0.302205217194,-1.44517830169,5,504
763,0,10.4810151855,1.0,,0.012012012012,0,1.93271273075,-0.317123006755,5,554
764,0,8.06694794696,2.0,,0.011011011011,0,0.537698355062,1.45385288178,5,568
765,0,1.99412315842,1.0,,0.011011011011,0,-0.851233524433,-0.452176268277,5,75
766,0,3.47392971648,2.0,,0.012012012012,0,-0.69710434515,0.565242751926,5,318
767,0,6.50760407071,3.0,,0.00900900900901,0,0.59956884399,-0.291102461255,5,449
768,0,6.32080059953,2.0,,0.012012012012,0,0.682559177877,-0.726876934103,5,230
769,1,-0.534803934402,,0.0,0.011011011011,1,-1.79104042975,-0.161682645146,5,13
770,0,4.13128285547,3.0,,0.013013013013,0,-0.614254381081,0.974045998711,5,292
771,0,7.55019660875,4.0,,0.014014014014,0,0.599891725117,0.750521433402,5,332
772,1,-2.34605342918,,0.0,0.01001001001,1,-2.94012145886,1.47431094741,5,79
773,1,2.75424161907,2.0,4.0,0.014014014014,0,-0.428023971591,-0.96168646616,5,89
774,0,5.74544353995,3.0,,0.012012012012,0,0.0819343906855,0.499640367897,5,445
775,0,6.10841949481,3.0,,0.012012012012,0,-0.13921596224,1.52606738152,5,23
776,0,8.49357678031,3.0,,0.013013013013,0,1.18919075853,-0.0739954952686,5,195
777,0,1.995917322,1.0,,0.011011011011,0,-1.13343226177,0.396214107301,5,10
778,0,8.97842723241,2.0,,0.013013013013,0,1.76651332384,-1.3211127391,5,5
779,0,5.45078242687,1.0,,0.013013013013,0,0.358300566159,-0.624119271608,5,78
780,0,6.92925389447,1.0,,0.012012012012,0,0.525065895492,0.35405620799,5,449
781,0,2.29379470006,0.0,,0.012012012012,0,-0.885939148323,-0.0483878549674,5,209
782,0,2.42828120876,0.0,,0.012012012012,0,-1.04832018434,0.573241761784,5,170
783,0,0.776386635865,0.0,,0.012012012012,0,-0.93057671198,-1.4318832282,5,21
784,0,0.154330015479,0.0,,0.012012012012,0,-1.6764534524,0.183690372664,5,283
785,0,3.14688124751,1.0,,0.011011011011,0,-0.357380915085,-0.780976007239,5,91
786,0,6.10814717517,1.0,,0.013013013013,0,0.369789451393,-0.00122117901255,5,177
787,0,7.3736406559,1.0,,0.012012012012,0,0.697808630718,0.280214763749,5,225
788,0,6.15597046654,2.0,,0.011011011011,0,0.392855664407,-0.0225965266776,5,282
789,0,4.97168048031,2.0,,0.012012012012,0,0.204212375568,-0.640956646394,5,138
790,0,6.28125335097,3.0,,0.011011011011,0,0.259451606568,0.502898531268,5,207
791,1,2.92320183352,1.0,3.0,0.012012012012,0,-0.666370676747,-0.0776861362331,5,262
792,0,10.678982724,5.0,,0.012012012012,0,1.9146798401,-0.0650567962716,5,13
793,0,7.31613152388,4.0,,0.011011011011,0,1.31449873855,-1.62736469178,5,126
794,1,2.54926710309,2.0,3.0,0.012012012012,1,-1.00943708303,0.577578352163,5,252
795,0,10.8151563684,6.0,,0.011011011011,0,2.66948517968,-2.19329917067,5,185
796,1,-2.88839110889,,0.0,0.014014014014,1,-2.58442321141,-0.135121474649,5,49
797,1,3.23334632056,3.0,4.0,0.012012012012,1,-0.859821314855,0.812810265127,5,248
798,1,4.83618574966,4.0,9.0,0.012012012012,0,-0.257231648027,0.607880693744,5,264
799,1,5.6664349712,4.0,6.0,0.013013013013,0,-0.469040680969,2.07355701411,5,255
800,1,5.93202033968,4.0,6.0,0.014014014014,0,0.243660454119,0.201038977319,5,226
801,1,7.22091874647,6.0,9.0,0.012012012012,0,0.65904693076,0.243777954188,5,256
802,1,2.41033355868,2.0,3.0,0.012012012012,1,-1.09911941172,0.707691793841,5,172
803,1,4.97161794385,1.0,5.0,0.012012012012,0,0.412881680887,-1.26702709882,5,195
804,1,10.9107683145,9.0,11.0,0.012012012012,0,1.51985625289,1.35119955578,5,261
805,1,-4.31016570807,,0.0,0.013013013013,1,-3.23648601717,0.399292343446,5,137
806,1,2.31527020762,0.0,4.0,0.013013013013,0,-0.943957917218,0.147143959274,5,181
807,1,3.85465192278,1.0,4.0,0.012012012012,0,-0.675055231123,0.879817616146,5,186
808,1,1.02012266228,1.0,3.0,0.012012012012,0,-1.380649898,0.162072356287,5,168
809,1,4.09476000475,1.0,8.0,0.011011011011,0,0.0515648176219,-1.05993444812,5,239
810,1,1.14984075066,1.0,2.0,0.012012012012,1,-1.40339640598,0.360029968598,5,139
811,1,4.90419596624,4.0,6.0,0.013013013013,0,0.175237806636,-0.621517453671,5,201
812,1,5.00339613641,3.0,7.0,0.013013013013,0,-0.133221686602,0.403061196217,5,212
813,1,6.88898852399,5.0,7.0,0.014014014014,0,0.31562621853,0.942109868404,5,211
814,1,0.242049715968,,2.0,0.013013013013,0,-1.50106759659,-0.254747494251,5,91
815,1,6.82521974592,2.0,8.0,0.011011011011,0,0.403841438134,0.613695431514,5,251
816,1,3.74218148224,3.0,5.0,0.011011011011,0,-1.00392543357,1.75395778296,5,222
817,1,7.2750989419,4.0,8.0,0.013013013013,0,0.70642291142,0.155830207645,5,245
818,1,-0.660767890988,,0.0,0.012012012012,1,-1.9759019029,0.266937817719,5,2
819,1,2.22932906497,1.0,3.0,0.01001001001,0,-0.825094389421,-0.295387766763,5,229
820,0,11.21303074,9.0,,0.012012012012,0,2.55726758445,-1.45877201338,5,480
821,1,1.60260389756,1.0,4.0,0.011011011011,0,-0.716037533847,-1.2492835009,5,244
822,1,4.62280372051,2.0,5.0,0.012012012012,0,0.0317634928171,-0.472486757946,5,238
823,0,10.9809080889,7.0,,0.012012012012,0,1.82772994464,0.497718254939,5,481
824,1,2.15639911271,2.0,3.0,0.012012012012,1,-1.03288029865,0.255040008656,5,235
825,0,6.81245579178,4.0,,0.013013013013,0,0.172573780066,1.29473445158,5,361
826,0,8.49280452457,4.0,,0.012012012012,0,1.5548651444,-1.17179090863,5,73
827,0,10.8141913203,5.0,,0.013013013013,0,1.4233224136,1.5442240795,5,348
828,1,-1.32442700727,,0.0,0.012012012012,1,-2.12838458056,0.0607267343951,5,1
829,0,5.46180770489,3.0,,0.015015015015,0,-0.327599242977,1.44460543382,5,318
830,0,4.11909188104,2.0,,0.012012012012,0,0.0168188553998,-0.931364685159,5,313
831,0,6.50270953468,2.0,,0.01001001001,0,0.0199523260195,1.44285255662,5,260
832,0,3.44417513522,2.0,,0.013013013013,0,-0.825675516746,0.921201685464,5,71
833,0,4.53852597958,2.0,,0.012012012012,0,-0.699038706067,1.63564209778,5,344
834,0,4.83854478708,1.0,,0.012012012012,0,-0.215929025848,0.486331864622,5,304
835,0,10.523298881,0.0,,0.01001001001,0,1.65134495386,0.5692640194,5,309
836,0,3.69211667432,0.0,,0.013013013013,0,-0.241460731761,-0.583501130391,5,319
837,0,1.54277227481,1.0,,0.011011011011,0,-1.01910372386,-0.3999165536,5,14
838,0,8.91812844272,1.0,,0.011011011011,0,1.66428973725,-1.07474076903,5,307
839,0,2.95736403305,1.0,,0.014014014014,0,-0.707814576962,0.0808077639342,5,292
840,0,7.07136589879,1.0,,0.012012012012,0,0.799798240057,-0.328028821378,5,291
841,0,4.81436869007,1.0,,0.012012012012,0,0.0304771839308,-0.277062861723,5,265
842,0,6.55682926966,1.0,,0.013013013013,0,0.421570862219,0.292116683007,5,298
843,1,-0.67434454001,,0.0,0.013013013013,1,-1.58148303603,-0.929895431912,5,21
844,0,6.06084360916,2.0,,0.012012012012,0,0.293950123902,0.178993237451,5,312
845,0,6.05153956977,2.0,,0.011011011011,0,0.34382447529,0.0200661438957,5,278
846,0,7.0785315259,2.0,,0.012012012012,0,1.10748795554,-1.2439323407,5,316
847,0,10.4802648883,2.0,,0.011011011011,0,1.89255221166,-0.197391746644,5,231
848,1,0.614783607702,,1.0,0.011011011011,0,-1.1803614734,-0.844131972111,5,96
849,0,3.79127420733,2.0,,0.011011011011,0,-0.628712320907,0.677411170046,5,27
850,0,8.79008731375,1.0,,0.012012012012,0,1.31141749087,-0.144165158852,5,248
851,0,5.25052045624,1.0,,0.012012012012,0,-0.228725503074,0.936696965458,5,293
852,0,7.32761255112,3.0,,0.013013013013,0,1.40648951643,-1.89185599818,5,154
853,0,5.95221685988,4.0,,0.014014014014,0,0.113003754845,0.61320559535,5,146
854,0,5.57160674375,2.0,,0.011011011011,0,0.0291466425255,0.48416681617,5,157
855,0,5.21822658784,2.0,,0.011011011011,0,-0.0842958400939,0.471114108123,5,206
856,0,6.30156197212,2.0,,0.012012012012,0,-0.212428263024,1.93884676119,5,107
857,0,7.04238774251,2.0,,0.013013013013,0,0.462386583294,0.655227992631,5,118
858,1,1.88183534575,1.0,2.0,0.011011011011,1,-0.2263173597,-2.43921257515,5,155
859,1,1.38514739581,1.0,2.0,0.013013013013,1,-0.664734404192,-1.62064939161,5,145
860,0,4.29447199551,3.0,,0.01001001001,0,-0.404407479307,0.507694433429,5,161
861,0,6.27998013604,3.0,,0.011011011011,0,0.232355983494,0.58291218556,5,98
862,0,5.47487143963,4.0,,0.012012012012,0,-0.0880482289661,0.739016126533,5,111
863,0,7.08414659412,4.0,,0.011011011011,0,0.203353552213,1.47408593748,5,107
864,1,-3.0877314597,,0.0,0.012012012012,1,-2.89227145462,0.589082904158,5,87
865,0,11.4819475331,4.0,,0.015015015015,0,2.56966360805,-1.22704329105,5,193
866,0,5.92666678607,2.0,,0.013013013013,0,-0.24285553609,1.65523339434,5,124
867,0,6.64015583855,2.0,,0.013013013013,0,0.931785914785,-1.1552019058,5,409
868,1,1.49638508908,1.0,2.0,0.012012012012,1,-0.657085955008,-1.53235704589,5,119
869,0,7.40149463873,4.0,,0.01001001001,0,0.414104601426,1.15918083446,5,613
870,0,12.3547732887,7.0,,0.011011011011,0,2.40074873755,0.152527076075,5,405
871,0,6.41781597965,5.0,,0.012012012012,0,0.367415121527,0.315570615065,5,397
872,0,7.6099203419,5.0,,0.014014014014,0,0.465337410913,1.21390810916,5,570
873,1,2.6340605994,2.0,3.0,0.011011011011,1,-0.773487058152,-0.0454782261461,5,123
874,1,-0.448649511428,,1.0,0.013013013013,0,-1.13851041244,-2.0331182741,5,117
875,1,-0.151472569043,,0.0,0.012012012012,1,-1.51633727536,-0.602460742959,5,12
876,1,1.82777988027,1.0,3.0,0.011011011011,0,-0.640914987631,-1.24947515683,5,163
877,0,4.33710083119,3.0,,0.013013013013,0,-0.744340265725,1.57012162836,5,606
878,0,6.6794284402,4.0,,0.013013013013,0,0.599165220553,-0.11806722146,5,594
879,0,10.5969518364,5.0,,0.012012012012,0,1.84081804708,0.0744976951615,5,586
880,0,8.68983459963,2.0,,0.011011011011,0,0.573394462481,1.96965121218,5,596
881,0,8.4143472589,2.0,,0.012012012012,0,0.368809880217,2.30791761825,5,605
882,0,2.93926909963,1.0,,0.012012012012,0,-0.67764952718,-0.0277823188258,5,573
883,0,9.61772047432,1.0,,0.013013013013,0,1.77108791997,-0.695543285586,5,587
884,0,7.74271916145,0.0,,0.01001001001,0,0.941816862438,-0.0827314258672,5,599
885,0,5.38561078782,0.0,,0.013013013013,0,0.0214967445198,0.321120554259,5,41
886,0,1.40319677041,1.0,,0.01001001001,0,-0.657059716265,-1.62562408079,5,559
887,0,6.35533336854,0.0,,0.012012012012,0,0.820972435412,-1.10758393769,5,566
888,0,4.3002293792,0.0,,0.013013013013,0,-0.522255764604,0.86699667301,5,563
889,0,2.3787757559,0.0,,0.012012012012,0,-0.873518565362,-0.000668548016949,5,564
890,0,8.21758388868,0.0,,0.011011011011,0,0.7841017371,0.865278677384,5,561
891,0,9.3067086631,1.0,,0.012012012012,0,1.28924566125,0.438971679352,5,121
892,0,8.06181252966,1.0,,0.011011011011,0,0.856805560697,0.491395847573,5,558
893,0,4.49443028718,2.0,,0.011011011011,0,-0.221241535388,0.158154893346,5,590
894,0,7.3941642152,3.0,,0.013013013013,0,0.773945876589,0.0723265854327,5,557
895,0,3.00216138661,2.0,,0.013013013013,0,-0.931449546591,0.796510026383,5,560
896,0,6.81357408873,3.0,,0.013013013013,0,0.746502162771,-0.425932399578,5,128
897,1,1.94109742737,1.0,2.0,0.012012012012,1,-0.921166974393,-0.29540164945,5,260
898,1,-2.61939765506,,0.0,0.011011011011,1,-2.48512815827,-0.164013180257,5,11
899,0,3.33029006663,2.0,,0.013013013013,0,-0.416761190851,-0.419426360816,5,562
900,0,4.27188582514,2.0,,0.011011011011,0,-0.233494736491,-0.0276299653867,5,567
901,0,3.84025380477,2.0,,0.011011011011,0,-0.641588724894,0.765019979452,5,40
902,0,9.01469527633,1.0,,0.011011011011,0,1.11354788792,0.674051612567,5,221
903,0,5.95742354576,3.0,,0.01001001001,0,-0.124351388771,1.33047771208,5,551
904,0,4.19410198412,1.0,,0.011011011011,0,0.493213874399,-2.28553963908,5,553
905,0,3.58989061499,1.0,,0.012012012012,0,0.230541214684,-2.10173302906,5,22
906,0,5.72988864783,2.0,,0.014014014014,0,0.83579720956,-1.77750298085,5,578
907,0,5.04250025936,1.0,,0.011011011011,0,-0.383558648135,1.19317620376,5,556
908,0,2.48916728933,0.0,,0.012012012012,0,-0.719975750611,-0.35090545884,5,552
909,0,3.88788118023,0.0,,0.013013013013,0,-1.06837736221,2.09301326687,5,548
910,0,5.09817026052,1.0,,0.011011011011,0,0.00973804712835,0.0689561191308,5,549
911,0,6.1242021518,1.0,,0.01001001001,0,0.556258067264,-0.544572049997,5,545
912,0,6.91335206639,1.0,,0.012012012012,0,0.45043853945,0.562036448036,5,550
913,0,5.22800013052,0.0,,0.011011011011,0,0.396371596827,-0.961114659965,5,574
914,0,9.41653547535,2.0,,0.01001001001,0,1.57482270853,-0.307932650226,5,544
915,0,10.1179452522,1.0,,0.00900900900901,0,1.48945381135,0.649583818163,5,2
916,0,3.0868934786,1.0,,0.013013013013,0,-0.626456247714,-0.0337377782601,5,547
917,0,2.44188827565,0.0,,0.012012012012,0,-1.13949876318,0.860384565189,5,153
918,0,1.1964189773,1.0,,0.011011011011,0,-1.44012899073,0.516805949494,5,263
919,0,5.40545735165,1.0,,0.012012012012,0,0.0963136422031,0.116516425042,5,69
920,1,0.0839758900036,0.0,1.0,0.013013013013,1,-1.51648493923,-0.366569292294,5,146
921,0,4.26518882603,1.0,,0.012012012012,0,-0.785759895577,1.62246851276,5,191
922,0,4.65028377939,1.0,,0.011011011011,0,0.177890611178,-0.883388054141,5,202
923,0,3.56381274393,2.0,,0.012012012012,0,-0.571831555728,0.279307411111,5,203
924,0,8.75426372495,1.0,,0.012012012012,0,0.72290645518,1.58554435941,5,276
925,0,4.06114874851,2.0,,0.01001001001,0,0.134085716157,-1.34110839996,5,391
926,0,6.50182909402,1.0,,0.011011011011,0,0.53273933278,-0.0963889043177,5,31
927,0,2.67925736654,0.0,,0.01001001001,0,-0.297494125592,-1.42826025668,5,288
928,0,3.74984635172,1.0,,0.014014014014,0,-0.417633009758,0.00274538099197,5,53
929,0,7.55047084135,0.0,,0.012012012012,0,0.623082832496,0.681222343858,5,338
930,0,10.8531528075,0.0,,0.013013013013,0,1.56948370969,1.14470167843,5,37
931,0,7.36241952461,0.0,,0.011011011011,0,0.318703780692,1.40630818254,5,282
932,0,3.56974206782,0.0,,0.013013013013,0,-0.139716011415,-1.01110989793,5,53
933,0,6.42837106072,0.0,,0.011011011011,0,0.0177063652773,1.37525196489,5,185
934,0,2.67159640148,1.0,,0.012012012012,0,-0.789841577011,0.0411211325111,5,33
935,0,7.78085225864,1.0,,0.014014014014,0,0.832350501244,0.283800754905,5,626
936,0,5.75325854559,3.0,,0.012012012012,0,-0.358361891645,1.82834422053,5,31
937,0,3.53745188962,2.0,,0.012012012012,0,-0.600486429315,0.338911177564,5,202
938,0,5.29059313998,3.0,,0.011011011011,0,0.222950273425,-0.378257680293,5,62
939,0,6.05528161357,3.0,,0.012012012012,0,0.663665133592,-0.9357137872,5,84
940,1,0.977554750849,,1.0,0.012012012012,0,-1.19232863387,-0.445459347555,5,36
941,0,4.50603363364,3.0,,0.013013013013,0,0.0159891590609,-0.541933843543,5,49
942,1,3.14535844316,3.0,4.0,0.013013013013,1,-0.448594008635,-0.508859530934,5,259
943,1,-0.0178600613165,,0.0,0.012012012012,1,-1.52523613846,-0.442151645923,5,15
944,0,6.15165293289,4.0,,0.012012012012,0,0.0475837775613,1.00890160021,5,57
945,0,6.92125747821,3.0,,0.011011011011,0,0.375036311057,0.796148545037,5,124
946,0,4.72217221805,3.0,,0.011011011011,0,0.373543611431,-1.39845861624,5,623
947,0,8.02223020483,2.0,,0.01001001001,0,0.845407531823,0.486007609363,5,117
948,0,2.84872198984,1.0,,0.011011011011,0,-0.646603298831,-0.211468113667,5,81
949,0,10.215860614,2.0,,0.011011011011,0,1.82499283759,-0.25911789877,5,45
950,1,-0.640722519906,,0.0,0.01001001001,1,-1.77238138278,-0.323578371579,5,102
951,0,3.83169975052,0.0,,0.00900900900901,0,-0.15121347134,-0.714659835463,5,122
952,0,1.0472631396,1.0,,0.012012012012,0,-1.74620430725,1.28587606135,5,127
953,0,2.89078830729,1.0,,0.012012012012,0,-0.135157112621,-1.70374035484,5,197
954,0,8.65686828655,1.0,,0.014014014014,0,0.908547613019,0.931225447494,5,122
955,0,3.31358005118,2.0,,0.012012012012,0,-0.602594631653,0.121363946138,5,129
956,0,3.05886106025,1.0,,0.011011011011,0,-0.875929820865,0.686650522848,5,139
957,0,3.4733061688,0.0,,0.012012012012,0,0.272250510375,-2.34344536233,5,116
958,0,3.30236459621,1.0,,0.012012012012,0,-0.21174934644,-1.06238736447,5,69
959,0,7.00927104498,1.0,,0.012012012012,0,0.883884628288,-0.642382839887,5,32
960,0,5.27005778053,2.0,,0.012012012012,0,0.0957254113038,-0.0171184533769,5,35
961,0,5.21056586489,1.0,,0.011011011011,0,-0.0667016020822,0.410670671134,5,174
962,0,8.82831270566,1.0,,0.012012012012,0,1.40026264299,-0.3724752233,5,54
963,0,8.53963353481,1.0,,0.013013013013,0,0.938410358549,0.724402459163,5,74
964,1,-0.966965216843,,0.0,0.011011011011,1,-1.91176476495,-0.231670921999,5,44
965,0,2.54002035554,2.0,,0.013013013013,0,-0.419030794546,-1.20288726082,5,62
966,0,9.22461469955,1.0,,0.011011011011,0,0.929508223364,1.43609002946,5,68
967,0,8.64609278331,3.0,,0.011011011011,0,1.07915396466,0.408630889344,5,598
968,0,5.35488110983,3.0,,0.014014014014,0,-0.42523864885,1.63059705638,5,76
969,0,4.08812305691,4.0,,0.011011011011,0,-0.466999482953,0.489121505771,5,575
970,0,8.60866956272,4.0,,0.011011011011,0,1.19797994544,0.0147297264021,5,565
971,0,5.49182191545,3.0,,0.012012012012,0,0.392935903837,-0.68698579606,5,12
972,1,1.27675840753,1.0,2.0,0.014014014014,1,-1.10270974002,-0.4151123724,5,97
973,1,3.14906850404,3.0,4.0,0.011011011011,1,-0.113811695462,-1.50949640957,5,249
974,0,7.27083067289,5.0,,0.011011011011,0,1.11710214781,-1.08047577055,5,218
975,1,4.0380745346,4.0,5.0,0.013013013013,1,-0.442507165278,0.365596030432,5,231
976,0,7.02651688059,7.0,,0.01001001001,0,-0.0369045926028,2.13723065839,5,572
977,0,13.6068320197,7.0,,0.012012012012,0,2.26557259981,1.81011422031,5,585
978,1,-4.55466210949,,1.0,0.012012012012,0,-2.64530690763,-1.61874138659,5,58
979,1,3.17145252354,3.0,5.0,0.011011011011,0,-0.615558004766,0.0181265378361,5,151
980,1,-0.286216211181,,0.0,0.013013013013,1,-1.30417571192,-1.37368907541,5,28
981,1,2.00385180759,2.0,3.0,0.013013013013,1,-0.736526980267,-0.786567251606,5,134
982,0,6.39685754216,6.0,,0.013013013013,0,0.377780680813,0.26351549972,5,356
983,0,10.0020256136,5.0,,0.011011011011,0,1.20514877746,1.38657928118,5,392
984,1,-1.80541040723,,2.0,0.012012012012,0,-2.26363332644,-0.0145104279116,5,77
985,1,1.85321440005,,2.0,0.012012012012,0,-1.31084105929,0.785737577904,5,113
986,0,7.96340804094,4.0,,0.012012012012,0,1.11537899917,-0.382728956572,5,342
987,0,3.15850243915,3.0,,0.013013013013,0,-0.717970114826,0.312412783628,5,354
988,0,4.80647188052,3.0,,0.013013013013,0,-0.280412773002,0.647710199527,5,351
989,0,2.13513759446,2.0,,0.013013013013,0,-0.819628176549,-0.405977875892,5,358
990,0,6.5869139068,2.0,,0.012012012012,0,0.639998365349,-0.333081189252,5,370
991,0,7.22469693038,2.0,,0.014014014014,0,0.979266315316,-0.713102015571,5,338
992,0,6.17507108058,1.0,,0.012012012012,0,-0.0361662964758,1.28356997,5,410
993,0,3.49349974103,2.0,,0.013013013013,0,-0.881223217467,1.13716939343,5,365
994,0,5.2914817022,1.0,,0.012012012012,0,-0.113249239304,0.63122942011,5,374
995,0,4.35694983809,1.0,,0.012012012012,0,-0.0725385112634,-0.425434628119,5,335
996,0,5.80963623866,1.0,,0.012012012012,0,0.390696962375,-0.362454648463,5,330
997,1,0.975624554376,,1.0,0.013013013013,0,-1.14284523717,-0.595839734102,5,62
998,0,6.74325217521,1.0,,0.012012012012,0,0.278533100182,0.907652874661,5,362
999,0,1.52897723807,0.0,,0.011011011011,0,-0.900838908286,-0.76850603707,5,364
