name,activated,threshold,before_activation_alters,after_activation_alters,degree,observed,var1,epsilon,constant,activation_order
0,1,9.06594726421,5.0,36.0,0.0820820820821,0,1.31381612138,0.124498900081,5,443
1,1,3.39241811517,3.0,35.0,0.0840840840841,0,-0.472737510092,-0.189369354555,5,306
2,1,3.48881006846,3.0,11.0,0.0950950950951,0,-0.0746331043354,-1.28729061853,5,81
3,1,4.95826799929,4.0,21.0,0.0560560560561,0,-0.214393064239,0.601447192004,5,244
4,1,2.73051344328,,12.0,0.0970970970971,0,-0.253330381781,-1.50949541137,5,92
5,1,4.78124657783,1.0,6.0,0.0680680680681,0,-0.0891709332487,0.0487593775712,5,97
6,1,7.70383946087,5.0,10.0,0.143143143143,0,0.145418045327,2.26758532488,5,70
7,1,8.60352006605,2.0,17.0,0.113113113113,0,0.970624907831,0.691645342555,5,140
8,1,4.67466174927,,8.0,0.0760760760761,0,-0.501157284511,1.17813360281,5,72
9,1,0.935042838029,,4.0,0.117117117117,0,-1.26919555718,-0.257370490424,5,24
10,1,1.65978511125,,46.0,0.106106106106,0,-1.15547962901,0.126223998293,5,364
11,1,5.5173976162,3.0,35.0,0.11011011011,0,0.879992737478,-2.12258059624,5,226
12,1,5.25744522344,,57.0,0.117117117117,0,0.685186930253,-1.79811556731,5,418
13,1,0.957516283912,,8.0,0.0540540540541,0,-0.754918562302,-1.77772802918,5,119
14,1,1.52855069527,,4.0,0.11011011011,0,-1.49323762536,1.00826357135,5,54
15,1,4.07362110497,,16.0,0.0740740740741,0,-0.0529601371182,-0.767498483672,5,215
16,1,7.85858618957,5.0,8.0,0.0640640640641,0,1.03867173257,-0.257429008127,5,112
17,1,5.66641051931,5.0,14.0,0.0640640640641,0,0.991721472089,-2.30875389695,5,150
18,1,5.54125024217,3.0,8.0,0.034034034034,0,0.266511097964,-0.258283051726,5,186
19,1,1.78110234886,0.0,2.0,0.0520520520521,0,-0.0857650673402,-2.96160244912,5,26
20,1,3.91633710788,2.0,4.0,0.0540540540541,0,-0.684117264995,0.968688902867,5,93
21,1,0.620835862368,0.0,9.0,0.0710710710711,0,-1.63108730854,0.514097787997,5,89
22,1,3.39275985426,2.0,6.0,0.019019019019,0,0.296089172246,-2.49550766248,5,108
23,1,6.75827423668,4.0,14.0,0.029029029029,0,0.482139816319,0.311854787722,5,392
24,1,4.19274782729,0.0,8.0,0.044044044044,0,-0.21107211647,-0.174035823298,5,128
25,1,5.54200069428,,7.0,0.02002002002,0,0.415914340832,-0.705742328216,5,190
26,1,5.13324493667,5.0,6.0,0.014014014014,1,0.16028725682,-0.347616833793,5,205
27,1,3.20714276292,1.0,4.0,0.025025025025,0,-0.29480879056,-0.908430865403,5,124
28,1,1.58346445403,1.0,4.0,0.032032032032,0,-1.14564059404,0.0203862361515,5,77
29,1,-2.12598253258,,0.0,0.017017017017,1,-2.56252403105,0.561589560562,5,2
30,1,8.19898600354,6.0,9.0,0.013013013013,0,0.360410106817,2.11775568309,5,450
31,1,0.55362459518,,10.0,0.029029029029,0,-1.41589472252,-0.198691237269,5,174
32,1,4.60434015204,1.0,5.0,0.034034034034,0,0.346881833819,-1.43630534942,5,131
33,1,4.32552733834,,11.0,0.041041041041,0,0.10103477725,-0.97757699341,5,157
34,1,8.30480506877,5.0,17.0,0.035035035035,0,0.680514575235,1.26326134306,5,460
35,1,8.92130195538,0.0,13.0,0.019019019019,0,0.774009625818,1.59927307793,5,365
36,1,3.14856428546,0.0,7.0,0.044044044044,0,-0.583027750037,-0.102352464432,5,123
37,1,10.3118091743,4.0,18.0,0.046046046046,0,1.50661403124,0.791967080612,5,404
38,1,5.47192315455,5.0,6.0,0.044044044044,1,0.422472346729,-0.795493885637,5,95
39,1,1.78309442997,,3.0,0.026026026026,0,-1.2585062197,0.55861308907,5,82
40,1,6.09040229905,5.0,7.0,0.018018018018,0,1.03426639625,-2.0123968897,5,167
41,1,6.45584954405,,19.0,0.0570570570571,0,0.419430699295,0.197557446169,5,269
42,1,0.31480484208,,1.0,0.03003003003,0,-0.809540481664,-2.25657371293,5,65
43,1,5.1806826891,5.0,10.0,0.029029029029,0,0.44155333985,-1.14397733045,5,206
44,1,9.8305970459,4.0,18.0,0.0510510510511,0,1.2883279604,0.965613164705,5,271
45,1,-1.67892248749,,1.0,0.028028028028,0,-1.44608765935,-2.34065950946,5,28
46,1,6.8255591758,1.0,8.0,0.024024024024,0,0.736891262462,-0.385114611587,5,259
47,1,1.21452354001,0.0,3.0,0.022022022022,0,-1.01452696315,-0.741895570537,5,156
48,1,5.04450798846,0.0,10.0,0.029029029029,0,0.0358651911284,-0.0630875849243,5,214
49,1,5.64834281951,4.0,11.0,0.022022022022,0,0.242102196754,-0.0779637707503,5,301
50,1,5.54095727428,,14.0,0.022022022022,0,0.132736053624,0.142749113405,5,370
51,1,6.96130880304,5.0,15.0,0.027027027027,0,-0.168367416796,2.46641105343,5,388
52,1,1.82123035583,0.0,8.0,0.028028028028,0,-0.341257975319,-2.15499571822,5,362
53,1,6.28294978305,6.0,9.0,0.021021021021,0,0.355076300172,0.217720882534,5,254
54,1,1.34453570462,0.0,5.0,0.019019019019,0,-0.548976646146,-2.00853435695,5,142
55,1,2.83328028595,2.0,4.0,0.019019019019,0,-0.0720528822007,-1.95056106744,5,109
56,1,3.82266117926,,8.0,0.031031031031,0,-0.907334409504,1.54466440778,5,250
57,1,-1.02995082137,,0.0,0.011011011011,1,-2.15876003631,0.446329287565,5,43
58,1,6.98645254687,6.0,8.0,0.013013013013,0,1.03152490274,-1.10812216134,5,434
59,1,0.881748018353,,1.0,0.021021021021,0,-1.03413902409,-1.01583490937,5,63
60,1,3.41125983226,0.0,6.0,0.012012012012,0,-0.632110767205,0.307592133875,5,237
61,1,5.46627625469,0.0,8.0,0.016016016016,0,-1.31604787062,4.41441986655,5,294
62,1,1.68746940905,0.0,7.0,0.016016016016,0,-1.506831347,1.20796345004,5,386
63,1,3.01415552394,0.0,6.0,0.023023023023,0,-0.126730580272,-1.60565273524,5,220
64,1,5.87369622487,,8.0,0.028028028028,0,1.05470836293,-2.29042886392,5,130
65,1,5.63063197728,3.0,7.0,0.019019019019,0,-0.459391413636,2.00880621818,5,380
66,1,-3.64436805255,,2.0,0.022022022022,0,-1.94114532206,-2.82093208637,5,62
67,0,10.1236734481,10.0,,0.018018018018,0,1.18926856934,1.55586774008,5,314
68,1,6.37360651396,3.0,17.0,0.046046046046,0,0.198068821792,0.779400048581,5,222
69,1,7.56031235094,2.0,12.0,0.026026026026,0,0.913492567567,-0.180165351759,5,394
70,1,5.49642813867,,11.0,0.033033033033,0,0.0146340219236,0.452526072896,5,267
71,1,0.27839706782,,4.0,0.023023023023,0,-1.06047540413,-1.54017671978,5,33
72,1,3.3310923608,2.0,6.0,0.026026026026,0,0.46153568527,-3.05351469501,5,241
73,1,4.79629193999,0.0,6.0,0.016016016016,0,0.0849406972373,-0.458530151718,5,273
74,1,5.95567711616,4.0,9.0,0.013013013013,0,0.844067519829,-1.57652544333,5,596
75,1,1.08654178917,1.0,6.0,0.026026026026,0,-0.772111788989,-1.59712284386,5,104
76,1,10.4145028132,10.0,11.0,0.023023023023,1,0.898748881186,2.71825616962,5,314
77,1,-1.92071128707,,1.0,0.016016016016,0,-1.75197137002,-1.664797177,5,56
78,1,9.93219420147,7.0,10.0,0.029029029029,0,0.717493943463,2.77971237108,5,363
79,1,5.01871138504,1.0,11.0,0.017017017017,0,0.339326572612,-0.999268332793,5,466
80,1,4.95333033889,2.0,5.0,0.014014014014,0,0.342651424803,-1.07462393552,5,160
81,1,2.62873720195,,10.0,0.029029029029,0,-0.971445901065,0.543074905147,5,151
82,1,10.6991895759,4.0,11.0,0.021021021021,0,0.966784630806,2.79883568343,5,431
83,1,3.15457665065,1.0,4.0,0.017017017017,0,-0.397325026503,-0.653448269839,5,132
84,0,10.8183901672,9.0,,0.012012012012,0,1.81072664173,0.386210242016,5,169
85,1,7.41993452182,7.0,8.0,0.012012012012,1,0.601007085438,0.616913265505,5,493
86,0,12.2893470883,10.0,,0.017017017017,0,1.74875081036,2.04309465726,5,472
87,1,5.25074334223,5.0,6.0,0.015015015015,1,-0.098333026957,0.545742423103,5,389
88,1,5.70919567958,4.0,6.0,0.011011011011,0,0.573391820262,-1.0109797812,5,409
89,1,5.61298931352,5.0,9.0,0.017017017017,0,0.962400610177,-2.27421251701,5,415
90,1,8.72453509535,8.0,9.0,0.012012012012,1,0.287648940103,2.86158827504,5,653
91,1,6.01404034702,6.0,7.0,0.012012012012,1,0.38378564298,-0.137316581923,5,470
92,1,1.05183496493,0.0,5.0,0.015015015015,0,-1.62804723442,0.93597666819,5,154
93,1,3.33203334799,2.0,7.0,0.012012012012,0,-0.699388828521,0.430199833553,5,287
94,1,-0.741163400597,,0.0,0.02002002002,1,-1.08183085606,-2.49567083242,5,5
95,1,4.37235426271,4.0,5.0,0.014014014014,1,0.32218249462,-1.59419322115,5,197
96,1,7.15976322633,6.0,9.0,0.017017017017,0,0.152135767128,1.70335592495,5,395
97,1,9.50616823325,2.0,11.0,0.025025025025,0,1.68150703893,-0.538352883545,5,263
98,1,8.80893688832,6.0,9.0,0.032032032032,0,0.230360684439,3.117854835,5,291
99,1,11.1523290275,11.0,15.0,0.03003003003,0,1.06327766247,2.96249604012,5,501
100,1,2.33052659095,0.0,6.0,0.018018018018,0,-0.418566478188,-1.41377397448,5,170
101,1,2.93944526423,1.0,5.0,0.025025025025,0,0.0376490448715,-2.17350187038,5,134
102,1,6.19379734336,6.0,7.0,0.016016016016,1,0.436668030466,-0.116206748037,5,342
103,1,8.40718881906,5.0,11.0,0.019019019019,0,0.864630833027,0.813296319975,5,313
104,1,10.3979391617,10.0,13.0,0.02002002002,0,1.694549603,0.314290352748,5,662
105,1,0.454164362785,,1.0,0.01001001001,0,-0.392333656254,-3.36883466845,5,21
106,1,-1.22439169945,,7.0,0.028028028028,0,-1.34439786922,-2.19119809178,5,265
107,1,4.95980776219,1.0,7.0,0.024024024024,0,0.129781894459,-0.429537921182,5,91
108,1,7.66710312859,4.0,11.0,0.029029029029,0,0.949163613841,-0.180387712933,5,378
109,1,2.58834768376,1.0,12.0,0.032032032032,0,-0.207084035868,-1.79040020864,5,339
110,1,13.4558750908,13.0,15.0,0.022022022022,0,2.39558488825,1.26912042606,5,654
111,1,3.57466520183,0.0,10.0,0.025025025025,0,-0.296135976212,-0.536926869531,5,274
112,1,8.52449809244,8.0,13.0,0.02002002002,0,0.446702142237,2.18439166573,5,401
113,0,10.1836374231,9.0,,0.017017017017,0,1.14194623222,1.75779872642,5,244
114,1,1.74077721652,0.0,9.0,0.013013013013,0,-1.11789405316,0.0944593760118,5,424
115,1,1.47069807109,1.0,5.0,0.012012012012,0,-1.39309892245,0.649994838437,5,161
116,1,-1.6260471267,,0.0,0.014014014014,1,-0.835031011056,-4.12095409353,5,49
117,1,2.06554232943,0.0,4.0,0.016016016016,0,0.0538628691644,-3.09604627807,5,138
118,1,4.80605292912,3.0,6.0,0.01001001001,0,0.323916869129,-1.16569767827,5,602
119,1,9.00230638008,8.0,12.0,0.017017017017,0,0.569649370241,2.29335826936,5,541
120,1,6.46104949765,4.0,9.0,0.017017017017,0,0.233050597578,0.761897704913,5,621
121,1,8.56018452317,6.0,9.0,0.014014014014,0,0.268740588487,2.75396275771,5,594
122,1,3.61321023658,3.0,6.0,0.01001001001,0,0.0624350844663,-1.57409501682,5,357
123,1,1.53644023206,,5.0,0.00800800800801,0,-0.752737718702,-1.20534661184,5,213
124,1,8.50801860025,7.0,9.0,0.012012012012,0,0.429436123957,2.21971022838,5,382
125,1,2.13859963634,0.0,5.0,0.013013013013,0,-1.10153592181,0.443207401768,5,188
126,1,7.44479548787,4.0,9.0,0.017017017017,0,0.450533538604,1.09319487206,5,355
127,1,7.37499298958,7.0,8.0,0.00900900900901,1,0.279416502642,1.53674348166,5,580
128,1,0.59035646139,,3.0,0.028028028028,0,-0.691221804485,-2.33597812515,5,96
129,1,3.11571190609,3.0,8.0,0.016016016016,0,-1.31629433795,2.06459491994,5,505
130,1,3.00572679328,2.0,4.0,0.012012012012,0,-0.0140487263277,-1.95212702773,5,242
131,1,5.13132675611,0.0,8.0,0.013013013013,0,-0.534971804581,1.73624216986,5,371
132,1,4.19740974519,1.0,7.0,0.015015015015,0,0.439715828688,-2.12173774088,5,155
133,1,7.62694107424,7.0,8.0,0.014014014014,1,0.890089235277,-0.0433266315894,5,649
134,1,5.90715650301,5.0,9.0,0.024024024024,0,-0.0708302850821,1.11964735826,5,462
135,1,3.74500667062,3.0,4.0,0.019019019019,1,-0.4421048608,0.0713212530185,5,74
136,1,5.99751581062,5.0,7.0,0.028028028028,0,0.387880438802,-0.166125505788,5,246
137,1,3.97022786401,,5.0,0.021021021021,0,-0.251902917063,-0.274063384802,5,125
138,1,3.01964631772,1.0,8.0,0.027027027027,0,-0.705494864224,0.136130910388,5,189
139,1,0.774875137393,,4.0,0.013013013013,0,-0.789960706609,-1.85524274278,5,281
140,1,3.09068357311,0.0,6.0,0.019019019019,0,-0.258923511399,-1.1325458927,5,255
141,1,8.5736011103,2.0,10.0,0.015015015015,0,0.401861580423,2.36801636903,5,433
142,1,1.39193731241,,7.0,0.021021021021,0,-1.26301425283,0.180980070901,5,168
143,0,8.06912133147,8.0,,0.00800800800801,0,1.3237766345,-0.902208572045,5,227
144,1,6.44951494185,5.0,7.0,0.01001001001,0,-0.0408295046838,1.5720034559,5,656
145,1,3.97493347332,3.0,5.0,0.022022022022,0,0.112489878617,-1.36253616253,5,280
146,1,8.53562422825,6.0,10.0,0.014014014014,0,1.36181568611,-0.549822830067,5,681
147,1,-1.22965272977,,4.0,0.01001001001,0,-0.785972460449,-3.87173534842,5,183
148,1,-0.577630216431,,5.0,0.013013013013,0,-0.547736869687,-3.93441960737,5,122
149,1,-3.08762098855,,10.0,0.031031031031,0,-2.20453914979,-1.47400353918,5,240
150,1,7.23420445636,7.0,10.0,0.017017017017,0,0.699291520575,0.136329894634,5,325
151,0,15.6384187755,11.0,,0.015015015015,0,2.62664960432,2.75846996255,5,186
152,1,5.07637794663,5.0,8.0,0.016016016016,0,0.232851163391,-0.622175543546,5,576
153,1,3.8726846677,2.0,4.0,0.019019019019,0,-0.0505366371652,-0.975705420805,5,103
154,0,8.78322338517,8.0,,0.011011011011,0,0.754670803513,1.51921097463,5,400
155,1,6.75712829586,4.0,8.0,0.012012012012,0,0.140377778493,1.33599496038,5,472
156,1,3.27738129569,3.0,4.0,0.01001001001,1,-0.107898129062,-1.39892431712,5,351
157,1,0.950776593175,0.0,7.0,0.024024024024,0,-1.68203350044,0.996877094505,5,137
158,1,6.07936743656,5.0,7.0,0.011011011011,0,0.432426510479,-0.217912094875,5,459
159,1,1.03832046857,0.0,5.0,0.011011011011,0,-1.18112345017,-0.418309180906,5,266
160,1,6.67127078172,6.0,7.0,0.013013013013,1,0.784487053811,-0.682190379712,5,411
161,1,4.42942926329,4.0,5.0,0.016016016016,1,-0.69050615366,1.50094772427,5,286
162,1,4.39559049608,4.0,7.0,0.018018018018,0,0.778935745065,-2.94121673912,5,428
163,1,3.44404783681,1.0,7.0,0.019019019019,0,-0.118327595375,-1.20096937707,5,341
164,1,4.81830265915,1.0,7.0,0.017017017017,0,-0.549856818297,1.46787311405,5,295
165,1,3.6618535357,0.0,5.0,0.011011011011,0,0.3943782756,-2.5212812911,5,229
166,1,7.34634347902,6.0,10.0,0.017017017017,0,-0.196923036212,2.93711258766,5,569
167,1,6.48443977333,6.0,7.0,0.00900900900901,1,0.358920169476,0.407679264899,5,540
168,1,2.43717296692,2.0,8.0,0.012012012012,0,-1.33241384296,1.4344144958,5,303
169,1,-2.11343790919,,1.0,0.011011011011,0,-1.87889905785,-1.47674073564,5,38
170,1,5.91496221923,5.0,7.0,0.012012012012,0,0.594448815914,-0.86838422851,5,527
171,1,7.34164141454,6.0,8.0,0.013013013013,0,0.670731051389,0.329448260369,5,537
172,1,7.87369095383,7.0,8.0,0.01001001001,1,0.913474616902,0.133267103123,5,646
173,1,3.73389367235,2.0,5.0,0.022022022022,0,-0.698305233686,0.828809373406,5,193
174,1,4.31540490874,3.0,5.0,0.014014014014,0,0.0472688074823,-0.826401513706,5,114
175,1,2.35203243187,,3.0,0.013013013013,0,-0.0990477342213,-2.35082436547,5,111
176,1,1.45704523659,0.0,3.0,0.011011011011,0,-0.864709014792,-0.948827719031,5,201
177,1,5.05613339891,1.0,6.0,0.016016016016,0,-0.677579462022,2.08887178497,5,309
178,1,5.63028386852,5.0,7.0,0.012012012012,0,0.478016620863,-0.803765994065,5,441
179,1,5.37464225318,1.0,9.0,0.017017017017,0,0.0603141524042,0.193699795966,5,405
180,1,6.8696709371,5.0,8.0,0.015015015015,0,1.38761934935,-2.29318711094,5,164
181,1,4.21819186817,3.0,5.0,0.00800800800801,0,-0.740967576965,1.44109459907,5,452
182,1,2.98986748533,2.0,5.0,0.017017017017,0,-0.402431111112,-0.802839181329,5,398
183,1,2.39423939333,2.0,4.0,0.00900900900901,0,-1.33225746919,1.3910118009,5,118
184,1,7.52444579491,5.0,8.0,0.02002002002,0,0.00169133411591,2.51937179256,5,369
185,1,-3.39262240354,,3.0,0.011011011011,0,-2.95350222931,0.46788428439,5,184
186,1,4.74785947545,0.0,5.0,0.01001001001,0,0.464987183017,-1.6471020736,5,144
187,1,9.26102723075,7.0,11.0,0.014014014014,0,1.18537732317,0.70489526124,5,563
188,1,5.01961823931,4.0,6.0,0.012012012012,0,0.189240527086,-0.548103341947,5,336
189,1,4.94895509655,2.0,5.0,0.00700700700701,0,0.664262504046,-2.04383241559,5,296
190,1,5.18214473281,4.0,9.0,0.013013013013,0,-0.256547263561,0.951786523496,5,360
191,1,8.06664436691,8.0,10.0,0.018018018018,0,1.11676506344,-0.283650823408,5,442
192,0,9.65537251378,7.0,,0.015015015015,0,0.260787493666,3.87301003278,5,45
193,1,0.950889341599,,1.0,0.02002002002,0,-1.46351011718,0.341419693144,5,57
194,1,4.904932759,4.0,5.0,0.011011011011,1,-0.999446749257,2.90327300677,5,393
195,1,3.85638476025,3.0,5.0,0.00900900900901,0,-0.787701737617,1.2194899731,5,316
196,1,5.09370902868,4.0,10.0,0.015015015015,0,-0.449457879409,1.4420826669,5,399
197,1,-0.667883595629,,3.0,0.013013013013,0,-2.40784614969,1.55565485345,5,127
198,1,8.72160336995,6.0,9.0,0.011011011011,0,0.58098071327,1.97866123014,5,570
199,0,12.6124776468,11.0,,0.015015015015,0,2.32230940999,0.645549416775,5,414
200,0,7.90147377362,6.0,,0.00700700700701,0,0.681566791958,0.856773397746,5,617
201,1,-3.16271599818,,0.0,0.014014014014,1,-1.72781838713,-2.9792608368,5,19
202,1,3.70238919131,1.0,5.0,0.017017017017,0,-0.0992684025224,-0.999805601126,5,163
203,1,3.33599737692,3.0,5.0,0.01001001001,0,-0.204260161809,-1.05122213765,5,402
204,1,0.186515502436,0.0,2.0,0.011011011011,0,-1.3423029615,-0.786575613057,5,152
205,1,8.56686417649,8.0,9.0,0.00900900900901,1,0.895468263876,0.880459384861,5,677
206,0,10.2344283468,7.0,,0.01001001001,0,1.82671462885,-0.245715539754,5,630
207,1,3.99605936486,3.0,5.0,0.011011011011,0,0.190042741261,-1.57406885892,5,385
208,1,6.20661548454,3.0,8.0,0.02002002002,0,-0.0332854167377,1.30647173476,5,262
209,1,3.73256323078,2.0,5.0,0.015015015015,0,-0.719412970968,0.89080214368,5,129
210,1,7.07057730215,7.0,8.0,0.014014014014,1,0.718861398308,-0.0860068927712,5,588
211,1,5.7523316253,5.0,6.0,0.015015015015,1,0.297961488294,-0.141552839579,5,297
212,1,8.78235430819,7.0,10.0,0.018018018018,0,0.970800969523,0.869951399618,5,558
213,1,6.88014469808,6.0,7.0,0.00900900900901,1,1.13260820227,-1.51767990874,5,643
214,1,7.61055273902,6.0,8.0,0.025025025025,0,0.629745378081,0.721316604773,5,384
215,1,6.72325463752,1.0,7.0,0.00900900900901,0,0.708500324885,-0.402246337129,5,333
216,0,12.1399868607,9.0,,0.013013013013,0,1.54397130956,2.508072932,5,36
217,0,10.6588046697,7.0,,0.01001001001,0,1.38878940936,1.49243644159,5,286
218,1,3.09698890647,3.0,7.0,0.00800800800801,0,-0.0799457060205,-1.66317397547,5,519
219,1,0.124241280665,,4.0,0.02002002002,0,-1.98295126025,1.0730950614,5,41
220,1,-0.644455255315,,0.0,0.00900900900901,1,-2.46012124705,1.73590848583,5,18
221,1,6.72058931494,6.0,8.0,0.00900900900901,0,0.643007214114,-0.208432327405,5,634
222,1,4.37855477951,4.0,5.0,0.016016016016,1,0.57126578722,-2.33524258215,5,491
223,1,2.88566519664,,4.0,0.011011011011,0,0.168892532165,-2.62101239986,5,90
224,1,6.40102878724,0.0,9.0,0.016016016016,0,0.935906594344,-1.40669099579,5,612
225,1,8.69226027034,7.0,9.0,0.018018018018,0,1.39327632334,-0.487568699687,5,500
226,1,3.23385205368,0.0,6.0,0.017017017017,0,-0.398004439337,-0.57213462831,5,116
227,1,6.02575483969,,9.0,0.021021021021,0,-0.141128641284,1.44914076354,5,412
228,1,9.9371613094,9.0,10.0,0.016016016016,1,1.248781283,1.19081746039,5,659
229,1,6.06635289624,6.0,8.0,0.015015015015,0,-0.0548879131708,1.23101663575,5,566
230,1,6.25548193493,6.0,7.0,0.017017017017,1,-0.273971139658,2.07739535391,5,528
231,1,8.07870670495,7.0,9.0,0.013013013013,0,0.790527624069,0.707123832745,5,617
232,1,8.37713566235,8.0,10.0,0.016016016016,0,1.13639263699,-0.0320422486068,5,601
233,1,8.61095613893,8.0,9.0,0.017017017017,1,1.55788321692,-1.06269351184,5,582
234,1,2.74955289669,,4.0,0.013013013013,0,0.152907233765,-2.7091688046,5,162
235,1,6.92340536265,6.0,7.0,0.00900900900901,1,-0.0521713825576,2.07991951032,5,492
236,1,4.52446945643,0.0,5.0,0.012012012012,0,0.121417412588,-0.83978278133,5,202
237,0,8.74441454828,7.0,,0.00900900900901,0,1.56591790449,-0.953339165196,5,149
238,1,6.33607002064,6.0,7.0,0.00900900900901,1,0.0181127026138,1.28173191279,5,657
239,1,1.35295120433,0.0,3.0,0.017017017017,0,-0.90925769909,-0.919275698398,5,145
240,0,7.25089025521,7.0,,0.01001001001,0,1.06525149269,-0.944864222863,5,575
241,0,8.43928788416,8.0,,0.00900900900901,0,1.12347678651,0.0688575246418,5,223
242,1,8.37727754926,6.0,10.0,0.019019019019,0,1.41899421891,-0.879705107485,5,645
243,1,-0.670657838074,,2.0,0.014014014014,0,-1.65868745698,-0.694595467136,5,58
244,0,9.69055403954,9.0,,0.013013013013,0,0.301803966859,3.78514213896,5,500
245,1,3.88820038861,3.0,4.0,0.014014014014,1,-0.548636196155,0.534108977074,5,308
246,1,7.28082800699,7.0,8.0,0.011011011011,1,0.729305683131,0.0929109575982,5,666
247,1,10.7928947478,9.0,11.0,0.015015015015,0,1.79133742206,0.418882481571,5,628
248,0,8.95499765053,6.0,,0.00800800800801,0,1.36269391726,-0.133084101258,5,355
249,1,1.49894252545,0.0,2.0,0.011011011011,0,-0.319993234278,-2.54107777171,5,87
250,0,9.77948912468,8.0,,0.00900900900901,0,1.44741386718,0.437247523134,5,409
251,1,5.09828911007,5.0,6.0,0.00900900900901,1,-0.02357949938,0.169027608213,5,469
252,1,5.23075743132,5.0,6.0,0.01001001001,1,-0.124158817134,0.603233882718,5,562
253,0,6.75636557748,6.0,,0.00600600600601,0,-0.579865346393,3.49596161666,5,126
254,1,4.48831960377,1.0,6.0,0.013013013013,0,0.566605463595,-2.21149678701,5,337
255,0,9.35246034787,8.0,,0.00800800800801,0,0.912393122876,1.61528097924,5,517
256,1,-0.397662087025,,0.0,0.00700700700701,1,-1.90092552418,0.305114485516,5,113
257,1,5.31865814171,5.0,6.0,0.016016016016,1,0.143976143102,-0.113270287595,5,230
258,1,-0.973545233737,,0.0,0.011011011011,1,-1.0234362796,-2.90323639494,5,9
259,1,1.84804169883,0.0,3.0,0.01001001001,0,-0.898765250843,-0.455662548638,5,136
260,1,4.78745879417,4.0,6.0,0.015015015015,0,-0.165106257585,0.282777566926,5,346
261,1,5.06872311426,5.0,6.0,0.01001001001,1,0.476960458189,-1.3621582603,5,611
262,1,5.25766167295,4.0,8.0,0.013013013013,0,-0.689889525469,2.32733024936,5,507
263,1,4.92370174345,2.0,7.0,0.012012012012,0,0.456159035788,-1.44477536391,5,489
264,1,-1.14672137702,,0.0,0.015015015015,1,-1.38095598049,-2.00385343554,5,15
265,1,4.19290079748,3.0,6.0,0.00800800800801,0,-0.160414372359,-0.325856085439,5,221
266,0,8.90771865211,6.0,,0.013013013013,0,0.312781258356,2.96937487705,5,294
267,1,6.49424245281,1.0,7.0,0.022022022022,0,0.361093219908,0.410962793088,5,304
268,1,2.0747013436,2.0,4.0,0.016016016016,0,-1.68113611859,2.11810969938,5,232
269,1,5.25610446727,3.0,8.0,0.012012012012,0,1.07941700985,-2.98214656227,5,447
270,1,5.60546935493,2.0,6.0,0.01001001001,0,0.819347034218,-1.85257174772,5,289
271,1,7.14197787834,6.0,9.0,0.014014014014,0,0.343357756162,1.11190460985,5,624
272,0,8.08017234129,8.0,,0.00900900900901,0,0.731610609502,0.885340512783,5,358
273,1,4.46615389435,4.0,6.0,0.00800800800801,0,-0.776320866825,1.79511649483,5,663
274,1,6.61062639577,6.0,8.0,0.012012012012,0,0.463176652278,0.221096438932,5,600
275,0,8.72676003808,6.0,,0.00700700700701,0,0.701578190182,1.62202546753,5,733
276,1,8.4514695835,7.0,9.0,0.01001001001,0,0.652317830845,1.49451609097,5,676
277,1,7.59332112012,7.0,9.0,0.014014014014,0,0.33584746478,1.58577872578,5,490
278,1,2.78108632668,2.0,13.0,0.018018018018,0,-0.878629750253,0.416975577435,5,640
279,0,13.0673559393,8.0,,0.01001001001,0,2.85744159759,-0.504968853415,5,532
280,0,8.05401752443,7.0,,0.00900900900901,0,-0.0221570910581,3.1204887976,5,172
281,1,5.32313578084,5.0,6.0,0.00900900900901,1,0.351263978707,-0.730656155286,5,534
282,0,10.6636888011,10.0,,0.015015015015,0,0.640598993335,3.74189182109,5,252
283,1,1.2873510224,0.0,2.0,0.015015015015,0,-0.914998525311,-0.967653401668,5,243
284,1,4.94712151624,4.0,6.0,0.01001001001,0,-0.0961555636498,0.235588207191,5,426
285,1,5.09937551071,5.0,6.0,0.00700700700701,1,0.50141660434,-1.40487430231,5,620
286,0,10.6546681008,7.0,,0.00800800800801,0,1.78300937793,0.305639967052,5,109
287,1,6.53646685151,6.0,8.0,0.011011011011,0,0.413025551134,0.297390198112,5,641
288,1,1.79805519965,1.0,2.0,0.012012012012,1,-1.08042479709,0.0393295909296,5,115
289,1,3.40839431951,2.0,8.0,0.016016016016,0,0.00720580914739,-1.61322310793,5,272
290,1,-0.308396959456,,6.0,0.011011011011,0,-1.49577821775,-0.821062306197,5,293
291,1,5.0073725881,4.0,6.0,0.00700700700701,0,0.732467047514,-2.19002855444,5,555
292,0,7.26478071559,6.0,,0.00900900900901,0,0.236028000942,1.55669671276,5,29
293,1,4.37470603851,4.0,5.0,0.00600600600601,1,-0.118526134285,-0.269715558641,5,514
294,1,0.105012607082,,3.0,0.017017017017,0,-0.734577553675,-2.69125473189,5,105
295,1,2.90212755632,2.0,3.0,0.00700700700701,1,-0.146074721144,-1.65964828025,5,98
296,1,4.78923686874,4.0,8.0,0.017017017017,0,0.215225052693,-0.856438289337,5,345
297,0,7.32143776409,6.0,,0.00900900900901,0,0.714636181986,0.177529218136,5,590
298,1,6.55719355642,5.0,7.0,0.01001001001,0,-0.368962481184,2.66408099997,5,525
299,1,8.74390945581,0.0,9.0,0.013013013013,0,1.19028303784,0.173060342305,5,425
300,1,4.75080861838,2.0,8.0,0.014014014014,0,-0.231799133607,0.446206019204,5,322
301,0,8.21841758981,6.0,,0.00700700700701,0,0.748096774499,0.974127266315,5,475
302,1,9.08192963135,9.0,10.0,0.018018018018,1,1.2839882493,0.229964883448,5,584
303,1,7.84954382812,7.0,8.0,0.013013013013,1,0.0293755689187,2.76141712136,5,629
304,1,1.26274016879,1.0,4.0,0.014014014014,0,-0.581631868691,-1.99236422514,5,335
305,1,4.13888647959,4.0,5.0,0.00700700700701,1,-0.61104979563,0.972035866476,5,397
306,1,-2.47720348195,,3.0,0.015015015015,0,-1.84069614472,-1.95511504779,5,64
307,1,4.76109596509,3.0,5.0,0.01001001001,0,0.200060214305,-0.839084677826,5,332
308,1,6.83037357725,6.0,7.0,0.01001001001,1,0.127492058509,1.44789740172,5,655
309,1,5.60755920221,5.0,8.0,0.012012012012,0,-0.0664176251118,0.806812077546,5,587
310,1,5.02400770144,3.0,6.0,0.00900900900901,0,0.665558156168,-1.97266676706,5,474
311,1,7.98378571667,4.0,8.0,0.011011011011,0,1.26921958523,-0.823873039033,5,305
312,0,9.62172425788,7.0,,0.00800800800801,0,1.38588007431,0.464084034955,5,147
313,1,5.60618684167,5.0,6.0,0.011011011011,1,-0.783877362093,2.95781892795,5,372
314,1,4.29408126061,4.0,5.0,0.00800800800801,1,0.173738368969,-1.2271338463,5,578
315,1,6.91646291457,6.0,7.0,0.011011011011,1,0.868821187893,-0.69000064911,5,516
316,1,1.01487123528,1.0,3.0,0.012012012012,0,-0.981495189165,-1.04064319722,5,126
317,0,9.40504361929,7.0,,0.015015015015,0,0.763180311124,2.11550268592,5,395
318,0,7.2060624862,7.0,,0.00700700700701,0,1.13135614229,-1.18800594066,5,565
319,1,2.76919141512,,3.0,0.00900900900901,0,-1.09796069956,1.0630735138,5,146
320,0,12.2700968668,9.0,,0.00900900900901,0,1.91570361953,1.52298600823,5,268
321,1,5.14424608392,5.0,6.0,0.01001001001,1,-0.468220649674,1.54890803294,5,352
322,1,5.07763832921,5.0,6.0,0.00900900900901,1,0.443464014301,-1.2527537137,5,603
323,0,13.0845489889,7.0,,0.01001001001,0,2.07453642133,1.8609397249,5,269
324,1,7.89618144949,6.0,9.0,0.014014014014,0,0.486558811344,1.43650501546,5,547
325,0,8.52524555982,7.0,,0.00700700700701,0,0.234006343162,2.82322653033,5,82
326,1,5.82252682352,3.0,6.0,0.021021021021,0,-0.143366401469,1.25262602793,5,212
327,0,8.43302399316,8.0,,0.00800800800801,0,1.41163366488,-0.801877001489,5,591
328,1,3.44424770204,3.0,4.0,0.014014014014,1,-0.498175228373,-0.061226612837,5,176
329,1,6.94660517657,1.0,7.0,0.01001001001,0,-0.0658674724506,2.14420759393,5,321
330,0,7.05282316247,7.0,,0.00900900900901,0,0.853872719435,-0.508794995839,5,535
331,0,9.42687769225,6.0,,0.011011011011,0,1.35653698158,0.357266747515,5,305
332,0,8.09239989012,7.0,,0.012012012012,0,1.13042622247,-0.298878777286,5,601
333,1,0.517007637173,0.0,5.0,0.017017017017,0,-0.504610149558,-2.96916191415,5,194
334,1,7.84430662072,7.0,8.0,0.01001001001,1,-0.165232710399,3.34000475192,5,647
335,1,8.69510250445,8.0,9.0,0.011011011011,1,0.118680151035,3.33906205135,5,590
336,1,2.49615693003,0.0,3.0,0.014014014014,0,-0.626656332309,-0.623874073044,5,236
337,1,3.54943656371,1.0,4.0,0.00900900900901,0,-0.35301062687,-0.391531555679,5,249
338,1,7.78020529654,5.0,8.0,0.011011011011,0,1.69711087406,-2.31112732565,5,567
339,1,7.42795991895,7.0,8.0,0.01001001001,1,0.554107685443,0.765636862619,5,622
340,0,7.791760211,5.0,,0.00800800800801,0,0.508859645285,1.26518127514,5,277
341,1,0.477138952523,0.0,1.0,0.00700700700701,1,-0.441840858201,-3.19733847287,5,45
342,1,-4.27403811937,,0.0,0.00900900900901,1,-2.89524599923,-0.588300121692,5,11
343,1,1.50686776063,0.0,3.0,0.00900900900901,0,-0.766543876292,-1.1935006105,5,120
344,1,2.77349858551,1.0,3.0,0.011011011011,0,-1.37902407526,1.9105708113,5,73
345,1,6.10130557292,2.0,9.0,0.011011011011,0,0.369644240041,-0.00762714720325,5,618
346,1,4.70195033647,0.0,5.0,0.00700700700701,0,-0.331826324127,0.697429308849,5,407
347,1,2.80981451901,0.0,4.0,0.01001001001,0,-0.922072096657,0.576030808987,5,284
348,1,3.94446577073,3.0,4.0,0.00900900900901,1,0.667897576181,-3.05922695781,5,377
349,1,6.01250351894,3.0,9.0,0.00900900900901,0,-0.136619995602,1.42236350575,5,651
350,0,9.11257275372,9.0,,0.011011011011,0,0.796540809619,1.72295032486,5,54
351,1,4.63046422852,4.0,5.0,0.00600600600601,1,-0.616722172537,1.48063074613,5,344
352,1,1.00486602727,,2.0,0.016016016016,0,-1.47364335563,0.425796094176,5,76
353,0,8.3898786879,8.0,,0.00800800800801,0,0.52070909092,1.82775141514,5,265
354,1,2.34713471098,,3.0,0.00900900900901,0,-0.891709379433,0.0222628492817,5,228
355,0,9.67861927943,7.0,,0.00900900900901,0,0.757935656622,2.40481230956,5,615
356,1,3.97300240081,,4.0,0.00800800800801,0,-0.173126408741,-0.507618372964,5,179
357,1,3.96028394108,0.0,4.0,0.00800800800801,0,-0.775086173133,1.28554246048,5,225
358,0,9.54528282007,8.0,,0.012012012012,0,0.967850189065,1.64173225288,5,296
359,1,0.826561162222,0.0,1.0,0.01001001001,1,-1.46786886284,0.23016775073,5,253
360,1,4.56028325715,4.0,5.0,0.01001001001,1,-0.440390220962,0.881453920037,5,326
361,0,11.8386833224,6.0,,0.00800800800801,0,2.14145229419,0.414326439847,5,674
362,0,10.4031198139,7.0,,0.011011011011,0,1.47457969597,0.97938072596,5,121
363,0,10.880755989,6.0,,0.00800800800801,0,2.42195270795,-1.38510213487,5,545
364,0,6.56721970676,5.0,,0.00800800800801,0,0.581477551843,-0.177212948768,5,85
365,1,-1.25784676779,,1.0,0.012012012012,0,-1.9992103417,-0.26021574269,5,36
366,1,4.71977169686,2.0,5.0,0.00800800800801,0,0.285362794757,-1.13631668741,5,598
367,1,2.96626798972,2.0,3.0,0.00700700700701,1,-1.03314265332,1.06569594967,5,288
368,1,5.86554055602,4.0,6.0,0.012012012012,0,0.210172556626,0.235022886141,5,432
369,0,6.19472943569,6.0,,0.00800800800801,0,-0.420793265905,2.4571092334,5,510
370,1,7.41106311796,6.0,9.0,0.012012012012,0,1.2134319828,-1.22923283044,5,632
371,0,8.25569073979,8.0,,0.012012012012,0,1.12411817864,-0.116663796123,5,17
372,1,6.45419949217,5.0,7.0,0.00900900900901,0,0.0864900559177,1.19472932442,5,607
373,1,1.60275638623,1.0,6.0,0.012012012012,0,-0.733540549336,-1.19662196577,5,310
374,1,6.88963400426,6.0,7.0,0.01001001001,1,-0.051239963091,2.04335389353,5,592
375,1,-1.22180135415,,0.0,0.00700700700701,1,-1.86750353829,-0.619290739274,5,22
376,0,10.9385097003,7.0,,0.00700700700701,0,1.7932790646,0.558672506472,5,507
377,0,6.82579456317,6.0,,0.00800800800801,0,-0.0450564201166,1.96096382352,5,487
378,1,2.30879386473,,11.0,0.016016016016,0,-0.620739681938,-0.82898708946,5,307
379,1,5.63167969421,3.0,7.0,0.00700700700701,0,0.696444709309,-1.45765443372,5,609
380,1,3.73043488785,1.0,5.0,0.012012012012,0,-0.406943184175,-0.0487355596206,5,515
381,1,3.24891173142,1.0,7.0,0.00800800800801,0,-0.766514944464,0.548456564811,5,502
382,1,1.22565008481,1.0,3.0,0.00800800800801,0,-0.70782069429,-1.65088783232,5,279
383,1,0.710424776656,0.0,1.0,0.00700700700701,1,-0.604577200185,-2.47584362279,5,78
384,0,7.96383122575,7.0,,0.01001001001,0,1.09317166759,-0.315683777006,5,26
385,1,7.85663853106,7.0,8.0,0.013013013013,1,1.25796699526,-0.917262454731,5,644
386,0,9.35918587342,7.0,,0.00900900900901,0,1.13151954271,0.964627245297,5,716
387,0,9.25629566638,9.0,,0.011011011011,0,0.97423758834,1.33358290136,5,22
388,1,5.44659101927,1.0,7.0,0.015015015015,0,-0.489718696028,1.91574710735,5,353
389,1,1.66581929831,,3.0,0.00600600600601,0,-0.837666078827,-0.821182465204,5,133
390,1,4.62867887176,4.0,6.0,0.00800800800801,0,-0.442527029936,0.956259961569,5,679
391,1,1.84631218081,1.0,3.0,0.011011011011,0,-1.09598350901,0.134262707823,5,203
392,1,5.54192451295,5.0,7.0,0.01001001001,0,0.87509232208,-2.08335245329,5,574
393,1,1.40605501435,1.0,3.0,0.00900900900901,0,-1.30534395178,0.32208686968,5,302
394,1,4.54658744118,3.0,5.0,0.013013013013,0,-1.1479363443,2.99039647408,5,323
395,1,3.2869298782,2.0,5.0,0.00800800800801,0,-0.299050992908,-0.815917143074,5,327
396,1,4.3385447262,,7.0,0.00900900900901,0,0.23347177599,-1.36187060177,5,320
397,1,5.13851223519,5.0,6.0,0.01001001001,1,-0.299270126055,1.03632261335,5,639
398,1,6.13256026528,2.0,7.0,0.011011011011,0,0.724691058963,-1.04151291161,5,586
399,0,7.04122685102,7.0,,0.00800800800801,0,0.871382654728,-0.572921113167,5,493
400,1,2.0295774522,2.0,4.0,0.01001001001,0,-0.475737540663,-1.54320992581,5,317
401,1,1.37458858384,1.0,2.0,0.00900900900901,1,-0.0612354140437,-3.44170517403,5,75
402,0,11.574102035,8.0,,0.00900900900901,0,1.72357349417,1.40338155247,5,19
403,1,-1.70122886053,,1.0,0.00800800800801,0,-1.60184914607,-1.89568142231,5,42
404,1,-3.18295353292,,3.0,0.00900900900901,0,-1.84344360115,-2.65262272947,5,159
405,1,2.07691455768,1.0,3.0,0.00900900900901,0,-1.3482781169,1.12174890839,5,477
406,0,9.04216594167,6.0,,0.00900900900901,0,1.16302362278,0.55309507334,5,684
407,1,4.31073920567,4.0,6.0,0.00700700700701,0,-0.311842026717,0.24626528582,5,481
408,0,7.19050965164,6.0,,0.00700700700701,0,0.849992037618,-0.359466461212,5,391
409,0,8.7478687123,8.0,,0.00900900900901,0,1.45285082376,-0.610683758992,5,464
410,1,3.24225301722,1.0,5.0,0.00800800800801,0,-0.358259821557,-0.682967518107,5,453
411,0,8.92374633853,4.0,,0.00700700700701,0,1.68991146592,-1.14598805923,5,359
412,1,4.14655802209,4.0,6.0,0.01001001001,0,-0.430922442414,0.43932534933,5,383
413,1,-3.5540087062,,0.0,0.01001001001,1,-1.92681552664,-2.77356212629,5,14
414,1,-0.353657523924,,0.0,0.01001001001,1,-1.08837310845,-2.08853819857,5,1
415,0,9.90842312276,7.0,,0.00800800800801,0,1.46156372362,0.523731951902,5,648
416,0,8.26718873578,7.0,,0.00700700700701,0,1.07804838669,0.0330435757196,5,321
417,1,3.10968595615,2.0,4.0,0.00800800800801,0,-0.856624610012,0.679559786189,5,300
418,1,4.79333371839,4.0,5.0,0.00900900900901,1,0.178164187767,-0.741158844912,5,223
419,0,5.4676969295,5.0,,0.00700700700701,0,0.65944930126,-1.51065097428,5,317
420,0,9.48707826819,6.0,,0.01001001001,0,1.45529667871,0.121188232046,5,337
421,1,-0.563251980073,,2.0,0.013013013013,0,-2.26381204183,1.22818414543,5,69
422,1,-0.328681617813,,0.0,0.00900900900901,1,-0.763036615485,-3.03957177136,5,39
423,0,8.04085700177,7.0,,0.012012012012,0,0.946969480879,0.199948559136,5,226
424,1,-0.0344928415544,,1.0,0.01001001001,0,-0.703305119051,-2.9245774844,5,32
425,1,2.89855554867,2.0,4.0,0.00600600600601,0,-0.924063144099,0.670744980966,5,139
426,0,9.01170387137,6.0,,0.00900900900901,0,0.781714092285,1.66656159451,5,299
427,1,4.93633028752,4.0,5.0,0.011011011011,1,0.156975302398,-0.534595619678,5,248
428,1,6.41693905569,6.0,7.0,0.01001001001,1,0.353458465075,0.356563660464,5,660
429,1,3.51343615524,,8.0,0.00900900900901,0,-0.346012202949,-0.448527235915,5,638
430,1,-0.713221906343,,0.0,0.00900900900901,1,-0.912734973985,-2.97501698439,5,4
431,1,1.68912096291,0.0,3.0,0.00700700700701,0,-0.958701958501,-0.43477316159,5,349
432,1,4.64843597855,4.0,6.0,0.00700700700701,0,0.309353018426,-1.27962307673,5,422
433,1,3.75143161341,2.0,6.0,0.00700700700701,0,-0.00423425268156,-1.23586562855,5,585
434,0,8.59464058036,7.0,,0.01001001001,0,1.03640875549,0.485414313877,5,463
435,1,4.80774311535,2.0,7.0,0.00900900900901,0,0.0861504472426,-0.45070822638,5,581
436,0,10.0797264185,8.0,,0.011011011011,0,0.915255799317,2.33395902051,5,731
437,0,7.45767830199,6.0,,0.00800800800801,0,1.35053911698,-1.59393904896,5,399
438,0,6.14290938039,4.0,,0.00700700700701,0,-0.481638448928,2.58782472717,5,125
439,0,7.23842140646,7.0,,0.00900900900901,0,1.50936369585,-2.2896696811,5,383
440,0,12.8842902849,6.0,,0.00600600600601,0,2.33659990927,0.874490557104,5,265
441,0,4.59556953845,4.0,,0.00900900900901,0,0.166103602414,-0.902741268786,5,700
442,0,10.902593241,5.0,,0.011011011011,0,1.54258625189,1.27483448535,5,393
443,0,5.71328273684,5.0,,0.00800800800801,0,0.0577122165146,0.540146087294,5,422
444,0,7.52809146644,6.0,,0.00700700700701,0,0.489002234326,1.06108476346,5,455
445,1,0.792520275331,0.0,1.0,0.00700700700701,1,-0.834173578227,-1.70495898999,5,61
446,0,9.70261928973,7.0,,0.00700700700701,0,1.60523083102,-0.113073203331,5,513
447,1,-1.4349230718,,2.0,0.011011011011,0,-1.36361118598,-2.34408951386,5,234
448,0,7.91073142369,7.0,,0.00900900900901,0,0.589480044334,1.14229129069,5,369
449,1,1.71687283718,0.0,4.0,0.012012012012,0,-0.615402354963,-1.43692009793,5,216
450,0,10.1927630113,7.0,,0.00800800800801,0,0.350451751384,4.14140775716,5,21
451,1,3.42137829459,1.0,4.0,0.00700700700701,0,-0.347529191626,-0.536034130531,5,329
452,1,3.83247251287,1.0,5.0,0.00800800800801,0,-0.752990376693,1.09144364295,5,494
453,1,3.94897800039,1.0,6.0,0.011011011011,0,-0.673458572561,0.969353718068,5,283
454,0,12.1112254191,8.0,,0.012012012012,0,2.17619821634,0.582630770098,5,188
455,1,4.01408747185,,5.0,0.011011011011,0,-0.296538656106,-0.0962965598345,5,367
456,0,10.8963155406,6.0,,0.00700700700701,0,1.14329133367,2.46644153963,5,550
457,1,-4.16293480422,,0.0,0.012012012012,1,-2.81610039714,-0.714633612794,5,27
458,0,6.60744486042,4.0,,0.00800800800801,0,0.767045939956,-0.693692959446,5,23
459,1,7.69854507834,5.0,9.0,0.01001001001,0,0.476473554398,1.26912441514,5,608
460,1,5.5518898617,2.0,7.0,0.00900900900901,0,0.0590462400288,0.374751141612,5,520
461,1,1.41197943541,1.0,2.0,0.00900900900901,1,-0.904600917351,-0.87421781254,5,256
462,1,2.74604491037,1.0,6.0,0.00700700700701,0,-1.5136385914,2.28696068458,5,536
463,1,4.02380316412,4.0,6.0,0.00700700700701,0,0.0650810528532,-1.17143999444,5,504
464,1,-0.296710922755,,1.0,0.00700700700701,0,-1.72399804938,-0.124716774607,5,37
465,1,-2.3839542378,,0.0,0.00800800800801,1,-2.09817193654,-1.08943842818,5,47
466,1,4.89544383066,0.0,5.0,0.012012012012,0,1.14784450228,-3.54808967618,5,175
467,0,10.7429813521,5.0,,0.00800800800801,0,1.10098527741,2.44002551991,5,297
468,1,-0.757260340524,,0.0,0.00600600600601,1,-1.4518042772,-1.40184750893,5,66
469,1,2.69132218581,1.0,7.0,0.01001001001,0,-0.445326290013,-0.972698944153,5,245
470,1,2.73626699392,2.0,6.0,0.00800800800801,0,-0.645061729499,-0.32854781758,5,631
471,0,10.348712087,7.0,,0.01001001001,0,1.80989696182,-0.0809787984264,5,711
472,0,6.38032775912,6.0,,0.00900900900901,0,1.2096623555,-2.24865930738,5,395
473,1,4.75366394613,4.0,5.0,0.01001001001,1,-0.656316744366,1.72261417922,5,682
474,0,6.38088162096,5.0,,0.00800800800801,0,0.0258587395221,1.30330540239,5,422
475,1,3.96723616036,3.0,4.0,0.00600600600601,1,-0.765479775593,1.26367548714,5,204
476,1,2.5504998036,2.0,5.0,0.00900900900901,0,0.0356546953383,-2.55646428241,5,625
477,1,4.02056992353,4.0,6.0,0.00700700700701,0,0.235035453758,-1.68453643775,5,449
478,0,5.57398916317,4.0,,0.00600600600601,0,-0.25248229872,1.33143605933,5,570
479,1,2.46993490407,2.0,4.0,0.00700700700701,0,-0.14043691523,-2.10875435024,5,406
480,1,4.67822803847,4.0,5.0,0.00800800800801,1,-0.320363703702,0.639319149574,5,605
481,1,7.09640282784,7.0,8.0,0.011011011011,1,0.431845029526,0.800867739266,5,683
482,1,3.8747028907,2.0,4.0,0.011011011011,0,0.146362562538,-1.56438479692,5,506
483,1,3.0928125381,2.0,4.0,0.00900900900901,0,-1.10966375967,1.42180381712,5,100
484,1,1.83414306423,0.0,3.0,0.00800800800801,0,-0.640482576537,-1.24440920616,5,219
485,1,3.61091019475,3.0,6.0,0.00900900900901,0,0.285049009593,-2.24423683403,5,282
486,0,12.506148546,9.0,,0.01001001001,0,2.80900603168,-0.92086954905,5,382
487,1,0.78517093336,0.0,4.0,0.00700700700701,0,-1.56211443585,0.471514240897,5,270
488,1,6.80833264055,6.0,7.0,0.00800800800801,1,0.127226877838,1.42665200704,5,626
489,1,-0.928640039639,,0.0,0.00900900900901,1,-1.25612724414,-2.16025830723,5,30
490,0,4.63601411496,4.0,,0.00600600600601,0,-0.470341678208,1.04703914958,5,732
491,1,5.03393960452,5.0,6.0,0.00800800800801,1,-0.236856595872,0.744509392137,5,690
492,0,5.84770357759,5.0,,0.00700700700701,0,-0.0522196519663,1.00436253349,5,605
493,1,1.69123846846,1.0,5.0,0.00800800800801,0,-0.997230242179,-0.317070805002,5,252
494,1,4.20872777218,2.0,5.0,0.00700700700701,0,-0.57622845242,0.937413129442,5,429
495,1,4.10798801158,4.0,5.0,0.00900900900901,1,0.173086565322,-1.41127168439,5,461
496,1,3.8012013785,3.0,5.0,0.00800800800801,0,0.460636784307,-2.58070897442,5,439
497,0,8.64095967675,8.0,,0.00900900900901,0,1.23357650309,-0.0597698325089,5,179
498,1,4.85168233673,2.0,6.0,0.012012012012,0,-0.20158169686,0.456427427311,5,315
499,1,0.823710602269,0.0,1.0,0.00600600600601,1,-0.743054880899,-1.94712475504,5,172
500,0,8.98812748243,6.0,,0.00600600600601,0,0.398505735921,2.79261027467,5,410
501,1,2.09823314892,0.0,6.0,0.00900900900901,0,-0.416722251983,-1.65160009513,5,264
502,1,5.97853873904,5.0,6.0,0.00700700700701,1,0.911218405316,-1.75511647691,5,583
503,0,10.6636936696,5.0,,0.00600600600601,0,1.79855769305,0.268020590467,5,161
504,0,13.5074792748,5.0,,0.00700700700701,0,2.30843336199,1.58217918884,5,459
505,1,3.57097453371,3.0,4.0,0.00700700700701,1,-0.33796211966,-0.415139107305,5,396
506,0,7.36539203269,7.0,,0.011011011011,0,0.520532919384,0.803793274535,5,153
507,1,0.329550880756,,1.0,0.00600600600601,0,-1.78073993227,0.671770677575,5,94
508,0,12.8847225469,7.0,,0.00700700700701,0,2.6621779291,-0.101811240436,5,714
509,0,10.8636755239,8.0,,0.014014014014,0,1.78281133575,0.515241516684,5,661
510,1,-1.61794849216,,2.0,0.012012012012,0,-2.37790062723,0.515753389521,5,53
511,0,8.01553263461,8.0,,0.00900900900901,0,0.630840375585,1.12301150785,5,709
512,0,8.42984448755,7.0,,0.00800800800801,0,0.636215854804,1.52119692314,5,241
513,0,8.34981328174,8.0,,0.011011011011,0,1.18646588484,-0.209584372796,5,237
514,1,6.90884921915,6.0,9.0,0.01001001001,0,0.768429655072,-0.396439746064,5,438
515,0,6.09248130776,5.0,,0.00800800800801,0,0.30964356432,0.163550614802,5,717
516,1,4.27431445398,2.0,5.0,0.00600600600601,0,-0.420633303739,0.536214365197,5,636
517,0,7.75699278175,6.0,,0.00700700700701,0,0.968860079706,-0.149587457365,5,460
518,0,11.4598076823,9.0,,0.012012012012,0,0.856308740423,3.89088146101,5,151
519,1,4.20156944576,3.0,5.0,0.011011011011,0,-0.114948259338,-0.453585776227,5,499
520,0,7.8672767022,7.0,,0.00900900900901,0,0.889274451823,0.199453346733,5,396
521,1,-0.944339056337,,0.0,0.00900900900901,1,-1.97515784426,-0.0188655235551,5,55
522,0,11.2231339208,7.0,,0.00900900900901,0,1.03526189127,3.11734824696,5,416
523,0,10.0413681891,8.0,,0.00900900900901,0,0.998595804302,2.04558077621,5,24
524,0,13.2417589551,7.0,,0.00800800800801,0,1.44010418774,3.92144639189,5,515
525,1,5.19858024627,1.0,7.0,0.00700700700701,0,-0.137966588235,0.612480010971,5,686
526,0,15.4369134452,10.0,,0.013013013013,0,2.53757324143,2.82419372093,5,41
527,1,0.0556904882012,,1.0,0.00800800800801,0,-1.38391129487,-0.792575627203,5,143
528,0,8.13692524917,5.0,,0.00600600600601,0,0.280273128649,2.29610586322,5,213
529,0,8.85220516552,4.0,,0.00600600600601,0,0.951294960196,0.998320284929,5,282
530,0,7.91267371532,7.0,,0.00900900900901,0,1.1554909611,-0.553799167984,5,138
531,0,9.84390003717,8.0,,0.01001001001,0,2.10745684042,-1.4784704841,5,257
532,1,4.28043919495,4.0,5.0,0.00700700700701,1,-0.548894854461,0.927123758336,5,471
533,1,5.60724811887,4.0,6.0,0.01001001001,0,0.688415617594,-1.45799873391,5,597
534,0,9.37786694233,6.0,,0.00800800800801,0,1.01990465107,1.31815298912,5,325
535,0,7.33674248671,5.0,,0.00800800800801,0,0.113796827869,1.99535200311,5,693
536,1,3.17245965651,3.0,4.0,0.00600600600601,1,-0.855995296865,0.740445547101,5,512
537,1,6.62527357949,4.0,7.0,0.013013013013,0,0.159910471783,1.14554216415,5,446
538,1,3.91856317333,2.0,4.0,0.00600600600601,0,-0.425915923219,0.196310942992,5,260
539,1,5.7283989634,5.0,6.0,0.00800800800801,1,-0.675671058103,2.75541213771,5,616
540,1,4.05110844387,1.0,5.0,0.00700700700701,0,-0.855524757028,1.61768271495,5,347
541,0,5.4535914046,4.0,,0.00600600600601,0,0.045647387324,0.316649242625,5,469
542,1,3.43113605295,3.0,4.0,0.00600600600601,1,0.0393840660219,-1.68701614511,5,420
543,1,5.76207174967,5.0,6.0,0.00700700700701,1,0.952470256433,-2.09533901963,5,633
544,1,6.43704724448,6.0,7.0,0.01001001001,1,0.392337482254,0.26003479772,5,488
545,1,4.3587859652,4.0,5.0,0.00800800800801,1,-0.760379060845,1.63992314773,5,675
546,0,6.789983905,4.0,,0.011011011011,0,-0.5566814637,3.4600282961,5,288
547,0,7.4793354056,7.0,,0.00800800800801,0,0.965083227159,-0.415914275873,5,495
548,0,7.06962290893,6.0,,0.00700700700701,0,1.65233027445,-2.88736791442,5,665
549,1,-1.74100781369,,0.0,0.01001001001,1,-2.11905812893,-0.383833426893,5,7
550,1,3.21752436857,3.0,4.0,0.00800800800801,1,-0.390084556801,-0.612221961029,5,217
551,1,4.30272683203,2.0,5.0,0.00600600600601,0,0.102313267089,-1.00421296924,5,465
552,1,5.32373236392,5.0,6.0,0.00700700700701,1,0.563003271576,-1.36527745081,5,479
553,0,6.5171260651,5.0,,0.00900900900901,0,0.85883352405,-1.05937450705,5,708
554,1,5.67699845499,4.0,8.0,0.00900900900901,0,0.534696337651,-0.927090557963,5,368
555,1,2.30612075602,0.0,5.0,0.00800800800801,0,-0.953773750892,0.167442008701,5,408
556,0,9.2055296376,7.0,,0.00900900900901,0,0.940437282297,1.38421779071,5,202
557,1,5.81838096297,5.0,6.0,0.00800800800801,1,1.27299736359,-3.0006111278,5,610
558,1,2.25412243351,0.0,3.0,0.00800800800801,0,-0.541967684545,-1.11997451285,5,166
559,0,8.04807962937,5.0,,0.00800800800801,0,1.07883081634,-0.188412819669,5,259
560,0,10.0933386207,6.0,,0.00900900900901,0,1.54216086445,0.466856027332,5,663
561,1,6.90839124142,3.0,7.0,0.011011011011,0,0.261375033994,1.12426613944,5,559
562,1,2.37578746195,1.0,3.0,0.00900900900901,0,-0.865940667143,-0.0263905366241,5,101
563,0,8.49774836553,4.0,,0.00700700700701,0,1.46963979761,-0.911171027297,5,407
564,1,5.3348204483,4.0,6.0,0.00700700700701,0,0.19646490489,-0.25457426637,5,669
565,0,10.3858547656,8.0,,0.012012012012,0,1.02469896368,2.31175787453,5,586
566,1,2.66385991602,1.0,3.0,0.00800800800801,0,-1.34550619336,1.70037849611,5,147
567,1,5.30242979316,4.0,6.0,0.00700700700701,0,-0.250148860244,1.0528763739,5,658
568,1,-0.275413407496,,1.0,0.00700700700701,0,-1.93104175804,0.517711866632,5,67
569,0,6.39014318505,5.0,,0.00600600600601,0,0.0369679378414,1.27923937152,5,234
570,1,4.97849870313,3.0,5.0,0.00600600600601,0,0.448321966366,-1.36646719597,5,518
571,1,2.19448937794,2.0,4.0,0.00700700700701,0,-0.715543169723,-0.658881112891,5,476
572,1,0.335452257811,,1.0,0.00700700700701,0,-1.14029088982,-1.24367507273,5,52
573,1,2.26052595901,1.0,5.0,0.00700700700701,0,-0.911391384378,-0.00529988785439,5,579
574,1,4.41161099039,1.0,5.0,0.00900900900901,0,0.34215381342,-1.61485044987,5,522
575,1,4.36858939636,3.0,5.0,0.00900900900901,0,0.197413242394,-1.22365033083,5,572
576,1,2.75649027725,0.0,6.0,0.00800800800801,0,-0.235502850189,-1.53700117219,5,509
577,1,4.74807826883,1.0,5.0,0.011011011011,0,0.194943590831,-0.836752503663,5,227
578,1,3.0996080911,3.0,5.0,0.00700700700701,0,-0.123116504659,-1.53104239492,5,561
579,1,-1.61023688115,,0.0,0.00800800800801,1,-1.80445657521,-1.19686715552,5,40
580,0,5.06486249128,4.0,,0.00700700700701,0,0.384839439069,-1.08965582593,5,341
581,0,8.16204626934,7.0,,0.011011011011,0,0.676474306486,1.13262334989,5,279
582,0,8.6497106233,6.0,,0.00600600600601,0,0.928775370968,0.863384510391,5,167
583,1,3.62229140851,0.0,6.0,0.00600600600601,0,0.144307049164,-1.81062973898,5,599
584,0,6.64350968668,5.0,,0.00700700700701,0,0.427592121161,0.360733323197,5,14
585,1,0.604568023311,0.0,1.0,0.00600600600601,1,-1.42206263783,-0.129244063205,5,231
586,1,3.51909873393,2.0,4.0,0.00700700700701,0,0.303493867067,-2.39138286727,5,533
587,1,3.29619362399,0.0,6.0,0.00800800800801,0,-0.173732898708,-1.18260767989,5,526
588,1,0.231469930496,0.0,1.0,0.00700700700701,1,-1.51430409637,-0.225617780387,5,44
589,0,8.13567006496,7.0,,0.00900900900901,0,0.174020441673,2.61360873994,5,583
590,1,4.70973566451,4.0,5.0,0.00800800800801,1,0.00199036160045,-0.29623542029,5,538
591,1,-3.15901602352,,1.0,0.00700700700701,0,-2.45061797491,-0.807162098784,5,79
592,1,4.3912685654,4.0,5.0,0.013013013013,1,0.0270013283964,-0.689735419791,5,664
593,0,7.47549335074,7.0,,0.00700700700701,0,1.01451879924,-0.568063046975,5,663
594,0,6.57502060603,6.0,,0.00700700700701,0,1.22309705271,-2.09427055209,5,395
595,0,10.5451412533,5.0,,0.00600600600601,0,1.15196433474,2.08924824909,5,521
596,1,5.93563065055,5.0,6.0,0.01001001001,1,0.0615611665748,0.750947150822,5,691
597,1,3.05598166951,3.0,5.0,0.00600600600601,0,0.114192884812,-2.28659698492,5,557
598,1,-2.15499783231,,1.0,0.00700700700701,0,-2.26663154022,-0.355103211657,5,99
599,1,2.10205178583,2.0,3.0,0.00600600600601,1,-0.332392136378,-1.90077180504,5,121
600,1,1.40074381659,1.0,3.0,0.00600600600601,0,-0.33218127116,-2.60271236993,5,311
601,0,5.91079650405,5.0,,0.00600600600601,0,0.267985735048,0.106839298907,5,35
602,0,12.87115568,5.0,,0.00600600600601,0,1.73980939164,2.65172750511,5,640
603,0,10.5483907996,6.0,,0.00600600600601,0,2.13721435944,-0.863252278692,5,580
604,0,7.57765896094,5.0,,0.00700700700701,0,0.675145804555,0.55222154728,5,669
605,1,3.14013391419,3.0,4.0,0.00600600600601,1,-0.0343363532387,-1.7568570261,5,419
606,1,4.78207368593,2.0,5.0,0.00900900900901,0,0.323812862216,-1.18936490071,5,556
607,1,2.54758872935,2.0,3.0,0.00600600600601,1,-0.540998571188,-0.829415557082,5,427
608,0,7.32061949344,7.0,,0.00800800800801,0,0.521282357334,0.756772421434,5,195
609,1,4.82638120711,4.0,5.0,0.00800800800801,1,0.94582017531,-3.01107931883,5,568
610,1,-1.29210399875,,0.0,0.011011011011,1,-1.31159716578,-2.35731250141,5,6
611,0,10.7148290696,6.0,,0.00800800800801,0,1.1324937196,2.31734791083,5,457
612,1,3.38798263401,3.0,5.0,0.00700700700701,0,0.129936224352,-2.00182603905,5,421
613,1,0.749992716594,0.0,1.0,0.00900900900901,1,-0.829200448111,-1.76240593907,5,196
614,0,7.91033908832,6.0,,0.00900900900901,0,0.802261481242,0.503554644597,5,642
615,0,7.73347509036,7.0,,0.00800800800801,0,0.840842585543,0.210947333732,5,343
616,1,5.35468519961,4.0,6.0,0.00800800800801,0,0.780933903967,-1.98811651229,5,571
617,1,4.05798868994,3.0,5.0,0.00900900900901,0,0.393840193979,-2.12353189199,5,410
618,1,-1.24425779777,,1.0,0.00800800800801,0,-2.27172540915,0.570918429686,5,158
619,0,11.7120990953,9.0,,0.012012012012,0,1.42302189393,2.44303341351,5,664
620,1,2.28944105165,1.0,3.0,0.00900900900901,0,-1.53668803306,1.89950515084,5,207
621,1,3.59991319777,0.0,5.0,0.00600600600601,0,-0.918967753621,1.35681645863,5,417
622,1,1.57128509262,,3.0,0.00800800800801,0,-1.49869690366,1.06737580358,5,390
623,1,4.27046103325,4.0,6.0,0.00800800800801,0,0.159703189611,-1.20864853558,5,543
624,0,4.57940624834,3.0,,0.00600600600601,0,-0.297997379658,0.473398387312,5,42
625,1,2.70221595189,2.0,4.0,0.00900900900901,0,-0.921000831427,0.465218446172,5,278
626,1,2.70577326883,2.0,3.0,0.00700700700701,1,-1.1743298863,1.22876292772,5,324
627,1,2.54899648855,2.0,4.0,0.00700700700701,0,-0.568982730233,-0.744055320751,5,456
628,0,7.91041018544,3.0,,0.00700700700701,0,0.417972245262,1.65649344965,5,347
629,1,-2.97617456055,,0.0,0.00800800800801,1,-2.51441101562,-0.432941513686,5,50
630,1,3.79047252408,0.0,5.0,0.00600600600601,0,-0.582290826173,0.537345002601,5,247
631,0,7.56947464376,6.0,,0.00600600600601,0,0.980919625497,-0.373284232728,5,350
632,0,10.6725996992,4.0,,0.00600600600601,0,1.65788965904,0.698930722067,5,309
633,0,7.82664153155,5.0,,0.00600600600601,0,1.60099121516,-1.97633211394,5,29
634,0,9.16494507922,4.0,,0.00700700700701,0,1.25341514977,0.404699629899,5,391
635,1,-1.54880998417,,4.0,0.00700700700701,0,-1.77888401673,-1.212157934,5,338
636,1,-0.594387671362,,2.0,0.00600600600601,0,-1.16754212531,-2.09176129542,5,165
637,1,5.17140463387,5.0,6.0,0.00800800800801,1,0.176105533529,-0.356911966718,5,379
638,0,10.9560792406,6.0,,0.00700700700701,0,1.41002031276,1.7260183023,5,130
639,1,1.99828239678,1.0,3.0,0.00900900900901,0,-0.642170294629,-1.07520671933,5,171
640,1,5.656842084,5.0,6.0,0.00800800800801,1,1.03992601139,-2.46293595017,5,671
641,1,4.71671195161,3.0,5.0,0.00700700700701,0,-0.804679570148,2.13075066206,5,564
642,1,2.19326417077,2.0,4.0,0.00700700700701,0,-0.404592454859,-1.59295846466,5,354
643,1,3.83253048849,3.0,5.0,0.00800800800801,0,0.300968948379,-2.07037635664,5,604
644,1,0.409117509912,0.0,2.0,0.00800800800801,0,-1.25282672147,-0.83240232568,5,182
645,0,10.3178441952,5.0,,0.00700700700701,0,0.843479324852,2.78740622063,5,564
646,0,12.4670697386,7.0,,0.00800800800801,0,2.10879018451,1.14069918509,5,367
647,1,3.3689419945,3.0,4.0,0.00900900900901,1,-0.657974682725,0.342866042672,5,545
648,1,4.75560667788,3.0,5.0,0.00900900900901,0,-0.430133207146,1.04600629931,5,575
649,1,4.24263343932,4.0,6.0,0.00700700700701,0,-0.317517404993,0.195185654303,5,473
650,0,7.60026938646,6.0,,0.00600600600601,0,0.0915280536149,2.32568522562,5,665
651,0,9.70656528699,3.0,,0.00600600600601,0,0.820131350412,2.24617123575,5,596
652,1,-2.44292438619,,0.0,0.00600600600601,1,-1.31649144596,-3.49345004831,5,25
653,1,5.74193112872,4.0,6.0,0.00700700700701,0,-0.254414429618,1.50517441757,5,565
654,1,5.98222746607,5.0,6.0,0.00800800800801,1,0.229450598977,0.293875669143,5,630
655,0,9.26438640797,7.0,,0.00800800800801,0,0.654890476919,2.29971497722,5,536
656,0,8.14768536552,5.0,,0.00600600600601,0,0.1781660491,2.61318721822,5,670
657,1,4.14879154861,4.0,5.0,0.00700700700701,1,-0.248171392027,-0.106694275309,5,350
658,0,8.63234280876,6.0,,0.00700700700701,0,1.4849078141,-0.822380633549,5,605
659,0,6.55034365482,5.0,,0.00600600600601,0,0.707837727144,-0.573169526614,5,386
660,1,1.10408602149,0.0,2.0,0.00900900900901,0,-0.936970749742,-1.08500172928,5,209
661,0,6.89125309522,5.0,,0.00700700700701,0,0.966146000419,-1.00718490604,5,46
662,1,3.23689482886,2.0,5.0,0.00900900900901,0,-0.521025862657,-0.20002758317,5,413
663,0,7.49989157484,5.0,,0.00900900900901,0,1.07462356385,-0.723979116723,5,618
664,1,5.88412262679,4.0,6.0,0.00700700700701,0,0.0919248699845,0.608348016839,5,359
665,0,7.66283128218,5.0,,0.00600600600601,0,1.29416228647,-1.21965557722,5,97
666,0,5.2829208266,4.0,,0.00600600600601,0,-0.59595549461,2.07078731043,5,619
667,1,2.98800547438,1.0,5.0,0.00800800800801,0,-0.88022687841,0.628686109612,5,650
668,0,5.47483579912,5.0,,0.00700700700701,0,0.265139651837,-0.320583156388,5,269
669,1,0.978536218115,0.0,5.0,0.00900900900901,0,-1.7469066664,1.2192562173,5,233
670,0,7.3631506207,5.0,,0.00600600600601,0,1.46612800746,-2.03523340169,5,206
671,1,1.94856910953,0.0,2.0,0.00600600600601,0,-1.55385206789,1.6101253132,5,261
672,1,-4.62794404761,,0.0,0.00700700700701,1,-2.69696169064,-1.53705897569,5,3
673,0,7.99303366654,6.0,,0.00600600600601,0,0.866126316818,0.394654716091,5,690
674,1,-2.96675370481,,3.0,0.00600600600601,0,-2.86256820655,0.620950914835,5,331
675,0,7.65711732836,7.0,,0.00700700700701,0,1.09280869732,-0.621308763589,5,201
676,1,1.89423456215,1.0,4.0,0.00600600600601,0,-1.50828622116,1.41909322564,5,180
677,0,7.71532420875,5.0,,0.00600600600601,0,0.651360154897,0.761243744063,5,445
678,0,4.78623730481,4.0,,0.00800800800801,0,-0.599265174132,1.58403282721,5,687
679,1,4.06156612969,,6.0,0.00800800800801,0,0.0333288347772,-1.03842037465,5,181
680,0,8.09666894823,4.0,,0.00700700700701,0,1.49347514289,-1.38375648043,5,505
681,1,4.04733847978,4.0,5.0,0.00600600600601,1,-0.224911045431,-0.277928383924,5,445
682,0,9.56732881929,6.0,,0.011011011011,0,1.89134448962,-1.10670464957,5,32
683,1,4.40888645193,4.0,5.0,0.00600600600601,1,0.931416995549,-3.38536453472,5,550
684,1,3.69006189725,2.0,4.0,0.01001001001,0,0.0929260033194,-1.58871611271,5,510
685,1,3.8570202397,3.0,6.0,0.00800800800801,0,0.614141810921,-2.98540519307,5,495
686,1,3.05783264578,1.0,4.0,0.00700700700701,0,-0.557472374731,-0.269750230028,5,292
687,0,7.82819964963,5.0,,0.00600600600601,0,1.19600530726,-0.759816272155,5,419
688,0,5.36462364614,5.0,,0.00600600600601,0,0.775528145642,-1.96196079078,5,463
689,0,9.82574226642,7.0,,0.01001001001,0,1.33059114668,0.83396882639,5,670
690,1,3.34673478528,3.0,6.0,0.00600600600601,0,-0.49832705122,-0.15828406106,5,606
691,0,7.25622618965,5.0,,0.00700700700701,0,0.425334805923,0.980221771884,5,701
692,1,4.51744561206,4.0,5.0,0.00600600600601,1,-0.724672636367,1.69146352116,5,532
693,0,7.29195763507,6.0,,0.00600600600601,0,-0.0502728717152,2.44277625021,5,306
694,1,4.35183750579,3.0,5.0,0.00700700700701,0,0.0194264965199,-0.706441983771,5,451
695,1,3.61589245075,3.0,5.0,0.01001001001,0,-1.01876143849,1.67217676623,5,635
696,0,7.74421758892,4.0,,0.00700700700701,0,1.53896299337,-1.8726713912,5,610
697,0,9.05825310025,7.0,,0.00800800800801,0,1.37000927441,-0.0517747229869,5,544
698,1,1.74648968356,0.0,2.0,0.00600600600601,0,-1.22734493741,0.428524495783,5,106
699,1,4.72590029106,3.0,5.0,0.00900900900901,0,0.0202720262442,-0.334915787674,5,457
700,0,10.816668891,6.0,,0.00600600600601,0,1.47003891474,1.40655214678,5,260
701,1,2.36885342677,0.0,5.0,0.00700700700701,0,-0.533750473383,-1.02989515308,5,318
702,1,4.41334533882,3.0,5.0,0.00700700700701,0,0.296349312629,-1.47570259907,5,448
703,0,6.98763264877,5.0,,0.00800800800801,0,1.07212659216,-1.2287471277,5,694
704,1,3.00130469277,3.0,5.0,0.00700700700701,0,-0.540978843302,-0.375758777321,5,627
705,1,5.14271165169,4.0,6.0,0.01001001001,0,0.292015448602,-0.73333469411,5,454
706,0,5.72403689853,5.0,,0.00600600600601,0,0.407654065325,-0.498925297444,5,316
707,0,9.62448329194,5.0,,0.00600600600601,0,1.82974761238,-0.864759545197,5,199
708,1,3.37615594417,0.0,4.0,0.00600600600601,0,-0.644185401328,0.308712148152,5,173
709,1,4.97245383788,3.0,5.0,0.00800800800801,0,0.041081864651,-0.150791756074,5,298
710,0,6.21360130342,6.0,,0.00700700700701,0,0.47358016103,-0.207139179667,5,435
711,0,5.38797026154,5.0,,0.00800800800801,0,-0.282866852703,1.23657081965,5,404
712,1,2.12799597391,1.0,4.0,0.00600600600601,0,-1.73081779889,2.32044937057,5,497
713,1,5.62868720505,5.0,6.0,0.00800800800801,1,0.648921362619,-1.31807688281,5,652
714,0,9.31249555496,5.0,,0.00600600600601,0,0.757063285667,2.04130569797,5,403
715,0,6.29545003237,5.0,,0.00800800800801,0,0.883504301115,-1.35506287098,5,544
716,1,2.94750993731,1.0,3.0,0.00600600600601,0,-0.644441146154,-0.119166624226,5,208
717,1,3.82073498294,3.0,4.0,0.00900900900901,1,-0.00289040360984,-1.17059380623,5,312
718,1,3.78841564369,3.0,4.0,0.00700700700701,1,-0.147162971087,-0.770095443053,5,403
719,1,6.0773661268,5.0,8.0,0.01001001001,0,0.280999272708,0.234368308677,5,614
720,1,4.372248794,4.0,5.0,0.00600600600601,1,-0.69003306683,1.44234799449,5,687
721,0,5.73318893867,5.0,,0.00700700700701,0,0.430418939606,-0.558067880145,5,696
722,1,5.14882806846,3.0,6.0,0.00600600600601,0,-0.445019233055,1.48388576762,5,513
723,1,2.83828739692,1.0,3.0,0.00800800800801,0,-0.644630043652,-0.227822472126,5,235
724,1,5.48855140629,5.0,6.0,0.00800800800801,1,0.42016389198,-0.77194026965,5,685
725,1,0.491453335565,0.0,3.0,0.00900900900901,0,-0.738503320822,-2.29303670197,5,110
726,0,6.85430568683,6.0,,0.00600600600601,0,0.287567684507,0.991602633311,5,398
727,1,1.85175965365,1.0,2.0,0.00700700700701,1,-0.183060784099,-2.59905799405,5,178
728,1,3.65493966399,3.0,4.0,0.00700700700701,1,0.00400087624968,-1.35706296476,5,458
729,1,2.98766788596,2.0,4.0,0.00600600600601,0,-0.303919490508,-1.10057364252,5,391
730,0,9.39411583012,5.0,,0.00700700700701,0,0.92246831642,1.62671088086,5,204
731,1,1.62269879132,0.0,3.0,0.00600600600601,0,-0.886816939132,-0.71685039128,5,319
732,0,10.3374129396,7.0,,0.00700700700701,0,0.902878600516,2.62877713805,5,417
733,0,7.14255935593,5.0,,0.00600600600601,0,1.15402481058,-1.31951507581,5,640
734,1,2.94637360919,,3.0,0.00600600600601,0,-0.387566436018,-0.89092708276,5,169
735,1,4.76222323516,0.0,5.0,0.00600600600601,0,-0.862470332556,2.34963423283,5,484
736,1,-2.89985313639,,0.0,0.00700700700701,1,-2.42946704063,-0.611452014498,5,80
737,1,0.977002947495,0.0,2.0,0.00700700700701,0,-0.41144522798,-2.78866136856,5,276
738,1,4.75346533178,1.0,5.0,0.00700700700701,0,-0.259413932211,0.531707128412,5,373
739,1,1.46491943013,1.0,2.0,0.00600600600601,1,-0.646276872279,-1.59624995304,5,107
740,1,2.8292039263,2.0,3.0,0.00800800800801,1,-0.289062667743,-1.30360807047,5,330
741,0,4.46875063881,4.0,,0.00700700700701,0,-0.550373619592,1.11987149758,5,361
742,1,1.69104284183,1.0,2.0,0.00600600600601,1,-1.29885310762,0.587602164691,5,192
743,0,8.33357133683,4.0,,0.00800800800801,0,0.69306330859,1.25438141106,5,332
744,0,7.8919907749,6.0,,0.00600600600601,0,0.355386920173,1.82583001438,5,179
745,0,8.90963517193,7.0,,0.00900900900901,0,0.961900363595,1.02393408114,5,641
746,1,2.54942927333,,4.0,0.00800800800801,0,-0.819415558999,0.00767595032814,5,200
747,0,4.16139464177,4.0,,0.00700700700701,0,0.157719250285,-1.31176310908,5,58
748,0,5.74427644173,5.0,,0.00800800800801,0,0.251680431871,-0.0107648538863,5,418
749,0,7.59184080678,6.0,,0.01001001001,0,0.484372461162,1.1387234233,5,655
750,0,6.66248097867,5.0,,0.00600600600601,0,0.331679367533,0.667442876067,5,250
751,0,7.24798263554,5.0,,0.00600600600601,0,0.706894376475,0.127299506118,5,420
752,0,7.49041481732,6.0,,0.00800800800801,0,1.0206536694,-0.571546190881,5,440
753,1,4.87120113341,4.0,5.0,0.00600600600601,1,-0.00787969167569,-0.105159791564,5,684
754,1,2.98865163526,0.0,3.0,0.00700700700701,0,-1.01150541541,1.02316788149,5,268
755,0,9.82908430105,7.0,,0.00900900900901,0,1.08451840898,1.5755290741,5,683
756,1,4.26998544959,3.0,5.0,0.00800800800801,0,-0.801899801108,1.67568485291,5,595
757,1,4.57984420339,4.0,5.0,0.00700700700701,1,-1.22580112822,3.25724758806,5,376
758,1,5.10434502652,5.0,6.0,0.00600600600601,1,-0.431705812562,1.39946246421,5,531
759,1,1.2854064997,1.0,4.0,0.00600600600601,0,-0.729655571911,-1.52562678457,5,524
760,1,0.909711842998,,1.0,0.00700700700701,0,-0.785296962973,-1.73439726808,5,60
761,0,7.55638072615,4.0,,0.00600600600601,0,0.796904434733,0.165667421954,5,638
762,0,7.57941365245,6.0,,0.00600600600601,0,0.566207725418,0.880790476198,5,110
763,0,4.37839020708,4.0,,0.00500500500501,0,-0.290109715592,0.248719353853,5,68
764,1,3.11827841305,2.0,4.0,0.00700700700701,0,-0.564136260152,-0.189312806496,5,511
765,1,2.29370671802,2.0,4.0,0.00600600600601,0,-0.253216812554,-1.94664284432,5,560
766,1,6.27868287443,5.0,7.0,0.00800800800801,0,0.957529973819,-1.59390704703,5,444
767,1,5.95750655173,3.0,6.0,0.00600600600601,0,0.21645134294,0.308152522912,5,517
768,0,8.78958186203,5.0,,0.00800800800801,0,0.63352256261,1.88901417421,5,726
769,0,13.1449276441,6.0,,0.00800800800801,0,1.67795718309,3.11105609486,5,556
770,0,6.81637799967,5.0,,0.00600600600601,0,0.45024591459,0.4656402559,5,697
771,0,6.37294036108,3.0,,0.00600600600601,0,0.0438538491596,1.2413788136,5,22
772,1,4.5029752364,0.0,6.0,0.00800800800801,0,-0.395060942865,0.688158064996,5,435
773,0,6.81119261674,6.0,,0.00600600600601,0,0.6196795904,-0.0478461544581,5,413
774,0,6.41186712115,5.0,,0.00600600600601,0,0.315001291745,0.466863245912,5,609
775,1,3.82518118676,0.0,5.0,0.00700700700701,0,-0.720949508185,0.988029711316,5,195
776,1,3.02480803394,3.0,4.0,0.00600600600601,1,-0.455469849973,-0.608782416139,5,211
777,1,0.703946560192,,1.0,0.00800800800801,0,-1.48484658793,0.158486323973,5,31
778,1,4.20200903606,3.0,5.0,0.00600600600601,0,0.477136714038,-2.22940110605,5,530
779,0,7.40008678674,7.0,,0.00700700700701,0,0.746215447843,0.161440443214,5,333
780,1,2.00044512688,2.0,3.0,0.00600600600601,1,-1.08316017171,0.249925641992,5,478
781,0,14.6511771374,4.0,,0.00700700700701,0,1.86808339297,4.04692695844,5,504
782,0,10.0522389055,4.0,,0.00700700700701,0,2.3555693711,-2.01446920777,5,33
783,1,8.42481882656,5.0,9.0,0.011011011011,0,1.52175727601,-1.14045300145,5,593
784,0,5.5311128658,5.0,,0.00700700700701,0,-0.613304309187,2.37102579336,5,202
785,1,-0.0349297006709,,0.0,0.00700700700701,1,-1.20448380696,-1.42147827978,5,8
786,0,7.23346991002,5.0,,0.00700700700701,0,0.692075087892,0.157244646341,5,680
787,1,1.94274066629,1.0,2.0,0.00600600600601,1,-0.230404063483,-2.36604714326,5,218
788,1,5.11588062898,,6.0,0.00700700700701,0,0.206262541361,-0.502906995101,5,589
789,1,0.815286964878,,1.0,0.00600600600601,0,-0.420353776676,-2.92365170509,5,10
790,0,9.07357555961,6.0,,0.00700700700701,0,0.6290138607,2.18653397751,5,264
791,0,14.719871834,5.0,,0.00600600600601,0,2.2005545906,3.1182080622,5,411
792,0,5.46389995317,4.0,,0.00600600600601,0,0.150969106604,0.0109926333545,5,597
793,1,0.771749256638,,2.0,0.00600600600601,0,-0.784035600604,-1.87614394155,5,86
794,0,7.08818399861,5.0,,0.00800800800801,0,0.358331761328,1.01318871463,5,275
795,1,3.66033845853,3.0,4.0,0.00600600600601,1,-0.999651407807,1.65929268195,5,153
796,1,4.89124276841,3.0,5.0,0.00600600600601,0,-0.0253556284113,-0.0326903463537,5,619
797,0,7.15544441821,6.0,,0.00600600600601,0,0.99456921523,-0.828263227475,5,254
798,0,6.61777731068,6.0,,0.00600600600601,0,0.353891615348,0.55610246464,5,373
799,1,-2.28567744337,,2.0,0.00600600600601,0,-1.06818251478,-4.08112989903,5,191
800,0,7.90340964371,5.0,,0.00600600600601,0,0.373292720543,1.78353148208,5,735
801,1,0.974397378781,,1.0,0.00600600600601,0,-1.30914758072,-0.0981598790647,5,102
802,0,8.22266693352,4.0,,0.00600600600601,0,1.18683220859,-0.337829692251,5,385
803,1,2.70957675985,2.0,5.0,0.00600600600601,0,-0.635691254332,-0.383349477152,5,348
804,0,4.44949647646,4.0,,0.00600600600601,0,1.14827139413,-3.99531770593,5,724
805,0,7.70379043541,6.0,,0.00800800800801,0,0.877837503377,0.0702779252829,5,371
806,0,8.53428020669,6.0,,0.00600600600601,0,1.40052958115,-0.667308536761,5,424
807,0,6.27766427001,4.0,,0.00600600600601,0,0.395666694085,0.0906641877548,5,330
808,0,8.26585631621,6.0,,0.00700700700701,0,0.652704597209,1.30774252458,5,258
809,1,3.43433684638,2.0,5.0,0.00700700700701,0,-0.786377064074,0.793468038598,5,464
810,1,3.82712253231,2.0,6.0,0.00800800800801,0,-0.182734126916,-0.624675086938,5,546
811,0,8.17715228839,3.0,,0.00700700700701,0,1.22549925921,-0.499345489256,5,46
812,1,-2.5536473134,,0.0,0.00700700700701,1,-2.16186823384,-1.06804261188,5,34
813,1,4.88250588353,1.0,5.0,0.00800800800801,0,-0.14653850703,0.322121404621,5,436
814,0,10.0988991204,7.0,,0.00700700700701,0,1.96468322474,-0.795150553817,5,346
815,0,4.18761695536,4.0,,0.00600600600601,0,-0.138350999569,-0.397330045931,5,651
816,1,4.82820426152,4.0,5.0,0.00600600600601,1,0.0888372591794,-0.438307516015,5,674
817,0,9.78939072861,5.0,,0.00600600600601,0,2.38691207934,-2.37134550942,5,518
818,0,5.982106265,5.0,,0.00600600600601,0,0.278604722644,0.146292097063,5,458
819,1,5.35789647105,5.0,6.0,0.00600600600601,1,-0.60501956023,2.17295515174,5,665
820,0,6.98884614041,6.0,,0.00600600600601,0,0.680133837353,-0.0515553716481,5,310
821,1,-3.98958448458,,0.0,0.00800800800801,1,-2.30895371327,-2.06272334476,5,46
822,1,5.10607217922,3.0,6.0,0.00600600600601,0,-0.309089583045,1.03334092835,5,667
823,1,-1.94961490314,,1.0,0.00800800800801,0,-2.60627340557,0.869205313576,5,20
824,1,5.29026681466,5.0,6.0,0.00700700700701,1,-0.133319465473,0.690225211077,5,623
825,1,-1.35501993969,,0.0,0.00800800800801,1,-1.88284846534,-0.706474543659,5,16
826,0,13.6671798392,3.0,,0.00700700700701,0,2.04950481282,2.5186654008,5,192
827,1,4.63191323788,3.0,5.0,0.00600600600601,0,-0.520074168162,1.19213574236,5,535
828,0,9.20254771246,5.0,,0.00600600600601,0,1.57625347543,-0.526212713844,5,451
829,1,0.535175541743,0.0,4.0,0.00600600600601,0,-1.74088085058,0.757818093473,5,483
830,0,5.76196141633,5.0,,0.00600600600601,0,0.393764040466,-0.419330705072,5,545
831,1,6.19750071949,6.0,7.0,0.00700700700701,1,0.0707834054073,0.985150503265,5,661
832,0,8.21184840089,6.0,,0.00600600600601,0,0.891814445289,0.536405065019,5,543
833,1,3.69134929442,3.0,5.0,0.00600600600601,0,-0.0881621311806,-1.04416431204,5,670
834,1,1.84774045122,1.0,4.0,0.00700700700701,0,-0.69890567649,-1.05554251931,5,258
835,1,1.11760894056,,2.0,0.00700700700701,0,-0.761269681201,-1.59858201584,5,84
836,1,-0.751028540245,,5.0,0.00800800800801,0,-2.43868386585,1.56502305731,5,414
837,0,4.14729538845,4.0,,0.00600600600601,0,0.452557673828,-2.21037763303,5,270
838,1,5.10765011108,4.0,6.0,0.00700700700701,0,-0.731355211014,2.30171574412,5,548
839,1,5.1775424724,5.0,7.0,0.01001001001,0,0.255922510775,-0.590225059926,5,480
840,1,1.40971279226,1.0,2.0,0.00600600600601,1,-0.0715073523503,-3.37576515069,5,48
841,1,3.20501542216,2.0,4.0,0.00800800800801,0,-0.479845414295,-0.355448334957,5,498
842,0,5.71052899144,5.0,,0.00600600600601,0,0.330033292079,-0.2795708848,5,539
843,1,4.52513892814,2.0,5.0,0.00600600600601,0,0.01417896525,-0.517397967614,5,485
844,1,4.81595598847,4.0,6.0,0.00700700700701,0,0.715013333805,-2.32908401295,5,475
845,0,6.80454383319,6.0,,0.00600600600601,0,0.367109710465,0.703214701797,5,486
846,0,6.78031869423,4.0,,0.00700700700701,0,0.917682113576,-0.9727276465,5,76
847,1,4.42791345812,4.0,5.0,0.00900900900901,1,-0.264706634902,0.22203336283,5,688
848,0,6.3904915953,6.0,,0.00700700700701,0,0.848791830296,-1.15588389558,5,166
849,1,0.508852541486,,1.0,0.00700700700701,0,-1.50427061846,0.0216643968763,5,85
850,0,8.49568707278,5.0,,0.00800800800801,0,0.425230466854,2.21999567222,5,559
851,1,2.57689948457,2.0,4.0,0.00700700700701,0,-0.775477772154,-0.0966671989663,5,381
852,0,6.82615126194,6.0,,0.00600600600601,0,1.08984324849,-1.44337848355,5,330
853,1,3.34913775804,3.0,4.0,0.00600600600601,1,0.22903134641,-2.33795628119,5,591
854,1,-1.05481568056,,0.0,0.00600600600601,1,-2.21474319767,0.589413912463,5,35
855,1,0.548605149146,0.0,1.0,0.00600600600601,1,-0.638948198095,-2.53455025657,5,374
856,0,6.65221995487,6.0,,0.00800800800801,0,1.15268647469,-1.80583946921,5,20
857,0,9.16886158537,7.0,,0.00700700700701,0,1.10842253459,0.843593981605,5,727
858,0,8.45447072727,4.0,,0.00600600600601,0,0.615959598945,1.60659193044,5,425
859,1,-0.666943434656,,1.0,0.00600600600601,0,-1.41056988684,-1.43523377414,5,83
860,0,6.57588252014,4.0,,0.00600600600601,0,1.16340745278,-1.9143398382,5,362
861,0,8.92236181589,7.0,,0.00900900900901,0,1.08590247503,0.664654390812,5,520
862,1,0.983162306503,,1.0,0.00600600600601,0,-1.58208675368,0.729422567531,5,51
863,1,4.0477336508,2.0,5.0,0.00600600600601,0,0.279235014014,-1.78997139124,5,437
864,0,4.93112741863,4.0,,0.00600600600601,0,-0.740842018125,2.153653473,5,216
865,1,0.577460124439,0.0,3.0,0.00700700700701,0,-1.39914245041,-0.225112524321,5,430
866,0,6.67365010868,3.0,,0.00600600600601,0,0.339623514737,0.654779564467,5,509
867,1,3.47604866773,3.0,4.0,0.00700700700701,1,-0.326820028243,-0.543491247542,5,440
868,1,2.73234907017,1.0,3.0,0.00600600600601,0,-0.980456079335,0.67371730817,5,642
869,1,3.22969375402,3.0,5.0,0.00600600600601,0,-0.499606847945,-0.271485702149,5,680
870,1,0.953979170868,0.0,1.0,0.00600600600601,1,-1.74357094444,1.18469200419,5,117
871,1,3.45177537237,2.0,5.0,0.00700700700701,0,-0.762231588348,0.738470137415,5,549
872,1,3.96539538756,3.0,4.0,0.00600600600601,1,-0.290132925577,-0.164205835714,5,356
873,1,3.33742219418,2.0,4.0,0.00600600600601,0,0.504908581825,-3.17730355129,5,521
874,1,5.30479689814,2.0,6.0,0.00600600600601,0,0.506221822042,-1.21386856798,5,648
875,0,6.00812786112,4.0,,0.00600600600601,0,0.357311059865,-0.0638053184727,5,382
876,1,0.524094984765,,1.0,0.00600600600601,0,-1.15727530869,-1.00407908916,5,71
877,1,-0.10766331505,,0.0,0.00600600600601,1,-0.661178342569,-3.12412828734,5,13
878,0,9.0757964626,6.0,,0.00700700700701,0,1.49897718572,-0.421135094568,5,606
879,1,1.22970492927,0.0,3.0,0.00700700700701,0,-1.4391032255,0.547014605781,5,277
880,1,4.76940666836,4.0,5.0,0.00600600600601,1,-0.250539799804,0.521026067775,5,539
881,0,9.78952141607,3.0,,0.00600600600601,0,1.3580992971,0.715223524778,5,671
882,1,4.78454281657,4.0,5.0,0.00600600600601,1,0.20897039185,-0.842368358985,5,423
883,1,2.60446499609,2.0,3.0,0.00600600600601,1,-0.247457416606,-1.6531627541,5,199
884,1,2.35473761196,2.0,5.0,0.00700700700701,0,0.0295052085067,-2.73377801356,5,334
885,0,4.69998083479,4.0,,0.00700700700701,0,0.449742080108,-1.64924540553,5,690
886,1,3.76480770471,2.0,4.0,0.00600600600601,0,-0.794328915445,1.14779445105,5,668
887,1,4.60870036732,3.0,7.0,0.00800800800801,0,0.0771918093464,-0.62287506072,5,542
888,1,6.31032574092,5.0,7.0,0.00800800800801,0,-0.417352698613,2.56238383676,5,553
889,1,4.00205743979,4.0,5.0,0.00600600600601,1,-0.543202838844,0.631665956326,5,358
890,0,6.87368696987,5.0,,0.00600600600601,0,0.141649785984,1.44873761192,5,707
891,0,10.5241205709,4.0,,0.00600600600601,0,0.906595837395,2.80433305868,5,276
892,0,5.65811147681,5.0,,0.00600600600601,0,1.23002306231,-3.03195771011,5,522
893,1,4.50219511835,3.0,5.0,0.00600600600601,0,0.215173220461,-1.14332454303,5,508
894,0,3.30375093916,3.0,,0.00700700700701,0,-0.812103555948,0.740061607,5,315
895,0,7.11541784982,5.0,,0.00600600600601,0,0.70518568999,-0.000139220145492,5,679
896,0,7.86555928292,4.0,,0.00600600600601,0,0.341995326821,1.83957330246,5,623
897,0,7.143803407,4.0,,0.00700700700701,0,0.761228726202,-0.139882771609,5,113
898,1,0.940362549087,0.0,3.0,0.00600600600601,0,-1.00520926077,-1.04400966859,5,177
899,0,5.63385478394,4.0,,0.00700700700701,0,-0.0781245635624,0.868228474628,5,535
900,1,4.65610697594,4.0,5.0,0.00600600600601,1,-0.440299044652,0.977004109898,5,387
901,0,10.3922476209,5.0,,0.00600600600601,0,0.249526539885,4.64366800129,5,632
902,0,5.9377350622,5.0,,0.00600600600601,0,1.00003552051,-2.06237149934,5,312
903,1,2.95004288889,2.0,3.0,0.00800800800801,1,-1.01338247228,0.990190305729,5,463
904,1,2.19890532288,2.0,4.0,0.00600600600601,0,-0.991515936721,0.173453133038,5,299
905,0,12.7151093057,5.0,,0.00600600600601,0,2.06518389874,1.51955760947,5,65
906,1,3.93471156493,3.0,4.0,0.00600600600601,1,-0.0744306343575,-0.841996532002,5,482
907,1,2.44166848037,0.0,3.0,0.00600600600601,0,-0.584685978134,-0.804273585224,5,468
908,1,2.03525950039,2.0,3.0,0.00600600600601,1,-0.246880935624,-2.22409769274,5,551
909,0,10.0632371408,5.0,,0.00600600600601,0,1.39009895487,0.892940276148,5,650
910,1,-1.00038205143,,0.0,0.00600600600601,1,-1.34729860786,-1.95848622786,5,23
911,0,9.35478811972,6.0,,0.00600600600601,0,0.850589945756,1.80301828246,5,634
912,1,4.79717035572,4.0,5.0,0.00600600600601,1,0.165378310617,-0.69896457613,5,552
913,1,2.74660377912,2.0,3.0,0.00700700700701,1,-0.541930711266,-0.627604087087,5,544
914,1,-0.341601402598,,0.0,0.00600600600601,1,-0.524522323029,-3.76803443351,5,59
915,1,1.61082348932,1.0,4.0,0.00700700700701,0,-1.08128902242,-0.14530944342,5,340
916,1,3.82545116182,3.0,5.0,0.00600600600601,0,-1.09650860222,2.11497696849,5,455
917,0,6.60409343613,5.0,,0.00600600600601,0,0.702498832877,-0.503403062504,5,620
918,0,9.0016901352,5.0,,0.00600600600601,0,-0.134319942303,4.40464996211,5,243
919,1,1.0922438217,1.0,2.0,0.00600600600601,1,-0.794169015957,-1.52524913043,5,210
920,0,10.7197224424,6.0,,0.00600600600601,0,1.90621118001,0.00108890231629,5,91
921,1,2.58441724657,2.0,3.0,0.00600600600601,1,-0.088997017404,-2.14859170122,5,400
922,1,4.44573191381,4.0,5.0,0.00600600600601,1,0.187722034932,-1.11743419098,5,529
923,1,3.53165514569,3.0,5.0,0.00600600600601,0,0.472171808966,-2.88486028121,5,689
924,1,0.343941215429,0.0,2.0,0.00600600600601,0,-1.28976269012,-0.786770714221,5,187
925,0,7.75337234255,3.0,,0.00600600600601,0,0.570448429727,1.04202705337,5,445
926,0,6.21209003117,6.0,,0.00600600600601,0,1.05507634299,-1.9531389978,5,653
927,1,1.66766187532,0.0,4.0,0.00600600600601,0,-1.46888796701,1.07432577634,5,149
928,0,7.2761667657,6.0,,0.00700700700701,0,0.268801468472,1.46976236029,5,679
929,0,9.88492237994,3.0,,0.00600600600601,0,1.77761046013,-0.447909000441,5,469
930,0,6.07007024192,4.0,,0.00600600600601,0,-0.0407757469031,1.19239748263,5,231
931,0,6.22440007086,5.0,,0.00600600600601,0,0.590902524976,-0.54830750407,5,291
932,0,5.71473633538,4.0,,0.00700700700701,0,-0.271217516035,1.52838888348,5,266
933,0,5.73896199435,4.0,,0.00600600600601,0,0.620476867741,-1.12246860887,5,301
934,1,0.184301555999,0.0,4.0,0.00600600600601,0,-1.32511116856,-0.840364938313,5,285
935,0,8.34867767379,5.0,,0.00700700700701,0,0.550721161687,1.69651418873,5,704
936,1,3.15349252007,3.0,4.0,0.00600600600601,1,-0.711059069794,0.286669729455,5,343
937,1,0.604380040695,,2.0,0.00700700700701,0,-1.44034306057,-0.0745907775929,5,68
938,1,-0.516768681259,,0.0,0.00600600600601,1,-0.422075958508,-4.25054080573,5,17
939,0,8.33808136533,4.0,,0.00600600600601,0,0.36837311401,2.2329620233,5,275
940,1,3.14750258828,2.0,5.0,0.00600600600601,0,-0.946307303214,0.98642449792,5,487
941,1,5.12694675225,5.0,6.0,0.00800800800801,1,-0.124651156955,0.500900223116,5,673
942,1,2.88155406029,0.0,3.0,0.00600600600601,0,-0.119477717274,-1.76001278788,5,503
943,0,4.05595626614,4.0,,0.00700700700701,0,0.815465126011,-3.39043911189,5,637
944,1,0.104016426225,0.0,3.0,0.00700700700701,0,-0.918143766294,-2.14155227489,5,290
945,1,3.13178062881,3.0,4.0,0.00700700700701,1,-0.667560155506,0.134461095326,5,239
946,1,3.12731655154,2.0,5.0,0.00600600600601,0,-0.824537534774,0.600929155867,5,637
947,1,4.93452187918,3.0,5.0,0.00600600600601,0,-0.182475828998,0.481949366178,5,554
948,0,5.20997712419,5.0,,0.00600600600601,0,-0.240292252888,0.930853882852,5,96
949,0,7.03662830119,4.0,,0.00600600600601,0,0.391720372126,0.861467184814,5,467
950,0,9.58390535308,6.0,,0.00600600600601,0,1.38684059188,0.42338357743,5,66
951,1,4.21570718592,2.0,5.0,0.00700700700701,0,-0.638202697818,1.13031527938,5,198
952,0,14.557802069,3.0,,0.00600600600601,0,2.10304785741,3.24865849679,5,208
953,0,2.13243593939,2.0,,0.00700700700701,0,-0.342522578973,-1.83999632369,5,480
954,1,4.35805081195,4.0,5.0,0.00600600600601,1,-0.0953196576531,-0.355990215092,5,416
955,0,6.5607922157,5.0,,0.00600600600601,0,0.597140412552,-0.230629021955,5,190
956,1,3.13888139524,1.0,5.0,0.00600600600601,0,-0.583950522588,-0.109267036997,5,496
957,0,10.0347631011,5.0,,0.00600600600601,0,1.43103428766,0.741660238154,5,196
958,0,7.93842683263,5.0,,0.00600600600601,0,1.09674445625,-0.351806536126,5,576
959,1,2.39387668916,2.0,5.0,0.00600600600601,0,0.0587577470835,-2.78239655209,5,366
960,1,3.54343576992,3.0,5.0,0.00700700700701,0,-0.677459857448,0.575815342268,5,238
961,0,11.1867781829,4.0,,0.00600600600601,0,1.91486665402,0.442178220847,5,233
962,1,4.96764238691,4.0,5.0,0.00600600600601,1,-0.289031206217,0.834736005562,5,613
963,1,-1.70213982675,,2.0,0.00600600600601,0,-2.44337821923,0.627994830953,5,88
964,0,5.47442448104,4.0,,0.00600600600601,0,-0.679883401176,2.51407468456,5,302
965,1,4.01767420188,4.0,5.0,0.00600600600601,1,-0.334963932766,0.0225660001787,5,672
966,1,-0.329993013046,,2.0,0.00600600600601,0,-1.79027903367,0.0408440879553,5,148
967,0,10.1447147523,5.0,,0.00700700700701,0,1.48304389736,0.695583060231,5,325
968,1,2.66719860755,2.0,4.0,0.00700700700701,0,-0.361514358065,-1.24825831826,5,523
969,1,3.0093637043,3.0,4.0,0.00600600600601,1,-0.503251357352,-0.480882223639,5,573
970,0,4.00815033773,4.0,,0.00600600600601,0,-0.194588618473,-0.408083806849,5,211
971,1,1.21676943748,0.0,4.0,0.00600600600601,0,-0.913780027377,-1.04189048039,5,467
972,1,-0.643549344651,,0.0,0.00600600600601,1,-0.831862166661,-3.14796284467,5,29
973,0,5.34576009631,4.0,,0.00600600600601,0,-0.508967245622,1.87266183318,5,631
974,1,4.12096776087,4.0,5.0,0.00600600600601,1,-0.842497456823,1.64846013134,5,577
975,1,5.65512442105,5.0,6.0,0.00600600600601,1,0.589182344632,-1.11242261284,5,678
976,0,11.4669006776,4.0,,0.00600600600601,0,2.1377402439,0.0536799458479,5,219
977,0,5.10755732586,5.0,,0.00600600600601,0,-0.145423262541,0.543827113479,5,326
978,1,-0.759935952539,,1.0,0.00600600600601,0,-1.01123174325,-2.72624072278,5,135
979,0,7.81590059173,6.0,,0.00600600600601,0,0.651577398295,0.861168396842,5,397
980,1,2.96548241114,0.0,4.0,0.00700700700701,0,-0.0996130262169,-1.73567851021,5,224
981,1,4.22989050501,4.0,6.0,0.00600600600601,0,0.509656037829,-2.29907760848,5,486
982,1,1.63309761694,1.0,2.0,0.00600600600601,1,-1.23839484074,0.348282139161,5,257
983,0,7.62184475463,6.0,,0.00600600600601,0,0.431573433708,1.3271244535,5,592
984,1,2.10306580471,2.0,3.0,0.00600600600601,1,-0.423897515763,-1.625241648,5,251
985,1,1.12882732955,1.0,2.0,0.00600600600601,1,-0.994295193107,-0.888287091127,5,275
986,0,6.81022182704,6.0,,0.00600600600601,0,0.812174572529,-0.626301890547,5,351
987,0,6.12991671078,6.0,,0.00600600600601,0,-0.0123387671329,1.16693301218,5,623
988,1,2.90733953534,1.0,3.0,0.00600600600601,0,-1.03376244412,1.00862686771,5,141
989,0,5.70274335032,4.0,,0.00600600600601,0,0.339419697915,-0.315515743428,5,8
990,1,-2.00799107914,,0.0,0.00600600600601,1,-1.71920217709,-1.85038454788,5,12
991,1,2.16403294125,0.0,3.0,0.00600600600601,0,-0.687462720244,-0.773578898022,5,375
992,1,0.496971950787,,3.0,0.00600600600601,0,-0.920119483199,-1.74266959961,5,328
993,0,5.49273189167,4.0,,0.00600600600601,0,-0.600317188312,2.2936834566,5,462
994,1,3.93797885429,1.0,4.0,0.00600600600601,0,-0.161271602871,-0.578206337097,5,185
995,1,4.95683878876,2.0,5.0,0.00600600600601,0,0.379898273764,-1.18285603253,5,615
996,0,7.59903774081,5.0,,0.00600600600601,0,0.403582304047,1.38829082867,5,621
997,1,2.37489503374,2.0,3.0,0.00600600600601,1,-1.04512839069,0.51028020582,5,361
998,0,8.82177632453,5.0,,0.00600600600601,0,0.956918656037,0.951020356422,5,112
999,0,8.51253582976,6.0,,0.00600600600601,0,0.706814758298,1.39209155487,5,416
