name,activated,threshold,before_activation_alters,after_activation_alters,degree,observed,var1,epsilon,constant,activation_order
0,1,5.78468663396,,29.0,0.0700700700701,0,0.297610247491,-0.108144108514,5,240
1,1,5.27463474741,,19.0,0.101101101101,0,0.397928333694,-0.919150253667,5,133
2,1,3.02908686059,,4.0,0.0910910910911,0,0.146390283428,-2.4100839897,5,37
3,1,2.81298478225,1.0,14.0,0.0790790790791,0,-0.707375405388,-0.0648890015876,5,112
4,1,4.23521864805,1.0,5.0,0.102102102102,0,-0.152149899042,-0.308331654823,5,47
5,1,5.08793835973,1.0,6.0,0.0690690690691,0,0.418799498093,-1.16846013455,5,76
6,1,9.0636187481,0.0,22.0,0.0670670670671,0,1.27000737114,0.253596634683,5,181
7,1,3.03113219791,,6.0,0.113113113113,0,0.0677587443741,-2.17214403521,5,45
8,1,7.08526337022,2.0,10.0,0.0920920920921,0,0.763418859063,-0.204993206967,5,109
9,1,7.50370132778,3.0,12.0,0.0780780780781,0,0.676930096101,0.472911039474,5,87
10,1,7.80633134993,1.0,10.0,0.0630630630631,0,0.519448590944,1.2479855771,5,154
11,1,2.13158095493,,3.0,0.0550550550551,0,-1.19069865116,0.703676908417,5,28
12,1,1.44719308399,,4.0,0.0670670670671,0,-1.03664024447,-0.442886182604,5,38
13,1,0.18884668083,,15.0,0.0690690690691,0,-0.995119302499,-1.82579541167,5,129
14,1,2.97796432785,,33.0,0.0880880880881,0,-0.598842163031,-0.225509183055,5,354
15,1,3.49634525287,2.0,12.0,0.041041041041,0,-0.874360849694,1.11942780195,5,132
16,1,4.74757666784,2.0,36.0,0.0580580580581,0,-0.243141888888,0.477002334505,5,589
17,1,0.578243195146,0.0,4.0,0.024024024024,0,-1.97684661638,1.50878304427,5,97
18,1,7.86851898739,3.0,13.0,0.0520520520521,0,0.770652782377,0.556560640256,5,169
19,1,5.43984639979,,28.0,0.0660660660661,0,0.0955830918121,0.153097124351,5,279
20,1,5.46875028352,1.0,14.0,0.043043043043,0,0.342981801993,-0.560195122461,5,213
21,1,3.18257685915,0.0,10.0,0.049049049049,0,-1.0347031421,1.28668628545,5,127
22,1,2.15055667776,1.0,4.0,0.0570570570571,0,-1.38730258897,1.31246444466,5,79
23,1,6.15850741081,5.0,18.0,0.046046046046,0,0.16569816516,0.66141291533,5,209
24,1,7.88345927098,6.0,9.0,0.033033033033,0,1.03011876305,-0.206897018177,5,152
25,1,8.14355337755,,11.0,0.026026026026,0,1.2168398385,-0.506966137948,5,137
26,1,0.121070998152,0.0,1.0,0.035035035035,1,-1.30476115037,-0.964645550733,5,32
27,1,4.5524941319,0.0,22.0,0.038038038038,0,-0.0110869533036,-0.414245008192,5,434
28,1,2.71485995507,1.0,6.0,0.026026026026,0,-1.06160629614,0.899678843505,5,98
29,1,3.0332377523,1.0,4.0,0.023023023023,0,-0.0594010786722,-1.78855901168,5,102
30,1,3.73007745853,2.0,10.0,0.019019019019,0,-0.900021954977,1.43014332346,5,286
31,1,1.73945256835,0.0,7.0,0.032032032032,0,-1.35065331533,0.791412514338,5,73
32,1,8.63083168157,4.0,39.0,0.0580580580581,0,1.58508403227,-1.12442041523,5,629
33,1,4.65704133942,2.0,7.0,0.045045045045,0,0.0623678265625,-0.530062140268,5,183
34,1,9.31542986833,3.0,10.0,0.018018018018,0,1.57519964806,-0.41016907585,5,401
35,1,3.92697290726,0.0,10.0,0.0520520520521,0,0.160070975064,-1.55324001793,5,151
36,1,4.17237442683,,14.0,0.039039039039,0,-0.0639091790228,-0.635898036106,5,210
37,1,7.61540082489,4.0,9.0,0.045045045045,0,0.591930990563,0.839607853201,5,179
38,1,8.37221785383,2.0,22.0,0.032032032032,0,1.13889582837,-0.0444696312881,5,560
39,1,6.76321103914,5.0,9.0,0.049049049049,0,0.162875343577,1.27458500841,5,157
40,1,3.28459383181,0.0,5.0,0.0550550550551,0,-0.055198805322,-1.54980975223,5,78
41,1,6.82974618024,0.0,11.0,0.044044044044,0,0.492232909516,0.353047451692,5,125
42,1,0.557751998613,0.0,4.0,0.035035035035,0,-1.04558834477,-1.30548296706,5,60
43,1,0.774207060524,,1.0,0.019019019019,0,-1.39099094782,-0.0528200960104,5,54
44,1,4.46699026916,2.0,21.0,0.038038038038,0,-0.410151063861,0.697443460747,5,352
45,1,2.94847270035,1.0,3.0,0.034034034034,0,-0.288547983644,-1.18588334872,5,72
46,1,3.65721616119,2.0,10.0,0.025025025025,0,-0.392452713963,-0.165425696917,5,242
47,1,3.19089896563,,5.0,0.019019019019,0,-0.23324505241,-1.10936587714,5,105
48,1,6.23024313518,0.0,8.0,0.037037037037,0,-0.0880337092174,1.49434426283,5,194
49,1,5.32456600637,5.0,10.0,0.017017017017,0,-0.270573899894,1.13628770606,5,260
50,1,3.69432414493,0.0,4.0,0.018018018018,0,-0.362316275764,-0.218727027781,5,104
51,1,3.00810989351,0.0,14.0,0.037037037037,0,-0.706335115943,0.127115241343,5,166
52,1,-0.24881802147,,0.0,0.013013013013,1,-1.87238226813,0.368328782913,5,34
53,1,4.38785698104,1.0,10.0,0.027027027027,0,-0.438849171183,0.704404494594,5,221
54,1,10.1538458377,8.0,15.0,0.03003003003,0,1.40778608974,0.930487568519,5,305
55,1,8.71099853316,7.0,9.0,0.023023023023,0,0.578484234282,1.97554583032,5,283
56,1,7.21154368206,4.0,8.0,0.033033033033,0,0.235596783962,1.50475333018,5,306
57,1,4.54697190021,0.0,8.0,0.015015015015,0,0.314127890016,-1.39541176984,5,244
58,1,9.96579906916,9.0,14.0,0.019019019019,0,1.30378083826,1.05445655437,5,439
59,1,6.33742088382,6.0,7.0,0.00900900900901,1,-0.292547021085,2.21506194708,5,603
60,1,7.38047727006,7.0,11.0,0.023023023023,0,0.823033756273,-0.0886239987558,5,320
61,1,11.8289947762,11.0,13.0,0.015015015015,0,2.5328879317,-0.769669018949,5,680
62,1,4.39919021254,,5.0,0.022022022022,0,0.00530553244497,-0.616726384796,5,63
63,0,10.1990437239,10.0,,0.013013013013,0,1.72482462446,0.0245698505215,5,107
64,1,2.49921245855,,4.0,0.023023023023,0,-0.636260161069,-0.592007058243,5,247
65,1,4.33544811794,,8.0,0.036036036036,0,-0.271516651656,0.14999807291,5,160
66,1,2.1291550715,,14.0,0.019019019019,0,-0.546840853565,-1.2303223678,5,622
67,1,7.08439452654,6.0,12.0,0.025025025025,0,0.159588613449,1.60562868619,5,174
68,1,5.2040128226,2.0,8.0,0.024024024024,0,0.319552612838,-0.754645015915,5,208
69,1,4.73196402039,1.0,5.0,0.016016016016,0,-0.0519796683512,-0.112096974557,5,164
70,1,5.65150529509,1.0,7.0,0.018018018018,0,0.249559101405,-0.0971720091283,5,440
71,1,3.16253709543,1.0,10.0,0.049049049049,0,-0.819730541701,0.621728720535,5,186
72,1,3.36920873657,,5.0,0.029029029029,0,-0.188313186502,-1.06585170392,5,116
73,1,6.04487700607,6.0,8.0,0.023023023023,0,0.376754580033,-0.0853867340324,5,312
74,0,12.8168829989,8.0,,0.01001001001,0,2.78267500268,-0.531142009181,5,282
75,1,2.98083637144,2.0,4.0,0.027027027027,0,-0.387541539618,-0.856539009705,5,95
76,1,5.18695303824,3.0,7.0,0.034034034034,0,0.0280007027453,0.102950930006,5,49
77,1,7.53720539296,2.0,12.0,0.024024024024,0,0.807124040834,0.115833270459,5,415
78,1,0.0388526368098,,2.0,0.013013013013,0,-1.55417667022,-0.298617352516,5,62
79,1,0.133393373266,,1.0,0.024024024024,0,-1.52100975201,-0.303577370706,5,21
80,1,2.40105573637,0.0,9.0,0.027027027027,0,-0.296896820093,-1.70825380335,5,203
81,1,7.32546012173,7.0,15.0,0.02002002002,0,0.561917899514,0.639706423188,5,646
82,1,0.876266531824,,10.0,0.019019019019,0,-1.16186096702,-0.638150567113,5,425
83,1,6.03020917827,6.0,7.0,0.019019019019,1,0.396083404717,-0.158041035879,5,269
84,1,-0.883951399389,,0.0,0.027027027027,1,-1.44342268919,-1.55368333182,5,9
85,1,2.97029638999,2.0,5.0,0.015015015015,0,-0.16459540982,-1.53591738055,5,171
86,1,2.25188294471,1.0,4.0,0.019019019019,0,-1.08082251622,0.494350493368,5,100
87,1,1.77658942912,0.0,3.0,0.014014014014,0,-1.25035232972,0.527646418283,5,173
88,1,4.16378872216,2.0,6.0,0.019019019019,0,-0.257272642924,-0.0643933490651,5,189
89,1,7.92882290084,1.0,11.0,0.029029029029,0,0.768610320807,0.622991938413,5,289
90,1,3.12822384391,0.0,5.0,0.018018018018,0,-0.876750424862,0.758475118501,5,148
91,1,7.81833806411,7.0,8.0,0.014014014014,1,0.543560245902,1.18765732641,5,618
92,1,8.12360744745,8.0,9.0,0.012012012012,1,1.13972525403,-0.295568314623,5,521
93,1,4.71722214869,4.0,6.0,0.016016016016,0,0.264276143051,-1.07560628047,5,246
94,1,6.28185284617,4.0,7.0,0.013013013013,0,1.00126593759,-1.7219449666,5,291
95,1,3.45821347518,3.0,5.0,0.013013013013,0,-0.762175884109,0.744741127508,5,497
96,1,4.4947993691,,7.0,0.023023023023,0,-0.758487816779,1.77026281943,5,161
97,1,0.0697658119401,,3.0,0.017017017017,0,-1.11643388956,-1.58093251938,5,84
98,1,2.19701609102,2.0,6.0,0.018018018018,0,-0.706368745716,-0.683877671834,5,135
99,1,4.801218687,0.0,7.0,0.037037037037,0,0.86136134982,-2.78286536246,5,249
100,1,12.4417056525,7.0,13.0,0.036036036036,0,2.82231477121,-1.02523866111,5,301
101,1,4.73480701509,0.0,6.0,0.022022022022,0,-0.494312429859,1.21774430467,5,178
102,1,5.10819768077,1.0,13.0,0.021021021021,0,0.0375871563325,-0.00456378823136,5,528
103,1,2.17176596273,1.0,3.0,0.028028028028,0,-0.539176338946,-1.21070502043,5,39
104,1,2.1996357389,1.0,6.0,0.014014014014,0,-1.02756442341,0.282329009141,5,259
105,1,1.5445037254,0.0,2.0,0.024024024024,0,-1.42721193486,0.826139529987,5,46
106,1,1.84768992587,,2.0,0.012012012012,0,-1.00137299773,-0.148191080953,5,71
107,1,5.14775391149,1.0,8.0,0.021021021021,0,0.446390775119,-1.19141841387,5,336
108,1,4.12098515157,1.0,7.0,0.019019019019,0,-0.567413222642,0.823224819499,5,193
109,1,6.52925643641,1.0,7.0,0.023023023023,0,0.376353679253,0.400195398649,5,150
110,1,5.26957258601,4.0,7.0,0.02002002002,0,0.376371042815,-0.85954054243,5,158
111,1,6.31274024303,6.0,7.0,0.01001001001,1,0.283130133438,0.463349842716,5,450
112,1,7.32689310212,6.0,8.0,0.019019019019,0,0.382165707195,1.18039598054,5,343
113,1,7.60632012522,6.0,8.0,0.015015015015,0,0.97633470182,-0.322683980237,5,373
114,1,2.60404598974,2.0,3.0,0.02002002002,1,-0.458399781822,-1.02075466479,5,118
115,1,6.2010956158,3.0,8.0,0.013013013013,0,0.4550403585,-0.164025459694,5,548
116,0,15.8144995926,13.0,,0.016016016016,0,3.19678129368,1.2241557116,5,85
117,1,4.93293101563,3.0,5.0,0.02002002002,0,0.138799433928,-0.483467286155,5,66
118,1,-4.31112865187,,2.0,0.014014014014,0,-2.2494575776,-2.56275591908,5,75
119,1,-0.326234081206,,0.0,0.018018018018,1,-1.57062210759,-0.614367758426,5,26
120,1,8.01230234602,6.0,12.0,0.02002002002,0,0.852955775005,0.453435021005,5,527
121,1,1.65268833103,,2.0,0.011011011011,0,-1.3649258654,0.747465927217,5,177
122,1,12.8104560336,9.0,13.0,0.026026026026,0,2.40649153169,0.59098143856,5,491
123,1,5.50500310309,5.0,6.0,0.01001001001,1,-0.0757791141927,0.732340445673,5,370
124,1,5.1181729328,5.0,12.0,0.017017017017,0,0.193863541099,-0.463417690495,5,448
125,1,1.42835553994,1.0,7.0,0.015015015015,0,-1.17959467188,-0.0328604444252,5,224
126,0,7.19506718175,7.0,,0.00800800800801,0,0.379827147309,1.05558573982,5,128
127,1,6.480533264,6.0,10.0,0.014014014014,0,0.45385041264,0.118982026078,5,432
128,0,7.16230892008,6.0,,0.00800800800801,0,0.634759522746,0.258030351841,5,395
129,1,1.91366869103,,8.0,0.016016016016,0,-0.781746597722,-0.741091515801,5,418
130,1,-0.986424610101,,0.0,0.012012012012,1,-1.56899430291,-1.27944170137,5,24
131,1,5.80280315338,3.0,10.0,0.014014014014,0,0.145324347559,0.366830110706,5,361
132,1,7.24242459973,7.0,10.0,0.018018018018,0,0.742500134276,0.0149241969025,5,522
133,1,7.47703554328,6.0,12.0,0.016016016016,0,1.30141662003,-1.42721431681,5,689
134,1,4.25457402259,4.0,7.0,0.012012012012,0,-0.22758074965,-0.0626837284641,5,375
135,1,7.15650960236,6.0,13.0,0.014014014014,0,0.57677448447,0.426186148956,5,619
136,1,2.3707950227,0.0,7.0,0.024024024024,0,-0.517132055684,-1.07780881025,5,202
137,1,5.26122967618,5.0,15.0,0.026026026026,0,0.0328860163816,0.16257162703,5,690
138,1,6.01042264968,4.0,10.0,0.019019019019,0,0.54819432054,-0.634160311944,5,479
139,1,3.82205554678,,6.0,0.022022022022,0,-0.563004404493,0.51106876026,5,139
140,1,1.82920582246,0.0,2.0,0.016016016016,0,-1.33966264566,0.848193759449,5,196
141,1,3.12539673506,0.0,4.0,0.015015015015,0,-0.100737719572,-1.57239010622,5,143
142,0,7.0316083615,7.0,,0.00900900900901,0,0.766603820186,-0.268203099056,5,245
143,1,6.04674100693,5.0,7.0,0.012012012012,0,0.636346572387,-0.862298710227,5,498
144,1,2.07294485162,1.0,3.0,0.017017017017,0,-1.09968524508,0.372000586851,5,165
145,1,4.36550110577,0.0,15.0,0.032032032032,0,-0.47459122165,0.789274770716,5,318
146,1,3.82421633078,3.0,6.0,0.014014014014,0,-0.327112128789,-0.194447282857,5,365
147,1,4.1372697019,,5.0,0.018018018018,0,0.170049732296,-1.37287949498,5,103
148,1,4.48943931062,3.0,6.0,0.00800800800801,0,0.152997854109,-0.969554251709,5,393
149,0,7.52146412957,7.0,,0.01001001001,0,1.34696229109,-1.5194227437,5,258
150,1,1.23328699426,1.0,2.0,0.012012012012,1,-1.29620251449,0.121894537737,5,188
151,0,8.7505926971,8.0,,0.013013013013,0,1.42162981761,-0.514296755714,5,583
152,1,5.40008757861,2.0,12.0,0.019019019019,0,0.10243282489,0.092789103934,5,501
153,1,8.9865049837,8.0,9.0,0.016016016016,1,1.0701673865,0.77600282419,5,538
154,1,4.72106426129,4.0,5.0,0.015015015015,1,-0.0696719035672,-0.0699200280114,5,245
155,1,-0.704757013175,,2.0,0.014014014014,0,-1.52155276181,-1.14009872776,5,85
156,1,2.23963716191,0.0,3.0,0.016016016016,0,-1.12037645546,0.600766528304,5,146
157,1,4.46082197287,3.0,5.0,0.022022022022,0,-0.401949233181,0.666669672416,5,276
158,1,0.570170258414,,5.0,0.013013013013,0,-1.29263319646,-0.551930152192,5,204
159,1,-2.17015303656,,6.0,0.00900900900901,0,-1.55795783307,-2.49627953734,5,273
160,1,5.03951282654,5.0,7.0,0.012012012012,0,0.0614448411481,-0.144821696909,5,514
161,1,6.96515645026,,8.0,0.017017017017,0,0.794352178328,-0.417900084722,5,197
162,1,7.50830717209,7.0,9.0,0.015015015015,0,0.422898236692,1.23961246202,5,549
163,1,4.62715139031,,13.0,0.021021021021,0,-0.100999613502,-0.0698497691814,5,409
164,1,1.64165756733,1.0,3.0,0.026026026026,0,-1.08470749425,-0.104219949932,5,67
165,1,9.12910475098,8.0,10.0,0.016016016016,0,1.03981904024,1.00964763025,5,531
166,1,4.79719018528,4.0,5.0,0.017017017017,1,-0.36874234425,0.903417218034,5,398
167,1,4.96392690864,3.0,5.0,0.013013013013,0,-0.616270530699,1.81273850074,5,330
168,1,-0.794296001924,,1.0,0.018018018018,0,-1.735965358,-0.58639992792,5,23
169,0,10.4429174996,10.0,,0.017017017017,0,1.72358949153,0.272149024959,5,491
170,1,2.79891699214,2.0,6.0,0.00900900900901,0,-1.10842972031,1.12420615307,5,424
171,1,6.88902577084,5.0,8.0,0.011011011011,0,0.384802811762,0.734617335558,5,447
172,1,-2.2669500663,,6.0,0.013013013013,0,-2.58014278363,0.473478284593,5,316
173,1,3.72221409777,2.0,7.0,0.017017017017,0,-0.17638319541,-0.748636315998,5,292
174,1,5.48962202301,,7.0,0.011011011011,0,0.220536784669,-0.171988330994,5,394
175,1,-5.35434737303,,0.0,0.022022022022,1,-3.78461276802,0.999490931013,5,6
176,1,8.06514398909,7.0,9.0,0.016016016016,0,0.723530889802,0.894551319683,5,684
177,1,7.850821043,7.0,8.0,0.013013013013,1,0.595389058874,1.06465386638,5,716
178,1,4.67623972043,2.0,10.0,0.017017017017,0,-0.468012848789,1.0802782668,5,266
179,0,10.5015160495,9.0,,0.011011011011,0,2.21482139308,-1.1429481297,5,147
180,1,3.85870768668,2.0,4.0,0.00900900900901,0,0.020569796022,-1.20300170139,5,257
181,1,2.52676523845,2.0,3.0,0.012012012012,1,-0.60279757189,-0.664842045884,5,86
182,1,8.53735872153,4.0,9.0,0.018018018018,0,0.865027813721,0.942275280363,5,277
183,0,8.11868282269,6.0,,0.01001001001,0,1.29446745672,-0.764719547477,5,181
184,1,3.11220475409,3.0,6.0,0.00900900900901,0,-1.10579813467,1.42959915811,5,252
185,1,4.38482743203,2.0,5.0,0.013013013013,0,-0.107119416192,-0.293814319391,5,344
186,1,2.82898749951,,6.0,0.00900900900901,0,-0.932477063066,0.626418688711,5,187
187,1,5.15102811581,3.0,6.0,0.014014014014,0,-0.0544461085497,0.314366441455,5,403
188,1,1.85756340702,,2.0,0.014014014014,0,-0.678307184241,-1.10751504026,5,61
189,1,5.54541966073,5.0,6.0,0.011011011011,1,-0.234168266101,1.24792445903,5,516
190,1,4.59742981913,0.0,6.0,0.01001001001,0,-0.520754903307,1.15969452905,5,325
191,0,5.82686000716,5.0,,0.00700700700701,0,-0.127385373449,1.2090161275,5,290
192,1,2.98951728506,1.0,3.0,0.018018018018,0,-0.231382521012,-1.3163351519,5,275
193,1,2.1504484631,1.0,7.0,0.013013013013,0,-0.961543872728,0.0350800812806,5,419
194,1,6.64902323771,5.0,7.0,0.011011011011,0,0.599630257958,-0.149867536169,5,381
195,1,5.7813624684,2.0,8.0,0.019019019019,0,-0.188914462802,1.3481058568,5,399
196,1,3.6448776707,2.0,10.0,0.019019019019,0,-0.316445018827,-0.405787272819,5,255
197,1,1.42313774136,,3.0,0.023023023023,0,-1.06278026948,-0.388521450193,5,117
198,1,5.08802900692,4.0,7.0,0.013013013013,0,-0.197281468887,0.679873413585,5,606
199,1,-0.728448731932,,2.0,0.012012012012,0,-1.2086905347,-2.10237712784,5,40
200,1,5.42035566187,3.0,8.0,0.016016016016,0,0.28247796403,-0.427078230216,5,331
201,1,0.937599208309,0.0,3.0,0.014014014014,0,-1.75233305848,1.19459838374,5,211
202,1,0.983220680045,0.0,3.0,0.013013013013,0,-1.00804942212,-0.992631053609,5,91
203,1,3.44649553227,2.0,6.0,0.023023023023,0,-0.680262540933,0.487283155075,5,232
204,1,7.50441309995,6.0,8.0,0.00900900900901,0,0.838163207685,-0.0100765231064,5,557
205,1,8.42640915881,8.0,11.0,0.015015015015,0,0.565683341841,1.72935913328,5,550
206,1,7.2013050125,7.0,8.0,0.00900900900901,1,0.406325957155,0.982327141034,5,717
207,1,2.27931633169,2.0,3.0,0.016016016016,1,-0.535269522554,-1.11487510065,5,219
208,0,10.8454844762,8.0,,0.01001001001,0,2.47039564978,-1.5657024731,5,28
209,1,5.65709437423,2.0,11.0,0.016016016016,0,-0.0225592157525,0.724772021487,5,485
210,0,10.9300910895,8.0,,0.012012012012,0,1.7420990427,0.703793961386,5,164
211,1,7.89951976696,2.0,10.0,0.017017017017,0,1.1188446353,-0.457014138951,5,480
212,1,3.93640703673,3.0,8.0,0.00900900900901,0,-0.0812009466428,-0.819990123337,5,444
213,1,6.47094717246,6.0,7.0,0.00700700700701,1,-0.089639272306,1.73986498938,5,686
214,1,8.65450953939,7.0,9.0,0.014014014014,0,1.08562341106,0.397639306204,5,611
215,1,2.33041118661,1.0,3.0,0.00800800800801,0,-0.0671487183799,-2.46814265825,5,184
216,1,3.96108818974,0.0,9.0,0.018018018018,0,0.236365193324,-1.74800739023,5,348
217,1,8.78638804307,8.0,9.0,0.01001001001,1,1.64565257792,-1.15056969071,5,682
218,1,6.05476190998,6.0,7.0,0.00900900900901,1,-0.188390738511,1.61993412551,5,703
219,0,7.34742340031,7.0,,0.00800800800801,0,1.45681590938,-2.02302432782,5,546
220,0,9.12031932665,7.0,,0.01001001001,0,1.13694235439,0.709492263491,5,349
221,1,3.88105534088,,4.0,0.00800800800801,0,-0.41581989012,0.128515011238,5,295
222,1,4.87710154971,0.0,6.0,0.00900900900901,0,0.0328132750486,-0.221338275434,5,368
223,0,7.96214229382,7.0,,0.01001001001,0,0.975663165651,0.0351527968646,5,329
224,1,6.38677938138,5.0,10.0,0.019019019019,0,0.776496011463,-0.942708653013,5,484
225,1,6.11683420147,4.0,7.0,0.016016016016,0,-0.142982269006,1.54578100849,5,296
226,1,2.24676698553,0.0,4.0,0.011011011011,0,-1.03645974655,0.35614622517,5,185
227,1,7.46964723163,6.0,9.0,0.01001001001,0,1.05210718522,-0.686674324035,5,665
228,1,-0.955925398337,,0.0,0.011011011011,1,-1.61341048953,-1.11569392974,5,65
229,1,-1.72662464168,,1.0,0.011011011011,0,-2.00625452342,-0.707861071429,5,17
230,1,5.52850866887,4.0,6.0,0.00700700700701,0,0.0624334984521,0.341208173512,5,385
231,1,5.87595521389,2.0,11.0,0.019019019019,0,0.501448795356,-0.628391172175,5,503
232,1,4.92343114168,,12.0,0.029029029029,0,0.117936867295,-0.4303794602,5,377
233,1,5.66346681966,,6.0,0.02002002002,0,-0.0313611588376,0.757550296171,5,175
234,1,5.13685462444,1.0,7.0,0.013013013013,0,-0.000904768288768,0.139568929303,5,372
235,1,3.37581714514,,5.0,0.00900900900901,0,-0.281017203004,-0.781131245853,5,436
236,1,4.63428823954,3.0,9.0,0.015015015015,0,-0.485681195181,1.09133182508,5,236
237,1,3.67821922962,3.0,4.0,0.012012012012,1,-0.298120198164,-0.427420175885,5,200
238,1,1.06342648476,,5.0,0.016016016016,0,-1.19634065263,-0.34755155735,5,136
239,1,3.45187461439,,5.0,0.012012012012,0,-0.781498940576,0.796371436122,5,230
240,1,1.61906780305,0.0,6.0,0.01001001001,0,-0.94564573706,-0.543994985775,5,282
241,1,5.7238248807,5.0,6.0,0.014014014014,1,-0.0996218652875,1.02269047656,5,475
242,1,4.62302029844,4.0,8.0,0.015015015015,0,0.206927135857,-0.997761109134,5,473
243,1,2.49664654071,0.0,4.0,0.017017017017,0,-0.87283927607,0.115164368917,5,231
244,1,0.544215944359,0.0,2.0,0.013013013013,0,-1.37217007265,-0.339273837697,5,81
245,1,7.66264754473,7.0,8.0,0.018018018018,1,0.451121819553,1.30928208607,5,248
246,1,-1.36330569455,,6.0,0.012012012012,0,-2.25393921712,0.398511956799,5,397
247,0,9.83955370026,7.0,,0.00900900900901,0,1.16562073193,1.34269150447,5,516
248,1,4.16158779664,2.0,5.0,0.012012012012,0,0.112823864267,-1.17688379616,5,391
249,1,0.278826185851,,1.0,0.00900900900901,0,-1.02826372902,-1.63638262708,5,90
250,1,4.49024506837,1.0,5.0,0.015015015015,0,-0.0946413698397,-0.225830822111,5,360
251,1,5.78842688087,2.0,7.0,0.01001001001,0,0.461139744194,-0.594992351709,5,229
252,1,8.02572950873,5.0,10.0,0.013013013013,0,0.707606470376,0.902910097598,5,462
253,1,2.81013069414,1.0,4.0,0.012012012012,0,-0.774293462182,0.13301108069,5,235
254,0,9.29899106752,7.0,,0.012012012012,0,1.54867484161,-0.347033457308,5,68
255,1,5.52476337748,0.0,6.0,0.013013013013,0,-0.229094158222,1.21204585214,5,476
256,1,1.04253749843,,2.0,0.017017017017,0,-1.14664463822,-0.517528586904,5,107
257,1,10.8293305338,9.0,12.0,0.015015015015,0,1.86047260686,0.247912713171,5,658
258,1,6.89606656536,0.0,8.0,0.012012012012,0,0.201268655697,1.29226059827,5,472
259,1,3.87439872089,,9.0,0.013013013013,0,-0.986969642906,1.83530764961,5,359
260,0,8.5186290336,8.0,,0.00900900900901,0,0.962587048368,0.630867888498,5,609
261,1,3.13840382422,,5.0,0.00900900900901,0,-1.32372840991,2.10958905396,5,321
262,1,-0.806645490934,,0.0,0.011011011011,1,-1.80089814652,-0.403951051379,5,29
263,1,0.747891521758,0.0,2.0,0.00800800800801,0,-1.12466271994,-0.878120318435,5,94
264,0,10.1431606574,7.0,,0.012012012012,0,1.30779511023,1.21977532669,5,101
265,1,2.48591359186,2.0,4.0,0.01001001001,0,-0.105541262334,-2.19746262114,5,170
266,1,3.09273626996,2.0,4.0,0.018018018018,0,-0.7648868698,0.387396879358,5,226
267,0,6.42700191222,6.0,,0.01001001001,0,0.346088738355,0.388735697156,5,330
268,0,8.76127210277,7.0,,0.00900900900901,0,0.79997101734,1.36135905075,5,274
269,1,-1.49787647592,,1.0,0.011011011011,0,-1.70500068122,-1.38287443226,5,68
270,1,11.9099754562,0.0,12.0,0.019019019019,0,2.30936605126,-0.0181226975893,5,500
271,1,7.77209355443,2.0,9.0,0.012012012012,0,1.08410314533,-0.480215881556,5,543
272,0,11.2721786644,8.0,,0.00900900900901,0,1.82283348841,0.803678199164,5,352
273,0,10.8254915775,6.0,,0.01001001001,0,1.79673610279,0.43528326914,5,297
274,1,-2.12809061621,,2.0,0.01001001001,0,-1.31425733017,-3.18531862571,5,111
275,1,0.37115416357,0.0,4.0,0.00900900900901,0,-1.52588864396,-0.0511799045376,5,159
276,0,9.58720576966,7.0,,0.00800800800801,0,1.61599064505,-0.260766165498,5,439
277,1,3.53985683497,0.0,7.0,0.015015015015,0,0.0647144199068,-1.65428642475,5,227
278,1,6.76744320349,6.0,11.0,0.016016016016,0,0.416893000799,0.516764201095,5,615
279,1,5.92016983448,5.0,7.0,0.012012012012,0,0.968352505974,-1.98488768344,5,156
280,1,2.14341015614,2.0,4.0,0.012012012012,0,-1.05180852998,0.298835746071,5,131
281,0,9.6432015099,9.0,,0.012012012012,0,1.53986429634,0.0236086208872,5,498
282,0,8.77664334953,7.0,,0.00800800800801,0,1.34421496094,-0.256001533287,5,310
283,0,9.223564596,8.0,,0.00800800800801,0,1.47291131532,-0.195169349968,5,212
284,0,11.2602751638,11.0,,0.013013013013,0,2.12147452958,-0.104148424933,5,555
285,1,0.184001906449,,2.0,0.011011011011,0,-1.11289016153,-1.47732760896,5,110
286,1,2.05076029854,2.0,6.0,0.00900900900901,0,-1.24535615738,0.78682877068,5,212
287,1,6.87847241553,6.0,7.0,0.012012012012,1,0.49552673616,0.391892207046,5,613
288,1,6.94862032838,6.0,7.0,0.00900900900901,1,0.55571175179,0.281485073009,5,659
289,1,1.78815562122,1.0,2.0,0.012012012012,1,-1.5035305394,1.29874723942,5,130
290,1,3.28205861574,2.0,4.0,0.00900900900901,0,0.243347415912,-2.447983632,5,280
291,0,6.62417588085,6.0,,0.00600600600601,0,0.224171272943,0.951662062015,5,610
292,1,9.78123775778,8.0,11.0,0.016016016016,0,1.10509267266,1.46595973981,5,470
293,1,-0.523666623347,,0.0,0.023023023023,1,-1.71282042427,-0.385205350527,5,13
294,1,1.63148807996,0.0,3.0,0.00900900900901,0,-1.04071544938,-0.246365571894,5,153
295,1,10.1645926106,10.0,11.0,0.017017017017,1,1.45510930936,0.799264682497,5,705
296,1,0.22339908071,0.0,6.0,0.012012012012,0,-1.70687650109,0.344028583967,5,382
297,1,8.4987122977,7.0,9.0,0.019019019019,0,0.936054043492,0.690550167226,5,664
298,1,5.19299249087,3.0,6.0,0.00900900900901,0,-0.0737814128403,0.414336729392,5,263
299,1,3.70081407326,,5.0,0.012012012012,0,-0.306740388163,-0.378964762254,5,313
300,1,0.652851407715,,2.0,0.011011011011,0,-1.37186146975,-0.231564183022,5,120
301,1,3.85911401948,,4.0,0.015015015015,0,-0.522914458764,0.427857395769,5,113
302,1,2.94792302717,0.0,6.0,0.01001001001,0,-0.523734168549,-0.480874467188,5,515
303,0,10.1941977626,8.0,,0.01001001001,0,2.14114082476,-1.22922471165,5,547
304,1,0.842493228626,,1.0,0.011011011011,0,-1.16164045807,-0.67258539717,5,162
305,1,7.14412105878,5.0,10.0,0.011011011011,0,0.604491986442,0.330645099453,5,588
306,0,11.0299786952,9.0,,0.01001001001,0,2.07044782129,-0.18136476864,5,422
307,1,3.82925946412,3.0,5.0,0.011011011011,0,-0.517799696978,0.382658555052,5,378
308,0,7.73467647737,6.0,,0.00700700700701,0,1.08882022176,-0.531784187927,5,540
309,0,5.32015349991,5.0,,0.00700700700701,0,0.185086917937,-0.235107253899,5,412
310,1,2.87413847134,,4.0,0.00900900900901,0,-0.692970322003,-0.0469505626482,5,149
311,1,6.34822717233,6.0,10.0,0.014014014014,0,0.146111938919,0.909891355572,5,537
312,1,4.12214903539,3.0,8.0,0.011011011011,0,-0.460565768161,0.503846339869,5,640
313,1,5.31592333387,5.0,6.0,0.00800800800801,1,0.133647459742,-0.0850190453576,5,540
314,1,2.73332644122,,4.0,0.00900900900901,0,-0.774174220819,0.0558491036733,5,309
315,1,1.04372570664,1.0,3.0,0.01001001001,0,-0.975072214771,-1.03105764905,5,351
316,1,4.70841794561,0.0,6.0,0.00700700700701,0,-0.0181439884263,-0.237150089112,5,407
317,1,7.10562326558,6.0,9.0,0.014014014014,0,0.602400190001,0.298422695581,5,524
318,0,8.34477780216,6.0,,0.00900900900901,0,1.17912046147,-0.192583582248,5,340
319,0,11.9611346132,10.0,,0.01001001001,0,2.22489027372,0.286463792063,5,635
320,1,5.92793018386,5.0,8.0,0.011011011011,0,0.269530929689,0.119337394788,5,536
321,0,8.63443261293,8.0,,0.011011011011,0,1.07393875705,0.412616341769,5,318
322,1,5.040749202,5.0,6.0,0.00900900900901,1,-0.527719452315,1.62390755894,5,303
323,1,2.9848120458,2.0,6.0,0.018018018018,0,-0.640170883138,-0.0946753047877,5,347
324,1,3.17858902839,0.0,5.0,0.01001001001,0,-0.365702675648,-0.724302944669,5,272
325,1,6.32701664164,1.0,7.0,0.019019019019,0,-0.0320013438274,1.42302067312,5,595
326,1,1.63009045593,0.0,7.0,0.011011011011,0,-1.00346591175,-0.359511808829,5,234
327,1,7.62446563089,6.0,8.0,0.00900900900901,0,0.803275269651,0.214639821937,5,653
328,1,8.31448410195,8.0,9.0,0.012012012012,1,0.834256321891,0.811715136281,5,700
329,1,3.19830044567,3.0,4.0,0.014014014014,1,-0.226651472708,-1.12174513621,5,307
330,1,7.92600752598,7.0,8.0,0.00900900900901,1,0.662945863859,0.937169934405,5,694
331,1,7.67069645111,6.0,8.0,0.012012012012,0,0.905045686662,-0.0444406088729,5,525
332,1,0.719262874152,,1.0,0.011011011011,0,-1.51228231614,0.256109822571,5,31
333,1,-0.377572738794,,0.0,0.017017017017,1,-1.22809477151,-1.69328842427,5,11
334,0,9.22627774633,9.0,,0.01001001001,0,0.822968402941,1.75737253751,5,46
335,1,-0.0532863234643,,0.0,0.013013013013,1,-1.86153122794,0.531307360357,5,10
336,0,8.86707702841,8.0,,0.01001001001,0,1.69842877687,-1.22820930221,5,279
337,1,5.36766672646,2.0,6.0,0.013013013013,0,-0.407248033878,1.58941082809,5,267
338,1,3.59299997319,3.0,4.0,0.00800800800801,1,-0.449133676479,-0.0595989973733,5,488
339,0,8.99755536161,8.0,,0.00900900900901,0,0.849798968354,1.44815845655,5,415
340,1,5.47407691909,3.0,6.0,0.00900900900901,0,0.476333340686,-0.954923102971,5,254
341,1,1.6962400447,1.0,3.0,0.00700700700701,0,-1.10971776429,0.0253933375752,5,356
342,0,9.41818896724,7.0,,0.00900900900901,0,1.90145498041,-1.286175974,5,341
343,0,7.56136424666,7.0,,0.00700700700701,0,1.20297071566,-1.04754790031,5,687
344,1,7.42272561639,7.0,8.0,0.01001001001,1,0.920708411242,-0.339399617339,5,714
345,1,4.61477458337,,8.0,0.00900900900901,0,-0.118497213447,-0.0297337762873,5,287
346,1,4.14931378962,1.0,6.0,0.01001001001,0,-0.655156484142,1.11478324205,5,337
347,1,7.68628517663,7.0,8.0,0.01001001001,1,1.58974608284,-2.08295307188,5,706
348,1,2.83784542429,2.0,4.0,0.00600600600601,0,-0.372289766889,-1.04528527504,5,346
349,0,9.87783872535,7.0,,0.00800800800801,0,1.6235355245,0.00723215186241,5,358
350,1,6.73566538582,1.0,7.0,0.01001001001,0,0.600275672394,-0.0651616313659,5,402
351,1,7.97530551465,7.0,8.0,0.00900900900901,1,1.10083858,-0.327210225355,5,711
352,1,-0.281152988874,,0.0,0.014014014014,1,-1.83790042916,0.232548298616,5,1
353,1,4.65315293177,4.0,5.0,0.00900900900901,1,0.0681355076447,-0.551253591164,5,559
354,0,8.04657827306,4.0,,0.00700700700701,0,0.681377967413,1.00244437082,5,420
355,1,5.63332293159,5.0,6.0,0.00800800800801,1,0.465879023163,-0.764314137898,5,577
356,0,6.95255045716,5.0,,0.00700700700701,0,1.25721747803,-1.81910197695,5,369
357,1,-0.444562135264,,0.0,0.00900900900901,1,-1.47789805947,-1.01086795686,5,122
358,0,11.6329962731,10.0,,0.015015015015,0,1.93363132702,0.832102292035,5,167
359,1,2.75131941028,1.0,3.0,0.01001001001,0,-0.412009558637,-1.01265191381,5,119
360,1,3.29776333944,0.0,4.0,0.00700700700701,0,-0.838423876852,0.81303497,5,327
361,1,4.40243890707,4.0,5.0,0.00700700700701,1,0.156127395855,-1.0659432805,5,692
362,1,8.7138269047,6.0,10.0,0.012012012012,0,0.947850232709,0.870276206572,5,616
363,1,1.49535331644,,4.0,0.00700700700701,0,-1.20509215054,0.110629768072,5,233
364,1,6.52552183747,6.0,7.0,0.014014014014,1,0.469244036108,0.117789729146,5,607
365,1,7.34741016621,4.0,9.0,0.013013013013,0,1.09341571146,-0.932836968156,5,566
366,1,5.54152348381,5.0,6.0,0.013013013013,1,0.1078239983,0.21805148891,5,404
367,1,1.8841797492,1.0,4.0,0.00900900900901,0,-0.840318044251,-0.594866118045,5,333
368,1,1.81747474667,1.0,2.0,0.011011011011,1,-1.56540284268,1.51368327472,5,261
369,1,2.77782967137,,7.0,0.023023023023,0,-0.624645530121,-0.34823373827,5,300
370,0,7.20683056756,7.0,,0.00900900900901,0,0.439201944437,0.889224734251,5,248
371,1,3.58263863908,1.0,4.0,0.00800800800801,0,-0.612971299321,0.421552537048,5,121
372,1,5.69657189558,1.0,6.0,0.00600600600601,0,-0.0378754321653,0.810198192075,5,496
373,0,10.1961437137,10.0,,0.012012012012,0,1.20973481773,1.56693926055,5,89
374,0,10.8868977443,8.0,,0.014014014014,0,1.64949372501,0.938416569327,5,332
375,0,8.91522707083,7.0,,0.00800800800801,0,1.28852622907,0.049648383625,5,525
376,1,6.3358840524,1.0,8.0,0.017017017017,0,0.345862036019,0.298297944345,5,489
377,1,1.49247598551,1.0,3.0,0.00800800800801,0,-0.81083056395,-1.07503232264,5,222
378,1,4.64858038899,4.0,5.0,0.00700700700701,1,-0.208385673358,0.273737409062,5,420
379,1,5.53538617336,,6.0,0.00700700700701,0,0.244168032523,-0.197117924206,5,363
380,1,3.1056744256,3.0,5.0,0.01001001001,0,-0.775497618457,0.432167280974,5,379
381,1,5.4139198756,5.0,6.0,0.011011011011,1,0.102776264609,0.105591081771,5,442
382,1,0.274836104066,0.0,1.0,0.00700700700701,1,-1.2318782297,-1.02952920685,5,42
383,0,6.62058710013,6.0,,0.00900900900901,0,0.300549731373,0.71893790601,5,240
384,1,0.824099121889,,7.0,0.00900900900901,0,-0.582076038212,-2.42967276347,5,656
385,0,10.051703722,7.0,,0.00900900900901,0,1.13035952438,1.66062514882,5,344
386,1,7.05477599065,7.0,9.0,0.013013013013,0,1.33520151045,-1.95082854071,5,601
387,0,8.12575106876,6.0,,0.00800800800801,0,1.09110455633,-0.147562600239,5,156
388,1,4.68022402276,2.0,5.0,0.012012012012,0,-0.222047994447,0.346368006098,5,141
389,1,6.80346065715,6.0,7.0,0.01001001001,1,0.688509368465,-0.262067448248,5,704
390,1,5.4352512482,5.0,7.0,0.011011011011,0,0.273215407946,-0.384394975637,5,256
391,1,4.73308311383,4.0,5.0,0.012012012012,1,-0.0621680319795,-0.0804127902324,5,389
392,1,7.32144416408,7.0,9.0,0.014014014014,0,0.768322882532,0.0164755164872,5,574
393,1,3.9005613539,,4.0,0.00900900900901,0,-0.065263889395,-0.903646977919,5,225
394,1,5.59440712003,5.0,9.0,0.016016016016,0,-0.0774395566502,0.826725789982,5,551
395,1,8.27844795128,7.0,9.0,0.015015015015,0,1.38894361318,-0.888382888258,5,645
396,1,7.17665497518,4.0,8.0,0.018018018018,0,0.582720442796,0.428493646794,5,490
397,0,12.3359778491,8.0,,0.013013013013,0,2.1879902632,0.77200705944,5,500
398,1,3.91184240541,2.0,5.0,0.013013013013,0,-0.690151686362,0.982297464494,5,302
399,1,-3.02968543544,,0.0,0.00900900900901,1,-2.51348724909,-0.489223688182,5,35
400,0,6.5841232967,4.0,,0.00800800800801,0,0.260948203522,0.801278686137,5,453
401,0,8.2506569648,8.0,,0.01001001001,0,1.01253363864,0.213056048882,5,551
402,0,8.96925470094,6.0,,0.01001001001,0,1.05522552447,0.803578127544,5,643
403,1,4.81462964454,2.0,5.0,0.01001001001,0,0.100995095376,-0.488355641586,5,262
404,0,5.938063004,5.0,,0.00700700700701,0,0.536090624188,-0.670208868562,5,591
405,1,3.62740881911,,4.0,0.01001001001,0,-0.484777650077,0.0817417693371,5,124
406,1,4.38740796341,4.0,5.0,0.00600600600601,1,-0.210461132017,0.0187913594588,5,655
407,0,11.9410972209,6.0,,0.00600600600601,0,2.11123653529,0.607387615022,5,286
408,1,4.42567795275,4.0,5.0,0.00700700700701,1,0.197298641882,-1.16621797289,5,712
409,0,4.69519836015,4.0,,0.00700700700701,0,0.0426078643872,-0.432625233012,5,33
410,0,6.82061783406,5.0,,0.00700700700701,0,0.396677735719,0.630584626904,5,490
411,1,2.78678088649,2.0,5.0,0.00600600600601,0,-0.502658270953,-0.705244300649,5,400
412,1,2.64003665304,1.0,3.0,0.00700700700701,0,-0.721943945072,-0.194131511746,5,74
413,1,-0.956361696014,,3.0,0.00700700700701,0,-2.16694226472,0.544465098143,5,138
414,0,10.8165405014,7.0,,0.00900900900901,0,1.54559814813,1.17974605701,5,256
415,1,3.71700227141,1.0,4.0,0.00700700700701,0,-0.889461509351,1.38538679947,5,304
416,0,8.58257588122,8.0,,0.01001001001,0,1.2032556398,-0.0271910381705,5,570
417,1,6.60295343262,5.0,7.0,0.012012012012,0,0.326741211799,0.622729797225,5,463
418,0,7.04799233881,6.0,,0.00700700700701,0,0.661895152087,0.0623068825516,5,371
419,0,8.11057588306,8.0,,0.00900900900901,0,1.28249128666,-0.736897976914,5,299
420,1,1.40234433739,1.0,2.0,0.00900900900901,1,-1.31502733973,0.347426356575,5,466
421,1,5.04353093479,5.0,6.0,0.00900900900901,1,-0.587028621986,1.80461680074,5,581
422,1,0.210570425154,0.0,1.0,0.012012012012,1,-1.63603696697,0.118681326075,5,134
423,1,0.00219194803087,0.0,3.0,0.015015015015,0,-1.25737410616,-1.2256857335,5,89
424,1,4.92551301254,2.0,6.0,0.011011011011,0,-0.12036518411,0.286608564869,5,558
425,1,6.01675824184,6.0,7.0,0.00800800800801,1,0.380452922766,-0.124600526462,5,715
426,0,7.13020621607,4.0,,0.00900900900901,0,0.377874433384,0.996582915922,5,673
427,0,11.9988557912,6.0,,0.00800800800801,0,1.96784581346,1.09531835078,5,289
428,1,2.42734350679,2.0,4.0,0.00800800800801,0,-0.536393172711,-0.963476975073,5,339
429,1,4.29817653271,0.0,5.0,0.01001001001,0,-0.0793162160291,-0.463874819202,5,414
430,0,8.7242085963,6.0,,0.00600600600601,0,0.501050412829,2.22105735782,5,718
431,0,6.90828434185,5.0,,0.00800800800801,0,1.16880215517,-1.59812212367,5,249
432,1,3.00689202238,1.0,4.0,0.012012012012,0,-0.894882289039,0.691538889492,5,278
433,1,4.6749035844,4.0,5.0,0.00800800800801,1,-0.341307763937,0.698826876208,5,567
434,1,2.95518667612,2.0,3.0,0.00900900900901,1,-0.793114857233,0.334531247817,5,243
435,1,5.24096309772,4.0,8.0,0.00800800800801,0,0.317657523481,-0.712009472724,5,569
436,1,0.336693145369,0.0,3.0,0.00800800800801,0,-1.76241249601,0.623930633397,5,77
437,0,7.46464557546,5.0,,0.00800800800801,0,1.22241417155,-1.20259693919,5,640
438,0,6.75914322639,5.0,,0.00800800800801,0,0.792843714353,-0.619387916671,5,78
439,1,4.63281547223,4.0,5.0,0.00600600600601,1,-0.402289018651,0.83968252818,5,605
440,1,-0.956549105714,,0.0,0.012012012012,1,-2.00390644359,0.0551702250521,5,55
441,0,8.0418942196,6.0,,0.00800800800801,0,1.23974483961,-0.677340299244,5,522
442,0,6.25610230898,6.0,,0.00600600600601,0,0.606768764033,-0.564203983118,5,19
443,0,10.7297168193,6.0,,0.00800800800801,0,1.79047868284,0.358280770764,5,73
444,1,1.97276773963,1.0,4.0,0.00800800800801,0,-1.28789291375,0.836446480895,5,405
445,1,-0.181446250131,,0.0,0.00700700700701,1,-1.43925096021,-0.863693369513,5,16
446,1,7.29250607652,7.0,8.0,0.011011011011,1,1.1302471891,-1.09823549077,5,674
447,0,7.48273471991,6.0,,0.00600600600601,0,0.544430450538,0.849443368294,5,250
448,0,8.15682848477,7.0,,0.00900900900901,0,0.654819784119,1.19236913241,5,441
449,1,7.50442831506,6.0,10.0,0.013013013013,0,0.949067335226,-0.342773690613,5,570
450,0,8.64425978416,7.0,,0.01001001001,0,1.35148795074,-0.41020406805,5,105
451,1,9.34675785494,9.0,10.0,0.011011011011,1,1.59309894275,-0.432538973324,5,662
452,1,5.14671371478,4.0,7.0,0.014014014014,0,0.0636170197561,-0.0441373444899,5,455
453,0,10.8382655445,6.0,,0.00700700700701,0,2.36461388293,-1.25557610425,5,184
454,0,6.25873770071,6.0,,0.00800800800801,0,0.0849525680923,1.00387999643,5,395
455,1,6.11001489917,6.0,7.0,0.012012012012,1,0.0630208220419,0.920952433044,5,630
456,1,9.73113445778,8.0,10.0,0.01001001001,0,1.6542075921,-0.231488318526,5,708
457,0,7.47332750955,7.0,,0.00900900900901,0,0.700609486936,0.37149904874,5,472
458,1,4.89358123935,4.0,6.0,0.00700700700701,0,0.026752941831,-0.186677586145,5,590
459,1,3.33386987903,2.0,4.0,0.013013013013,0,-0.958769165134,1.21017737443,5,270
460,1,6.1441386345,6.0,8.0,0.00900900900901,0,-0.134618644718,1.54799456866,5,564
461,1,1.57846956277,0.0,3.0,0.00800800800801,0,-1.67882434055,1.61494258442,5,223
462,1,0.979254220945,0.0,2.0,0.014014014014,0,-1.21080016354,-0.388345288422,5,69
463,1,0.942119240725,0.0,1.0,0.00700700700701,1,-1.42671102553,0.222252317308,5,93
464,1,4.62684416311,2.0,5.0,0.00700700700701,0,-0.099361580525,-0.0750710953116,5,486
465,1,3.46856563412,,5.0,0.011011011011,0,-0.549026144454,0.115644067481,5,195
466,1,6.56052431367,4.0,8.0,0.00900900900901,0,0.00398559489122,1.54856752899,5,670
467,1,6.88042662096,6.0,7.0,0.011011011011,1,0.261256372529,1.09665750337,5,627
468,1,0.915553993618,,1.0,0.017017017017,0,-1.53844224582,0.530880731074,5,50
469,1,1.91890417112,0.0,2.0,0.00700700700701,0,-1.19353058199,0.499495917095,5,96
470,0,9.01589127605,7.0,,0.00700700700701,0,1.76305774108,-1.27328194718,5,339
471,1,1.78151413108,1.0,4.0,0.011011011011,0,-1.44073722769,1.10372581415,5,168
472,1,3.28742837816,2.0,6.0,0.00700700700701,0,-0.708255730572,0.412195569875,5,587
473,0,5.61107085723,5.0,,0.00700700700701,0,0.0273449458297,0.529036019743,5,18
474,1,2.2644759826,,4.0,0.00600600600601,0,-1.08599962717,0.522474864113,5,288
475,1,2.56880292835,1.0,7.0,0.01001001001,0,-0.874250068612,0.19155313419,5,390
476,0,7.05551518163,5.0,,0.00700700700701,0,0.333286682597,1.05565513384,5,648
477,0,9.67544546671,6.0,,0.00700700700701,0,1.3848887649,0.520779172017,5,627
478,0,6.99834155172,6.0,,0.00700700700701,0,0.804382407415,-0.414805670524,5,77
479,1,4.87547548286,0.0,6.0,0.00900900900901,0,0.362928419649,-1.21330977608,5,239
480,1,3.62087930975,3.0,4.0,0.00800800800801,1,-0.926146972864,1.39932022834,5,477
481,1,-1.45691246531,,1.0,0.01001001001,0,-1.99110886352,-0.483585874743,5,25
482,1,-1.65660744774,,1.0,0.01001001001,0,-1.87403374672,-1.03450620759,5,58
483,1,1.48497034707,0.0,2.0,0.011011011011,0,-1.24804445856,0.229103722738,5,92
484,0,6.25830089405,6.0,,0.00700700700701,0,0.123681375765,0.887256766752,5,665
485,0,9.86929511507,6.0,,0.011011011011,0,1.33751299609,0.856756126813,5,497
486,1,3.01213722791,3.0,4.0,0.00700700700701,1,-0.479030672512,-0.550770754554,5,395
487,1,3.41505591138,3.0,4.0,0.01001001001,1,-0.222903914426,-0.916232345339,5,176
488,1,0.733995435536,0.0,5.0,0.00700700700701,0,-1.15069096835,-0.813931659418,5,562
489,0,6.06678062103,5.0,,0.00700700700701,0,0.389021129035,-0.100282766074,5,653
490,1,5.70130645859,5.0,6.0,0.01001001001,1,-0.114547919084,1.04495021584,5,499
491,0,8.98988607783,5.0,,0.00900900900901,0,1.10321593074,0.680238285623,5,602
492,1,2.75100400351,2.0,3.0,0.00900900900901,1,-0.865136095311,0.346412289446,5,371
493,1,-1.99076404203,,1.0,0.013013013013,0,-2.0557095414,-0.82363541784,5,5
494,1,6.24634922879,5.0,7.0,0.00800800800801,0,0.647564984705,-0.696345725329,5,408
495,0,7.98575464576,6.0,,0.00600600600601,0,1.23148905593,-0.708712522011,5,400
496,0,10.3842356998,5.0,,0.00700700700701,0,1.69189141359,0.308561459039,5,523
497,1,5.95413891757,4.0,6.0,0.00800800800801,0,0.0245648403964,0.880444396384,5,553
498,0,5.90654227965,5.0,,0.00600600600601,0,0.833344299494,-1.59349061884,5,362
499,0,9.51278139025,6.0,,0.00600600600601,0,1.47715814339,0.0813069600742,5,644
500,1,4.15549434274,4.0,5.0,0.00600600600601,1,-0.184178013088,-0.291971617998,5,423
501,1,4.36268904848,3.0,5.0,0.00700700700701,0,-0.379362335021,0.500776053544,5,218
502,1,7.36233512099,6.0,8.0,0.00800800800801,0,0.581977253023,0.616403361918,5,679
503,1,3.30408761559,1.0,6.0,0.00900900900901,0,0.0528504995244,-1.85446388298,5,253
504,1,3.12301413639,2.0,5.0,0.00900900900901,0,-0.686992135584,0.183990543138,5,155
505,1,-1.63873840628,,0.0,0.00800800800801,1,-2.10974658183,-0.309498660779,5,20
506,1,-2.63374393488,,0.0,0.00800800800801,1,-2.48581912556,-0.176286558185,5,12
507,1,6.072364152,5.0,7.0,0.00800800800801,0,-0.1275617099,1.4550492817,5,641
508,1,2.85769329571,0.0,4.0,0.00700700700701,0,-0.848874956051,0.404318163859,5,374
509,1,4.44362082962,4.0,5.0,0.01001001001,1,-0.0150764040131,-0.511149958346,5,568
510,0,9.0700645646,6.0,,0.00900900900901,0,1.24435855601,0.336988896565,5,450
511,1,2.57488304788,1.0,3.0,0.00700700700701,0,-1.04114930627,0.698330966678,5,88
512,1,6.63239535863,4.0,7.0,0.01001001001,0,0.15087049225,1.17978388188,5,435
513,1,5.68445062498,5.0,6.0,0.00900900900901,1,0.20296396237,0.0755587378723,5,426
514,1,4.38525499,3.0,5.0,0.01001001001,0,-0.418195756252,0.63984225876,5,544
515,0,8.76187038204,5.0,,0.00800800800801,0,1.27124668629,-0.051869676828,5,467
516,1,1.77408443047,0.0,3.0,0.014014014014,0,-0.453946435694,-1.86407626245,5,198
517,1,3.51645367236,2.0,4.0,0.00800800800801,0,-0.319848379153,-0.524001190176,5,268
518,1,5.27906499696,5.0,6.0,0.00800800800801,1,0.223551730874,-0.391590195661,5,610
519,1,5.98892016605,4.0,6.0,0.00800800800801,0,0.338252906956,-0.0258385548143,5,620
520,1,6.48978568294,6.0,8.0,0.013013013013,0,0.0153734026757,1.44366547491,5,667
521,0,6.83537598476,6.0,,0.00800800800801,0,0.872870733448,-0.783236215588,5,443
522,1,1.81885616249,1.0,2.0,0.00700700700701,1,-0.99397222232,-0.199227170554,5,205
523,0,8.99580951673,4.0,,0.00600600600601,0,1.40881132864,-0.230624469177,5,490
524,1,3.86916923883,2.0,5.0,0.012012012012,0,-0.773821387593,1.19063340161,5,380
525,1,4.36657364344,3.0,5.0,0.00800800800801,0,-0.222595987286,0.0343616052999,5,474
526,1,2.33651218697,2.0,3.0,0.00900900900901,1,-1.18718945143,0.898080541263,5,191
527,1,2.06614781206,0.0,3.0,0.00900900900901,0,-0.968339225361,-0.0288345118607,5,201
528,1,2.44633427205,2.0,3.0,0.00800800800801,1,-0.710774230607,-0.421343036128,5,82
529,0,8.12660941368,7.0,,0.00700700700701,0,1.22396951524,-0.545299132033,5,680
530,1,3.8944281522,3.0,5.0,0.00900900900901,0,-0.507196238827,0.416016868685,5,624
531,0,9.07066609351,5.0,,0.00800800800801,0,0.903584435587,1.35991278675,5,682
532,0,9.19878117806,6.0,,0.00700700700701,0,1.18393166399,0.646986186096,5,65
533,1,3.88331697364,0.0,5.0,0.00600600600601,0,-0.390207446774,0.0539393139645,5,471
534,1,5.40823457838,3.0,6.0,0.00600600600601,0,0.178039816383,-0.125884870765,5,539
535,1,5.08543627247,3.0,6.0,0.00900900900901,0,-0.132350907384,0.482488994619,5,460
536,0,9.21062770036,7.0,,0.011011011011,0,0.858434730939,1.63532350754,5,536
537,1,0.752371384138,0.0,1.0,0.01001001001,1,-0.962845755692,-1.35909134879,5,126
538,1,4.73283767542,4.0,5.0,0.00800800800801,1,-0.00463722461288,-0.25325065074,5,545
539,1,1.42342339671,0.0,4.0,0.01001001001,0,-1.64601518717,1.36146895821,5,383
540,0,11.6374052736,6.0,,0.00600600600601,0,2.26691165857,-0.163329702114,5,358
541,1,1.70787931969,0.0,2.0,0.00700700700701,0,-0.761636497551,-1.00721118766,5,214
542,1,-0.15395975405,,2.0,0.00900900900901,0,-1.06955896281,-1.94528286562,5,59
543,1,1.98830144391,0.0,4.0,0.00700700700701,0,-0.908103012283,-0.287389519242,5,349
544,1,5.47709630827,3.0,6.0,0.013013013013,0,0.331452090707,-0.517259963848,5,520
545,0,8.10107690359,7.0,,0.01001001001,0,1.08151791945,-0.143476854747,5,606
546,1,-1.33273360871,,2.0,0.00800800800801,0,-1.48948051533,-1.86429206273,5,48
547,1,1.38350292573,1.0,5.0,0.00900900900901,0,-1.42245938272,0.650881073881,5,467
548,1,-0.201372894193,,1.0,0.00600600600601,0,-1.19009788886,-1.63107922762,5,7
549,1,2.6310419255,0.0,5.0,0.012012012012,0,-0.57609083978,-0.640685555165,5,206
550,1,-0.929819811105,,1.0,0.00600600600601,0,-1.35905175089,-1.85266455842,5,53
551,0,8.28089856485,6.0,,0.00800800800801,0,1.04944443534,0.132565258828,5,121
552,1,2.59215515378,2.0,6.0,0.00900900900901,0,-0.998514688646,0.587699219715,5,532
553,1,1.49168977819,0.0,4.0,0.00700700700701,0,-0.82389379869,-1.03662882573,5,412
554,1,5.86535188688,5.0,6.0,0.00900900900901,1,-0.226278984114,1.54418883922,5,594
555,1,1.26448687491,1.0,2.0,0.00700700700701,1,-0.815460373062,-1.2891320059,5,228
556,1,2.46620251909,0.0,6.0,0.01001001001,0,-0.449584258251,-1.18504470616,5,311
557,1,1.72872941029,0.0,4.0,0.011011011011,0,-1.20878481343,0.355083850571,5,285
558,1,2.58153557449,0.0,5.0,0.00800800800801,0,-0.947511870655,0.42407118646,5,298
559,1,2.93342740924,2.0,3.0,0.00900900900901,1,-0.517849776471,-0.51302326135,5,241
560,1,-0.191485254468,,0.0,0.00600600600601,1,-1.00380278095,-2.18007691162,5,22
561,1,4.51660247913,3.0,5.0,0.00600600600601,0,-0.122699078012,-0.115300286832,5,573
562,1,4.35238293296,4.0,6.0,0.00600600600601,0,-0.0803907861184,-0.406444708681,5,639
563,1,4.29283212115,2.0,6.0,0.00800800800801,0,0.0240948127717,-0.779452317168,5,293
564,0,6.17511513069,5.0,,0.00800800800801,0,-0.0266392990563,1.25503302786,5,287
565,1,3.39816308735,3.0,4.0,0.00800800800801,1,-0.418502137506,-0.346330500132,5,529
566,0,8.15958545004,8.0,,0.00800800800801,0,0.84645733136,0.620213455963,5,17
567,0,8.92194588813,5.0,,0.00700700700701,0,0.967031202721,1.02085227996,5,650
568,0,8.60852496723,4.0,,0.00600600600601,0,1.60744231439,-1.21380197593,5,547
569,1,1.15289069655,0.0,2.0,0.00700700700701,0,-0.776409222769,-1.51788163514,5,128
570,1,4.31615399605,3.0,5.0,0.01001001001,0,-0.29975835199,0.215429052017,5,445
571,1,3.11312119153,,5.0,0.00800800800801,0,-0.810079216465,0.543358840923,5,449
572,1,2.39111303918,1.0,3.0,0.00600600600601,0,-0.880287004899,0.0319740538764,5,585
573,1,3.77033901241,3.0,4.0,0.00700700700701,1,0.0684405864441,-1.43498274692,5,693
574,0,10.3027763573,6.0,,0.00600600600601,0,1.66837488295,0.297651708453,5,659
575,1,5.78927699725,4.0,6.0,0.00700700700701,0,0.3072507711,-0.13247531605,5,446
576,1,-2.48120091973,,1.0,0.00600600600601,0,-1.75324589881,-2.22146322329,5,2
577,1,0.271243012208,,2.0,0.00700700700701,0,-1.45905235489,-0.351599923127,5,147
578,1,4.8601054835,4.0,5.0,0.00600600600601,1,-0.284775792117,0.714432859847,5,709
579,0,7.14739703948,6.0,,0.00600600600601,0,0.0618268335661,1.96191653879,5,140
580,1,6.56947744721,5.0,7.0,0.00700700700701,0,0.789159056456,-0.797999722152,5,699
581,1,2.10760987153,0.0,5.0,0.00800800800801,0,-0.793890299104,-0.510719231157,5,357
582,1,7.23354991648,6.0,8.0,0.00900900900901,0,0.406562469638,1.01386250756,5,582
583,1,4.81935844259,4.0,6.0,0.00800800800801,0,0.172089551064,-0.696910210607,5,599
584,0,7.19948042348,7.0,,0.011011011011,0,0.643408611416,0.269254589236,5,186
585,1,5.64527937859,3.0,6.0,0.00700700700701,0,0.336355121219,-0.363785985066,5,504
586,1,5.33530677573,5.0,7.0,0.00800800800801,0,0.74726258766,-1.90648098725,5,668
587,1,3.63375410566,3.0,4.0,0.00700700700701,1,0.332085357545,-2.36250196697,5,297
588,1,2.07434333117,2.0,3.0,0.01001001001,1,-0.868882984874,-0.319007714209,5,265
589,0,9.5914002592,6.0,,0.00600600600601,0,1.53443918836,-0.0119173058937,5,71
590,1,4.54462543815,4.0,6.0,0.00800800800801,0,0.297713012426,-1.34851359913,5,556
591,1,-3.04637861938,,1.0,0.00800800800801,0,-2.72201226014,0.119658161046,5,99
592,1,5.57677058721,2.0,6.0,0.01001001001,0,0.173029550316,0.0576819362619,5,482
593,0,7.85180615454,6.0,,0.00800800800801,0,0.860824727642,0.269331971617,5,232
594,0,9.97544586883,6.0,,0.00600600600601,0,1.40577828497,0.758111013923,5,510
595,1,5.92545030272,5.0,6.0,0.00700700700701,1,-0.231323780316,1.61942164366,5,437
596,1,4.36352931297,4.0,6.0,0.00700700700701,0,-0.439047065893,0.680670510648,5,586
597,0,11.2365617131,5.0,,0.00700700700701,0,2.00757121065,0.213848081159,5,184
598,1,4.79243318543,4.0,6.0,0.00700700700701,0,-0.528527583832,1.37801593693,5,673
599,1,1.36564308849,1.0,2.0,0.00900900900901,1,-0.995697176215,-0.647265382861,5,294
600,1,6.4188336918,5.0,8.0,0.012012012012,0,0.261206821861,0.635213226215,5,505
601,1,5.95057436251,5.0,6.0,0.00800800800801,1,0.329508573437,-0.0379513577965,5,572
602,0,4.53486442577,4.0,,0.00600600600601,0,0.467744221779,-1.86836823957,5,463
603,0,5.75189610832,5.0,,0.00700700700701,0,0.411962502855,-0.483991400247,5,531
604,1,4.8163563447,0.0,6.0,0.00900900900901,0,0.18531216371,-0.739580146427,5,554
605,1,5.15009464459,5.0,6.0,0.00800800800801,1,0.206538501156,-0.469520858879,5,427
606,0,8.24688956472,4.0,,0.00700700700701,0,1.26678994542,-0.553480271532,5,631
607,0,7.5088675872,6.0,,0.00700700700701,0,1.05872835759,-0.667317485554,5,649
608,1,4.91306345942,,6.0,0.00700700700701,0,-0.149238931293,0.360780253304,5,284
609,1,6.53534739565,4.0,7.0,0.00800800800801,0,0.208340397569,0.910326202944,5,461
610,1,2.05585433977,0.0,3.0,0.00700700700701,0,-0.628667301587,-1.05814375547,5,182
611,1,2.90711994616,1.0,4.0,0.00700700700701,0,-1.04288114742,1.03576338843,5,507
612,1,-0.0768215707235,,1.0,0.00700700700701,0,-1.57618890234,-0.348254863713,5,27
613,1,5.30432387709,4.0,6.0,0.00900900900901,0,0.775419572843,-2.02193484144,5,602
614,1,1.20784218936,1.0,3.0,0.00700700700701,0,-1.33459365794,0.211623163184,5,355
615,1,2.934403031,2.0,4.0,0.00700700700701,0,-0.183402838317,-1.51538845405,5,555
616,1,3.28693251143,2.0,4.0,0.00800800800801,0,-0.204118739233,-1.10071127087,5,512
617,0,9.83525982854,6.0,,0.00800800800801,0,1.24991127124,1.08552601482,5,588
618,0,8.02580647363,5.0,,0.00900900900901,0,0.80448379516,0.61235508815,5,612
619,1,0.342423891977,,1.0,0.01001001001,0,-0.67573450473,-2.63037259383,5,8
620,1,1.98708254059,0.0,2.0,0.01001001001,0,-0.815257736132,-0.567144251017,5,264
621,0,5.36342720494,5.0,,0.00600600600601,0,0.0367709948663,0.253114220339,5,482
622,0,8.95553872464,4.0,,0.00600600600601,0,1.58305599475,-0.793629259611,5,1
623,1,2.8408442406,1.0,3.0,0.01001001001,0,-0.411625300345,-0.924279858367,5,251
624,0,9.17947131043,5.0,,0.00600600600601,0,1.85528957339,-1.38639740973,5,396
625,0,6.50978296421,6.0,,0.00700700700701,0,0.417728776857,0.256596633635,5,406
626,1,2.85680154716,2.0,3.0,0.00600600600601,1,-0.176389873215,-1.6140288332,5,217
627,0,6.91290780568,5.0,,0.00600600600601,0,0.452626191984,0.55502922973,5,346
628,1,5.36682873847,5.0,6.0,0.00700700700701,1,0.46917928453,-1.04070911512,5,672
629,1,3.67829138824,1.0,4.0,0.00800800800801,0,-0.199382831565,-0.723560117067,5,281
630,0,10.1486355378,5.0,,0.00600600600601,0,1.57070029949,0.436534639308,5,614
631,1,3.49471735964,1.0,7.0,0.00800800800801,0,-0.478919336445,-0.0685246310237,5,614
632,0,6.76841094047,5.0,,0.00700700700701,0,0.570709340966,0.0562829175689,5,424
633,1,4.03404439674,4.0,5.0,0.00700700700701,1,-0.673718454671,1.05519976075,5,456
634,1,1.17335525793,0.0,2.0,0.00600600600601,0,-1.22190818861,-0.160920176232,5,172
635,0,11.6974683087,6.0,,0.00600600600601,0,2.00274364724,0.689237366973,5,38
636,0,7.78038680936,6.0,,0.00600600600601,0,0.689044872798,0.713252190971,5,11
637,0,6.42367665454,6.0,,0.00600600600601,0,0.462441965312,0.0363507586012,5,193
638,0,7.38559358922,3.0,,0.00700700700701,0,0.528455175623,0.800228062349,5,21
639,1,3.03598295095,3.0,5.0,0.00600600600601,0,-0.370531395386,-0.852422862895,5,220
640,1,-1.38663586451,,4.0,0.00900900900901,0,-2.50373609197,1.12457241139,5,326
641,0,6.08586039738,5.0,,0.00700700700701,0,0.263003679323,0.296849359411,5,648
642,0,7.0826250942,5.0,,0.00600600600601,0,0.259774915319,1.30330034825,5,607
643,1,0.870029611298,0.0,3.0,0.00900900900901,0,-1.4017988896,0.075426280094,5,481
644,1,-0.396872060525,,0.0,0.00800800800801,1,-2.07788158749,0.836772701957,5,18
645,1,5.53824417506,5.0,6.0,0.00800800800801,1,0.0609601330413,0.355363775931,5,580
646,0,8.12683228643,5.0,,0.00700700700701,0,0.786649869023,0.766882679361,5,641
647,0,11.589351496,6.0,,0.00600600600601,0,2.06094060917,0.406529668521,5,507
648,0,4.8918968121,4.0,,0.00600600600601,0,-0.132726824972,0.290077287011,5,292
649,0,7.34512251538,6.0,,0.00700700700701,0,0.66163784323,0.360208985689,5,456
650,0,6.22724866482,5.0,,0.00600600600601,0,0.996008604615,-1.76077714902,5,533
651,1,1.98914186846,,2.0,0.01001001001,0,-0.943640109597,-0.179937802748,5,190
652,1,0.949649071446,,5.0,0.00700700700701,0,-1.02343295826,-0.980052053768,5,459
653,0,7.40896028816,6.0,,0.00600600600601,0,0.89437252015,-0.274157272286,5,481
654,1,5.70266811177,5.0,6.0,0.00700700700701,1,-0.120606042525,1.06448623934,5,642
655,0,6.14616591368,6.0,,0.00700700700701,0,0.642069391201,-0.780042259918,5,475
656,1,5.4015756901,4.0,6.0,0.011011011011,0,-0.349681979942,1.45062162992,5,392
657,1,3.392397344,0.0,4.0,0.00600600600601,0,-0.429793209231,-0.318223028306,5,180
658,0,7.92625871254,7.0,,0.00900900900901,0,0.731360938939,0.732175895718,5,506
659,0,13.1525057383,5.0,,0.00600600600601,0,2.24595926989,1.41462792862,5,70
660,1,1.28130169264,0.0,2.0,0.00700700700701,0,-1.60996902668,1.11120877269,5,123
661,0,5.10810141145,5.0,,0.00600600600601,0,0.236293600368,-0.600779389653,5,421
662,1,3.75119898546,2.0,4.0,0.00600600600601,0,-0.171384978218,-0.73464607988,5,332
663,1,4.63229845172,3.0,6.0,0.00700700700701,0,-0.0318471920056,-0.272159972263,5,535
664,0,4.85850222208,4.0,,0.00800800800801,0,0.248829685619,-0.887986834781,5,545
665,0,9.03470833856,4.0,,0.00600600600601,0,1.09991648497,0.734958883647,5,339
666,1,6.38886516116,6.0,7.0,0.00800800800801,1,1.06674224479,-1.8113615732,5,534
667,1,3.95902613564,2.0,4.0,0.00600600600601,0,-0.0507623094268,-0.888686936079,5,384
668,0,6.03760889815,6.0,,0.00600600600601,0,-0.196143706207,1.62604001677,5,613
669,1,-0.747216005949,,0.0,0.00700700700701,1,-1.57350982547,-1.02668652954,5,3
670,1,5.6787152416,4.0,6.0,0.00700700700701,0,0.601249666994,-1.12503375938,5,687
671,1,2.96640009251,1.0,3.0,0.01001001001,0,-1.05299480901,1.12538451955,5,533
672,0,6.68060317401,6.0,,0.00700700700701,0,1.05488339938,-1.48404702414,5,583
673,1,4.26162906459,4.0,6.0,0.00600600600601,0,-0.900065850358,1.96182661567,5,685
674,0,10.3508157563,4.0,,0.00700700700701,0,1.21106084679,1.71763321591,5,129
675,1,3.86636553518,0.0,6.0,0.00700700700701,0,0.0534614032761,-1.29401867465,5,314
676,1,4.50377136334,3.0,5.0,0.012012012012,0,-0.061643781869,-0.311297291055,5,506
677,1,3.98316508424,3.0,5.0,0.00700700700701,0,-0.539953923357,0.60302685431,5,386
678,0,8.78888648667,7.0,,0.00700700700701,0,0.923998413625,1.01689124579,5,596
679,1,3.07788010868,0.0,4.0,0.00700700700701,0,-0.492745177695,-0.443884358233,5,428
680,1,1.88756802929,0.0,2.0,0.00600600600601,0,-0.955191161755,-0.246858485446,5,52
681,1,2.82059494505,0.0,6.0,0.00900900900901,0,-1.11550050294,1.16709645386,5,458
682,1,6.75646495861,6.0,7.0,0.00700700700701,1,0.926589228858,-1.02330272796,5,625
683,1,4.21055537756,4.0,5.0,0.00600600600601,1,-0.140742396902,-0.367217431738,5,671
684,0,8.05816551107,8.0,,0.01001001001,0,0.593456977557,1.2777945784,5,649
685,0,6.16147268241,6.0,,0.00600600600601,0,0.283153208665,0.312013056417,5,632
686,0,11.1443829897,8.0,,0.00800800800801,0,1.84852660154,0.598803185113,5,165
687,1,-1.31020918059,,1.0,0.00800800800801,0,-2.42895866449,0.976666812868,5,83
688,0,12.0707745571,7.0,,0.00800800800801,0,1.74392635677,1.83899548678,5,572
689,1,3.72708236557,2.0,4.0,0.00900900900901,0,-0.596580305979,0.516823283508,5,80
690,1,3.93692886946,2.0,5.0,0.00700700700701,0,-0.0600068827696,-0.883050482234,5,322
691,0,7.70311605543,5.0,,0.00600600600601,0,0.718818095384,0.546661769282,5,11
692,1,5.0610592806,5.0,6.0,0.00600600600601,1,-0.0655390702424,0.257676491331,5,598
693,1,4.34200234726,1.0,5.0,0.00800800800801,0,-0.624466948489,1.21540319272,5,317
694,1,4.61987576403,4.0,6.0,0.00700700700701,0,-0.162939768246,0.108695068765,5,600
695,1,5.93290766082,5.0,6.0,0.01001001001,1,0.122195369215,0.566321553173,5,271
696,1,3.79298111186,1.0,4.0,0.011011011011,0,-0.385697285613,-0.0499270313023,5,387
697,0,5.87658114709,5.0,,0.00600600600601,0,-0.254615803371,1.64042855721,5,557
698,0,6.91608581339,4.0,,0.00600600600601,0,0.532971582606,0.317171065574,5,224
699,1,5.91930716725,5.0,6.0,0.00900900900901,1,0.588783952623,-0.847044690624,5,628
700,0,14.9501928618,8.0,,0.01001001001,0,2.80471817768,1.53603832875,5,113
701,1,4.75075503563,4.0,5.0,0.00600600600601,1,-0.519633292844,1.30965491416,5,441
702,1,2.25694243486,2.0,3.0,0.00800800800801,1,-0.887824169009,-0.0795850581099,5,396
703,0,7.48316235763,6.0,,0.00800800800801,0,0.967837131392,-0.420349036546,5,549
704,1,5.94361609293,5.0,6.0,0.00700700700701,1,0.635425205753,-0.962659524332,5,502
705,1,1.4865784252,,2.0,0.00600600600601,0,-1.47181834209,0.902033451457,5,115
706,1,1.54878407014,1.0,3.0,0.00900900900901,0,-1.04029543903,-0.330329612778,5,199
707,0,8.91638412416,6.0,,0.00700700700701,0,1.34706748573,-0.124818333037,5,505
708,1,4.90432387126,3.0,5.0,0.00900900900901,0,-0.201513529401,0.508864459459,5,406
709,1,1.54807865576,0.0,2.0,0.01001001001,0,-0.775003051662,-1.12691218925,5,422
710,0,5.7421399991,5.0,,0.00800800800801,0,-0.381326435349,1.88611930515,5,597
711,1,2.08200272762,0.0,5.0,0.00800800800801,0,-0.974031906051,0.00409844577018,5,636
712,1,-0.652643592274,,0.0,0.00700700700701,1,-1.11831953328,-2.29768499245,5,41
713,0,11.4573902154,5.0,,0.00600600600601,0,1.67916342484,1.41989994088,5,365
714,0,7.58313642772,6.0,,0.00700700700701,0,1.29962976988,-1.31575288193,5,403
715,1,0.29897351694,,2.0,0.011011011011,0,-1.68556755377,0.355676178247,5,51
716,0,4.39108010985,4.0,,0.00800800800801,0,-0.0169149652243,-0.558174994476,5,222
717,1,2.86867584714,2.0,6.0,0.00600600600601,0,-0.0234534394814,-2.06096383442,5,593
718,0,4.37651367955,4.0,,0.00700700700701,0,0.031335028694,-0.717491406531,5,116
719,1,5.06839587831,5.0,6.0,0.00600600600601,1,0.116777483262,-0.281936571476,5,508
720,1,3.650414797,0.0,6.0,0.00700700700701,0,-0.225981562758,-0.67164051473,5,509
721,1,4.48019447091,4.0,5.0,0.00600600600601,1,0.0595615872139,-0.698490290735,5,565
722,1,2.48715712277,1.0,6.0,0.011011011011,0,-0.845795640746,0.0245440450132,5,494
723,1,3.89011985739,3.0,5.0,0.00800800800801,0,-0.312529132166,-0.172292746118,5,612
724,1,4.56761884861,4.0,5.0,0.00900900900901,1,-0.1392722215,-0.0145644868889,5,513
725,1,0.79490058114,,2.0,0.00600600600601,0,-1.03647664307,-1.09566948965,5,114
726,1,4.98506059258,4.0,5.0,0.00600600600601,1,-0.793098234436,2.36435529588,5,707
727,0,8.68838552352,6.0,,0.00700700700701,0,0.873126563179,1.06900583398,5,691
728,1,6.75682515146,6.0,7.0,0.00700700700701,1,0.461001623231,0.373820281764,5,661
729,1,5.05131214502,1.0,6.0,0.00700700700701,0,0.177898026781,-0.482381935324,5,541
730,1,5.57864214988,1.0,7.0,0.00700700700701,0,0.10719565738,0.257055177737,5,633
731,0,9.734421855,6.0,,0.00900900900901,0,1.36960385071,0.625610302881,5,402
732,1,4.6682323206,2.0,5.0,0.00700700700701,0,-0.00031410159469,-0.33082537462,5,431
733,1,1.18628229175,1.0,3.0,0.00600600600601,0,-1.18706182656,-0.252532228559,5,345
734,1,3.98517042545,3.0,4.0,0.00700700700701,1,-0.544630007629,0.619060448341,5,571
735,1,4.86294198051,4.0,5.0,0.00700700700701,1,-0.105665429533,0.179938269107,5,592
736,1,4.34562870004,4.0,5.0,0.00800800800801,1,-0.471103492547,0.758939177683,5,340
737,1,3.96080731926,3.0,4.0,0.00600600600601,1,-0.13538185766,-0.633047107758,5,644
738,1,5.18684398344,5.0,6.0,0.00600600600601,1,0.409733624661,-1.04235689055,5,657
739,0,6.51547219502,6.0,,0.00700700700701,0,0.589570020284,-0.253237865832,5,10
740,0,5.47665907843,5.0,,0.00700700700701,0,0.19320225924,-0.102947699295,5,628
741,0,9.03685045453,7.0,,0.00800800800801,0,1.31851173153,0.0813152599378,5,637
742,1,0.922254419462,0.0,2.0,0.00800800800801,0,-1.53704827744,0.533399251794,5,353
743,1,4.49339778255,3.0,5.0,0.00600600600601,0,-0.197909644822,0.0871267170172,5,430
744,0,10.2233550513,6.0,,0.00600600600601,0,1.466617227,0.823503370285,5,437
745,0,7.29127321629,5.0,,0.00800800800801,0,0.411850463808,1.05572182487,5,206
746,0,5.91399283072,4.0,,0.00600600600601,0,0.572350838539,-0.803059684894,5,377
747,1,-0.129746895746,,0.0,0.00700700700701,1,-1.01553435995,-2.08314381588,5,4
748,1,4.55889534976,2.0,6.0,0.00600600600601,0,-0.418112431206,0.81323264338,5,578
749,1,1.34665076229,1.0,2.0,0.00600600600601,1,-0.463095617123,-2.26406238634,5,341
750,1,1.23085395151,,2.0,0.00700700700701,0,-0.879719178788,-1.12998851213,5,492
751,1,5.2599998755,5.0,6.0,0.00900900900901,1,0.417988320861,-0.993965087079,5,648
752,0,8.00857690733,5.0,,0.00600600600601,0,1.58474915436,-1.74567055574,5,492
753,1,4.89527725022,4.0,6.0,0.00600600600601,0,0.358072207827,-1.17893937327,5,683
754,1,1.2452055343,1.0,4.0,0.00600600600601,0,-1.30310990263,0.154535242195,5,584
755,0,4.42164030927,4.0,,0.00600600600601,0,-0.00822138298391,-0.553695541783,5,621
756,0,7.70132861561,7.0,,0.00800800800801,0,1.47169925554,-1.713769151,5,601
757,1,0.383843355752,0.0,4.0,0.00800800800801,0,-1.09793984592,-1.32233710649,5,237
758,1,4.18208575019,4.0,5.0,0.00800800800801,1,-0.621330176042,1.04607627832,5,638
759,1,1.76682179214,0.0,6.0,0.00600600600601,0,-0.682641872113,-1.18525259152,5,688
760,0,7.85752445782,7.0,,0.011011011011,0,1.41763010824,-1.39536586689,5,121
761,1,4.57424137473,4.0,5.0,0.00600600600601,1,0.358234335727,-1.50046163245,5,464
762,0,4.39429535883,4.0,,0.00600600600601,0,-0.480920072416,0.837055576077,5,194
763,1,0.193081618044,,5.0,0.00800800800801,0,-1.4567272074,-0.436736759749,5,315
764,0,8.58828664557,6.0,,0.00600600600601,0,0.598536780755,1.7926763033,5,459
765,1,4.81321884125,3.0,5.0,0.00600600600601,0,0.45227518234,-1.54360670577,5,308
766,0,8.07092396432,5.0,,0.00700700700701,0,0.786695299671,0.710838065302,5,702
767,0,12.4967465499,6.0,,0.00600600600601,0,1.55897518071,2.81982100773,5,336
768,1,2.14158856654,1.0,4.0,0.00700700700701,0,-0.623390214513,-0.988240789921,5,453
769,1,0.0810954160498,,1.0,0.00600600600601,0,-1.71601252269,0.229132984116,5,70
770,0,8.04073190587,5.0,,0.00700700700701,0,1.43771073022,-1.27240028478,5,231
771,0,10.9776316308,5.0,,0.00700700700701,0,1.40087012289,1.77502126216,5,494
772,1,5.1120821161,5.0,6.0,0.00600600600601,1,-0.238061219173,0.826265773616,5,710
773,1,3.72040991669,3.0,6.0,0.00600600600601,0,-0.594340705921,0.503432034447,5,617
774,0,7.48815438264,7.0,,0.00900900900901,0,0.502952571278,0.979296668805,5,680
775,1,3.91502978681,3.0,4.0,0.00600600600601,1,0.102539870131,-1.39258982358,5,666
776,1,2.4360298709,0.0,4.0,0.00800800800801,0,-0.66776474266,-0.560675901123,5,457
777,1,4.27815628368,0.0,5.0,0.00800800800801,0,-0.34933282525,0.326154759433,5,526
778,1,5.52082839102,4.0,6.0,0.00600600600601,0,-0.090704381124,0.792941534388,5,691
779,0,7.48338463254,7.0,,0.00700700700701,0,0.159389175308,2.00521710661,5,4
780,1,3.59951408053,3.0,4.0,0.00600600600601,1,-0.247658686516,-0.65750985992,5,342
781,0,7.0771987332,6.0,,0.00600600600601,0,1.03022634693,-1.01348030758,5,49
782,1,3.92221818281,3.0,4.0,0.00800800800801,1,-0.420548491736,0.18386365802,5,338
783,0,8.68418818369,4.0,,0.00600600600601,0,1.56232607806,-1.00279005048,5,490
784,0,4.6942818735,4.0,,0.00600600600601,0,-0.445954315738,1.03214482071,5,419
785,1,2.30772828822,,3.0,0.00900900900901,0,-0.854827624696,-0.127788837697,5,140
786,0,7.25047218541,5.0,,0.00700700700701,0,0.811593705674,-0.184308931618,5,237
787,1,1.99233732776,0.0,2.0,0.00600600600601,0,-0.211561576087,-2.37297794398,5,144
788,1,2.89482343107,2.0,5.0,0.00600600600601,0,-0.456611176693,-0.735343038853,5,358
789,1,3.10667833416,3.0,4.0,0.00600600600601,1,-0.215078618363,-1.24808581075,5,597
790,0,5.68905407327,5.0,,0.00700700700701,0,0.275250102284,-0.136696233583,5,64
791,1,4.98580404259,2.0,5.0,0.00700700700701,0,-0.316960310459,0.936684973973,5,433
792,0,7.07956859278,7.0,,0.00900900900901,0,1.05763142686,-1.09332568781,5,588
793,1,4.49747309202,1.0,5.0,0.00700700700701,0,-0.575106785908,1.22279344974,5,583
794,0,7.06235921241,5.0,,0.00600600600601,0,0.67061100512,0.0505261970505,5,684
795,1,2.99078329413,2.0,4.0,0.00600600600601,0,-0.43502907439,-0.704129482702,5,329
796,0,9.29046157306,6.0,,0.00600600600601,0,1.17088038234,0.777820426028,5,683
797,0,5.48699316775,5.0,,0.00800800800801,0,0.304531564768,-0.42660152655,5,571
798,0,7.38614979196,6.0,,0.00600600600601,0,1.07008063035,-0.824092099099,5,303
799,1,3.82126584183,3.0,4.0,0.00600600600601,1,-0.480113788881,0.261607208472,5,335
800,1,2.28049045705,0.0,3.0,0.00700700700701,0,-1.10433118481,0.593484011487,5,416
801,1,3.35483516059,2.0,4.0,0.00600600600601,0,-0.52144616965,-0.0808263304635,5,510
802,1,2.17022722998,1.0,4.0,0.01001001001,0,-0.641750333407,-0.904521769804,5,215
803,1,5.46928339451,5.0,6.0,0.00600600600601,1,-0.0442470280289,0.6020244786,5,678
804,1,1.52130972912,,5.0,0.00800800800801,0,-0.494132874476,-1.99629164746,5,495
805,0,6.96071650806,4.0,,0.00600600600601,0,0.957128928264,-0.910670276732,5,504
806,1,5.59412717463,3.0,6.0,0.00700700700701,0,-0.262534420601,1.38173043643,5,643
807,1,3.4851447371,2.0,4.0,0.00600600600601,0,-0.659380162882,0.463285225742,5,563
808,1,1.09601463723,1.0,2.0,0.00900900900901,1,-1.05597324097,-0.736065639859,5,216
809,0,9.2050499976,6.0,,0.00700700700701,0,1.33458048885,0.201308531035,5,393
810,0,5.61799397504,4.0,,0.00600600600601,0,0.243711712879,-0.113141163592,5,665
811,1,1.77437129304,0.0,5.0,0.00600600600601,0,-1.07198317143,-0.0096791926633,5,328
812,1,4.70092235759,4.0,6.0,0.00700700700701,0,0.0941506275505,-0.581529525062,5,649
813,0,7.78058203114,4.0,,0.00600600600601,0,1.25114144784,-0.972842312381,5,63
814,0,8.32647307308,5.0,,0.00600600600601,0,0.825933260104,0.848673292765,5,552
815,1,1.08306532086,0.0,4.0,0.00800800800801,0,-1.40680656574,0.303485018075,5,388
816,1,2.2692191246,2.0,3.0,0.00600600600601,1,-1.460547533,1.6508617236,5,106
817,1,3.18938749072,1.0,5.0,0.00600600600601,0,-0.0653653514987,-1.61451645478,5,362
818,1,4.7246458686,2.0,5.0,0.00600600600601,0,-0.444598284997,1.05844072359,5,626
819,0,6.26966643037,5.0,,0.00600600600601,0,0.743606212437,-0.961152206939,5,620
820,1,3.88819317199,0.0,5.0,0.00700700700701,0,-0.799538596103,1.28680896029,5,334
821,0,8.79970132517,6.0,,0.00600600600601,0,0.499257093497,2.30193004468,5,51
822,1,1.56368896634,0.0,3.0,0.00600600600601,0,-0.923447553443,-0.665968373336,5,465
823,1,5.48174028009,5.0,7.0,0.00700700700701,0,0.566394275589,-1.21744254668,5,552
824,0,8.41643728392,3.0,,0.00800800800801,0,0.968883092391,0.509788006744,5,677
825,1,4.74071991889,4.0,5.0,0.00900900900901,1,-0.105677533999,0.0577525208811,5,546
826,0,8.03669988268,6.0,,0.00600600600601,0,1.02918243043,-0.0508474086136,5,692
827,1,5.07933527605,5.0,6.0,0.00800800800801,1,0.357783735709,-0.994015931078,5,637
828,0,4.53354455093,4.0,,0.00600600600601,0,-0.594306116423,1.3164629002,5,465
829,1,0.681485523685,,2.0,0.00700700700701,0,-1.05205196444,-1.16235858299,5,145
830,0,9.89708800361,5.0,,0.00600600600601,0,1.42264964918,0.629139056062,5,704
831,0,6.61045486222,4.0,,0.00600600600601,0,0.896755337802,-1.07981115119,5,225
832,0,6.83001451865,4.0,,0.00600600600601,0,0.577680912131,0.0969717822587,5,600
833,0,11.1318337144,5.0,,0.00600600600601,0,1.84362214094,0.600967291583,5,69
834,0,7.40007045685,4.0,,0.00600600600601,0,0.518727254508,0.843888693328,5,263
835,1,3.46819916411,,6.0,0.00600600600601,0,-0.192855710423,-0.953233704626,5,469
836,1,-1.9657327409,,1.0,0.00700700700701,0,-1.96691814346,-1.06497831053,5,108
837,1,5.3662909974,5.0,7.0,0.00700700700701,0,0.480518452127,-1.07526435898,5,596
838,1,0.981320213389,,1.0,0.00600600600601,0,-1.58376680278,0.73262062174,5,64
839,1,4.95991985221,3.0,6.0,0.00700700700701,0,0.68585816194,-2.09765463361,5,519
840,1,-0.390450221256,,1.0,0.00600600600601,0,-1.61242602049,-0.553172159779,5,33
841,1,0.656436583044,0.0,2.0,0.00700700700701,0,-1.65520364717,0.622047524554,5,142
842,0,5.0791192957,5.0,,0.00600600600601,0,-0.0947329066142,0.363318015547,5,692
843,1,-0.0603166440828,,0.0,0.00600600600601,1,-1.37967290242,-0.921297936815,5,15
844,1,3.78418091084,3.0,4.0,0.00700700700701,1,-0.425959253503,0.0620586713532,5,493
845,0,6.82239000752,6.0,,0.00600600600601,0,0.260313623042,1.04144913839,5,509
846,0,8.86493961968,5.0,,0.00600600600601,0,1.3839301142,-0.286850722923,5,508
847,1,2.60472539271,2.0,4.0,0.00600600600601,0,-0.63423165232,-0.492579650326,5,542
848,1,1.8365227268,1.0,3.0,0.00600600600601,0,-0.932215805716,-0.36682985605,5,364
849,1,1.22781303441,0.0,2.0,0.00600600600601,0,-1.58929976777,0.99571233772,5,429
850,1,2.38556478034,2.0,3.0,0.00600600600601,1,-0.756744950379,-0.344200368522,5,591
851,0,13.2187355266,5.0,,0.00600600600601,0,2.71539904895,0.0725383797279,5,148
852,1,1.98313780077,1.0,2.0,0.00600600600601,1,-0.412437635531,-1.77954929263,5,324
853,1,0.903771696495,,6.0,0.01001001001,0,-1.60672143288,0.723935995144,5,451
854,1,-1.25853382695,,0.0,0.00600600600601,1,-2.09189678424,0.0171565257689,5,14
855,0,6.01973850324,6.0,,0.00600600600601,0,0.0329837335554,0.920787302574,5,696
856,1,5.63034476522,5.0,6.0,0.00700700700701,1,0.0602971349093,0.44945336049,5,631
857,0,12.2909472727,5.0,,0.00700700700701,0,2.23180351901,0.595536715644,5,334
858,1,3.18529092889,3.0,4.0,0.00600600600601,1,-0.685161852351,0.240776485948,5,621
859,1,0.849698355069,,1.0,0.00700700700701,0,-1.58044337726,0.591028486844,5,56
860,1,5.30600827455,0.0,6.0,0.00600600600601,0,-0.390316203752,1.47695688581,5,695
861,0,9.74760561993,4.0,,0.00600600600601,0,1.1928964146,1.16891637611,5,354
862,1,2.1994895859,1.0,3.0,0.00700700700701,0,-1.51025407336,1.73025180598,5,250
863,1,3.01216244436,3.0,4.0,0.00600600600601,1,-0.526657593869,-0.407864774036,5,511
864,1,-0.583110336188,,0.0,0.00600600600601,1,-2.41257588025,1.65461730458,5,43
865,0,6.21013879623,5.0,,0.00600600600601,0,0.0197919731391,1.15076287681,5,675
866,1,4.08483685183,4.0,6.0,0.00700700700701,0,-0.0445951420073,-0.781377722149,5,561
867,0,3.19061456186,3.0,,0.00600600600601,0,0.451805189386,-3.1648010063,5,373
868,0,10.7995672046,5.0,,0.00700700700701,0,1.68159519208,0.75478162839,5,720
869,1,1.22696672785,1.0,6.0,0.00600600600601,0,-1.68751023922,1.2894974455,5,650
870,0,4.70183045005,4.0,,0.00600600600601,0,0.423688911182,-1.5692362835,5,30
871,0,15.7209124544,4.0,,0.00600600600601,0,3.24981410895,0.971470127576,5,503
872,1,6.142800694,5.0,7.0,0.00800800800801,0,0.193988266277,0.560835895171,5,654
873,1,0.630937783358,0.0,3.0,0.00700700700701,0,-1.12367277668,-0.998043886606,5,299
874,0,5.48582877941,5.0,,0.00600600600601,0,0.172616970736,-0.0320221328003,5,457
875,1,3.07335023732,3.0,5.0,0.00600600600601,0,-0.117058389102,-1.57547459538,5,410
876,1,2.74947524122,0.0,3.0,0.00600600600601,0,-0.491579719269,-0.775785600974,5,319
877,0,6.63511521285,5.0,,0.00600600600601,0,0.291717169226,0.759963705176,5,208
878,1,-5.75374438501,,3.0,0.00600600600601,0,-3.61968678447,0.105315968401,5,258
879,1,4.40411967054,4.0,5.0,0.00700700700701,1,-0.548401168903,1.04932317725,5,635
880,1,4.4706110049,3.0,5.0,0.00600600600601,0,-0.173973061734,-0.00746980989727,5,452
881,0,10.5693340561,5.0,,0.00600600600601,0,1.51609322996,1.02105436623,5,100
882,1,3.10539707074,2.0,5.0,0.00600600600601,0,-0.496461221365,-0.405219265167,5,609
883,0,5.17347717191,5.0,,0.00600600600601,0,0.249683014208,-0.575571870718,5,171
884,1,2.77977011308,,3.0,0.00700700700701,0,-0.463759193886,-0.828952305262,5,417
885,0,5.59111560586,5.0,,0.00600600600601,0,-0.122110667728,0.957447609047,5,553
886,0,7.84189655819,6.0,,0.00600600600601,0,1.09808037467,-0.452344565817,5,531
887,1,2.98286029025,1.0,3.0,0.00600600600601,0,-0.856462460071,0.552247670465,5,310
888,1,3.90981487004,0.0,4.0,0.00600600600601,0,-0.252981343987,-0.331241097997,5,366
889,0,6.79405810255,6.0,,0.00700700700701,0,0.736458577481,-0.415317629893,5,660
890,0,6.91988985486,5.0,,0.00600600600601,0,0.655073297341,-0.0453300371599,5,224
891,1,3.5519975594,3.0,6.0,0.00700700700701,0,-0.203803391308,-0.836592266671,5,604
892,1,3.17552564473,2.0,5.0,0.00600600600601,0,-0.332178928132,-0.82793757087,5,274
893,1,0.931809988963,0.0,4.0,0.00600600600601,0,-0.846547494581,-1.52854752729,5,411
894,0,6.11698759151,4.0,,0.00600600600601,0,0.449510506876,-0.23154392912,5,387
895,1,2.49006152144,2.0,5.0,0.00700700700701,0,-0.523212321771,-0.940301513243,5,547
896,1,4.2224449476,2.0,5.0,0.00600600600601,0,-0.458854073507,0.599007168117,5,438
897,0,7.40487438139,5.0,,0.00600600600601,0,0.913711969108,-0.336261525937,5,235
898,0,6.87596010503,4.0,,0.00600600600601,0,1.16817224536,-1.62855663106,5,488
899,1,5.67950753079,5.0,6.0,0.00600600600601,1,-0.23157828068,1.37424237283,5,652
900,1,-1.85208458383,,0.0,0.00600600600601,1,-2.57106295054,0.861104267798,5,36
901,0,15.7764647574,5.0,,0.00600600600601,0,3.65132857076,-0.177520954908,5,677
902,1,3.59414189495,3.0,4.0,0.00700700700701,1,-0.0710923846411,-1.19258095112,5,369
903,0,8.97513291387,5.0,,0.00600600600601,0,1.55665494935,-0.694831934174,5,680
904,1,4.76598065789,4.0,6.0,0.00800800800801,0,-0.317903135429,0.719690064174,5,523
905,1,3.80419281558,3.0,4.0,0.00600600600601,1,-0.348747257895,-0.149565410737,5,376
906,0,5.5097231447,5.0,,0.00700700700701,0,-0.0873192737272,0.771680965881,5,32
907,0,5.06813670286,4.0,,0.00600600600601,0,-0.60621760167,1.88678950787,5,422
908,0,11.7837687927,6.0,,0.00600600600601,0,1.98372583408,0.832591290407,5,671
909,1,4.06008615118,3.0,6.0,0.00700700700701,0,-0.0898388060846,-0.670397430569,5,608
910,1,5.98646072603,5.0,6.0,0.00600600600601,1,0.57678240899,-0.743886500937,5,454
911,1,6.52395934097,6.0,7.0,0.00700700700701,1,0.741820146512,-0.701501098566,5,702
912,0,6.33237236157,5.0,,0.00600600600601,0,0.285919513363,0.474613821485,5,597
913,0,8.65745171419,6.0,,0.00600600600601,0,1.1849441529,0.102619255503,5,337
914,1,-3.11393835232,,2.0,0.00600600600601,0,-2.73994480798,0.105896071607,5,44
915,0,7.72646461736,4.0,,0.00600600600601,0,0.80608168763,0.308219554467,5,689
916,0,8.30929041716,6.0,,0.00600600600601,0,1.05750875041,0.136764165947,5,54
917,1,-5.8334156728,,0.0,0.00600600600601,1,-3.59808828911,-0.0391508054769,5,19
918,1,3.05823075496,1.0,4.0,0.00600600600601,0,-0.960170577112,0.938742486298,5,207
919,0,6.79863797314,6.0,,0.00600600600601,0,0.516825077044,0.248162742012,5,520
920,1,2.09693017721,2.0,5.0,0.00600600600601,0,-0.913835622582,-0.16156295504,5,192
921,1,3.03195921037,3.0,4.0,0.00700700700701,1,-0.850694917825,0.58404396384,5,530
922,1,4.92153196967,4.0,5.0,0.00600600600601,1,0.101195324214,-0.382054002975,5,713
923,0,8.6558050365,6.0,,0.00600600600601,0,0.748327550344,1.41082238546,5,257
924,1,3.58940974997,3.0,4.0,0.00800800800801,1,-0.869934428703,1.19921303607,5,517
925,0,6.85600024102,6.0,,0.00600600600601,0,0.768805958984,-0.450417635931,5,493
926,0,11.9044368032,4.0,,0.00600600600601,0,1.83252143822,1.40687248854,5,24
927,1,2.51512361509,1.0,3.0,0.00600600600601,0,-0.927318356273,0.297078683914,5,413
928,1,0.557030240963,0.0,3.0,0.00600600600601,0,-1.41912508899,-0.185594492061,5,350
929,1,3.60374289826,3.0,5.0,0.00600600600601,0,-0.561423031708,0.288011993378,5,663
930,1,4.83895703082,1.0,6.0,0.00600600600601,0,0.0945241646991,-0.444615463278,5,701
931,0,7.49592615722,5.0,,0.00700700700701,0,0.871349682039,-0.1181228889,5,114
932,0,9.8586308149,4.0,,0.00600600600601,0,1.04499705646,1.72363964553,5,429
933,0,6.22360026332,5.0,,0.00600600600601,0,0.469700766439,-0.185502035999,5,411
934,1,3.35038320843,3.0,5.0,0.00600600600601,0,-0.231450160382,-0.955266310422,5,478
935,0,7.17992398918,5.0,,0.00600600600601,0,0.795266907693,-0.2058767339,5,290
936,0,7.91695278421,7.0,,0.00800800800801,0,0.405196969806,1.70136187479,5,496
937,1,4.06890621619,4.0,5.0,0.00600600600601,1,-0.306019046175,-0.0130366452792,5,677
938,0,7.6354458573,5.0,,0.00600600600601,0,0.59186431078,0.859852924963,5,20
939,1,0.916353020192,0.0,1.0,0.00800800800801,1,-1.27308468214,-0.264392933376,5,101
940,0,6.65129648936,6.0,,0.00600600600601,0,0.205648218722,1.0343518332,5,253
941,1,3.33234652503,3.0,4.0,0.00700700700701,1,-0.597329430779,0.124334817367,5,676
942,0,7.18646254483,5.0,,0.00600600600601,0,0.581587205117,0.441700929478,5,513
943,1,4.00258574993,4.0,5.0,0.00600600600601,1,-0.762925055793,1.29136091731,5,579
944,1,1.36247859282,0.0,5.0,0.00600600600601,0,-1.30686118473,0.283062147028,5,421
945,0,8.27839586819,5.0,,0.00700700700701,0,1.23200032645,-0.417605111149,5,644
946,0,6.61085562374,4.0,,0.00700700700701,0,0.483924342739,0.159082595529,5,212
947,0,3.30937236669,3.0,,0.00600600600601,0,-0.525271068799,-0.114814426915,5,403
948,1,1.95098418727,1.0,2.0,0.00600600600601,1,-0.822971974519,-0.580099889169,5,468
949,0,9.72218923735,6.0,,0.00600600600601,0,1.29399874312,0.840193007986,5,293
950,1,5.74835745178,5.0,6.0,0.00600600600601,1,0.361342719449,-0.335670706561,5,675
951,1,4.92475601739,4.0,5.0,0.00600600600601,1,-0.320675388274,0.88678218221,5,647
952,1,2.91820403833,1.0,5.0,0.00600600600601,0,-0.402711476334,-0.873661532668,5,632
953,0,8.58832421634,6.0,,0.00600600600601,0,0.809934190599,1.15852164454,5,545
954,0,4.22828052197,3.0,,0.00600600600601,0,0.0455809849778,-0.908462432959,5,708
955,1,3.97806384605,2.0,5.0,0.00700700700701,0,0.0640377762319,-1.21404948264,5,669
956,1,5.86809512401,4.0,6.0,0.00600600600601,0,0.200477390875,0.266662951383,5,660
957,0,7.28979921062,6.0,,0.00600600600601,0,1.47777886284,-2.14353737789,5,478
958,1,0.172140170295,0.0,5.0,0.00600600600601,0,-2.17934112861,1.71016355612,5,487
959,0,10.954728691,5.0,,0.00600600600601,0,1.75438701255,0.691567653382,5,624
960,0,6.49446366746,6.0,,0.00600600600601,0,0.381626683547,0.349583616816,5,57
961,1,3.43047111129,3.0,5.0,0.00600600600601,0,-0.43565883963,-0.26255236982,5,575
962,1,5.83389052595,5.0,6.0,0.00700700700701,1,0.720496145332,-1.32759791004,5,623
963,1,4.29652456674,2.0,5.0,0.00600600600601,0,0.376926052418,-1.83425359051,5,518
964,0,5.7068004534,5.0,,0.00600600600601,0,0.0907562293223,0.434531765435,5,256
965,0,7.21477063284,6.0,,0.00600600600601,0,0.912454128785,-0.522591753519,5,41
966,1,2.3733364805,2.0,3.0,0.00700700700701,1,-1.35733563118,1.44534337403,5,576
967,0,5.7692395371,4.0,,0.00600600600601,0,-0.237368267155,1.48134433857,5,625
968,0,4.09310764957,4.0,,0.00600600600601,0,-0.0713424002802,-0.692865149592,5,432
969,0,8.78244282831,6.0,,0.00700700700701,0,1.05196357737,0.626552096212,5,251
970,1,5.13249795993,4.0,6.0,0.00600600600601,0,0.0789763625485,-0.104431127716,5,697
971,0,10.1218082893,3.0,,0.00600600600601,0,1.24919124285,1.37423456072,5,489
972,0,10.4804111998,5.0,,0.00600600600601,0,1.91430028288,-0.262489648803,5,378
973,1,5.2970491673,5.0,6.0,0.00600600600601,1,-0.333766737428,1.29834937958,5,634
974,1,5.2930622916,3.0,6.0,0.00600600600601,0,0.139874601014,-0.126561511443,5,698
975,1,3.34833285733,0.0,4.0,0.00600600600601,0,-0.448898231568,-0.30497244796,5,238
976,1,2.42634326473,2.0,3.0,0.00600600600601,1,-0.333371620803,-1.57354187286,5,323
977,0,8.81592148324,5.0,,0.00600600600601,0,1.51115484793,-0.717543060551,5,231
978,1,4.47454532434,4.0,5.0,0.00600600600601,1,-0.290835176838,0.347050854856,5,651
979,0,9.72658392181,4.0,,0.00600600600601,0,1.03327085501,1.62677135677,5,532
980,1,3.84543529568,3.0,4.0,0.00600600600601,1,-0.42329647389,0.115324717351,5,443
981,0,5.80869950261,5.0,,0.00600600600601,0,0.590804662565,-0.963714485081,5,686
982,0,10.3192234776,6.0,,0.00600600600601,0,0.926955201649,2.53835787261,5,582
983,1,-3.79992290396,,1.0,0.00600600600601,0,-2.11128169104,-2.46607783084,5,30
984,0,5.17381369107,5.0,,0.00600600600601,0,0.132018723923,-0.222242480695,5,653
985,1,3.8855276709,1.0,5.0,0.00600600600601,0,-0.362360975263,-0.0273894033073,5,483
986,1,5.57515556716,5.0,6.0,0.00600600600601,1,0.25031893242,-0.175801230098,5,681
987,0,8.53626863286,4.0,,0.00600600600601,0,1.15614568406,0.0678315806965,5,600
988,0,6.08519330319,6.0,,0.00700700700701,0,0.294488236654,0.201728593226,5,294
989,1,4.98917620669,4.0,5.0,0.00600600600601,1,-0.0966347631399,0.279080496112,5,290
990,1,3.19419497757,3.0,4.0,0.00600600600601,1,-0.748973864211,0.441116570205,5,696
991,0,6.64052941657,5.0,,0.00600600600601,0,0.654139079805,-0.321887822845,5,355
992,0,6.8903680741,5.0,,0.00600600600601,0,0.961471610826,-0.994046758376,5,50
993,0,10.5970514985,5.0,,0.00700700700701,0,1.3965168354,1.4075009923,5,273
994,1,2.9312288484,1.0,3.0,0.00600600600601,0,-0.802361483961,0.338313300286,5,367
995,1,1.09881621247,0.0,2.0,0.00600600600601,0,-1.49173295909,0.57401508973,5,57
996,0,6.11132421492,6.0,,0.00600600600601,0,0.31908793253,0.154060417334,5,652
997,1,0.694756886729,,1.0,0.00600600600601,0,-0.906205224595,-1.58662743949,5,167
998,1,0.368837749053,0.0,2.0,0.00600600600601,0,-1.46272762185,-0.242979385409,5,163
999,0,8.28118139678,3.0,,0.00600600600601,0,0.820119045155,0.820824261313,5,311
