name,activated,threshold,before_activation_alters,after_activation_alters,degree,observed,var1,epsilon,constant,activation_order
0,0,6.62656869125,5.0,,0.012012012012,0,0.242545603314,0.898931881305,5,261.0
1,1,1.00882485457,1.0,3.0,0.012012012012,0,-1.35872070638,0.0849869737127,5,304.0
2,0,9.92091973726,2.0,,0.011011011011,0,1.4172655889,0.66912297055,5,174.0
3,1,-0.20175288396,,0.0,0.012012012012,1,-1.5717820172,-0.486406832364,5,287.0
4,0,5.72435023112,3.0,,0.012012012012,0,0.48086442318,-0.718243038422,5,504.0
5,0,5.41561484664,3.0,,0.01001001001,0,-0.288029528052,1.2797034308,5,
6,0,9.0067787071,7.0,,0.013013013013,0,1.4061975884,-0.211814058098,5,168.0
7,0,9.51442496569,6.0,,0.012012012012,0,1.48098133747,0.071480953274,5,
8,0,9.44377733984,6.0,,0.012012012012,0,1.65078702952,-0.508583748712,5,
9,0,10.4134637069,6.0,,0.011011011011,0,1.56516848475,0.717958252653,5,484.0
10,1,0.921547610175,,1.0,0.011011011011,0,-1.6312880281,0.815411694476,5,132.0
11,1,4.09792018102,4.0,5.0,0.011011011011,1,-0.0508200264093,-0.749619739757,5,303.0
12,1,-1.41161204341,,0.0,0.012012012012,1,-2.31872408695,0.544560217455,5,33.0
13,1,3.71405875738,2.0,5.0,0.011011011011,0,-0.315977650827,-0.338008290135,5,255.0
14,1,5.14971506556,4.0,6.0,0.011011011011,0,0.205254741866,-0.46604916004,5,274.0
15,1,2.34846315068,1.0,4.0,0.01001001001,0,-0.524930970777,-1.07674393699,5,212.0
16,1,1.97726961377,1.0,3.0,0.013013013013,0,-1.34914646639,1.02470901295,5,185.0
17,1,7.55150634617,7.0,8.0,0.011011011011,1,0.92672304347,-0.228662784239,5,388.0
18,1,6.88532036223,6.0,8.0,0.012012012012,0,0.279290440638,1.04744904032,5,294.0
19,1,4.45521470817,1.0,5.0,0.014014014014,0,-0.394476697628,0.638644801048,5,252.0
20,1,-0.694974330383,,0.0,0.011011011011,1,-1.73875752075,-0.478701768148,5,166.0
21,1,2.3089677697,1.0,3.0,0.012012012012,0,-0.854285197916,-0.128176636551,5,196.0
22,1,5.88934946573,4.0,6.0,0.011011011011,0,0.0670000998062,0.688349166312,5,382.0
23,1,6.78720354425,6.0,8.0,0.014014014014,0,0.074789257433,1.56283577195,5,345.0
24,1,11.7370111704,11.0,12.0,0.012012012012,1,2.00724072038,0.715289009246,5,411.0
25,1,2.14682137054,1.0,3.0,0.011011011011,0,-1.31260046232,1.08462275751,5,167.0
26,1,5.37635424032,5.0,6.0,0.015015015015,1,0.193868222628,-0.205250427561,5,271.0
27,1,2.35167431765,2.0,3.0,0.011011011011,1,-0.379381818509,-1.51018022682,5,267.0
28,1,6.07737940748,5.0,11.0,0.011011011011,0,0.574032755366,-0.644718858622,5,414.0
29,1,3.74534230736,2.0,4.0,0.014014014014,0,-0.156175803457,-0.786130282265,5,298.0
30,1,-0.432267917661,,0.0,0.014014014014,1,-1.49031600424,-0.961319904947,5,9.0
31,1,2.12425072603,1.0,6.0,0.013013013013,0,-0.754428205606,-0.612464657149,5,347.0
32,1,7.1025094822,7.0,8.0,0.013013013013,1,0.403979904561,0.89056976852,5,377.0
33,1,7.84141755905,6.0,9.0,0.012012012012,0,0.859425049775,0.263142409723,5,401.0
34,1,1.73009552677,1.0,3.0,0.011011011011,0,-0.826772921682,-0.789585708184,5,323.0
35,1,5.0256798862,5.0,8.0,0.011011011011,0,-0.388062328613,1.18986687203,5,394.0
36,1,3.83667732954,1.0,4.0,0.012012012012,0,-0.28526048138,-0.307541226319,5,324.0
37,1,12.3903919812,12.0,13.0,0.013013013013,1,2.45185506939,0.0348267729719,5,441.0
38,1,0.203579058553,0.0,2.0,0.012012012012,0,-1.34915045428,-0.748969578596,5,308.0
39,1,5.1204740412,5.0,7.0,0.01001001001,0,-0.107600679652,0.443276080152,5,380.0
40,1,8.12852916473,8.0,10.0,0.012012012012,0,0.850303730923,0.577617971961,5,383.0
41,1,6.18534229632,6.0,7.0,0.012012012012,1,0.182362527384,0.63825471417,5,375.0
42,1,3.04455260021,3.0,4.0,0.013013013013,1,-0.177408904326,-1.42322068681,5,307.0
43,1,3.65306166828,3.0,4.0,0.013013013013,1,-0.590314119158,0.424004025754,5,301.0
44,1,6.20462820167,6.0,7.0,0.011011011011,1,0.92068834132,-1.55743682229,5,365.0
45,1,8.27484525158,5.0,9.0,0.014014014014,0,1.11018781049,-0.0557181799063,5,318.0
46,1,-0.548547051942,,3.0,0.012012012012,0,-2.20012175369,1.05181820913,5,88.0
47,1,4.94387642307,3.0,5.0,0.011011011011,0,-0.336217230308,0.952528113994,5,278.0
48,1,-0.434061074085,,2.0,0.012012012012,0,-1.9103835257,0.297089503009,5,43.0
49,1,-0.35309728777,,1.0,0.012012012012,0,-2.00396572306,0.658799881407,5,15.0
50,1,-0.238981259955,,0.0,0.014014014014,1,-1.3580822042,-1.16473464736,5,13.0
51,1,9.57790093114,7.0,10.0,0.012012012012,0,1.19831801884,0.982946874603,5,313.0
52,1,3.57118966973,3.0,4.0,0.01001001001,1,-1.03113224695,1.66458641057,5,240.0
53,1,5.09969416001,5.0,11.0,0.011011011011,0,-0.179923087764,0.639463423304,5,325.0
54,1,7.86212536785,5.0,8.0,0.011011011011,0,0.946914762653,0.0213810798913,5,256.0
55,1,5.55690478748,5.0,9.0,0.012012012012,0,0.264989735356,-0.238064418588,5,277.0
56,1,4.59470900879,4.0,5.0,0.012012012012,1,0.141063935056,-0.828482796377,5,247.0
57,1,5.37318061804,3.0,7.0,0.011011011011,0,0.383178824797,-0.776355856354,5,305.0
58,1,0.665017607249,0.0,2.0,0.011011011011,0,-0.885882257001,-1.67733562175,5,121.0
59,1,0.879352889882,0.0,1.0,0.011011011011,1,-1.23114450565,-0.427213593175,5,105.0
60,1,3.53244147815,3.0,5.0,0.011011011011,0,0.112315666716,-1.804505522,5,248.0
61,1,5.99874868955,2.0,6.0,0.013013013013,0,-0.102746383077,1.30698783878,5,149.0
62,1,4.37784691346,4.0,7.0,0.012012012012,0,0.26024824319,-1.40289781611,5,138.0
63,1,10.6862591883,8.0,11.0,0.012012012012,0,1.49814443096,1.19182589539,5,322.0
64,1,0.701362211362,0.0,1.0,0.013013013013,1,-1.767098005,1.00265622638,5,92.0
65,1,3.89471845268,0.0,5.0,0.013013013013,0,-0.496656854578,0.384689016417,5,114.0
66,1,5.30382806546,5.0,7.0,0.01001001001,0,0.0623150112377,0.11688303175,5,222.0
67,1,0.990780457569,,1.0,0.013013013013,0,-1.67947781446,1.02921390095,5,64.0
68,1,7.70254362611,7.0,8.0,0.011011011011,1,0.836604316273,0.192730677294,5,297.0
69,1,2.16846606729,0.0,7.0,0.011011011011,0,-0.365652675144,-1.73457590728,5,140.0
70,1,5.82828569889,5.0,6.0,0.013013013013,1,0.316199385169,-0.120312456622,5,102.0
71,1,1.95924824738,,2.0,0.013013013013,0,0.199685368539,-3.63980785824,5,48.0
72,1,6.88695943515,6.0,8.0,0.011011011011,0,0.561912819712,0.201220976016,5,284.0
73,1,2.92849846814,0.0,3.0,0.013013013013,0,-0.666966732062,-0.070601335675,5,76.0
74,1,4.76124548777,3.0,6.0,0.012012012012,0,0.406997655329,-1.45974747822,5,155.0
75,1,-0.287638286601,,0.0,0.012012012012,1,-1.83155737091,0.207033826133,5,31.0
76,1,6.16680509688,6.0,7.0,0.013013013013,1,-0.112935422135,1.50561136329,5,159.0
77,0,13.5761430938,12.0,,0.012012012012,0,2.79308343919,0.196892776235,5,
78,1,5.46150303011,4.0,6.0,0.012012012012,0,0.187905983155,-0.102214919356,5,188.0
79,1,2.9164296955,2.0,3.0,0.013013013013,1,-0.109372931034,-1.7554515114,5,99.0
80,1,10.203931705,10.0,11.0,0.012012012012,1,1.42144101022,0.939608674346,5,417.0
81,1,4.23748431031,3.0,6.0,0.011011011011,0,-0.82488484359,1.71213884108,5,230.0
82,1,-0.681305946026,,0.0,0.012012012012,1,-1.10147282473,-2.37688747183,5,62.0
83,1,1.22338040109,1.0,2.0,0.01001001001,1,-1.21094852117,-0.1437740354,5,187.0
84,1,6.52809457273,5.0,7.0,0.01001001001,0,0.290267192172,0.657292996214,5,371.0
85,1,-0.59761154674,,3.0,0.012012012012,0,-1.67576697227,-0.570310629922,5,181.0
86,1,5.36963622612,5.0,6.0,0.014014014014,1,-0.173529081778,0.890223471454,5,261.0
87,1,6.51917932577,6.0,7.0,0.012012012012,1,0.116978907191,1.1682426042,5,296.0
88,1,4.34924931635,3.0,10.0,0.013013013013,0,-0.761918550178,1.63500496688,5,328.0
89,1,9.38294958378,9.0,11.0,0.012012012012,0,1.38599697852,0.224958648232,5,373.0
90,1,9.92323415176,9.0,10.0,0.011011011011,1,0.742893598122,2.6945533574,5,300.0
91,1,4.63216785489,4.0,6.0,0.012012012012,0,-0.436501142884,0.941671283541,5,151.0
92,1,1.11421385776,1.0,6.0,0.013013013013,0,-1.52611494112,0.692558681132,5,128.0
93,1,6.62735978028,4.0,7.0,0.011011011011,0,0.639781337303,-0.291984231631,5,148.0
94,1,2.49690419468,,3.0,0.012012012012,0,-0.790507484593,-0.131573351543,5,118.0
95,1,1.48210366353,,2.0,0.014014014014,0,-1.27656400485,0.311795678087,5,73.0
96,1,3.2486473866,3.0,6.0,0.013013013013,0,-0.234345524778,-1.04831603906,5,134.0
97,1,2.3564838217,2.0,3.0,0.011011011011,1,-0.308921990118,-1.71675020794,5,125.0
98,1,1.435340973,1.0,2.0,0.012012012012,1,-1.36668501345,0.535396013362,5,98.0
99,1,-0.740367893532,,0.0,0.012012012012,1,-1.44819796937,-1.39577398544,5,7.0
100,1,7.63796614281,6.0,8.0,0.012012012012,0,0.593122474544,0.858598719174,5,173.0
101,1,3.42524558765,2.0,4.0,0.012012012012,0,-0.626745986213,0.305483546289,5,127.0
102,1,1.92385037893,1.0,4.0,0.012012012012,0,-1.13682117809,0.334313913182,5,150.0
103,1,4.45697356015,3.0,7.0,0.011011011011,0,-0.884185621828,2.10953042563,5,203.0
104,1,5.33732909311,,9.0,0.012012012012,0,0.00767719774279,0.314297499886,5,217.0
105,1,5.41931582771,4.0,6.0,0.01001001001,0,-0.143987043683,0.851276958756,5,215.0
106,1,7.95465645282,0.0,8.0,0.012012012012,0,0.954292464212,0.0917790601875,5,208.0
107,1,3.99585221887,3.0,5.0,0.012012012012,0,-0.385227530066,0.151534809072,5,194.0
108,0,12.1588555255,12.0,,0.012012012012,0,2.73334149415,-1.04116895695,5,
109,1,2.72025505205,1.0,4.0,0.012012012012,0,-0.726576358035,-0.100015873849,5,198.0
110,1,4.2055986399,4.0,9.0,0.012012012012,0,-0.0346519187158,-0.690445603951,5,229.0
111,1,2.70320456252,2.0,3.0,0.012012012012,1,-0.740026172765,-0.0767169191825,5,184.0
112,1,8.03237737226,5.0,10.0,0.013013013013,0,0.988364203242,0.0672847625346,5,272.0
113,1,1.80739595802,1.0,3.0,0.013013013013,0,-1.02494118097,-0.117780499054,5,183.0
114,1,4.7728877036,4.0,7.0,0.013013013013,0,-0.164510739666,0.266419922599,5,202.0
115,1,1.5025350104,1.0,2.0,0.012012012012,1,-1.12831197224,-0.112529072874,5,87.0
116,1,3.00022617255,3.0,7.0,0.011011011011,0,-0.501694325909,-0.494690849719,5,286.0
117,1,-0.225662593086,,0.0,0.012012012012,1,-1.72721865132,-0.0440066391188,5,3.0
118,1,-0.252616821365,,1.0,0.013013013013,0,-1.65792406148,-0.278844636917,5,75.0
119,1,6.84429973476,5.0,7.0,0.012012012012,0,0.711579193047,-0.290437844385,5,312.0
120,1,4.53254491873,3.0,5.0,0.012012012012,0,-0.285932166363,0.390341417822,5,288.0
121,1,7.32434892996,7.0,10.0,0.012012012012,0,0.870336142163,-0.286659496527,5,405.0
122,1,5.70277958945,3.0,6.0,0.013013013013,0,0.361561547361,-0.381905052634,5,327.0
123,1,2.10746310778,1.0,3.0,0.011011011011,0,-1.10389851385,0.419158649338,5,331.0
124,1,7.41589385024,6.0,10.0,0.011011011011,0,0.596548877265,0.626247218443,5,473.0
125,1,2.06752892195,2.0,4.0,0.012012012012,0,-1.04551090843,0.204061647228,5,333.0
126,1,5.41696466975,1.0,6.0,0.012012012012,0,0.372024933386,-0.699110130405,5,410.0
127,1,1.98612328852,0.0,2.0,0.011011011011,0,-1.19503187669,0.571218918592,5,342.0
128,1,6.96472152971,5.0,7.0,0.013013013013,0,0.763801965716,-0.32668436744,5,423.0
129,1,3.09639111569,3.0,4.0,0.011011011011,1,-0.13459482216,-1.49982441783,5,419.0
130,1,2.70605473219,2.0,6.0,0.012012012012,0,-1.00449722671,0.719546412322,5,446.0
131,1,3.32647318623,2.0,8.0,0.011011011011,0,-0.209326984559,-1.0455458601,5,450.0
132,1,5.16568824708,3.0,7.0,0.011011011011,0,-0.299830120239,1.06517860779,5,433.0
133,1,5.64869577861,5.0,12.0,0.013013013013,0,0.399721086315,-0.550467480331,5,461.0
134,1,3.63248385851,3.0,4.0,0.013013013013,1,-0.443684432315,-0.036462844549,5,430.0
135,1,5.26016673709,5.0,10.0,0.011011011011,0,0.0338302107176,0.158676104933,5,456.0
136,1,8.6731111995,5.0,10.0,0.013013013013,0,0.571851280148,1.95755735906,5,448.0
137,1,5.99168010086,5.0,8.0,0.012012012012,0,0.083909110396,0.739952769668,5,442.0
138,1,2.45748395696,2.0,3.0,0.013013013013,1,-0.744475103105,-0.309090733728,5,90.0
139,1,6.56089557587,6.0,7.0,0.013013013013,1,0.710993455377,-0.572084790258,5,440.0
140,1,1.17196073253,1.0,2.0,0.013013013013,1,-1.1448485819,-0.39349352178,5,34.0
141,1,-0.968452566017,,0.0,0.012012012012,1,-1.43461780026,-1.66459916523,5,4.0
142,1,3.40581607906,2.0,4.0,0.013013013013,0,-0.777584991332,0.738571053053,5,109.0
143,1,-1.33672120097,,1.0,0.012012012012,0,-1.75499374325,-1.07173997123,5,18.0
144,1,8.38230673558,8.0,9.0,0.011011011011,1,1.16980116657,-0.127096764146,5,500.0
145,1,3.32764419315,,8.0,0.014014014014,0,-0.407671916442,-0.449340057525,5,197.0
146,1,2.50653837615,2.0,5.0,0.011011011011,0,-0.202178632701,-1.88692572574,5,51.0
147,1,6.12656807523,6.0,7.0,0.012012012012,1,-0.449868844259,2.476174608,5,498.0
148,0,8.87284174773,8.0,,0.012012012012,0,1.38972767564,-0.296341279181,5,480.0
149,1,10.697227105,10.0,11.0,0.014014014014,1,2.28906610375,-1.16997120621,5,536.0
150,1,-4.46757604563,,0.0,0.012012012012,1,-2.64787802867,-1.52394195961,5,19.0
151,1,6.1336341805,6.0,7.0,0.012012012012,1,0.642851364973,-0.794919914417,5,510.0
152,1,7.33901864743,7.0,8.0,0.013013013013,1,0.763960441151,0.047137323973,5,477.0
153,1,6.0586016157,6.0,8.0,0.01001001001,0,0.0898517366668,0.789046405699,5,524.0
154,1,1.6445535571,0.0,2.0,0.012012012012,0,-0.70545140418,-1.23909223037,5,45.0
155,1,2.92966564933,1.0,3.0,0.012012012012,0,-0.482947089112,-0.621493083337,5,67.0
156,1,9.47879391542,9.0,10.0,0.012012012012,1,1.365314276,0.382851087434,5,511.0
157,1,4.03271326208,4.0,5.0,0.01001001001,1,-0.150536103728,-0.515678426736,5,233.0
158,1,-0.727425277661,,0.0,0.012012012012,1,-1.49223377315,-1.25072395821,5,26.0
159,0,12.8412949071,9.0,,0.01001001001,0,2.31028641687,0.910435656462,5,137.0
160,1,0.787840162615,0.0,3.0,0.013013013013,0,-1.69647456822,0.877263867277,5,69.0
161,1,2.57391723401,0.0,6.0,0.012012012012,0,-1.10645729223,0.893289110708,5,164.0
162,1,5.22433851274,3.0,6.0,0.011011011011,0,0.729495111996,-1.96414682324,5,171.0
163,1,1.83896839874,1.0,3.0,0.013013013013,0,-0.674782934929,-1.13668279647,5,163.0
164,1,2.0236323383,2.0,3.0,0.014014014014,1,-1.23179407695,0.719014569146,5,82.0
165,1,2.62444235906,,3.0,0.012012012012,0,-0.0783520447603,-2.14050150666,5,158.0
166,1,4.70714348578,1.0,5.0,0.011011011011,0,-0.483668282608,1.15814833361,5,168.0
167,1,6.81308270193,4.0,11.0,0.013013013013,0,-0.0592290026196,1.99076970979,5,172.0
168,1,2.19169368764,,10.0,0.014014014014,0,-0.890018965492,-0.138249415886,5,237.0
169,1,8.19420933066,6.0,10.0,0.013013013013,0,0.734715999487,0.990061332198,5,191.0
170,1,0.41124450966,0.0,2.0,0.00900900900901,0,-1.63679228067,0.321621351664,5,74.0
171,1,6.11631531911,4.0,8.0,0.012012012012,0,0.551931415463,-0.539478927283,5,170.0
172,1,-0.612006379173,,0.0,0.012012012012,1,-1.88703785943,0.0491071991109,5,27.0
173,1,-2.68847916529,,1.0,0.013013013013,0,-2.62084277145,0.174049149069,5,61.0
174,1,7.17268237193,5.0,9.0,0.012012012012,0,1.21665681554,-1.47728807469,5,281.0
175,1,3.48211758461,,5.0,0.013013013013,0,-0.582783480954,0.23046802747,5,115.0
176,1,-1.27410743834,,4.0,0.012012012012,0,-2.25408224526,0.488139297444,5,112.0
177,1,3.41409439532,1.0,5.0,0.011011011011,0,0.0734370216696,-1.80621666969,5,133.0
178,1,1.93865223738,,2.0,0.012012012012,0,-1.38740739037,1.1008744085,5,84.0
179,1,8.00922791934,8.0,9.0,0.011011011011,1,0.910730688284,0.277035854486,5,453.0
180,1,4.03852338118,4.0,7.0,0.012012012012,0,0.0596395731838,-1.14039533838,5,315.0
181,1,9.02377867601,9.0,10.0,0.012012012012,1,1.71341294769,-1.11646016705,5,454.0
182,1,3.56699650611,0.0,5.0,0.012012012012,0,-0.695727345825,0.654178543588,5,178.0
183,1,0.595491048728,,1.0,0.01001001001,0,-1.18569661982,-0.8474190918,5,93.0
184,1,1.77369166855,0.0,6.0,0.012012012012,0,-0.556995399875,-1.55532213183,5,254.0
185,0,11.7704134796,9.0,,0.012012012012,0,1.98953319678,0.801813889242,5,489.0
186,0,6.76831556944,5.0,,0.01001001001,0,0.632274112871,-0.128506769173,5,498.0
187,1,0.516458015559,0.0,1.0,0.012012012012,1,-1.83651252861,1.02599560138,5,123.0
188,1,3.56163144544,3.0,4.0,0.013013013013,1,-0.44379471917,-0.106984397048,5,242.0
189,0,6.79599475025,4.0,,0.012012012012,0,0.744130185347,-0.436395805794,5,497.0
190,0,8.11378769274,3.0,,0.011011011011,0,1.22736753107,-0.568314900457,5,509.0
191,0,3.62048197794,2.0,,0.012012012012,0,-0.17313173218,-0.860122825525,5,465.0
192,0,7.93423074582,1.0,,0.011011011011,0,0.280500027448,2.09273066348,5,
193,0,6.45297232092,2.0,,0.013013013013,0,0.0175572275327,1.40030063832,5,485.0
194,0,3.00798566431,2.0,,0.013013013013,0,-0.696732408818,0.0981828907692,5,481.0
195,0,3.18852749167,2.0,,0.014014014014,0,-0.747746132833,0.431765890173,5,
196,0,5.08572519463,2.0,,0.013013013013,0,0.240231149273,-0.634968253187,5,
197,0,4.83229955006,1.0,,0.011011011011,0,-0.00403116693448,-0.155606949138,5,
198,0,9.57319330335,2.0,,0.014014014014,0,1.88086058201,-1.06938844268,5,
199,0,6.96034892499,2.0,,0.012012012012,0,0.646820271636,0.0198881100841,5,
200,0,5.14385526487,2.0,,0.012012012012,0,0.337991027496,-0.87011781762,5,370.0
201,0,3.41192025699,3.0,,0.013013013013,0,-0.365047177508,-0.492938210489,5,375.0
202,0,4.07100310554,4.0,,0.013013013013,0,-0.399496203072,0.269491714754,5,
203,1,0.468441442168,0.0,1.0,0.013013013013,1,-1.71479697207,0.61283235837,5,56.0
204,0,8.37105274631,6.0,,0.013013013013,0,0.228348807043,2.68600632518,5,378.0
205,0,8.56994612172,7.0,,0.013013013013,0,1.0936652155,0.288950475205,5,371.0
206,0,6.94133756391,6.0,,0.011011011011,0,0.454796827937,0.576947080103,5,362.0
207,1,4.03968429612,4.0,5.0,0.012012012012,1,-0.508405392116,0.564900472466,5,504.0
208,1,7.44285626161,6.0,8.0,0.013013013013,0,0.973809250481,-0.478571489832,5,518.0
209,1,0.0585146219653,,1.0,0.013013013013,0,-1.64557730899,-0.00475345106835,5,36.0
210,1,8.6355310903,8.0,9.0,0.013013013013,1,1.0731513236,0.416077119489,5,525.0
211,1,5.48300259485,1.0,6.0,0.012012012012,0,-0.302673663691,1.39102358592,5,497.0
212,1,1.92130971572,1.0,4.0,0.012012012012,0,-0.62132163905,-1.21472536713,5,412.0
213,1,1.62748631393,1.0,3.0,0.012012012012,0,-0.721811408406,-1.20707946085,5,402.0
214,1,5.09869255182,5.0,6.0,0.012012012012,1,-0.96558760309,2.99545536109,5,424.0
215,1,3.45409033956,3.0,8.0,0.012012012012,0,-0.393108001768,-0.366585655137,5,444.0
216,1,8.04403950464,7.0,9.0,0.012012012012,0,-0.000853296283018,3.04659939349,5,451.0
217,1,1.74551089986,0.0,3.0,0.011011011011,0,-1.02373063537,-0.183297194037,5,400.0
218,1,1.71851053491,0.0,2.0,0.012012012012,0,-0.515495305735,-1.73500354789,5,386.0
219,1,7.49457463719,7.0,9.0,0.012012012012,0,0.481444728547,1.05024045155,5,459.0
220,1,0.298398505483,0.0,1.0,0.011011011011,1,-1.40857822386,-0.475866822941,5,344.0
221,1,9.65067260127,9.0,10.0,0.013013013013,1,1.37211303024,0.534333510544,5,445.0
222,1,1.97425469903,0.0,3.0,0.013013013013,0,-1.70559425592,2.09103746678,5,356.0
223,1,3.61822682306,0.0,5.0,0.012012012012,0,-0.527784481692,0.201580268137,5,408.0
224,1,11.3304256337,11.0,12.0,0.013013013013,1,1.68651389125,1.27088395991,5,515.0
225,1,0.459233707555,0.0,1.0,0.012012012012,1,-1.22348715248,-0.870304835012,5,338.0
226,1,2.62500396352,2.0,3.0,0.011011011011,1,-0.591770410415,-0.599684805239,5,404.0
227,0,7.95327611195,7.0,,0.011011011011,0,0.686571342769,0.893562083644,5,342.0
228,1,7.04645194353,7.0,8.0,0.01001001001,1,0.496060753977,0.558269681599,5,458.0
229,1,3.1141308784,1.0,5.0,0.012012012012,0,-0.282809484286,-1.03744066874,5,443.0
230,0,7.93874847183,7.0,,0.014014014014,0,0.923916922019,0.16699770577,5,144.0
231,1,0.734705784811,0.0,1.0,0.012012012012,1,-1.32104869423,-0.302148132496,5,384.0
232,0,4.87589703509,4.0,,0.011011011011,0,-0.276674049611,0.705919183924,5,347.0
233,0,8.88424790267,5.0,,0.013013013013,0,1.04251999254,0.756687925053,5,340.0
234,1,1.4932065721,1.0,2.0,0.012012012012,1,-1.49432471026,0.976180702873,5,406.0
235,0,4.02371132006,2.0,,0.011011011011,0,0.151525291567,-1.43086455464,5,253.0
236,0,6.78955159485,2.0,,0.011011011011,0,0.138299820456,1.37465213348,5,245.0
237,0,5.81537535322,3.0,,0.012012012012,0,0.495220566472,-0.670286346195,5,260.0
238,0,4.88882513855,1.0,,0.012012012012,0,-0.11300632277,0.227844106863,5,322.0
239,0,3.6241562152,2.0,,0.012012012012,0,-0.460459769239,0.00553552292151,5,302.0
240,0,6.68376858813,3.0,,0.012012012012,0,0.177871831148,1.15015309469,5,346.0
241,0,3.57508670393,1.0,,0.012012012012,0,-0.632949633323,0.473935603899,5,3.0
242,0,4.45101812741,2.0,,0.013013013013,0,0.156530277505,-1.01857270511,5,304.0
243,0,5.43097309929,2.0,,0.01001001001,0,-0.351247102903,1.484714408,5,419.0
244,0,11.9820411342,3.0,,0.012012012012,0,1.84920484141,1.43442661,5,21.0
245,0,7.73808810959,2.0,,0.011011011011,0,0.416689363286,1.48802001973,5,384.0
246,1,1.85515370108,1.0,3.0,0.012012012012,0,-0.567739010815,-1.44162926648,5,216.0
247,0,4.72063553082,4.0,,0.01001001001,0,-0.312145724359,0.657072703897,5,366.0
248,0,9.33591004942,7.0,,0.014014014014,0,1.27910044072,0.498608727258,5,355.0
249,0,8.33525135872,7.0,,0.012012012012,0,0.961199612327,0.451652521741,5,360.0
250,1,6.23799542704,2.0,7.0,0.012012012012,0,0.0722497768581,1.02124609647,5,352.0
251,1,3.42969930137,3.0,5.0,0.01001001001,0,0.0230632837488,-1.63949054987,5,205.0
252,1,2.19143019118,2.0,3.0,0.012012012012,1,-0.810784505092,-0.376216293541,5,143.0
253,1,1.76166233369,0.0,2.0,0.013013013013,0,-1.16758347772,0.264412766837,5,78.0
254,1,5.02513022819,3.0,6.0,0.013013013013,0,-0.18041692118,0.566380991733,5,146.0
255,1,0.10183232317,0.0,3.0,0.013013013013,0,-1.95565747785,0.968804756709,5,113.0
256,1,7.04972562379,7.0,9.0,0.012012012012,0,0.749084331146,-0.197527369643,5,234.0
257,1,-3.54676805472,,1.0,0.012012012012,0,-2.89972998679,0.152421905638,5,77.0
258,1,3.36894560875,0.0,4.0,0.012012012012,0,-1.09887113736,1.66555902082,5,129.0
259,1,-0.473098814403,,0.0,0.012012012012,1,-2.13369635527,0.927990251402,5,32.0
260,1,6.22371323639,2.0,7.0,0.012012012012,0,0.547428336707,-0.41857177373,5,200.0
261,1,9.21296564926,9.0,11.0,0.013013013013,0,1.45452440839,-0.150607575912,5,418.0
262,1,3.57789571565,3.0,4.0,0.011011011011,1,-0.6726163005,0.595744617151,5,220.0
263,0,12.4602378489,12.0,,0.012012012012,0,2.07367238847,1.23922068346,5,148.0
264,1,5.84354111068,5.0,6.0,0.012012012012,1,0.0656081675378,0.64671660807,5,283.0
265,1,1.27668986109,1.0,2.0,0.013013013013,1,-0.995828023895,-0.735826067226,5,94.0
266,1,5.3639601589,4.0,7.0,0.011011011011,0,-0.122463209876,0.731349788525,5,393.0
267,1,3.30888720721,3.0,5.0,0.013013013013,0,-0.469525030372,-0.282537701674,5,362.0
268,1,10.7068024674,10.0,11.0,0.012012012012,1,2.02816252483,-0.377685107109,5,487.0
269,1,-0.501600526134,,2.0,0.012012012012,0,-1.58020775442,-0.760977262881,5,176.0
270,1,4.65232919561,4.0,5.0,0.012012012012,1,0.518568229627,-1.90337549327,5,385.0
271,1,3.10448176351,3.0,4.0,0.012012012012,1,0.065518639132,-2.09207415388,5,391.0
272,1,2.91614607442,2.0,4.0,0.011011011011,0,-0.588274036969,-0.319031814672,5,396.0
273,1,7.20213136489,7.0,9.0,0.012012012012,0,0.431085176299,0.908875835997,5,482.0
274,1,2.49062648584,2.0,7.0,0.015015015015,0,-0.630816366507,-0.616924414634,5,425.0
275,1,3.27803323842,1.0,5.0,0.012012012012,0,-0.0735254307491,-1.50139046933,5,399.0
276,1,1.72236199249,0.0,3.0,0.012012012012,0,-0.928169892924,-0.493128328739,5,395.0
277,1,4.64980354375,1.0,5.0,0.00900900900901,0,0.0143855686747,-0.393353162278,5,475.0
278,1,6.04205462874,5.0,7.0,0.012012012012,0,0.319414421739,0.0838113635206,5,474.0
279,1,9.79603513521,7.0,11.0,0.013013013013,0,1.53966616651,0.177036635677,5,486.0
280,1,4.34124496131,4.0,5.0,0.012012012012,1,-1.03009854753,2.43154060391,5,435.0
281,1,9.65232337394,9.0,13.0,0.014014014014,0,1.55084612653,-0.000215005664272,5,491.0
282,1,9.11423419438,8.0,10.0,0.012012012012,0,1.4441647377,-0.21826001873,5,479.0
283,1,-1.94669332419,,0.0,0.012012012012,1,-2.256052473,-0.178535905179,5,5.0
284,1,-0.0946943916881,,1.0,0.011011011011,0,-1.31344141451,-1.15437014816,5,42.0
285,1,3.20382994306,2.0,4.0,0.017017017017,0,-0.6655601014,0.200510247263,5,106.0
286,1,2.19687610887,2.0,4.0,0.00900900900901,0,-0.394480653031,-1.61968193203,5,231.0
287,1,1.92048665883,1.0,4.0,0.012012012012,0,-0.855681156975,-0.51246987025,5,165.0
288,1,2.5734362716,1.0,4.0,0.011011011011,0,-1.29570482676,1.46055075189,5,124.0
289,1,4.88276167946,4.0,5.0,0.011011011011,1,0.00961278374609,-0.146076671779,5,169.0
290,1,0.638129441364,,1.0,0.011011011011,0,-1.6641073876,0.630451604168,5,100.0
291,1,6.25849515753,6.0,8.0,0.013013013013,0,1.15514980012,-2.20695424284,5,270.0
292,1,3.96234517078,1.0,6.0,0.011011011011,0,-0.371498801803,0.0768415761897,5,249.0
293,1,2.83421224689,2.0,3.0,0.012012012012,1,-0.440859727305,-0.843208571193,5,175.0
294,1,3.42085972961,1.0,4.0,0.011011011011,0,-0.54559277722,0.0576380612678,5,209.0
295,0,8.68862142447,8.0,,0.012012012012,0,1.40258305104,-0.51912772865,5,138.0
296,1,5.21272832361,5.0,6.0,0.014014014014,1,-0.187786004429,0.776086336897,5,280.0
297,0,7.09799459744,6.0,,0.011011011011,0,0.2347731193,1.39367523955,5,251.0
298,1,3.58538320873,3.0,4.0,0.013013013013,1,-0.645182648814,0.520931155174,5,250.0
299,0,8.88336364676,8.0,,0.013013013013,0,0.697709403488,1.7902354363,5,275.0
300,0,11.0066815131,6.0,,0.013013013013,0,1.40018417601,1.80612898507,5,256.0
301,0,5.45256022017,5.0,,0.012012012012,0,-0.114332892897,0.795558898866,5,153.0
302,1,4.71189433016,2.0,5.0,0.013013013013,0,0.341372413534,-1.31222291044,5,409.0
303,0,5.92526889461,5.0,,0.012012012012,0,0.0436197823865,0.794409547455,5,267.0
304,1,3.75094821353,2.0,4.0,0.011011011011,0,-0.0575822552599,-1.07630502069,5,366.0
305,1,1.28327313285,1.0,2.0,0.012012012012,1,-1.3195302068,0.241863753247,5,357.0
306,0,10.0803776416,7.0,,0.012012012012,0,1.76235017192,-0.20667287417,5,450.0
307,0,7.74615113126,7.0,,0.012012012012,0,0.645379820431,0.810011669969,5,309.0
308,1,6.42573225827,6.0,7.0,0.013013013013,1,0.467088508737,0.02446673206,5,374.0
309,1,0.979757162703,0.0,1.0,0.012012012012,1,-1.10578047962,-0.702901398422,5,260.0
310,1,0.776913021558,0.0,2.0,0.013013013013,0,-1.01574341941,-1.17585672021,5,348.0
311,0,6.85332777026,6.0,,0.013013013013,0,0.702915959757,-0.25542010901,5,331.0
312,0,9.32686846581,5.0,,0.012012012012,0,1.00973174614,1.29767322738,5,
313,1,0.453393606406,0.0,1.0,0.011011011011,1,-1.56877253293,0.159711205193,5,311.0
314,0,6.30949662421,6.0,,0.011011011011,0,0.685647721887,-0.747446541445,5,304.0
315,0,7.72995925333,5.0,,0.012012012012,0,0.983889498562,-0.221709242361,5,306.0
316,0,9.17788403537,5.0,,0.012012012012,0,1.66481509409,-0.8165612469,5,307.0
317,1,4.12988650686,4.0,5.0,0.012012012012,1,-0.532423443282,0.727156836701,5,326.0
318,0,5.93394163687,5.0,,0.011011011011,0,0.173707565898,0.412818939177,5,290.0
319,0,7.34908814675,6.0,,0.011011011011,0,1.22174595637,-1.31614972237,5,270.0
320,1,1.67461869049,,2.0,0.015015015015,0,-1.15959352182,0.153399255955,5,68.0
321,0,8.50263483622,6.0,,0.011011011011,0,0.92714062746,0.721212953838,5,268.0
322,1,1.24039616198,,2.0,0.011011011011,0,-1.16923853348,-0.251888237566,5,65.0
323,1,3.52457870874,,4.0,0.012012012012,0,-0.600219215779,0.325236356078,5,179.0
324,1,-1.15337468248,,0.0,0.013013013013,1,-1.53142147998,-1.55911024255,5,24.0
325,0,5.99025231003,5.0,,0.012012012012,0,0.796188533275,-1.39831328979,5,388.0
326,1,-2.21721898146,,1.0,0.012012012012,0,-2.17925950049,-0.679440479989,5,38.0
327,0,4.15634682851,3.0,,0.011011011011,0,0.0619070532835,-1.02937433134,5,
328,0,7.44192795563,4.0,,0.012012012012,0,0.631159871102,0.548448342328,5,
329,0,3.12281750394,3.0,,0.013013013013,0,-0.255828430861,-1.10969720348,5,
330,0,6.27101253083,2.0,,0.012012012012,0,0.873671399329,-1.35000166715,5,
331,0,6.58893724297,0.0,,0.012012012012,0,0.304421818548,0.675671787322,5,
332,0,6.07594924774,1.0,,0.012012012012,0,-0.101962417067,1.38183649894,5,
333,0,5.83131011444,1.0,,0.013013013013,0,0.652393346373,-1.12586992468,5,
334,0,3.34484751303,0.0,,0.012012012012,0,-0.273514603905,-0.83460867526,5,
335,0,6.42806744147,2.0,,0.013013013013,0,0.641703198502,-0.497042154033,5,361.0
336,0,9.85997653336,0.0,,0.012012012012,0,1.12918535098,1.47242048042,5,
337,0,4.45147982531,0.0,,0.012012012012,0,-0.546941484503,1.09230427882,5,
338,0,8.03680647963,1.0,,0.013013013013,0,0.677385183117,1.00465093028,5,
339,0,6.70565404152,0.0,,0.012012012012,0,0.863251062713,-0.884099146622,5,
340,0,6.85894992812,0.0,,0.014014014014,0,0.676035354243,-0.169156134614,5,292.0
341,0,7.46012096968,2.0,,0.011011011011,0,0.986820942129,-0.500341856708,5,
342,0,4.87834028686,0.0,,0.012012012012,0,0.157930207251,-0.595450334894,5,
343,0,3.01193713498,0.0,,0.01001001001,0,-0.513060468726,-0.448881458848,5,
344,0,3.34428389727,0.0,,0.013013013013,0,-0.510310537137,-0.12478449132,5,
345,0,7.00745607151,0.0,,0.013013013013,0,1.02419424062,-1.06512665034,5,
346,0,1.56903685077,0.0,,0.013013013013,0,-0.718199141501,-1.27636572473,5,
347,0,6.53065862846,0.0,,0.012012012012,0,0.280509693915,0.689129546711,5,
348,0,7.27600181389,0.0,,0.012012012012,0,0.869916519269,-0.333747743915,5,467.0
349,0,3.9841803978,1.0,,0.012012012012,0,-0.0501083442972,-0.865494569309,5,
350,0,3.60002698911,0.0,,0.012012012012,0,-0.701607256177,0.704848757638,5,499.0
351,0,4.64556028288,0.0,,0.012012012012,0,0.108434821161,-0.679744180602,5,471.0
352,0,4.48466977705,1.0,,0.012012012012,0,-0.400039659959,0.684788756927,5,468.0
353,0,4.53910544956,2.0,,0.014014014014,0,-0.183262898207,0.0888941441825,5,462.0
354,0,2.38341802857,0.0,,0.011011011011,0,-0.703907737685,-0.504858758371,5,
355,0,3.11969605172,2.0,,0.012012012012,0,-0.655798236739,0.0870907619333,5,473.0
356,0,5.70891678242,2.0,,0.014014014014,0,-0.0910874150956,0.982179027702,5,240.0
357,0,2.86408169873,1.0,,0.011011011011,0,-0.0946838061459,-1.85186688283,5,469.0
358,0,4.33722447853,1.0,,0.011011011011,0,0.0787659015156,-0.899073226013,5,242.0
359,0,4.02505969915,3.0,,0.011011011011,0,0.222685406519,-1.64299652041,5,430.0
360,0,2.74635190946,2.0,,0.013013013013,0,-0.9539824066,0.608299129262,5,211.0
361,0,8.06048645881,3.0,,0.011011011011,0,1.20287028551,-0.548124397735,5,227.0
362,0,6.78454658381,4.0,,0.012012012012,0,0.782572013585,-0.563169456948,5,231.0
363,0,8.55483771453,4.0,,0.012012012012,0,0.936334310454,0.745834783167,5,271.0
364,1,1.67000861386,1.0,2.0,0.013013013013,1,-0.702568224785,-1.22228671179,5,490.0
365,0,6.87013744681,6.0,,0.011011011011,0,0.980501821433,-1.07136801749,5,152.0
366,1,4.17847853864,3.0,5.0,0.013013013013,0,0.00739908063417,-0.843718703264,5,492.0
367,1,-0.456573945382,,0.0,0.011011011011,1,-1.40123965262,-1.25285498754,5,66.0
368,1,6.02763748315,6.0,7.0,0.01001001001,1,-0.274348755643,1.85068375008,5,501.0
369,1,4.61752953594,4.0,5.0,0.011011011011,1,0.00114015629531,-0.385890932942,5,465.0
370,1,5.8851042266,4.0,7.0,0.012012012012,0,-0.0988134620267,1.18154461268,5,485.0
371,1,2.87642465518,2.0,3.0,0.011011011011,1,-0.594436700244,-0.340265244093,5,349.0
372,1,8.21999906245,7.0,10.0,0.011011011011,0,0.928181731714,0.435453867307,5,502.0
373,1,3.79584760176,3.0,4.0,0.011011011011,1,-0.462184927724,0.182402384936,5,457.0
374,1,-1.37317461983,,0.0,0.012012012012,1,-2.00283056737,-0.364682917717,5,46.0
375,1,7.57195102779,6.0,8.0,0.012012012012,0,0.597764556664,0.778657357798,5,472.0
376,1,4.12967506291,1.0,6.0,0.012012012012,0,0.276766376545,-1.70062406672,5,320.0
377,1,1.74619990439,1.0,2.0,0.013013013013,1,-0.83327806703,-0.753965894522,5,246.0
378,0,12.5844814648,11.0,,0.012012012012,0,2.35567319313,0.517461885458,5,306.0
379,1,9.09143650108,8.0,10.0,0.014014014014,0,1.3355612428,0.0847527726923,5,506.0
380,1,1.77430156553,1.0,2.0,0.012012012012,1,-1.05381064201,-0.0642665084346,5,309.0
381,1,2.8294351628,2.0,3.0,0.015015015015,1,-0.507684352113,-0.647511780857,5,316.0
382,0,7.36066014389,7.0,,0.011011011011,0,0.582040893317,0.614537463938,5,149.0
383,1,7.05291605936,7.0,8.0,0.011011011011,1,0.127325742205,1.67093883274,5,370.0
384,1,1.80962992808,1.0,2.0,0.014014014014,1,-1.19091979268,0.38238930613,5,314.0
385,0,7.64078247985,5.0,,0.01001001001,0,1.17769117899,-0.892291057113,5,
386,0,7.59294989002,5.0,,0.012012012012,0,0.807447975937,0.170605962212,5,
387,1,0.205840970028,0.0,2.0,0.013013013013,0,-1.65554876669,0.172487270111,5,367.0
388,0,9.12122119894,3.0,,0.012012012012,0,1.4479247259,-0.222552978763,5,
389,0,11.8373592472,4.0,,0.013013013013,0,2.03771443687,0.724215936585,5,
390,0,1.68908037571,1.0,,0.01001001001,0,-0.700818174317,-1.20846510134,5,
391,0,7.72114246048,1.0,,0.012012012012,0,0.688036177962,0.657033926599,5,
392,0,7.06855391181,4.0,,0.013013013013,0,0.877743614878,-0.564676932824,5,
393,0,4.8344170079,3.0,,0.012012012012,0,-0.168044565336,0.338550703908,5,
394,0,4.27875595817,2.0,,0.013013013013,0,0.699552293826,-2.81990092331,5,141.0
395,0,6.70909442537,2.0,,0.012012012012,0,0.321677253476,0.744062664942,5,
396,0,10.3667408246,2.0,,0.011011011011,0,1.76984168313,0.0572157752384,5,
397,0,5.86148241793,3.0,,0.012012012012,0,0.146987694295,0.420519335048,5,99.0
398,1,2.09307455642,2.0,3.0,0.012012012012,1,-1.11196802684,0.428978636927,5,232.0
399,0,7.01388702507,6.0,,0.012012012012,0,1.06043415824,-1.16741544964,5,
400,0,6.54693540764,5.0,,0.012012012012,0,0.346778716237,0.506599258926,5,
401,0,9.38847200248,6.0,,0.01001001001,0,1.26835596752,0.583404099917,5,
402,1,3.83814201308,3.0,5.0,0.013013013013,0,-0.52803389305,0.422243692232,5,193.0
403,1,2.90435685939,1.0,3.0,0.012012012012,0,-0.764664963925,0.198351751167,5,142.0
404,1,4.93853795642,4.0,5.0,0.012012012012,1,0.0364505646984,-0.170813737674,5,156.0
405,0,7.43815808754,7.0,,0.012012012012,0,0.841451522267,-0.0861964792623,5,
406,1,7.56691647938,7.0,9.0,0.013013013013,0,0.838521052885,0.0513533207232,5,343.0
407,1,-0.875503275311,,1.0,0.012012012012,0,-1.74612929131,-0.637115401381,5,28.0
408,1,4.99035318232,1.0,5.0,0.012012012012,0,-0.13976932079,0.409661144689,5,117.0
409,1,1.89838081826,1.0,6.0,0.011011011011,0,-1.0920892088,0.17464844467,5,111.0
410,1,2.41635016982,2.0,5.0,0.012012012012,0,-1.1430883844,0.845615323024,5,80.0
411,1,-5.95275245773,,0.0,0.012012012012,1,-3.25449340516,-1.18927224225,5,1.0
412,1,5.14166664804,5.0,7.0,0.012012012012,0,-0.391726311964,1.31684558394,5,108.0
413,1,-0.877355971375,,6.0,0.013013013013,0,-1.29183151818,-2.00186141685,5,50.0
414,0,10.3223126968,10.0,,0.012012012012,0,2.23356648862,-1.37838676903,5,539.0
415,1,2.27054376938,2.0,3.0,0.011011011011,1,-1.14890413029,0.717256160265,5,40.0
416,1,0.899130616102,,4.0,0.013013013013,0,-0.827174884691,-1.61934472982,5,39.0
417,1,4.41373116871,,6.0,0.013013013013,0,-0.404038548345,0.625846813742,5,44.0
418,1,-4.57190817563,,1.0,0.012012012012,0,-2.95743209705,-0.69961188449,5,12.0
419,1,2.72198344888,1.0,8.0,0.012012012012,0,-0.477402205441,-0.845809934791,5,116.0
420,1,4.89559689652,,5.0,0.012012012012,0,0.247757423403,-0.847675373695,5,41.0
421,1,1.5220011704,,2.0,0.014014014014,0,-0.618240819961,-1.62327636972,5,16.0
422,1,-0.446073690714,,0.0,0.012012012012,1,-1.67974913739,-0.406826278535,5,2.0
423,1,6.9583953904,6.0,7.0,0.013013013013,1,0.164290704866,1.4655232758,5,119.0
424,1,9.90760336863,9.0,10.0,0.011011011011,1,1.54905289198,0.260444692687,5,363.0
425,1,5.26636133063,5.0,7.0,0.013013013013,0,-0.0417614901158,0.39164580098,5,182.0
426,1,0.61535078064,,4.0,0.012012012012,0,-0.890185326931,-1.71409323857,5,49.0
427,0,12.0441978177,12.0,,0.012012012012,0,1.29047569198,3.17277074172,5,298.0
428,1,9.1321789223,8.0,10.0,0.012012012012,0,1.2367883962,0.421813733693,5,310.0
429,1,3.89932256591,3.0,6.0,0.012012012012,0,-0.553454151204,0.559685019525,5,204.0
430,1,2.70540204141,2.0,6.0,0.012012012012,0,-0.370202706588,-1.18398983883,5,206.0
431,1,-0.0674412882869,,0.0,0.012012012012,1,-2.0503723977,1.08367590482,5,11.0
432,1,2.75511124467,2.0,9.0,0.012012012012,0,-0.572233876569,-0.528187125626,5,257.0
433,1,2.1537082959,2.0,3.0,0.012012012012,1,-1.24267117041,0.881721807139,5,192.0
434,1,4.64401327139,1.0,6.0,0.011011011011,0,-0.496388300055,1.13317817155,5,238.0
435,1,2.49201082551,2.0,3.0,0.012012012012,1,-0.96324864364,0.381756756425,5,186.0
436,1,5.33470540252,3.0,8.0,0.011011011011,0,0.674295573829,-1.68818131897,5,244.0
437,1,1.26587588657,1.0,3.0,0.012012012012,0,-1.46270794741,0.65399972881,5,180.0
438,1,4.71088249889,4.0,10.0,0.012012012012,0,-0.631466868553,1.60528310455,5,262.0
439,1,-2.06344324224,,0.0,0.012012012012,1,-2.15271982767,-0.605283759238,5,21.0
440,1,6.36922918733,2.0,7.0,0.013013013013,0,0.0612037713079,1.18561787341,5,243.0
441,1,8.40609845225,7.0,10.0,0.013013013013,0,0.462044937752,2.01996363899,5,275.0
442,1,-1.23062309429,,1.0,0.011011011011,0,-1.56486852668,-1.53601751424,5,72.0
443,1,3.04344625476,3.0,4.0,0.012012012012,1,-0.160961974879,-1.4736678206,5,213.0
444,1,5.33551009355,5.0,8.0,0.013013013013,0,0.134753897798,-0.0687515998461,5,292.0
445,1,6.63738750317,6.0,8.0,0.011011011011,0,0.649461838159,-0.310998011311,5,432.0
446,1,2.46204776631,2.0,3.0,0.013013013013,1,-0.70437851334,-0.424816693667,5,228.0
447,1,-0.619902676395,,1.0,0.012012012012,0,-1.81711799245,-0.168548699059,5,144.0
448,1,6.36609002204,6.0,8.0,0.011011011011,0,0.423866462652,0.0944906340863,5,460.0
449,1,6.74500998035,6.0,10.0,0.014014014014,0,0.247493272067,1.00253016415,5,489.0
450,1,3.12077124041,3.0,4.0,0.013013013013,1,-0.284656810541,-1.02525832796,5,421.0
451,1,5.47641212769,5.0,6.0,0.011011011011,1,0.097044769416,0.185277819444,5,488.0
452,1,4.40032453898,4.0,5.0,0.013013013013,1,0.23720309828,-1.31128475586,5,468.0
453,1,5.22082499172,5.0,7.0,0.013013013013,0,0.130078138601,-0.169409424082,5,496.0
454,1,6.40851528129,5.0,7.0,0.011011011011,0,0.617305936331,-0.443402527697,5,508.0
455,0,6.68398569888,6.0,,0.013013013013,0,0.67686554877,-0.346610947429,5,294.0
456,0,13.9244871376,6.0,,0.012012012012,0,2.31809321096,1.97020750475,5,305.0
457,1,1.86272291404,0.0,3.0,0.011011011011,0,-1.37669845681,0.992818284478,5,503.0
458,0,10.0806469337,3.0,,0.011011011011,0,2.03279421597,-1.01773571423,5,429.0
459,0,7.00194264505,3.0,,0.012012012012,0,0.511256867588,0.468172042284,5,236.0
460,0,8.94176186205,2.0,,0.012012012012,0,1.37717207564,-0.189754364876,5,423.0
461,0,11.7019903841,2.0,,0.012012012012,0,2.23499250483,-0.00298713034187,5,415.0
462,0,3.24755367934,3.0,,0.011011011011,0,-0.536364971609,-0.143351405835,5,431.0
463,0,3.21510049186,2.0,,0.012012012012,0,-0.713598241992,0.355895217831,5,433.0
464,0,8.08720852068,3.0,,0.012012012012,0,1.02121775998,0.0235552407427,5,476.0
465,0,9.14216242888,3.0,,0.012012012012,0,1.19356194959,0.561476580114,5,424.0
466,0,3.23283039685,2.0,,0.012012012012,0,0.0114180129481,-1.801423642,5,436.0
467,1,-1.20679041484,,1.0,0.012012012012,0,-1.9580240374,-0.332718302638,5,136.0
468,1,2.80335726784,2.0,3.0,0.012012012012,1,-0.52251920537,-0.629085116055,5,214.0
469,0,10.8865592783,3.0,,0.011011011011,0,1.53911391831,1.26921752333,5,490.0
470,1,2.05487131381,0.0,3.0,0.012012012012,0,-0.630447051915,-1.05378753044,5,147.0
471,0,7.74403512991,5.0,,0.012012012012,0,0.420889314218,1.48136718725,5,466.0
472,0,10.7713777432,6.0,,0.013013013013,0,0.868073909155,3.16715601578,5,482.0
473,1,1.2047173395,,3.0,0.012012012012,0,-1.2863704668,0.0638287398902,5,141.0
474,0,7.62470584115,6.0,,0.012012012012,0,0.918103728271,-0.12960534366,5,479.0
475,0,6.29832195805,4.0,,0.00900900900901,0,0.451610158395,-0.0565085171356,5,494.0
476,1,2.2773438183,2.0,4.0,0.011011011011,0,-0.77776291992,-0.389367421937,5,152.0
477,0,9.94738797221,5.0,,0.013013013013,0,1.65531004495,-0.0185421626415,5,79.0
478,0,5.72619987621,5.0,,0.011011011011,0,-0.230606033332,1.4180179762,5,502.0
479,1,0.911240259287,0.0,1.0,0.012012012012,1,-1.02091068904,-1.02602767361,5,79.0
480,1,3.07042155901,3.0,4.0,0.013013013013,1,-0.411925441232,-0.693802117295,5,403.0
481,1,-1.66014929474,,0.0,0.014014014014,1,-1.29414672565,-2.7777091178,5,71.0
482,0,8.59158117593,5.0,,0.012012012012,0,0.937114934085,0.780236373674,5,519.0
483,0,6.40444014936,6.0,,0.014014014014,0,0.258321771288,0.629474835496,5,509.0
484,1,2.92350395538,2.0,3.0,0.011011011011,1,-1.01237865864,0.960639931314,5,407.0
485,0,6.06509351871,3.0,,0.011011011011,0,0.600484719931,-0.736360641085,5,527.0
486,0,3.12407485377,2.0,,0.01001001001,0,-0.0116211930966,-1.84106156694,5,531.0
487,0,10.2263169023,2.0,,0.014014014014,0,2.10185625606,-1.07925186584,5,528.0
488,0,5.64279162306,2.0,,0.014014014014,0,0.0380268996752,0.528710924036,5,529.0
489,0,8.68080330952,2.0,,0.013013013013,0,1.62336026969,-1.18927749954,5,523.0
490,0,8.54925914097,2.0,,0.013013013013,0,1.42688265846,-0.731388834413,5,521.0
491,0,3.63395901002,2.0,,0.014014014014,0,-0.159994807301,-0.886056568074,5,545.0
492,0,9.26377985517,1.0,,0.013013013013,0,1.29138349623,0.389629366486,5,544.0
493,0,1.87383932602,0.0,,0.012012012012,0,-0.25135193,-2.37210488397,5,514.0
494,0,4.99923769229,1.0,,0.013013013013,0,0.308033505565,-0.924862824407,5,520.0
495,0,5.71992734367,0.0,,0.011011011011,0,0.101883978699,0.414275407568,5,525.0
496,0,4.54596885529,1.0,,0.014014014014,0,-0.0159828457824,-0.406082607362,5,351.0
497,0,9.23084335447,2.0,,0.013013013013,0,1.04408059097,1.09860158155,5,344.0
498,0,3.42025407207,2.0,,0.015015015015,0,-0.658462126513,0.395640451607,5,395.0
499,0,4.93294084589,0.0,,0.011011011011,0,0.344366641916,-1.10015907985,5,512.0
500,0,5.65421346611,2.0,,0.012012012012,0,0.159925941615,0.174435641268,5,518.0
501,0,5.16355070611,0.0,,0.00900900900901,0,-0.0658471769236,0.361092236876,5,399.0
502,0,4.94576414555,0.0,,0.011011011011,0,0.447146874765,-1.39567647874,5,408.0
503,0,7.92247012349,1.0,,0.013013013013,0,0.883911131228,0.270736729808,5,165.0
504,0,13.7038691462,1.0,,0.013013013013,0,3.09618467123,-0.584684867517,5,406.0
505,0,10.0220110666,1.0,,0.012012012012,0,1.50988543939,0.492354748468,5,190.0
506,0,1.58952217339,0.0,,0.012012012012,0,-1.21100696678,0.222543073732,5,118.0
507,0,8.95359944141,0.0,,0.011011011011,0,1.16144868541,0.46925338519,5,421.0
508,0,7.59413913545,1.0,,0.013013013013,0,0.737232513459,0.382441595074,5,158.0
509,0,4.58535675623,1.0,,0.011011011011,0,-0.023183367106,-0.345093142451,5,100.0
510,0,10.7234629666,0.0,,0.011011011011,0,1.50441453982,1.2102193471,5,212.0
511,0,6.52384503241,0.0,,0.012012012012,0,0.798392267909,-0.871331771317,5,116.0
512,0,6.86646641179,1.0,,0.012012012012,0,0.668025956899,-0.137611458908,5,139.0
513,0,4.70088004904,0.0,,0.011011011011,0,-0.503391854365,1.21105561213,5,229.0
514,0,3.58463259151,0.0,,0.012012012012,0,-0.546049402509,0.222780799036,5,7.0
515,0,5.09111105608,0.0,,0.012012012012,0,-0.183603006771,0.641920076393,5,187.0
516,0,2.10132172923,0.0,,0.013013013013,0,-0.836942374768,-0.387851146465,5,123.0
517,0,2.21737529865,0.0,,0.012012012012,0,-1.12971440863,0.606518524529,5,155.0
518,0,7.06944991934,0.0,,0.012012012012,0,0.558993666989,0.39246891837,5,169.0
519,0,2.89035075082,0.0,,0.012012012012,0,-0.463862869993,-0.718060639199,5,287.0
520,0,1.26846349119,0.0,,0.012012012012,0,-0.770809700212,-1.41910740818,5,336.0
521,0,2.05039720563,0.0,,0.012012012012,0,-0.482451526931,-1.50224821357,5,353.0
522,0,7.40325069425,0.0,,0.012012012012,0,0.759890473469,0.123579273846,5,149.0
523,0,7.11979959943,2.0,,0.013013013013,0,0.8634818036,-0.470645811371,5,226.0
524,0,5.08471712308,1.0,,0.012012012012,0,-0.454289277231,1.44758495477,5,361.0
525,0,2.94461616193,1.0,,0.012012012012,0,-0.480927621973,-0.612600972155,5,411.0
526,0,5.54250218299,1.0,,0.011011011011,0,-0.123449464216,0.91285057564,5,68.0
527,0,7.66217385184,1.0,,0.011011011011,0,0.924629461266,-0.111714531958,5,221.0
528,0,10.0926205162,1.0,,0.01001001001,0,1.38908821448,0.925355872709,5,363.0
529,1,1.75444605367,1.0,2.0,0.012012012012,1,-0.915686780867,-0.498493603732,5,480.0
530,0,3.15402328247,2.0,,0.013013013013,0,-0.438383433111,-0.5308264182,5,381.0
531,0,7.13999595751,2.0,,0.011011011011,0,1.06772874498,-1.06319027742,5,331.0
532,0,4.70065428639,2.0,,0.011011011011,0,-0.63154944117,1.5953026099,5,373.0
533,0,2.88091518831,0.0,,0.011011011011,0,-1.01501391527,0.925956934126,5,322.0
534,0,3.73391006365,2.0,,0.012012012012,0,-0.420094780805,-0.00580559393518,5,
535,0,8.50319698983,2.0,,0.01001001001,0,0.665165631197,1.50770009624,5,
536,0,6.94327919215,1.0,,0.011011011011,0,0.867516799195,-0.659271205432,5,
537,0,5.46453802578,3.0,,0.012012012012,0,0.245793757681,-0.272843247259,5,
538,0,2.61455576659,2.0,,0.012012012012,0,-0.767337503614,-0.0834317225698,5,
539,0,6.84543249971,4.0,,0.016016016016,0,0.483938356834,0.393617429204,5,
540,1,1.25755735779,1.0,2.0,0.011011011011,1,-0.850515247994,-1.19089689823,5,317.0
541,0,9.69267334627,3.0,,0.012012012012,0,1.07063869543,1.48075725998,5,
542,0,9.59713335808,5.0,,0.015015015015,0,1.1726061022,1.07931505148,5,
543,1,1.45792531361,1.0,2.0,0.011011011011,1,-1.08772436527,-0.278901590561,5,285.0
544,0,6.07759925402,5.0,,0.014014014014,0,0.218674368126,0.421576149641,5,
545,1,-1.04815931219,,0.0,0.013013013013,1,-1.6491123415,-1.1008222877,5,60.0
546,0,6.20919560503,6.0,,0.011011011011,0,0.307816383087,0.285746455772,5,
547,0,5.3946355061,5.0,,0.01001001001,0,0.305412407214,-0.521601715546,5,
548,1,0.665796428574,,3.0,0.011011011011,0,-1.36630478511,-0.235289216083,5,302.0
549,0,10.4300017634,9.0,,0.011011011011,0,1.55381091345,0.768569023028,5,
550,1,3.34597542532,2.0,4.0,0.012012012012,0,-0.328392669008,-0.668846567658,5,353.0
551,1,3.41806337223,3.0,8.0,0.012012012012,0,-0.250740545165,-0.829714992275,5,422.0
552,1,-0.501027174752,,0.0,0.012012012012,1,-1.06846570796,-2.29563005087,5,174.0
553,1,5.18375098763,3.0,6.0,0.012012012012,0,0.365446406692,-0.912588232445,5,389.0
554,1,4.73254885505,4.0,5.0,0.013013013013,1,-0.156897899548,0.203242553698,5,372.0
555,1,2.20552727836,2.0,4.0,0.013013013013,0,-0.189002963179,-2.2274638321,5,350.0
556,1,7.90959024057,7.0,8.0,0.012012012012,1,0.737960052026,0.695710084486,5,466.0
557,1,1.71024096998,0.0,2.0,0.012012012012,0,-0.811971905041,-0.853843314899,5,265.0
558,1,6.77472029263,6.0,7.0,0.012012012012,1,0.343394679526,0.744536254055,5,467.0
559,1,6.2921296669,6.0,10.0,0.012012012012,0,0.501775284759,-0.213196187381,5,493.0
560,1,6.15028228655,6.0,8.0,0.00900900900901,0,0.276679987271,0.320242324732,5,522.0
561,1,0.217907008594,0.0,1.0,0.012012012012,1,-1.29536992174,-0.895983226193,5,253.0
562,1,3.90818949736,2.0,4.0,0.012012012012,0,-0.0285154425112,-1.00626417511,5,471.0
563,1,3.80709755699,3.0,4.0,0.012012012012,1,-0.398918827637,0.00385403990082,5,478.0
564,1,4.86344939994,4.0,6.0,0.013013013013,0,-0.390540570578,1.03507111168,5,512.0
565,1,4.09427052805,3.0,7.0,0.01001001001,0,-0.076928312364,-0.674944534858,5,527.0
566,1,3.32994931851,1.0,5.0,0.012012012012,0,-0.476684445627,-0.239997344613,5,513.0
567,0,10.7089811303,8.0,,0.012012012012,0,1.39262737534,1.53109900429,5,198.0
568,1,1.52384459697,0.0,2.0,0.012012012012,0,-1.50031611811,1.0247929513,5,499.0
569,1,2.34927007814,2.0,5.0,0.012012012012,0,-1.26146180591,1.13365549587,5,528.0
570,0,6.25816398022,4.0,,0.013013013013,0,0.753447242593,-1.00217774756,5,146.0
571,0,10.445155564,3.0,,0.01001001001,0,2.38817042612,-1.71935571439,5,140.0
572,0,9.09509441503,4.0,,0.014014014014,0,1.21460104454,0.451291281419,5,5.0
573,0,4.54232263944,4.0,,0.013013013013,0,-0.0815600775622,-0.21299712787,5,49.0
574,0,5.16709171327,4.0,,0.013013013013,0,0.4327924773,-1.13128571863,5,122.0
575,0,3.3386090872,3.0,,0.014014014014,0,-0.137390132019,-1.24922051674,5,86.0
576,0,6.50059086371,3.0,,0.012012012012,0,0.915638166169,-1.24632363479,5,181.0
577,0,5.26257786094,3.0,,0.012012012012,0,0.243992743611,-0.469400369896,5,296.0
578,0,5.75063914473,3.0,,0.01001001001,0,-0.00758270219308,0.77338725131,5,448.0
579,1,2.0073409598,2.0,3.0,0.012012012012,1,-1.17436815615,0.530445428261,5,210.0
580,1,4.40733332048,2.0,5.0,0.011011011011,0,-0.028745614862,-0.506429834937,5,221.0
581,0,8.22149041924,7.0,,0.011011011011,0,0.952505926849,0.363972638689,5,391.0
582,1,2.53087392266,1.0,3.0,0.012012012012,0,-0.121023461289,-2.10605569348,5,177.0
583,1,1.41769892412,1.0,2.0,0.011011011011,1,-1.67212232792,1.43406590786,5,130.0
584,1,0.321735497046,0.0,1.0,0.012012012012,1,-1.76644160963,0.621060325938,5,135.0
585,1,6.49091626543,5.0,7.0,0.011011011011,0,0.470096222807,0.0806275970121,5,219.0
586,1,7.98143097173,0.0,8.0,0.011011011011,0,1.22377548479,-0.689895482652,5,226.0
587,1,0.947069588007,0.0,3.0,0.013013013013,0,-1.21356883263,-0.412223914109,5,154.0
588,0,12.443487017,9.0,,0.012012012012,0,1.99288195714,1.46484114559,5,
589,1,1.956376871,0.0,2.0,0.012012012012,0,-1.82856789995,2.44208057085,5,137.0
590,1,3.41455953055,3.0,4.0,0.012012012012,1,-0.497982414581,-0.0914932257091,5,157.0
591,1,1.56729842032,0.0,3.0,0.012012012012,0,-1.40643175236,0.786593677393,5,201.0
592,0,9.33239795138,5.0,,0.012012012012,0,1.21151470673,0.697853831192,5,
593,0,3.38803911408,3.0,,0.011011011011,0,-0.648049713956,0.332188255943,5,
594,0,4.66336887487,2.0,,0.011011011011,0,-0.721160865295,1.82685147075,5,
595,0,10.5888743342,3.0,,0.012012012012,0,1.31323004868,1.64918418818,5,
596,0,4.69800483841,3.0,,0.012012012012,0,-0.145327919432,0.133988596703,5,
597,0,6.73624931999,3.0,,0.01001001001,0,1.04600721979,-1.40177233939,5,
598,0,9.6030451038,0.0,,0.012012012012,0,1.39074646562,0.43080570695,5,151.0
599,0,4.45182427879,0.0,,0.011011011011,0,-0.940567745977,2.27352751672,5,25.0
600,0,6.44661608586,2.0,,0.014014014014,0,0.413912361304,0.204879001948,5,433.0
601,0,2.21838323619,0.0,,0.01001001001,0,-0.967261626736,0.120168116403,5,546.0
602,0,5.09870897901,1.0,,0.013013013013,0,0.177488052006,-0.433755177004,5,36.0
603,0,3.27094620994,0.0,,0.01001001001,0,-0.774977112279,0.595877546775,5,46.0
604,0,10.3312496416,0.0,,0.012012012012,0,2.31106500597,-1.60194537628,5,554.0
605,0,6.01602654985,1.0,,0.013013013013,0,0.14145786823,0.591652945159,5,530.0
606,0,2.43875532596,2.0,,0.014014014014,0,-0.770392677449,-0.250066641692,5,510.0
607,0,2.47444065555,0.0,,0.012012012012,0,-0.901523791145,0.179012028986,5,91.0
608,0,6.86537199209,1.0,,0.013013013013,0,0.43205424396,0.569209260215,5,508.0
609,0,6.17201311106,0.0,,0.014014014014,0,0.466420176316,-0.227247417885,5,538.0
610,0,9.39848640817,0.0,,0.012012012012,0,1.17101677351,0.885436087626,5,543.0
611,0,7.6656711321,0.0,,0.011011011011,0,1.01814664759,-0.388768810677,5,513.0
612,0,1.65075714658,1.0,,0.012012012012,0,-1.31326185491,0.590542711303,5,107.0
613,0,9.39439185005,2.0,,0.013013013013,0,1.08799461456,1.13040800637,5,78.0
614,0,5.39537746585,3.0,,0.011011011011,0,0.261084652742,-0.387876492373,5,500.0
615,0,4.24078206729,2.0,,0.012012012012,0,-0.025101077033,-0.683914701613,5,517.0
616,0,7.05662217938,1.0,,0.01001001001,0,0.784542594754,-0.297005604886,5,491.0
617,0,7.30625083741,2.0,,0.011011011011,0,0.93619641754,-0.50233841521,5,522.0
618,1,-1.91919887789,,0.0,0.013013013013,1,-2.26512519764,-0.123823284962,5,53.0
619,1,-1.53430834479,,1.0,0.011011011011,0,-1.44429372409,-2.20142717252,5,86.0
620,0,7.03704533123,2.0,,0.012012012012,0,0.875588618761,-0.589720525051,5,501.0
621,0,5.91781485668,3.0,,0.013013013013,0,0.659897716519,-1.06187829288,5,478.0
622,0,10.1730115113,2.0,,0.012012012012,0,0.972435062121,2.25570632496,5,498.0
623,0,4.13193568198,2.0,,0.011011011011,0,-0.0140265730866,-0.825984598761,5,551.0
624,0,6.24644123719,2.0,,0.012012012012,0,0.0650931957389,1.05116164998,5,503.0
625,0,8.83210217783,1.0,,0.014014014014,0,1.13608571493,0.423845033051,5,88.0
626,0,2.57651402504,0.0,,0.012012012012,0,-0.259065073809,-1.64629075353,5,515.0
627,0,0.413250343219,0.0,,0.011011011011,0,-0.947643480587,-1.74381921502,5,81.0
628,0,7.44528133676,0.0,,0.013013013013,0,0.253012679912,1.68624329703,5,542.0
629,0,6.26399173959,0.0,,0.012012012012,0,0.392611356915,0.0861576688507,5,550.0
630,0,4.45959369829,1.0,,0.013013013013,0,0.0940219389243,-0.82247211848,5,548.0
631,0,5.77577157991,0.0,,0.011011011011,0,-0.0221098220815,0.842101046158,5,47.0
632,0,7.49092534039,0.0,,0.013013013013,0,0.701644947254,0.385990498628,5,516.0
633,0,4.19371045348,0.0,,0.013013013013,0,-0.303214163167,0.103352942984,5,532.0
634,0,10.1717673251,0.0,,0.012012012012,0,1.50770187425,0.648661702387,5,534.0
635,0,6.57032134019,1.0,,0.013013013013,0,0.236996152605,0.859332882377,5,536.0
636,0,4.17297160153,0.0,,0.012012012012,0,-0.469127645815,0.580354538977,5,549.0
637,0,9.18102104589,0.0,,0.012012012012,0,1.45949534141,-0.19746497832,5,524.0
638,0,5.16734556582,0.0,,0.01001001001,0,-0.173410008747,0.687575592058,5,
639,0,2.16261716566,0.0,,0.012012012012,0,-0.98096602073,0.105515227846,5,81.0
640,0,6.90518418158,3.0,,0.014014014014,0,0.231292978737,1.21130524537,5,7.0
641,0,8.56386127967,0.0,,0.011011011011,0,1.02166190292,0.498875570903,5,
642,0,5.18559069192,0.0,,0.012012012012,0,-0.477509505857,1.61811920949,5,541.0
643,0,6.74386464985,0.0,,0.011011011011,0,0.660763119873,-0.23842470977,5,
644,0,9.11620217591,0.0,,0.012012012012,0,1.26509813719,0.320907764332,5,
645,0,8.16177882385,0.0,,0.012012012012,0,1.08712182086,-0.0995866387182,5,
646,0,4.16706404314,0.0,,0.012012012012,0,-0.331868093048,0.162668322285,5,
647,0,8.76032428856,2.0,,0.012012012012,0,0.748768643147,1.51401835912,5,
648,0,6.17192726956,0.0,,0.011011011011,0,0.240745238724,0.449691553383,5,
649,0,8.81810158581,0.0,,0.012012012012,0,0.959302219406,0.940194927591,5,
650,0,10.5405497131,1.0,,0.013013013013,0,2.15057276035,-0.911168567958,5,
651,0,5.82222037537,1.0,,0.012012012012,0,0.885849894795,-1.83532930902,5,
652,0,7.74958069607,2.0,,0.011011011011,0,1.28877714386,-1.1167507355,5,19.0
653,0,8.02650966787,1.0,,0.011011011011,0,0.58889918087,1.25981212526,5,
654,0,7.70720594849,2.0,,0.013013013013,0,0.630320069345,0.816245740454,5,359.0
655,0,4.61902217322,1.0,,0.013013013013,0,-0.272219882764,0.43568182151,5,129.0
656,1,2.06377038934,0.0,3.0,0.012012012012,0,-0.922381200402,-0.169086009455,5,438.0
657,0,1.81920886293,0.0,,0.01001001001,0,-0.946289671632,-0.341922122175,5,123.0
658,0,1.84375187167,1.0,,0.012012012012,0,-0.971801758613,-0.240842852495,5,143.0
659,0,9.23863189425,0.0,,0.011011011011,0,1.39293010962,0.0598415653898,5,119.0
660,0,0.543400204956,0.0,,0.01001001001,0,-1.70368076845,0.654442510308,5,112.0
661,0,6.68154525208,3.0,,0.012012012012,0,0.477029676159,0.250456223609,5,133.0
662,0,8.6345660739,1.0,,0.014014014014,0,0.730000200903,1.44456547119,5,105.0
663,0,5.15123595381,1.0,,0.012012012012,0,-0.181580545604,0.695977590618,5,145.0
664,0,2.63806898582,0.0,,0.012012012012,0,-0.487599041585,-0.899133889428,5,506.0
665,0,6.24792331849,0.0,,0.00900900900901,0,0.347659169166,0.204945810992,5,499.0
666,0,8.11158502046,0.0,,0.012012012012,0,0.969362382635,0.203497872554,5,448.0
667,0,1.04488514769,0.0,,0.013013013013,0,-1.21037738289,-0.323982703645,5,453.0
668,0,1.13304922786,0.0,,0.012012012012,0,-1.25987614355,-0.0873223414803,5,29.0
669,0,1.14657285385,1.0,,0.012012012012,0,-0.977977014194,-0.919496103571,5,435.0
670,0,1.62406941941,0.0,,0.013013013013,0,-0.65461393627,-1.41208877179,5,487.0
671,0,7.79361306607,2.0,,0.013013013013,0,0.896237217551,0.104901413416,5,419.0
672,0,9.83490852,0.0,,0.011011011011,0,1.30559588171,0.918120874868,5,426.0
673,0,5.41346987834,0.0,,0.012012012012,0,-0.195282703497,0.999317988833,5,406.0
674,0,4.8774324804,0.0,,0.013013013013,0,-0.457708900536,1.25055918201,5,408.0
675,0,1.74390407968,0.0,,0.012012012012,0,-0.788455330641,-0.890729928398,5,399.0
676,0,11.3384692078,0.0,,0.012012012012,0,2.21939148413,-0.319705244544,5,415.0
677,0,7.50660693338,0.0,,0.012012012012,0,1.20577580916,-1.11072049411,5,442.0
678,0,3.97224869491,1.0,,0.014014014014,0,-0.000842497410187,-1.02522381286,5,403.0
679,0,6.82813357837,1.0,,0.013013013013,0,0.58911856524,0.0607778826523,5,392.0
680,0,5.467901147,1.0,,0.012012012012,0,0.258317603686,-0.307051664056,5,401.0
681,0,9.93946748098,0.0,,0.012012012012,0,1.65168435018,-0.0155855695543,5,395.0
682,0,1.40480871179,0.0,,0.012012012012,0,-1.12351603907,-0.22464317101,5,410.0
683,0,11.5900769189,0.0,,0.012012012012,0,1.69021082748,1.51944443646,5,394.0
684,0,8.61000195,1.0,,0.012012012012,0,0.897042968476,0.918873044567,5,405.0
685,0,8.9709606888,1.0,,0.012012012012,0,0.98600971485,1.01293154425,5,385.0
686,0,8.36678479584,1.0,,0.011011011011,0,0.597005588413,1.5757680306,5,389.0
687,0,4.30805522708,3.0,,0.012012012012,0,0.298081419746,-1.58618903216,5,375.0
688,0,7.86652233458,1.0,,0.013013013013,0,1.24953343063,-0.882077957301,5,376.0
689,0,8.22200692253,1.0,,0.011011011011,0,0.960436917671,0.340696169517,5,363.0
690,0,9.82042338001,2.0,,0.012012012012,0,1.82938455404,-0.667730282099,5,344.0
691,1,3.50983638775,3.0,4.0,0.014014014014,1,-0.09088784405,-1.2175000801,5,484.0
692,0,7.68768266834,2.0,,0.013013013013,0,0.90906710185,-0.0395186372067,5,131.0
693,0,5.14351726237,2.0,,0.011011011011,0,0.527275508521,-1.4383092632,5,373.0
694,0,6.06871545998,6.0,,0.015015015015,0,-0.0828571622524,1.31728694673,5,70.0
695,0,12.2672129897,6.0,,0.012012012012,0,2.09653837886,0.977597853136,5,338.0
696,0,8.00345676965,6.0,,0.012012012012,0,0.899528211286,0.304872135788,5,11.0
697,1,0.586106100594,0.0,1.0,0.01001001001,1,-1.32611321012,-0.43555426905,5,469.0
698,1,4.10679454675,2.0,5.0,0.012012012012,0,-0.657378940287,1.07893136761,5,531.0
699,1,0.313100838313,0.0,1.0,0.013013013013,1,-1.50651351259,-0.16735862393,5,420.0
700,1,4.58570537129,3.0,5.0,0.012012012012,0,0.508772584344,-1.94061238174,5,529.0
701,1,5.72094460506,5.0,9.0,0.013013013013,0,-0.507260099281,2.24272490291,5,535.0
702,1,8.11273791073,8.0,9.0,0.012012012012,1,1.33974297984,-0.906491028783,5,530.0
703,1,6.74780523885,5.0,7.0,0.012012012012,0,0.062006688823,1.56178517238,5,521.0
704,1,6.9471860689,6.0,8.0,0.011011011011,0,0.907366127271,-0.774912312909,5,533.0
705,1,7.38885900213,7.0,8.0,0.012012012012,1,0.601560972925,0.584176083361,5,519.0
706,1,2.35567571401,1.0,3.0,0.013013013013,0,-0.989673079281,0.324694951857,5,241.0
707,1,4.92847425113,4.0,5.0,0.011011011011,1,0.292310925552,-0.948458525523,5,507.0
708,1,2.63338772112,2.0,3.0,0.011011011011,1,-1.06805415173,0.837550176319,5,360.0
709,1,0.959346766969,0.0,1.0,0.012012012012,1,-1.04319242276,-0.911075964759,5,95.0
710,1,4.89424667635,4.0,8.0,0.012012012012,0,0.457301298916,-1.4776572204,5,517.0
711,1,6.30365752826,6.0,7.0,0.014014014014,1,0.260324338023,0.522684514187,5,505.0
712,1,1.26995566294,1.0,2.0,0.012012012012,1,-1.74299226728,1.49893246479,5,341.0
713,1,5.67810319585,4.0,7.0,0.012012012012,0,-0.274274683772,1.50092724717,5,514.0
714,1,1.2208678141,1.0,3.0,0.012012012012,0,-0.903125659714,-1.06975520676,5,494.0
715,1,6.23360549467,5.0,7.0,0.011011011011,0,0.431693354211,-0.0614745679626,5,520.0
716,0,9.03371270554,7.0,,0.012012012012,0,1.23704258365,0.322584954593,5,393.0
717,1,4.75417314429,4.0,5.0,0.012012012012,1,-0.475399074114,1.18037036663,5,509.0
718,1,5.4959162638,5.0,6.0,0.012012012012,1,-0.186031365972,1.05401036172,5,523.0
719,0,8.56156806379,6.0,,0.011011011011,0,0.932271404233,0.764753851092,5,441.0
720,0,7.84024687913,7.0,,0.012012012012,0,0.485343664165,1.38421588663,5,397.0
721,1,3.18305799291,3.0,4.0,0.00900900900901,1,0.0720917480629,-2.03321725128,5,526.0
722,0,7.92377574013,5.0,,0.012012012012,0,0.95906914434,0.0465683071046,5,409.0
723,1,1.73750450809,0.0,2.0,0.012012012012,0,-1.29055915944,0.609181986413,5,239.0
724,0,7.07652947347,7.0,,0.012012012012,0,0.702413535139,-0.0307111319428,5,132.0
725,0,12.0067363556,8.0,,0.013013013013,0,2.47622298483,-0.421932598853,5,439.0
726,1,3.04313636322,3.0,4.0,0.013013013013,1,-1.1932310368,1.6228294736,5,258.0
727,0,10.432782251,9.0,,0.012012012012,0,2.48851562448,-2.03276462241,5,417.0
728,1,3.51312291974,3.0,4.0,0.013013013013,1,-0.463711117062,-0.0957437290687,5,97.0
729,1,5.92977275609,5.0,7.0,0.014014014014,0,0.302662411101,0.0217855227836,5,329.0
730,1,3.72927561789,0.0,5.0,0.012012012012,0,0.128997214176,-1.65771602463,5,225.0
731,1,8.41802522596,8.0,10.0,0.012012012012,0,1.07238425549,0.200872459497,5,390.0
732,1,4.11906995385,4.0,5.0,0.014014014014,1,-0.101368660148,-0.576824065706,5,89.0
733,1,-1.24285586911,,2.0,0.011011011011,0,-2.58014258689,1.49757189157,5,37.0
734,1,-0.16826883822,,0.0,0.013013013013,1,-1.59684502106,-0.377733775045,5,22.0
735,1,3.60733030176,2.0,5.0,0.011011011011,0,-0.468264737457,0.0121245141351,5,85.0
736,1,1.21496810808,1.0,5.0,0.01001001001,0,-1.11845475645,-0.429667622586,5,107.0
737,1,0.937502508584,,2.0,0.013013013013,0,-0.555231741435,-2.39680226711,5,47.0
738,1,1.49850957001,,2.0,0.011011011011,0,-0.780761046336,-1.15920729099,5,83.0
739,0,9.65478314095,6.0,,0.012012012012,0,0.903685850595,1.94372558916,5,214.0
740,0,9.86229546053,6.0,,0.012012012012,0,2.17499405019,-1.66268669004,5,164.0
741,0,6.24631518727,6.0,,0.015015015015,0,0.374726606626,0.122135367387,5,295.0
742,0,9.364221703,5.0,,0.012012012012,0,1.24203421105,0.638119069854,5,334.0
743,0,4.04976428981,2.0,,0.012012012012,0,-0.370060374046,0.159945411947,5,247.0
744,0,16.0602998251,2.0,,0.011011011011,0,3.30710511329,1.13898448527,5,239.0
745,0,2.15139586349,2.0,,0.012012012012,0,0.0682978245706,-3.05349761023,5,
746,0,4.72637574875,1.0,,0.014014014014,0,0.267345609971,-1.07566108116,5,266.0
747,0,5.14810542353,1.0,,0.012012012012,0,-0.0872052667194,0.409721223688,5,310.0
748,0,1.66765634362,1.0,,0.011011011011,0,-0.563344930631,-1.64230886449,5,234.0
749,0,6.21470398791,0.0,,0.01001001001,0,0.160753796628,0.732442598024,5,350.0
750,0,6.74800293285,2.0,,0.012012012012,0,0.347241916102,0.706277184544,5,51.0
751,0,4.3223460864,1.0,,0.013013013013,0,-0.0900730165778,-0.407434863868,5,254.0
752,0,6.40046335372,1.0,,0.012012012012,0,0.411755137965,0.165197939829,5,52.0
753,0,4.07124846227,0.0,,0.013013013013,0,-0.29940428112,-0.0305386943725,5,192.0
754,0,6.91133324655,1.0,,0.012012012012,0,0.380452752868,0.769974987951,5,177.0
755,0,5.8441105673,2.0,,0.013013013013,0,0.361653534949,-0.240850037547,5,199.0
756,0,8.11388852774,1.0,,0.00900900900901,0,0.302452744935,2.20653029294,5,
757,0,2.7917089201,0.0,,0.013013013013,0,-0.618481137776,-0.352847666571,5,
758,0,3.75124729271,1.0,,0.014014014014,0,-0.602291834759,0.558122796984,5,454.0
759,0,10.7383652187,1.0,,0.00800800800801,0,1.23452279311,2.03479683942,5,
760,0,11.7591250227,0.0,,0.012012012012,0,2.70664304491,-1.36080411199,5,
761,0,8.18890274684,1.0,,0.012012012012,0,0.478343296769,1.75387285653,5,540.0
762,0,3.54591486087,1.0,,0.012012012012,0,-0.575476422337,0.272344127883,5,452.0
763,0,5.12096026233,1.0,,0.012012012012,0,-0.427656332318,1.40392925928,5,
764,0,6.75155124025,1.0,,0.011011011011,0,0.394158258354,0.569076465184,5,
765,0,4.75418129488,1.0,,0.011011011011,0,-0.191373220912,0.32830095762,5,492.0
766,0,4.28602257443,3.0,,0.012012012012,0,0.193060885569,-1.29316008228,5,481.0
767,1,1.34755729045,0.0,2.0,0.00900900900901,0,-1.09274034878,-0.374221663218,5,495.0
768,0,5.46887385841,4.0,,0.012012012012,0,0.553573037596,-1.19184525438,5,511.0
769,0,5.99675249291,1.0,,0.011011011011,0,0.400745349843,-0.205483556614,5,474.0
770,0,12.0995393756,3.0,,0.013013013013,0,2.46269197196,-0.288536540305,5,477.0
771,0,5.42320595843,4.0,,0.014014014014,0,0.205316887424,-0.192744703843,5,458.0
772,1,0.733517840769,0.0,1.0,0.01001001001,1,-1.02055884261,-1.20480563139,5,464.0
773,1,2.78840043097,2.0,3.0,0.014014014014,1,-0.283742464566,-1.36037217533,5,483.0
774,0,7.17021634619,5.0,,0.012012012012,0,0.812170586697,-0.2662954139,5,459.0
775,0,8.69496039759,3.0,,0.012012012012,0,0.705557022587,1.57828932982,5,472.0
776,0,6.84410888366,5.0,,0.013013013013,0,1.45070444884,-2.50800446287,5,470.0
777,0,8.98512430045,4.0,,0.011011011011,0,1.01698689489,0.934163615775,5,430.0
778,0,4.65502897347,3.0,,0.013013013013,0,-0.350134127375,0.7054313556,5,437.0
779,1,0.912254719918,0.0,1.0,0.013013013013,1,-1.41629192208,0.161130486172,5,516.0
780,0,4.52342476469,1.0,,0.012012012012,0,-0.0503109515684,-0.3256423806,5,65.0
781,0,2.3405628433,2.0,,0.012012012012,0,-0.759071731565,-0.382221962007,5,412.0
782,0,3.50462961298,2.0,,0.012012012012,0,-0.507962729433,0.0285178012772,5,
783,0,5.64084560042,1.0,,0.012012012012,0,0.44068216493,-0.68120089437,5,37.0
784,0,2.24498827715,2.0,,0.012012012012,0,-0.207769752026,-2.13170246677,5,420.0
785,0,5.05356941929,1.0,,0.011011011011,0,-0.325262021662,1.02935548427,5,
786,0,4.85242314948,1.0,,0.013013013013,0,-0.0327653241408,-0.0492808780965,5,
787,0,6.36395875433,0.0,,0.012012012012,0,0.322179555532,0.397420087737,5,
788,0,6.27754426186,0.0,,0.011011011011,0,0.258687492834,0.501481783359,5,
789,0,6.15298563146,0.0,,0.012012012012,0,0.170899562753,0.640286943198,5,
790,0,5.263194726,1.0,,0.011011011011,0,0.0230107265878,0.194162546234,5,
791,0,4.55662499166,2.0,,0.012012012012,0,0.369901688358,-1.55308007341,5,
792,0,3.93519390794,1.0,,0.012012012012,0,-0.373458313916,0.0555688496841,5,
793,0,9.65031708236,3.0,,0.011011011011,0,1.5091774693,0.122784674476,5,
794,0,12.0545204921,1.0,,0.012012012012,0,1.85490675969,1.48980021302,5,
795,0,10.209209856,2.0,,0.011011011011,0,1.44541742942,0.872957567789,5,
796,1,-0.372192444964,,0.0,0.014014014014,1,-0.943075900841,-2.54296474244,5,110.0
797,0,2.54412922807,1.0,,0.012012012012,0,-0.621260844151,-0.592088239482,5,488.0
798,0,3.78221412164,1.0,,0.012012012012,0,-0.327101443189,-0.236481548791,5,407.0
799,0,5.61008820049,2.0,,0.013013013013,0,0.686585071757,-1.44966701478,5,365.0
800,0,4.57637667506,3.0,,0.014014014014,0,0.0244061126207,-0.4968416628,5,442.0
801,0,8.31979936273,1.0,,0.012012012012,0,1.29031029196,-0.551131513164,5,404.0
802,0,6.54208355568,1.0,,0.012012012012,0,0.477410521508,0.109851991156,5,432.0
803,0,3.83078806488,1.0,,0.012012012012,0,-0.458220008254,0.205448089638,5,457.0
804,0,9.35893894421,0.0,,0.012012012012,0,1.42988716719,0.0692774426352,5,376.0
805,0,8.68729922532,0.0,,0.013013013013,0,1.14768898552,0.244232268774,5,445.0
806,0,7.92410658444,0.0,,0.013013013013,0,1.07634617615,-0.304931944,5,440.0
807,0,1.26842618487,1.0,,0.012012012012,0,-1.2497983832,0.0178213344637,5,446.0
808,0,1.61958423599,0.0,,0.012012012012,0,-0.925176248159,-0.604887019529,5,428.0
809,0,1.72202509939,1.0,,0.011011011011,0,-1.13445982131,0.12540456332,5,403.0
810,0,5.61626556206,0.0,,0.012012012012,0,0.501919987753,-0.8894944012,5,34.0
811,0,2.85783787682,1.0,,0.013013013013,0,-0.459056418151,-0.76499286873,5,77.0
812,0,2.18539760639,0.0,,0.013013013013,0,-0.71561369986,-0.667761294032,5,449.0
813,0,4.43659293561,1.0,,0.014014014014,0,0.350532192525,-1.61500364197,5,438.0
814,0,6.32033625023,2.0,,0.013013013013,0,0.249085619092,0.573079392954,5,465.0
815,0,3.43604307298,2.0,,0.011011011011,0,-0.605659918915,0.253022829722,5,104.0
816,0,6.55989323337,1.0,,0.011011011011,0,0.883199483207,-1.08970521625,5,460.0
817,0,4.11645402547,2.0,,0.013013013013,0,-0.302646733125,0.0243942248509,5,451.0
818,0,4.57869735484,3.0,,0.012012012012,0,-0.20330826171,0.188622139975,5,463.0
819,0,3.28368077898,1.0,,0.01001001001,0,-0.951023798326,1.13675217396,5,467.0
820,1,0.360525786434,0.0,1.0,0.012012012012,1,-2.03575093575,1.46777859369,5,55.0
821,0,2.32737573661,2.0,,0.011011011011,0,-1.07815639433,0.561844919604,5,63.0
822,0,9.3616798693,3.0,,0.012012012012,0,0.716072232737,2.21346317109,5,471.0
823,0,7.90509333183,2.0,,0.012012012012,0,0.859531912263,0.326497595036,5,45.0
824,0,2.30220753859,2.0,,0.012012012012,0,-1.21258560308,0.939964347836,5,167.0
825,0,7.62922990634,4.0,,0.013013013013,0,0.870836067397,0.0167217041507,5,20.0
826,1,-2.21036004299,,0.0,0.012012012012,1,-1.96629090059,-1.31148734121,5,30.0
827,0,6.20041300721,6.0,,0.013013013013,0,0.684903497514,-0.854297485333,5,257.0
828,0,8.87442238466,6.0,,0.012012012012,0,1.24801719123,0.130370810982,5,170.0
829,0,9.56066110804,6.0,,0.015015015015,0,1.51693544156,0.00985478337149,5,235.0
830,0,8.45490500272,7.0,,0.012012012012,0,1.0620552143,0.268739359826,5,
831,1,-0.132176101305,,1.0,0.01001001001,0,-2.08357248287,1.11854134731,5,58.0
832,1,4.79813653337,4.0,5.0,0.013013013013,1,-0.343801664346,0.829541526409,5,387.0
833,1,6.58944324529,6.0,7.0,0.012012012012,1,-0.323549837309,2.56009275722,5,481.0
834,1,5.32138569525,4.0,6.0,0.012012012012,0,0.217785646878,-0.331971245385,5,398.0
835,1,5.98530073596,2.0,6.0,0.01001001001,0,-0.213160231154,1.62478142942,5,470.0
836,1,5.34050019542,5.0,6.0,0.013013013013,1,0.155042590767,-0.124627576879,5,378.0
837,1,1.27751406215,1.0,2.0,0.011011011011,1,-1.16234665865,-0.235445961914,5,291.0
838,1,0.0344337491914,0.0,1.0,0.011011011011,1,-0.975573372971,-2.03884613189,5,332.0
839,1,3.49854286183,3.0,5.0,0.014014014014,0,-0.352137477917,-0.445044704419,5,429.0
840,1,9.71448796535,9.0,12.0,0.012012012012,0,1.25499834661,0.949492925536,5,476.0
841,1,6.87715313891,6.0,7.0,0.012012012012,1,0.277577276314,1.04442130997,5,439.0
842,1,1.41993839543,1.0,2.0,0.013013013013,1,-1.44264477125,0.747872709166,5,299.0
843,1,7.23589416529,7.0,11.0,0.013013013013,0,0.607793005234,0.41251514959,5,463.0
844,1,8.73488268682,5.0,9.0,0.012012012012,0,0.853826341328,1.17340366284,5,462.0
845,1,-1.25231512871,,0.0,0.011011011011,1,-1.99995706908,-0.252443921488,5,10.0
846,1,3.30979395302,3.0,4.0,0.012012012012,1,0.0184305260572,-1.74549762515,5,379.0
847,1,4.81664760908,2.0,5.0,0.011011011011,0,0.471996503163,-1.59934190041,5,381.0
848,1,5.4211481472,5.0,6.0,0.011011011011,1,-0.600844573749,2.22368186845,5,428.0
849,1,2.52902175577,2.0,3.0,0.011011011011,1,-0.568415144274,-0.765732811412,5,358.0
850,1,7.55098025048,6.0,10.0,0.012012012012,0,1.13174549304,-0.844256228639,5,452.0
851,1,10.2327926763,8.0,11.0,0.012012012012,0,1.16381852391,1.74133710454,5,449.0
852,1,7.5706708047,7.0,9.0,0.013013013013,0,0.629187662069,0.683107818497,5,431.0
853,1,3.24049803689,3.0,5.0,0.014014014014,0,-0.38770405215,-0.596389806655,5,355.0
854,1,0.755892521759,,2.0,0.011011011011,0,-0.682177805476,-2.19757406181,5,101.0
855,1,6.90008689591,3.0,8.0,0.011011011011,0,0.965329224669,-0.995900778093,5,427.0
856,1,5.2850790856,5.0,6.0,0.012012012012,1,-0.0115499413187,0.319728909561,5,346.0
857,1,6.10776917813,6.0,8.0,0.013013013013,0,0.310771064872,0.17545598351,5,351.0
858,1,3.34779243595,3.0,4.0,0.011011011011,1,-0.446707366106,-0.312085465738,5,273.0
859,1,-0.770060586243,,0.0,0.013013013013,1,-1.6997207304,-0.670898395029,5,6.0
860,1,6.99733370987,6.0,7.0,0.01001001001,1,1.25351442912,-1.7632095775,5,334.0
861,1,6.9402209802,6.0,7.0,0.011011011011,1,0.848047937731,-0.603922832994,5,279.0
862,1,0.38012133732,,1.0,0.012012012012,0,-0.897343339149,-1.92784864523,5,20.0
863,1,2.25956676641,2.0,3.0,0.011011011011,1,-0.774921540963,-0.415668610705,5,103.0
864,1,2.98647113476,1.0,5.0,0.012012012012,0,-0.607284879957,-0.191674225367,5,126.0
865,1,0.293081048379,,3.0,0.015015015015,0,-1.04534200063,-1.57089294975,5,96.0
866,1,8.37087113628,7.0,9.0,0.013013013013,0,0.865642277149,0.773944304834,5,330.0
867,1,4.64115894604,,5.0,0.013013013013,0,-0.4543919963,1.00433493495,5,120.0
868,1,3.22486144829,2.0,4.0,0.012012012012,0,-0.72403645247,0.396970805704,5,104.0
869,1,4.30947372989,4.0,5.0,0.01001001001,1,0.119580211924,-1.04926690588,5,368.0
870,1,7.45605775758,7.0,8.0,0.011011011011,1,0.880337802618,-0.184955650278,5,437.0
871,1,-4.46206965963,,0.0,0.012012012012,1,-2.72755397721,-1.279407728,5,14.0
872,1,3.68261978704,3.0,4.0,0.014014014014,1,-0.147813938401,-0.873938397753,5,290.0
873,0,11.8822046395,9.0,,0.011011011011,0,1.49866597606,2.38620671136,5,
874,1,4.84489416579,4.0,7.0,0.013013013013,0,0.300278473807,-1.05594125563,5,415.0
875,1,9.72117613557,9.0,10.0,0.012012012012,1,1.56914546951,0.0137397270289,5,455.0
876,1,5.52718701712,5.0,6.0,0.011011011011,1,0.1659386221,0.0293711508259,5,436.0
877,1,6.80397291905,6.0,7.0,0.013013013013,1,0.53012216887,0.213606412444,5,397.0
878,1,8.81837627674,8.0,9.0,0.013013013013,1,1.17801785866,0.284322700744,5,447.0
879,0,13.6293864131,10.0,,0.012012012012,0,2.76658443648,0.32963310371,5,56.0
880,1,3.41179285026,2.0,5.0,0.011011011011,0,-1.09425172077,1.69454801257,5,376.0
881,1,4.78320274243,4.0,5.0,0.012012012012,1,-0.328262838918,0.767991259185,5,340.0
882,1,6.11376291003,5.0,7.0,0.012012012012,0,0.453448903638,-0.246583800885,5,361.0
883,1,2.44627470925,1.0,3.0,0.013013013013,0,-0.533524411536,-0.95315205614,5,263.0
884,1,5.5117622567,0.0,6.0,0.01001001001,0,0.442478471675,-0.815673158322,5,335.0
885,1,0.0244181470725,0.0,1.0,0.013013013013,1,-0.916946435426,-2.22474254665,5,236.0
886,1,0.353375353952,0.0,1.0,0.01001001001,1,-1.51920660441,-0.0890048328112,5,189.0
887,1,0.996735425771,0.0,2.0,0.012012012012,0,-1.39580380156,0.184146830442,5,245.0
888,1,2.48345298235,2.0,5.0,0.013013013013,0,-0.386857776655,-1.35597368769,5,264.0
889,1,2.3259144427,1.0,11.0,0.012012012012,0,-0.703424904207,-0.563810844682,5,416.0
890,1,4.65599064409,4.0,6.0,0.011011011011,0,-0.0927563858349,-0.0657401984082,5,306.0
891,1,5.53830648195,4.0,6.0,0.012012012012,0,0.045999165266,0.400308986151,5,276.0
892,1,2.25490632694,2.0,3.0,0.011011011011,1,-1.55658116263,1.92464981482,5,268.0
893,1,3.80767960179,1.0,6.0,0.011011011011,0,-0.196693359304,-0.602240320302,5,289.0
894,1,6.34959471295,1.0,10.0,0.013013013013,0,0.609541854496,-0.479030850536,5,339.0
895,1,8.06365079193,8.0,10.0,0.013013013013,0,1.16420527082,-0.428965020539,5,359.0
896,1,6.51879390695,6.0,8.0,0.013013013013,0,0.179443057771,0.980464733637,5,319.0
897,1,1.72206546239,1.0,2.0,0.012012012012,1,-1.21999728868,0.382057328438,5,199.0
898,1,-1.65943425697,,0.0,0.011011011011,1,-2.86071416846,1.92270824841,5,59.0
899,1,4.38196281641,3.0,6.0,0.013013013013,0,-0.397773058079,0.575281990647,5,337.0
900,1,1.79712508911,1.0,2.0,0.011011011011,1,-1.30452279751,0.710693481648,5,207.0
901,1,6.86241659641,6.0,8.0,0.011011011011,0,0.913208301389,-0.877208307755,5,426.0
902,1,1.63791949974,1.0,2.0,0.011011011011,1,-0.90020892602,-0.661453722196,5,293.0
903,1,4.45754242489,4.0,5.0,0.01001001001,1,-0.371439970169,0.571862335401,5,369.0
904,1,2.8861801294,2.0,4.0,0.011011011011,0,-0.273944813824,-1.29198542913,5,413.0
905,0,9.39234373831,6.0,,0.012012012012,0,1.4020740986,0.186121442501,5,167.0
906,0,6.79995331862,6.0,,0.014014014014,0,0.945546684414,-1.03668673463,5,
907,0,4.31544402138,4.0,,0.011011011011,0,-0.198650791685,-0.0886036035646,5,
908,1,3.9643881102,1.0,4.0,0.012012012012,0,-0.046184015411,-0.897059843564,5,434.0
909,0,8.71221608908,3.0,,0.013013013013,0,1.23159371175,0.0174349538357,5,
910,0,4.26933841591,4.0,,0.011011011011,0,-0.300593065535,0.171117612515,5,
911,0,5.42869186096,1.0,,0.01001001001,0,0.110904921601,0.0959770961527,5,317.0
912,0,2.61679750443,1.0,,0.012012012012,0,-0.936485824952,0.426254979283,5,485.0
913,0,5.73309987064,4.0,,0.011011011011,0,0.133297911572,0.333206135925,5,
914,0,8.08864884381,2.0,,0.01001001001,0,0.643289518835,1.1587802873,5,90.0
915,0,3.28142281872,1.0,,0.00900900900901,0,-0.209239307387,-1.09085925912,5,
916,0,7.14075709987,2.0,,0.013013013013,0,1.00814473125,-0.883677093892,5,218.0
917,0,3.84884501644,3.0,,0.012012012012,0,0.0964809464136,-1.4405978228,5,206.0
918,0,6.1550805819,3.0,,0.011011011011,0,0.516470946416,-0.394332257346,5,232.0
919,0,6.69593780768,2.0,,0.012012012012,0,0.17496655806,1.1710381335,5,258.0
920,0,4.34712525755,4.0,,0.013013013013,0,-0.259188022987,0.12468932651,5,202.0
921,1,2.17845021176,1.0,3.0,0.012012012012,0,-0.727757704844,-0.638276673707,5,532.0
922,0,8.60610460862,4.0,,0.011011011011,0,0.920570732272,0.844392411807,5,290.0
923,1,3.84201857075,3.0,4.0,0.012012012012,1,-0.522343981535,0.409050515361,5,534.0
924,1,1.46200126126,1.0,2.0,0.012012012012,1,-1.30199752894,0.367993848066,5,282.0
925,0,7.53598661359,6.0,,0.01001001001,0,0.476908397445,1.10526142125,5,308.0
926,0,10.0997470162,7.0,,0.011011011011,0,1.75187941276,-0.155891222068,5,289.0
927,0,8.8851174228,8.0,,0.01001001001,0,1.25638815099,0.115952969842,5,315.0
928,1,5.37509119272,4.0,6.0,0.014014014014,0,0.157430772596,-0.0972011250656,5,295.0
929,1,1.74578830739,1.0,3.0,0.012012012012,0,-1.00910801918,-0.226887635078,5,211.0
930,1,1.44724267624,1.0,4.0,0.013013013013,0,-1.02951227057,-0.464220512037,5,259.0
931,1,5.30116206948,5.0,6.0,0.011011011011,1,-0.140668800589,0.723168471246,5,336.0
932,1,8.06807753203,7.0,9.0,0.013013013013,0,0.473308232641,1.64815283411,5,364.0
933,1,0.941370368816,,1.0,0.011011011011,0,-0.745588491684,-1.82186415613,5,52.0
934,1,4.83141172271,1.0,5.0,0.012012012012,0,-0.367437595938,0.933724510522,5,162.0
935,1,0.481821884723,,3.0,0.014014014014,0,-1.50252927838,-0.0105902801452,5,160.0
936,1,7.90538265542,6.0,9.0,0.012012012012,0,0.99765693607,-0.0875881527939,5,321.0
937,1,-0.00839095590773,,2.0,0.012012012012,0,-1.46304342778,-0.619260672555,5,57.0
938,1,2.17845209059,1.0,4.0,0.011011011011,0,-0.891271308987,-0.147733982447,5,161.0
939,1,-0.495866589422,,0.0,0.012012012012,1,-1.59816567517,-0.701369563915,5,17.0
940,1,3.59926877878,2.0,6.0,0.012012012012,0,-0.456590294168,-0.0309603387135,5,195.0
941,1,6.65923318178,6.0,7.0,0.013013013013,1,0.781846653197,-0.686306777815,5,235.0
942,1,3.85569029648,3.0,6.0,0.013013013013,0,-0.326833012707,-0.163810665399,5,266.0
943,1,6.61842940426,5.0,9.0,0.012012012012,0,1.02688810179,-1.4622349011,5,269.0
944,1,1.30405069256,1.0,2.0,0.012012012012,1,-1.19538612379,-0.109790936083,5,190.0
945,0,9.56378610416,9.0,,0.011011011011,0,0.9560415976,1.69566131136,5,
946,1,0.446339855905,0.0,2.0,0.011011011011,0,-1.13733464408,-1.14165621186,5,227.0
947,0,10.6489054925,6.0,,0.01001001001,0,1.89838984912,-0.0462640548954,5,316.0
948,1,4.28547585587,0.0,5.0,0.011011011011,0,-0.30704333106,0.206605849051,5,392.0
949,1,0.271060427145,0.0,1.0,0.011011011011,1,-1.40633560723,-0.509932751175,5,223.0
950,1,1.49710645024,0.0,2.0,0.01001001001,0,-0.83221819665,-1.00623895981,5,224.0
951,0,3.17789001646,1.0,,0.00900900900901,0,-0.506956766514,-0.301239684,5,49.0
952,0,5.57609694539,5.0,,0.012012012012,0,-0.22936029047,1.2641778168,5,160.0
953,0,7.78015229528,3.0,,0.012012012012,0,1.21673217265,-0.870044222668,5,2.0
954,0,6.48764892758,5.0,,0.014014014014,0,0.522003964349,-0.078362965466,5,114.0
955,0,4.74043143295,2.0,,0.012012012012,0,-0.299450943764,0.638784264242,5,154.0
956,0,2.40524624403,1.0,,0.011011011011,0,-0.848602090213,-0.0489474853319,5,274.0
957,0,8.79504699587,0.0,,0.012012012012,0,0.744323899158,1.5620752984,5,241.0
958,0,5.51680001645,0.0,,0.012012012012,0,0.323549002651,-0.453846991506,5,14.0
959,0,4.32448506787,1.0,,0.012012012012,0,-0.480367244418,0.765586801125,5,264.0
960,0,0.651701424904,0.0,,0.012012012012,0,-1.50818046146,0.176242809284,5,213.0
961,0,4.76622408498,0.0,,0.011011011011,0,-0.926565247763,2.54591982827,5,193.0
962,0,6.77923206106,0.0,,0.012012012012,0,0.63687412596,-0.131390316817,5,283.0
963,0,7.32210766668,3.0,,0.013013013013,0,0.254592566343,1.55832996765,5,28.0
964,0,4.31808647474,1.0,,0.011011011011,0,-0.446576419391,0.657815732911,5,319.0
965,0,9.52711947569,0.0,,0.013013013013,0,1.53503507359,-0.0779857450629,5,377.0
966,0,3.80706472152,0.0,,0.011011011011,0,-0.840793921989,1.32944648748,5,201.0
967,0,5.13478860237,0.0,,0.011011011011,0,-0.27207075764,0.951000875294,5,286.0
968,0,5.56613631067,1.0,,0.014014014014,0,-0.0593549218401,0.744201076188,5,374.0
969,0,2.61773440911,1.0,,0.011011011011,0,-0.696122673506,-0.29389757037,5,291.0
970,0,1.42468270641,1.0,,0.011011011011,0,-1.23656865367,0.134388667428,5,324.0
971,0,3.07766751008,1.0,,0.012012012012,0,-0.451088114351,-0.56906814687,5,327.0
972,0,6.06069474065,2.0,,0.014014014014,0,0.49382103795,-0.420768373202,5,280.0
973,0,4.24076700651,3.0,,0.011011011011,0,0.0208406106927,-0.821754825566,5,
974,0,7.47001775278,4.0,,0.011011011011,0,0.557527577114,0.797435021441,5,372.0
975,0,8.37138022315,5.0,,0.013013013013,0,0.960243489929,0.490649753362,5,55.0
976,0,7.01126569057,6.0,,0.01001001001,0,0.341999728239,0.98526650585,5,
977,1,4.65459421461,3.0,5.0,0.012012012012,0,-0.0216885811255,-0.280340042017,5,153.0
978,1,6.41373327989,4.0,7.0,0.012012012012,0,0.300972515778,0.510815732555,5,251.0
979,1,2.75783925024,1.0,3.0,0.011011011011,0,0.104579502196,-2.55589925634,5,35.0
980,1,-0.407598756939,,0.0,0.013013013013,1,-1.5147033926,-0.863488579148,5,23.0
981,1,-1.52976659586,,0.0,0.013013013013,1,-1.44386522994,-2.19817090604,5,8.0
982,1,5.1322627629,4.0,6.0,0.013013013013,0,-0.296328069917,1.02124697265,5,131.0
983,1,4.16603159016,,8.0,0.011011011011,0,-0.198158538701,-0.239492793738,5,145.0
984,1,1.01368667262,0.0,2.0,0.012012012012,0,-1.16056419487,-0.504620742771,5,25.0
985,0,13.393625618,12.0,,0.012012012012,0,2.73407590764,0.191397895055,5,58.0
986,1,5.72318940539,4.0,8.0,0.012012012012,0,0.280480622351,-0.11825246166,5,139.0
987,1,2.7284241237,,4.0,0.013013013013,0,-0.570057694552,-0.561402792645,5,70.0
988,1,0.450068444656,,4.0,0.013013013013,0,-1.24341440617,-0.819688336842,5,81.0
989,1,0.457351487354,,2.0,0.013013013013,0,-1.66781018498,0.46078204229,5,54.0
990,1,7.49782269906,7.0,8.0,0.012012012012,1,0.928826571342,-0.288657014968,5,218.0
991,1,2.16081802512,0.0,6.0,0.014014014014,0,-1.0369653192,0.271713982713,5,91.0
992,0,12.1097812331,9.0,,0.012012012012,0,2.51010463742,-0.420532679165,5,242.0
993,1,1.49612985429,1.0,2.0,0.013013013013,1,-0.885998909603,-0.8458734169,5,63.0
994,1,-1.3401370699,,0.0,0.012012012012,1,-2.02614454664,-0.261703429991,5,29.0
995,1,1.88198293892,,4.0,0.012012012012,0,-0.704125538157,-1.00564044661,5,122.0
996,0,9.05293951867,7.0,,0.012012012012,0,1.52105797283,-0.510234399829,5,162.0
997,0,8.37559766308,8.0,,0.013013013013,0,0.982288957487,0.428730790621,5,222.0
998,0,6.96235617698,6.0,,0.012012012012,0,-0.030880606897,2.05499799767,5,119.0
999,1,4.76859672962,4.0,6.0,0.011011011011,0,0.122548016176,-0.599047318904,5,354.0
