name,activated,threshold,before_activation_alters,after_activation_alters,degree,observed,var1,epsilon,constant,activation_order
0,1,1.19519554251,1.0,3,0.021021021021,0,-1.10688692543,-0.484143681202,5,215
1,1,1.5832883142,1.0,9,0.022022022022,0,-1.10370331563,-0.105601738922,5,437
2,1,6.25528506476,3.0,14,0.022022022022,0,0.0597525008566,1.0760275622,5,528
3,1,12.9050918815,11.0,20,0.022022022022,0,2.35223246253,0.848394493951,5,747
4,1,3.65606445786,0.0,5,0.019019019019,0,-0.0393144262262,-1.22599226346,5,245
5,1,4.40638399234,4.0,9,0.022022022022,0,-0.296463237644,0.295773705278,5,284
6,1,-1.22969050474,,2,0.02002002002,0,-1.74166834209,-1.00468547848,5,36
7,1,10.1254711044,10.0,17,0.02002002002,0,1.49345203591,0.645114996649,5,679
8,1,1.36511476458,,2,0.02002002002,0,-0.524206860025,-2.06226465534,5,74
9,1,6.04536780028,1.0,18,0.019019019019,0,-0.132697096524,1.44345908986,5,780
10,1,3.90111319909,1.0,4,0.021021021021,0,-0.142656954985,-0.670915935958,5,200
11,1,2.31209186822,,10,0.021021021021,0,-1.04656790974,0.451795597453,5,350
12,1,5.73679663931,,8,0.021021021021,0,-0.0244713169345,0.810210590118,5,261
13,1,11.3273132397,3.0,15,0.023023023023,0,2.24367932574,-0.403724737493,5,515
14,1,3.1654164983,1.0,4,0.019019019019,0,-0.22507355071,-1.15936284957,5,141
15,1,-0.239595571595,,0,0.02002002002,1,-1.74454884955,-0.00594902295681,5,15
16,1,7.92048432305,5.0,10,0.019019019019,0,1.02888962121,-0.16618454059,5,338
17,1,7.07541785704,2.0,18,0.018018018018,0,0.829823816359,-0.414053592034,5,869
18,1,4.88686913222,4.0,6,0.02002002002,0,0.159684783262,-0.592185217565,5,306
19,1,7.75916164568,5.0,15,0.022022022022,0,0.948008390884,-0.0848635269732,5,435
20,1,8.08359053641,7.0,15,0.019019019019,0,0.998540443454,0.0879692060487,5,445
21,1,4.80159340016,2.0,11,0.019019019019,0,0.553326128136,-1.85838498424,5,384
22,1,2.86954597502,,3,0.019019019019,0,-1.10758070438,1.19228808818,5,201
23,1,10.3978923263,5.0,12,0.019019019019,0,1.58214056821,0.651470621682,5,442
24,1,3.86332495587,3.0,17,0.019019019019,0,-0.742456944118,1.09069578823,5,749
25,1,0.613589990261,0.0,1,0.02002002002,1,-1.64462555139,0.547466644433,5,51
26,1,9.52985947824,3.0,10,0.021021021021,0,1.3079424191,0.606032220937,5,343
27,1,5.58772439986,2.0,8,0.02002002002,0,-0.0760279596095,0.815808278687,5,316
28,1,4.29308931233,4.0,8,0.02002002002,0,0.238009127331,-1.42093806967,5,356
29,1,8.04170187887,1.0,18,0.02002002002,0,0.996272880691,0.052883236792,5,841
30,1,2.29268040472,2.0,5,0.02002002002,0,-1.2928732876,1.17130026752,5,250
31,1,7.81263249145,7.0,15,0.02002002002,0,0.639339527635,0.894613908541,5,708
32,1,2.41025512599,1.0,3,0.021021021021,0,-0.868701456036,0.0163594940981,5,216
33,1,-0.735899125616,,1,0.018018018018,0,-1.66514640424,-0.740459912885,5,166
34,1,2.86881168265,1.0,5,0.02002002002,0,-0.892852411562,0.547368917336,5,313
35,1,2.05338403366,1.0,3,0.021021021021,0,-0.989478775844,0.0218203611883,5,240
36,1,2.67642311886,2.0,10,0.023023023023,0,-0.419195220139,-1.06599122073,5,420
37,1,3.36273225307,,7,0.02002002002,0,-0.121506195235,-1.27274916122,5,376
38,1,7.24796679531,5.0,19,0.019019019019,0,0.984557232552,-0.705704902345,5,937
39,1,7.26692282318,4.0,18,0.02002002002,0,0.880744698119,-0.375311271181,5,847
40,1,6.90636779028,3.0,9,0.018018018018,0,0.568977866154,0.199434191821,5,647
41,1,5.84894640432,2.0,11,0.021021021021,0,0.168089412792,0.344678165949,5,700
42,1,1.51162489761,1.0,17,0.019019019019,0,-0.85122372375,-0.934703931139,5,820
43,1,5.06147868206,4.0,6,0.021021021021,0,0.119612881063,-0.297359961128,5,514
44,1,7.05411871538,1.0,8,0.022022022022,0,0.550668339545,0.402113696745,5,566
45,1,11.390092194,1.0,13,0.02002002002,0,1.5854302858,1.63380133657,5,737
46,1,3.21055363577,3.0,15,0.02002002002,0,-0.081205249684,-1.54583061518,5,798
47,1,7.6593523101,3.0,14,0.021021021021,0,0.70201386637,0.553310710994,5,734
48,1,9.06183591398,1.0,11,0.019019019019,0,0.969849826488,1.15228643452,5,683
49,1,4.6915024547,2.0,14,0.019019019019,0,-0.332858642551,0.690078382353,5,743
50,1,3.4516075376,1.0,4,0.02002002002,0,-0.066964701884,-1.34749835675,5,558
51,1,11.5533660997,10.0,20,0.021021021021,0,1.64915268004,1.6059080596,5,948
52,1,-3.52146125593,,0,0.02002002002,1,-2.7234501781,-0.351110721628,5,3
53,1,3.38114509239,1.0,10,0.019019019019,0,-0.917809744938,1.1345743272,5,589
54,1,6.84012947371,3.0,8,0.02002002002,0,0.0269687190155,1.75922331667,5,562
55,1,2.19869301909,1.0,5,0.02002002002,0,-1.20312410112,0.808065322455,5,518
56,1,8.91003055964,4.0,11,0.021021021021,0,1.17056956874,0.398321853411,5,624
57,1,1.92214747663,1.0,3,0.018018018018,0,-0.455247406903,-1.71211030266,5,377
58,1,6.73960261723,1.0,11,0.018018018018,0,0.728997080014,-0.447388622812,5,687
59,1,7.61543783834,2.0,13,0.019019019019,0,0.783701650998,0.264332885347,5,831
60,1,7.54983334418,2.0,16,0.02002002002,0,0.94351620442,-0.280715269081,5,862
61,1,3.94846590206,0.0,6,0.018018018018,0,-0.872043135049,1.56459530721,5,537
62,1,3.34291897859,2.0,4,0.021021021021,0,-0.442280324433,-0.330240048113,5,490
63,1,5.11302583648,1.0,6,0.018018018018,0,0.132021065223,-0.283037359191,5,511
64,1,9.88026221156,7.0,17,0.02002002002,0,1.92017765488,-0.880270753083,5,897
65,1,3.46049650526,2.0,4,0.022022022022,0,-0.598563372838,0.256186623774,5,386
66,1,5.64091262806,1.0,14,0.021021021021,0,-0.0722889691826,0.857779535612,5,760
67,1,5.38936101482,5.0,6,0.02002002002,1,0.33877287343,-0.626957605473,5,498
68,1,5.93249642502,4.0,18,0.018018018018,0,0.51088453583,-0.60015718247,5,984
69,1,8.18215964568,2.0,19,0.019019019019,0,0.962438165267,0.294845149877,5,987
70,1,2.29955428987,2.0,18,0.019019019019,0,-0.893021305593,-0.0213817933506,5,931
71,1,9.52445738184,6.0,12,0.022022022022,0,1.65551321807,-0.442082272362,5,556
72,1,6.9658235398,3.0,16,0.02002002002,0,0.929851226789,-0.823730140564,5,809
73,1,4.81455182227,4.0,5,0.02002002002,1,-0.0444876575811,-0.0519852049875,5,325
74,1,-2.65830766715,,0,0.019019019019,1,-2.40657066144,-0.438595682826,5,13
75,1,1.99812080965,,12,0.02002002002,0,-0.899030531164,-0.304787596853,5,634
76,1,8.9165877518,3.0,14,0.021021021021,0,1.55309495753,-0.742697120781,5,640
77,1,2.0002559328,1.0,3,0.021021021021,0,-1.0175861497,0.0530143819028,5,193
78,1,4.9328208438,3.0,11,0.021021021021,0,0.119560842866,-0.425861684801,5,517
79,1,7.00189900616,3.0,10,0.019019019019,0,0.70135529741,-0.102166886072,5,525
80,1,4.40896245709,2.0,5,0.019019019019,0,-0.177918063877,-0.0572833512763,5,257
81,1,10.2194720644,8.0,20,0.021021021021,0,1.51275398396,0.681210112512,5,669
82,1,4.55372630223,1.0,13,0.021021021021,0,-0.181698578837,0.0988220387432,5,512
83,1,1.94649246962,1.0,2,0.02002002002,1,-0.730425115311,-0.86223218445,5,180
84,1,2.4177340483,,7,0.02002002002,0,-0.791412447002,-0.208028610691,5,335
85,1,7.57716613499,4.0,16,0.021021021021,0,0.737175563661,0.365639444011,5,581
86,1,5.9425110373,3.0,9,0.021021021021,0,-0.0120112657487,0.978544834544,5,367
87,1,0.93641143798,0.0,1,0.021021021021,1,-0.711555620647,-1.92892170008,5,159
88,1,3.40249265091,2.0,6,0.02002002002,0,-0.356056724618,-0.52933717523,5,357
89,1,5.44435374653,4.0,8,0.018018018018,0,-0.346327284092,1.48333559881,5,411
90,1,8.58609877179,0.0,10,0.02002002002,0,0.865765019793,0.988803712415,5,375
91,1,1.63853796723,0.0,2,0.021021021021,0,-1.1362029087,0.0471466933333,5,260
92,1,0.673590436333,0.0,3,0.02002002002,0,-1.35486132553,-0.261825587082,5,263
93,1,1.20847170393,0.0,18,0.021021021021,0,-0.91745984469,-1.039148762,5,682
94,1,7.07656857197,1.0,10,0.019019019019,0,0.714687172475,-0.0674929454579,5,495
95,1,7.6628424461,0.0,15,0.022022022022,0,0.907010121816,-0.0581879193515,5,632
96,1,5.13631591121,5.0,8,0.022022022022,0,0.417784238784,-1.11703680514,5,383
97,1,9.33552347911,3.0,13,0.02002002002,0,2.2267993042,-2.34487443348,5,680
98,1,8.33567090583,0.0,14,0.019019019019,0,0.467393393405,1.93349072561,5,686
99,1,6.28689020629,4.0,9,0.02002002002,0,0.336852998687,0.276331210228,5,590
100,1,6.66753737799,2.0,18,0.02002002002,0,0.57946562693,-0.0708595027985,5,745
101,1,1.30089523186,,2,0.022022022022,0,-0.87079416266,-1.08672228016,5,294
102,1,6.54160665857,5.0,17,0.021021021021,0,1.24689122513,-2.19906701681,5,744
103,1,1.01490235401,,2,0.02002002002,0,-1.1753193796,-0.459139507206,5,298
104,1,3.34029301238,2.0,20,0.021021021021,0,-0.130692711302,-1.26762885371,5,840
105,1,8.78309753189,4.0,18,0.021021021021,0,1.41876132046,-0.473186429495,5,776
106,1,8.85238287526,3.0,9,0.022022022022,0,1.52782748374,-0.731099575959,5,673
107,1,8.75586309171,2.0,10,0.021021021021,0,0.858865378854,1.17926695515,5,692
108,1,2.67042260799,2.0,6,0.021021021021,0,-0.919943946166,0.430254446484,5,625
109,1,9.03896439953,3.0,12,0.02002002002,0,1.3707339756,-0.0732375272836,5,718
110,1,5.76869098322,4.0,7,0.023023023023,0,0.43679388258,-0.541690664525,5,630
111,1,1.45629606101,1.0,2,0.019019019019,1,-1.28538640036,0.312455262108,5,594
112,1,6.9691829621,1.0,11,0.019019019019,0,0.508432244982,0.443886227155,5,731
113,1,4.99877905223,1.0,17,0.02002002002,0,-0.372763953674,1.11707091325,5,804
114,1,2.63846656495,1.0,12,0.02002002002,0,-0.993544899446,0.619101263284,5,730
115,1,6.24993715944,6.0,19,0.019019019019,0,0.611647706272,-0.585005959379,5,978
116,1,7.62678683946,3.0,9,0.021021021021,0,0.806210179104,0.208156302154,5,663
117,1,9.13052262839,2.0,16,0.02002002002,0,1.00063875161,1.12860637357,5,790
118,1,3.34002020187,3.0,11,0.02002002002,0,-1.04388434536,1.47167323794,5,715
119,1,3.46039925862,1.0,4,0.019019019019,0,-0.197482043075,-0.947154612152,5,452
120,1,5.3262509841,0.0,16,0.019019019019,0,-0.136342498009,0.735278478131,5,829
121,1,6.92255507102,2.0,18,0.019019019019,0,0.6538357806,-0.038952270778,5,876
122,1,6.96803621672,0.0,8,0.019019019019,0,0.314111851349,1.02570066267,5,658
123,1,0.0636546146549,0.0,9,0.02002002002,0,-1.3370713128,-0.925131446953,5,631
124,1,0.836305159003,0.0,2,0.018018018018,0,-1.11554518591,-0.817059283276,5,393
125,1,7.43497463834,4.0,18,0.02002002002,0,0.989409491685,-0.533253836719,5,945
126,1,8.90755547455,3.0,10,0.021021021021,0,1.66035162033,-1.07349938642,5,627
127,1,7.78665652597,3.0,10,0.021021021021,0,0.444528883875,1.45306987434,5,491
128,1,12.4167813681,10.0,13,0.02002002002,0,2.30568196068,0.499735486034,5,710
129,1,1.0413962478,0.0,2,0.02002002002,0,-1.33014982854,0.0318457334247,5,368
130,1,3.25869518284,1.0,6,0.019019019019,0,-0.406114835963,-0.522960309275,5,405
131,1,7.08540066267,3.0,18,0.022022022022,0,0.744596162964,-0.148387826225,5,751
132,1,4.44934134965,1.0,6,0.021021021021,0,-0.506892583016,0.970019098702,5,387
133,1,3.5760633029,1.0,10,0.021021021021,0,-0.258212203651,-0.649300086148,5,430
134,1,8.90948220724,2.0,17,0.021021021021,0,1.03646863591,0.800076299519,5,739
135,1,-0.416361947254,,0,0.018018018018,1,-1.56682227623,-0.71589511855,5,89
136,1,0.453748575966,0.0,11,0.022022022022,0,-1.67589201226,0.481424612733,5,449
137,1,0.588540660963,0.0,2,0.02002002002,0,-2.07875754201,1.82481328699,5,253
138,1,2.08631301274,1.0,4,0.02002002002,0,-1.00033693743,0.0873238250309,5,291
139,1,6.17405114449,,7,0.02002002002,0,0.365615735701,0.0772039373929,5,413
140,1,8.14086285285,0.0,20,0.02002002002,0,0.766714399917,0.840719653094,5,827
141,1,5.5826752137,5.0,11,0.02002002002,0,0.405386593072,-0.633484565514,5,476
142,1,0.734973288625,0.0,3,0.022022022022,0,-1.18232829025,-0.718041840619,5,283
143,1,1.92733358106,0.0,4,0.023023023023,0,-0.452093128259,-1.71638703417,5,288
144,1,6.4461366746,5.0,17,0.019019019019,0,0.692556912907,-0.631534064123,5,807
145,1,2.66159634685,2.0,13,0.022022022022,0,-1.23878473651,1.37795055638,5,618
146,1,10.868203181,5.0,19,0.019019019019,0,1.45079227379,1.51582635957,5,830
147,1,6.22242809294,6.0,7,0.021021021021,1,0.390534407527,0.0508248703567,5,454
148,1,0.127500674149,,6,0.021021021021,0,-2.23641378476,1.83674202841,5,461
149,1,6.78621378162,6.0,7,0.017017017017,1,-0.280713543617,2.62835441247,5,609
150,1,10.5300619294,0.0,13,0.022022022022,0,1.73764026095,0.317141146569,5,750
151,1,1.77496754541,,7,0.018018018018,0,-1.08761816338,0.037822035542,5,600
152,1,9.6099387848,4.0,13,0.021021021021,0,0.935714198872,1.80279618818,5,741
153,1,2.16062445871,0.0,4,0.019019019019,0,-0.757876760189,-0.565745260722,5,521
154,1,3.16054683685,2.0,11,0.02002002002,0,-0.109945666577,-1.50961616342,5,771
155,1,4.95260762459,3.0,8,0.019019019019,0,-0.071458866723,0.166984224755,5,654
156,1,6.2237494644,5.0,11,0.019019019019,0,0.504441920264,-0.289576296395,5,779
157,1,3.74770663797,0.0,18,0.02002002002,0,0.0308415079072,-1.34481788575,5,838
158,1,4.22952963977,0.0,20,0.02002002002,0,-0.208119199219,-0.146112762575,5,995
159,1,4.11985985528,4.0,19,0.02002002002,0,-0.35110823935,0.173184573327,5,921
160,1,4.12998637493,2.0,12,0.019019019019,0,-0.332061952725,0.126172233104,5,803
161,1,5.07884401577,3.0,7,0.022022022022,0,0.375445396605,-1.04749217405,5,574
162,1,5.48616076036,1.0,8,0.02002002002,0,-0.695362630221,2.57224865102,5,685
163,1,4.51571635172,1.0,10,0.018018018018,0,0.46758817794,-1.8870481821,5,806
164,1,3.99007261619,3.0,4,0.019019019019,1,-0.396296824566,0.178963089885,5,770
165,1,6.58536657048,5.0,13,0.02002002002,0,0.416385273197,0.336210750892,5,824
166,1,3.58074812383,1.0,4,0.022022022022,0,-0.803195099962,0.990333423719,5,404
167,1,7.05231114229,3.0,8,0.019019019019,0,0.40249286457,0.844832548581,5,817
168,1,3.4019861075,2.0,5,0.02002002002,0,-0.559203467832,0.079596510995,5,775
169,1,-0.0472881776794,,0,0.022022022022,1,-0.866820236059,-2.4468274695,5,112
170,1,10.157691761,6.0,20,0.021021021021,0,1.99180556511,-0.817724934375,5,971
171,1,4.04252790378,4.0,12,0.019019019019,0,-0.435642059518,0.349454082336,5,922
172,1,3.6077662504,3.0,8,0.02002002002,0,-0.262455064154,-0.604868557138,5,815
173,1,8.38362153008,8.0,9,0.02002002002,1,1.38626320965,-0.775168098867,5,837
174,1,6.53181113928,2.0,11,0.019019019019,0,0.873270685028,-1.0880009158,5,949
175,1,12.2744523409,12.0,14,0.021021021021,0,1.88248267462,1.62700431705,5,969
176,1,11.3741653662,10.0,16,0.018018018018,0,1.83720114034,0.862561945162,5,989
177,1,8.50736386504,4.0,13,0.021021021021,0,1.60406728511,-1.30483799028,5,961
178,1,4.73131311587,4.0,5,0.021021021021,1,-0.235593346703,0.43809315598,5,813
179,1,5.63201589935,5.0,6,0.021021021021,1,-0.058979900118,0.808955599709,5,929
180,1,5.67910108368,1.0,21,0.023023023023,0,-0.531484579292,2.27355482155,5,990
181,1,4.44870047332,3.0,22,0.022022022022,0,0.0378610002962,-0.664882527567,5,999
182,1,9.8999473189,9.0,16,0.021021021021,0,1.79504662636,-0.485192560192,5,981
183,1,6.4021132933,1.0,16,0.019019019019,0,-0.0330638253587,1.50130476937,5,982
184,1,11.8718170741,9.0,12,0.017017017017,0,2.0917352135,0.596611433591,5,973
185,1,5.70478766386,2.0,10,0.021021021021,0,-0.0832111918658,0.95442123946,5,941
186,1,4.53495136412,4.0,6,0.018018018018,0,-0.200165022506,0.135446431636,5,909
187,1,7.41542058365,2.0,13,0.019019019019,0,0.49076913866,0.943113167666,5,954
188,1,9.51313395792,7.0,17,0.019019019019,0,0.858454989278,1.93776899009,5,983
189,1,5.01936465022,5.0,13,0.018018018018,0,-0.00867166774206,0.04537965345,5,964
190,1,6.55376580381,4.0,8,0.022022022022,0,0.254044442687,0.791632475745,5,875
191,1,5.6906298172,5.0,8,0.021021021021,0,0.232813851686,-0.0078117378601,5,843
192,1,10.6663455235,10.0,15,0.021021021021,0,1.11125751668,2.33257297341,5,946
193,1,10.0005841077,9.0,17,0.021021021021,0,1.69962245788,-0.0982832659599,5,958
194,1,6.32385443604,0.0,7,0.021021021021,0,0.350273831105,0.273032942727,5,666
195,1,7.05869843286,4.0,12,0.016016016016,0,0.782456086344,-0.288669826173,5,896
196,1,2.90224741561,2.0,5,0.021021021021,0,-0.202909276222,-1.48902475572,5,455
197,1,4.9123810077,1.0,8,0.02002002002,0,0.69846436302,-2.18301208136,5,532
198,1,6.04161780173,4.0,13,0.02002002002,0,-0.0998645552532,1.34121146749,5,859
199,1,8.87565275325,3.0,16,0.019019019019,0,0.77233948944,1.55863428493,5,940
200,1,4.69686645904,3.0,5,0.022022022022,0,0.331427144003,-1.29741497297,5,394
201,1,5.60618355734,4.0,11,0.021021021021,0,0.257369218,-0.165924096659,5,522
202,1,9.48053740458,4.0,13,0.02002002002,0,1.65175792663,-0.47473637532,5,659
203,1,7.1113261377,2.0,10,0.021021021021,0,0.303833367502,1.1998260352,5,446
204,1,6.5764791393,,8,0.02002002002,0,0.367393265095,0.474299344015,5,370
205,1,4.10992830465,1.0,6,0.019019019019,0,-0.313198439447,0.0495236229907,5,195
206,1,3.7901246437,0.0,6,0.019019019019,0,-0.698696663614,0.886214634543,5,134
207,1,2.34337451382,0.0,9,0.019019019019,0,-1.08539663423,0.5995644165,5,280
208,1,3.74222947746,1.0,14,0.021021021021,0,-0.276874783757,-0.427146171267,5,422
209,1,5.08758322939,2.0,17,0.022022022022,0,0.184932349874,-0.467213820229,5,519
210,1,2.2930616963,0.0,3,0.018018018018,0,-0.609998130304,-0.876943912788,5,66
211,1,5.15959734305,,6,0.019019019019,0,0.234496107772,-0.543890980269,5,79
212,1,6.71312662659,,14,0.025025025025,0,0.696964541473,-0.377766997827,5,228
213,1,2.40516998934,,4,0.02002002002,0,-0.952524342499,0.262743016837,5,62
214,1,-0.36820138432,,0,0.02002002002,1,-1.5959790712,-0.580264170722,5,34
215,1,7.9253019818,0.0,9,0.021021021021,0,0.795312690461,0.539363910416,5,82
216,1,0.767719468858,0.0,2,0.021021021021,0,-0.844319087013,-1.6993232701,5,57
217,1,7.22988014305,7.0,13,0.02002002002,0,0.814471795377,-0.213535243078,5,151
218,1,1.03342835846,0.0,4,0.021021021021,0,-1.51848229746,0.588875250843,5,63
219,1,6.33354860831,6.0,19,0.02002002002,0,1.10490720663,-1.98117301157,5,503
220,1,4.18583658185,,7,0.022022022022,0,-0.0319435898703,-0.718332648541,5,67
221,1,2.29015585349,0.0,18,0.019019019019,0,-0.702507010469,-0.602323115099,5,402
222,1,4.24109078544,0.0,6,0.021021021021,0,-0.887672176817,1.90410731589,5,77
223,1,0.48320833603,0.0,1,0.019019019019,1,-1.99256749274,1.46091081424,5,52
224,1,8.02501787195,,10,0.021021021021,0,0.75136182987,0.770932382338,5,116
225,1,5.95040463535,0.0,15,0.021021021021,0,0.624889429139,-0.924263652072,5,168
226,1,7.45243813374,7.0,9,0.021021021021,0,0.574603547695,0.728627490656,5,135
227,1,2.59647410409,0.0,4,0.022022022022,0,-0.188084514853,-1.83927235136,5,80
228,1,6.33872222789,1.0,7,0.021021021021,0,-0.0352109639926,1.44435511987,5,117
229,1,2.41181332498,0.0,16,0.021021021021,0,-0.943521033438,0.24237642529,5,239
230,1,1.4751590773,0.0,3,0.018018018018,0,-0.804900290646,-1.11014005076,5,98
231,1,4.67802611928,0.0,11,0.021021021021,0,-0.5934352895,1.45833198778,5,154
232,1,2.97234009205,1.0,4,0.02002002002,0,-1.18006703171,1.51254118718,5,92
233,1,4.04061818261,1.0,18,0.019019019019,0,-0.293561701783,-0.0786967120366,5,366
234,1,7.4708543824,1.0,13,0.02002002002,0,0.963188573416,-0.418711337842,5,173
235,1,2.89355089438,1.0,7,0.019019019019,0,-0.450372233511,-0.755332405092,5,122
236,1,5.87139416987,4.0,9,0.02002002002,0,0.603424963168,-0.938880719635,5,129
237,1,9.92242936164,1.0,13,0.02002002002,0,1.79463234354,-0.461467668988,5,174
238,1,3.51168087117,1.0,13,0.019019019019,0,-0.652589051989,0.46944802714,5,332
239,1,2.46580362429,2.0,4,0.022022022022,0,-0.663186552548,-0.544636718063,5,111
240,1,3.14717032628,1.0,5,0.02002002002,0,-1.26936989242,1.95528000352,5,128
241,1,2.53715677223,1.0,5,0.019019019019,0,-1.15268673933,0.995216990231,5,169
242,1,2.18288987258,,8,0.019019019019,0,-0.798355956721,-0.422042257256,5,244
243,1,4.49526592164,4.0,8,0.02002002002,0,-0.0494931049396,-0.356254763544,5,236
244,1,-0.185752651424,,0,0.019019019019,1,-1.26108578253,-1.40249530383,5,20
245,1,4.44721864547,,6,0.021021021021,0,-0.442750151542,0.775469100097,5,189
246,1,1.3975706776,0.0,17,0.018018018018,0,-0.923623479535,-0.831558883791,5,768
247,1,7.42880438803,0.0,14,0.018018018018,0,0.753632026207,0.167908309412,5,535
248,1,3.29436642583,,17,0.02002002002,0,-0.153378106503,-1.24549925466,5,548
249,1,5.70077991231,1.0,20,0.021021021021,0,-0.025842244368,0.778306645417,5,823
250,1,2.54601367589,,14,0.022022022022,0,-0.886899399312,0.206711873823,5,447
251,1,7.68640018167,6.0,10,0.019019019019,0,0.959824241723,-0.193072543495,5,354
252,1,4.84785680266,1.0,5,0.02002002002,0,-0.0131477054191,-0.112700081084,5,289
253,1,1.35385679724,1.0,8,0.019019019019,0,-0.690565973211,-1.57444528313,5,349
254,1,5.66300819213,1.0,10,0.019019019019,0,0.210493565976,0.0315274942013,5,493
255,1,2.03465862652,1.0,4,0.022022022022,0,-0.572160054721,-1.24886120932,5,330
256,1,4.11373547485,4.0,6,0.019019019019,0,-0.296569454583,0.00344383859927,5,336
257,1,7.79779894253,3.0,20,0.021021021021,0,1.14358357622,-0.632951786127,5,732
258,1,0.95628051284,0.0,1,0.02002002002,1,-1.32987626966,-0.0540906781891,5,241
259,1,3.1553466246,3.0,5,0.021021021021,0,-0.28520102582,-0.989050297937,5,319
260,1,0.171254592771,0.0,12,0.02002002002,0,-0.884353243703,-2.17568567612,5,555
261,1,8.35808135329,3.0,12,0.022022022022,0,0.642890328941,1.42941036647,5,424
262,1,8.4972593272,2.0,14,0.019019019019,0,0.701336006177,1.39325130867,5,713
263,1,11.7863466052,10.0,15,0.019019019019,0,2.70511694213,-1.32900422118,5,793
264,1,4.95635893908,1.0,6,0.02002002002,0,-0.0496368244432,0.105269412412,5,341
265,1,-0.216082723656,,0,0.019019019019,1,-1.84095416682,0.306779776807,5,39
266,1,3.42656024625,3.0,7,0.021021021021,0,-0.446970715263,-0.232527607962,5,344
267,1,5.18346761683,4.0,12,0.021021021021,0,-0.0431568001566,0.312938017303,5,513
268,1,6.4887709096,3.0,14,0.019019019019,0,0.0373477214424,1.37672774527,5,668
269,1,6.2082680362,3.0,18,0.02002002002,0,0.40226071816,0.0014858817234,5,834
270,1,8.59213457339,7.0,15,0.019019019019,0,1.14733713652,0.150123163824,5,794
271,1,5.8940605954,4.0,21,0.021021021021,0,-0.195221728388,1.47972578056,5,871
272,1,3.728709757,2.0,5,0.02002002002,0,-0.72008668283,0.888969805491,5,292
273,1,6.63385890001,3.0,18,0.019019019019,0,0.0762227241707,1.4051907275,5,835
274,1,3.25833813201,2.0,12,0.02002002002,0,-0.840792379456,0.780715270382,5,415
275,1,4.52793361736,3.0,6,0.021021021021,0,0.182872909668,-1.02068511165,5,327
276,1,9.75258371206,2.0,11,0.017017017017,0,1.86942680864,-0.855696713863,5,419
277,1,-0.0951084785888,,1,0.022022022022,0,-1.76140049828,0.189093016242,5,86
278,1,1.77350534568,1.0,4,0.019019019019,0,-0.943627757619,-0.395611381458,5,203
279,1,3.99984199052,3.0,9,0.021021021021,0,-0.465202247074,0.39544873174,5,339
280,1,4.69658076005,,7,0.019019019019,0,-0.159014033051,0.173622859207,5,231
281,1,6.67113323979,4.0,16,0.02002002002,0,0.235751448704,0.963878893682,5,471
282,1,1.68687496353,,4,0.019019019019,0,-0.745801834737,-1.07571953226,5,126
283,1,4.38690486093,1.0,16,0.02002002002,0,-0.0433871901686,-0.482933568561,5,469
284,1,1.75148375414,,2,0.02002002002,0,-1.06861346586,-0.0426758482775,5,103
285,1,6.35700191723,1.0,13,0.022022022022,0,0.652492214889,-0.600474727439,5,382
286,1,-2.33235372419,,0,0.021021021021,1,-2.50277583706,0.175973786987,5,19
287,1,6.07426805586,5.0,10,0.024024024024,0,0.351077616758,0.0210352055875,5,237
288,1,6.34972677924,5.0,11,0.02002002002,0,0.238716360516,0.633577697689,5,246
289,1,4.40670480401,1.0,6,0.021021021021,0,-0.052394179952,-0.436112656136,5,208
290,1,2.25818015454,,6,0.02002002002,0,-0.690279302651,-0.670981937506,5,162
291,1,1.50172690801,1.0,2,0.02002002002,1,-1.8831152438,2.1510726394,5,105
292,1,2.22926891417,1.0,17,0.019019019019,0,-1.47143176983,1.64356422365,5,508
293,1,5.53991078835,0.0,17,0.02002002002,0,0.291344074031,-0.334121433743,5,614
294,1,8.47988146624,1.0,12,0.02002002002,0,0.842386635127,0.952721560861,5,264
295,1,7.2018184792,,16,0.02002002002,0,0.832834128153,-0.29668390526,5,423
296,1,5.73903278793,1.0,18,0.019019019019,0,0.362344675804,-0.348001239477,5,641
297,1,2.83295574937,2.0,8,0.02002002002,0,-0.924881443976,0.607600081295,5,213
298,1,6.81933792525,1.0,21,0.021021021021,0,-0.13413273955,2.2217361439,5,667
299,1,4.07092988069,2.0,6,0.021021021021,0,-0.24060379612,-0.207258730948,5,156
300,1,2.54698521858,2.0,5,0.02002002002,0,-0.340677974813,-1.43098085698,5,143
301,1,4.22321819809,3.0,5,0.02002002002,0,0.343015785873,-1.80582915953,5,148
302,1,7.43373218915,4.0,12,0.019019019019,0,0.561848721247,0.748186025406,5,300
303,1,3.19631502716,,13,0.021021021021,0,-0.162556537683,-1.31601535979,5,268
304,1,7.58955636213,6.0,10,0.023023023023,0,1.04873625623,-0.556652406548,5,232
305,1,1.47523538702,0.0,3,0.02002002002,0,-1.03279945873,-0.426366236802,5,107
306,1,7.53194840866,4.0,14,0.022022022022,0,0.766387618223,0.23278555399,5,395
307,1,6.2704933176,5.0,8,0.019019019019,0,0.626354914657,-0.608571426367,5,160
308,1,1.54444894601,,2,0.02002002002,0,-1.04573807764,-0.318336821063,5,12
309,1,-2.86815637508,,4,0.02002002002,0,-2.61163247472,-0.0332589509147,5,40
310,1,7.19646906297,6.0,10,0.019019019019,0,0.510614979378,0.664624124838,5,243
311,1,2.63096350473,,3,0.019019019019,0,-0.93552617705,0.437542035878,5,35
312,1,11.7175101947,10.0,13,0.02002002002,0,2.09776505127,0.424215040879,5,273
313,1,1.57074862477,,14,0.021021021021,0,-0.645335379262,-1.49324523745,5,328
314,1,-1.03331852655,,1,0.021021021021,0,-2.09547912537,0.25311884955,5,10
315,1,3.42387093574,,15,0.021021021021,0,-0.437378538745,-0.263993448024,5,397
316,1,9.90407605395,7.0,20,0.02002002002,0,1.96330598705,-0.985841907196,5,866
317,1,2.96575949386,,4,0.022022022022,0,-0.471879151589,-0.61860305137,5,42
318,1,-0.0447608864521,,0,0.019019019019,1,-1.33649122164,-1.03528722152,5,9
319,1,2.31459257948,,5,0.02002002002,0,-0.844124827711,-0.153032937391,5,70
320,1,11.6834061405,11.0,12,0.019019019019,1,1.45200235469,2.32739907639,5,642
321,1,2.87774641993,2.0,5,0.019019019019,0,-0.745205083506,0.113361670448,5,149
322,1,6.80706166579,,13,0.02002002002,0,0.409771802229,0.577746259108,5,696
323,1,3.8853297292,3.0,6,0.02002002002,0,-0.58740824938,0.647554477338,5,211
324,1,3.47691616444,1.0,4,0.019019019019,0,-0.418721156761,-0.266920365278,5,172
325,1,8.27235217258,5.0,11,0.02002002002,0,1.07972973282,0.0331629741276,5,510
326,1,4.61417310022,3.0,15,0.02002002002,0,0.155381143151,-0.851970329236,5,723
327,1,8.6011627632,8.0,17,0.019019019019,0,0.530093248484,2.01088301774,5,842
328,1,10.1851492405,2.0,21,0.022022022022,0,1.47475066278,0.760897252156,5,880
329,1,4.88463473925,4.0,21,0.023023023023,0,-0.307523388834,0.80720490575,5,828
330,1,7.17853652139,5.0,21,0.021021021021,0,0.75545257462,-0.0878212024697,5,959
331,1,4.23624711577,0.0,7,0.02002002002,0,-0.36695263099,0.337105008737,5,361
332,1,3.60188578323,0.0,6,0.018018018018,0,-0.568178780754,0.306422125494,5,286
333,1,5.35796226382,0.0,9,0.018018018018,0,0.434915677034,-0.946784767278,5,434
334,1,0.871709731155,0.0,10,0.022022022022,0,-1.27849150699,-0.292815747867,5,418
335,1,2.56867146476,0.0,9,0.019019019019,0,-0.589628477471,-0.662443102827,5,385
336,1,2.00918210267,0.0,4,0.02002002002,0,-0.832902636161,-0.492109988844,5,282
337,1,6.68679937609,2.0,11,0.02002002002,0,0.676402280028,-0.342407463991,5,473
338,1,5.23383355048,2.0,9,0.022022022022,0,0.553427282997,-1.42644829851,5,371
339,1,12.346058515,12.0,15,0.019019019019,0,2.59319789746,-0.433535177371,5,690
340,1,3.92091009263,3.0,4,0.021021021021,1,-0.279305794196,-0.241172524778,5,219
341,1,5.82317224847,1.0,7,0.021021021021,0,0.00987745202791,0.793539892387,5,226
342,1,6.6811721625,3.0,7,0.019019019019,0,0.359982286967,0.6012253016,5,254
343,1,3.49545422592,3.0,18,0.018018018018,0,0.0227709430185,-1.57285860313,5,914
344,1,10.6287960944,6.0,18,0.019019019019,0,1.39548722925,1.44233440667,5,784
345,1,6.7095812999,5.0,7,0.018018018018,0,0.282180938136,0.863038485492,5,176
346,1,6.26213710934,2.0,16,0.02002002002,0,0.888178812311,-1.4023993276,5,540
347,1,-1.20829052384,,5,0.025025025025,0,-1.618060152,-1.35411006785,5,71
348,1,0.226712062502,,3,0.02002002002,0,-1.16052839045,-1.29170276615,5,29
349,1,3.39379979575,,6,0.021021021021,0,-0.0280547949394,-1.52203581943,5,94
350,1,-0.652456524812,,8,0.02002002002,0,-1.83519117654,-0.146882995188,5,182
351,1,7.8591367927,7.0,9,0.02002002002,0,0.506627589336,1.33925402469,5,187
352,1,0.113249838982,,4,0.021021021021,0,-1.42678159929,-0.606405363141,5,32
353,1,1.55411714183,,2,0.019019019019,0,-0.901681115888,-0.740839510508,5,25
354,1,2.95621397205,,5,0.02002002002,0,-1.39860298203,2.15202291814,5,61
355,1,-1.6967379297,,0,0.019019019019,1,-1.92189662554,-0.931048053091,5,2
356,1,-0.507893628553,,1,0.02002002002,0,-1.39463309815,-1.32399433409,5,16
357,1,11.663180087,5.0,15,0.02002002002,0,1.97843761681,0.727867236551,5,249
358,1,6.60550268509,5.0,16,0.019019019019,0,0.55353840856,-0.0551125405932,5,492
359,1,4.59924610177,,10,0.018018018018,0,-0.507476396253,1.12167529052,5,155
360,1,7.22447122732,3.0,9,0.021021021021,0,0.802166976035,-0.182029700788,5,131
361,1,4.10453713257,,18,0.02002002002,0,-0.452436775506,0.46184745909,5,549
362,1,2.81763218168,1.0,12,0.02002002002,0,-0.880529641025,0.459221104759,5,132
363,1,2.68160199647,2.0,4,0.02002002002,0,-1.10225746939,0.988374404637,5,88
364,1,3.7374028765,1.0,14,0.021021021021,0,-0.88170360166,1.38251368148,5,190
365,1,3.90379672733,2.0,5,0.022022022022,0,-0.38960048754,0.072598189953,5,91
366,1,2.50323995665,,6,0.021021021021,0,-0.535637780611,-0.88984670152,5,125
367,1,7.75915248757,3.0,21,0.021021021021,0,0.425305985081,1.48323453233,5,920
368,1,3.31103584252,3.0,5,0.018018018018,0,-0.428031873957,-0.404868535614,5,113
369,1,1.61786115897,0.0,5,0.02002002002,0,-0.716958330029,-1.23126385094,5,115
370,1,5.70812631236,2.0,9,0.021021021021,0,-0.113098094424,1.04742059563,5,145
371,1,2.68698496088,1.0,14,0.018018018018,0,-0.910576854796,0.418715525269,5,496
372,1,6.60639060975,2.0,14,0.02002002002,0,0.548980293741,-0.040550271472,5,196
373,1,7.69894387161,5.0,9,0.019019019019,0,0.830787921906,0.20658010589,5,163
374,1,-1.41451881257,,0,0.019019019019,1,-1.33726778793,-2.40271544877,5,18
375,1,5.05129374634,0.0,11,0.021021021021,0,0.169446483621,-0.457045704523,5,181
376,1,7.74513126324,6.0,11,0.021021021021,0,-0.175220665356,3.27079325931,5,202
377,1,4.13923237483,,16,0.019019019019,0,0.348040184142,-1.9048881776,5,728
378,1,1.81658237412,,2,0.019019019019,0,-0.771594159167,-0.868635148376,5,37
379,1,8.28837984128,8.0,14,0.021021021021,0,1.03783950095,0.174861338444,5,206
380,1,-0.37431424278,,5,0.019019019019,0,-1.70058107301,-0.272571023737,5,95
381,1,7.31911145283,5.0,17,0.018018018018,0,0.165388015892,1.82294740515,5,416
382,1,4.5411219902,,5,0.02002002002,0,0.201858922716,-1.06445477795,5,97
383,1,3.52694211463,3.0,6,0.018018018018,0,-0.269722159187,-0.663891407805,5,118
384,1,2.25650840864,,3,0.018018018018,0,-0.95485970936,0.121087536725,5,56
385,1,8.61930373661,6.0,14,0.02002002002,0,0.812758736622,1.18102752674,5,221
386,1,9.81724888352,9.0,14,0.021021021021,0,1.80733163814,-0.604746030898,5,238
387,1,-0.989691660039,,0,0.021021021021,1,-1.8700209711,-0.379628746752,5,30
388,1,7.71693764721,4.0,8,0.02002002002,0,0.489931319136,1.2471436898,5,170
389,1,3.59823433879,2.0,17,0.023023023023,0,-0.394071381701,-0.219551516104,5,285
390,1,0.693510904355,0.0,2,0.02002002002,0,-0.810546011641,-1.87485106072,5,81
391,1,10.5168942551,0.0,13,0.019019019019,0,2.05008549542,-0.633362231193,5,348
392,1,3.49195990494,,9,0.022022022022,0,-0.608675118658,0.317985260915,5,183
393,1,1.00029303418,0.0,4,0.019019019019,0,-1.23805741753,-0.285534713237,5,121
394,1,10.2557844082,10.0,14,0.02002002002,0,1.31253658036,1.31817466713,5,477
395,1,2.17650153497,1.0,6,0.019019019019,0,-0.63615493021,-0.915033674399,5,185
396,1,0.862381313011,,10,0.019019019019,0,-0.912952655376,-1.39876072086,5,365
397,1,4.41000627354,1.0,6,0.021021021021,0,-0.555561315199,1.07669021914,5,171
398,1,0.37483647493,0.0,1,0.02002002002,1,-1.3868912334,-0.464489824875,5,120
399,1,0.603859617553,0.0,14,0.02002002002,0,-0.880052132105,-1.75598398613,5,617
400,1,7.10227806804,6.0,9,0.02002002002,0,1.0828980355,-1.14641603846,5,501
401,1,8.26305864165,7.0,9,0.018018018018,0,1.39070034419,-0.90904239091,5,597
402,1,5.16270698197,0.0,12,0.021021021021,0,-0.444784346797,1.49706002236,5,746
403,1,5.97741752677,5.0,13,0.02002002002,0,0.385907175132,-0.180303998629,5,836
404,1,5.24671466882,5.0,23,0.023023023023,0,0.619677392164,-1.61231750767,5,997
405,1,12.4319356262,10.0,15,0.019019019019,0,2.30894395194,0.505103770348,5,895
406,1,2.5103925252,0.0,5,0.021021021021,0,-0.519769682107,-0.930298428484,5,565
407,1,11.1871818976,10.0,15,0.021021021021,0,1.7144181742,1.04392737499,5,886
408,1,9.20856010563,8.0,17,0.019019019019,0,1.23766839416,0.495554923149,5,925
409,1,3.72608631556,2.0,4,0.021021021021,0,-0.771227126001,1.03976769356,5,575
410,1,11.4977780486,11.0,16,0.019019019019,0,1.81693389329,1.04697636869,5,908
411,1,7.02170166271,2.0,11,0.02002002002,0,0.620455570848,0.160334950167,5,863
412,1,9.4286300395,9.0,14,0.021021021021,0,1.04925745367,1.28085767849,5,885
413,1,4.66737370081,1.0,7,0.019019019019,0,-0.0157154513231,-0.285479945224,5,811
414,1,5.1950468391,5.0,7,0.02002002002,0,-0.15759568181,0.667833884533,5,716
415,1,5.20210979122,4.0,17,0.019019019019,0,-0.275305050304,1.02802494213,5,918
416,1,10.7029442425,5.0,20,0.02002002002,0,1.56768964106,0.99987531931,5,976
417,1,2.40916716694,0.0,11,0.019019019019,0,-0.563713876861,-0.899691202479,5,877
418,1,5.09501487824,5.0,7,0.019019019019,0,-0.179576749822,0.633745127705,5,773
419,1,4.33047899019,1.0,7,0.021021021021,0,-0.503889954174,0.84214885271,5,753
420,1,6.79950294145,3.0,7,0.019019019019,0,0.597922400667,0.00573573945064,5,787
421,1,-0.966354923758,,0,0.021021021021,1,-2.52404274702,1.60577331732,5,69
422,1,8.91768146523,3.0,11,0.019019019019,0,1.43494208672,-0.387144794928,5,864
423,1,3.30760624602,3.0,16,0.021021021021,0,-0.309778412624,-0.763058516108,5,911
424,1,5.45560391025,1.0,12,0.02002002002,0,0.30784805174,-0.467940244966,5,901
425,1,4.07747877159,3.0,5,0.022022022022,0,0.0374656658431,-1.03491822594,5,759
426,1,2.53071070405,2.0,3,0.02002002002,1,-0.576325704549,-0.740312182301,5,470
427,1,3.16342920183,3.0,10,0.019019019019,0,-0.819128701566,0.620815306526,5,893
428,1,6.67346137172,4.0,16,0.019019019019,0,0.44820527643,0.328845542431,5,924
429,1,7.77663698867,3.0,17,0.019019019019,0,0.993269159291,-0.203170489205,5,936
430,1,9.630386419,7.0,10,0.022022022022,0,1.10757731521,1.30765447336,5,849
431,1,7.98273594056,4.0,17,0.023023023023,0,1.1554314499,-0.483558409144,5,915
432,1,8.91251554792,6.0,20,0.02002002002,0,1.03693399816,0.801713553437,5,953
433,1,2.25788053354,0.0,7,0.021021021021,0,-0.382758291664,-1.59384459146,5,821
434,1,6.19301331936,1.0,15,0.019019019019,0,0.500693184164,-0.309066233133,5,932
435,1,3.24893958102,1.0,12,0.019019019019,0,-0.439673755303,-0.432039153075,5,912
436,1,7.75976946604,6.0,12,0.021021021021,0,0.424055742937,1.48760223723,5,904
437,1,3.41074206914,3.0,4,0.022022022022,1,-0.0631205799022,-1.39989619115,5,789
438,1,3.70774964642,1.0,4,0.018018018018,0,-0.847618995077,1.25060663166,5,764
439,1,7.72150557459,7.0,18,0.021021021021,0,0.665361919558,0.725419815919,5,944
440,1,0.803023224107,0.0,1,0.02002002002,1,-1.59530192451,0.588928997643,5,554
441,1,3.30514316218,3.0,17,0.019019019019,0,-1.01313216343,1.34453965246,5,957
442,1,3.5680884832,2.0,6,0.021021021021,0,-0.726811253419,0.748522243454,5,792
443,1,4.1144850194,3.0,11,0.02002002002,0,-0.0397023305863,-0.766407988838,5,928
444,1,5.89860697743,5.0,6,0.019019019019,1,0.460415531699,-0.482639617665,5,867
445,1,4.71541047485,2.0,6,0.02002002002,0,0.583098416448,-2.03388477449,5,844
446,1,5.12057641599,3.0,19,0.02002002002,0,0.381684139964,-1.0244760039,5,977
447,1,0.132969012101,0.0,1,0.021021021021,1,-1.62126492688,-0.00323620726713,5,150
448,1,3.105657212,,8,0.021021021021,0,-0.608766639448,-0.0680428696541,5,872
449,1,11.793011921,1.0,15,0.02002002002,0,1.66498923976,1.7980442017,5,966
450,1,7.6083789229,3.0,8,0.02002002002,0,0.57070671309,0.896258783635,5,910
451,1,3.32604255357,1.0,10,0.02002002002,0,-1.07687967607,1.55668158178,5,939
452,1,4.22016392599,2.0,16,0.02002002002,0,-0.205582903664,-0.163087363021,5,975
453,1,7.86778241269,2.0,13,0.018018018018,0,1.00955165529,-0.160872553169,5,963
454,1,9.96308821566,9.0,18,0.019019019019,0,1.35338519176,0.902932640377,5,980
455,1,4.01494626663,1.0,7,0.019019019019,0,-0.648993124011,0.961925638667,5,891
456,1,4.98995685013,3.0,11,0.021021021021,0,0.324942576811,-0.984870880297,5,916
457,1,3.21686810744,2.0,14,0.019019019019,0,-0.347609390286,-0.740303721696,5,955
458,1,10.2144308509,4.0,13,0.018018018018,0,1.77694739123,-0.116411322773,5,950
459,1,7.62556119304,3.0,21,0.021021021021,0,0.646453552029,0.686200536953,5,1000
460,1,5.24338532699,5.0,19,0.021021021021,0,0.343532277666,-0.787211506008,5,979
461,1,5.46558582674,5.0,7,0.021021021021,0,0.455692258887,-0.90149094992,5,848
462,1,10.3447492669,6.0,11,0.02002002002,0,1.21122304632,1.71108012796,5,900
463,1,9.25700412926,5.0,10,0.019019019019,0,0.901462038406,1.55261801404,5,887
464,1,7.38102990578,1.0,12,0.02002002002,0,0.728243317582,0.196299953038,5,861
465,1,13.22411149,12.0,15,0.02002002002,0,2.2827294264,1.37592321082,5,906
466,1,5.65891233841,1.0,10,0.019019019019,0,0.91547775189,-2.08752091726,5,808
467,1,5.83623877567,0.0,6,0.022022022022,0,0.417953871902,-0.417622840034,5,483
468,1,4.6976959118,3.0,8,0.02002002002,0,-0.326270328849,0.676506898344,5,536
469,1,6.38859384425,2.0,10,0.019019019019,0,0.0342326694693,1.28589583584,5,601
470,1,3.6581549477,3.0,6,0.019019019019,0,-0.616120200481,0.506515549141,5,432
471,1,1.38231055063,0.0,3,0.02002002002,0,-0.805055203311,-1.20252383944,5,398
472,1,4.5537405345,3.0,7,0.018018018018,0,-0.0738469539099,-0.224718603769,5,429
473,1,6.42844640333,3.0,16,0.02002002002,0,0.656957976635,-0.542427526575,5,754
474,1,1.10624017912,0.0,3,0.02002002002,0,-1.06562788576,-0.696876163597,5,307
475,1,11.1403461291,7.0,15,0.02002002002,0,1.96937789671,0.232212438966,5,652
476,1,0.798862968046,0.0,1,0.02002002002,1,-1.469100954,0.206165830033,5,106
477,1,0.972094143945,0.0,1,0.019019019019,1,-1.27618929239,-0.199337978873,5,109
478,1,2.8824079772,2.0,5,0.016016016016,0,-0.780278488274,0.223243442028,5,401
479,1,8.15311194541,3.0,9,0.019019019019,0,0.626206596162,1.27449215692,5,462
480,1,8.76491267411,3.0,20,0.022022022022,0,1.26889443037,-0.041770617001,5,704
481,1,5.57714194486,0.0,8,0.02002002002,0,0.526564400944,-1.00255125797,5,486
482,1,4.11329299215,0.0,5,0.021021021021,0,-0.314522048706,0.0568591382652,5,322
483,1,2.39087981689,0.0,13,0.019019019019,0,-1.17727442574,0.922703094103,5,577
484,1,8.16336831955,6.0,14,0.02002002002,0,1.27098406634,-0.649583879472,5,572
485,1,3.20202216289,3.0,4,0.019019019019,1,-0.501503933229,-0.293466037424,5,303
486,1,3.39326753226,2.0,13,0.021021021021,0,-0.576853685539,0.123828588874,5,544
487,1,6.3100446299,0.0,15,0.019019019019,0,0.703678485296,-0.800990825993,5,633
488,1,11.603882876,3.0,17,0.02002002002,0,2.08748115927,0.341439398166,5,637
489,1,0.403468228222,0.0,2,0.019019019019,0,-1.24340820315,-0.86630716234,5,290
490,1,4.56683123157,1.0,5,0.016016016016,0,-0.508790955581,1.09320409831,5,460
491,1,2.09196791784,0.0,12,0.018018018018,0,-0.948856461854,-0.0614626965958,5,576
492,1,4.10599267651,3.0,13,0.021021021021,0,-1.1127645351,2.4442862818,5,568
493,1,7.03840569449,3.0,19,0.019019019019,0,0.780071218398,-0.301807960708,5,992
494,1,0.764335315736,0.0,8,0.021021021021,0,-1.87224627254,1.38107413335,5,480
495,1,7.34021087663,5.0,13,0.02002002002,0,0.853278552533,-0.219624780972,5,564
496,1,1.64558334341,,9,0.02002002002,0,-1.21805468268,0.299747391462,5,527
497,1,10.4236406465,1.0,15,0.018018018018,0,1.28446587964,1.5702430076,5,879
498,1,1.36447698715,1.0,3,0.021021021021,0,-1.10426541237,-0.322726775731,5,242
499,1,3.34134971195,1.0,7,0.02002002002,0,-1.02951654646,1.42989935133,5,417
500,1,0.882542599582,0.0,8,0.019019019019,0,-1.14927598056,-0.669629458743,5,425
501,1,2.45716182166,,7,0.021021021021,0,-0.853797844946,0.018555356496,5,334
502,1,2.45593558692,0.0,6,0.017017017017,0,-0.231842064532,-1.84853821948,5,324
503,1,7.91120981943,2.0,19,0.02002002002,0,0.838311448054,0.396275475268,5,991
504,1,3.00702668557,2.0,8,0.022022022022,0,-1.02256066247,1.07470867297,5,380
505,1,9.18025306191,3.0,10,0.018018018018,0,0.644547897587,2.24660936915,5,550
506,1,1.62886953205,,2,0.017017017017,0,-0.525452041384,-1.7947743438,5,76
507,1,5.95904532315,3.0,6,0.018018018018,0,0.20447260423,0.345627510462,5,314
508,1,2.85359564774,0.0,3,0.02002002002,0,-0.0684658561398,-1.94100678384,5,235
509,1,9.53782762085,4.0,16,0.019019019019,0,1.03790234898,1.42412057391,5,608
510,1,8.67951981785,8.0,18,0.02002002002,0,1.2880160852,-0.184528437748,5,765
511,1,3.78620630686,3.0,4,0.02002002002,1,-0.375444082579,-0.0874614453988,5,252
512,1,5.2722357668,3.0,10,0.022022022022,0,0.366027257149,-0.825846004645,5,467
513,1,-3.12520935599,,1,0.02002002002,0,-2.75700083857,0.145793159732,5,48
514,1,11.6595010538,8.0,20,0.02002002002,0,1.50980671766,2.13008090086,5,889
515,1,-0.144749570203,,0,0.021021021021,1,-1.51697792722,-0.593815788537,5,26
516,1,4.89993130525,4.0,10,0.02002002002,0,0.035593070366,-0.20684790585,5,478
517,1,7.77000649191,1.0,10,0.019019019019,0,1.22295327174,-0.89885332331,5,560
518,1,4.58400196809,4.0,7,0.019019019019,0,-0.0219037106771,-0.350286899875,5,489
519,1,8.42837241922,7.0,10,0.019019019019,0,0.953739690156,0.567153348752,5,504
520,1,2.85347311298,1.0,13,0.019019019019,0,-0.79717705326,0.245004272756,5,714
521,1,7.29821621693,4.0,12,0.023023023023,0,0.321298233013,1.33432151789,5,615
522,1,14.7265685796,10.0,15,0.018018018018,0,3.07758695208,0.493807723352,5,797
523,1,10.4016518087,5.0,17,0.021021021021,0,1.46969554579,0.992565171324,5,857
524,1,3.54700301882,3.0,4,0.021021021021,1,-0.372051671897,-0.336841965486,5,414
525,1,-0.10464363858,,4,0.019019019019,0,-1.21953306783,-1.44604443508,5,157
526,1,5.00282783253,4.0,12,0.019019019019,0,-0.421194759589,1.2664121113,5,651
527,1,4.99670977806,0.0,20,0.02002002002,0,0.0426839691245,-0.13134212931,5,951
528,1,3.53968485613,3.0,17,0.019019019019,0,-0.406735904495,-0.24010743038,5,923
529,1,3.77465778437,2.0,11,0.02002002002,0,-0.350289156771,-0.174474745319,5,657
530,1,3.70894175213,3.0,17,0.021021021021,0,-0.275079922031,-0.465818481776,5,881
531,1,5.88192343109,1.0,11,0.022022022022,0,0.186284199547,0.323070832445,5,646
532,1,-0.886344433171,,0,0.019019019019,1,-2.21519876425,0.759251859573,5,43
533,1,7.32924283032,7.0,11,0.021021021021,0,0.61600166953,0.481237821735,5,485
534,1,-0.499140959304,,2,0.021021021021,0,-1.41912055893,-1.24177928251,5,152
535,1,2.85016403624,2.0,6,0.018018018018,0,-0.568672528705,-0.443818377649,5,571
536,1,9.50445692523,4.0,15,0.018018018018,0,1.51278822245,-0.0339077421162,5,727
537,1,5.00532401513,5.0,19,0.021021021021,0,0.246308895238,-0.733602670585,5,943
538,1,3.29986668637,1.0,5,0.02002002002,0,-0.603689287909,0.110934550097,5,464
539,1,10.389181338,10.0,13,0.019019019019,0,1.43850214358,1.07367490729,5,721
540,1,5.87241457926,2.0,11,0.019019019019,0,-0.0396471685575,0.991356084931,5,688
541,1,2.30474067152,1.0,3,0.018018018018,0,-0.727355355375,-0.513193262351,5,218
542,1,10.9516188312,10.0,12,0.02002002002,0,1.4704399755,1.54029890466,5,698
543,1,7.49989932105,5.0,9,0.021021021021,0,0.515300597438,0.95399752874,5,622
544,1,3.8021550349,1.0,4,0.019019019019,0,-0.459246125387,0.17989341106,5,468
545,1,6.44313372921,2.0,7,0.02002002002,0,1.12000714515,-1.91688770623,5,626
546,1,5.22010124082,3.0,7,0.02002002002,0,0.572441389862,-1.49722292876,5,661
547,1,9.00678982082,6.0,11,0.019019019019,0,1.2790967516,0.169499566015,5,752
548,1,-0.346604558251,,1,0.021021021021,0,-1.8681199561,0.257755310047,5,101
549,1,5.92937654386,4.0,12,0.019019019019,0,-0.0473584700907,1.07145195413,5,788
550,1,9.47931079806,7.0,16,0.02002002002,0,1.14735237963,1.03725365916,5,878
551,1,6.94791520536,6.0,7,0.018018018018,1,0.938978476965,-0.86902022554,5,762
552,1,5.75354880224,4.0,18,0.019019019019,0,-0.0436293295152,0.88443679079,5,913
553,1,7.12871662809,0.0,13,0.02002002002,0,0.752216594601,-0.127933155717,5,814
554,1,6.98816830519,3.0,10,0.02002002002,0,0.244632077705,1.25427207208,5,795
555,1,7.25049110518,5.0,14,0.019019019019,0,0.129791753508,1.86111584466,5,883
556,1,7.77143005136,6.0,21,0.021021021021,0,0.633683386355,0.870379892294,5,942
557,1,4.71627852176,3.0,5,0.022022022022,0,-0.0906612036295,-0.0117378673516,5,677
558,1,3.40068149006,1.0,12,0.02002002002,0,-1.0338083299,1.50210647976,5,874
559,1,4.44840842546,3.0,8,0.017017017017,0,0.0929569007546,-0.830462276808,5,810
560,1,6.26307536843,1.0,16,0.02002002002,0,0.589804004675,-0.506336645598,5,905
561,1,7.5530712,7.0,9,0.02002002002,0,0.621750004971,0.687821185088,5,786
562,1,5.0653776532,2.0,20,0.021021021021,0,-0.218189795198,0.719947038795,5,927
563,1,2.243722351,2.0,3,0.02002002002,1,-0.208605735379,-2.13046044286,5,563
564,1,15.4241135466,12.0,19,0.021021021021,0,3.80457502829,-0.989611538266,5,917
565,1,7.94903971429,4.0,12,0.024024024024,0,0.939610782369,0.130207367178,5,693
566,1,2.9430063236,2.0,16,0.02002002002,0,0.00905846599341,-2.08416907438,5,890
567,1,6.48122775976,5.0,10,0.023023023023,0,0.723030545324,-0.687863876212,5,616
568,1,4.04561652454,0.0,13,0.017017017017,0,0.124730561372,-1.32857515957,5,785
569,1,1.15127005604,0.0,9,0.02002002002,0,-0.775239631325,-1.52301104998,5,586
570,1,4.14478361744,4.0,8,0.021021021021,0,0.20874150749,-1.48144090503,5,553
571,1,1.96385739812,,4,0.022022022022,0,-1.17050851233,0.475382935105,5,199
572,1,8.50758243584,4.0,12,0.019019019019,0,1.49771739268,-0.985569742194,5,593
573,1,12.3293793877,9.0,16,0.02002002002,0,2.01046455089,1.29798573503,5,619
574,1,5.81656921951,5.0,8,0.018018018018,0,0.955935665918,-2.05123777825,5,271
575,1,5.33282335842,,13,0.022022022022,0,-0.0992701977462,0.630633951656,5,439
576,1,2.41457280253,2.0,13,0.02002002002,0,-0.191515845016,-2.01087966242,5,484
577,1,7.03805153275,5.0,12,0.022022022022,0,0.282146544969,1.19161189784,5,308
578,1,6.78223165977,5.0,8,0.021021021021,0,0.325004494035,0.807218177668,5,194
579,1,0.579047406472,,2,0.021021021021,0,-1.08425809792,-1.16817829976,5,11
580,1,2.88621512869,,6,0.022022022022,0,-0.267216635906,-1.31213496359,5,78
581,1,0.561121217241,,3,0.02002002002,0,-1.63665394876,0.471083063513,5,24
582,1,5.14669836617,0.0,9,0.018018018018,0,0.413979579601,-1.09524037264,5,130
583,1,-0.000867221029953,,0,0.02002002002,1,-1.2667707257,-1.20055504394,5,6
584,1,6.37252462027,,13,0.02002002002,0,0.582457287523,-0.374847242295,5,192
585,1,5.65015351803,2.0,11,0.023023023023,0,0.569710590506,-1.05897825349,5,142
586,1,8.79316679339,6.0,18,0.021021021021,0,1.07023478701,0.582462432358,5,311
587,1,-0.777034109511,,3,0.02002002002,0,-1.79547571581,-0.390606962089,5,27
588,1,-0.768672910316,,1,0.021021021021,0,-1.46469599643,-1.37458492102,5,7
589,1,3.77234338752,,7,0.02002002002,0,-0.332378267011,-0.230521811442,5,45
590,1,6.85582032103,1.0,7,0.018018018018,0,0.140655217808,1.4338546676,5,87
591,1,7.85083597663,,19,0.02002002002,0,0.839137746221,0.333422737971,5,774
592,1,4.27119278291,,9,0.021021021021,0,-0.32665411992,0.251155142674,5,96
593,1,9.89013973817,6.0,15,0.02002002002,0,1.57724368771,0.158408675034,5,144
594,1,2.44121973992,1.0,3,0.019019019019,0,-0.79506248632,-0.173592801121,5,41
595,1,6.74356564695,,11,0.019019019019,0,0.763890726222,-0.548106531715,5,124
596,1,2.91704608669,0.0,8,0.02002002002,0,-0.837282271894,0.42889290237,5,85
597,1,5.64079376933,,14,0.021021021021,0,0.243485860449,-0.0896638120152,5,127
598,1,0.664856016245,0.0,1,0.022022022022,1,-1.88904803705,1.33200012741,5,21
599,1,1.51469284217,,15,0.021021021021,0,-0.932981077878,-0.6863639242,5,158
600,1,6.45185301605,2.0,14,0.021021021021,0,0.698681685979,-0.644192041891,5,205
601,1,3.88859067898,0.0,4,0.021021021021,0,-0.684117460488,0.94094306044,5,64
602,1,3.01833490862,1.0,6,0.016016016016,0,-0.265543095873,-1.18503580376,5,100
603,1,2.20230699994,0.0,7,0.021021021021,0,-0.349623496142,-1.74882251163,5,90
604,1,0.326433994561,,1,0.021021021021,0,-1.41216592635,-0.437068226385,5,38
605,1,-0.959204125066,,2,0.02002002002,0,-1.35253191803,-1.90160837099,5,49
606,1,0.95206568303,0.0,13,0.018018018018,0,-1.76528696406,1.24792657521,5,167
607,1,2.36594569057,,4,0.018018018018,0,-0.776349531243,-0.305005715704,5,84
608,1,4.80985126955,2.0,19,0.019019019019,0,-0.315913045435,0.757590405858,5,907
609,1,4.82403052068,1.0,14,0.019019019019,0,-0.25950795425,0.602554383432,5,209
610,1,1.53381184755,,11,0.02002002002,0,-1.11694902142,-0.115341088187,5,165
611,1,5.22094012954,2.0,9,0.019019019019,0,0.258481040214,-0.554502991101,5,153
612,1,3.09806058763,0.0,8,0.02002002002,0,-0.589107987634,-0.134615449464,5,108
613,1,4.18716159913,,13,0.021021021021,0,-0.0519148211392,-0.657093937448,5,224
614,1,8.76931645246,0.0,16,0.019019019019,0,0.615633301945,1.92241654663,5,403
615,1,0.618949414517,0.0,5,0.02002002002,0,-1.61101808878,0.452003680863,5,99
616,1,2.00439712869,,7,0.023023023023,0,-0.758040280803,-0.721482028896,5,123
617,1,11.2670494225,5.0,18,0.02002002002,0,2.40691123881,-0.953684293972,5,526
618,1,7.46387710719,,17,0.018018018018,0,0.850779192417,-0.0884604700622,5,873
619,1,1.99163204387,,3,0.021021021021,0,-1.08611628655,0.249980903517,5,44
620,1,3.04331792259,,7,0.024024024024,0,-0.317782325734,-1.00333510021,5,83
621,1,3.92289051644,,13,0.019019019019,0,-1.04525762399,2.05866338841,5,270
622,1,14.152565892,12.0,15,0.021021021021,0,2.98535021791,0.196515238283,5,388
623,1,3.53278691144,,14,0.02002002002,0,-0.692298205864,0.609681529033,5,256
624,1,3.81944137375,1.0,12,0.017017017017,0,0.548751529441,-2.82681321457,5,164
625,1,0.923819348875,,5,0.021021021021,0,-1.38140705232,0.0680405058397,5,50
626,1,4.74886844526,,10,0.021021021021,0,-0.194659663245,0.332847434991,5,136
627,1,0.0139385572192,,1,0.022022022022,0,-1.2969237183,-1.09529028788,5,8
628,1,6.48404587754,,7,0.02002002002,0,0.518124340558,-0.0703271441394,5,65
629,1,2.72388795151,,3,0.021021021021,0,-0.276010422027,-1.44808078241,5,28
630,1,-0.940186576334,,0,0.021021021021,1,-1.33533402714,-1.93418449491,5,1
631,1,6.47445078282,,15,0.02002002002,0,0.205417239142,0.858199065396,5,346
632,1,6.97569690916,,8,0.018018018018,0,0.183304234896,1.42578420447,5,72
633,1,1.92920746995,,4,0.021021021021,0,-0.916178355245,-0.322257464317,5,46
634,1,6.00647159563,4.0,10,0.02002002002,0,0.24225928828,0.279693730785,5,140
635,1,10.4750026492,7.0,18,0.021021021021,0,1.85419012653,-0.0875677303734,5,362
636,1,9.32151377692,8.0,10,0.019019019019,0,1.58028725693,-0.419347993858,5,186
637,1,9.02141762264,7.0,10,0.021021021021,0,0.728224830678,1.8367431306,5,197
638,1,-0.312330448203,,1,0.021021021021,0,-2.28747798108,1.55010349502,5,17
639,1,2.59643718051,,4,0.02002002002,0,-1.35898915205,1.67340463666,5,55
640,1,7.26578981002,6.0,13,0.02002002002,0,0.00705805277509,2.24461565169,5,277
641,1,5.40846612898,1.0,20,0.02002002002,0,0.205902075851,-0.20924009857,5,729
642,1,4.00504609316,3.0,8,0.02002002002,0,-0.311415243059,-0.0607081776628,5,204
643,1,11.300587352,11.0,14,0.02002002002,0,1.41264606021,2.06264917138,5,441
644,1,4.55098424884,2.0,10,0.023023023023,0,-0.0884117801993,-0.183780410564,5,222
645,1,3.0334507653,1.0,6,0.021021021021,0,-0.869075789576,0.640678134025,5,198
646,1,0.764202767632,,2,0.018018018018,0,-1.49343190311,0.244498476972,5,133
647,1,10.0981902471,7.0,14,0.02002002002,0,1.21240301596,1.46098119918,5,530
648,1,6.08401959207,6.0,15,0.019019019019,0,0.925718674716,-1.69313643207,5,665
649,1,7.93438605526,6.0,10,0.019019019019,0,0.855362566567,0.368298355561,5,358
650,1,5.85450135338,,11,0.019019019019,0,0.342156943487,-0.17196947708,5,502
651,1,4.30955122297,3.0,5,0.019019019019,0,-0.163761628677,-0.199163891003,5,312
652,1,10.1502424293,7.0,21,0.022022022022,0,1.54580180118,0.5128370257,5,839
653,1,5.72938049831,1.0,12,0.019019019019,0,0.174871977818,0.204764564859,5,570
654,1,6.93654887657,6.0,13,0.019019019019,0,0.519102161016,0.379242393523,5,678
655,1,6.58042609359,3.0,9,0.021021021021,0,0.664844806734,-0.414108326607,5,487
656,1,0.494625085086,,3,0.021021021021,0,-0.989963781601,-1.53548357011,5,296
657,1,1.02912135622,1.0,17,0.021021021021,0,-1.4663656109,0.42821818891,5,709
658,1,-0.269423574245,,0,0.022022022022,1,-1.66390129976,-0.277719674957,5,279
659,1,1.69995266957,0.0,4,0.019019019019,0,-0.717125832431,-1.14866983313,5,347
660,1,11.3165352745,11.0,14,0.02002002002,0,1.01777041632,3.26322402554,5,705
661,1,3.64451906454,1.0,6,0.019019019019,0,-0.222293164749,-0.688601441217,5,410
662,1,6.72605720716,1.0,21,0.021021021021,0,0.696859410152,-0.364521023301,5,967
663,1,3.81866171225,1.0,13,0.018018018018,0,-0.570974814773,0.531586156563,5,778
664,1,1.83013689312,0.0,17,0.021021021021,0,-0.778283690016,-0.835012036836,5,850
665,1,5.98728246733,0.0,8,0.02002002002,0,0.285610605723,0.130450650159,5,545
666,1,3.99528432007,0.0,4,0.02002002002,0,-0.364447057415,0.0886254923112,5,297
667,1,3.70305117936,2.0,7,0.022022022022,0,-0.736587670762,0.912814191645,5,559
668,1,9.38609341792,5.0,15,0.019019019019,0,1.09570237234,1.09898630089,5,865
669,1,2.11145806314,0.0,5,0.019019019019,0,-0.695452909376,-0.802183208728,5,364
670,1,8.20637845721,4.0,11,0.017017017017,0,0.971948127187,0.290534075649,5,791
671,1,4.51393613162,0.0,5,0.02002002002,0,-0.542887392177,1.14259830815,5,481
672,1,5.59386942405,2.0,9,0.02002002002,0,-0.566436991164,2.29318039754,5,610
673,1,7.11035420771,2.0,20,0.02002002002,0,0.425487497464,0.83389171532,5,993
674,1,6.71409402078,6.0,9,0.018018018018,0,0.352403529026,0.656883433706,5,621
675,1,6.84644974077,6.0,12,0.019019019019,0,0.275196760604,1.02085945896,5,782
676,1,10.8277417899,8.0,17,0.021021021021,0,1.83279841181,0.329346554443,5,903
677,1,5.50784030914,1.0,19,0.02002002002,0,0.15860437146,0.0320271947624,5,970
678,1,4.41086751314,1.0,5,0.019019019019,0,-0.231687122073,0.105928879356,5,329
679,1,4.95060375582,1.0,6,0.019019019019,0,0.312662484816,-0.987383698628,5,359
680,1,-0.701719742507,,15,0.018018018018,0,-0.938454338527,-2.88635672693,5,805
681,1,8.16287055561,8.0,16,0.018018018018,0,0.875202665447,0.53726255927,5,926
682,1,1.14779212443,1.0,2,0.023023023023,1,-1.16609842574,-0.353912598349,5,110
683,1,0.508694887425,,1,0.017017017017,0,-1.09421768685,-1.20865205202,5,22
684,1,-2.33033183034,,7,0.022022022022,0,-2.34064625952,-0.308393051775,5,342
685,1,2.21950897265,1.0,3,0.02002002002,0,-0.574816017984,-1.0560429734,5,274
686,1,3.91559521182,2.0,8,0.02002002002,0,-0.187258430619,-0.522629496324,5,591
687,1,4.48238904978,0.0,10,0.017017017017,0,0.393701825148,-1.69871642566,5,674
688,1,9.21939993819,5.0,10,0.02002002002,0,1.81797649679,-1.23452955219,5,604
689,1,7.96551506359,7.0,9,0.019019019019,0,0.227742215297,2.2822884177,5,672
690,1,9.07556997522,9.0,18,0.02002002002,0,1.21177551482,0.440243430756,5,870
691,1,9.13791465366,7.0,15,0.016016016016,0,0.788019082895,1.77385740497,5,854
692,1,7.39198585213,7.0,15,0.019019019019,0,0.823298509894,-0.0779096775552,5,825
693,1,7.86721069141,4.0,8,0.02002002002,0,1.16490965117,-0.627518262102,5,389
694,1,7.64514645497,7.0,15,0.021021021021,0,1.02058835943,-0.416618623337,5,769
695,1,6.33168308337,5.0,13,0.02002002002,0,0.511454085583,-0.20267917338,5,801
696,1,0.13097449538,0.0,4,0.022022022022,0,-1.57922521964,-0.131349845686,5,369
697,1,-0.970634123258,,0,0.019019019019,1,-1.59052991113,-1.19904438987,5,223
698,1,5.74085745194,3.0,7,0.02002002002,0,0.613039224178,-1.0982602206,5,456
699,1,2.58486771387,1.0,3,0.021021021021,0,-1.19113406577,1.1582699112,5,233
700,1,1.08965698034,1.0,5,0.02002002002,0,-0.929880454159,-1.12070165718,5,373
701,1,8.87628518802,6.0,20,0.02002002002,0,1.1207255226,0.514108620207,5,935
702,1,8.40670608989,5.0,10,0.02002002002,0,0.989615346142,0.437860051466,5,474
703,1,7.21640859148,3.0,10,0.019019019019,0,0.899146511447,-0.481030942857,5,542
704,1,5.35194691701,5.0,18,0.021021021021,0,0.209512032006,-0.27658917901,5,822
705,1,4.4361985491,3.0,15,0.018018018018,0,-0.0313775688243,-0.469668744424,5,930
706,1,7.82764759613,6.0,12,0.019019019019,0,1.33125473691,-1.1661166146,5,573
707,1,7.87723761881,4.0,8,0.02002002002,0,1.13603603654,-0.530870490816,5,409
708,1,-0.880282517439,,0,0.021021021021,1,-1.54849980002,-1.23478311739,5,53
709,1,4.53038949198,1.0,5,0.02002002002,0,0.242433626214,-1.19691138667,5,399
710,1,7.72685793461,6.0,14,0.019019019019,0,0.552661184379,1.06887438148,5,899
711,1,5.48168675477,5.0,7,0.021021021021,0,0.0624698193853,0.294277296617,5,466
712,1,8.64348216737,8.0,21,0.021021021021,0,1.20168175171,0.038436912236,5,938
713,1,5.74582644413,4.0,10,0.021021021021,0,0.760780909438,-1.53651628418,5,612
714,1,-0.899998556104,,2,0.02002002002,0,-1.61178001027,-1.06465852529,5,321
715,1,6.85164882709,1.0,21,0.022022022022,0,0.361019570568,0.768590115382,5,934
716,1,3.5395539704,3.0,4,0.021021021021,1,-0.160648681688,-0.978499984532,5,363
717,1,8.46121401762,7.0,13,0.019019019019,0,0.76700597098,1.16019610468,5,699
718,1,6.13547744026,1.0,13,0.018018018018,0,0.0790443387445,0.898344424029,5,733
719,1,4.24480209697,4.0,17,0.02002002002,0,-0.481575785956,0.689529454835,5,777
720,1,7.87657722823,4.0,8,0.021021021021,0,0.612339258422,1.03955945296,5,587
721,1,6.53705155611,3.0,16,0.019019019019,0,0.724497038774,-0.636439560214,5,748
722,1,5.95309867217,4.0,13,0.022022022022,0,0.499689558347,-0.545970002872,5,650
723,1,5.21548580136,2.0,8,0.02002002002,0,0.432485150319,-1.08196964959,5,567
724,1,6.35326285429,5.0,11,0.021021021021,0,0.4203422236,0.0922361834877,5,638
725,1,5.08306254256,4.0,6,0.019019019019,0,-0.00679741012893,0.103454772943,5,451
726,1,1.93414115163,1.0,2,0.018018018018,1,-1.09068784292,0.206204680391,5,146
727,1,9.13137961038,6.0,11,0.02002002002,0,1.21142121332,0.497115970427,5,599
728,1,8.35169090062,5.0,11,0.02002002002,0,0.362289228539,2.26482321501,5,613
729,1,2.58652368797,2.0,3,0.021021021021,1,-0.641131159696,-0.490082832941,5,102
730,1,7.41384920988,5.0,16,0.019019019019,0,0.711709513878,0.278720668248,5,720
731,1,8.76130502459,5.0,10,0.018018018018,0,0.83303270842,1.26220689933,5,541
732,1,8.48253718753,6.0,19,0.019019019019,0,1.05859587214,0.30674957111,5,974
733,1,-4.16011670847,,0,0.02002002002,1,-3.00433958531,-0.147097952547,5,5
734,1,7.8506138574,5.0,12,0.019019019019,0,0.285823065286,1.99314466154,5,505
735,1,7.17121984124,4.0,15,0.02002002002,0,0.357660346501,1.09823880174,5,583
736,1,1.9909779805,1.0,2,0.018018018018,1,-0.633059971817,-1.10984210405,5,93
737,1,0.400745185038,0.0,1,0.019019019019,1,-1.37242592883,-0.481977028466,5,47
738,1,15.1240785906,4.0,19,0.02002002002,0,3.08505258919,0.868920823007,5,952
739,1,4.93135640305,4.0,9,0.02002002002,0,0.460876338881,-1.45127261359,5,255
740,1,7.3313599002,3.0,13,0.022022022022,0,0.585318633312,0.575404000264,5,448
741,1,7.62726359432,2.0,8,0.019019019019,0,0.344669074695,1.59325637024,5,331
742,1,7.07066356327,1.0,15,0.02002002002,0,0.685376443686,0.0145342322098,5,433
743,1,3.97616993614,,7,0.019019019019,0,0.106647795424,-1.34377345013,5,247
744,1,3.88722478375,1.0,7,0.019019019019,0,-0.460638140522,0.26913920532,5,229
745,1,5.92000904523,2.0,9,0.019019019019,0,0.0625163360694,0.732460037018,5,248
746,1,6.39840423978,4.0,16,0.018018018018,0,-0.15304659025,1.85754401053,5,482
747,1,5.23822207376,3.0,14,0.02002002002,0,0.15203292272,-0.2178766944,5,381
748,1,1.1939621823,,2,0.021021021021,0,-0.675146495271,-1.78059833188,5,137
749,1,4.19624463306,3.0,6,0.02002002002,0,-0.907254579011,1.91800837009,5,212
750,1,2.22474229658,,16,0.02002002002,0,-0.9923252095,0.201717925082,5,412
751,1,4.66310337867,4.0,5,0.019019019019,1,0.0723791342775,-0.554034024162,5,177
752,1,4.7945187467,3.0,15,0.02002002002,0,-0.068202759074,-0.000872976077805,5,390
753,1,4.57942426688,,8,0.02002002002,0,0.200780103802,-1.02291604453,5,191
754,1,4.54752771848,3.0,5,0.018018018018,0,-0.122405133146,-0.0852568820787,5,138
755,1,-2.11285048797,,1,0.021021021021,0,-1.92145611853,-1.34848213237,5,14
756,1,-0.460706301681,,0,0.019019019019,1,-1.382369053,-1.31359914269,5,4
757,1,6.72173879998,3.0,10,0.02002002002,0,0.825987659148,-0.756224177459,5,259
758,1,9.48086636147,3.0,10,0.02002002002,0,1.25472226602,0.716699563412,5,234
759,1,-0.659600524545,,2,0.019019019019,0,-1.44756356441,-1.31690983131,5,54
760,1,6.80293394152,2.0,7,0.019019019019,0,0.66153775959,-0.181679337246,5,179
761,1,2.01652573282,,3,0.019019019019,0,-1.22239329127,0.68370560664,5,58
762,1,11.8390489432,4.0,19,0.021021021021,0,1.69699336884,1.74806883666,5,582
763,1,4.04085977202,4.0,5,0.021021021021,1,-0.203641700092,-0.3482151277,5,139
764,1,8.13472958343,4.0,17,0.02002002002,0,0.840308771964,0.613803267537,5,391
765,1,10.3463645508,7.0,11,0.021021021021,0,1.63192653953,0.450584932215,5,266
766,1,9.18900082904,4.0,10,0.021021021021,0,1.42397158942,-0.0829139392187,5,323
767,1,1.6577587426,,18,0.018018018018,0,-1.0325619984,-0.244555262211,5,933
768,1,5.95381379568,3.0,14,0.021021021021,0,0.209697178568,0.32472225998,5,507
769,1,4.8219953259,2.0,5,0.02002002002,0,-0.273443627302,0.642326207807,5,225
770,1,7.31279799613,1.0,14,0.02002002002,0,0.437588816733,1.00003154593,5,538
771,1,5.4257533898,0.0,9,0.02002002002,0,0.399122591277,-0.771614384027,5,340
772,1,2.86431747636,1.0,3,0.018018018018,0,-0.911418276026,0.598572304441,5,227
773,1,4.24968753704,0.0,5,0.021021021021,0,-0.89793101494,1.94348058187,5,287
774,1,-0.539105386334,,3,0.02002002002,0,-2.31177008204,1.39620485979,5,230
775,1,6.25091640664,0.0,10,0.02002002002,0,0.876676864013,-1.3791141854,5,345
776,1,7.43202315505,7.0,12,0.016016016016,0,0.35244765278,1.37468019671,5,561
777,1,10.0047997424,8.0,18,0.019019019019,0,1.79673318847,-0.385399823039,5,796
778,1,1.76717796931,1.0,20,0.021021021021,0,-1.0354611408,-0.126438608293,5,738
779,1,3.89946037463,2.0,5,0.022022022022,0,-0.385477111785,0.0558917099881,5,217
780,1,8.36075516901,6.0,14,0.024024024024,0,0.834649832875,0.856805670381,5,499
781,1,5.03629065079,0.0,14,0.019019019019,0,-0.220615599897,0.69813745048,5,557
782,1,6.44669337246,1.0,9,0.021021021021,0,-0.248438455232,2.19200873815,5,326
783,1,4.07705229476,3.0,5,0.02002002002,0,-0.399323586183,0.275023053304,5,310
784,1,6.06229762007,3.0,7,0.02002002002,0,0.0405884596426,0.940532241147,5,472
785,1,13.2133301566,0.0,16,0.02002002002,0,1.93437017625,2.41021962789,5,701
786,1,0.759642881783,,1,0.018018018018,0,-1.11483627461,-0.89584829438,5,175
787,1,3.85801748278,3.0,12,0.021021021021,0,-0.731798470729,1.05341289496,5,551
788,1,0.0847553151409,0.0,1,0.021021021021,1,-1.55236259496,-0.258156899989,5,161
789,1,4.97804430659,0.0,8,0.019019019019,0,-0.0656401586335,0.174964782487,5,524
790,1,6.44689290143,6.0,13,0.018018018018,0,0.554111425681,-0.215441375615,5,662
791,1,2.78929897524,0.0,4,0.02002002002,0,-0.743516743527,0.0198492058219,5,333
792,1,10.2268684802,7.0,13,0.021021021021,0,1.56785234936,0.523311432078,5,595
793,1,6.5347765482,0.0,19,0.019019019019,0,0.277309131235,0.702849154493,5,947
794,1,6.5232192782,4.0,13,0.022022022022,0,0.471137225378,0.109807602063,5,645
795,1,7.80007294144,3.0,8,0.018018018018,0,0.898281778931,0.105227604649,5,580
796,1,6.12541083799,5.0,8,0.022022022022,0,0.678555998345,-0.910257157048,5,443
797,1,4.78281809938,4.0,22,0.022022022022,0,-0.533361075294,1.38290132526,5,902
798,1,0.0591325855304,0.0,2,0.02002002002,0,-1.47993206159,-0.501071229698,5,178
799,1,8.15911828416,4.0,17,0.02002002002,0,0.965896812402,0.261427846955,5,892
800,1,8.20953738456,4.0,19,0.019019019019,0,1.00640023126,0.190336690769,5,962
801,1,7.72997792168,5.0,11,0.021021021021,0,0.216373413967,2.08085767978,5,628
802,1,4.28006199333,3.0,12,0.017017017017,0,-0.170362811338,-0.208849572657,5,819
803,1,7.84650283442,,15,0.018018018018,0,0.534445212034,1.24316719832,5,855
804,1,3.60361464937,3.0,5,0.02002002002,0,-0.23759957886,-0.68358661405,5,533
805,1,9.39845144622,6.0,14,0.022022022022,0,1.35180041207,0.343050210016,5,818
806,1,8.97750564949,5.0,12,0.019019019019,0,1.18718932582,0.415937672024,5,812
807,1,9.58284845018,4.0,11,0.02002002002,0,0.553668029852,2.92184436062,5,684
808,1,5.17621803757,0.0,9,0.021021021021,0,0.163880331514,-0.31542295697,5,602
809,1,4.2615528868,1.0,9,0.019019019019,0,-0.14233092136,-0.311454349116,5,656
810,1,2.90981011304,1.0,5,0.02002002002,0,-0.971090083227,0.823080362722,5,302
811,1,5.34162963245,1.0,8,0.019019019019,0,0.0116727257384,0.306611455233,5,585
812,1,8.74021110923,1.0,13,0.019019019019,0,1.11268156497,0.402166414333,5,697
813,1,6.68622201676,,7,0.021021021021,0,-0.1772232386,2.21789173256,5,352
814,1,9.79895137015,8.0,22,0.022022022022,0,1.48776692468,0.335650596118,5,972
815,1,6.46780104014,5.0,18,0.019019019019,0,0.413711851341,0.226665486118,5,832
816,1,9.11092270905,8.0,12,0.02002002002,0,0.628232216767,2.22622605875,5,578
817,1,3.53052782311,,10,0.018018018018,0,-0.750687008818,0.782588849566,5,543
818,1,4.30324276595,,7,0.024024024024,0,-0.141843766137,-0.271225935634,5,293
819,1,3.89001538784,0.0,5,0.02002002002,0,-0.168392582235,-0.604806865458,5,281
820,1,4.89872551072,3.0,5,0.02002002002,0,-0.682905096771,1.94744080103,5,275
821,1,1.57369624978,1.0,2,0.02002002002,1,-0.404571813273,-2.2125883104,5,114
822,1,0.500715130264,,1,0.019019019019,0,-1.0600482417,-1.31914014464,5,33
823,1,5.70232632817,4.0,6,0.021021021021,0,0.61938125241,-1.15581742906,5,265
824,1,5.18786453746,5.0,14,0.02002002002,0,-0.0310665810247,0.281064280535,5,436
825,1,11.5168578574,,21,0.022022022022,0,2.31388608779,-0.424800406006,5,761
826,1,3.18874823906,,14,0.021021021021,0,-0.598344359005,-0.0162186839226,5,305
827,1,6.12129478353,3.0,10,0.022022022022,0,0.68747230486,-0.941122131048,5,278
828,1,4.27473863272,3.0,17,0.019019019019,0,-0.159980145736,-0.245320930075,5,529
829,1,7.10947637425,7.0,8,0.021021021021,1,0.67610636094,0.081157291424,5,262
830,1,1.84901345345,0.0,2,0.022022022022,0,-0.887335369062,-0.48898043936,5,60
831,1,4.49948790712,,9,0.02002002002,0,0.0428716323031,-0.629126989794,5,258
832,1,1.74793923021,1.0,2,0.018018018018,1,-0.964913046315,-0.357321630846,5,68
833,1,6.23668970927,4.0,8,0.018018018018,0,0.323435583619,0.266382958416,5,301
834,1,7.49967862892,5.0,11,0.019019019019,0,1.09331087713,-0.780254002469,5,317
835,1,-0.338960857988,,0,0.018018018018,1,-1.4470097716,-0.997931543179,5,59
836,1,11.1340565881,6.0,13,0.019019019019,0,1.63981774919,1.21460334058,5,408
837,1,4.73610858204,0.0,5,0.02002002002,0,-0.018832498862,-0.207393921373,5,119
838,1,2.9800548458,0.0,5,0.02002002002,0,-0.916543784601,0.729686199603,5,147
839,1,2.85095862178,0.0,3,0.019019019019,0,-1.18725485665,1.41272319173,5,73
840,1,6.22953420227,6.0,13,0.021021021021,0,0.371430762064,0.115241916081,5,337
841,1,5.45710624389,2.0,6,0.018018018018,0,-0.205740313734,1.07432718509,5,207
842,1,10.2991075193,8.0,15,0.02002002002,0,2.37879675309,-1.83728273999,5,426
843,1,4.46920197919,0.0,6,0.02002002002,0,-0.454091844388,0.831477512354,5,210
844,1,13.1591491506,7.0,16,0.02002002002,0,2.77913693579,-0.178261656823,5,497
845,1,6.39759007067,4.0,9,0.018018018018,0,-0.159680664523,1.87663206424,5,372
846,1,7.44177707934,1.0,18,0.02002002002,0,0.636103978468,0.533465143937,5,717
847,1,4.64208730925,1.0,9,0.02002002002,0,-0.0603301464031,-0.176922251541,5,304
848,1,5.8371889343,3.0,6,0.023023023023,0,-0.234809700119,1.54161803465,5,295
849,1,6.4767577788,1.0,13,0.022022022022,0,1.24626664256,-2.26204214887,5,475
850,1,8.38882844038,4.0,16,0.02002002002,0,0.674702983629,1.3647194895,5,702
851,1,-2.44028018823,,1,0.022022022022,0,-1.86137041208,-1.856168952,5,184
852,1,7.87033197939,0.0,19,0.023023023023,0,1.10426772973,-0.442471209798,5,579
853,1,5.75052243655,,22,0.024024024024,0,0.150604713029,0.298708297458,5,757
854,1,3.54285110454,3.0,9,0.022022022022,0,-0.703567441831,0.653553430036,5,378
855,1,2.71912526469,2.0,4,0.024024024024,0,-0.715404552577,-0.134661077578,5,276
856,1,5.80054236836,5.0,6,0.021021021021,1,-0.0123280067941,0.837526388742,5,315
857,1,5.00295457789,5.0,7,0.02002002002,0,0.728245698589,-2.18178251788,5,351
858,1,5.10349513856,5.0,13,0.018018018018,0,0.147879477758,-0.340143294709,5,546
859,1,-1.97504317216,,0,0.019019019019,1,-1.69278621369,-1.89668453109,5,75
860,1,8.32871448507,2.0,9,0.02002002002,0,0.58396610365,1.57681617412,5,428
861,1,2.40827082241,2.0,6,0.018018018018,0,-0.729343503486,-0.403698667135,5,396
862,1,9.49760923002,6.0,10,0.02002002002,0,1.47479964917,0.0732102825272,5,440
863,1,4.17421975734,2.0,19,0.019019019019,0,-0.291202849151,0.0478283047924,5,816
864,1,1.04966757323,1.0,5,0.02002002002,0,-1.30962841826,-0.0214471719964,5,353
865,1,5.00891359139,1.0,14,0.02002002002,0,0.757384073551,-2.26323862926,5,547
866,1,8.5125480868,0.0,18,0.02002002002,0,0.978954313382,0.57568514665,5,740
867,1,2.8145974845,0.0,9,0.02002002002,0,-0.593276325643,-0.405573538567,5,506
868,1,0.186728382577,,14,0.02002002002,0,-1.44716633653,-0.471772607838,5,605
869,1,1.41428514103,0.0,3,0.022022022022,0,-0.950903923261,-0.733003089189,5,251
870,1,8.44069438736,2.0,9,0.019019019019,0,1.4536654579,-0.920301986348,5,596
871,1,4.14680455746,2.0,9,0.021021021021,0,0.0725971302856,-1.0709868334,5,531
872,1,7.02550659628,7.0,11,0.017017017017,0,0.275464931291,1.19911180241,5,653
873,1,9.55049984745,5.0,10,0.02002002002,0,1.22357868177,0.879763802147,5,620
874,1,4.20239483954,3.0,13,0.02002002002,0,-0.446906635248,0.543114745282,5,649
875,1,1.89249520577,1.0,2,0.023023023023,1,-1.09290735721,0.171217277415,5,272
876,1,4.6407037917,2.0,5,0.02002002002,0,-0.268646561439,0.446643476014,5,407
877,1,9.45370120981,5.0,12,0.022022022022,0,1.82952611548,-1.03487713664,5,636
878,1,6.25510147411,5.0,19,0.02002002002,0,0.593421697623,-0.525163618755,5,800
879,1,3.42173021549,0.0,14,0.02002002002,0,-0.676447796339,0.451073604502,5,707
880,1,7.27979163469,0.0,18,0.02002002002,0,0.271988754477,1.46382537125,5,799
881,1,11.6956742,7.0,16,0.019019019019,0,2.23786347774,-0.0179162332613,5,783
882,1,1.46687525274,0.0,2,0.021021021021,0,-0.966464199629,-0.633732148375,5,299
883,1,11.6235972626,10.0,16,0.022022022022,0,1.74807907292,1.3793600438,5,742
884,1,6.76364106743,6.0,7,0.02002002002,1,0.64048820695,-0.157823553418,5,520
885,1,2.96290264058,0.0,5,0.023023023023,0,-0.747501801818,0.205408046028,5,355
886,1,2.54333808736,1.0,21,0.021021021021,0,-0.499648595133,-0.957716127241,5,998
887,1,9.58043305985,1.0,12,0.021021021021,0,0.896026790544,1.89235268822,5,676
888,1,4.64002349809,3.0,12,0.022022022022,0,-0.508755670196,1.16629050868,5,603
889,1,9.68583993234,7.0,14,0.02002002002,0,1.55289319383,0.0271603508546,5,772
890,1,4.33644635236,3.0,7,0.02002002002,0,0.0410808781939,-0.78679628222,5,400
891,1,2.85720077039,1.0,3,0.02002002002,0,-0.543041745115,-0.513673994266,5,267
892,1,9.69939748529,0.0,19,0.02002002002,0,1.38446259055,0.546009713639,5,986
893,1,2.89025538935,2.0,3,0.018018018018,1,-0.984992197633,0.84523198225,5,379
894,1,6.07522185907,1.0,9,0.02002002002,0,-0.0247248198161,1.14939631851,5,465
895,1,-0.173252770926,,0,0.019019019019,1,-2.0542157711,0.989394542379,5,23
896,1,4.40893013469,4.0,15,0.02002002002,0,-0.824850328341,1.88348111971,5,675
897,1,7.92278941998,4.0,8,0.02002002002,0,0.938869355309,0.106181354052,5,458
898,1,6.3406679337,5.0,12,0.018018018018,0,0.636495948941,-0.568819913125,5,644
899,1,5.0173334609,2.0,17,0.018018018018,0,-0.346446735293,1.05667366678,5,766
900,1,6.6357504854,3.0,14,0.021021021021,0,0.373835827828,0.514243001915,5,629
901,1,4.6643773655,2.0,6,0.019019019019,0,-0.13840277079,0.0795856778658,5,438
902,1,4.16618126629,3.0,7,0.019019019019,0,-0.247675802999,-0.0907913247167,5,463
903,1,5.55028554375,2.0,12,0.019019019019,0,-0.152496862667,1.00777613175,5,588
904,1,5.39021869404,3.0,6,0.025025025025,0,0.0514242331083,0.235945994719,5,421
905,1,-5.11043746745,,1,0.018018018018,0,-3.17843663614,-0.575127559024,5,31
906,1,1.95834932724,1.0,4,0.018018018018,0,-0.830452934666,-0.550291868762,5,453
907,1,6.07200040006,2.0,10,0.022022022022,0,0.26595596901,0.27413249303,5,534
908,1,8.69400692877,8.0,13,0.018018018018,0,0.93641472664,0.884762748856,5,660
909,1,2.35132014415,1.0,4,0.018018018018,0,-0.611125036426,-0.815304746569,5,392
910,1,8.46800296737,3.0,16,0.018018018018,0,1.13907238126,0.0507858235839,5,858
911,1,6.64793859701,3.0,18,0.018018018018,0,0.37062895405,0.536051734855,5,994
912,1,8.95933687007,4.0,12,0.021021021021,0,1.62456250927,-0.914350657728,5,670
913,1,2.96333218247,2.0,3,0.02002002002,1,-1.31403499307,1.90543716169,5,374
914,1,8.51474173435,1.0,9,0.02002002002,0,1.05997960352,0.334802923796,5,569
915,1,5.24960969797,1.0,14,0.017017017017,0,0.126970181971,-0.131300847942,5,781
916,1,2.58824121627,0.0,16,0.023023023023,0,-0.274859834141,-1.58717928131,5,736
917,1,2.54787037968,1.0,19,0.021021021021,0,-0.82065606354,0.0098385703007,5,960
918,1,5.96396007303,2.0,7,0.019019019019,0,0.414813419366,-0.280480185064,5,635
919,1,0.181692329138,0.0,1,0.02002002002,1,-1.32216788337,-0.85180402075,5,214
920,1,3.53920005943,2.0,12,0.018018018018,0,-0.740948979926,0.76204699921,5,756
921,1,4.76718086711,0.0,11,0.02002002002,0,0.223938238924,-0.904633849664,5,726
922,1,2.0322524233,1.0,10,0.017017017017,0,-0.464849716669,-1.57319842669,5,712
923,1,3.52912632659,3.0,4,0.022022022022,1,-0.594981940414,0.314072147827,5,509
924,1,0.522691547818,,21,0.021021021021,0,-1.23115943254,-0.783830154553,5,985
925,1,11.8730570721,4.0,20,0.022022022022,0,2.08477471688,0.618732921466,5,846
926,1,8.04186811914,2.0,11,0.022022022022,0,0.97499007761,0.116897886307,5,639
927,1,11.5036069756,11.0,15,0.019019019019,0,2.08586081182,0.246024540157,5,735
928,1,2.4877064647,,3,0.02002002002,0,-0.764368261236,-0.219188751593,5,269
929,1,4.75376906571,0.0,11,0.018018018018,0,0.23362721663,-0.947112584178,5,584
930,1,5.33509077364,1.0,8,0.023023023023,0,-0.312187720575,1.27165393537,5,479
931,1,2.98201247492,2.0,3,0.019019019019,1,-0.644892115558,-0.0833111784122,5,360
932,1,0.956163497443,0.0,11,0.02002002002,0,-1.42423904617,0.228880635962,5,516
933,1,7.41362850336,2.0,16,0.021021021021,0,0.525199635523,0.838029596791,5,719
934,1,5.68933967535,3.0,12,0.02002002002,0,-0.557572997179,2.36205866688,5,592
935,1,5.31776237918,4.0,9,0.02002002002,0,-0.09921984427,0.615421911991,5,459
936,1,4.82612743011,2.0,5,0.019019019019,0,-0.522776004281,1.39445544295,5,309
937,1,3.57793823577,2.0,4,0.02002002002,0,-0.197128716526,-0.830675614654,5,427
938,1,6.4286386053,4.0,10,0.021021021021,0,0.333137900671,0.429224903288,5,457
939,1,3.99970881865,0.0,4,0.017017017017,0,0.0705527955527,-1.21194956801,5,444
940,1,0.0360676493898,0.0,1,0.019019019019,1,-1.47368755057,-0.542869698898,5,188
941,1,8.63054325299,4.0,14,0.022022022022,0,1.07367548597,0.409516795072,5,623
942,1,4.17642195986,2.0,11,0.018018018018,0,-0.322436073188,0.143730179425,5,643
943,1,3.4025916275,3.0,19,0.019019019019,0,-0.0134669604935,-1.55700749102,5,996
944,1,-1.87147643173,,0,0.019019019019,1,-1.6375532039,-1.95881682003,5,104
945,1,3.23653775952,0.0,4,0.019019019019,0,-0.7959832119,0.624487395218,5,431
946,1,3.14691023274,0.0,7,0.018018018018,0,-0.670808788217,0.159336597393,5,450
947,1,7.30568112548,,16,0.019019019019,0,0.512288281536,0.768816280872,5,860
948,1,6.31215061196,5.0,14,0.022022022022,0,0.285095038179,0.456865497428,5,833
949,1,6.72644959848,2.0,16,0.022022022022,0,0.882948846171,-0.922396940034,5,856
950,1,1.91643666629,1.0,2,0.02002002002,1,-0.524087274404,-1.5113015105,5,220
951,1,4.89225717952,4.0,5,0.018018018018,1,-0.0819950665136,0.13824237906,5,758
952,1,6.18898883275,4.0,9,0.021021021021,0,0.216137152433,0.54057737545,5,767
953,1,9.77967841184,8.0,13,0.02002002002,0,0.997527721052,1.78709524868,5,851
954,1,1.6264903963,1.0,4,0.017017017017,0,-0.454398497884,-2.01031411005,5,606
955,1,2.48605880407,2.0,16,0.018018018018,0,-0.698020043139,-0.419881066514,5,965
956,1,11.5933909005,1.0,15,0.021021021021,0,2.38378632694,-0.557968080269,5,882
957,1,6.00938994744,4.0,11,0.02002002002,0,1.07371511639,-2.21175540173,5,852
958,1,7.90985692855,3.0,17,0.02002002002,0,0.758677683841,0.633823877028,5,898
959,1,11.0033335647,10.0,18,0.018018018018,0,2.24281387257,-0.725108053008,5,988
960,1,6.25637936539,3.0,11,0.02002002002,0,0.103552211148,0.945722731949,5,845
961,1,2.88326608409,2.0,5,0.019019019019,0,-0.743667326655,0.114268064052,5,755
962,1,9.55308274662,1.0,17,0.022022022022,0,1.14033040171,1.13209154148,5,894
963,1,5.86755130783,2.0,7,0.02002002002,0,0.134802075565,0.463145081137,5,763
964,1,9.0052203239,8.0,19,0.021021021021,0,0.980612039972,1.06338420398,5,968
965,1,2.45919810514,1.0,15,0.018018018018,0,-0.362655273909,-1.45283607313,5,919
966,1,4.62382806786,1.0,12,0.019019019019,0,-0.496225577818,1.11250480132,5,853
967,1,3.09491505679,1.0,7,0.019019019019,0,-0.557789326026,-0.231716965127,5,725
968,1,5.84005801665,4.0,10,0.019019019019,0,0.119544014298,0.481425973754,5,826
969,1,11.3021325888,1.0,13,0.017017017017,0,2.24322421672,-0.427540061351,5,884
970,1,5.73753433262,3.0,10,0.023023023023,0,0.517767062905,-0.815766856099,5,724
971,1,3.1079258411,1.0,7,0.018018018018,0,-1.01353200498,1.14852185605,5,706
972,1,5.98129500142,1.0,17,0.02002002002,0,0.0803367416864,0.740284776366,5,868
973,1,2.16983850153,2.0,3,0.021021021021,1,-0.769884146881,-0.520509057823,5,655
974,1,5.09591971245,3.0,13,0.019019019019,0,-0.0740043613149,0.317932796391,5,802
975,1,6.61542894275,2.0,10,0.021021021021,0,0.836732600638,-0.894768859164,5,703
976,1,6.00177523186,0.0,7,0.02002002002,0,0.297994538565,0.107791616166,5,689
977,1,1.84428319706,0.0,11,0.019019019019,0,-1.20684415031,0.464815648006,5,695
978,1,4.63073735906,3.0,5,0.019019019019,0,-0.291044783411,0.503871709292,5,671
979,1,1.29425213642,0.0,8,0.02002002002,0,-1.05441168731,-0.542512801658,5,681
980,1,2.55345000464,1.0,16,0.021021021021,0,-0.455298063864,-1.08065580377,5,722
981,1,6.53306020381,1.0,13,0.018018018018,0,0.307859032062,0.609483107628,5,694
982,1,5.76597711232,1.0,8,0.021021021021,0,0.980688047259,-2.17608702946,5,648
983,1,3.58257989733,1.0,15,0.02002002002,0,-0.190962572209,-0.844532386039,5,691
984,1,6.13962411153,1.0,7,0.02002002002,0,0.419086867032,-0.117636489564,5,607
985,1,4.32989731393,0.0,6,0.019019019019,0,-0.310949627628,0.262746196815,5,552
986,1,3.34768570553,3.0,4,0.02002002002,1,-1.00883586965,1.37419331449,5,500
987,1,1.421056169,0.0,2,0.019019019019,0,-0.736825328589,-1.36846784523,5,406
988,1,10.2871783639,6.0,18,0.02002002002,0,1.23554300342,1.58054935361,5,888
989,1,3.73064202216,0.0,13,0.02002002002,0,-0.755839854898,0.998161586852,5,664
990,1,0.627255260187,0.0,1,0.02002002002,1,-1.54433775545,0.260268526532,5,318
991,1,6.08529654529,1.0,12,0.019019019019,0,0.46429595976,-0.307591333992,5,611
992,1,5.66493709538,0.0,8,0.02002002002,0,-0.0971442403904,0.956369816547,5,523
993,1,3.84522617642,3.0,4,0.024024024024,1,-0.567974988103,0.549151140725,5,320
994,1,5.06330578202,2.0,14,0.022022022022,0,0.104638755109,-0.250610483311,5,598
995,1,9.07818276195,8.0,17,0.02002002002,0,0.504845571173,2.56364604843,5,711
996,1,6.59791838637,3.0,20,0.02002002002,0,0.417175639649,0.346391467419,5,956
997,1,5.13687144917,4.0,8,0.02002002002,0,0.292247805777,-0.739871968162,5,494
998,1,7.42297046328,5.0,10,0.021021021021,0,0.562385338618,0.735814447424,5,488
999,1,8.39814029624,4.0,10,0.017017017017,0,1.13357771555,-0.00259285040222,5,539
