name,activated,threshold,before_activation_alters,after_activation_alters,degree,observed,var1,epsilon,constant,activation_order
0,1,4.67870095434,,13.0,0.125125125125,0,-0.223988504471,0.350666467756,5,51
1,1,3.11203782133,,23.0,0.0600600600601,0,-0.423479399059,-0.617523981492,5,386
2,1,7.14494577542,,54.0,0.0810810810811,0,0.116882555017,1.79429811037,5,559
3,1,3.6695382007,3.0,4.0,0.0600600600601,1,0.138719391916,-1.74661997505,5,38
4,1,2.24418845047,,35.0,0.0850850850851,0,-0.918606699024,8.54753999006e-06,5,334
5,1,6.4599961094,,40.0,0.102102102102,0,0.674757668621,-0.564276896465,5,359
6,1,7.80565604102,4.0,8.0,0.027027027027,0,0.867772976636,0.202337111113,5,89
7,1,8.0404243918,7.0,16.0,0.045045045045,0,1.0949299532,-0.244365467804,5,263
8,1,-0.757746301932,,0.0,0.135135135135,1,-2.22960409402,0.93106598012,5,2
9,1,6.66451693817,2.0,99.0,0.141141141141,0,0.0597574747192,1.48524451401,5,663
10,1,3.167713732,,16.0,0.117117117117,0,-0.375361112369,-0.706202930891,5,74
11,1,4.49140820404,,9.0,0.114114114114,0,-0.134330448324,-0.10560045099,5,54
12,1,3.78893265407,2.0,12.0,0.108108108108,0,-0.0480261064545,-1.06698902656,5,75
13,1,0.0159758227273,,23.0,0.202202202202,0,-1.29104552059,-1.1108876155,5,83
14,1,4.55524200857,3.0,7.0,0.109109109109,0,0.296560893539,-1.33444067205,5,41
15,1,4.80065057832,,20.0,0.0800800800801,0,-0.160524744042,0.282224810441,5,264
16,1,11.1093819398,10.0,16.0,0.0830830830831,0,2.09594102072,-0.178441122412,5,86
17,1,2.46820168867,,39.0,0.1001001001,0,-0.813242884455,-0.0920696579617,5,288
18,1,6.39673137961,,12.0,0.0740740740741,0,-0.140858545641,1.81930701653,5,140
19,1,0.423813106022,,59.0,0.0960960960961,0,-1.3153306105,-0.630195062468,5,496
20,1,10.4280634751,9.0,30.0,0.0760760760761,0,1.28062254701,1.58619583408,5,336
21,1,2.04205254647,1.0,59.0,0.0870870870871,0,-0.810220159016,-0.527286976484,5,621
22,1,-1.87642754307,,1.0,0.0520520520521,0,-2.24141512698,-0.152182162119,5,6
23,1,-0.320940937386,,8.0,0.045045045045,0,-1.97309060838,0.598330887753,5,169
24,1,4.88904561658,0.0,13.0,0.0630630630631,0,-0.378552124387,1.02470198974,5,133
25,1,6.5262361717,4.0,8.0,0.037037037037,0,0.448928557263,0.179450499906,5,235
26,1,7.98115917371,2.0,10.0,0.041041041041,0,1.15870717623,-0.49496235498,5,107
27,1,7.35697872044,0.0,20.0,0.035035035035,0,0.602631228122,0.54908503607,5,469
28,1,4.07903411666,,14.0,0.0550550550551,0,-0.617141383478,0.930458267097,5,174
29,1,6.68990129995,1.0,8.0,0.037037037037,0,0.296526337039,0.800322288829,5,112
30,1,6.99560347715,3.0,7.0,0.029029029029,0,0.978467311547,-0.939798457487,5,161
31,1,2.4518502351,1.0,4.0,0.025025025025,0,-1.42704372023,1.7329813958,5,80
32,1,1.87510699371,1.0,11.0,0.0720720720721,0,-0.792068198994,-0.748688409306,5,139
33,1,0.0781596250394,,1.0,0.037037037037,0,-1.31272698254,-0.983659427349,5,7
34,1,4.15600738501,2.0,6.0,0.0590590590591,0,-0.238762420381,-0.127705353846,5,81
35,1,10.5804687881,5.0,14.0,0.019019019019,0,1.49729485644,1.08858421877,5,628
36,1,8.95076821554,7.0,20.0,0.045045045045,0,1.43313678183,-0.348642129943,5,400
37,1,3.30539866527,1.0,5.0,0.046046046046,0,-0.374836589638,-0.570091565817,5,145
38,1,5.84860700987,3.0,37.0,0.0630630630631,0,-0.164719439369,1.34276532797,5,450
39,1,3.30332788638,,37.0,0.041041041041,0,-0.410120663339,-0.466310123602,5,827
40,1,4.66434573992,,6.0,0.023023023023,0,0.0950247876438,-0.620728623009,5,119
41,1,6.13923979517,2.0,11.0,0.0500500500501,0,0.303072411162,0.230022561679,5,171
42,1,0.4372269951,0.0,13.0,0.042042042042,0,-1.0583870303,-1.38761191401,5,355
43,1,-0.0521230071819,,65.0,0.0780780780781,0,-1.49101392801,-0.579081223137,5,795
44,1,10.1575949244,7.0,14.0,0.036036036036,0,1.46755306495,0.754935729566,5,212
45,1,4.35313021348,3.0,5.0,0.038038038038,0,-0.620899708834,1.21582933998,5,58
46,1,6.04744596576,0.0,43.0,0.0570570570571,0,0.0367634831158,0.937155516408,5,673
47,1,2.39066137702,,21.0,0.04004004004,0,-0.509697186112,-1.08024706464,5,430
48,1,3.10993101574,,9.0,0.043043043043,0,-0.483815790511,-0.438621612725,5,142
49,1,4.37896423835,3.0,24.0,0.037037037037,0,-0.25712202444,0.150330311671,5,416
50,1,1.40841909392,0.0,3.0,0.027027027027,0,-0.772788040898,-1.27321678338,5,57
51,1,0.933739425869,,5.0,0.037037037037,0,-0.940169290206,-1.24575270351,5,71
52,1,9.09635116672,8.0,18.0,0.033033033033,0,0.35018605145,3.04579301237,5,658
53,1,7.06615401331,7.0,18.0,0.036036036036,0,1.00962125514,-0.962709752125,5,445
54,1,1.77910440113,0.0,9.0,0.04004004004,0,-0.750309872328,-0.969965981882,5,102
55,1,-0.995043057853,,7.0,0.026026026026,0,-2.13538406502,0.411109137208,5,179
56,1,0.586001772232,,1.0,0.032032032032,0,-1.99107689043,1.55923244353,5,34
57,1,5.72163291576,2.0,15.0,0.032032032032,0,0.367742398546,-0.381594279881,5,410
58,1,6.68272312083,2.0,8.0,0.028028028028,0,0.0676479812956,1.47977917695,5,170
59,1,3.13135204986,,6.0,0.033033033033,0,0.154687579563,-2.33271068883,5,91
60,1,0.933561901629,0.0,1.0,0.026026026026,1,-1.27624587871,-0.237700462237,5,43
61,1,7.25369048821,4.0,16.0,0.022022022022,0,0.296168376052,1.36518536005,5,593
62,1,7.56782325487,4.0,15.0,0.021021021021,0,0.322108633222,1.60149735521,5,582
63,1,6.46990925472,,7.0,0.022022022022,0,0.366283265467,0.371059458323,5,226
64,1,12.2657552546,8.0,28.0,0.0590590590591,0,2.42230143925,-0.00114906317029,5,390
65,1,1.06998702145,0.0,8.0,0.032032032032,0,-1.52924372177,0.657718186758,5,200
66,1,10.7211974848,8.0,20.0,0.03003003003,0,2.55669729188,-1.94889439082,5,612
67,1,1.8807993107,,3.0,0.033033033033,0,-1.58254298233,1.6284282577,5,122
68,1,1.91569412986,,13.0,0.04004004004,0,-0.889171900488,-0.416790168672,5,193
69,1,6.26541335593,,12.0,0.023023023023,0,0.589469809244,-0.502996071798,5,273
70,1,4.23816832962,,21.0,0.03003003003,0,-0.238344887435,-0.0467970080799,5,607
71,1,10.3009936828,9.0,12.0,0.027027027027,0,1.7722001227,-0.0156066853476,5,309
72,1,8.60371500366,7.0,17.0,0.028028028028,0,0.551978720259,1.94777884288,5,505
73,1,7.81507019021,3.0,10.0,0.022022022022,0,0.846934675082,0.27426616496,5,417
74,1,9.68064616607,,11.0,0.036036036036,0,1.85109832275,-0.872648802182,5,247
75,1,2.49798810914,,4.0,0.02002002002,0,-1.11917057626,0.855499837918,5,111
76,1,1.17793766139,,3.0,0.035035035035,0,-1.20497582449,-0.207134865152,5,104
77,1,5.13616903383,4.0,7.0,0.023023023023,0,-0.690655286818,2.20813489428,5,259
78,1,0.390084614757,,2.0,0.037037037037,0,-1.76263432868,0.677987600792,5,45
79,1,1.36093800644,1.0,6.0,0.017017017017,0,-0.927322180063,-0.857095453372,5,330
80,1,4.02943833544,2.0,20.0,0.035035035035,0,-0.48556279301,0.486126714468,5,523
81,1,3.69403512872,,6.0,0.02002002002,0,-0.837960069063,1.20791533591,5,152
82,1,5.82510571397,4.0,22.0,0.024024024024,0,0.173559475401,0.304427287762,5,861
83,1,7.41905021674,,26.0,0.0520520520521,0,1.259259178,-1.35872731727,5,420
84,1,1.32989628057,,6.0,0.045045045045,0,-1.14567393356,-0.233081918742,5,72
85,1,2.00373860153,1.0,8.0,0.021021021021,0,-0.764657509045,-0.702288871331,5,368
86,1,6.80234930044,2.0,11.0,0.021021021021,0,0.628991233518,-0.0846244001092,5,319
87,1,5.42916207794,2.0,13.0,0.017017017017,0,-0.167878373651,0.932797198894,5,602
88,1,6.3624535282,4.0,10.0,0.013013013013,0,0.34892726934,0.315671720177,5,597
89,1,5.16192998735,5.0,21.0,0.023023023023,0,-0.107451542537,0.484284614958,5,806
90,1,2.26091852528,1.0,3.0,0.022022022022,0,-0.410194754126,-1.50849721234,5,214
91,1,6.67257897355,4.0,14.0,0.015015015015,0,0.173084311285,1.15332603969,5,923
92,1,1.33979520306,0.0,4.0,0.018018018018,0,-0.967893602075,-0.756523990714,5,135
93,1,4.82034244443,,6.0,0.022022022022,0,0.160904019538,-0.662369614185,5,141
94,1,10.7780257855,4.0,11.0,0.011011011011,0,1.88601055819,0.119994110947,5,824
95,1,9.43561826212,8.0,11.0,0.015015015015,0,1.55244391498,-0.221713482833,5,578
96,1,4.50000131453,,11.0,0.047047047047,0,0.355377925509,-1.566132462,5,187
97,1,9.24814183213,6.0,18.0,0.03003003003,0,0.89902702707,1.55106075092,5,627
98,1,7.5703900911,1.0,14.0,0.02002002002,0,0.354539558812,1.50677141466,5,467
99,1,2.75466484272,1.0,26.0,0.032032032032,0,-0.316597565268,-1.29554246148,5,911
100,1,6.92291410953,5.0,19.0,0.033033033033,0,0.239144549483,1.20548046108,5,504
101,1,6.07587244064,2.0,12.0,0.028028028028,0,0.371839923332,-0.039647329355,5,461
102,1,5.55875955458,,6.0,0.031031031031,0,-0.0331849845422,0.658314508207,5,184
103,1,2.87956205696,,26.0,0.028028028028,0,-0.698655893321,-0.0244702630731,5,931
104,1,5.56299426642,,13.0,0.028028028028,0,0.534156408528,-1.03947495916,5,392
105,1,4.27595259041,3.0,6.0,0.021021021021,0,0.0356606490429,-0.831029356719,5,196
106,1,5.0183599434,,6.0,0.024024024024,0,0.440910015502,-1.30437010311,5,154
107,1,7.99610030072,4.0,10.0,0.022022022022,0,1.67287596084,-2.0225275818,5,344
108,1,0.606647804419,0.0,4.0,0.023023023023,0,-1.56121759929,0.290300602275,5,132
109,1,3.05927554961,3.0,12.0,0.03003003003,0,-0.927230228869,0.840966236222,5,342
110,1,-0.39324228095,,0.0,0.017017017017,1,-1.77695636659,-0.0623731811792,5,21
111,1,13.1299357697,,18.0,0.022022022022,0,2.3334724079,1.12951854596,5,733
112,1,5.29316127312,1.0,6.0,0.026026026026,0,-0.0352770534838,0.398992433567,5,182
113,1,0.515918349187,,8.0,0.031031031031,0,-1.67087347286,0.528538767756,5,189
114,1,5.7489624015,0.0,13.0,0.028028028028,0,-0.335029104226,1.75404971418,5,437
115,1,4.16128660001,4.0,6.0,0.022022022022,0,-0.404371451545,0.374400954643,5,397
116,1,2.32711641382,1.0,13.0,0.025025025025,0,-0.380027630963,-1.53280069329,5,528
117,1,3.65414453195,2.0,6.0,0.023023023023,0,-0.559703942299,0.333256358844,5,190
118,1,7.47405736855,3.0,13.0,0.02002002002,0,0.670197231494,0.463465674066,5,477
119,1,7.62214370683,6.0,12.0,0.034034034034,0,0.556410789373,0.952911338709,5,332
120,1,3.23864367295,2.0,5.0,0.018018018018,0,-0.644148661442,0.171089657275,5,120
121,1,5.44748436246,2.0,13.0,0.023023023023,0,0.316919361529,-0.503273722129,5,525
122,1,4.68232201414,1.0,9.0,0.018018018018,0,0.275778158869,-1.14501246247,5,369
123,1,6.09578467239,5.0,10.0,0.014014014014,0,-0.530791398227,2.68815886707,5,443
124,1,1.49164377271,,3.0,0.014014014014,0,-1.00688738421,-0.487694074662,5,134
125,1,-0.353025681132,,0.0,0.016016016016,1,-1.12139092471,-1.98885290699,5,16
126,1,7.82634276112,7.0,9.0,0.01001001001,0,0.987109891266,-0.134986912677,5,774
127,1,2.35712037025,1.0,8.0,0.016016016016,0,-1.16812442863,0.861493656142,5,234
128,1,4.19314633573,,8.0,0.0510510510511,0,0.000372366389954,-0.807970763442,5,240
129,1,8.72409196529,6.0,13.0,0.02002002002,0,0.786192510859,1.36551443272,5,575
130,1,7.49871140155,7.0,14.0,0.029029029029,0,0.950170658046,-0.35180057259,5,514
131,1,7.6927503085,,18.0,0.025025025025,0,0.487213773553,1.23110898784,5,472
132,1,5.47431277076,2.0,8.0,0.024024024024,0,0.224623590764,-0.199558001533,5,436
133,1,2.35694989738,,4.0,0.033033033033,0,-0.848450477141,-0.0976986712023,5,109
134,1,-0.0802124489821,,8.0,0.019019019019,0,-1.76894343148,0.226617845472,5,287
135,1,1.9461072325,,3.0,0.037037037037,0,-1.07548555474,0.172563896721,5,77
136,1,7.61014729139,,19.0,0.023023023023,0,0.945018310483,-0.224907640063,5,753
137,1,8.3476651768,8.0,10.0,0.021021021021,0,0.315863881778,2.40007353147,5,561
138,1,4.19298063044,,6.0,0.019019019019,0,0.291058293454,-1.68019424992,5,222
139,1,3.12259929319,2.0,4.0,0.032032032032,0,-1.14833374108,1.56760051642,5,65
140,1,6.34516339225,6.0,9.0,0.018018018018,0,0.90095376956,-1.35769791643,5,340
141,1,2.76968554189,,3.0,0.027027027027,0,-0.108971735856,-1.90339925054,5,76
142,1,4.19908513671,0.0,9.0,0.031031031031,0,0.139222651127,-1.21858281667,5,188
143,1,9.80209334579,9.0,18.0,0.018018018018,0,1.4579428632,0.428264756188,5,789
144,1,14.5955937323,14.0,15.0,0.024024024024,1,2.25984063503,2.81607182724,5,473
145,1,6.30636482588,,9.0,0.028028028028,0,0.445889158912,-0.0313026508499,5,211
146,1,6.42030484101,6.0,7.0,0.03003003003,1,0.727824912672,-0.763169897005,5,177
147,1,3.01389724494,2.0,4.0,0.019019019019,0,-0.326871687263,-1.00548769327,5,195
148,1,4.56775692151,0.0,5.0,0.017017017017,0,0.145803561347,-0.86965376253,5,236
149,1,2.99152708532,,15.0,0.032032032032,0,-0.565158855374,-0.312996348552,5,333
150,1,1.61063855551,,6.0,0.018018018018,0,-1.03909580331,-0.272074034549,5,124
151,1,5.27782598247,1.0,7.0,0.015015015015,0,-0.453854120936,1.63938834528,5,258
152,1,0.087282447794,0.0,1.0,0.038038038038,1,-1.64087844475,0.00991778203369,5,66
153,1,0.0190515220778,0.0,3.0,0.019019019019,0,-2.04648575162,1.15850877693,5,181
154,1,6.04480046617,4.0,11.0,0.015015015015,0,0.866621912139,-1.55506527025,5,687
155,1,5.51237528468,1.0,8.0,0.018018018018,0,-0.0257592767805,0.589653115017,5,224
156,1,3.42348361608,,4.0,0.011011011011,0,-1.13021331069,1.81412354815,5,301
157,1,7.60917889295,2.0,15.0,0.02002002002,0,0.904333154152,-0.103820569501,5,634
158,1,3.33445283757,3.0,8.0,0.016016016016,0,-0.947098343958,1.17574786944,5,405
159,1,1.14983446986,1.0,8.0,0.015015015015,0,-1.66274485698,1.13806904079,5,221
160,1,2.87303297638,,5.0,0.026026026026,0,-0.62933210828,-0.238970698783,5,192
161,1,7.69472095548,4.0,16.0,0.037037037037,0,0.695796081816,0.607332710034,5,426
162,1,1.85222807086,,3.0,0.019019019019,0,-0.955770369492,-0.28046082066,5,115
163,1,5.80078072557,,13.0,0.013013013013,0,0.673408706487,-1.21944539389,5,899
164,1,7.15113088302,0.0,24.0,0.029029029029,0,1.17462023798,-1.37272983093,5,708
165,1,6.91398653059,0.0,14.0,0.017017017017,0,0.124616902894,1.54013582191,5,732
166,1,8.39938118471,8.0,9.0,0.024024024024,1,0.942829606759,0.570892364435,5,541
167,1,8.33881137862,,9.0,0.019019019019,0,1.15106447406,-0.114382043552,5,464
168,1,11.7105675058,9.0,15.0,0.016016016016,0,2.2212814297,0.0467232166958,5,885
169,1,4.04862690006,3.0,12.0,0.034034034034,0,-0.381173418207,0.192147154678,5,306
170,1,4.3499260955,4.0,6.0,0.031031031031,0,0.0625522161394,-0.83773055292,5,191
171,1,7.02782690326,3.0,11.0,0.028028028028,0,0.57099116228,0.314853416416,5,452
172,1,7.96448086058,2.0,11.0,0.023023023023,0,0.647437085729,1.02216960339,5,451
173,1,8.8458632597,2.0,9.0,0.015015015015,0,0.681186093737,1.80230497849,5,364
174,1,5.96926806959,,10.0,0.016016016016,0,0.595477407279,-0.817164152248,5,458
175,1,4.64905653559,0.0,7.0,0.027027027027,0,-0.216339305888,0.298074453252,5,96
176,1,4.54558770245,4.0,5.0,0.016016016016,1,-0.393725583098,0.726764451748,5,315
177,1,5.81892369248,2.0,7.0,0.023023023023,0,0.663918450078,-1.17283165776,5,208
178,1,4.04138215284,0.0,8.0,0.02002002002,0,-0.260036200008,-0.178509247131,5,404
179,1,9.26948912276,8.0,10.0,0.019019019019,0,1.16179323464,0.784109418833,5,403
180,1,2.20758045033,0.0,8.0,0.012012012012,0,-0.624168522218,-0.919913983019,5,527
181,1,3.6620638989,2.0,6.0,0.018018018018,0,-0.0506420021076,-1.18601009478,5,362
182,1,7.09775039061,0.0,15.0,0.018018018018,0,0.766802177528,-0.202656141979,5,604
183,1,4.32338228781,4.0,5.0,0.017017017017,1,-0.416064159485,0.571574766268,5,388
184,1,3.50783174559,,4.0,0.015015015015,0,-0.28953725764,-0.623556481492,5,110
185,1,1.31697064474,,2.0,0.014014014014,0,-1.21392553888,-0.0412527386377,5,136
186,1,4.80006711286,2.0,6.0,0.014014014014,0,-0.0751224000529,0.0254343130187,5,209
187,1,6.26389939603,5.0,16.0,0.021021021021,0,0.376795842674,0.133511868008,5,712
188,1,1.21100548761,1.0,7.0,0.022022022022,0,-1.22174059011,-0.123772742053,5,205
189,1,-1.77265549049,,2.0,0.012012012012,0,-1.78874875365,-1.40640922955,5,118
190,1,5.91165595497,4.0,10.0,0.01001001001,0,0.28309010332,0.0623856450142,5,819
191,1,1.63994217762,,6.0,0.016016016016,0,-0.978720321983,-0.423896856436,5,59
192,1,1.88715349659,,5.0,0.025025025025,0,-0.876980823223,-0.481904033738,5,210
193,1,10.9996537288,10.0,13.0,0.017017017017,0,1.50718023671,1.47811301867,5,555
194,1,10.2095574686,9.0,19.0,0.02002002002,0,1.25359084236,1.44878494151,5,893
195,1,-0.525286905419,,3.0,0.02002002002,0,-1.88699434377,0.135696125883,5,70
196,1,1.02516786728,0.0,5.0,0.012012012012,0,-1.29094973265,-0.101982934769,5,374
197,1,5.6807801962,3.0,8.0,0.014014014014,0,0.146819687648,0.240321133257,5,421
198,1,5.12855502025,2.0,23.0,0.029029029029,0,0.0536280977171,-0.0323292729042,5,829
199,1,7.04629005478,2.0,24.0,0.031031031031,0,0.438212356438,0.731652985467,5,791
200,1,6.46706549896,2.0,12.0,0.028028028028,0,0.969363315314,-1.44102444698,5,447
201,1,4.27026542495,4.0,5.0,0.015015015015,1,-0.179222008507,-0.192068549528,5,146
202,1,5.6231337916,5.0,19.0,0.024024024024,0,0.105823729269,0.305662603791,5,831
203,1,10.6746336016,9.0,12.0,0.013013013013,0,1.46417334667,1.2821135616,5,902
204,1,0.114417392287,,1.0,0.021021021021,0,-1.76348522897,0.404873079197,5,105
205,1,4.55413899328,3.0,5.0,0.014014014014,0,-0.146695562686,-0.00577431865761,5,217
206,1,11.4746296357,9.0,13.0,0.015015015015,0,2.01976534746,0.4153335933,5,884
207,1,4.67543378763,2.0,9.0,0.023023023023,0,-0.0126704771808,-0.286554780832,5,384
208,1,4.90574966528,,7.0,0.022022022022,0,-0.392950751459,1.08460191966,5,175
209,1,5.21581863908,4.0,11.0,0.014014014014,0,-0.499702879524,1.71492727765,5,711
210,1,11.6021566706,9.0,14.0,0.014014014014,0,2.39431614104,-0.580791752522,5,807
211,1,3.03162260971,3.0,13.0,0.023023023023,0,-1.1432863187,1.46148156582,5,614
212,1,2.44606469923,1.0,10.0,0.018018018018,0,-0.475841221811,-1.12641163534,5,348
213,1,6.13456507744,3.0,8.0,0.013013013013,0,1.12797665803,-2.24936489664,5,346
214,1,3.07704797765,1.0,15.0,0.018018018018,0,-0.829104951111,0.564362830985,5,821
215,1,4.39788430971,0.0,5.0,0.015015015015,0,0.250977376281,-1.35504781914,5,148
216,1,1.30525402976,1.0,2.0,0.018018018018,1,-1.785685446,1.66231036777,5,113
217,1,2.3167042718,2.0,11.0,0.016016016016,0,-0.637548942961,-0.770648899322,5,592
218,1,8.29616100082,5.0,10.0,0.01001001001,0,1.05961183095,0.117325507977,5,876
219,1,14.3340936599,9.0,15.0,0.016016016016,0,2.70194910702,1.22824633888,5,843
220,1,6.50436897265,6.0,8.0,0.012012012012,0,0.478304682844,0.0694549241204,5,650
221,1,2.42366419641,1.0,3.0,0.013013013013,0,-1.21919758616,1.08125695491,5,178
222,1,4.1228936843,3.0,7.0,0.00800800800801,0,0.179943079776,-1.41693555503,5,476
223,1,5.78679930023,2.0,6.0,0.012012012012,0,-0.216248381442,1.43554444456,5,446
224,1,1.69831279916,1.0,2.0,0.013013013013,1,-0.484039093986,-1.84956991888,5,95
225,1,0.985742009814,,5.0,0.026026026026,0,-0.992050680929,-1.0381059474,5,220
226,1,3.36320910844,0.0,7.0,0.019019019019,0,-0.0223875344171,-1.56962828831,5,241
227,1,6.26450973962,4.0,15.0,0.023023023023,0,0.546577008065,-0.375221284579,5,646
228,1,5.76758678358,5.0,8.0,0.02002002002,0,0.245947622137,0.029743917167,5,379
229,1,2.74445551729,2.0,4.0,0.017017017017,0,-0.545460419654,-0.619163223743,5,186
230,1,4.38502919231,3.0,7.0,0.014014014014,0,-0.0569617024219,-0.444085700426,5,378
231,1,6.46947654553,6.0,10.0,0.02002002002,0,0.683085623792,-0.579780325845,5,375
232,1,-0.813448428295,,0.0,0.017017017017,1,-1.59919600931,-1.01586040037,5,32
233,1,9.8851174889,6.0,11.0,0.023023023023,0,1.40223768036,0.678404447809,5,490
234,1,11.8048318346,7.0,15.0,0.018018018018,0,1.87257324687,1.18711209405,5,656
235,1,9.09209546772,5.0,10.0,0.017017017017,0,1.91389554751,-1.64959117481,5,485
236,1,2.89634764632,2.0,11.0,0.013013013013,0,-0.57269689704,-0.385561662557,5,660
237,1,6.09983798195,5.0,9.0,0.015015015015,0,0.256029017394,0.331750929763,5,726
238,1,5.66026858728,0.0,6.0,0.014014014014,0,-0.285823009852,1.51773761683,5,250
239,1,6.20346233353,5.0,11.0,0.019019019019,0,0.459775357658,-0.17586373944,5,529
240,1,-0.593216602512,,0.0,0.019019019019,1,-2.19207679281,0.983013775909,5,3
241,1,5.34899786648,,6.0,0.021021021021,0,0.0936627214145,0.0680097022342,5,149
242,1,-0.57688617929,,2.0,0.015015015015,0,-1.60924035217,-0.749165122769,5,94
243,1,6.12159080722,6.0,11.0,0.016016016016,0,0.620542131849,-0.740035588331,5,685
244,1,10.3857387422,5.0,12.0,0.015015015015,0,1.8453047987,-0.150175653887,5,703
245,1,-0.668594379693,,4.0,0.017017017017,0,-1.4378434241,-1.35506410739,5,162
246,1,6.53121744119,2.0,9.0,0.016016016016,0,1.10992969575,-1.79857164605,5,457
247,1,7.51581410519,5.0,9.0,0.014014014014,0,0.330971249049,1.52290035804,5,402
248,1,3.45746188283,,7.0,0.014014014014,0,-1.0858449222,1.71499664943,5,281
249,1,7.48315702358,3.0,11.0,0.014014014014,0,0.625223741948,0.607485797739,5,322
250,1,5.70417197109,,11.0,0.021021021021,0,0.222473047055,0.0367528299275,5,511
251,1,2.72976687049,2.0,6.0,0.015015015015,0,-0.355573359054,-1.20351305235,5,123
252,1,5.37964394346,3.0,6.0,0.012012012012,0,0.0414745282989,0.255220358564,5,576
253,1,6.43225847251,5.0,7.0,0.016016016016,0,0.0862307174669,1.17356632011,5,429
254,1,4.94437654056,4.0,6.0,0.01001001001,0,0.242695528905,-0.783710046155,5,439
255,1,4.32309194171,,9.0,0.00900900900901,0,-0.64710300869,1.26440096778,5,834
256,1,-0.423590075794,,0.0,0.018018018018,1,-1.48521553003,-0.967943485705,5,1
257,1,7.67001220896,3.0,14.0,0.02002002002,0,1.33288231482,-1.32863473551,5,600
258,1,4.02071204632,3.0,5.0,0.012012012012,0,-0.602880165015,0.829352541363,5,202
259,1,6.68415866338,6.0,9.0,0.015015015015,0,0.672705377934,-0.333957470422,5,668
260,1,5.49147692419,5.0,7.0,0.015015015015,0,-0.246861792607,1.23206230201,5,449
261,1,6.88200657972,,9.0,0.011011011011,0,0.346139549792,0.843587930348,5,713
262,1,6.1823061412,,8.0,0.022022022022,0,0.309895192886,0.252620562546,5,313
263,1,4.64824544136,3.0,13.0,0.014014014014,0,-0.544155554211,1.28071210399,5,916
264,1,7.13126314739,7.0,9.0,0.02002002002,0,1.09165093294,-1.14368965143,5,564
265,1,8.83160119192,7.0,10.0,0.015015015015,0,0.715623577192,1.68473046034,5,539
266,1,4.94325031025,,12.0,0.014014014014,0,-0.78091047861,2.28598174608,5,669
267,1,7.27841802378,7.0,9.0,0.019019019019,0,0.783888983698,-0.0732489273174,5,568
268,1,-1.36953888817,,6.0,0.016016016016,0,-1.77421258071,-1.04690114604,5,156
269,1,7.75243277558,5.0,10.0,0.011011011011,0,0.987730713188,-0.210759363988,5,820
270,1,3.79779403452,,4.0,0.014014014014,0,0.0399491157648,-1.32205331277,5,160
271,1,5.00974379501,2.0,9.0,0.018018018018,0,0.354701255592,-1.05435997176,5,206
272,1,8.35113969345,8.0,9.0,0.018018018018,1,1.24437869691,-0.381996397278,5,266
273,1,4.6738308084,1.0,7.0,0.019019019019,0,0.114893238521,-0.670848907168,5,219
274,1,9.75045235779,,10.0,0.015015015015,0,1.58998415687,-0.0195001128147,5,385
275,1,3.69733680799,1.0,4.0,0.013013013013,0,0.154770216166,-1.76697384051,5,147
276,1,5.62128593828,4.0,6.0,0.017017017017,0,-0.288581781323,1.48703128225,5,199
277,1,4.16173540703,,6.0,0.015015015015,0,0.00340471691635,-0.848478743719,5,407
278,1,3.93118107902,2.0,8.0,0.016016016016,0,-0.374691101844,0.0552543845485,5,518
279,1,7.08458246868,,9.0,0.014014014014,0,0.666995061279,0.0835972848436,5,393
280,1,2.78189472591,,3.0,0.021021021021,0,-1.12324768759,1.15163778868,5,97
281,1,5.81998071502,3.0,7.0,0.00900900900901,0,0.491313200335,-0.653958885983,5,718
282,1,6.3995410588,2.0,14.0,0.014014014014,0,0.357450551052,0.327189405645,5,754
283,1,1.72716109782,,3.0,0.011011011011,0,-0.808343324992,-0.847808927204,5,47
284,1,1.48897868926,,4.0,0.011011011011,0,-1.54888542483,1.13563496374,5,296
285,1,4.42164710337,0.0,7.0,0.01001001001,0,0.0808135727409,-0.820793614854,5,547
286,1,5.01289145432,0.0,7.0,0.015015015015,0,-0.107882103081,0.336537763558,5,491
287,1,-1.1778449562,,4.0,0.012012012012,0,-1.71025015864,-1.04709448029,5,127
288,1,10.1096698518,10.0,11.0,0.015015015015,1,1.59140891293,0.335443112978,5,572
289,1,5.80632861119,2.0,8.0,0.014014014014,0,0.928918031189,-1.98042548238,5,723
290,1,7.68997078801,,11.0,0.013013013013,0,0.819402517208,0.231763236389,5,783
291,1,4.97294373306,3.0,11.0,0.021021021021,0,-0.00211543554555,-0.0207099602995,5,278
292,1,9.69798757698,8.0,13.0,0.014014014014,0,1.77775499333,-0.635277403016,5,702
293,1,-3.21834047502,,1.0,0.017017017017,0,-2.16042269023,-1.73707240433,5,40
294,1,9.56098104687,9.0,10.0,0.016016016016,1,1.80861319002,-0.864858523176,5,622
295,1,5.67577668648,4.0,12.0,0.013013013013,0,0.190017173934,0.105725164679,5,741
296,1,8.90992023238,8.0,11.0,0.016016016016,0,1.37520725115,-0.215701521085,5,438
297,1,5.48465102613,2.0,7.0,0.017017017017,0,0.279032384452,-0.352446127227,5,517
298,1,3.56679792305,,9.0,0.013013013013,0,-0.662303533794,0.553708524433,5,649
299,1,3.96948068691,0.0,5.0,0.01001001001,0,-0.142037947398,-0.604405470897,5,201
300,1,5.19248630259,1.0,17.0,0.019019019019,0,0.0525266289759,0.0349064156618,5,864
301,1,3.6571148289,3.0,10.0,0.019019019019,0,-1.02299303368,1.72609392993,5,326
302,1,-1.24401759305,,0.0,0.012012012012,1,-1.88405921118,-0.591839959514,5,5
303,1,7.94481970317,6.0,12.0,0.018018018018,0,0.442726390465,1.61664053177,5,684
304,1,4.76026408559,0.0,8.0,0.016016016016,0,-0.148982318765,0.20721104189,5,580
305,1,5.25448499219,0.0,8.0,0.018018018018,0,-0.425584000735,1.5312369944,5,459
306,1,6.14028786675,6.0,16.0,0.016016016016,0,-0.060827322323,1.32276983372,5,854
307,1,2.40571937922,2.0,3.0,0.012012012012,1,-0.494393914382,-1.11109887763,5,304
308,1,4.50445377268,,10.0,0.015015015015,0,-0.217566978668,0.157154708685,5,625
309,1,8.22846831232,8.0,9.0,0.014014014014,1,0.710199031637,1.09787121741,5,857
310,1,2.49272189531,0.0,6.0,0.013013013013,0,-1.21167476748,1.12774619776,5,370
311,1,-3.09270894598,,0.0,0.016016016016,1,-2.86685625733,0.507859825992,5,31
312,1,3.05806352463,,5.0,0.011011011011,0,-0.718734328723,0.214266510797,5,382
313,1,3.17312331602,3.0,6.0,0.017017017017,0,-0.143462366587,-1.39648958422,5,248
314,1,1.5882987242,1.0,3.0,0.023023023023,0,-0.932756463821,-0.613431884335,5,48
315,1,5.899797243,1.0,8.0,0.012012012012,0,0.548403024761,-0.745411831282,5,538
316,1,3.99080222063,1.0,5.0,0.012012012012,0,-0.465995555291,0.388788886498,5,299
317,1,2.04001594903,,3.0,0.00900900900901,0,-1.33968390904,1.05906767615,5,116
318,1,2.31406105742,0.0,4.0,0.00800800800801,0,-1.05282432741,0.472534039666,5,311
319,1,-0.64281553063,,6.0,0.011011011011,0,-1.28823809258,-1.77810125289,5,341
320,1,1.94576877715,,2.0,0.016016016016,0,-0.963873118843,-0.162611866323,5,131
321,1,6.22494984056,6.0,11.0,0.014014014014,0,0.426336288493,-0.0540590249202,5,722
322,1,7.51880606236,6.0,9.0,0.018018018018,0,0.492585727927,1.04104887858,5,587
323,1,3.26199485334,0.0,4.0,0.017017017017,0,-1.04589434808,1.39967789758,5,114
324,1,-0.917203200529,,0.0,0.014014014014,1,-1.40909483412,-1.68991869817,5,8
325,1,6.86171752645,5.0,11.0,0.013013013013,0,0.565288549555,0.165851877781,5,643
326,1,0.879138484473,0.0,2.0,0.019019019019,0,-0.993054615779,-1.14169766819,5,144
327,1,2.41651619287,1.0,3.0,0.011011011011,0,-0.679385513816,-0.54532726568,5,218
328,1,-2.57744221152,,0.0,0.00900900900901,1,-3.07324456683,1.64229148896,5,22
329,1,0.355829208089,,1.0,0.011011011011,0,-1.35448587031,-0.580713180968,5,35
330,1,4.60165669814,3.0,6.0,0.013013013013,0,-0.234007707257,0.303679819911,5,508
331,1,5.8287319161,1.0,16.0,0.018018018018,0,0.323760456653,-0.142549453861,5,779
332,1,0.687991973637,,1.0,0.012012012012,0,-0.858118980413,-1.73765108512,5,27
333,1,4.76303959033,4.0,11.0,0.015015015015,0,-0.169804916845,0.272454340865,5,502
334,1,3.82889862792,3.0,8.0,0.014014014014,0,-0.495300606476,0.314800447347,5,442
335,1,10.8131953872,10.0,11.0,0.011011011011,1,2.1393252493,-0.604780360664,5,833
336,1,5.10565893277,0.0,10.0,0.015015015015,0,0.175093779157,-0.419622404697,5,487
337,1,5.02754024454,4.0,6.0,0.011011011011,0,0.147765481277,-0.415756199286,5,540
338,1,7.25894727481,2.0,9.0,0.016016016016,0,0.532164727928,0.662453091024,5,293
339,1,1.59392564941,1.0,7.0,0.00900900900901,0,-1.13145852715,-0.0116987691334,5,841
340,1,2.512777124,,6.0,0.015015015015,0,-0.69308398754,-0.407970913384,5,367
341,1,10.6858348446,9.0,11.0,0.012012012012,0,1.47907551957,1.2486082859,5,731
342,1,3.75387718145,3.0,5.0,0.011011011011,0,-0.155482270867,-0.779676005945,5,314
343,1,3.74499737762,,9.0,0.018018018018,0,0.0961344792667,-1.54340606018,5,396
344,1,6.32086832522,4.0,7.0,0.01001001001,0,0.121415717616,0.956621172374,5,605
345,1,7.73828319393,3.0,12.0,0.013013013013,0,0.663164519846,0.74878963439,5,700
346,1,2.87591723182,,5.0,0.00900900900901,0,-1.05017118432,1.02643078478,5,424
347,1,4.29371179078,,8.0,0.016016016016,0,-0.418376256169,0.548840559289,5,272
348,1,9.26965672679,7.0,10.0,0.011011011011,0,1.16448470306,0.77620261761,5,688
349,0,8.10142784818,7.0,,0.00700700700701,0,1.07385805495,-0.120146316673,5,13
350,1,6.20415359384,5.0,7.0,0.01001001001,0,-0.129059703868,1.59133270544,5,707
351,1,5.09229797048,1.0,7.0,0.00900900900901,0,0.308446496559,-0.833041519195,5,543
352,1,-2.01595335706,,4.0,0.021021021021,0,-1.96167423251,-1.13093065955,5,108
353,1,4.34688349428,,6.0,0.022022022022,0,-0.591181495556,1.12042798095,5,237
354,1,0.442555977089,0.0,7.0,0.011011011011,0,-1.05768853318,-1.38437842338,5,591
355,1,2.89850759975,2.0,12.0,0.016016016016,0,-0.594441233874,-0.318168698623,5,532
356,1,0.378563364642,0.0,6.0,0.015015015015,0,-1.01084667473,-1.58889661117,5,387
357,1,3.04744371319,2.0,9.0,0.017017017017,0,-0.74427188996,0.280259383071,5,352
358,1,-0.836449699686,,1.0,0.015015015015,0,-1.70223249068,-0.729752227643,5,15
359,1,2.45542213279,2.0,5.0,0.016016016016,0,-0.394216340107,-1.36192884689,5,198
360,1,3.37969820224,2.0,4.0,0.017017017017,0,-0.86024663694,0.960438113058,5,173
361,1,2.96949699382,0.0,8.0,0.019019019019,0,-0.568925319128,-0.3237270488,5,454
362,1,4.35842319694,3.0,5.0,0.013013013013,0,-0.171691585588,-0.126502046292,5,345
363,1,11.579765227,1.0,16.0,0.017017017017,0,1.4452023388,2.24415821059,5,886
364,1,2.90782479808,2.0,6.0,0.011011011011,0,-0.948582003857,0.753570809655,5,249
365,1,3.29000951206,3.0,6.0,0.017017017017,0,-0.215140484534,-1.06456903434,5,90
366,1,4.27204071541,4.0,9.0,0.025025025025,0,-0.110965321036,-0.395063321482,5,411
367,1,8.30853604725,7.0,10.0,0.012012012012,0,1.05425792119,0.145762283668,5,521
368,1,5.49497189294,,11.0,0.012012012012,0,-0.00637204453977,0.514088026564,5,739
369,1,6.42130673233,5.0,12.0,0.013013013013,0,0.652240332847,-0.535414266212,5,910
370,1,2.10335959796,1.0,9.0,0.014014014014,0,-0.880841222364,-0.254116734943,5,489
371,1,5.32802821399,4.0,6.0,0.012012012012,0,-0.0764913462585,0.557502252765,5,462
372,1,3.18981851866,3.0,5.0,0.01001001001,0,-0.0467467873952,-1.66994111915,5,233
373,0,14.5003514236,13.0,,0.013013013013,0,2.43884726755,2.18380962095,5,777
374,1,1.23558148329,1.0,10.0,0.014014014014,0,-1.21816052816,-0.109936932235,5,803
375,1,7.76989690018,7.0,9.0,0.015015015015,0,0.655573638507,0.803175984664,5,475
376,1,-2.64453431298,,1.0,0.014014014014,0,-2.82665356871,0.835426393153,5,37
377,1,7.67062131658,4.0,10.0,0.016016016016,0,0.89493461597,-0.014182531328,5,691
378,1,0.0225899136963,0.0,7.0,0.00900900900901,0,-1.57875358608,-0.241149328076,5,697
379,0,10.356008669,9.0,,0.00900900900901,0,1.55406492552,0.693813892474,5,232
380,1,2.52332827881,0.0,4.0,0.01001001001,0,-0.432575330513,-1.17894572965,5,253
381,1,9.5458350369,7.0,10.0,0.011011011011,0,1.24679156071,0.805460354763,5,636
382,1,5.97355383274,5.0,11.0,0.014014014014,0,0.246097036354,0.235262723677,5,624
383,1,2.71888728679,0.0,7.0,0.00900900900901,0,-0.671335021554,-0.267107648549,5,615
384,1,4.65245784598,2.0,10.0,0.01001001001,0,0.106026744764,-0.665622388307,5,546
385,1,-0.653841978098,,3.0,0.00900900900901,0,-1.35543476316,-1.58753768863,5,126
386,1,4.74203913764,4.0,6.0,0.011011011011,0,0.0444658930246,-0.391358541433,5,632
387,1,9.26744172259,4.0,12.0,0.015015015015,0,1.564470162,-0.425968763423,5,608
388,1,4.91581256024,,10.0,0.01001001001,0,-0.531672275862,1.51082938783,5,682
389,1,4.89514954347,4.0,7.0,0.015015015015,0,-0.176177523434,0.423682113778,5,581
390,1,0.719184451912,0.0,8.0,0.019019019019,0,-1.19956777091,-0.682112235367,5,554
391,1,5.83802636679,4.0,12.0,0.016016016016,0,0.245751525423,0.100771790521,5,510
392,1,1.34329946391,0.0,2.0,0.012012012012,0,-1.02601689724,-0.578649844358,5,197
393,1,9.31940227023,9.0,10.0,0.011011011011,1,1.34696542231,0.278506003294,5,928
394,1,6.40664438315,5.0,11.0,0.014014014014,0,1.10081883258,-1.8958121146,5,773
395,1,6.90197865051,3.0,7.0,0.011011011011,0,0.698102464725,-0.19232874366,5,606
396,1,8.08456476191,7.0,13.0,0.017017017017,0,1.20230690172,-0.522355943255,5,767
397,1,7.47590543958,7.0,11.0,0.011011011011,0,0.222608308937,1.80808051277,5,817
398,1,10.1887905218,7.0,13.0,0.015015015015,0,1.39941460607,0.99054670354,5,748
399,1,4.90010973693,1.0,6.0,0.013013013013,0,-0.250131886106,0.650505395242,5,215
400,1,-0.364666848739,,1.0,0.011011011011,0,-1.74943255747,-0.116369176336,5,73
401,1,2.94621632634,1.0,4.0,0.013013013013,0,-0.50306054565,-0.54460203671,5,271
402,1,2.68480727238,2.0,9.0,0.013013013013,0,-0.955748650409,0.552053223609,5,630
403,1,3.95137937212,1.0,6.0,0.011011011011,0,-0.833988622702,1.45334524022,5,409
404,1,1.17388825556,1.0,3.0,0.014014014014,0,-1.78073963858,1.51610717129,5,93
405,1,3.45869330333,,5.0,0.011011011011,0,-0.78419387403,0.811274925415,5,155
406,1,2.74738406013,0.0,3.0,0.013013013013,0,-0.890323287969,0.418353924033,5,87
407,1,1.68055081283,,9.0,0.018018018018,0,-1.31944273197,0.638879008729,5,526
408,1,3.66662740528,,8.0,0.018018018018,0,-0.230396820423,-0.642182133452,5,419
409,1,2.45659913452,2.0,3.0,0.00900900900901,1,-0.644373769155,-0.610279558012,5,290
410,1,3.04666675086,3.0,8.0,0.01001001001,0,-0.851191463737,0.600241142065,5,661
411,1,-2.66054179815,,0.0,0.01001001001,1,-2.68948185278,0.407903760183,5,10
412,1,3.26570758688,0.0,7.0,0.011011011011,0,-0.741169753728,0.489216848062,5,503
413,1,5.12293682833,0.0,6.0,0.013013013013,0,0.0143402605791,0.0799160465977,5,360
414,1,6.62046959846,5.0,7.0,0.013013013013,0,1.16400739231,-1.87155257847,5,655
415,1,4.03640800081,0.0,8.0,0.014014014014,0,-0.28669264717,-0.103514057682,5,562
416,1,1.34515318329,,3.0,0.022022022022,0,-1.54610205466,0.983459347279,5,62
417,1,8.64366158842,3.0,10.0,0.014014014014,0,0.700241277348,1.54293775638,5,657
418,1,2.48459053507,0.0,4.0,0.015015015015,0,-0.685321721576,-0.459444300198,5,223
419,1,-0.213864578128,,3.0,0.014014014014,0,-2.15314315141,1.24556487611,5,117
420,1,0.632544395983,,4.0,0.01001001001,0,-1.3354317713,-0.361160290109,5,343
421,1,8.03109953986,6.0,9.0,0.011011011011,0,0.952333689931,0.174098470073,5,610
422,1,5.54913510174,0.0,9.0,0.013013013013,0,0.0477902191911,0.405764444166,5,874
423,1,4.64962280423,0.0,8.0,0.013013013013,0,0.119840724415,-0.709899369013,5,513
424,1,8.32419509928,6.0,10.0,0.014014014014,0,0.753951443961,1.0623407674,5,867
425,1,6.12339735658,4.0,8.0,0.011011011011,0,0.164347111014,0.630356023537,5,641
426,0,10.5907160392,9.0,,0.01001001001,0,1.519481062,1.03227285318,5,594
427,1,1.92148846458,,6.0,0.015015015015,0,-0.483133128788,-1.62911214906,5,320
428,1,5.54308185803,4.0,6.0,0.016016016016,0,-0.298203239831,1.43769157752,5,478
429,1,7.53610694337,,8.0,0.013013013013,0,0.89455555739,-0.147559728796,5,642
430,1,1.05566546065,0.0,2.0,0.015015015015,0,-1.53853282431,0.671263933578,5,50
431,1,5.4854179769,4.0,7.0,0.01001001001,0,-0.158872929857,0.962036766473,5,338
432,1,11.2130856348,9.0,12.0,0.014014014014,0,1.25599461007,2.44510180457,5,871
433,1,2.12413311515,2.0,3.0,0.013013013013,1,-0.801441180338,-0.471543343837,5,157
434,1,7.55392940983,5.0,9.0,0.01001001001,0,1.13248637757,-0.843529722891,5,856
435,1,0.758116539664,,2.0,0.014014014014,0,-1.27289175432,-0.423208197372,5,106
436,1,8.83440681326,8.0,9.0,0.01001001001,1,1.02644853512,0.755061207889,5,804
437,1,1.64209067671,1.0,3.0,0.014014014014,0,-0.789834533562,-0.988405722603,5,78
438,1,2.58888261488,2.0,5.0,0.01001001001,0,-0.223507857199,-1.74059381352,5,307
439,1,1.34196663493,0.0,4.0,0.01001001001,0,-1.07670098652,-0.427930405519,5,230
440,1,2.84474132091,2.0,5.0,0.013013013013,0,-0.295073356427,-1.27003860981,5,377
441,1,1.29708400703,1.0,2.0,0.011011011011,1,-0.917794619888,-0.949532133303,5,268
442,1,-0.0197285583838,,4.0,0.014014014014,0,-1.49639907708,-0.530531327149,5,213
443,0,9.74864134754,9.0,,0.00900900900901,0,1.93521061496,-1.05699049733,5,558
444,1,5.08065533004,0.0,10.0,0.015015015015,0,0.103274276652,-0.229167499918,5,737
445,1,3.28581480701,2.0,7.0,0.011011011011,0,-0.512998944229,-0.175188360304,5,594
446,1,5.31548356807,3.0,11.0,0.012012012012,0,0.0357272109929,0.208301935089,5,694
447,1,-2.45503231633,,2.0,0.013013013013,0,-2.5052260014,0.0606456878741,5,46
448,1,5.74175256599,4.0,7.0,0.013013013013,0,0.274458734352,-0.0816236370668,5,376
449,0,10.7688130158,9.0,,0.00900900900901,0,2.04010266763,-0.351494987132,5,820
450,1,7.75674992432,7.0,9.0,0.011011011011,0,0.902477853635,0.0493163634127,5,692
451,1,7.82323719385,5.0,10.0,0.01001001001,0,1.28968095837,-1.04580568128,5,932
452,1,4.06168948476,4.0,5.0,0.012012012012,1,0.340554126656,-1.9599728952,5,280
453,1,1.92436083143,0.0,4.0,0.012012012012,0,-1.1669464109,0.425200064115,5,329
454,1,5.26353027773,1.0,7.0,0.011011011011,0,0.890170429774,-2.4069810116,5,395
455,1,3.29513342351,0.0,4.0,0.012012012012,0,-0.449889868108,-0.355196972169,5,227
456,1,7.73793947007,,11.0,0.015015015015,0,0.685928192158,0.680154893596,5,535
457,1,3.02457467711,2.0,12.0,0.014014014014,0,-0.28150317542,-1.13091579664,5,571
458,1,3.68833549889,,9.0,0.015015015015,0,0.182670862079,-1.85967708735,5,679
459,1,-0.396885606427,,7.0,0.01001001001,0,-1.78363614442,-0.0459771731604,5,432
460,0,10.9931152038,10.0,,0.01001001001,0,1.42965982399,1.70413573179,5,391
461,1,7.96546433443,5.0,8.0,0.012012012012,0,1.1334505962,-0.434887454166,5,453
462,1,6.69996035959,5.0,7.0,0.017017017017,0,0.748926654723,-0.546819604575,5,531
463,1,4.44504286848,2.0,8.0,0.01001001001,0,-0.656307904593,1.41396658226,5,599
464,1,2.13765346504,1.0,5.0,0.013013013013,0,-0.760523371234,-0.580776421261,5,484
465,1,4.21804698077,3.0,10.0,0.01001001001,0,-0.331552317058,0.21270393194,5,869
466,1,1.6393729043,0.0,5.0,0.011011011011,0,-1.29032254183,0.510340529801,5,137
467,1,1.55623547027,1.0,3.0,0.00800800800801,0,-0.740577003239,-1.22203352002,5,310
468,1,1.13677889891,1.0,6.0,0.016016016016,0,-1.2198956186,-0.203534245296,5,294
469,1,5.37376396362,4.0,8.0,0.01001001001,0,0.280893454769,-0.468916400687,5,616
470,1,5.16584747536,4.0,6.0,0.011011011011,0,0.555180872147,-1.49969514108,5,492
471,1,6.32769046136,4.0,14.0,0.015015015015,0,0.409187696407,0.100127372139,5,904
472,1,4.10693761224,3.0,5.0,0.01001001001,0,0.0940377658835,-1.17517568541,5,618
473,1,6.52807049375,0.0,7.0,0.011011011011,0,0.121089802078,1.16480108751,5,412
474,1,-1.36689419224,,2.0,0.014014014014,0,-2.25433386743,0.396107410052,5,60
475,1,-4.25379619744,,1.0,0.00900900900901,0,-2.8975926908,-0.561018125026,5,44
476,1,0.759588621366,,3.0,0.011011011011,0,-1.48822871817,0.224274775878,5,99
477,1,1.64706172117,,6.0,0.012012012012,0,-1.01182589164,-0.317460603903,5,548
478,1,5.24488486728,3.0,7.0,0.00900900900901,0,-0.305378278951,1.16101970414,5,709
479,1,8.85140410098,6.0,9.0,0.012012012012,0,1.31586684938,-0.0961964471659,5,768
480,1,6.60102028893,4.0,11.0,0.016016016016,0,0.596083043297,-0.187228840963,5,751
481,1,0.670554208022,0.0,4.0,0.013013013013,0,-1.41162350535,-0.0945752759154,5,269
482,1,-0.198639199554,,0.0,0.011011011011,1,-1.60277061777,-0.390327346239,5,19
483,1,5.42044144539,3.0,6.0,0.012012012012,0,-0.11071601022,0.752589476046,5,494
484,1,6.42927282129,0.0,15.0,0.016016016016,0,0.457014737068,0.0582286100892,5,877
485,1,5.06525020592,5.0,7.0,0.00800800800801,0,0.0280951323451,-0.0190351911199,5,677
486,1,4.57807707534,4.0,5.0,0.00900900900901,1,-0.272376392154,0.395206251806,5,635
487,0,10.3737280373,10.0,,0.01001001001,0,1.77185692397,0.0581572654329,5,917
488,1,2.3358223778,2.0,3.0,0.016016016016,1,-0.849023340965,-0.117107599308,5,100
489,1,5.39856111047,0.0,11.0,0.014014014014,0,0.665547963575,-1.59808278025,5,670
490,1,6.44971390365,4.0,9.0,0.01001001001,0,0.869187887232,-1.15784975805,5,812
491,1,4.04801564051,4.0,8.0,0.00800800800801,0,-0.0939146159276,-0.670240511707,5,847
492,1,8.69156312416,5.0,9.0,0.011011011011,0,1.52533214328,-0.884433305683,5,849
493,1,-0.232158139706,,1.0,0.011011011011,0,-1.52646563622,-0.652761231054,5,85
494,1,3.8866590609,2.0,4.0,0.00800800800801,0,0.0270842372426,-1.19459365082,5,317
495,1,2.62309172865,,8.0,0.011011011011,0,-1.08066970719,0.86510085023,5,553
496,1,6.23410909821,0.0,7.0,0.011011011011,0,-0.0206935296671,1.29618968721,5,644
497,1,5.25231066607,5.0,8.0,0.01001001001,0,-0.256712107135,1.02244698747,5,815
498,1,0.309088911441,,4.0,0.011011011011,0,-1.75333146086,0.569083294019,5,305
499,1,1.15364107481,0.0,4.0,0.012012012012,0,-1.47538425325,0.57979383455,5,225
500,1,0.156925272611,,6.0,0.012012012012,0,-1.29959281097,-0.944296294468,5,323
501,1,2.09770656865,2.0,5.0,0.01001001001,0,-0.783925510297,-0.550516900464,5,495
502,1,6.76427059371,5.0,8.0,0.013013013013,0,0.618109581446,-0.0900581506312,5,665
503,0,10.110303655,9.0,,0.01001001001,0,1.40453863359,0.896687754232,5,610
504,1,2.54297327469,0.0,10.0,0.012012012012,0,-0.824248369833,0.0157183841878,5,769
505,1,0.647682181619,,12.0,0.012012012012,0,-1.77530623911,0.973600898944,5,887
506,1,7.52674250462,3.0,8.0,0.011011011011,0,0.698250659016,0.431990527568,5,786
507,0,10.2063395707,10.0,,0.01001001001,0,1.19985511144,1.60677423635,5,366
508,1,2.29927566905,,3.0,0.00800800800801,0,-1.07506611184,0.524474004574,5,194
509,1,1.39722940949,,2.0,0.00800800800801,0,-1.00199422008,-0.596787930264,5,130
510,1,3.12150042085,3.0,5.0,0.01001001001,0,-0.664698127032,0.115594801943,5,347
511,1,4.6016172562,,6.0,0.012012012012,0,0.0434654877842,-0.528779207154,5,325
512,0,10.2520036224,10.0,,0.012012012012,0,1.91944970306,-0.506345486763,5,715
513,0,11.5379708911,8.0,,0.00900900900901,0,1.7544591668,1.27459339073,5,602
514,1,8.02325046231,3.0,9.0,0.011011011011,0,0.587948502571,1.2594049546,5,577
515,1,5.88130346328,3.0,6.0,0.01001001001,0,0.696620361038,-1.20855761983,5,423
516,1,5.15699670933,4.0,10.0,0.014014014014,0,-0.16266827372,0.645001530486,5,736
517,1,3.17016504272,2.0,4.0,0.013013013013,0,-0.145077508131,-1.39460243289,5,331
518,1,-0.261590157746,,1.0,0.01001001001,0,-1.8634991181,0.328907196569,5,13
519,1,4.52913995185,2.0,6.0,0.014014014014,0,0.3895665963,-1.63955983705,5,257
520,1,2.88019839745,0.0,6.0,0.011011011011,0,-0.716401714046,0.0294035395874,5,286
521,1,5.76867258132,5.0,6.0,0.00800800800801,1,-0.0171576792803,0.820145619165,5,365
522,0,7.43334713636,7.0,,0.00900900900901,0,0.872619922689,-0.184512631708,5,528
523,0,13.0443726349,9.0,,0.01001001001,0,3.12636666946,-1.33472737348,5,473
524,1,3.40696631292,0.0,10.0,0.012012012012,0,-0.608744458753,0.23319968918,5,626
525,1,6.34715045398,3.0,8.0,0.012012012012,0,0.140476917586,0.925719701222,5,399
526,1,2.59332892709,2.0,3.0,0.012012012012,1,-0.233070619048,-1.70745921576,5,125
527,1,6.13748545758,6.0,7.0,0.012012012012,1,0.491644051937,-0.33744669823,5,560
528,1,6.4148268712,6.0,8.0,0.01001001001,0,0.429016978149,0.127775936748,5,427
529,1,1.45666883427,1.0,6.0,0.011011011011,0,-1.10293594312,-0.234523336369,5,466
530,1,1.86224684188,1.0,6.0,0.013013013013,0,-0.769084197455,-0.830500565753,5,242
531,1,0.926228035017,,1.0,0.012012012012,0,-1.21468285609,-0.429723396706,5,12
532,1,6.69672994731,4.0,8.0,0.011011011011,0,0.53552126187,0.0901661616994,5,589
533,1,1.37704413778,1.0,3.0,0.01001001001,0,-1.41563340174,0.623944342998,5,434
534,0,10.1294227268,10.0,,0.012012012012,0,1.32280837073,1.16099761456,5,709
535,1,3.20966017297,3.0,4.0,0.012012012012,1,-0.00366069504229,-1.7793577419,5,337
536,0,9.90307087373,8.0,,0.011011011011,0,1.49977152006,0.403756313557,5,629
537,1,9.93627644376,7.0,11.0,0.011011011011,0,1.21354754456,1.29563381008,5,836
538,1,2.40365903341,0.0,3.0,0.01001001001,0,-0.430164052193,-1.30584881001,5,176
539,1,0.18624264949,0.0,1.0,0.011011011011,1,-1.80073380095,0.588444052327,5,129
540,1,5.67459816009,2.0,8.0,0.011011011011,0,0.164743259637,0.180368381184,5,738
541,1,2.88385235818,,5.0,0.011011011011,0,-0.798714218765,0.279995014474,5,413
542,1,5.3765829986,5.0,9.0,0.011011011011,0,0.172761420082,-0.141701261649,5,794
543,1,5.78334153131,5.0,7.0,0.00800800800801,0,0.351907333884,-0.272380470342,5,811
544,1,2.9536079372,2.0,4.0,0.01001001001,0,-0.871724460401,0.568781318405,5,335
545,1,2.92960682056,0.0,9.0,0.011011011011,0,-0.220676751387,-1.40836292528,5,558
546,1,8.91486863622,7.0,9.0,0.00900900900901,0,2.15983937026,-2.56464947456,5,730
547,1,0.556855684637,,2.0,0.011011011011,0,-1.6888781556,0.623490151438,5,79
548,1,1.99784077395,,4.0,0.00800800800801,0,-0.637301954929,-1.09025336127,5,433
549,1,3.91866679311,2.0,4.0,0.01001001001,0,0.206472721527,-1.70075137148,5,164
550,1,2.85226363928,2.0,7.0,0.00800800800801,0,-0.639491753547,-0.229261100085,5,552
551,1,4.10702933925,3.0,6.0,0.00900900900901,0,-0.376219657956,0.235688313114,5,471
552,1,3.45991951005,3.0,10.0,0.011011011011,0,-0.197168511785,-0.948574954596,5,880
553,1,8.26170873368,7.0,12.0,0.015015015015,0,1.0476757185,0.118681578188,5,595
554,1,5.88390757139,5.0,10.0,0.013013013013,0,-0.0796166558646,1.12275753899,5,633
555,1,5.70005197736,4.0,7.0,0.017017017017,0,0.586758436131,-1.06022333103,5,524
556,1,4.34404444897,1.0,8.0,0.014014014014,0,-0.0651384260438,-0.460540272899,5,534
557,1,5.49976258454,0.0,8.0,0.012012012012,0,0.620262024254,-1.36102348822,5,603
558,1,7.35584443231,3.0,10.0,0.011011011011,0,0.531331257442,0.761850659981,5,776
559,1,-4.42144130736,,1.0,0.01001001001,0,-3.04476849627,-0.287135818539,5,25
560,1,4.99061769088,,8.0,0.013013013013,0,0.00357940328566,-0.0201205189775,5,778
561,1,1.68447415951,1.0,2.0,0.00900900900901,1,-0.95484601409,-0.45098779822,5,231
562,1,4.85767383762,3.0,6.0,0.00900900900901,0,-0.231661576833,0.552658568123,5,549
563,1,7.35177053629,7.0,8.0,0.01001001001,1,0.798016740266,-0.0422796845067,5,924
564,1,8.32341721244,7.0,11.0,0.012012012012,0,0.810479712961,0.891978073553,5,863
565,1,1.71478143117,0.0,5.0,0.011011011011,0,-1.03028851012,-0.194353038471,5,282
566,1,6.16131779411,6.0,8.0,0.00800800800801,0,0.317731637976,0.208122880183,5,860
567,1,5.59882001146,3.0,6.0,0.01001001001,0,0.598483803527,-1.19663139912,5,716
568,1,5.14136723774,5.0,6.0,0.00800800800801,1,0.258653075046,-0.634591987402,5,583
569,1,3.2314047981,,4.0,0.00900900900901,0,-0.0635325787282,-1.57799746572,5,172
570,1,4.81120977854,2.0,7.0,0.012012012012,0,-0.259779482456,0.590548225906,5,570
571,1,2.73817406712,,6.0,0.00800800800801,0,-0.363621190054,-1.17096236272,5,752
572,1,4.13412884645,1.0,6.0,0.011011011011,0,0.0224035560996,-0.933081821846,5,232
573,1,5.34018350836,3.0,8.0,0.013013013013,0,0.113925499743,-0.0015929908714,5,623
574,1,2.9184578228,2.0,5.0,0.01001001001,0,-0.773285392282,0.238313999644,5,350
575,1,1.18891070569,0.0,2.0,0.00900900900901,0,-0.919751526277,-1.05183471548,5,165
576,1,7.38855138687,7.0,8.0,0.011011011011,1,0.532774065123,0.790229191505,5,674
577,1,-0.790195815268,,2.0,0.015015015015,0,-1.94233084938,0.0367967328633,5,68
578,1,-1.67340444564,,0.0,0.01001001001,1,-2.2457172238,0.0637472257683,5,63
579,1,4.75465337113,4.0,6.0,0.01001001001,0,-0.499375379723,1.2527795103,5,440
580,1,5.64335948842,5.0,6.0,0.01001001001,1,-0.189836485419,1.21286894467,5,647
581,1,4.54333469483,2.0,6.0,0.00900900900901,0,-0.17783311086,0.0768340274101,5,704
582,1,6.01572003771,4.0,7.0,0.01001001001,0,0.281361482746,0.17163558947,5,710
583,1,4.57446382333,1.0,6.0,0.00800800800801,0,0.0899834445473,-0.695486510307,5,629
584,1,2.44201186584,0.0,6.0,0.00900900900901,0,-1.19015701933,1.01248292385,5,569
585,1,5.57683667008,5.0,6.0,0.00900900900901,1,-0.206607041176,1.19665779361,5,361
586,1,4.61604787394,4.0,6.0,0.00800800800801,0,-0.425225671866,0.891724889541,5,759
587,1,5.17344466458,0.0,11.0,0.011011011011,0,0.206721594004,-0.446720117432,5,888
588,1,4.3301711293,4.0,8.0,0.01001001001,0,-0.229412549679,0.0184087783381,5,837
589,1,4.81607027749,2.0,6.0,0.011011011011,0,0.226331148957,-0.862923169383,5,499
590,1,6.27028653283,4.0,7.0,0.01001001001,0,0.445450504362,-0.0660649802532,5,756
591,1,4.24920709092,0.0,8.0,0.017017017017,0,-0.169919310279,-0.241034978246,5,328
592,1,2.65563271281,2.0,4.0,0.01001001001,0,-0.737250413724,-0.132616046021,5,408
593,1,5.46439805558,3.0,8.0,0.00800800800801,0,-0.112097546963,0.800690696468,5,835
594,1,7.44228029142,7.0,8.0,0.00900900900901,1,0.837211827943,-0.0693551924124,5,839
595,1,7.9414793498,7.0,9.0,0.014014014014,0,0.758053908317,0.667317624844,5,740
596,1,6.19569720724,5.0,10.0,0.015015015015,0,0.10326659989,0.885897407567,5,746
597,1,-2.13335404871,,4.0,0.012012012012,0,-2.20540234484,-0.51714701419,5,229
598,1,9.07438970136,9.0,10.0,0.01001001001,1,0.96360990303,1.18355999227,5,891
599,1,4.326081286,1.0,11.0,0.011011011011,0,0.0619358516445,-0.85972626893,5,800
600,1,2.57504773238,,3.0,0.012012012012,0,-0.880701386002,0.217151890386,5,159
601,1,6.33954402289,0.0,9.0,0.00900900900901,0,0.247391342458,0.597369995511,5,780
602,1,5.91590896689,5.0,9.0,0.00900900900901,0,0.278904260056,0.0791961867208,5,875
603,1,6.54422435453,6.0,7.0,0.00900900900901,1,0.931884605935,-1.25142946328,5,787
604,1,6.89040895209,4.0,7.0,0.01001001001,0,0.622111107749,0.0240756288453,5,693
605,0,11.4166934932,7.0,,0.00900900900901,0,1.63183845119,1.52117813961,5,339
606,1,2.32596460062,2.0,3.0,0.00900900900901,1,-1.01330449944,0.365878098941,5,284
607,1,3.09440261656,2.0,7.0,0.00800800800801,0,-0.287932061702,-1.04180119833,5,782
608,0,9.37660439643,8.0,,0.00900900900901,0,1.30029679173,0.475714021235,5,446
609,1,4.99215065317,,5.0,0.00900900900901,0,-0.146332493264,0.431148132963,5,425
610,1,9.08683355724,1.0,12.0,0.014014014014,0,1.12532406342,0.710861366993,5,895
611,1,10.9501431051,5.0,11.0,0.014014014014,0,2.04784104508,-0.193380030159,5,743
612,1,7.32504115016,5.0,8.0,0.01001001001,0,0.24568437275,1.58798803191,5,318
613,1,5.76151382328,1.0,6.0,0.011011011011,0,0.292290138395,-0.115356591909,5,246
614,1,2.14669430152,1.0,6.0,0.00800800800801,0,-1.46594933383,1.54454230302,5,357
615,1,4.8407154884,4.0,5.0,0.013013013013,1,-0.168955803434,0.3475828987,5,498
616,1,4.9755828713,,7.0,0.011011011011,0,-0.142333995181,0.402584856847,5,295
617,1,3.73580347461,1.0,5.0,0.01001001001,0,-0.492950362092,0.214654560887,5,574
618,1,7.52241498477,3.0,8.0,0.01001001001,0,1.2332327003,-1.17728311612,5,586
619,1,2.11472765638,1.0,8.0,0.011011011011,0,-0.76848333768,-0.579822330578,5,638
620,1,4.86253458374,3.0,6.0,0.00900900900901,0,-0.0056572555578,-0.120493649582,5,501
621,1,7.05346798217,5.0,8.0,0.01001001001,0,0.578962978149,0.316579047725,5,573
622,1,-1.97409501849,,4.0,0.013013013013,0,-2.00895607048,-0.947226807036,5,251
623,1,4.73720094779,3.0,5.0,0.011011011011,0,0.233533618281,-0.963399907054,5,283
624,1,3.74172015505,3.0,6.0,0.00900900900901,0,-0.558928667988,0.418506159017,5,463
625,0,8.0286990804,8.0,,0.00900900900901,0,0.820691386334,0.566624921395,5,125
626,1,4.08862117613,1.0,8.0,0.01001001001,0,-0.187808459206,-0.347953446248,5,680
627,1,4.70169289947,0.0,7.0,0.013013013013,0,-0.0578147187401,-0.124862944305,5,695
628,1,6.30505023788,4.0,11.0,0.014014014014,0,0.090576344281,1.03332120504,5,761
629,1,2.80262034834,,3.0,0.01001001001,0,-0.0562029941662,-2.02877066916,5,101
630,1,6.3473131799,3.0,8.0,0.00800800800801,0,0.253808881868,0.585886534296,5,790
631,1,5.71907749472,0.0,8.0,0.01001001001,0,0.216475988717,0.0696495285711,5,781
632,1,0.594921568216,0.0,2.0,0.01001001001,0,-1.40432726112,-0.192096648409,5,84
633,1,6.06253758764,6.0,8.0,0.00800800800801,0,0.210117962016,0.432183701597,5,892
634,0,9.97695415374,8.0,,0.00800800800801,0,1.53743562649,0.364647274285,5,770
635,1,4.78579020652,3.0,6.0,0.01001001001,0,-0.812355718712,2.22285736265,5,261
636,1,2.90241341404,0.0,4.0,0.01001001001,0,-0.841285180356,0.426268955107,5,98
637,1,-0.278424867473,,0.0,0.00900900900901,1,-0.788578155983,-2.91269039952,5,11
638,1,5.36398720234,5.0,9.0,0.00900900900901,0,-0.00152015224745,0.368547659079,5,805
639,1,6.28544031674,6.0,7.0,0.011011011011,1,0.537751332141,-0.327813679689,5,696
640,1,3.71673422183,1.0,9.0,0.01001001001,0,-0.474723293404,0.140904102042,5,799
641,1,2.68299656732,1.0,4.0,0.013013013013,0,-0.744067487759,-0.0848009693997,5,351
642,1,1.44378848197,,4.0,0.013013013013,0,-1.30821661741,0.368438334213,5,321
643,1,7.15523464213,6.0,9.0,0.01001001001,0,0.238221546132,1.44057000374,5,620
644,0,12.1696567055,9.0,,0.01001001001,0,1.89545014203,1.48330627942,5,782
645,1,5.24664810941,3.0,8.0,0.011011011011,0,0.00956513472126,0.217952705244,5,550
646,1,5.26427524078,4.0,8.0,0.00800800800801,0,0.276535072938,-0.565329978032,5,772
647,1,7.99982968441,5.0,8.0,0.01001001001,0,0.394905341178,1.81511366088,5,666
648,1,3.17820760755,3.0,5.0,0.00900900900901,0,-1.11078314179,1.51055703292,5,667
649,1,2.73902753601,0.0,4.0,0.01001001001,0,-0.7108597045,-0.128393350493,5,270
650,1,4.54546326716,4.0,5.0,0.00800800800801,1,-0.331410313422,0.539694207427,5,619
651,1,5.91128144891,5.0,8.0,0.01001001001,0,0.532991933183,-0.687694350639,5,724
652,1,8.63387824518,7.0,10.0,0.012012012012,0,0.616608739393,1.784052027,5,906
653,1,1.0776965159,1.0,9.0,0.01001001001,0,-1.40481838474,0.292151670123,5,898
654,0,9.71482274485,8.0,,0.00800800800801,0,1.54676005352,0.0745425843024,5,746
655,1,7.03736788711,6.0,9.0,0.01001001001,0,0.890497389382,-0.634124281041,5,764
656,1,6.22978015138,1.0,7.0,0.00800800800801,0,0.0491137968257,1.08243876091,5,763
657,1,3.14378111585,3.0,8.0,0.00900900900901,0,-0.83208320105,0.640030718999,5,678
658,1,8.64567670366,6.0,9.0,0.01001001001,0,0.74464339381,1.41174652223,5,760
659,1,2.46973753253,2.0,6.0,0.00900900900901,0,-0.153066136533,-2.07106405787,5,823
660,1,3.71598566042,,7.0,0.00800800800801,0,-0.507198665873,0.237581658043,5,664
661,1,3.76066251879,,7.0,0.00800800800801,0,-0.220823533728,-0.576866880028,5,828
662,1,2.20208604854,1.0,3.0,0.00800800800801,0,-0.63863071478,-0.88202180712,5,150
663,0,11.2027965505,8.0,,0.00800800800801,0,1.91540834109,0.456571527247,5,822
664,1,2.32826408985,,3.0,0.01001001001,0,-0.369571815049,-1.563020465,5,128
665,1,2.45392275605,2.0,3.0,0.01001001001,1,-0.684042128171,-0.493950859438,5,480
666,1,4.16933644756,2.0,5.0,0.01001001001,0,-0.243263315314,-0.100873606501,5,366
667,1,4.21839493905,1.0,6.0,0.00800800800801,0,-0.654283161332,1.18124442305,5,648
668,1,2.16018099627,0.0,4.0,0.01001001001,0,-1.35888683014,1.23684148669,5,255
669,0,9.35239421085,8.0,,0.00800800800801,0,1.58320380527,-0.397217204953,5,152
670,1,4.68213361431,0.0,6.0,0.00900900900901,0,0.0320218599274,-0.413931965473,5,483
671,1,6.38964458208,5.0,10.0,0.012012012012,0,0.693105897049,-0.689673109066,5,690
672,1,6.23954436865,3.0,10.0,0.013013013013,0,0.32544799177,0.263200393338,5,701
673,1,6.19600952071,5.0,7.0,0.012012012012,0,1.02325514002,-1.87375589936,5,308
674,1,10.9813541485,10.0,11.0,0.012012012012,1,1.69688448554,0.890700691898,5,926
675,1,2.67073297393,,3.0,0.00800800800801,0,-0.57255964895,-0.611588079215,5,163
676,1,-2.3569620973,,0.0,0.00800800800801,1,-2.56604220577,0.341164520023,5,4
677,1,4.1937989129,1.0,7.0,0.01001001001,0,-0.211647127743,-0.171259703874,5,689
678,1,6.12341275018,5.0,9.0,0.01001001001,0,0.0505897641697,0.971643457668,5,816
679,1,1.37523210924,1.0,3.0,0.00900900900901,0,-1.4039869117,0.58719284433,5,444
680,1,3.52921488486,2.0,5.0,0.00900900900901,0,-0.693643312352,0.610144821916,5,166
681,1,4.83856527378,2.0,5.0,0.00900900900901,0,0.324092586797,-1.13371248661,5,380
682,1,8.86595792477,3.0,12.0,0.013013013013,0,1.30263585467,-0.0419496392548,5,862
683,1,4.51501210409,1.0,5.0,0.011011011011,0,-0.430429622798,0.80630097248,5,302
684,1,5.12680250388,4.0,8.0,0.00800800800801,0,-0.0440782399514,0.259037223731,5,870
685,1,0.661750565516,0.0,9.0,0.00900900900901,0,-1.11767041456,-0.985238190809,5,868
686,1,-2.22221561949,,1.0,0.01001001001,0,-2.18596187401,-0.664329997465,5,61
687,1,4.02549338466,4.0,7.0,0.00900900900901,0,0.290998896797,-1.84750330573,5,825
688,1,3.54546094564,2.0,7.0,0.01001001001,0,-0.0398605959542,-1.3349572665,5,826
689,1,3.02199365253,,5.0,0.00900900900901,0,-0.466879807712,-0.577366924331,5,456
690,1,4.99987999615,4.0,8.0,0.01001001001,0,0.0989644666496,-0.297013403795,5,852
691,1,7.82954222862,6.0,9.0,0.01001001001,0,1.30784750247,-1.09400027878,5,654
692,1,7.90542786602,6.0,8.0,0.00900900900901,0,1.2325177731,-0.792125453279,5,830
693,1,6.85701836225,4.0,7.0,0.00900900900901,0,0.220872204136,1.19440174984,5,814
694,1,5.30805362205,0.0,7.0,0.01001001001,0,0.0364296656928,0.198764624974,5,254
695,1,6.08945243178,5.0,9.0,0.00900900900901,0,0.61336996753,-0.750657470811,5,617
696,1,4.41714806079,2.0,7.0,0.011011011011,0,-0.622654737209,1.28511227241,5,512
697,1,1.98187860114,1.0,4.0,0.012012012012,0,-0.597140471203,-1.22669998525,5,185
698,1,4.94985356355,4.0,9.0,0.00900900900901,0,0.171178775535,-0.563682763059,5,897
699,0,10.1749137815,8.0,,0.00800800800801,0,1.59277367072,0.396592769318,5,315
700,1,2.35612692428,,4.0,0.012012012012,0,-0.746533159703,-0.404273596606,5,358
701,1,4.25197167282,4.0,6.0,0.00800800800801,0,-0.505335126323,0.767977051792,5,698
702,1,5.26004440469,3.0,8.0,0.00900900900901,0,-0.0405644416072,0.381737729514,5,889
703,1,5.58670342986,2.0,7.0,0.00900900900901,0,0.161243580893,0.102972687183,5,750
704,1,7.96019918258,7.0,10.0,0.013013013013,0,0.666887942274,0.959535355758,5,744
705,1,6.62220267504,5.0,8.0,0.00900900900901,0,0.342547306398,0.594560755849,5,882
706,1,4.94048650612,1.0,8.0,0.00900900900901,0,0.245529187346,-0.79610105592,5,422
707,1,4.73032246456,1.0,5.0,0.00800800800801,0,0.342998064596,-1.29867172923,5,557
708,0,8.07701503721,8.0,,0.00800800800801,0,1.0216386633,0.0120990472993,5,61
709,1,0.720790812354,0.0,6.0,0.00800800800801,0,-1.6756768245,0.747821285848,5,460
710,1,5.51676217583,5.0,6.0,0.011011011011,1,0.571324989313,-1.19721279211,5,363
711,1,6.46691051648,1.0,9.0,0.01001001001,0,-0.00676465689997,1.48720448718,5,840
712,0,10.6143000776,9.0,,0.011011011011,0,2.19056367939,-0.957390960535,5,578
713,1,5.53006045825,3.0,6.0,0.00800800800801,0,0.504942892492,-0.984768219229,5,431
714,1,8.89587502058,7.0,9.0,0.01001001001,0,1.67284531629,-1.12266092829,5,909
715,1,9.85223166659,7.0,11.0,0.011011011011,0,1.15352027106,1.39167085342,5,912
716,1,6.54173550628,5.0,7.0,0.01001001001,0,0.274542407436,0.718108283968,5,598
717,1,3.7237540027,3.0,6.0,0.00800800800801,0,-0.398796516373,-0.0798564481778,5,813
718,1,1.57304615663,,2.0,0.00900900900901,0,-1.10288505099,-0.118298690384,5,274
719,0,10.0183454468,9.0,,0.00900900900901,0,1.26004646035,1.23820606571,5,160
720,1,3.47852598723,,5.0,0.012012012012,0,-0.895780354182,1.16586704978,5,371
721,1,8.74491512659,8.0,9.0,0.00900900900901,1,1.56426843996,-0.947890193301,5,735
722,1,3.61575353977,0.0,4.0,0.01001001001,0,-0.695820792361,0.703215916857,5,203
723,1,7.40486088488,6.0,9.0,0.00900900900901,0,0.36509419479,1.30957830051,5,865
724,1,3.03967203831,0.0,5.0,0.00800800800801,0,-0.331635939594,-0.965420142907,5,356
725,1,6.78904464196,2.0,7.0,0.00800800800801,0,0.623238749393,-0.0806716062161,5,468
726,1,5.6757648032,5.0,6.0,0.01001001001,1,-0.253064666542,1.43495880283,5,762
727,1,2.71381759273,2.0,5.0,0.00900900900901,0,-0.73967557385,-0.0671556857179,5,354
728,1,3.87110716852,,6.0,0.01001001001,0,-0.487331603886,0.333101980179,5,265
729,0,12.38520201,8.0,,0.00800800800801,0,2.37394551033,0.263365479037,5,37
730,1,5.00052059957,4.0,6.0,0.00800800800801,0,-0.234487060023,0.703981779642,5,482
731,1,4.40391921243,3.0,9.0,0.00900900900901,0,0.45077119687,-1.94839437818,5,907
732,1,-1.60853053929,,1.0,0.00800800800801,0,-2.15549919107,-0.142032966069,5,23
733,1,3.57861804821,3.0,6.0,0.011011011011,0,-0.745982563416,0.816565738457,5,441
734,1,5.44338610636,3.0,8.0,0.00900900900901,0,0.4908713686,-1.02922799944,5,729
735,1,5.79901095586,5.0,6.0,0.00900900900901,1,0.284150153016,-0.0534395031913,5,551
736,1,5.75716193535,5.0,8.0,0.00900900900901,0,0.435292676798,-0.548716095047,5,929
737,1,4.30260264752,4.0,7.0,0.01001001001,0,0.140081931842,-1.11764314801,5,585
738,1,7.86165003457,3.0,8.0,0.01001001001,0,1.17061210321,-0.650186275068,5,879
739,1,5.38435021203,,6.0,0.00900900900901,0,-0.0885111519002,0.649883667728,5,298
740,1,4.31398894049,0.0,6.0,0.011011011011,0,0.198498690574,-1.28150713123,5,238
741,0,10.7120795439,8.0,,0.00900900900901,0,1.89257024994,0.0343687940905,5,892
742,1,2.05543607975,2.0,9.0,0.00900900900901,0,-0.604803731826,-1.13015272477,5,565
743,1,6.34580509537,6.0,8.0,0.00800800800801,0,1.14390796134,-2.08591878864,5,918
744,1,5.67021623952,3.0,9.0,0.01001001001,0,-0.048738474608,0.816431663344,5,727
745,1,6.73082885153,3.0,9.0,0.01001001001,0,0.787704037031,-0.632283259559,5,917
746,1,4.54779725935,3.0,6.0,0.01001001001,0,-0.23379772775,0.249190442598,5,637
747,1,6.23235470444,4.0,7.0,0.01001001001,0,0.471886077583,-0.183303528312,5,788
748,0,10.9533033332,8.0,,0.00800800800801,0,1.47048152165,1.5418587683,5,731
749,1,3.04844226928,3.0,4.0,0.01001001001,1,-0.399460966365,-0.753174831627,5,327
750,1,6.99788981697,,8.0,0.011011011011,0,0.390058095017,0.82771553192,5,537
751,1,7.53312588633,6.0,8.0,0.011011011011,0,0.215790823985,1.88575341437,5,851
752,0,12.1775270805,10.0,,0.01001001001,0,2.07264229787,0.959600186875,5,198
753,1,5.35957913072,4.0,6.0,0.00800800800801,0,0.176711277994,-0.170554703262,5,796
754,0,13.3705886204,8.0,,0.00800800800801,0,1.9573309426,2.49859579256,5,107
755,1,9.9948899305,8.0,10.0,0.01001001001,0,1.74356021997,-0.235790729401,5,927
756,1,5.73158638537,5.0,6.0,0.00800800800801,1,-0.0478874819548,0.875248831234,5,675
757,1,4.3911965687,1.0,7.0,0.00800800800801,0,-0.48325476098,0.840960851635,5,725
758,1,3.05874038243,1.0,7.0,0.01001001001,0,-1.31807986045,2.01297996378,5,500
759,1,6.46418524153,6.0,7.0,0.00800800800801,1,0.2995021933,0.565678661627,5,479
760,1,1.17248965455,1.0,4.0,0.00800800800801,0,-0.938807565725,-1.01108764828,5,324
761,1,5.84265637276,3.0,6.0,0.012012012012,0,0.45550157509,-0.523848352506,5,683
762,1,4.06469051488,2.0,7.0,0.00900900900901,0,-0.355414171366,0.130933028979,5,890
763,1,2.28354519213,,6.0,0.00900900900901,0,-0.70000290912,-0.616446080513,5,300
764,1,4.21790554519,,6.0,0.00900900900901,0,-0.179035794919,-0.244987070055,5,297
765,1,0.148708606925,0.0,9.0,0.01001001001,0,-1.44566879401,-0.514285011049,5,749
766,1,4.82700893614,4.0,6.0,0.00800800800801,0,0.339312987916,-1.19093002761,5,686
767,1,1.19269235668,0.0,10.0,0.01001001001,0,-0.901814181966,-1.10186509742,5,901
768,1,6.3439060946,4.0,7.0,0.00800800800801,0,0.331861378417,0.348321959349,5,653
769,1,1.41692590482,,4.0,0.00900900900901,0,-1.11971940062,-0.223915893329,5,389
770,1,3.61594981258,1.0,4.0,0.01001001001,0,-0.356572974219,-0.314331264761,5,245
771,1,-3.04690708048,,0.0,0.011011011011,1,-1.93117708905,-2.25337581334,5,29
772,0,11.7179772262,7.0,,0.00800800800801,0,1.85444378342,1.15464587595,5,51
773,1,5.61425276316,5.0,8.0,0.00800800800801,0,0.314723608866,-0.329918063434,5,903
774,1,8.29594273672,7.0,9.0,0.00900900900901,0,1.25624814561,-0.472801700095,5,925
775,1,2.87869757792,1.0,3.0,0.00900900900901,0,-0.378357203433,-0.986230811775,5,103
776,1,4.68095739862,4.0,5.0,0.00900900900901,1,0.189572898381,-0.887761296522,5,418
777,1,5.332853251,3.0,6.0,0.01001001001,0,-0.0987610495496,0.629136399648,5,590
778,1,5.74920259377,5.0,6.0,0.01001001001,1,0.349117048599,-0.298148552026,5,699
779,1,2.72750816008,1.0,4.0,0.00900900900901,0,-0.666551585899,-0.272837082221,5,545
780,1,0.306094247085,0.0,4.0,0.00800800800801,0,-1.18983012487,-1.12441537832,5,567
781,1,7.01875811057,4.0,8.0,0.00800800800801,0,0.813424723067,-0.421516058635,5,832
782,1,3.95952329351,1.0,5.0,0.01001001001,0,-0.347362995632,0.00161228040686,5,465
783,1,0.830032630471,0.0,5.0,0.011011011011,0,-0.978804107115,-1.23355504818,5,151
784,1,1.44949444296,0.0,3.0,0.00800800800801,0,-0.697801252079,-1.4571018008,5,153
785,1,2.78599225448,,6.0,0.011011011011,0,-0.41866588689,-0.958010084849,5,285
786,1,3.08051968211,3.0,4.0,0.00800800800801,1,-0.831011055392,0.573552848282,5,448
787,1,2.52676878211,,3.0,0.00800800800801,0,-1.00773636442,0.549977875376,5,275
788,0,9.55991583698,8.0,,0.00800800800801,0,1.31663938961,0.609997668152,5,53
789,0,10.757323808,6.0,,0.00900900900901,0,1.77433849751,0.434308315461,5,907
790,1,8.90416574368,7.0,9.0,0.00900900900901,0,1.13029808547,0.513271487265,5,645
791,1,2.64786617859,,5.0,0.01001001001,0,-0.836470712727,0.157278316773,5,277
792,1,1.40048066647,0.0,3.0,0.00900900900901,0,-0.820461404092,-1.13813512126,5,92
793,1,2.28867740076,0.0,6.0,0.00800800800801,0,-0.108001976727,-2.38731666906,5,706
794,1,6.88866905697,6.0,9.0,0.01001001001,0,0.666966631977,-0.112230838964,5,758
795,1,8.66093773835,7.0,9.0,0.01001001001,0,0.621235350027,1.79723168827,5,797
796,1,1.43105244066,0.0,2.0,0.00900900900901,0,-1.06881584344,-0.362500029029,5,64
797,1,7.61875278852,5.0,8.0,0.00900900900901,0,0.630778331487,0.726417794057,5,563
798,1,5.97367512168,4.0,7.0,0.01001001001,0,0.0253360720543,0.897666905515,5,596
799,1,3.30496421965,1.0,5.0,0.00900900900901,0,-0.363935645107,-0.603228845033,5,652
800,1,7.16042026151,6.0,8.0,0.00800800800801,0,1.40968229507,-2.06862662369,5,715
801,1,7.72267621577,7.0,8.0,0.00800800800801,1,0.6631150222,0.733331149172,5,905
802,1,7.41117306365,7.0,8.0,0.00800800800801,1,0.763043469262,0.122042655864,5,930
803,1,1.72222209691,0.0,3.0,0.00900900900901,0,-0.8060971568,-0.859486432686,5,183
804,1,5.21035605642,3.0,8.0,0.00900900900901,0,0.347472207364,-0.832060565669,5,845
805,1,7.82888517757,6.0,8.0,0.00800800800801,0,1.13523554536,-0.57682145852,5,921
806,1,5.78235862523,5.0,10.0,0.01001001001,0,-0.198674865121,1.37838322059,5,822
807,1,2.6119327662,0.0,6.0,0.00900900900901,0,-0.27405223218,-1.56591053726,5,493
808,1,6.31123745828,,8.0,0.00900900900901,0,-0.355610049779,2.37806760761,5,913
809,1,5.32216660795,5.0,8.0,0.00800800800801,0,0.563072428378,-1.36705067719,5,818
810,1,2.87420187546,1.0,3.0,0.00800800800801,0,-0.700879455527,-0.0231597579645,5,244
811,1,3.14641715183,1.0,11.0,0.011011011011,0,-0.430387444209,-0.562420515547,5,883
812,1,4.47910024077,3.0,6.0,0.01001001001,0,-0.269837463262,0.28861263056,5,455
813,1,0.975189915192,0.0,2.0,0.00900900900901,0,-0.908634795024,-1.29890569974,5,56
814,1,1.55940340076,1.0,4.0,0.00800800800801,0,-0.862532899581,-0.852997900499,5,262
815,1,4.99753653396,4.0,5.0,0.011011011011,1,0.0256605203638,-0.0794450271336,5,279
816,1,2.43708915998,2.0,3.0,0.011011011011,1,-0.890828851799,0.109575715377,5,292
817,1,4.88972239745,4.0,8.0,0.00800800800801,0,0.19440079352,-0.693479983111,5,914
818,1,6.54901389205,5.0,7.0,0.00800800800801,0,0.261710687041,0.76388183093,5,588
819,1,4.95564414079,0.0,5.0,0.00800800800801,0,-0.0686447500067,0.161578390812,5,497
820,1,-1.81733872323,,1.0,0.00900900900901,0,-1.72953618383,-1.62873017174,5,9
821,0,11.2489714249,9.0,,0.00900900900901,0,2.4912211479,-1.22469201886,5,563
822,0,8.15848907206,8.0,,0.00800800800801,0,0.850006415298,0.608469826166,5,669
823,1,7.05381569205,3.0,9.0,0.01001001001,0,0.591139434303,0.280397389144,5,747
824,1,2.80742799291,,3.0,0.00800800800801,0,-0.533934044355,-0.590769874025,5,143
825,1,1.18741280067,1.0,2.0,0.012012012012,1,-1.04628630052,-0.673728297779,5,52
826,1,0.677512371791,,1.0,0.00800800800801,0,-1.2145488859,-0.678840970504,5,36
827,1,1.31614934695,1.0,2.0,0.00800800800801,1,-0.872334773753,-1.06684633179,5,228
828,1,3.38549630663,0.0,5.0,0.01001001001,0,-0.605919671598,0.203255321427,5,394
829,1,4.51495209882,,5.0,0.00800800800801,0,-0.4461561666,0.853420598617,5,353
830,1,2.85785487474,2.0,5.0,0.00900900900901,0,-0.255237151419,-1.376433671,5,401
831,1,6.03555989814,5.0,7.0,0.00800800800801,0,0.33345926113,0.035182114747,5,681
832,1,6.53447448007,5.0,8.0,0.01001001001,0,0.668548901927,-0.471172225707,5,631
833,1,1.59893466745,1.0,2.0,0.00900900900901,1,-0.457790824112,-2.02769286022,5,533
834,1,3.07353211977,2.0,5.0,0.00800800800801,0,-0.735666036213,0.280530228406,5,267
835,1,0.830897235504,,1.0,0.00900900900901,0,-1.12378045738,-0.797761392369,5,17
836,1,6.82031012306,0.0,7.0,0.01001001001,0,0.264032567912,1.02821241932,5,672
837,1,2.73646099667,1.0,5.0,0.00800800800801,0,-0.569451063772,-0.555185812018,5,579
838,0,14.1850374687,10.0,,0.012012012012,0,3.12680777248,-0.195385848772,5,123
839,1,4.4525090932,4.0,5.0,0.00800800800801,1,-0.213665813866,0.0935065347984,5,742
840,1,3.6408469264,3.0,7.0,0.00900900900901,0,-0.0318384620187,-1.26363768754,5,671
841,0,8.30859956494,7.0,,0.00800800800801,0,1.70892073083,-1.81816262756,5,608
842,1,5.57278979148,4.0,7.0,0.00800800800801,0,0.264376244056,-0.220338940691,5,488
843,0,10.4822429057,8.0,,0.00800800800801,0,1.68503882737,0.42712642359,5,844
844,1,-2.02647384067,,1.0,0.00900900900901,0,-2.48403343902,0.425626476377,5,24
845,1,7.07693221998,4.0,8.0,0.00800800800801,0,0.888030547155,-0.587159421484,5,745
846,1,5.87643006567,4.0,6.0,0.00800800800801,0,-0.842854971758,3.40499498095,5,544
847,0,10.0333159265,9.0,,0.00900900900901,0,0.727540584599,2.85069417274,5,314
848,1,5.98785371384,5.0,7.0,0.00900900900901,0,0.136071186646,0.579640153898,5,728
849,1,6.94729430888,6.0,7.0,0.01001001001,1,0.493987486636,0.465331848971,5,556
850,0,6.16143274062,6.0,,0.00800800800801,0,0.165640723656,0.664510569647,5,716
851,1,3.3423934336,2.0,4.0,0.01001001001,0,-0.991190496788,1.31596492397,5,252
852,1,-1.8892880203,,0.0,0.00900900900901,1,-1.91522938801,-1.14359985628,5,42
853,1,5.17744811528,5.0,6.0,0.00800800800801,1,0.244391949265,-0.555727732518,5,872
854,0,9.15008598457,8.0,,0.00800800800801,0,1.43243835631,-0.147229084356,5,606
855,0,9.74590134123,8.0,,0.00900900900901,0,1.49542554539,0.259624705068,5,744
856,1,6.17492315659,1.0,7.0,0.00800800800801,0,0.536682715512,-0.435124989945,5,520
857,1,0.594977867553,0.0,6.0,0.00800800800801,0,-1.24422403885,-0.672350015897,5,584
858,1,7.28713713235,5.0,8.0,0.00800800800801,0,0.903886016989,-0.424520918621,5,908
859,1,5.83547294443,4.0,7.0,0.00800800800801,0,-0.141649440968,1.26042126733,5,785
860,1,5.67880432882,2.0,7.0,0.01001001001,0,0.54256321526,-0.948885316962,5,522
861,1,3.71703249866,2.0,6.0,0.00900900900901,0,-0.16032449256,-0.801994023659,5,530
862,1,6.43896379485,5.0,8.0,0.00900900900901,0,1.19037664236,-2.13216613221,5,784
863,1,4.62801095914,4.0,6.0,0.00800800800801,0,-0.639887802146,1.54767436558,5,850
864,1,3.03491268128,3.0,8.0,0.00900900900901,0,-0.129928585739,-1.57530156151,5,853
865,1,-3.73208869845,,1.0,0.00800800800801,0,-3.11557635118,0.614640355073,5,82
866,1,4.5718359542,2.0,8.0,0.00800800800801,0,0.0178055415741,-0.481580670522,5,896
867,0,8.28307535487,7.0,,0.00800800800801,0,0.846940857559,0.742252782198,5,672
868,1,5.87814041668,5.0,7.0,0.00900900900901,0,0.352980732833,-0.180801781816,5,844
869,1,2.48473623946,1.0,3.0,0.00900900900901,0,-1.12260793864,0.852560055394,5,289
870,1,0.531638062576,,1.0,0.01001001001,0,-1.40069006052,-0.266291755879,5,67
871,1,1.30783342704,1.0,3.0,0.00800800800801,0,-1.10505220283,-0.377009964462,5,276
872,0,10.436470721,7.0,,0.00900900900901,0,1.46242787439,1.04918709788,5,806
873,1,-2.67503809071,,0.0,0.00900900900901,1,-2.32256294679,-0.707349250345,5,18
874,1,1.63449907245,1.0,5.0,0.00800800800801,0,-0.922222351428,-0.598833873266,5,316
875,0,7.1804321547,7.0,,0.00900900900901,0,1.45840753938,-2.19479046345,5,381
876,1,-0.306484249051,,0.0,0.00800800800801,1,-1.35384265226,-1.24495629227,5,20
877,1,1.09509754343,0.0,3.0,0.00900900900901,0,-1.64644996825,1.03444744817,5,168
878,1,6.14889064797,6.0,7.0,0.00800800800801,1,0.576510068302,-0.580639556936,5,808
879,1,3.57770242968,3.0,8.0,0.00800800800801,0,-0.235124792324,-0.71692319335,5,609
880,1,8.33044417779,8.0,9.0,0.00900900900901,1,0.902513024803,0.622905103379,5,920
881,1,7.58379604628,4.0,8.0,0.00800800800801,0,0.918472302478,-0.171620861154,5,919
882,1,0.837900066629,0.0,1.0,0.00900900900901,1,-1.21606826294,-0.513895144565,5,69
883,0,8.55117089429,8.0,,0.00800800800801,0,0.892538685413,0.873554838049,5,119
884,0,9.31985748545,7.0,,0.00800800800801,0,1.52764883888,-0.263089031196,5,775
885,1,5.90645439504,5.0,6.0,0.00900900900901,1,-0.255656658573,1.67342437076,5,802
886,1,4.21316439628,2.0,7.0,0.00800800800801,0,-0.845777155421,1.75049586254,5,792
887,1,6.45007985671,4.0,7.0,0.00900900900901,0,0.238569833743,0.734370355478,5,900
888,1,2.20350540021,1.0,3.0,0.00800800800801,0,-0.904329931754,-0.0835048045319,5,391
889,1,4.5039788025,2.0,5.0,0.00800800800801,0,-0.739784189908,1.72333137223,5,383
890,1,2.29161843006,0.0,3.0,0.01001001001,0,-0.532349079658,-1.11133433096,5,291
891,1,1.66232333069,1.0,2.0,0.00800800800801,1,-1.37113976724,0.775742632409,5,121
892,1,1.89098788239,1.0,4.0,0.01001001001,0,-0.89606628286,-0.42081326903,5,260
893,1,3.75325669835,2.0,7.0,0.00900900900901,0,-0.0985922400668,-0.950966581446,5,855
894,1,3.40943541766,0.0,5.0,0.00800800800801,0,-0.606551561735,0.22909010287,5,414
895,1,5.1497030228,5.0,7.0,0.00800800800801,0,0.274483920512,-0.673748738733,5,721
896,1,4.19670806299,4.0,7.0,0.00800800800801,0,-0.0349810042899,-0.698348924142,5,848
897,1,2.96502229756,0.0,7.0,0.00800800800801,0,-0.502727650644,-0.526794750509,5,303
898,0,8.82611283071,8.0,,0.00800800800801,0,1.19090685412,0.253392268343,5,863
899,1,0.891684770182,0.0,1.0,0.01001001001,1,-1.25821095396,-0.333682367943,5,30
900,1,2.12280804061,1.0,4.0,0.00800800800801,0,-0.930873474204,-0.0845715367793,5,312
901,1,7.0850711913,7.0,8.0,0.00800800800801,1,1.19756680939,-1.50762923687,5,878
902,1,0.205526596441,,1.0,0.00800800800801,0,-1.27206619847,-0.978274808139,5,138
903,1,4.55925625694,4.0,5.0,0.00900900900901,1,0.116145816487,-0.789181192522,5,516
904,1,-2.30817628181,,0.0,0.00800800800801,1,-2.13088273568,-0.915528074782,5,53
905,1,0.35942038145,,3.0,0.00800800800801,0,-1.51111530883,-0.107233692067,5,180
906,1,6.07437928795,4.0,7.0,0.01001001001,0,0.557344870651,-0.597655324009,5,714
907,1,4.35857913579,1.0,7.0,0.00800800800801,0,-0.183106094965,-0.092102579312,5,793
908,1,5.32510195926,4.0,8.0,0.00800800800801,0,0.188944567717,-0.241731743895,5,766
909,1,5.63935104018,4.0,7.0,0.00800800800801,0,-0.102346861949,0.946391626028,5,613
910,1,5.57304940359,5.0,6.0,0.00800800800801,1,0.337340879252,-0.438973234163,5,755
911,1,5.5721970534,5.0,7.0,0.00900900900901,0,0.284004502179,-0.279816453139,5,771
912,1,1.09572409937,1.0,4.0,0.00800800800801,0,-0.993249041854,-0.924528775071,5,640
913,1,5.50270373892,3.0,6.0,0.00800800800801,0,0.206454613451,-0.116660101436,5,381
914,1,3.20270835636,3.0,8.0,0.00800800800801,0,-0.612151467539,0.0391627589829,5,705
915,1,1.80689143176,,4.0,0.00900900900901,0,-0.712163116627,-1.05661921836,5,339
916,1,3.02489032794,2.0,5.0,0.00900900900901,0,-0.571122416428,-0.261742422776,5,542
917,1,-0.0550403049351,,0.0,0.00900900900901,1,-1.87966386754,0.583951297675,5,49
918,1,6.16195869544,5.0,7.0,0.00900900900901,0,-0.142156574195,1.58842841802,5,406
919,1,4.69714370954,2.0,8.0,0.00800800800801,0,-0.554973920107,1.36206546986,5,915
920,0,9.67733574846,8.0,,0.00800800800801,0,1.64026251432,-0.243451794507,5,625
921,1,4.6997667068,4.0,8.0,0.00900900900901,0,-0.365705197731,0.796882299989,5,859
922,0,8.2317671784,7.0,,0.00800800800801,0,0.810794066107,0.799384980085,5,93
923,1,5.41069892522,2.0,7.0,0.00800800800801,0,0.583603265911,-1.34011087251,5,717
924,0,9.26823079392,9.0,,0.00900900900901,0,1.2074330312,0.645931700326,5,89
925,1,1.97276574039,1.0,2.0,0.00800800800801,1,-1.34416594471,1.00526357452,5,507
926,1,4.98022307324,3.0,7.0,0.00800800800801,0,0.548325115161,-1.66475227225,5,770
927,0,9.21803748729,8.0,,0.00800800800801,0,1.61223061003,-0.6186543428,5,885
928,1,4.41412463292,,7.0,0.00800800800801,0,0.300329282631,-1.48686321498,5,846
929,1,7.38212986683,7.0,8.0,0.00800800800801,1,0.169853828197,1.87256838224,5,933
930,1,5.85737418757,3.0,8.0,0.00800800800801,0,-0.0757647770467,1.08466851871,5,639
931,1,4.55940981484,2.0,7.0,0.00800800800801,0,0.0154327989938,-0.486888582146,5,651
932,1,6.72812215226,4.0,7.0,0.00800800800801,0,0.636141115042,-0.180301192865,5,765
933,1,5.12334555904,5.0,6.0,0.00800800800801,1,-0.0655833345679,0.320095562743,5,775
934,1,2.84687946295,2.0,6.0,0.00800800800801,0,-0.618639056453,-0.297203367688,5,415
935,1,-0.336925933198,,0.0,0.00800800800801,1,-1.76803997371,-0.0328060120799,5,14
936,1,2.33749543163,2.0,4.0,0.01001001001,0,-0.514138725595,-1.12008839159,5,515
937,0,11.7277028107,9.0,,0.00900900900901,0,1.94668690224,0.887642104011,5,750
938,1,5.39481379785,4.0,6.0,0.00800800800801,0,0.586677187846,-1.36521776569,5,398
939,1,5.08841743686,,8.0,0.00800800800801,0,-0.191299959355,0.662317314929,5,838
940,1,0.935538309486,0.0,1.0,0.00800800800801,1,-1.05170250915,-0.909354163054,5,204
941,1,1.20804703676,,3.0,0.00800800800801,0,-1.17804526709,-0.257817161959,5,256
942,1,2.49946426112,1.0,6.0,0.00800800800801,0,-0.699561763162,-0.401850449391,5,470
943,1,1.444266949,1.0,6.0,0.00800800800801,0,-0.631794115008,-1.66035070597,5,809
944,1,-0.596755296964,,1.0,0.00800800800801,0,-1.95024536718,0.253980804573,5,26
945,1,3.03914521238,3.0,4.0,0.00800800800801,1,-0.454718486343,-0.596699328593,5,88
946,1,4.64965078406,2.0,7.0,0.00800800800801,0,-0.076425391977,-0.121073040009,5,734
947,1,3.3269442236,1.0,8.0,0.00800800800801,0,-0.454672759997,-0.309037496414,5,873
948,1,5.46580709249,0.0,6.0,0.01001001001,0,-0.30319771609,1.37540024077,5,373
949,1,6.62027715127,2.0,7.0,0.00800800800801,0,0.281833191724,0.7747775761,5,757
950,1,4.76364391882,2.0,7.0,0.00800800800801,0,-0.24756141575,0.506328166071,5,801
951,1,7.20311761547,4.0,8.0,0.00800800800801,0,0.732414979463,0.00587267708135,5,611
952,0,9.26663788197,8.0,,0.00800800800801,0,1.58111378134,-0.476703462043,5,721
953,1,5.91275414113,1.0,8.0,0.00800800800801,0,0.576244923322,-0.815980628839,5,481
954,0,9.5072198499,8.0,,0.00800800800801,0,1.28672330749,0.647049927432,5,151
955,1,5.71558518695,1.0,8.0,0.00800800800801,0,-0.113959441169,1.05746351045,5,720
956,1,0.610205624854,,3.0,0.00800800800801,0,-1.32899052834,-0.402822790115,5,33
957,1,5.59548437361,1.0,6.0,0.00800800800801,0,0.340718969535,-0.426672534997,5,777
958,0,9.1189213023,8.0,,0.00800800800801,0,1.57456537165,-0.604774812654,5,697
959,0,12.1109741432,8.0,,0.00800800800801,0,2.22977319717,0.421654551668,5,718
960,0,8.17048863732,8.0,,0.00800800800801,0,0.998347732314,0.175445440382,5,375
961,1,-1.10696573314,,0.0,0.00800800800801,1,-1.90242536312,-0.399689643768,5,39
962,1,0.681542856727,0.0,2.0,0.00800800800801,0,-1.15644034713,-0.849136101881,5,216
963,1,6.48707851956,5.0,7.0,0.00800800800801,0,0.660701728458,-0.495026665813,5,922
964,1,6.09776071274,6.0,8.0,0.00800800800801,0,0.449313117858,-0.250178640831,5,866
965,1,5.61129057111,0.0,6.0,0.00800800800801,0,0.433852268002,-0.690266232893,5,506
966,0,11.0870448796,9.0,,0.00900900900901,0,1.569284315,1.37919193465,5,495
967,1,5.55397751774,4.0,8.0,0.00800800800801,0,0.239970845818,-0.165935019713,5,810
968,0,10.7781848603,8.0,,0.00800800800801,0,2.16264024653,-0.709735879284,5,458
969,1,7.42041345968,6.0,8.0,0.00800800800801,0,0.339345714933,1.40237631488,5,881
970,1,0.409463840659,,2.0,0.00800800800801,0,-1.2545145,-0.826992659337,5,158
971,1,4.40067258181,3.0,7.0,0.00900900900901,0,-1.02353946044,2.47129096312,5,676
972,1,3.15440609062,2.0,6.0,0.00800800800801,0,-0.0859586960258,-1.58771782131,5,601
973,1,2.02363334815,2.0,5.0,0.00800800800801,0,-0.750306444075,-0.725447319625,5,509
974,1,0.52762036629,0.0,2.0,0.00800800800801,0,-1.28010771483,-0.632056489226,5,243
975,1,2.73267015932,2.0,6.0,0.00800800800801,0,-0.644614622793,-0.333485972304,5,842
976,0,9.80411483703,8.0,,0.00800800800801,0,1.76324300658,-0.485614182711,5,854
977,1,5.60710298904,5.0,7.0,0.00800800800801,0,0.0514040660238,0.452890790974,5,566
978,0,11.1869465495,8.0,,0.00800800800801,0,1.81319989349,0.747346869027,5,626
979,1,4.04467200929,4.0,5.0,0.00800800800801,1,-0.12538177366,-0.579182669735,5,435
980,1,1.11530219633,,4.0,0.00800800800801,0,-1.283021564,-0.035633111665,5,207
981,1,5.26388150517,2.0,6.0,0.00800800800801,0,-0.127873218918,0.647501161918,5,428
982,1,5.82921668518,0.0,7.0,0.00800800800801,0,0.067604909119,0.626401957819,5,662
983,1,3.96110011889,2.0,6.0,0.00800800800801,0,-0.160268043889,-0.55809574944,5,659
984,1,4.62299157442,4.0,5.0,0.00800800800801,1,0.284706445737,-1.23112776279,5,474
985,1,-1.10842216986,,4.0,0.00800800800801,0,-2.60244756955,1.6989205388,5,349
986,1,4.53529361887,2.0,5.0,0.00800800800801,0,-0.0356954150892,-0.35762013586,5,372
987,1,0.607346898285,,1.0,0.00800800800801,0,-0.790944753863,-2.01981884013,5,55
988,1,7.15711611239,6.0,8.0,0.00800800800801,0,0.718749506898,0.000867591701249,5,894
989,0,8.00313634143,8.0,,0.00800800800801,0,0.761548475322,0.718490915464,5,580
990,1,-1.80032199317,,0.0,0.00800800800801,1,-2.05659264792,-0.63054404942,5,28
991,1,3.41744614566,3.0,8.0,0.00800800800801,0,-0.0148021240101,-1.53814748231,5,536
992,1,5.48837278243,4.0,8.0,0.00800800800801,0,-0.0868801117509,0.74901311768,5,719
993,1,-1.58163469179,,2.0,0.00800800800801,0,-1.29865038594,-2.68568353397,5,167
994,1,3.50180407998,0.0,4.0,0.00800800800801,0,-0.361646000843,-0.413257917491,5,239
995,1,4.72964386583,,7.0,0.00800800800801,0,-0.0707593750295,-0.0580780090865,5,519
996,1,0.857769885753,0.0,6.0,0.00800800800801,0,-1.61643914787,0.707087329374,5,486
997,1,7.38927521467,4.0,8.0,0.00800800800801,0,0.749322269902,0.141308404964,5,858
998,0,8.30107788238,8.0,,0.00800800800801,0,0.41848448322,2.04562443272,5,906
999,1,4.91563234323,2.0,7.0,0.00800800800801,0,0.30029291934,-0.985246414785,5,798
