name,activated,threshold,before_activation_alters,after_activation_alters,degree,observed,var1,epsilon,constant,activation_order
0,1,1.92946441581,,3.0,0.12012012012,0,-0.669737912477,-1.06132184676,5,48
1,1,8.47236137002,6.0,25.0,0.0870870870871,0,1.03440577534,0.369144044013,5,236
2,1,0.152035390273,0.0,8.0,0.046046046046,0,-1.98867739875,1.11806758652,5,120
3,1,11.4453912611,,40.0,0.0950950950951,0,2.47737203239,-0.986724836078,5,341
4,1,8.00420390425,1.0,14.0,0.0550550550551,0,0.814547067297,0.560562702353,5,186
5,1,5.84507930132,4.0,11.0,0.0550550550551,0,0.067673761855,0.642058015755,5,145
6,1,8.6804607392,5.0,27.0,0.16016016016,0,1.50073995561,-0.821759127631,5,108
7,1,4.66934380109,,71.0,0.125125125125,0,0.109989378504,-0.660624334427,5,416
8,1,4.2239717178,1.0,7.0,0.115115115115,0,-0.863706431485,1.81509101225,5,53
9,1,9.95790621507,9.0,32.0,0.047047047047,0,0.979655504078,2.01893970283,5,476
10,1,0.999141562593,,13.0,0.0740740740741,0,-1.27005958877,-0.190679671082,5,117
11,1,9.50059676045,6.0,15.0,0.0870870870871,0,2.18881581261,-2.06585067739,5,114
12,1,0.227187853292,0.0,3.0,0.0690690690691,0,-1.43481650596,-0.46836262883,5,42
13,1,2.77126580587,,6.0,0.0560560560561,0,-0.691898046248,-0.153040055389,5,64
14,1,0.390739385165,,7.0,0.0780780780781,0,-1.18925958321,-1.04148186519,5,71
15,1,5.24396413598,,6.0,0.0660660660661,0,-0.179844587665,0.783497898971,5,51
16,1,3.95424088238,1.0,6.0,0.0720720720721,0,-0.434120052336,0.256601039392,5,69
17,1,10.8654135775,8.0,11.0,0.02002002002,0,1.65472958948,0.901224809004,5,459
18,1,5.67739461657,0.0,9.0,0.0520520520521,0,0.30701230927,-0.243642311241,5,93
19,1,5.37275832324,3.0,6.0,0.029029029029,0,-0.124978427067,0.747693604443,5,141
20,1,10.8118917566,7.0,11.0,0.039039039039,0,2.02629585284,-0.266995801883,5,152
21,1,1.4846050545,1.0,4.0,0.0530530530531,0,-1.03819705081,-0.400803793071,5,70
22,1,2.7073794367,2.0,10.0,0.0530530530531,0,-0.795814074837,0.0948216612132,5,104
23,1,3.31452813608,2.0,5.0,0.048048048048,0,-0.367902500712,-0.581764361786,5,113
24,1,6.1466792723,1.0,9.0,0.041041041041,0,0.170933634278,0.633878369464,5,160
25,1,1.87772580955,0.0,10.0,0.02002002002,0,-0.507713524777,-1.59913361612,5,252
26,1,5.67211945103,4.0,20.0,0.039039039039,0,0.403306412554,-0.537799786634,5,321
27,1,8.74865255772,6.0,12.0,0.019019019019,0,0.628684959721,1.86259767856,5,510
28,1,12.9455714775,11.0,25.0,0.033033033033,0,2.55777580375,0.272244066197,5,654
29,1,1.92649840763,0.0,5.0,0.018018018018,0,-1.29481077197,0.810930723534,5,195
30,1,2.86110654171,0.0,3.0,0.016016016016,0,-0.659908173366,-0.159168938196,5,80
31,1,9.30461225319,9.0,11.0,0.027027027027,0,1.50914657131,-0.222827460738,5,303
32,1,4.58593350781,1.0,6.0,0.047047047047,0,-0.00159815152474,-0.40927203762,5,86
33,1,7.24912522475,4.0,15.0,0.0530530530531,0,0.971262870782,-0.664663387593,5,269
34,1,8.23829520758,,23.0,0.0750750750751,0,1.15258995414,-0.219474654833,5,255
35,1,5.97179071995,4.0,7.0,0.046046046046,0,0.265484875122,0.175336094579,5,110
36,1,2.25114066992,1.0,3.0,0.048048048048,0,-0.44060222026,-1.4270526693,5,56
37,1,4.84566565023,0.0,18.0,0.04004004004,0,0.0309647399695,-0.247228569679,5,356
38,1,10.8501513494,10.0,13.0,0.033033033033,0,1.79628595338,0.461293489226,5,334
39,1,2.60252206519,1.0,3.0,0.0710710710711,0,-1.23737801614,1.31465611362,5,50
40,1,2.74141462434,0.0,3.0,0.027027027027,0,-0.843874060769,0.273036806645,5,63
41,1,-0.632284147801,,0.0,0.019019019019,1,-2.05187806293,0.523350040987,5,47
42,1,5.15726998067,0.0,11.0,0.037037037037,0,0.161931228991,-0.328523706306,5,197
43,1,5.75331587825,,8.0,0.033033033033,0,0.325100509448,-0.221985650094,5,147
44,1,7.56023017826,6.0,9.0,0.016016016016,0,1.0492035781,-0.587380556048,5,475
45,1,9.37170163722,6.0,10.0,0.0510510510511,0,1.42081505679,0.109256466854,5,166
46,1,7.25644844807,7.0,12.0,0.021021021021,0,0.47192349021,0.840677977444,5,379
47,1,-0.4563599239,,1.0,0.011011011011,0,-1.84327066045,0.0734520574402,5,12
48,1,6.56147688508,0.0,7.0,0.029029029029,0,0.968260470905,-1.34330452764,5,172
49,1,1.74237435215,0.0,6.0,0.013013013013,0,-0.928619041012,-0.471768524816,5,316
50,1,10.7292227904,9.0,15.0,0.019019019019,0,1.6831623578,0.679735717039,5,704
51,1,5.01399928876,1.0,11.0,0.018018018018,0,-0.0533583361843,0.174074297313,5,247
52,1,1.9290896652,1.0,17.0,0.038038038038,0,-1.047248377,0.0708347962088,5,385
53,1,-0.409233337648,,2.0,0.02002002002,0,-1.77047905946,-0.0977961592599,5,26
54,1,4.960429807,1.0,6.0,0.021021021021,0,-0.141131664523,0.383824800571,5,199
55,1,6.07068038678,0.0,9.0,0.018018018018,0,0.625787508651,-0.806682139174,5,289
56,1,4.1085932422,1.0,8.0,0.016016016016,0,-0.253434654853,-0.131102793245,5,435
57,1,10.2517181021,6.0,11.0,0.02002002002,0,1.53428080835,0.648875677089,5,491
58,1,7.11188964211,7.0,11.0,0.024024024024,0,0.332685076818,1.11383441165,5,521
59,1,-1.56267310167,,4.0,0.033033033033,0,-2.19435562035,0.0203937593781,5,73
60,1,0.958281471644,,1.0,0.013013013013,0,-0.79769015143,-1.64864807407,5,32
61,1,1.09608355524,1.0,4.0,0.027027027027,0,-1.43603372979,0.404184744608,5,96
62,1,8.90356494393,7.0,12.0,0.02002002002,0,1.62395260695,-0.968292876927,5,442
63,1,10.5306391376,7.0,15.0,0.027027027027,0,1.67200429701,0.514626246534,5,497
64,1,7.66266514984,,11.0,0.038038038038,0,0.70610782589,0.544341672165,5,149
65,1,-1.87580418699,,0.0,0.024024024024,1,-2.15325312669,-0.41604480693,5,15
66,1,8.39542107545,0.0,12.0,0.037037037037,0,0.702021633777,1.28935617412,5,240
67,1,2.67490507402,,12.0,0.03003003003,0,-0.708948457756,-0.198249552711,5,242
68,1,7.54078717356,2.0,9.0,0.022022022022,0,1.0969266958,-0.749992913843,5,339
69,1,4.41519393326,3.0,7.0,0.033033033033,0,0.0843073159641,-0.837728014635,5,168
70,1,4.16993495675,4.0,5.0,0.011011011011,1,-0.042752424036,-0.701807771141,5,161
71,1,5.07531720716,5.0,9.0,0.025025025025,0,0.0829268008709,-0.173463195455,5,174
72,1,11.378074509,0.0,15.0,0.037037037037,0,2.04690880372,0.237348097861,5,326
73,1,3.57206219803,2.0,5.0,0.027027027027,0,-0.312861322053,-0.489353835807,5,130
74,1,3.37941201326,3.0,8.0,0.036036036036,0,-0.773326876305,0.699392642174,5,143
75,1,1.75748735073,,5.0,0.024024024024,0,-0.725221584783,-1.06684789492,5,131
76,1,5.01350651579,5.0,8.0,0.024024024024,0,0.0486862258344,-0.132552161709,5,218
77,1,5.23068906939,4.0,7.0,0.021021021021,0,0.150800737716,-0.221713143755,5,305
78,1,4.5634621733,4.0,12.0,0.021021021021,0,-0.166811110731,0.063895505489,5,465
79,1,4.24978770913,4.0,5.0,0.017017017017,1,-0.469551102837,0.65844101764,5,132
80,1,4.92719155204,1.0,6.0,0.016016016016,0,0.133751856944,-0.474064018796,5,235
81,1,4.64873426948,2.0,9.0,0.021021021021,0,-0.531334308754,1.24273719574,5,259
82,1,1.50936990711,,7.0,0.016016016016,0,-0.66902220071,-1.48356349076,5,191
83,1,1.00996596258,1.0,9.0,0.015015015015,0,-1.41270800339,0.248089972751,5,466
84,1,6.456238184,6.0,12.0,0.022022022022,0,0.464858257706,0.0616634108833,5,340
85,1,9.12909108614,9.0,13.0,0.027027027027,0,1.0668183292,0.92863609854,5,480
86,1,3.55233571203,3.0,5.0,0.014014014014,0,-0.470643834092,-0.035732785694,5,129
87,1,3.38726389785,3.0,7.0,0.018018018018,0,0.174049628796,-2.13488498854,5,257
88,1,3.00570680222,2.0,6.0,0.016016016016,0,-0.682591474896,0.053481226909,5,243
89,1,3.42809198847,1.0,4.0,0.024024024024,0,-0.329778911044,-0.582571278395,5,97
90,1,3.83811603985,1.0,4.0,0.014014014014,0,-0.619916069402,0.69786424806,5,170
91,1,5.92100775991,4.0,14.0,0.018018018018,0,0.0432780512032,0.7911736063,5,657
92,0,11.4008154657,8.0,,0.00900900900901,0,1.86988458333,0.791161715697,5,50
93,0,12.0585853125,8.0,,0.011011011011,0,2.32254275491,0.0909570477591,5,317
94,1,6.7822790319,3.0,7.0,0.018018018018,0,0.204146843371,1.16983850178,5,400
95,1,7.2519960973,7.0,9.0,0.022022022022,0,0.920536389605,-0.509613071511,5,439
96,1,6.21165306349,3.0,8.0,0.024024024024,0,-0.0723922632846,1.42882985334,5,123
97,1,4.38499066439,3.0,8.0,0.013013013013,0,-0.0536576334083,-0.454036435383,5,485
98,1,7.07756574031,2.0,13.0,0.022022022022,0,0.0404483847509,1.95622058605,5,661
99,1,1.26860468945,0.0,2.0,0.027027027027,0,-1.05206330809,-0.575205386281,5,76
100,1,3.53786104124,2.0,6.0,0.03003003003,0,-0.6980351127,0.631966379337,5,253
101,1,3.16177003197,2.0,4.0,0.034034034034,0,-0.486336248219,-0.379221223368,5,101
102,1,5.02713512085,5.0,6.0,0.021021021021,1,-0.301702019631,0.932241179744,5,137
103,1,9.0390173067,7.0,10.0,0.014014014014,0,1.33227348969,0.042196837638,5,461
104,1,4.40446434672,,5.0,0.026026026026,0,-0.253774200338,0.165786947736,5,55
105,1,-1.6724511108,,1.0,0.031031031031,0,-2.11993852043,-0.312635549514,5,19
106,1,4.1725231597,1.0,6.0,0.011011011011,0,-0.115647032751,-0.480535742047,5,298
107,1,6.04557217208,1.0,11.0,0.016016016016,0,0.152489057413,0.588104999839,5,595
108,1,4.87698271531,2.0,6.0,0.014014014014,0,-0.375563592476,1.00367349274,5,220
109,1,0.558256498625,,9.0,0.044044044044,0,-1.74049037159,0.779727613403,5,134
110,1,-0.269509506284,,0.0,0.011011011011,1,-1.70734228072,-0.147482664115,5,9
111,1,5.2463173054,5.0,6.0,0.025025025025,1,0.259493109557,-0.532162023269,5,313
112,1,-1.27325466871,,0.0,0.013013013013,1,-1.77100109547,-0.960251382298,5,24
113,1,3.63441589694,2.0,8.0,0.035035035035,0,-0.0135822028524,-1.3248374945,5,265
114,1,2.26591055723,0.0,7.0,0.02002002002,0,-0.951026214314,0.118989200173,5,233
115,1,2.30513822679,0.0,4.0,0.018018018018,0,-0.507497004327,-1.17237076023,5,115
116,1,4.30553623932,4.0,5.0,0.00600600600601,1,-0.280021686543,0.145601298954,5,437
117,0,10.5781830903,10.0,,0.013013013013,0,2.08599218805,-0.679793473828,5,498
118,1,1.45350877641,0.0,2.0,0.034034034034,0,-1.43914462926,0.7709426642,5,31
119,1,4.69631852946,2.0,5.0,0.023023023023,0,0.383428354962,-1.45396653542,5,128
120,1,4.41723737106,4.0,7.0,0.013013013013,0,-0.80267226771,1.82525417419,5,443
121,1,7.46338454147,3.0,8.0,0.016016016016,0,1.38338763254,-1.68677835614,5,367
122,0,12.4501349386,12.0,,0.015015015015,0,2.4037179648,0.238981044206,5,555
123,1,1.93762654994,,3.0,0.021021021021,0,-1.13240304322,0.334835679594,5,85
124,1,6.59833519714,6.0,9.0,0.012012012012,0,0.686374134334,-0.460787205865,5,546
125,1,5.22403562487,4.0,7.0,0.014014014014,0,0.308174287858,-0.700487238705,5,153
126,1,4.84720701696,,5.0,0.02002002002,0,-0.278485742288,0.682664243823,5,203
127,1,5.14401788229,4.0,8.0,0.022022022022,0,0.804425370748,-2.26925822995,5,310
128,1,3.88097442057,,8.0,0.017017017017,0,-0.111329483927,-0.785037127647,5,366
129,1,12.0879635115,12.0,17.0,0.025025025025,0,2.24029493238,0.367078714392,5,637
130,1,3.51588915116,2.0,7.0,0.011011011011,0,-0.315109178742,-0.53878331261,5,179
131,1,6.77852871317,4.0,12.0,0.029029029029,0,0.727450137262,-0.403821698612,5,319
132,1,0.736062333375,,6.0,0.017017017017,0,-1.51981781662,0.295515783239,5,138
133,1,6.0799403562,0.0,8.0,0.014014014014,0,0.430625686817,-0.211936704246,5,484
134,1,2.96871971355,2.0,4.0,0.02002002002,0,-1.17177862779,1.48405559692,5,99
135,1,4.3500136061,1.0,6.0,0.014014014014,0,-0.21538400376,-0.00383438261881,5,237
136,1,6.05761535077,6.0,10.0,0.018018018018,0,0.80667094484,-1.36239748375,5,494
137,1,3.27219199266,2.0,11.0,0.019019019019,0,-0.525594961561,-0.151023122662,5,543
138,1,4.74575339284,3.0,5.0,0.016016016016,0,-0.171311600298,0.259688193733,5,169
139,1,3.2918399852,3.0,5.0,0.016016016016,0,-1.01986037803,1.35142111928,5,122
140,1,1.70025760289,1.0,9.0,0.019019019019,0,-1.04714990781,-0.158292673678,5,221
141,1,5.07012007801,2.0,7.0,0.016016016016,0,0.173437284313,-0.450191774932,5,318
142,1,1.89776708458,0.0,2.0,0.014014014014,0,-1.22069634532,0.559856120541,5,103
143,1,3.6188152443,2.0,6.0,0.017017017017,0,-0.225316879708,-0.705234116577,5,239
144,1,6.30739517211,4.0,14.0,0.019019019019,0,0.0341868276423,1.20483468918,5,566
145,1,2.05496953046,2.0,4.0,0.014014014014,0,-1.08787847733,0.318604962459,5,171
146,1,1.09672064193,,4.0,0.00600600600601,0,-1.32299848951,0.06571611045,5,256
147,1,5.05606671785,3.0,8.0,0.016016016016,0,0.222375389004,-0.611059449168,5,509
148,1,6.48406685873,6.0,7.0,0.012012012012,1,0.996424400965,-1.50520634416,5,526
149,0,8.07636621964,7.0,,0.011011011011,0,0.777816659644,0.742916240711,5,77
150,1,2.58327405074,2.0,4.0,0.014014014014,0,-0.694129859297,-0.334336371367,5,83
151,0,10.4929952628,8.0,,0.013013013013,0,1.68125573393,0.449228060954,5,275
152,1,3.36117957677,3.0,6.0,0.00800800800801,0,-0.526853213258,-0.0582607834597,5,573
153,1,6.30710812725,6.0,8.0,0.018018018018,0,0.562721065554,-0.381055069409,5,361
154,1,4.16882617082,4.0,6.0,0.011011011011,0,-0.271355365264,-0.0171077333909,5,408
155,1,2.96133138211,2.0,4.0,0.01001001001,0,-0.889046590803,0.628471154522,5,119
156,1,7.67479272836,5.0,8.0,0.017017017017,0,0.513809080821,1.13336548589,5,329
157,1,-0.444716540049,,5.0,0.00600600600601,0,-1.75061656272,-0.192866851888,5,351
158,0,7.80147699997,7.0,,0.00900900900901,0,0.891076565839,0.128247302459,5,166
159,0,9.83985241965,6.0,,0.00700700700701,0,1.5780594085,0.105674194138,5,86
160,1,1.41162784014,1.0,3.0,0.016016016016,0,-1.13573237687,-0.181175029267,5,148
161,1,6.56298535995,6.0,8.0,0.017017017017,0,0.326183865178,0.584433764415,5,293
162,1,4.63662727704,3.0,7.0,0.013013013013,0,-0.242677886112,0.364660935374,5,414
163,1,7.33085173045,4.0,11.0,0.032032032032,0,0.183290382678,1.78098058241,5,507
164,1,6.53506962204,6.0,7.0,0.014014014014,1,0.463206912205,0.14544888542,5,399
165,1,4.84841468741,1.0,6.0,0.013013013013,0,-0.48447102558,1.30182776415,5,196
166,1,5.42435818268,3.0,8.0,0.012012012012,0,0.00111521774196,0.421012529451,5,392
167,1,5.29282582454,4.0,10.0,0.017017017017,0,-0.253710226333,1.05395650354,5,603
168,1,4.44983069133,3.0,5.0,0.02002002002,0,-0.210830998085,0.0823236855816,5,184
169,1,3.37252226669,1.0,4.0,0.013013013013,0,-0.377427444277,-0.495195400481,5,192
170,1,9.98273704746,9.0,10.0,0.021021021021,1,1.31323412938,1.04303465931,5,622
171,1,8.5962933837,7.0,9.0,0.013013013013,0,0.726448316935,1.41694843289,5,586
172,1,5.57608593993,4.0,7.0,0.011011011011,0,0.0620401279563,0.389965556065,5,398
173,1,4.73850742196,3.0,5.0,0.014014014014,0,-0.189453353109,0.30686748129,5,369
174,1,7.14333552599,7.0,8.0,0.00900900900901,1,0.468880168759,0.736695019715,5,532
175,1,6.41878660708,5.0,9.0,0.015015015015,0,0.498876590531,-0.077843164515,5,623
176,0,7.93274783983,7.0,,0.00900900900901,0,0.492375062242,1.45562265311,5,300
177,0,10.2004368528,10.0,,0.014014014014,0,1.67955516798,0.161771348905,5,420
178,1,6.45718463667,6.0,7.0,0.013013013013,1,1.01765874416,-1.59579159581,5,456
179,0,11.9042244591,11.0,,0.012012012012,0,2.18259112881,0.356451072692,5,397
180,1,7.86852224756,4.0,8.0,0.013013013013,0,0.918725275806,0.112346420139,5,352
181,1,2.2599254825,0.0,6.0,0.018018018018,0,-1.07367096897,0.480938389424,5,164
182,1,8.55039194145,1.0,11.0,0.018018018018,0,1.22839527141,-0.134793872773,5,472
183,1,-0.396193774689,,4.0,0.014014014014,0,-1.72018561628,-0.235636925852,5,112
184,1,1.80729592721,0.0,3.0,0.016016016016,0,-0.734565052947,-0.989008913953,5,78
185,1,6.95622176459,3.0,7.0,0.00900900900901,0,0.806488044032,-0.463242367506,5,206
186,1,4.9172017546,3.0,6.0,0.016016016016,0,0.855931532156,-2.65059284187,5,338
187,1,5.95905711136,4.0,7.0,0.01001001001,0,0.128030198174,0.57496651684,5,445
188,1,6.10167355995,4.0,10.0,0.02002002002,0,0.397086476799,-0.0895858704441,5,458
189,1,9.53801055992,7.0,11.0,0.013013013013,0,1.8516643381,-1.0169824544,5,587
190,1,6.65211971577,2.0,8.0,0.014014014014,0,0.87663959959,-0.977799083005,5,512
191,1,2.33478556709,0.0,5.0,0.011011011011,0,-0.886497392123,-0.0057222565421,5,182
192,1,8.96802923155,5.0,9.0,0.016016016016,0,1.28359934099,0.117231208597,5,438
193,0,7.02724041223,7.0,,0.00800800800801,0,0.773417939709,-0.293013406896,5,733
194,1,0.025497150467,0.0,3.0,0.019019019019,0,-1.95523163412,0.891192052829,5,75
195,1,5.66285417377,0.0,6.0,0.011011011011,0,0.301453860426,-0.241507407505,5,332
196,1,3.67203537153,2.0,6.0,0.01001001001,0,-0.209091133554,-0.700691227809,5,427
197,1,5.452341921,5.0,6.0,0.013013013013,1,0.275114547663,-0.373001721986,5,495
198,0,6.24843337926,6.0,,0.00600600600601,0,0.186780075139,0.688093153839,5,415
199,1,2.76435744219,2.0,3.0,0.012012012012,1,-0.535292284632,-0.629765703915,5,225
200,1,1.65479524819,1.0,3.0,0.019019019019,0,-1.66228751032,1.64165777914,5,125
201,1,6.46014748953,6.0,8.0,0.014014014014,0,0.188682041133,0.894101366127,5,688
202,1,3.19940314657,3.0,7.0,0.014014014014,0,-0.488176966277,-0.3360659546,5,150
203,1,-0.991549391936,,1.0,0.00900900900901,0,-2.16427898655,0.501287567708,5,82
204,1,8.11867314397,8.0,12.0,0.018018018018,0,0.897591993514,0.425897163431,5,508
205,1,1.822415047,1.0,2.0,0.016016016016,1,-1.0914786121,0.0968508833089,5,144
206,1,4.69215461704,2.0,5.0,0.00900900900901,0,0.129532215994,-0.696442030936,5,286
207,1,2.67253788017,2.0,3.0,0.015015015015,1,-0.48930947891,-0.859533683102,5,219
208,1,4.80730771519,3.0,5.0,0.00900900900901,0,-0.0147848356841,-0.148337777753,5,136
209,1,5.32175228617,5.0,6.0,0.00800800800801,1,0.18387447506,-0.229871139011,5,712
210,1,8.21025202625,7.0,9.0,0.013013013013,0,1.15235144236,-0.246802300828,5,389
211,1,6.54653682658,6.0,7.0,0.00900900900901,1,0.581973450607,-0.199383525242,5,524
212,1,1.2465165289,1.0,2.0,0.015015015015,1,-1.10981008804,-0.424053206971,5,111
213,1,0.950836469274,0.0,3.0,0.01001001001,0,-1.01317060419,-1.00965171815,5,146
214,1,4.84447069608,2.0,10.0,0.017017017017,0,0.153221417208,-0.615193555545,5,390
215,1,3.6337272319,0.0,6.0,0.00700700700701,0,-0.546960138066,0.274607646097,5,581
216,0,10.3098834058,8.0,,0.011011011011,0,0.999396056393,2.31169523661,5,633
217,1,3.85092985403,2.0,5.0,0.012012012012,0,-0.422744538577,0.119163469763,5,608
218,1,1.79205431776,1.0,3.0,0.00800800800801,0,-1.18154997455,0.336704241398,5,309
219,1,3.44911992898,2.0,5.0,0.00800800800801,0,-0.0502763041968,-1.40005115842,5,569
220,1,3.431888848,3.0,5.0,0.00700700700701,0,-0.650034831186,0.381993341562,5,176
221,1,7.26623166913,7.0,8.0,0.013013013013,1,0.724473489363,0.0928112010439,5,425
222,1,4.15435679427,2.0,10.0,0.018018018018,0,-0.175180566407,-0.320101506506,5,464
223,0,7.6759534892,6.0,,0.00800800800801,0,0.874413339015,0.0527134721569,5,107
224,1,2.20358387782,1.0,3.0,0.012012012012,0,-1.1646574325,0.697556175329,5,57
225,1,0.389357648989,0.0,2.0,0.025025025025,0,-1.18627499028,-1.05181738017,5,74
226,1,-0.632411238397,,0.0,0.01001001001,1,-2.03626329547,0.476378648023,5,27
227,1,7.06956370933,7.0,8.0,0.013013013013,1,0.313560708685,1.12888158328,5,504
228,1,5.69404161178,5.0,6.0,0.011011011011,1,0.463721279498,-0.697122226718,5,294
229,0,7.23256444485,7.0,,0.00800800800801,0,1.01011241248,-0.797772792595,5,23
230,1,4.87567779005,3.0,9.0,0.00900900900901,0,0.101866486549,-0.429921669593,5,452
231,1,5.84532006973,3.0,11.0,0.02002002002,0,0.229513857115,0.156778498387,5,632
232,1,7.23236720295,7.0,9.0,0.018018018018,0,0.62874118914,0.34614363553,5,607
233,1,10.3501045517,10.0,11.0,0.017017017017,1,1.55848757677,0.674641821352,5,687
234,1,6.18299532355,6.0,7.0,0.015015015015,1,0.448233913519,-0.161706417003,5,362
235,1,7.78618945666,5.0,8.0,0.014014014014,0,0.896217851885,0.0975359010086,5,493
236,1,0.151619394313,,1.0,0.014014014014,0,-1.61606832957,-0.000175616990765,5,25
237,1,2.42647035863,2.0,3.0,0.021021021021,1,-0.931746391404,0.221709532839,5,135
238,1,1.7821981627,1.0,8.0,0.016016016016,0,-1.00296619541,-0.208903251059,5,189
239,0,8.71228706016,7.0,,0.00700700700701,0,1.08667003397,0.452276958256,5,349
240,1,7.16010425899,6.0,8.0,0.011011011011,0,0.621740896327,0.294881570005,5,662
241,1,1.50662804428,0.0,8.0,0.011011011011,0,-1.04439221749,-0.360195303258,5,471
242,1,6.85102193295,6.0,7.0,0.017017017017,1,0.698532431663,-0.244575362043,5,287
243,1,9.89714828528,8.0,11.0,0.016016016016,0,1.38992886705,0.727361684118,5,691
244,1,3.18621584507,1.0,5.0,0.00900900900901,0,-0.523049589379,-0.244635386792,5,311
245,1,2.22118622702,1.0,4.0,0.00700700700701,0,-1.00792527273,0.244962045201,5,347
246,1,6.1229769802,5.0,7.0,0.00800800800801,0,0.821429419167,-1.3413112773,5,522
247,1,4.98395168233,2.0,9.0,0.018018018018,0,0.128360210866,-0.401128950268,5,505
248,1,4.96624204617,1.0,7.0,0.015015015015,0,-0.542862255675,1.5948288132,5,306
249,1,5.11691758875,5.0,6.0,0.011011011011,1,-0.30356638497,1.02761674366,5,511
250,0,7.60250506801,7.0,,0.01001001001,0,1.06753604695,-0.600103072825,5,55
251,1,4.48141267568,4.0,5.0,0.011011011011,1,0.136438292726,-0.927902202501,5,284
252,1,4.70479039626,2.0,6.0,0.00900900900901,0,-0.139702740611,0.123898618096,5,271
253,1,-0.345440760369,,1.0,0.012012012012,0,-1.79499472953,0.0395434282213,5,23
254,1,3.9404282407,0.0,4.0,0.00700700700701,0,-0.0574095256826,-0.887343182254,5,238
255,1,-0.506890038102,,0.0,0.00800800800801,1,-1.93136849586,0.287215449479,5,30
256,1,1.03507985679,1.0,2.0,0.017017017017,1,-1.38455226001,0.188736636814,5,36
257,1,5.21240282297,5.0,7.0,0.00900900900901,0,0.559916103894,-1.46734548871,5,601
258,1,2.97988543132,0.0,6.0,0.016016016016,0,-0.515549114809,-0.473467224253,5,314
259,1,1.11348257892,,9.0,0.014014014014,0,-1.20267443517,-0.27849411558,5,618
260,0,9.01373892028,7.0,,0.013013013013,0,1.05014183051,0.863313428766,5,347
261,1,4.42002033315,4.0,5.0,0.00800800800801,1,0.239458392591,-1.29835484462,5,323
262,1,5.88267599337,5.0,6.0,0.013013013013,1,-0.125196600245,1.2582657941,5,382
263,0,8.70677789717,7.0,,0.01001001001,0,1.13975922637,0.28750021805,5,695
264,1,4.88255470771,4.0,5.0,0.023023023023,1,0.289286541993,-0.985304918269,5,264
265,1,2.74022819519,2.0,6.0,0.019019019019,0,-0.541798985831,-0.63437484732,5,154
266,1,4.38649954926,3.0,8.0,0.017017017017,0,-0.289507792272,0.255022926072,5,299
267,1,4.1478409244,4.0,7.0,0.012012012012,0,-0.226999021213,-0.171162011958,5,474
268,1,5.35860899939,3.0,6.0,0.00900900900901,0,0.24946553808,-0.389787614845,5,564
269,0,8.47928034063,8.0,,0.00800800800801,0,1.49822704423,-1.01540079205,5,470
270,1,1.20213757302,0.0,2.0,0.01001001001,0,-1.0555641125,-0.631170089485,5,106
271,1,-0.3363589972,,0.0,0.012012012012,1,-1.64877625726,-0.39003022542,5,35
272,1,5.08500412651,5.0,6.0,0.014014014014,1,-0.131412694417,0.47924220976,5,370
273,1,3.77482808496,3.0,4.0,0.012012012012,1,-0.216091842481,-0.576896387594,5,167
274,1,2.40502628358,0.0,7.0,0.021021021021,0,-0.633725542299,-0.693797089522,5,116
275,1,5.25533615975,5.0,7.0,0.02002002002,0,0.116503796986,-0.0941752312063,5,300
276,1,2.19872726241,2.0,4.0,0.015015015015,0,-1.17137272883,0.712845448887,5,180
277,1,9.59767092574,5.0,12.0,0.019019019019,0,1.65663642679,-0.372238354632,5,563
278,0,11.4383909555,7.0,,0.00800800800801,0,1.8939064416,0.756671630723,5,316
279,0,6.36171520091,6.0,,0.00700700700701,0,0.843221987626,-1.16795076197,5,259
280,1,1.03119967578,,5.0,0.00800800800801,0,-1.21497958034,-0.323861583203,5,283
281,1,3.57584423358,3.0,6.0,0.00800800800801,0,-0.617483288016,0.428294097627,5,499
282,1,2.16121904347,1.0,3.0,0.00800800800801,0,-0.458357110507,-1.46370962501,5,231
283,0,7.09433873971,7.0,,0.011011011011,0,0.732727168949,-0.103842767135,5,357
284,1,4.87821763704,4.0,5.0,0.011011011011,1,-0.210809258623,0.51064541291,5,346
285,1,2.94499239678,1.0,4.0,0.00600600600601,0,-0.0800671255323,-1.81480622662,5,127
286,1,2.75908434731,1.0,4.0,0.00900900900901,0,-0.910898896195,0.491781035897,5,215
287,0,7.23489078867,6.0,,0.00600600600601,0,1.09522462511,-1.05078308665,5,97
288,1,1.67940374348,0.0,6.0,0.00900900900901,0,-0.933334305129,-0.520593341138,5,175
289,1,3.50011930026,2.0,5.0,0.017017017017,0,-0.5264819024,0.0795650074564,5,405
290,1,2.01366291677,2.0,6.0,0.00900900900901,0,-1.22472879842,0.687849312021,5,290
291,1,7.61622720712,,8.0,0.01001001001,0,1.54861889242,-2.02962947013,5,624
292,1,11.2241636945,8.0,12.0,0.018018018018,0,1.97987745325,0.284531334789,5,627
293,1,3.86282119927,3.0,10.0,0.012012012012,0,-0.143398017368,-0.706984748622,5,500
294,0,10.517198881,9.0,,0.011011011011,0,0.996833211889,2.52669924538,5,344
295,0,8.88186570095,8.0,,0.00800800800801,0,0.794630961079,1.49797281771,5,467
296,1,4.37168500322,1.0,5.0,0.011011011011,0,-0.38984697602,0.54122593128,5,320
297,0,8.48681253078,7.0,,0.00800800800801,0,0.885869212903,0.829204892074,5,269
298,1,5.33187362384,2.0,6.0,0.00800800800801,0,-0.116338081401,0.680887868042,5,364
299,1,3.38539476923,3.0,4.0,0.019019019019,1,-0.609604304883,0.214207683879,5,273
300,1,1.13305034915,0.0,2.0,0.015015015015,0,-1.32851160738,0.118585171297,5,65
301,1,5.28951631006,5.0,6.0,0.00900900900901,1,0.121350859251,-0.0745362676949,5,535
302,1,5.84939258538,3.0,6.0,0.00800800800801,0,-0.0700433048862,1.05952250003,5,490
303,1,6.46235063276,6.0,7.0,0.00700700700701,1,0.516026445482,-0.0857287036834,5,539
304,1,0.65244381022,0.0,5.0,0.01001001001,0,-1.38737667919,-0.185426152213,5,232
305,1,4.07769003687,3.0,5.0,0.01001001001,0,-0.10883193465,-0.595814159185,5,139
306,1,7.12498295062,7.0,8.0,0.00900900900901,1,0.763334899665,-0.165021748378,5,652
307,0,6.45137339342,5.0,,0.00700700700701,0,0.299855517177,0.55180684189,5,590
308,1,8.68617960616,7.0,9.0,0.01001001001,0,1.36438383061,-0.406971885667,5,697
309,1,9.48028293632,9.0,10.0,0.014014014014,1,1.10573593919,1.16307511876,5,620
310,1,4.54626367165,3.0,6.0,0.00900900900901,0,-0.286371747516,0.405378914198,5,567
311,0,10.8077248419,7.0,,0.00800800800801,0,1.4553707535,1.44161258142,5,545
312,1,3.09141742905,2.0,4.0,0.00700700700701,0,-0.32053389907,-0.946980873743,5,254
313,1,5.67586837687,5.0,6.0,0.00900900900901,1,0.586450189489,-1.0834821916,5,676
314,0,7.92265359714,7.0,,0.00700700700701,0,0.400683898477,1.72060190171,5,241
315,0,7.98121484482,5.0,,0.00800800800801,0,1.12458986756,-0.392554757866,5,295
316,1,7.64656467263,5.0,8.0,0.011011011011,0,0.955878370908,-0.221070440097,5,515
317,0,6.76988968826,6.0,,0.00700700700701,0,0.453218358089,0.410234613991,5,139
318,0,6.17808410037,6.0,,0.00600600600601,0,0.845265971502,-1.35771381414,5,326
319,1,4.80794658345,3.0,9.0,0.01001001001,0,0.0474967968632,-0.334543807139,5,613
320,1,1.37122034674,1.0,3.0,0.00900900900901,0,-1.05910425542,-0.451466886993,5,183
321,1,8.88115412198,7.0,12.0,0.012012012012,0,1.25449250085,0.117676619424,5,579
322,1,3.10468098804,0.0,8.0,0.01001001001,0,-0.732376886259,0.301811646819,5,534
323,1,3.41928641738,0.0,6.0,0.011011011011,0,-0.542144510233,0.0457199480806,5,349
324,1,6.23037562965,2.0,7.0,0.011011011011,0,0.476848339948,-0.200169390191,5,448
325,1,6.6938799804,5.0,8.0,0.013013013013,0,0.81960985649,-0.764949589076,5,669
326,1,-2.2446007917,,0.0,0.016016016016,1,-1.78996501162,-1.87470575684,5,1
327,1,6.51127549997,5.0,9.0,0.01001001001,0,0.283302222037,0.661368833856,5,501
328,1,0.947007525465,0.0,1.0,0.00900900900901,1,-1.26674718519,-0.252750918978,5,54
329,1,2.9033854753,2.0,5.0,0.00800800800801,0,-0.774159011512,0.225862509838,5,592
330,1,1.78293202513,,2.0,0.00800800800801,0,-1.05488502344,-0.052412904543,5,62
331,1,4.54919435762,3.0,5.0,0.00900900900901,0,-0.457012098662,0.920230653608,5,224
332,1,6.76166421158,5.0,8.0,0.012012012012,0,0.570176170306,0.0511357006571,5,638
333,0,5.08441017669,4.0,,0.00800800800801,0,0.272308447188,-0.732515164877,5,718
334,1,4.46689692545,4.0,7.0,0.012012012012,0,-0.119470506708,-0.174691554428,5,519
335,1,-3.00599277795,,1.0,0.00700700700701,0,-2.42207233343,-0.739775777664,5,17
336,0,7.90744486998,6.0,,0.00600600600601,0,1.4647793718,-1.48689324541,5,716
337,1,4.39726967932,3.0,9.0,0.01001001001,0,-0.521162224297,0.960756352213,5,673
338,1,9.06332906662,5.0,10.0,0.012012012012,0,1.46045774502,-0.318044168426,5,575
339,1,4.40213099011,1.0,5.0,0.00800800800801,0,-0.257913501601,0.175871494915,5,185
340,1,1.27636234682,0.0,3.0,0.00700700700701,0,-1.23787230534,-0.0100207371472,5,124
341,1,5.06374293476,4.0,7.0,0.011011011011,0,0.187936379222,-0.500066202903,5,549
342,0,7.8406911619,7.0,,0.00800800800801,0,0.530017225431,1.25063948561,5,665
343,1,2.76695759598,0.0,5.0,0.011011011011,0,-0.940251620545,0.587712457617,5,343
344,0,6.19976575044,6.0,,0.00800800800801,0,0.138486565782,0.784306053097,5,640
345,1,4.22418404378,1.0,7.0,0.016016016016,0,-0.0562085524749,-0.607190298794,5,358
346,1,3.68790803424,,4.0,0.012012012012,0,0.398569450185,-2.50780031631,5,87
347,1,6.66795187144,5.0,8.0,0.01001001001,0,0.65683750503,-0.302560643648,5,681
348,1,3.73629478695,,5.0,0.00900900900901,0,-0.500969076949,0.239202017801,5,178
349,1,0.39484961703,0.0,1.0,0.00900900900901,1,-1.32570106786,-0.628047179397,5,90
350,1,6.27394393935,6.0,8.0,0.014014014014,0,0.873676403836,-1.34708527216,5,658
351,1,2.87230529395,2.0,5.0,0.00700700700701,0,-0.533662043439,-0.526708575733,5,631
352,1,11.5180138072,11.0,13.0,0.018018018018,0,1.9175359203,0.765406046285,5,635
353,1,5.3186197515,4.0,6.0,0.01001001001,0,0.0597347593202,0.139415473538,5,678
354,1,1.28300148857,0.0,3.0,0.00700700700701,0,-1.43688588546,0.593659144961,5,229
355,1,8.9586680467,8.0,10.0,0.018018018018,0,1.50780071722,-0.564734104958,5,707
356,0,9.60863692638,6.0,,0.00900900900901,0,1.38391604808,0.456888782151,5,371
357,1,2.63945603046,1.0,6.0,0.011011011011,0,-0.412791783969,-1.12216861763,5,317
358,1,8.96924575275,6.0,9.0,0.01001001001,0,1.08996397856,0.699353817059,5,667
359,1,-0.871875534982,,1.0,0.012012012012,0,-1.48226354228,-1.42508490815,5,43
360,0,5.0358802542,5.0,,0.00900900900901,0,0.133210649884,-0.36375169545,5,43
361,0,6.1997025375,6.0,,0.00800800800801,0,0.549091900672,-0.447573164516,5,469
362,1,0.630106875067,,1.0,0.015015015015,0,-1.41403153335,-0.127798524877,5,67
363,0,9.26716681829,6.0,,0.00700700700701,0,0.990773989194,1.29484485071,5,151
364,0,8.21127323687,5.0,,0.00700700700701,0,0.611384149586,1.37712078812,5,67
365,1,5.01941000296,3.0,6.0,0.00800800800801,0,0.00987167866289,-0.0102050330321,5,393
366,1,3.47428323463,3.0,8.0,0.012012012012,0,-0.239923646701,-0.805945825269,5,530
367,1,-4.94577903482,,1.0,0.00600600600601,0,-3.08162562805,-0.70090215068,5,7
368,1,7.66621686409,1.0,8.0,0.014014014014,0,1.19362072801,-0.91464531994,5,381
369,0,9.44436311933,7.0,,0.00700700700701,0,1.3340768468,0.442132578916,5,485
370,0,10.0506029705,7.0,,0.011011011011,0,1.68912930343,-0.0167849397844,5,659
371,1,4.91412069181,1.0,6.0,0.011011011011,0,0.391752614715,-1.26113715233,5,181
372,1,4.55054321305,4.0,6.0,0.00900900900901,0,-0.339615392673,0.569389391071,5,570
373,1,5.42053448854,5.0,7.0,0.01001001001,0,0.204000208816,-0.191466137912,5,518
374,0,7.22353835,6.0,,0.00800800800801,0,0.746719163059,-0.016619139173,5,189
375,1,7.09472611647,6.0,8.0,0.011011011011,0,0.799025879208,-0.30235152115,5,498
376,0,11.580298932,6.0,,0.00800800800801,0,2.08941848245,0.312043484639,5,225
377,1,3.02656317041,1.0,4.0,0.00700700700701,0,-0.440377242921,-0.652305100822,5,277
378,1,6.73567200838,4.0,7.0,0.011011011011,0,0.83412583124,-0.766705485344,5,653
379,1,1.25631840439,,3.0,0.015015015015,0,-0.935075468394,-0.938455190424,5,94
380,0,6.61675243311,5.0,,0.00600600600601,0,0.436373435267,0.307632127305,5,530
381,1,0.408551334389,0.0,1.0,0.00800800800801,1,-1.62894345987,0.295381714007,5,91
382,1,4.89804478243,4.0,5.0,0.01001001001,1,0.0719100853533,-0.317685473631,5,374
383,1,5.73839151746,3.0,7.0,0.01001001001,0,0.443827573542,-0.593091203168,5,612
384,1,9.50529816616,9.0,10.0,0.012012012012,1,1.45258544638,0.147541827018,5,686
385,1,4.62641380051,4.0,5.0,0.00700700700701,1,-0.222328239867,0.293398520109,5,502
386,1,5.00295317918,3.0,8.0,0.01001001001,0,0.256196003083,-0.76563483007,5,591
387,1,4.20269193365,4.0,5.0,0.00800800800801,1,0.076501203447,-1.02681167669,5,644
388,1,-0.290725901794,,0.0,0.00900900900901,1,-1.82685609711,0.189842389538,5,13
389,1,2.30642132953,0.0,3.0,0.00900900900901,0,-0.900337542365,0.0074339566199,5,263
390,1,3.21087593474,2.0,4.0,0.012012012012,0,-0.446256161239,-0.450355581545,5,248
391,1,-0.583937338913,,5.0,0.011011011011,0,-1.63705889537,-0.672760652815,5,606
392,0,8.37910044031,7.0,,0.00700700700701,0,0.758735155122,1.10289497494,5,417
393,1,4.74549639454,3.0,7.0,0.01001001001,0,-0.0516483543223,-0.0995585424886,5,470
394,1,6.29476141744,3.0,8.0,0.015015015015,0,0.263236498292,0.505051922566,5,584
395,1,5.71089955214,1.0,6.0,0.00900900900901,0,-0.0606698157085,0.892908999261,5,324
396,1,4.8913090717,3.0,5.0,0.00600600600601,0,-0.145884629496,0.328962960184,5,555
397,1,2.89770099669,0.0,4.0,0.00700700700701,0,-1.13306898772,1.29690795985,5,469
398,1,0.955523222853,,1.0,0.00700700700701,0,-1.69409342288,1.03780349151,5,95
399,1,0.780730209266,,1.0,0.00900900900901,0,-1.38417223525,-0.0667530849889,5,68
400,1,2.36671201383,2.0,5.0,0.00700700700701,0,-0.506990370258,-1.1123168754,5,457
401,1,4.91714566488,2.0,6.0,0.01001001001,0,0.206833149829,-0.70335378461,5,455
402,1,5.0014670226,5.0,6.0,0.01001001001,1,-0.253214286802,0.761109883007,5,694
403,1,5.16151727885,5.0,6.0,0.00600600600601,1,0.163353560197,-0.328543401744,5,710
404,1,8.74077402762,8.0,9.0,0.00900900900901,1,1.09484219095,0.456247454787,5,721
405,1,6.82300053362,5.0,7.0,0.00800800800801,0,0.288412132298,0.957764136722,5,548
406,1,3.03581466873,3.0,5.0,0.01001001001,0,-0.571013757558,-0.2511440586,5,384
407,1,1.18544895347,,2.0,0.01001001001,0,-0.968526311018,-0.908972113474,5,59
408,1,4.03809319005,2.0,6.0,0.00700700700701,0,-0.473986904347,0.460053903093,5,696
409,1,6.52386845971,6.0,7.0,0.00700700700701,1,0.578456671052,-0.211501553446,5,675
410,1,3.60351711852,0.0,4.0,0.00600600600601,0,-0.139569725401,-0.977773705274,5,202
411,1,5.15010905265,5.0,6.0,0.00900900900901,1,-0.00501676084609,0.165159335191,5,639
412,1,0.480633698342,,1.0,0.00900900900901,0,-1.24877331883,-0.773046345167,5,72
413,1,7.91584373718,5.0,8.0,0.012012012012,0,0.969398273089,0.00764891791491,5,432
414,1,3.45300034468,1.0,4.0,0.00700700700701,0,-0.130880123215,-1.15435928567,5,444
415,1,1.64224118868,1.0,2.0,0.00700700700701,1,-1.17828514278,0.177096617025,5,77
416,1,6.12825625245,6.0,7.0,0.012012012012,1,0.524779628299,-0.446082632449,5,407
417,1,3.9377014672,2.0,4.0,0.013013013013,0,-0.409018412951,0.164756706051,5,276
418,1,8.83371436153,6.0,9.0,0.015015015015,0,1.31903685636,-0.123396207543,5,717
419,1,3.9581148242,3.0,5.0,0.00900900900901,0,0.0343730393166,-1.14500429375,5,275
420,1,3.99858927285,3.0,5.0,0.012012012012,0,-0.164684187302,-0.507358165248,5,345
421,1,1.14756279356,1.0,4.0,0.00700700700701,0,-1.40480023781,0.361963507006,5,333
422,1,6.8180637854,6.0,7.0,0.00700700700701,1,0.778457165721,-0.517307711766,5,656
423,1,3.01599283429,3.0,4.0,0.00700700700701,1,-0.735083544606,0.221243468111,5,560
424,1,-1.49717397841,,0.0,0.00700700700701,1,-1.88864081769,-0.831251525327,5,81
425,0,7.03503331403,6.0,,0.01001001001,0,0.655614637676,0.0681894009981,5,142
426,0,7.29865127502,5.0,,0.00600600600601,0,1.02923674075,-0.789058947238,5,417
427,1,6.35758473588,5.0,7.0,0.012012012012,0,0.53669151702,-0.252489815181,5,660
428,1,6.01998395068,4.0,7.0,0.011011011011,0,0.649808931438,-0.92944284363,5,655
429,1,3.03427707224,0.0,4.0,0.00600600600601,0,-0.584508204018,-0.212198315709,5,411
430,0,10.4287976269,6.0,,0.00700700700701,0,1.42015524906,1.16833187972,5,22
431,0,7.57831638188,7.0,,0.01001001001,0,0.753062634841,0.319128477354,5,76
432,1,2.22321356028,2.0,5.0,0.00800800800801,0,-1.05575745927,0.390485938103,5,373
433,1,2.18133584888,1.0,3.0,0.00800800800801,0,-0.878066230078,-0.184465460883,5,201
434,1,2.74683981383,2.0,5.0,0.011011011011,0,-0.827444603322,0.229173623796,5,187
435,1,3.20535719615,1.0,5.0,0.00800800800801,0,-0.625462285314,0.0817440520961,5,348
436,1,8.17204985174,8.0,9.0,0.012012012012,1,1.22351816585,-0.498504645812,5,733
437,1,4.48026151777,3.0,5.0,0.00600600600601,0,0.0459140375877,-0.657480594992,5,354
438,1,5.53377933818,4.0,6.0,0.00800800800801,0,0.254986964729,-0.231181556005,5,683
439,1,6.60362092451,4.0,8.0,0.01001001001,0,0.698103523635,-0.490689646398,5,463
440,1,6.01016761597,5.0,7.0,0.00700700700701,0,0.741260191679,-1.21361295907,5,699
441,1,4.26632217798,4.0,5.0,0.014014014014,1,-0.0517513650856,-0.578423726759,5,376
442,1,1.16475848926,,4.0,0.00900900900901,0,-1.73442081558,1.36802093599,5,227
443,0,9.87296708797,8.0,,0.00900900900901,0,1.06730610482,1.67104877352,5,342
444,0,8.45565467821,7.0,,0.00800800800801,0,0.955108237277,0.590329966374,5,383
445,1,8.15050900984,8.0,9.0,0.015015015015,1,0.948281759974,0.305663729921,5,724
446,1,2.74687646092,0.0,6.0,0.00800800800801,0,-0.523308727989,-0.683197355117,5,517
447,1,2.0430805047,0.0,5.0,0.00700700700701,0,-1.12646615079,0.422478957084,5,621
448,1,-0.716269136661,,1.0,0.012012012012,0,-1.78812356906,-0.351898429473,5,84
449,1,3.67627928291,3.0,5.0,0.00700700700701,0,-0.234964502547,-0.618827209449,5,529
450,1,2.85295082124,0.0,4.0,0.00900900900901,0,-0.458035942009,-0.772941352734,5,205
451,1,-0.575716258874,,0.0,0.01001001001,1,-1.66994967568,-0.565867231833,5,44
452,0,7.17609326729,7.0,,0.00800800800801,0,0.513598594236,0.635297484579,5,508
453,0,7.13787661455,6.0,,0.00600600600601,0,0.452964275535,0.778983787947,5,346
454,0,10.0215018828,10.0,,0.011011011011,0,1.74571007615,-0.215628345617,5,583
455,1,-3.04133826214,,0.0,0.013013013013,1,-2.49716961906,-0.549829404955,5,60
456,0,13.0451045897,10.0,,0.013013013013,0,2.14888019681,1.59846399924,5,405
457,1,5.96877455113,5.0,7.0,0.011011011011,0,0.426760845009,-0.311507983902,5,482
458,1,3.46233353969,0.0,4.0,0.00900900900901,0,-0.449941258076,-0.187842686078,5,462
459,0,10.8448925287,6.0,,0.00700700700701,0,1.8762857823,0.216035181834,5,612
460,0,8.14911780697,6.0,,0.00700700700701,0,1.02999640752,0.0591285844038,5,525
461,1,2.65905806733,1.0,5.0,0.00900900900901,0,-0.767253245122,-0.0391821973037,5,576
462,1,2.86424101711,1.0,4.0,0.00600600600601,0,-0.136690314823,-1.72568803842,5,583
463,0,11.7856821001,7.0,,0.00900900900901,0,1.94234163959,0.958657181338,5,608
464,0,10.3810807973,6.0,,0.00900900900901,0,1.58514001102,0.625660764262,5,134
465,1,7.37259660995,7.0,8.0,0.01001001001,1,0.901663991596,-0.332395364838,5,732
466,1,2.04800789373,0.0,3.0,0.00600600600601,0,-0.881688599896,-0.306926306584,5,162
467,0,6.80706756863,5.0,,0.00700700700701,0,0.388588042106,0.641303442311,5,377
468,1,6.4314431653,6.0,7.0,0.00900900900901,1,0.068460932275,1.22606036848,5,729
469,1,5.10014204364,5.0,6.0,0.00700700700701,1,-0.448120863668,1.44450463464,5,642
470,1,3.94901964939,1.0,5.0,0.00800800800801,0,-1.13981717564,2.36847117632,5,372
471,0,7.35418400927,6.0,,0.00700700700701,0,0.887639699129,-0.308735088112,5,455
472,1,1.86919211178,1.0,5.0,0.00700700700701,0,-1.60094864388,1.67203804342,5,541
473,0,8.76298339927,7.0,,0.00900900900901,0,1.33624768536,-0.245759656812,5,729
474,0,7.03371936274,5.0,,0.00700700700701,0,0.874669297079,-0.590288528495,5,536
475,1,3.88128378664,0.0,4.0,0.01001001001,0,-0.671331827709,0.895279269762,5,424
476,1,5.27543957892,3.0,6.0,0.00900900900901,0,0.119861405527,-0.0841446376639,5,614
477,0,9.91982235558,7.0,,0.00700700700701,0,1.79752911692,-0.472764995184,5,572
478,1,2.00386301055,2.0,7.0,0.012012012012,0,-1.12252616294,0.371441499371,5,544
479,1,3.75642203466,1.0,4.0,0.00800800800801,0,-0.724850716728,0.930974184842,5,105
480,1,4.56628553442,4.0,5.0,0.00800800800801,1,0.0174636720766,-0.486105481808,5,670
481,1,3.01868804813,3.0,4.0,0.01001001001,1,-0.509039508245,-0.454193427133,5,451
482,1,5.35847358852,5.0,6.0,0.00700700700701,1,0.508242354195,-1.16625347407,5,636
483,1,8.72178014934,8.0,9.0,0.01001001001,1,1.16279833583,0.233385141845,5,722
484,0,10.3757281316,6.0,,0.00600600600601,0,1.72572917894,0.198540594788,5,587
485,1,1.34379156248,1.0,6.0,0.00700700700701,0,-1.17010358896,-0.145897670645,5,404
486,1,4.42555479598,3.0,5.0,0.00600600600601,0,-0.170985667798,-0.0614882006242,5,684
487,1,1.46952342423,1.0,2.0,0.00800800800801,1,-1.0434254431,-0.40020024647,5,198
488,1,5.48124821263,4.0,7.0,0.00900900900901,0,0.260223734335,-0.299422990374,5,556
489,1,6.09296410644,5.0,8.0,0.00800800800801,0,0.428924765733,-0.193810190762,5,572
490,0,8.02901240597,6.0,,0.00900900900901,0,0.940696920413,0.20692164473,5,518
491,1,4.9967988637,4.0,5.0,0.00700700700701,1,0.301530476532,-0.907792565901,5,447
492,1,3.30287376462,2.0,5.0,0.00900900900901,0,-0.187638086604,-1.13421197556,5,261
493,1,4.25106977208,4.0,6.0,0.013013013013,0,-0.0401008922516,-0.628627551162,5,165
494,1,6.87822046201,6.0,7.0,0.012012012012,1,0.2441163359,1.14587145431,5,665
495,0,7.96174042652,5.0,,0.00600600600601,0,1.13370344965,-0.439369922434,5,218
496,1,1.18492758655,0.0,4.0,0.01001001001,0,-0.913097938602,-1.07577859765,5,151
497,0,8.16537190688,6.0,,0.00600600600601,0,0.623991844317,1.29339637392,5,655
498,0,5.13738185368,5.0,,0.00800800800801,0,-0.215910300025,0.78511275375,5,723
499,1,5.3698299069,5.0,6.0,0.00800800800801,1,-0.108291552108,0.694704563227,5,486
500,1,2.35298588076,1.0,3.0,0.00700700700701,0,-0.784692410166,-0.292936888743,5,177
501,1,3.82761521229,3.0,6.0,0.00900900900901,0,-0.628766877603,0.713915845099,5,430
502,0,7.57556764366,5.0,,0.00600600600601,0,1.07877858884,-0.660768122872,5,703
503,0,9.0432459958,8.0,,0.013013013013,0,1.1556777036,0.576212884994,5,289
504,1,7.9192189125,6.0,8.0,0.01001001001,0,0.491320851926,1.44525635672,5,625
505,0,6.18736683613,6.0,,0.00700700700701,0,0.600546705661,-0.614273280855,5,388
506,1,4.96935239909,3.0,5.0,0.01001001001,0,-0.15336815743,0.429456871375,5,315
507,1,5.31153777918,5.0,7.0,0.01001001001,0,0.202991779155,-0.297437558287,5,626
508,1,1.74335900273,,2.0,0.00700700700701,0,-1.02188787926,-0.190977359478,5,109
509,1,4.99960752401,4.0,5.0,0.00700700700701,1,0.171795422317,-0.515778742939,5,577
510,0,7.51400231921,7.0,,0.00700700700701,0,0.919306539977,-0.243917300724,5,18
511,0,7.55488923078,5.0,,0.00800800800801,0,0.735065525248,0.34969265503,5,163
512,1,1.64854741705,1.0,3.0,0.00800800800801,0,-1.13068492965,0.0406022060073,5,246
513,0,9.04801554568,6.0,,0.00700700700701,0,1.24318356967,0.318464836669,5,96
514,1,1.58090987446,1.0,3.0,0.00700700700701,0,-0.662166274295,-1.43259130266,5,262
515,1,6.35030302847,6.0,8.0,0.00800800800801,0,0.25960265427,0.571495065665,5,585
516,1,1.58093578504,0.0,3.0,0.00800800800801,0,-0.810208051057,-0.988440061794,5,155
517,1,3.06676975861,3.0,4.0,0.012012012012,1,-1.25920288022,1.84437839925,5,295
518,1,2.895682251,1.0,3.0,0.00800800800801,0,-0.799186821822,0.293242716462,5,216
519,0,5.94433422372,5.0,,0.00600600600601,0,0.603111842879,-0.865001304919,5,95
520,1,0.819254323652,0.0,2.0,0.00900900900901,0,-1.47460631585,0.243073271188,5,212
521,1,4.5881301601,4.0,5.0,0.00700700700701,1,-0.0345135849984,-0.308329084908,5,728
522,1,3.05000456402,2.0,4.0,0.00900900900901,0,-0.662797895809,0.0383982514433,5,434
523,1,5.5152332941,5.0,6.0,0.00600600600601,1,0.134628847086,0.111346752847,5,716
524,0,5.18757387349,5.0,,0.00800800800801,0,0.194086537637,-0.394685739424,5,701
525,1,8.84406516199,7.0,9.0,0.011011011011,0,1.39939635311,-0.354123897339,5,610
526,1,4.60868981698,2.0,7.0,0.011011011011,0,-0.111889962705,-0.0556402949013,5,708
527,1,1.33252367464,,6.0,0.00700700700701,0,-1.15600679078,-0.199455953034,5,597
528,1,4.86604234725,3.0,5.0,0.01001001001,0,-0.0400618604707,-0.013772071333,5,158
529,1,-0.238693383035,,0.0,0.00600600600601,1,-1.75031518864,0.0122521828897,5,5
530,1,4.82687937749,3.0,5.0,0.00700700700701,0,0.241529854638,-0.897710186424,5,487
531,1,0.668505271831,0.0,8.0,0.012012012012,0,-1.11469389408,-0.98741304594,5,513
532,1,6.11316020653,6.0,7.0,0.01001001001,1,0.0765885690847,0.883394499272,5,674
533,0,7.71286676899,6.0,,0.00700700700701,0,0.838924085389,0.196094512826,5,649
534,1,3.00616950413,2.0,4.0,0.01001001001,0,-0.688232365561,0.0708666008143,5,663
535,0,6.77946865199,6.0,,0.00600600600601,0,0.600723054188,-0.0227005105768,5,497
536,1,2.35774547285,0.0,4.0,0.011011011011,0,-0.863109216425,-0.0529268778717,5,211
537,0,9.9205333798,6.0,,0.00700700700701,0,1.43488376228,0.615882092957,5,85
538,0,8.59375299755,7.0,,0.00700700700701,0,1.24171107059,-0.131380214221,5,92
539,1,2.70742619253,2.0,3.0,0.00700700700701,1,-1.18801433767,1.27146920554,5,301
540,0,8.79202060563,6.0,,0.00600600600601,0,0.987186099937,0.830462305821,5,288
541,1,2.71771949074,0.0,3.0,0.00700700700701,0,-0.990449206602,0.689067110542,5,214
542,0,7.75359385736,6.0,,0.00800800800801,0,1.02940749711,-0.334628633977,5,663
543,0,10.7738998903,6.0,,0.01001001001,0,1.93748299931,-0.0385491076614,5,80
544,0,13.1498338555,8.0,,0.011011011011,0,2.55737325559,0.477714088737,5,397
545,0,7.71967648409,4.0,,0.00500500500501,0,0.651965373736,0.763780362884,5,569
546,0,10.3508690453,7.0,,0.00700700700701,0,1.56161697991,0.666018105523,5,245
547,0,6.63827823363,5.0,,0.00600600600601,0,0.292493908357,0.760796508562,5,266
548,1,1.60059255168,1.0,2.0,0.00700700700701,1,-1.0170043494,-0.348394400118,5,156
549,1,6.55906294329,4.0,7.0,0.00900900900901,0,0.461582740239,0.174314722575,5,536
550,0,8.38404314733,5.0,,0.00700700700701,0,0.817245471219,0.932306733672,5,674
551,1,5.52775507341,5.0,6.0,0.00600600600601,1,0.212480053225,-0.109685086267,5,454
552,1,5.69564496595,4.0,7.0,0.00900900900901,0,0.630522765032,-1.19592332915,5,666
553,1,5.54097521335,5.0,7.0,0.01001001001,0,0.311833070475,-0.394523998074,5,594
554,0,6.99215032424,5.0,,0.00800800800801,0,0.207459240994,1.36977260126,5,468
555,1,6.2253714492,6.0,7.0,0.00800800800801,1,0.51410891309,-0.316955290066,5,615
556,1,4.2528950726,4.0,5.0,0.00800800800801,1,-0.318483031012,0.20834416564,5,629
557,1,3.96741082604,3.0,5.0,0.00900900900901,0,-0.467638150037,0.370325276154,5,260
558,1,3.73737083684,1.0,4.0,0.014014014014,0,-0.577136419558,0.468780095513,5,375
559,1,6.69674870521,6.0,7.0,0.00900900900901,1,0.478016052727,0.262700547029,5,725
560,0,7.21093671688,7.0,,0.00900900900901,0,0.894230994019,-0.471756265173,5,186
561,1,4.96748197835,2.0,5.0,0.00800800800801,0,-0.20356929619,0.578189866926,5,540
562,1,6.36271966314,5.0,7.0,0.013013013013,0,0.721038210191,-0.800394967434,5,387
563,1,1.49870139158,,2.0,0.00800800800801,0,-1.06940614786,-0.293080164845,5,121
564,1,3.51665861833,2.0,6.0,0.00700700700701,0,-0.591453903473,0.291020328746,5,418
565,1,4.80891447486,4.0,6.0,0.00800800800801,0,-0.20077742502,0.411246749925,5,423
566,1,2.54450567487,2.0,3.0,0.01001001001,1,-0.517775921637,-0.902166560218,5,402
567,0,7.31125138888,5.0,,0.00600600600601,0,0.692195779329,0.234664050889,5,334
568,1,1.08252345371,1.0,3.0,0.00800800800801,0,-1.22111950174,-0.254118041064,5,291
569,0,7.1899866949,7.0,,0.01001001001,0,0.275428973522,1.36369977434,5,496
570,1,3.88410451452,3.0,4.0,0.00700700700701,1,-0.589550693311,0.652756594447,5,365
571,1,3.66784940996,2.0,4.0,0.00800800800801,0,-0.117744132724,-0.978918191863,5,234
572,1,5.60191798717,5.0,6.0,0.00800800800801,1,0.144047987347,0.169774025132,5,545
573,0,9.0100159729,6.0,,0.00600600600601,0,1.74313571136,-1.21939116119,5,17
574,1,1.1746444791,1.0,3.0,0.00700700700701,0,-0.971820734715,-0.909893316754,5,159
575,0,8.36070112845,6.0,,0.00700700700701,0,0.93204008748,0.564580866009,5,673
576,1,3.38330304607,3.0,4.0,0.00800800800801,1,-0.272006419749,-0.800677694679,5,542
577,1,5.12767206191,5.0,6.0,0.00800800800801,1,-0.136360737628,0.536754274792,5,711
578,1,4.49175586825,4.0,6.0,0.011011011011,0,-0.2909259712,0.364533781853,5,446
579,1,2.90878263135,0.0,5.0,0.011011011011,0,-0.540428802004,-0.469930962637,5,335
580,1,6.64186104969,6.0,7.0,0.00800800800801,1,0.635451811681,-0.26449438535,5,702
581,0,8.92429242306,7.0,,0.00900900900901,0,0.969648458751,1.01534704681,5,539
582,0,10.9740531435,6.0,,0.00700700700701,0,1.95731662342,0.102103273198,5,321
583,1,2.78576064826,1.0,4.0,0.00700700700701,0,-0.505174787618,-0.698714988889,5,479
584,1,3.80758491942,0.0,4.0,0.00700700700701,0,-0.568916162005,0.514333405433,5,258
585,1,0.660682378928,0.0,1.0,0.01001001001,1,-1.58825129903,0.425436276033,5,272
586,0,8.28715568062,6.0,,0.01001001001,0,0.968809308348,0.380727755573,5,698
587,1,2.92346687447,2.0,3.0,0.00600600600601,1,-0.474546966598,-0.652892225737,5,266
588,0,10.7904948403,10.0,,0.01001001001,0,1.29366361475,1.90950399609,5,366
589,1,1.81619865994,1.0,2.0,0.01001001001,1,-1.25238366638,0.573349659076,5,66
590,1,5.73591681256,5.0,6.0,0.01001001001,1,0.384361127775,-0.417166570759,5,599
591,0,9.7117325599,8.0,,0.01001001001,0,1.45155095681,0.35707968948,5,442
592,1,3.40341330552,1.0,5.0,0.00600600600601,0,-0.50645145762,-0.0772323216222,5,538
593,0,10.0553919002,8.0,,0.01001001001,0,1.60225761807,0.248619045939,5,493
594,1,4.72375325129,0.0,5.0,0.01001001001,0,-0.391182589568,0.897301019994,5,270
595,0,7.59729040978,5.0,,0.00700700700701,0,0.676365761133,0.568193126378,5,685
596,0,5.95522909929,4.0,,0.00700700700701,0,0.0764704356224,0.725817792421,5,606
597,1,6.8684699527,6.0,7.0,0.00800800800801,1,0.458444697925,0.493135858924,5,727
598,0,5.192946415,5.0,,0.00600600600601,0,-0.237728956633,0.906133284897,5,231
599,1,-0.875576604078,,1.0,0.00800800800801,0,-1.84311317927,-0.346237066261,5,58
600,0,4.31618769533,4.0,,0.00700700700701,0,-0.206640124375,-0.0638919315467,5,328
601,0,9.26368426634,6.0,,0.00700700700701,0,1.23687120587,0.553070648723,5,705
602,1,3.58039455843,3.0,5.0,0.00700700700701,0,-0.462877886352,-0.030971782511,5,274
603,1,3.85359778413,3.0,4.0,0.00700700700701,1,-0.198312582106,-0.551464469549,5,589
604,1,1.96877985715,1.0,6.0,0.00700700700701,0,-0.841057963973,-0.508046250929,5,559
605,0,9.4580520239,6.0,,0.00600600600601,0,1.26450475427,0.664537761074,5,223
606,1,4.18711640375,4.0,5.0,0.00600600600601,1,-0.219560251787,-0.154202840895,5,297
607,1,0.751700817086,0.0,3.0,0.00600600600601,0,-1.0491580954,-1.1008248967,5,126
608,0,7.75713551717,5.0,,0.00800800800801,0,1.22408464121,-0.915118406461,5,472
609,1,4.52067978317,4.0,5.0,0.00700700700701,1,-0.0866664426615,-0.219320888847,5,547
610,0,8.1628507527,7.0,,0.00900900900901,0,1.2705536773,-0.648810279203,5,20
611,0,8.44239848125,8.0,,0.011011011011,0,1.22500214655,-0.232607958406,5,252
612,1,2.73681343744,2.0,3.0,0.00700700700701,1,-0.940596766276,0.558603736272,5,307
613,1,5.88521988541,5.0,6.0,0.00700700700701,1,0.00431588630895,0.872272226481,5,605
614,0,8.48579128049,4.0,,0.00800800800801,0,1.12483340815,0.111291056047,5,213
615,1,0.847395225383,0.0,1.0,0.00700700700701,1,-1.49934745937,0.345437603484,5,102
616,1,2.13197377303,0.0,3.0,0.00800800800801,0,-1.22426499773,0.804768766216,5,208
617,0,9.33138780919,6.0,,0.00900900900901,0,1.16485244273,0.836830480989,5,16
618,1,2.99867731478,2.0,4.0,0.00700700700701,0,-0.374174226755,-0.87880000496,5,360
619,1,3.32226091416,3.0,4.0,0.00600600600601,1,-0.496793727259,-0.187357904064,5,394
620,1,5.08038305872,3.0,6.0,0.00900900900901,0,-0.0845450222971,0.334018125615,5,537
621,0,7.15373943369,6.0,,0.00600600600601,0,0.971706350787,-0.761379618676,5,75
622,1,6.98278853521,5.0,8.0,0.00800800800801,0,0.503489194236,0.472320952505,5,680
623,1,3.89806025116,3.0,5.0,0.00600600600601,0,0.117132371049,-1.45333686198,5,574
624,0,7.96110470895,4.0,,0.00700700700701,0,0.998017262527,-0.0329470786332,5,679
625,1,4.4191103067,1.0,5.0,0.00700700700701,0,-0.229413876511,0.107351936234,5,244
626,1,5.07454771586,5.0,6.0,0.00700700700701,1,0.0359917787872,-0.0334276205014,5,723
627,0,7.73587310403,6.0,,0.00600600600601,0,0.667790221442,0.73250243971,5,510
628,0,10.7740192426,5.0,,0.00800800800801,0,1.84067190091,0.252003539877,5,523
629,1,4.51791665595,1.0,6.0,0.00600600600601,0,-0.232542590109,0.215544426281,5,590
630,1,5.4937404665,5.0,6.0,0.00700700700701,1,0.0782619778131,0.258954533064,5,715
631,0,9.04281842005,8.0,,0.00800800800801,0,1.23669552933,0.332731832054,5,543
632,1,2.2577741021,,4.0,0.01001001001,0,-0.736857515018,-0.531653352851,5,213
633,0,8.85624029162,8.0,,0.00800800800801,0,1.05634444698,0.687206950684,5,464
634,1,3.63784514046,1.0,4.0,0.00700700700701,0,-0.218932592832,-0.705357081044,5,403
635,1,2.1882769214,1.0,4.0,0.01001001001,0,-1.00536750531,0.204379437333,5,562
636,1,2.78035850628,0.0,3.0,0.00600600600601,0,-0.336545500367,-1.21000499262,5,210
637,1,6.28434199655,6.0,7.0,0.00900900900901,1,0.600053369308,-0.515818111374,5,377
638,0,6.79780767243,6.0,,0.00700700700701,0,0.522756709471,0.229537544015,5,316
639,1,4.06446291719,1.0,6.0,0.00900900900901,0,-0.297946896034,-0.0416963947132,5,412
640,1,3.39906865448,3.0,4.0,0.00900900900901,1,0.165089859498,-2.09620092402,5,188
641,1,3.21427182945,2.0,4.0,0.00700700700701,0,-0.234340785096,-1.08270581526,5,527
642,0,10.8931972808,6.0,,0.00800800800801,0,1.78851988942,0.527637612511,5,627
643,1,5.14469788258,5.0,6.0,0.00700700700701,1,0.498374764879,-1.35042641205,5,580
644,1,5.45828600872,5.0,6.0,0.00600600600601,1,0.146802985601,0.0178770519154,5,690
645,0,9.47277484391,5.0,,0.00800800800801,0,1.62573424469,-0.404427890165,5,567
646,0,7.24022818966,5.0,,0.00600600600601,0,0.291106182217,1.36690964301,5,593
647,1,4.65368063677,4.0,5.0,0.00800800800801,1,-0.313216438605,0.593329952588,5,492
648,1,4.32893320351,4.0,5.0,0.00600600600601,1,-0.0455049241058,-0.534552024176,5,331
649,0,9.42915427499,7.0,,0.00700700700701,0,1.74499231283,-0.805822663488,5,401
650,1,3.3702025314,2.0,4.0,0.012012012012,0,-0.476311122763,-0.200864100314,5,395
651,0,8.0414790028,7.0,,0.00900900900901,0,0.887368023145,0.379374933365,5,91
652,0,10.7133914497,5.0,,0.00600600600601,0,1.65242916413,0.75610395735,5,10
653,0,7.93204051678,7.0,,0.00700700700701,0,1.14613930411,-0.506377395538,5,135
654,1,1.87235129455,,3.0,0.00700700700701,0,-0.962164442175,-0.241155378929,5,89
655,1,3.46370212681,1.0,4.0,0.00700700700701,0,-0.14805395126,-1.0921360194,5,401
656,1,2.87569278977,2.0,3.0,0.00600600600601,1,-0.700027508513,-0.0242246846921,5,386
657,1,0.341065035071,0.0,2.0,0.00700700700701,0,-2.06230641266,1.52798427305,5,422
658,1,5.78382140471,4.0,6.0,0.00700700700701,0,0.313543731779,-0.15680979063,5,726
659,1,4.60576779791,4.0,5.0,0.00600600600601,1,0.0182085691105,-0.448857909426,5,571
660,1,2.67657439526,2.0,3.0,0.00700700700701,1,-1.20258175455,1.2843196589,5,52
661,1,-0.0893260561091,,0.0,0.00600600600601,1,-1.6208962728,-0.226637237718,5,14
662,0,8.15939010532,6.0,,0.00700700700701,0,0.958679037224,0.283352993643,5,604
663,1,4.16187669497,3.0,6.0,0.00700700700701,0,0.011770621832,-0.87343517053,5,468
664,0,10.0925875036,7.0,,0.00700700700701,0,1.57297572978,0.373660314295,5,106
665,0,8.5088279684,6.0,,0.00600600600601,0,1.77658479119,-1.82092640516,5,562
666,1,3.66029246306,1.0,6.0,0.00700700700701,0,-0.385786951953,-0.182346681077,5,550
667,0,7.04807101032,7.0,,0.00700700700701,0,0.478620489943,0.612209540495,5,717
668,1,2.22700713335,2.0,3.0,0.00700700700701,1,-1.1420891131,0.653274472649,5,355
669,1,2.30361117079,2.0,3.0,0.00900900900901,1,-0.930532654762,0.0952091350813,5,251
670,0,8.26139125636,6.0,,0.00700700700701,0,1.07988187707,0.0217456251566,5,51
671,0,10.9049346958,7.0,,0.00700700700701,0,2.24032734729,-0.816047346046,5,546
672,0,6.705684103,4.0,,0.00600600600601,0,0.737792313422,-0.507692837267,5,585
673,1,1.42619691881,1.0,2.0,0.00800800800801,1,-1.48763428362,0.889099769673,5,226
674,1,5.44488145943,4.0,8.0,0.00900900900901,0,0.31526400729,-0.500910562443,5,582
675,1,4.53058124909,4.0,5.0,0.00700700700701,1,-0.115604126411,-0.122606371676,5,602
676,1,4.74015701758,2.0,5.0,0.00700700700701,0,-0.220847170018,0.402698527632,5,417
677,0,9.95712869922,6.0,,0.00600600600601,0,1.89884648973,-0.739410769964,5,64
678,1,1.87163171399,1.0,2.0,0.01001001001,1,-0.996565622691,-0.138671417937,5,268
679,1,4.97926753134,4.0,5.0,0.00800800800801,1,-0.370045263522,1.08940332191,5,730
680,1,1.54493893108,0.0,2.0,0.01001001001,0,-0.869521209302,-0.846497441011,5,140
681,1,5.15968435871,4.0,6.0,0.00700700700701,0,-0.0064289180411,0.178971112828,5,489
682,0,8.83373895602,6.0,,0.00700700700701,0,1.08968069195,0.564696880172,5,458
683,1,3.04158738193,3.0,5.0,0.00700700700701,0,-0.487396566022,-0.496222919999,5,409
684,1,3.99617452681,3.0,4.0,0.00800800800801,1,0.233007290899,-1.70284734588,5,568
685,1,1.54693238661,1.0,5.0,0.00600600600601,0,-0.905773044022,-0.735748481324,5,552
686,1,0.397719866065,0.0,3.0,0.01001001001,0,-1.35419661009,-0.539690303661,5,194
687,1,4.22277971822,0.0,5.0,0.00700700700701,0,-0.334545961904,0.226417603936,5,327
688,1,6.52513515278,6.0,7.0,0.00700700700701,1,0.120372901668,1.16401644778,5,706
689,1,4.68402310924,4.0,5.0,0.00900900900901,1,-0.34714328196,0.72545295512,5,523
690,0,6.6307354366,6.0,,0.00700700700701,0,0.373047162922,0.511593947837,5,233
691,1,4.56418320196,4.0,5.0,0.00800800800801,1,-0.436135034282,0.872588304809,5,671
692,1,3.65715251711,2.0,4.0,0.00800800800801,0,-0.500611062571,0.15898570482,5,296
693,1,3.16746942204,3.0,7.0,0.00700700700701,0,-0.551581180429,-0.177787036676,5,650
694,1,2.83101559292,1.0,5.0,0.00600600600601,0,-1.21669845093,1.4811109457,5,336
695,1,5.48253405082,3.0,6.0,0.00600600600601,0,-0.0330389135664,0.581650791517,5,600
696,0,6.45151020281,5.0,,0.00700700700701,0,0.0497419851018,1.30228424751,5,697
697,0,8.03908201802,5.0,,0.00600600600601,0,1.24301498456,-0.689962935651,5,203
698,0,9.13523805468,6.0,,0.00600600600601,0,1.37639815407,0.00604359245942,5,668
699,1,4.97953026656,4.0,5.0,0.00800800800801,1,0.111530501463,-0.355061237829,5,685
700,0,7.05816559131,5.0,,0.00600600600601,0,0.799436619253,-0.340144266449,5,371
701,1,2.18793971128,2.0,4.0,0.00700700700701,0,-0.638066486672,-0.897860828706,5,410
702,1,5.64501697766,5.0,6.0,0.00800800800801,1,0.544854944672,-0.989547856361,5,611
703,0,8.77456591061,7.0,,0.00700700700701,0,1.56315989762,-0.914913782265,5,571
704,0,8.14702840712,4.0,,0.00700700700701,0,0.651342066023,1.19300220905,5,222
705,0,7.63216070308,6.0,,0.00600600600601,0,1.09239777387,-0.645032618539,5,639
706,1,6.75322470611,6.0,7.0,0.00700700700701,1,0.301045923681,0.850086935063,5,731
707,0,7.94439287501,6.0,,0.00600600600601,0,1.02530615857,-0.131525600697,5,723
708,0,7.8365789607,5.0,,0.00600600600601,0,0.809511468663,0.408044554709,5,62
709,1,2.1955518768,1.0,5.0,0.00900900900901,0,-0.861357538092,-0.220375508924,5,588
710,1,3.20481320802,2.0,4.0,0.00600600600601,0,-0.181193670757,-1.25160577971,5,436
711,1,5.20113777465,4.0,6.0,0.01001001001,0,0.0145774856184,0.157405317797,5,561
712,1,4.03414242218,4.0,5.0,0.00900900900901,1,-0.272853896374,-0.1472958887,5,449
713,1,2.50555459828,1.0,4.0,0.00900900900901,0,-1.21914166049,1.16297957974,5,217
714,0,6.92137488829,4.0,,0.00800800800801,0,-0.102447372565,2.22871700599,5,39
715,0,9.15605612671,5.0,,0.00600600600601,0,1.11172108729,0.820892864826,5,11
716,1,2.19166695348,2.0,3.0,0.00900900900901,1,-0.613306837427,-0.968412534239,5,278
717,1,3.66903601013,3.0,5.0,0.00600600600601,0,-0.841442200044,1.19336261026,5,628
718,0,7.93139784832,7.0,,0.00700700700701,0,0.995027961203,-0.0536860352865,5,589
719,1,3.45235636064,0.0,5.0,0.00700700700701,0,-0.403164229834,-0.338150949859,5,388
720,1,3.93457480071,1.0,4.0,0.00600600600601,0,-0.551722110092,0.589741130986,5,426
721,1,2.95828401158,0.0,6.0,0.00800800800801,0,-0.475264563902,-0.615922296715,5,453
722,1,3.36821218474,0.0,5.0,0.00700700700701,0,-0.135823516016,-1.22431726722,5,421
723,1,1.35229218055,1.0,2.0,0.00700700700701,1,-0.805619382729,-1.23084967126,5,415
724,0,7.51420080371,6.0,,0.00800800800801,0,0.730724007078,0.322028782477,5,619
725,1,4.64394775742,4.0,5.0,0.00700700700701,1,0.195987551764,-0.944014897867,5,677
726,1,1.97283115906,,2.0,0.00700700700701,0,-0.525532407518,-1.45057161838,5,107
727,1,4.52767707658,4.0,6.0,0.00600600600601,0,-0.0158476280313,-0.42478003933,5,713
728,0,10.3295145677,6.0,,0.00800800800801,0,1.89166748937,-0.345487900429,5,639
729,0,9.40806152764,7.0,,0.00700700700701,0,1.01238089343,1.37091884736,5,534
730,0,5.5008203629,5.0,,0.00700700700701,0,0.0822272701575,0.25413855243,5,72
731,1,2.41713223674,2.0,3.0,0.00600600600601,1,-1.05644539646,0.586468426115,5,204
732,0,5.54332583541,4.0,,0.00600600600601,0,-0.211298941007,1.17722265843,5,713
733,0,5.6687170258,5.0,,0.00600600600601,0,0.489971152041,-0.801196430321,5,429
734,0,9.96111723127,7.0,,0.00700700700701,0,0.998561330747,1.96543323903,5,450
735,1,5.67340698738,5.0,7.0,0.00700700700701,0,0.379662810432,-0.465581443915,5,503
736,0,5.88916354195,5.0,,0.00700700700701,0,0.114939045696,0.544346404865,5,564
737,0,6.14526783605,6.0,,0.00700700700701,0,0.591073868432,-0.627953769248,5,692
738,1,4.23091489725,4.0,5.0,0.00700700700701,1,-0.425084619935,0.506168757051,5,698
739,1,4.42599798475,4.0,5.0,0.00600600600601,1,0.0467870510722,-0.714363168467,5,701
740,1,1.81613825352,0.0,2.0,0.00600600600601,0,-1.31149177527,0.750613579333,5,118
741,1,-0.331711144768,,0.0,0.00800800800801,1,-1.53220274828,-0.735102899919,5,38
742,0,6.97101176016,5.0,,0.00600600600601,0,0.841461919264,-0.553373997635,5,171
743,0,6.36789654786,5.0,,0.00800800800801,0,0.623559842795,-0.502782980528,5,268
744,1,0.699337971558,0.0,6.0,0.00800800800801,0,-1.20766725641,-0.677660259209,5,279
745,1,4.3832038938,1.0,5.0,0.00600600600601,0,-0.0893913655958,-0.348622009408,5,596
746,1,2.6718367785,1.0,3.0,0.00600600600601,0,-0.615156045859,-0.482695083922,5,429
747,0,6.05812608071,6.0,,0.00600600600601,0,0.699389750312,-1.04004317023,5,330
748,0,6.5360243469,6.0,,0.00600600600601,0,0.717969706206,-0.617884771714,5,629
749,1,4.75672325499,0.0,5.0,0.00800800800801,0,-0.139138968416,0.174140160235,5,551
750,0,6.18715907521,6.0,,0.00600600600601,0,0.336519089389,0.177601807041,5,287
751,1,-0.549679798486,,1.0,0.00800800800801,0,-1.73811334862,-0.335339752634,5,39
752,0,8.53490844921,8.0,,0.011011011011,0,1.07122846437,0.321223056105,5,178
753,0,5.03309218631,4.0,,0.00600600600601,0,-0.0528187059241,0.191548304079,5,578
754,1,2.43951563926,2.0,3.0,0.00700700700701,1,-0.575978069009,-0.832550153709,5,312
755,0,6.02826657167,5.0,,0.00600600600601,0,0.200725797701,0.426089178569,5,293
756,1,2.36875887551,2.0,4.0,0.00600600600601,0,-0.627543986641,-0.748609164568,5,506
757,1,3.31521719051,3.0,4.0,0.00800800800801,1,-0.481034565499,-0.241679112999,5,593
758,1,2.26978565386,2.0,4.0,0.00900900900901,0,-0.624537981375,-0.856600402012,5,516
759,1,-2.90476219704,,0.0,0.00600600600601,1,-2.53126578873,-0.310964830866,5,20
760,0,7.54548237521,5.0,,0.00700700700701,0,0.523130806953,0.976089954354,5,97
761,1,4.83758902711,2.0,5.0,0.00700700700701,0,-0.0823225837181,0.0845567782679,5,693
762,0,7.39767516326,5.0,,0.00700700700701,0,0.487405144114,0.935459730917,5,678
763,1,3.39152000298,0.0,4.0,0.00800800800801,0,-0.425552968309,-0.331821092096,5,413
764,0,6.19636892021,6.0,,0.00600600600601,0,0.467689040789,-0.206698202152,5,717
765,0,11.2748644876,6.0,,0.00700700700701,0,1.7849410995,0.920041189124,5,511
766,1,-3.17216465118,,0.0,0.00600600600601,1,-3.1545004483,1.29133669371,5,10
767,1,3.84793759023,2.0,4.0,0.00600600600601,0,-0.325991037016,-0.174089298717,5,477
768,0,6.65663023,5.0,,0.00600600600601,0,0.670663925104,-0.355361545314,5,596
769,0,6.96216215989,5.0,,0.00700700700701,0,0.563518897023,0.271605468827,5,630
770,1,1.66658452184,1.0,3.0,0.00600600600601,0,-0.771208982707,-1.01978853004,5,630
771,1,5.53049008989,5.0,6.0,0.00700700700701,1,0.530390635122,-1.06068181547,5,483
772,1,-0.75647563664,,0.0,0.01001001001,1,-1.97129330015,0.157404263802,5,6
773,1,4.05373454415,4.0,6.0,0.00700700700701,0,-0.240341758358,-0.225240180771,5,633
774,0,7.25658895048,6.0,,0.00600600600601,0,0.558685095409,0.580533664257,5,258
775,0,9.0465307129,6.0,,0.00700700700701,0,0.738607248478,1.83070896747,5,361
776,1,5.43819659062,4.0,6.0,0.01001001001,0,0.300031976571,-0.461899339093,5,554
777,1,1.958544707,1.0,2.0,0.00700700700701,1,-0.968570527918,-0.135743709242,5,302
778,1,3.53091103861,1.0,4.0,0.00700700700701,0,-0.384049149629,-0.316941512505,5,353
779,1,4.50207515576,4.0,6.0,0.00600600600601,0,0.00625894780567,-0.516701687656,5,641
780,1,2.54101084154,1.0,4.0,0.00700700700701,0,-0.792755192075,-0.0807235822339,5,344
781,1,4.26675186982,4.0,5.0,0.00700700700701,1,-0.362695124126,0.354837242202,5,645
782,1,2.95479191751,,3.0,0.00800800800801,0,-0.518838618474,-0.488692227067,5,193
783,1,5.41460684297,5.0,6.0,0.00600600600601,1,-0.272148207941,1.2310514668,5,668
784,1,0.775617390166,0.0,1.0,0.00800800800801,1,-1.6881516245,0.840072263678,5,40
785,0,6.99423630682,6.0,,0.00800800800801,0,0.624018138809,0.122181890396,5,584
786,0,10.09974858,6.0,,0.00700700700701,0,1.3600542001,1.01958597967,5,622
787,1,1.10696779209,1.0,3.0,0.00600600600601,0,-1.40162399006,0.311839762266,5,419
788,0,6.32996837773,4.0,,0.00600600600601,0,0.564975640303,-0.364958543179,5,335
789,1,0.904499935925,,1.0,0.00800800800801,0,-1.51495778762,0.449373298786,5,4
790,0,7.67009065281,6.0,,0.00600600600601,0,1.41263324201,-1.56780907322,5,479
791,1,1.58174130855,,2.0,0.00800800800801,0,-1.21968612385,0.240799680089,5,92
792,0,8.02374338267,6.0,,0.00600600600601,0,0.728110001525,0.839413378092,5,368
793,0,8.87097638412,5.0,,0.00600600600601,0,1.42656132648,-0.408707595328,5,551
794,1,2.41563141368,1.0,3.0,0.00600600600601,0,-0.800710364652,-0.182237492364,5,481
795,0,5.09710754017,5.0,,0.00700700700701,0,0.158201262136,-0.377496246238,5,731
796,1,-3.08653367827,,0.0,0.00600600600601,1,-2.75563939217,0.180384498258,5,8
797,1,4.01183368644,4.0,5.0,0.00600600600601,1,-0.692470490019,1.0892451565,5,648
798,0,7.18664487554,5.0,,0.00700700700701,0,1.27816589361,-1.64785280529,5,503
799,0,5.30569889903,5.0,,0.00600600600601,0,0.443287225416,-1.02416277722,5,24
800,1,4.20256859451,,6.0,0.00600600600601,0,-0.242910260787,-0.0687006231307,5,397
801,1,2.74663840145,2.0,3.0,0.00900900900901,1,-1.18830426431,1.31155119439,5,250
802,1,-2.82671956578,,0.0,0.00600600600601,1,-2.43236530653,-0.529623646196,5,3
803,1,3.52764678188,3.0,4.0,0.00700700700701,1,-0.409587622077,-0.243590351888,5,609
804,0,10.2341478094,6.0,,0.00600600600601,0,1.55607222929,0.565931121533,5,285
805,1,-0.462197156646,,0.0,0.00600600600601,1,-1.46706816699,-1.06099265566,5,37
806,0,9.11401369332,9.0,,0.00900900900901,0,1.33434218518,0.110987137779,5,180
807,0,6.10139395721,5.0,,0.00600600600601,0,0.144802488295,0.666986492322,5,634
808,1,-0.593338718028,,1.0,0.00700700700701,0,-1.93654591904,0.216299039102,5,29
809,0,8.36434809021,7.0,,0.00700700700701,0,0.593684052006,1.5832959342,5,703
810,1,2.89441387792,,4.0,0.00600600600601,0,-0.982116848269,0.840764422721,5,228
811,1,1.28981079103,1.0,3.0,0.00600600600601,0,-0.934331909199,-0.907193481374,5,190
812,0,8.17343057042,5.0,,0.00600600600601,0,1.01366034018,0.132449549881,5,172
813,0,9.41872383552,4.0,,0.00600600600601,0,1.15464859715,0.954778044083,5,7
814,0,6.15532743265,6.0,,0.00600600600601,0,0.514122353313,-0.387039627289,5,487
815,1,4.27882789295,3.0,5.0,0.00700700700701,0,-0.443617335467,0.60967989935,5,488
816,1,2.15234425133,0.0,3.0,0.00600600600601,0,-0.566968851361,-1.14674919459,5,440
817,1,5.20042217798,5.0,6.0,0.00700700700701,1,0.0681767815816,-0.00410816676607,5,646
818,1,-0.666934569251,,0.0,0.00700700700701,1,-1.51935083086,-1.10888207667,5,2
819,0,9.3170887386,5.0,,0.00800800800801,0,1.47432893023,-0.105898052099,5,110
820,1,2.4688576882,2.0,3.0,0.00700700700701,1,-0.770924415259,-0.218369066022,5,88
821,1,3.25933922879,3.0,5.0,0.00600600600601,0,-0.749018219602,0.506393887595,5,350
822,1,5.55365518362,4.0,6.0,0.00800800800801,0,0.0459455123092,0.415818646693,5,659
823,1,5.68006282,4.0,6.0,0.00600600600601,0,0.429184475874,-0.60749060762,5,406
824,1,3.82210003265,0.0,5.0,0.00600600600601,0,-0.543946581266,0.453939776449,5,245
825,0,5.83647667133,5.0,,0.00600600600601,0,0.0506870689189,0.684415464573,5,706
826,0,7.14030291588,5.0,,0.00600600600601,0,0.112815768378,1.80185561075,5,116
827,1,4.75239494779,4.0,5.0,0.00700700700701,1,0.183440570985,-0.797926765169,5,616
828,1,-0.118116758796,,1.0,0.00600600600601,0,-1.61141722759,-0.283865076035,5,11
829,1,1.38695319871,1.0,3.0,0.00600600600601,0,-1.23882517813,0.103428733089,5,363
830,0,6.80245774929,4.0,,0.00600600600601,0,0.145638324994,1.36554277431,5,348
831,1,4.17768171943,4.0,6.0,0.00600600600601,0,0.132211669426,-1.21895328885,5,682
832,1,2.16926096286,2.0,4.0,0.00700700700701,0,-0.923591050886,-0.0599658844779,5,396
833,0,5.16097328605,5.0,,0.00600600600601,0,-0.0581478403438,0.335416807085,5,626
834,1,3.96534688631,3.0,4.0,0.00600600600601,1,-0.336847978885,-0.0241091770299,5,391
835,0,7.53109394159,6.0,,0.00700700700701,0,0.70876460001,0.404800141559,5,616
836,1,0.82568463716,0.0,4.0,0.00600600600601,0,-0.961042555907,-1.29118769512,5,342
837,0,10.4544239448,6.0,,0.00600600600601,0,1.81311757343,0.0150712244791,5,597
838,1,-1.34376027216,,2.0,0.00700700700701,0,-2.17209305817,0.172518902343,5,98
839,1,1.6250360661,0.0,2.0,0.00600600600601,0,-1.16430767996,0.117959105977,5,249
840,1,3.769201661,3.0,4.0,0.00600600600601,1,-0.479659250605,0.208179412815,5,282
841,1,5.37654969884,5.0,6.0,0.00700700700701,1,0.177982965182,-0.157399196703,5,692
842,1,-1.54267495346,,0.0,0.00600600600601,1,-2.39101281463,0.630363490444,5,34
843,0,7.28625435242,7.0,,0.00700700700701,0,1.31801577041,-1.6677929588,5,537
844,1,4.08633696685,3.0,5.0,0.00700700700701,0,-0.870249417541,1.69708521947,5,695
845,0,6.14052760293,6.0,,0.00600600600601,0,0.465347099028,-0.255513694156,5,698
846,1,4.66301846186,4.0,5.0,0.00700700700701,1,-0.492831423914,1.1415127336,5,467
847,0,6.59987148478,6.0,,0.00600600600601,0,0.851205116988,-0.953743866189,5,21
848,1,3.75506563322,3.0,4.0,0.00600600600601,1,-0.448117349949,0.0994176830664,5,705
849,1,5.51307579196,5.0,6.0,0.00600600600601,1,0.0555327027885,0.346477683594,5,679
850,1,-1.30432682017,,0.0,0.00600600600601,1,-1.86149313389,-0.719847418489,5,22
851,1,4.07864789514,4.0,5.0,0.00700700700701,1,-0.412435201351,0.315953499195,5,634
852,1,4.67243235527,4.0,5.0,0.00600600600601,1,-0.431493862084,0.966913941525,5,617
853,1,3.9384866735,2.0,4.0,0.00600600600601,0,-0.354793448268,0.00286701830655,5,640
854,1,5.18605836956,5.0,6.0,0.00600600600601,1,0.239886705141,-0.53360174586,5,700
855,1,5.37336482239,5.0,6.0,0.00800800800801,1,0.162979768503,-0.115574483118,5,528
856,0,11.018865306,5.0,,0.00600600600601,0,1.83837204218,0.503749179462,5,159
857,0,9.50485580464,4.0,,0.00600600600601,0,1.01914646613,1.44741640626,5,404
858,1,3.12644682657,1.0,4.0,0.00600600600601,0,-0.608802021049,-0.0471471102825,5,441
859,0,14.2189159205,5.0,,0.00700700700701,0,2.95694792832,0.3480721355,5,431
860,1,0.480058689126,0.0,5.0,0.00600600600601,0,-1.27733361852,-0.687940455327,5,433
861,1,3.52859357006,3.0,4.0,0.00600600600601,1,-0.916479609575,1.27803239878,5,328
862,1,4.51028321807,3.0,5.0,0.00600600600601,0,-0.182630038011,0.0581733320982,5,431
863,1,0.559313702562,0.0,2.0,0.00600600600601,0,-1.63977808607,0.478647960785,5,222
864,1,7.16425697739,7.0,8.0,0.00800800800801,1,0.821286939426,-0.299603840884,5,496
865,0,7.8215824302,6.0,,0.00700700700701,0,0.87423152932,0.198887842244,5,704
866,1,2.99443457126,2.0,3.0,0.00700700700701,1,-0.306137366725,-1.08715332857,5,368
867,1,4.60700364776,4.0,6.0,0.00600600600601,0,-0.134519646141,0.01056258618,5,664
868,1,1.360571378,0.0,2.0,0.00700700700701,0,-1.18511145575,-0.0840942547474,5,308
869,0,6.62342898772,6.0,,0.00700700700701,0,0.431074389981,0.330205817776,5,308
870,0,6.37581447464,6.0,,0.00700700700701,0,0.420203837652,0.115202961685,5,460
871,1,-2.12127685373,,0.0,0.00600600600601,1,-2.22503404893,-0.446174706923,5,45
872,0,7.44386632578,6.0,,0.00600600600601,0,0.984509792052,-0.509663050374,5,355
873,1,3.11918827585,3.0,4.0,0.00600600600601,1,-0.833460362255,0.619569362615,5,325
874,1,1.98630470114,0.0,2.0,0.00800800800801,0,-1.00965936077,0.0152827834485,5,100
875,0,12.9533314275,5.0,,0.00600600600601,0,2.18940531034,1.38511549652,5,618
876,1,4.27641196075,3.0,6.0,0.00700700700701,0,0.0554361167695,-0.889896389556,5,598
877,1,4.69583503418,4.0,5.0,0.00600600600601,1,0.277842410383,-1.13769219697,5,604
878,1,2.15285659145,0.0,3.0,0.00600600600601,0,-1.01227501312,0.189681630822,5,267
879,0,7.47999447367,6.0,,0.00800800800801,0,1.15734657184,-0.99204524185,5,327
880,0,6.04049472136,6.0,,0.00700700700701,0,0.192720730362,0.462332530276,5,24
881,0,9.94703867953,6.0,,0.00600600600601,0,1.31793595882,0.993230803068,5,255
882,0,6.38009391816,4.0,,0.00600600600601,0,0.535778637492,-0.227241994316,5,452
883,1,2.8084215861,2.0,4.0,0.00600600600601,0,-0.67078330393,-0.179228502109,5,619
884,0,6.02881207568,6.0,,0.00700700700701,0,0.733054286763,-1.17035078461,5,702
885,0,7.66470773082,4.0,,0.00600600600601,0,0.675640362644,0.637786642884,5,571
886,1,4.20515678251,4.0,5.0,0.00700700700701,1,-0.450007553229,0.555179442191,5,520
887,1,2.03216216985,1.0,4.0,0.00700700700701,0,-1.15889750347,0.508854680268,5,322
888,0,6.20575157972,5.0,,0.00600600600601,0,-0.114903587096,1.55046234101,5,643
889,1,2.23219033512,2.0,3.0,0.00600600600601,1,-0.531497196036,-1.17331807677,5,304
890,1,5.34008970709,2.0,6.0,0.00700700700701,0,0.162907182784,-0.148631841265,5,533
891,1,5.4966976448,4.0,6.0,0.00600600600601,0,-0.0201904560195,0.557269012855,5,689
892,0,6.45853382375,6.0,,0.00600600600601,0,0.393983007058,0.276584802579,5,478
893,0,6.28302279535,4.0,,0.00700700700701,0,0.32590803986,0.305298675768,5,544
894,1,5.36154342558,5.0,6.0,0.00600600600601,1,-0.069312808386,0.569481850737,5,720
895,1,2.24084818434,0.0,3.0,0.00600600600601,0,-0.672073639955,-0.742930895792,5,478
896,1,4.11681760512,4.0,5.0,0.00600600600601,1,-0.259363206635,-0.105092774973,5,718
897,0,8.65785105653,4.0,,0.00600600600601,0,0.678155084642,1.6233858026,5,15
898,1,0.176620938059,0.0,1.0,0.00600600600601,1,-1.40363065818,-0.612487087391,5,41
899,0,8.7364109752,5.0,,0.00600600600601,0,0.983910726988,0.784678794238,5,665
900,0,7.49894540546,4.0,,0.00600600600601,0,0.433088998962,1.19967840857,5,384
901,1,1.99318195542,,5.0,0.00800800800801,0,-0.660557413745,-1.02514580335,5,200
902,1,2.53994687592,1.0,3.0,0.00700700700701,0,-0.617216133799,-0.608404722684,5,359
903,1,2.40419866265,0.0,3.0,0.00600600600601,0,-0.679475085459,-0.557376080978,5,280
904,1,1.6955656005,1.0,2.0,0.00600600600601,1,-0.891007126667,-0.631413019496,5,371
905,0,6.33106883055,6.0,,0.00600600600601,0,-0.0290728927749,1.41828750887,5,728
906,1,2.32867593067,2.0,4.0,0.00600600600601,0,-0.34531616401,-1.6353755773,5,703
907,1,0.973848503709,0.0,1.0,0.00600600600601,1,-1.11818203031,-0.671605405366,5,142
908,0,7.72129984715,6.0,,0.00600600600601,0,0.802316296572,0.314350957431,5,726
909,0,8.17759674693,5.0,,0.00600600600601,0,0.985151901868,0.222141041329,5,690
910,1,4.85845615078,4.0,5.0,0.00700700700701,1,-0.280753041826,0.700715276253,5,565
911,1,5.3676365721,5.0,6.0,0.00600600600601,1,0.186467757273,-0.191766699718,5,714
912,1,4.60704170227,4.0,5.0,0.00600600600601,1,-0.239751610697,0.326296534361,5,173
913,0,7.01217862974,6.0,,0.00600600600601,0,0.624906938816,0.137457813292,5,306
914,0,4.95465145274,4.0,,0.00600600600601,0,0.0629437172971,-0.234179699153,5,592
915,1,3.88608380438,3.0,4.0,0.00600600600601,1,-0.465272302021,0.281900710438,5,337
916,0,7.86346447252,5.0,,0.00600600600601,0,0.654924859316,0.898689894577,5,386
917,0,4.62356219534,3.0,,0.00800800800801,0,0.298518631564,-1.27199369935,5,431
918,1,4.23060454624,4.0,5.0,0.00600600600601,1,-0.379139088825,0.368021812715,5,719
919,0,3.48016273932,3.0,,0.00600600600601,0,-0.243973946292,-0.787915421802,5,209
920,1,3.48329508888,0.0,4.0,0.00700700700701,0,-0.41868305004,-0.260655760996,5,531
921,0,8.03419299683,5.0,,0.00700700700701,0,1.27938236015,-0.803954083613,5,735
922,0,7.19571201481,5.0,,0.00600600600601,0,0.225282267038,1.5198652137,5,594
923,0,6.59347492953,5.0,,0.00600600600601,0,0.0811612673399,1.34999112751,5,365
924,1,0.346688158218,0.0,4.0,0.00600600600601,0,-1.5297574148,-0.0640395973815,5,285
925,0,9.40126690773,5.0,,0.00600600600601,0,1.64810841377,-0.543058333569,5,345
926,1,1.80959612094,1.0,2.0,0.00700700700701,1,-1.32790562287,0.793312989556,5,281
927,1,-3.90608048262,,0.0,0.00600600600601,1,-2.63650213367,-0.99657408161,5,61
928,0,5.55399998421,5.0,,0.00700700700701,0,-0.251048932868,1.30714678281,5,646
929,0,5.35874250524,5.0,,0.00600600600601,0,0.304375793386,-0.554384874915,5,548
930,1,4.22002528963,4.0,5.0,0.00600600600601,1,0.0168718749285,-0.83059033516,5,450
931,1,4.92363153403,4.0,5.0,0.00700700700701,1,-0.0214555821595,-0.012001719492,5,651
932,0,6.09967366607,5.0,,0.00600600600601,0,0.0944677259203,0.816270488305,5,433
933,0,8.24506302805,6.0,,0.00600600600601,0,0.588947458795,1.47822065166,5,432
934,0,7.04325700147,6.0,,0.00600600600601,0,0.243002542433,1.31424937418,5,258
935,1,2.38572324188,2.0,3.0,0.00600600600601,1,-0.694270229673,-0.531466069101,5,428
936,1,2.28997268545,2.0,3.0,0.00600600600601,1,-0.736504562157,-0.500513628081,5,378
937,0,9.39961027989,6.0,,0.00700700700701,0,1.23599186819,0.691634675308,5,623
938,1,2.26527676782,0.0,3.0,0.00700700700701,0,-0.501728756618,-1.22953696233,5,223
939,1,3.06370569445,0.0,4.0,0.00700700700701,0,-0.64029047711,-0.0154228742195,5,330
940,1,-0.549126545969,,0.0,0.00600600600601,1,-1.53448288928,-0.945677878119,5,79
941,1,1.01166074233,0.0,4.0,0.00600600600601,0,-1.24934513078,-0.240303865334,5,46
942,1,5.92729870346,5.0,6.0,0.00600600600601,1,0.515144788582,-0.618135662289,5,578
943,0,5.69107217842,5.0,,0.00600600600601,0,0.502463434886,-0.816318126235,5,307
944,0,7.36697686097,5.0,,0.00600600600601,0,0.915916128272,-0.380771523848,5,400
945,0,9.55446566601,5.0,,0.00600600600601,0,1.39224427839,0.377732830846,5,291
946,0,6.1733267722,5.0,,0.00600600600601,0,0.140685089035,0.75127150509,5,295
947,0,5.20951986442,5.0,,0.00700700700701,0,-0.109068147678,0.536724307453,5,55
948,1,-2.58554908928,,0.0,0.00600600600601,1,-2.72888278365,0.601099261653,5,33
949,1,2.13277454949,1.0,3.0,0.00600600600601,0,-0.894379652303,-0.184086493605,5,553
950,0,7.68529530123,5.0,,0.00600600600601,0,1.08224984044,-0.561454220098,5,301
951,0,6.24458859204,5.0,,0.00600600600601,0,-0.0272906445545,1.32646052571,5,9
952,1,3.53237832765,0.0,5.0,0.00600600600601,0,-0.565103734618,0.227689531503,5,649
953,1,2.94631075074,1.0,3.0,0.00600600600601,0,-0.434427245644,-0.750407512331,5,133
954,1,1.42826360196,0.0,2.0,0.00600600600601,0,-0.8494753748,-1.02331027364,5,207
955,0,5.89239267639,5.0,,0.00600600600601,0,-0.176031724034,1.42048784849,5,694
956,1,3.30917121343,3.0,4.0,0.00700700700701,1,-0.310827656355,-0.758345817501,5,230
957,0,5.07879820558,5.0,,0.00600600600601,0,0.144897075538,-0.35589302103,5,664
958,0,10.3763382173,5.0,,0.00600600600601,0,1.56002693037,0.696257426205,5,236
959,0,10.7337374544,4.0,,0.00600600600601,0,1.48163110614,1.28884413598,5,156
960,1,2.57756032496,2.0,3.0,0.00600600600601,1,-0.636374218925,-0.51331701827,5,383
961,0,10.275384092,4.0,,0.00600600600601,0,1.94578246192,-0.561963293797,5,721
962,0,6.06020471844,5.0,,0.00600600600601,0,0.453330288085,-0.299786145817,5,53
963,0,8.24496146562,6.0,,0.00700700700701,0,0.955169543498,0.379452835129,5,307
964,0,9.72538687911,5.0,,0.00600600600601,0,1.46396450208,0.33349337286,5,425
965,1,-2.0316132657,,0.0,0.00700700700701,1,-1.88690456912,-1.37089955835,5,16
966,1,4.97023646503,1.0,6.0,0.00600600600601,0,-0.260195718368,0.750823620138,5,643
967,1,1.30070376176,1.0,2.0,0.00600600600601,1,-1.29963190691,0.199599482495,5,157
968,1,4.69845394153,3.0,5.0,0.00600600600601,0,0.160950944884,-0.784398893121,5,557
969,1,3.66478643302,3.0,4.0,0.00600600600601,1,-0.321988796604,-0.369247177167,5,460
970,1,0.964068375293,,2.0,0.00600600600601,0,-1.58050209723,0.705574666985,5,49
971,0,8.91760358842,5.0,,0.00600600600601,0,1.17343087813,0.397310954018,5,98
972,1,4.29554327957,4.0,5.0,0.00600600600601,1,-0.289767342852,0.164845308126,5,473
973,0,6.67062425556,5.0,,0.00600600600601,0,0.720091358869,-0.489649821045,5,444
974,1,5.29491445577,5.0,6.0,0.00600600600601,1,0.289153984731,-0.572547498421,5,709
975,1,1.31861981194,,6.0,0.00600600600601,0,-1.29954825247,0.217264569359,5,525
976,1,3.62039106542,3.0,4.0,0.00600600600601,1,-0.398081489233,-0.185364466878,5,514
977,1,4.84739995504,3.0,6.0,0.00700700700701,0,-0.0354775636386,-0.0461673540404,5,292
978,0,6.66931286374,4.0,,0.00600600600601,0,0.170222170927,1.15864635096,5,697
979,1,-0.519090504154,,1.0,0.00600600600601,0,-1.62150448364,-0.654577053236,5,28
980,1,2.18561678418,2.0,4.0,0.00600600600601,0,-1.06278762877,0.373979670479,5,420
981,0,7.76545384163,6.0,,0.00600600600601,0,0.721605702476,0.600636734205,5,360
982,1,3.07306117089,1.0,5.0,0.00600600600601,0,-1.01196436212,1.10895425725,5,357
983,1,1.41822710458,1.0,2.0,0.00600600600601,1,-1.09355000487,-0.301122880824,5,288
984,1,5.94497640534,5.0,6.0,0.00600600600601,1,0.253150431934,0.185525109541,5,672
985,1,1.17677617877,0.0,2.0,0.00600600600601,0,-0.798324815725,-1.42824937405,5,163
986,0,5.28097176385,4.0,,0.00600600600601,0,-0.42888445913,1.56762514124,5,362
987,0,9.84835469866,5.0,,0.00600600600601,0,0.940215153929,2.02770923687,5,277
988,1,1.60633579688,1.0,2.0,0.00600600600601,1,-0.764535492973,-1.1000577242,5,209
989,1,2.80986663597,0.0,4.0,0.00600600600601,0,-0.830315741265,0.300813859763,5,380
990,0,9.47075982109,5.0,,0.00600600600601,0,1.18632018119,0.91179927753,5,738
991,1,-1.27595844904,,0.0,0.00600600600601,1,-1.73218170297,-1.07941334012,5,21
992,1,4.904448194,4.0,5.0,0.00600600600601,1,0.437189498574,-1.40712030172,5,734
993,0,6.92249503722,5.0,,0.00600600600601,0,0.423234222867,0.652792368614,5,732
994,0,4.01808123712,4.0,,0.00600600600601,0,-0.498381176642,0.513224767049,5,545
995,1,1.99419142433,1.0,4.0,0.00600600600601,0,-1.33478228549,0.998538280801,5,647
996,1,2.1958439481,0.0,3.0,0.00600600600601,0,-0.900797826952,-0.101762571041,5,241
997,1,3.42047082103,3.0,4.0,0.00600600600601,1,-0.393947798583,-0.397685783216,5,558
998,0,9.01279991035,6.0,,0.00600600600601,0,0.805849951048,1.59525005721,5,260
999,1,-2.17856245267,,0.0,0.00600600600601,1,-2.28054870113,-0.33691634929,5,18
