name,activated,threshold,before_activation_alters,after_activation_alters,degree,observed,var1,epsilon,constant,activation_order
0,1,4.71180058003,,104.0,0.116116116116,0,0.0450105719666,-0.423231135865,5,899
1,1,5.42564201298,0.0,9.0,0.106106106106,0,-0.121261784028,0.789427365063,5,65
2,1,7.84756062696,,20.0,0.0700700700701,0,0.998656603076,-0.148409182267,5,291
3,1,0.758110366663,,85.0,0.0970970970971,0,-1.23100499025,-0.548874662598,5,851
4,1,1.1796438184,,5.0,0.147147147147,0,-0.791010760313,-1.44732390066,5,36
5,1,7.61572537986,2.0,11.0,0.033033033033,0,1.02751583842,-0.466822135403,5,177
6,1,5.60635030424,0.0,8.0,0.0660660660661,0,-0.22788338223,1.29000045093,5,79
7,1,6.51352094768,5.0,67.0,0.0890890890891,0,-0.0477583389922,1.65679596465,5,690
8,1,2.41688030323,,37.0,0.135135135135,0,-1.25272317977,1.17504984254,5,261
9,1,4.95249673111,2.0,29.0,0.1001001001,0,0.176029680656,-0.575592310863,5,214
10,1,7.82586819543,7.0,14.0,0.15015015015,0,1.33150760258,-1.16865461231,5,84
11,1,4.55258744569,,7.0,0.206206206206,0,-0.242350405035,0.279638660789,5,32
12,1,6.38670213006,0.0,75.0,0.129129129129,0,0.50760110124,-0.136101173656,5,532
13,1,7.95423209865,3.0,11.0,0.15015015015,0,0.957960572901,0.0803503799453,5,61
14,1,9.64163419059,,13.0,0.172172172172,0,1.41320386754,0.402022587975,5,71
15,1,8.43738397373,0.0,17.0,0.147147147147,0,1.16854678829,-0.0682563911427,5,103
16,1,7.52845523066,,31.0,0.114114114114,0,0.846506382996,-0.0110639183285,5,163
17,1,2.10221481855,1.0,13.0,0.0860860860861,0,-0.946422191392,-0.0585186072785,5,93
18,1,2.49694638426,0.0,43.0,0.0840840840841,0,-0.520503166447,-0.941544116397,5,354
19,1,5.02986116547,,36.0,0.0930930930931,0,-0.0619679416698,0.215764990477,5,314
20,1,7.2773567505,2.0,51.0,0.0830830830831,0,1.04263984779,-0.850562792869,5,617
21,1,3.46197585093,0.0,4.0,0.0800800800801,0,-0.823710160896,0.933106333623,5,64
22,1,1.90208589241,,68.0,0.0850850850851,0,-0.822954584761,-0.629050353304,5,745
23,1,5.88189814117,5.0,9.0,0.0890890890891,0,0.245087146294,0.146636702286,5,78
24,1,3.29920843321,,11.0,0.044044044044,0,-0.574919339825,0.0239664526839,5,165
25,1,1.53964770014,,10.0,0.049049049049,0,-0.471461263722,-2.0459685087,5,80
26,1,9.04700522323,4.0,14.0,0.046046046046,0,1.13739223941,0.634828505002,5,272
27,1,4.68287682016,,23.0,0.0670670670671,0,0.105362054095,-0.633209342131,5,309
28,1,11.8252536518,9.0,33.0,0.04004004004,0,2.10869685255,0.499163094124,5,728
29,1,6.12638424935,,27.0,0.036036036036,0,0.489897363825,-0.343307842128,5,677
30,1,2.39033692808,1.0,20.0,0.034034034034,0,-1.11133894098,0.72435375101,5,269
31,1,5.76033536662,1.0,8.0,0.023023023023,0,0.433341242312,-0.539688360312,5,169
32,1,6.65626570128,6.0,31.0,0.0870870870871,0,0.0787234185031,1.42009544577,5,282
33,1,6.66964118476,,53.0,0.0810810810811,0,0.448057520668,0.325468622757,5,636
34,1,5.28703542386,,30.0,0.0770770770771,0,-0.271758412957,1.10231066273,5,341
35,1,1.9787764738,,62.0,0.0810810810811,0,-0.487019229701,-1.5601658371,5,749
36,1,6.36456277146,,7.0,0.0540540540541,0,0.737068550772,-0.84664288086,5,88
37,1,3.61179451397,,4.0,0.0650650650651,0,-0.670385966593,0.622952413747,5,52
38,1,2.20175112847,2.0,25.0,0.0650650650651,0,-1.0635385995,0.392366926977,5,371
39,1,4.01521676864,0.0,5.0,0.034034034034,0,-0.429944673495,0.305050789122,5,151
40,1,7.00634896239,5.0,41.0,0.0560560560561,0,0.567989377864,0.302380828795,5,681
41,1,0.887901008087,,6.0,0.0570570570571,0,-1.31276059929,-0.173817194035,5,77
42,1,5.48845344044,0.0,40.0,0.042042042042,0,0.423807134528,-0.782967963144,5,946
43,1,3.53602902547,,51.0,0.0620620620621,0,-0.608551402814,0.361683233911,5,738
44,1,9.06556923821,,43.0,0.0730730730731,0,1.23338272382,0.365421066763,5,553
45,1,7.4685045845,0.0,29.0,0.0540540540541,0,0.882604066128,-0.179307613886,5,373
46,1,6.58744368236,0.0,9.0,0.029029029029,0,0.721195585581,-0.576143074382,5,138
47,1,3.92708930533,3.0,31.0,0.0630630630631,0,-0.353401976639,-0.0127047647494,5,383
48,1,3.78151387947,,8.0,0.0630630630631,0,-0.418288029552,0.0363779681254,5,112
49,1,5.20727263074,2.0,29.0,0.0500500500501,0,-0.0927746089629,0.485596457625,5,497
50,1,4.0085980522,4.0,28.0,0.0540540540541,0,-0.315825064027,-0.0439267557226,5,377
51,1,5.97417071219,3.0,6.0,0.041041041041,0,0.410328272035,-0.256814103913,5,105
52,1,4.73895296437,,13.0,0.0680680680681,0,-0.234676091016,0.442981237413,5,91
53,1,9.90220496139,,10.0,0.027027027027,0,1.33890152458,0.885500387667,5,136
54,1,4.67913989541,,15.0,0.036036036036,0,0.170798103443,-0.833254414919,5,358
55,1,4.36981556895,1.0,36.0,0.0560560560561,0,-0.537623380649,0.982685710899,5,415
56,1,6.74442974264,1.0,20.0,0.036036036036,0,0.946304632588,-1.09448415513,5,552
57,1,9.37925827354,3.0,12.0,0.041041041041,0,1.60501647997,-0.435791166377,5,233
58,1,1.72260556207,1.0,23.0,0.028028028028,0,-1.38482304775,0.877074705306,5,727
59,1,4.3964129329,3.0,8.0,0.025025025025,0,-0.149062687428,-0.156399004817,5,296
60,1,4.65555839007,0.0,8.0,0.038038038038,0,-0.177207156197,0.187179858663,5,229
61,1,2.69877863701,,26.0,0.037037037037,0,-0.460946835773,-0.91838085567,5,655
62,1,10.6320973132,10.0,20.0,0.023023023023,0,1.35489764582,1.56740437574,5,885
63,1,3.3619333198,0.0,17.0,0.02002002002,0,-1.06359391222,1.55271505645,5,901
64,1,13.4640116331,2.0,16.0,0.0610610610611,0,2.64369655257,0.532921975372,5,191
65,1,0.922349454839,,3.0,0.0560560560561,0,-1.26694853906,-0.27680492797,5,48
66,1,2.4091187844,1.0,4.0,0.0610610610611,0,-1.13819632965,0.823707773352,5,95
67,1,4.05071317985,2.0,24.0,0.046046046046,0,-0.306866325275,-0.0286878443279,5,562
68,1,8.0310434155,0.0,17.0,0.026026026026,0,0.81269853638,0.592947806365,5,575
69,1,7.48206944596,0.0,20.0,0.025025025025,0,0.710329332486,0.351081448507,5,782
70,1,4.58127938583,3.0,13.0,0.0540540540541,0,-0.249090913897,0.328552127517,5,180
71,1,2.55402933837,,3.0,0.031031031031,0,-0.429304341291,-1.15805763775,5,59
72,1,6.35093568739,,8.0,0.041041041041,0,0.382742166811,0.202709186955,5,228
73,1,4.59295376647,3.0,6.0,0.023023023023,0,-0.304652367644,0.506910869402,5,126
74,1,3.45261487426,,4.0,0.0540540540541,0,-0.433314559963,-0.24744144585,5,121
75,1,7.02295568664,2.0,16.0,0.031031031031,0,0.850855419252,-0.529610571118,5,379
76,1,7.47727707526,1.0,11.0,0.041041041041,0,0.722266263928,0.310478283479,5,100
77,1,3.907368153,2.0,10.0,0.037037037037,0,-0.238670126003,-0.376621468995,5,326
78,1,-1.55221374534,,52.0,0.0720720720721,0,-2.15892727674,-0.0754319151055,5,720
79,1,8.22838428913,4.0,10.0,0.032032032032,0,1.25668180844,-0.541661136194,5,183
80,1,3.5761410278,,6.0,0.0520520520521,0,-0.00645577092031,-1.40449165944,5,60
81,1,4.37291231229,1.0,40.0,0.047047047047,0,0.191295655777,-1.20097465504,5,830
82,1,10.2581881924,8.0,12.0,0.0590590590591,0,2.01685838472,-0.792386961715,5,219
83,1,7.79584282141,,34.0,0.0560560560561,0,1.04885097272,-0.350710096744,5,542
84,1,5.13992197255,0.0,8.0,0.031031031031,0,-0.188049120771,0.704069334866,5,201
85,1,10.364462404,3.0,27.0,0.037037037037,0,1.36173368453,1.27926135036,5,634
86,1,3.46473004665,,18.0,0.031031031031,0,-0.497077997399,-0.0440359611545,5,508
87,1,5.92159144903,,17.0,0.048048048048,0,0.326527884697,-0.057992205058,5,305
88,1,6.6474253171,4.0,11.0,0.033033033033,0,-0.0328015117578,1.74582985237,5,375
89,1,5.44185318204,,11.0,0.027027027027,0,0.355109794781,-0.6234762023,5,300
90,1,4.24041016159,,10.0,0.016016016016,0,-0.435134464243,0.545813554313,5,420
91,1,6.83607151731,3.0,19.0,0.022022022022,0,0.586835312624,0.0755655794365,5,797
92,1,7.05306828907,,8.0,0.022022022022,0,0.47938581802,0.614910835009,5,141
93,1,4.57216740977,,14.0,0.029029029029,0,-0.326294004542,0.551049423397,5,408
94,1,1.88757203137,,10.0,0.016016016016,0,-1.21402740927,0.529654259193,5,370
95,1,0.923505843159,,4.0,0.021021021021,0,-1.01955554009,-1.01782753658,5,124
96,1,6.22413216435,5.0,42.0,0.0520520520521,0,0.0897274798185,0.954949724896,5,832
97,1,2.62925551618,,19.0,0.037037037037,0,-0.900862795441,0.331843902505,5,445
98,1,5.71557421191,1.0,46.0,0.0500500500501,0,0.0390602667488,0.598393411668,5,905
99,1,2.78777508149,,10.0,0.036036036036,0,-0.766576217868,0.0875037350977,5,186
100,1,2.53119303399,0.0,6.0,0.023023023023,0,-1.05575177631,0.698448362927,5,107
101,1,1.99982889309,,7.0,0.039039039039,0,-0.896276194782,-0.311342522563,5,110
102,1,7.06726384747,6.0,22.0,0.037037037037,0,0.482541643544,0.619638916839,5,461
103,1,6.87975720062,,10.0,0.0520520520521,0,0.788754601682,-0.48650660443,5,184
104,1,-1.29145087816,,3.0,0.02002002002,0,-1.81433742663,-0.848438598283,5,40
105,1,4.85257406408,0.0,12.0,0.0610610610611,0,0.0167392232312,-0.19764360561,5,270
106,1,4.71205414708,2.0,18.0,0.034034034034,0,-0.249739719231,0.461273304778,5,554
107,1,4.78024707139,1.0,12.0,0.031031031031,0,0.0504135546234,-0.370993592481,5,339
108,1,2.75154237544,1.0,4.0,0.04004004004,0,-0.765937987806,0.049356338864,5,129
109,1,11.2814589577,8.0,12.0,0.021021021021,0,1.78331395452,0.931517094112,5,527
110,1,11.0374647186,,16.0,0.03003003003,0,1.83708668066,0.526204676601,5,387
111,1,1.74644509533,,13.0,0.022022022022,0,-0.863730749622,-0.662362655807,5,487
112,1,8.47377370763,1.0,29.0,0.034034034034,0,1.16651518704,-0.0257718534867,5,829
113,1,2.64285629085,0.0,14.0,0.034034034034,0,-1.10561132526,0.959690266637,5,378
114,1,2.98329975114,,12.0,0.046046046046,0,-0.525496256755,-0.440211478596,5,263
115,1,7.42355033363,3.0,15.0,0.022022022022,0,0.560779876865,0.741210703033,5,780
116,1,1.59260982882,0.0,11.0,0.022022022022,0,-0.680132909659,-1.36699144221,5,388
117,1,4.90977908816,3.0,5.0,0.028028028028,0,0.0788921456144,-0.326897348688,5,205
118,1,2.32108412606,,3.0,0.024024024024,0,-0.576859177243,-0.948338342212,5,117
119,1,13.0721231089,10.0,15.0,0.026026026026,0,2.1862496344,1.51337420569,5,592
120,1,4.90464300507,4.0,11.0,0.041041041041,0,-0.291142572268,0.778070721872,5,203
121,1,6.70707266048,4.0,15.0,0.019019019019,0,0.839167409539,-0.810429568141,5,629
122,1,-0.204493543022,,20.0,0.032032032032,0,-2.0141165747,0.837856181078,5,605
123,1,6.3140189896,0.0,11.0,0.028028028028,0,0.541284204515,-0.309833623944,5,232
124,1,3.83474541602,0.0,16.0,0.02002002002,0,-0.158493195793,-0.689774996604,5,688
125,1,1.57240951249,0.0,6.0,0.019019019019,0,-1.04169913223,-0.302493090806,5,135
126,1,2.52787031104,0.0,3.0,0.017017017017,0,-0.32234114392,-1.5051062572,5,74
127,1,4.76886713104,,5.0,0.018018018018,0,-0.0882114480485,0.0335014751814,5,189
128,1,4.33392338413,1.0,35.0,0.04004004004,0,-0.189838868073,-0.0965600116528,5,828
129,1,2.76492822526,,14.0,0.043043043043,0,-0.831042809481,0.258056653702,5,366
130,1,-1.0249656801,,0.0,0.038038038038,1,-1.82765666047,-0.541995698704,5,7
131,1,2.45622432711,0.0,7.0,0.042042042042,0,-0.711680119922,-0.408735313123,5,127
132,1,6.06240195212,2.0,8.0,0.035035035035,0,0.218977610041,0.405469121992,5,244
133,1,4.02350163925,1.0,9.0,0.026026026026,0,-0.0748869319428,-0.75183756492,5,146
134,1,3.54549203529,,4.0,0.034034034034,0,-0.182106005775,-0.908189947382,5,119
135,1,9.85036735699,1.0,28.0,0.031031031031,0,1.32145115187,0.886013901394,5,820
136,1,2.8456319899,0.0,11.0,0.023023023023,0,-0.516474574579,-0.604944286368,5,345
137,1,5.87082404738,1.0,10.0,0.023023023023,0,0.202115086585,0.264478787627,5,340
138,1,0.799122232475,,20.0,0.02002002002,0,-1.15788476093,-0.727223484731,5,879
139,1,4.76874044115,0.0,14.0,0.017017017017,0,0.0498192107965,-0.380717191238,5,716
140,1,3.49530668015,,6.0,0.024024024024,0,-0.048923857672,-1.35792174683,5,55
141,1,2.28122064234,1.0,4.0,0.0560560560561,0,-0.978387806575,0.21638406207,5,86
142,1,0.958436852693,,5.0,0.025025025025,0,-1.10098743609,-0.738600839023,5,70
143,1,1.98145468838,0.0,3.0,0.015015015015,0,-0.720412255411,-0.85730854539,5,97
144,1,8.43788935407,3.0,14.0,0.03003003003,0,1.36199295852,-0.648089521482,5,438
145,1,2.25393764712,2.0,7.0,0.038038038038,0,-0.737200238484,-0.534461637423,5,195
146,1,5.07961886967,,7.0,0.022022022022,0,0.26573250019,-0.717578630897,5,225
147,1,4.09258710962,1.0,7.0,0.031031031031,0,-0.231252543289,-0.213655260511,5,125
148,1,11.4231567601,7.0,14.0,0.022022022022,0,2.30385896121,-0.488420123482,5,403
149,1,3.38153312355,3.0,5.0,0.016016016016,0,-0.901215527816,1.085179707,5,257
150,1,11.3563858656,1.0,23.0,0.023023023023,0,2.01839113264,0.301212467619,5,981
151,1,2.30056800295,0.0,12.0,0.025025025025,0,-0.953899875327,0.162267628927,5,442
152,1,6.05806792991,2.0,16.0,0.02002002002,0,0.215776644495,0.410737996427,5,778
153,1,3.7148144191,1.0,8.0,0.027027027027,0,-0.177214862362,-0.75354099381,5,347
154,1,7.93337320177,4.0,15.0,0.023023023023,0,0.968931301089,0.0265792985019,5,574
155,1,5.52247544331,1.0,12.0,0.015015015015,0,0.179626759666,-0.0164048356833,5,784
156,1,4.84850715072,1.0,10.0,0.019019019019,0,-0.18107640016,0.391736351203,5,480
157,1,8.20951657434,,17.0,0.019019019019,0,1.1138497649,-0.13203272036,5,826
158,1,5.01123835968,4.0,10.0,0.015015015015,0,-0.137034781723,0.422342704853,5,514
159,1,5.81586409393,4.0,8.0,0.016016016016,0,0.221070826343,0.152651614902,5,481
160,1,-2.18860530399,,0.0,0.023023023023,1,-2.40172625399,0.0165734579814,5,4
161,1,4.55686382018,4.0,13.0,0.023023023023,0,-0.215763798651,0.204155216129,5,488
162,1,3.72269328456,,13.0,0.014014014014,0,-0.120729292678,-0.915118837406,5,853
163,1,3.19566686525,,9.0,0.026026026026,0,-0.710138369467,0.326081973651,5,243
164,1,8.33987678908,0.0,16.0,0.026026026026,0,1.21161530652,-0.294969130496,5,485
165,1,2.51261580969,0.0,4.0,0.027027027027,0,-0.347528523225,-1.44479862063,5,157
166,1,5.47143095836,,24.0,0.034034034034,0,0.0774097637126,0.239201667224,5,710
167,1,8.25682775963,7.0,9.0,0.024024024024,0,0.747460902494,1.01444505215,5,380
168,1,8.33017228741,,13.0,0.024024024024,0,1.35851731722,-0.745379664257,5,563
169,1,7.58386523126,6.0,17.0,0.032032032032,0,1.18304521633,-0.965270417731,5,522
170,1,4.50292269237,3.0,13.0,0.028028028028,0,-0.375215129636,0.628568081275,5,537
171,1,6.22203055336,6.0,11.0,0.011011011011,0,0.0699955741991,1.01204383076,5,848
172,1,13.1617544051,,15.0,0.027027027027,0,2.01742638828,2.10947524025,5,707
173,1,7.33722544396,2.0,9.0,0.021021021021,0,0.730703737763,0.145114230673,5,255
174,1,8.08641193935,7.0,11.0,0.021021021021,0,0.701010669351,0.983379931294,5,361
175,1,-1.50400667424,,0.0,0.033033033033,1,-1.98800321286,-0.539997035663,5,3
176,1,5.39694594842,3.0,21.0,0.031031031031,0,0.0997754158944,0.0976197007396,5,642
177,1,1.60502474215,,8.0,0.044044044044,0,-0.678234328719,-1.3602722717,5,198
178,1,7.63267315086,1.0,8.0,0.027027027027,0,0.905235343781,-0.0830328804817,5,167
179,1,6.97652308241,6.0,9.0,0.022022022022,0,0.478669311656,0.540515147443,5,451
180,1,8.54552377509,8.0,11.0,0.025025025025,0,0.972036828527,0.629413289514,5,712
181,1,1.59402299945,,4.0,0.017017017017,0,-0.926582650091,-0.626229050278,5,202
182,1,5.60834146823,3.0,6.0,0.02002002002,0,0.360768315007,-0.473963476794,5,395
183,1,5.27610057862,0.0,12.0,0.021021021021,0,-0.574720151412,2.00026103286,5,643
184,1,2.05829512074,2.0,12.0,0.026026026026,0,-0.838808485509,-0.425279422733,5,355
185,1,7.05029092801,2.0,10.0,0.027027027027,0,0.778086626945,-0.283968952828,5,266
186,1,5.80816119177,4.0,18.0,0.019019019019,0,0.291704726568,-0.0669529879355,5,964
187,1,5.17190536839,,8.0,0.032032032032,0,0.0248787214793,0.0972692039494,5,192
188,1,6.01995284893,5.0,11.0,0.027027027027,0,0.027735104306,0.936747536009,5,320
189,1,5.59981086456,1.0,7.0,0.013013013013,0,-0.12242173601,0.96707607259,5,364
190,1,4.28861655341,3.0,16.0,0.021021021021,0,-0.318780744569,0.244958787121,5,551
191,1,4.53054383765,1.0,13.0,0.019019019019,0,-0.340341799894,0.551569237337,5,596
192,1,5.41905144598,3.0,11.0,0.028028028028,0,-0.49601857867,1.907107182,5,409
193,1,5.39399746259,1.0,21.0,0.039039039039,0,0.0435235976498,0.263426669644,5,579
194,1,3.14146973615,3.0,4.0,0.017017017017,1,-0.685309904475,0.197399449571,5,253
195,1,3.91434173831,3.0,12.0,0.015015015015,0,-0.317647936172,-0.13271445317,5,721
196,1,0.688145775799,,1.0,0.023023023023,0,-0.951497142399,-1.457362797,5,46
197,1,4.75810672958,,6.0,0.025025025025,0,-0.0752464370793,-0.0161539591826,5,218
198,1,13.5536136285,10.0,14.0,0.017017017017,0,2.71230327128,0.416703814659,5,891
199,1,1.89196538694,1.0,3.0,0.014014014014,0,-0.639275588068,-1.19020784885,5,131
200,1,6.87450251602,4.0,18.0,0.035035035035,0,0.818939878957,-0.582317120852,5,435
201,1,-0.594052171831,,3.0,0.031031031031,0,-1.51822801638,-1.0393681227,5,90
202,1,6.46082920839,6.0,29.0,0.041041041041,0,0.0378679415836,1.34722538364,5,469
203,1,1.24769046826,0.0,2.0,0.029029029029,0,-1.36205323149,0.33385016273,5,54
204,1,9.26158606982,4.0,10.0,0.026026026026,0,0.960430419864,1.38029481023,5,289
205,1,3.18240501399,0.0,24.0,0.037037037037,0,-0.834152505254,0.684862529755,5,625
206,1,3.23969140987,3.0,17.0,0.023023023023,0,-0.790803863584,0.612103000619,5,719
207,1,3.23004475453,2.0,11.0,0.025025025025,0,-0.401486067411,-0.565497043236,5,239
208,1,3.49118750132,0.0,7.0,0.034034034034,0,-0.60928458115,0.319041244765,5,222
209,1,7.74425323968,3.0,16.0,0.022022022022,0,1.0809915895,-0.498721528806,5,731
210,1,5.14123619289,2.0,10.0,0.019019019019,0,-0.124861679843,0.515821232417,5,298
211,1,2.9127569825,0.0,7.0,0.026026026026,0,-0.451010578776,-0.734211281172,5,176
212,1,6.57841050244,6.0,7.0,0.022022022022,1,0.477578111562,0.145676167752,5,240
213,1,0.539912357238,0.0,19.0,0.032032032032,0,-1.33226214696,-0.463301201889,5,651
214,1,0.882090527355,,10.0,0.038038038038,0,-1.1467892773,-0.677541640751,5,268
215,1,1.78000952292,,7.0,0.016016016016,0,-0.938710812188,-0.40385804052,5,318
216,1,7.31960489307,7.0,20.0,0.021021021021,0,1.01699561921,-0.731381964573,5,939
217,1,4.0039006123,0.0,10.0,0.016016016016,0,-0.66594721539,1.00174225847,5,541
218,1,4.24632934841,2.0,18.0,0.023023023023,0,-0.746737308713,1.48654127455,5,760
219,1,6.21036010423,6.0,8.0,0.013013013013,0,0.303970196854,0.298449513669,5,517
220,1,9.31674868719,2.0,13.0,0.013013013013,0,1.32135390529,0.352686971309,5,908
221,1,0.0403017073602,0.0,10.0,0.014014014014,0,-1.96072931412,0.922489649715,5,585
222,1,5.60980727292,0.0,14.0,0.016016016016,0,-0.405033417992,1.8249075269,5,685
223,1,7.16517653382,3.0,13.0,0.018018018018,0,0.762869380805,-0.123431608597,5,539
224,1,2.90538835997,,15.0,0.027027027027,0,-0.726274766586,0.0842126597281,5,494
225,1,9.07505402684,,17.0,0.029029029029,0,1.61462110995,-0.768809303008,5,455
226,1,2.34080892859,0.0,15.0,0.02002002002,0,-1.05833992751,0.515828711103,5,649
227,1,6.41384118638,6.0,10.0,0.018018018018,0,0.67741789936,-0.618412511701,5,350
228,1,7.85048436912,3.0,11.0,0.019019019019,0,0.884588701128,0.196718265736,5,436
229,1,8.2653233528,0.0,10.0,0.018018018018,0,1.02403406214,0.193221166381,5,476
230,1,1.87107806688,,10.0,0.015015015015,0,-0.888178272193,-0.464387116543,5,230
231,1,7.29041501037,,16.0,0.022022022022,0,0.573692672425,0.569336993094,5,691
232,1,8.82921260285,0.0,10.0,0.022022022022,0,0.685575422094,1.77248633657,5,360
233,1,7.62093847955,3.0,15.0,0.017017017017,0,0.687540916733,0.55831572935,5,867
234,1,5.91542768183,,24.0,0.025025025025,0,-0.120291801691,1.27630308691,5,837
235,1,7.14245827013,6.0,10.0,0.018018018018,0,0.599059054054,0.345281107969,5,474
236,1,4.56766175916,0.0,10.0,0.026026026026,0,-0.00947456332343,-0.403914550873,5,299
237,1,5.28607125934,0.0,9.0,0.016016016016,0,0.163116243215,-0.203277470308,5,397
238,1,5.71715868117,1.0,9.0,0.02002002002,0,0.0155805916414,0.670416906241,5,416
239,1,1.76008125708,,2.0,0.019019019019,0,-0.759085059135,-0.962663565518,5,45
240,1,2.77734330702,0.0,7.0,0.012012012012,0,-0.733056832473,-0.0234861955645,5,687
241,1,4.15400398964,,6.0,0.019019019019,0,-0.619656529924,1.01297357941,5,104
242,1,10.0034737666,10.0,11.0,0.013013013013,1,1.60075977856,0.201194430982,5,831
243,1,-0.376832244745,,0.0,0.029029029029,1,-1.40483983557,-1.16231273805,5,15
244,1,8.7187189131,8.0,18.0,0.03003003003,0,0.99603270173,0.730620807912,5,510
245,1,8.19260372407,6.0,11.0,0.019019019019,0,0.803698064253,0.781509531305,5,496
246,1,1.78233661684,,8.0,0.02002002002,0,-0.849261972834,-0.669877464663,5,292
247,1,8.29971698381,,22.0,0.024024024024,0,0.859675127951,0.720691599957,5,833
248,1,10.3153147908,8.0,11.0,0.016016016016,0,1.58923565587,0.547607823194,5,765
249,1,4.52591640693,3.0,23.0,0.028028028028,0,-0.108674591318,-0.148059819118,5,815
250,1,1.9902546075,0.0,2.0,0.013013013013,0,-0.761322129844,-0.725779002973,5,147
251,1,-0.782016664722,,6.0,0.021021021021,0,-1.58575589079,-1.02474899234,5,114
252,1,6.56707134715,,12.0,0.015015015015,0,0.497126454799,0.0756919827524,5,536
253,1,4.99251281362,2.0,13.0,0.02002002002,0,0.283148965111,-0.856934081716,5,399
254,1,2.61312739745,2.0,7.0,0.016016016016,0,-0.92389657512,0.384817122808,5,431
255,1,6.28357193491,4.0,12.0,0.014014014014,0,0.296992559151,0.392594257454,5,657
256,1,5.56763702404,3.0,6.0,0.026026026026,0,0.0419099414648,0.441907199645,5,262
257,1,7.2431742286,1.0,14.0,0.031031031031,0,0.251145772814,1.48973691016,5,434
258,1,11.9049139167,11.0,13.0,0.018018018018,0,1.96667814184,1.0048794912,5,583
259,1,7.41234750041,,15.0,0.025025025025,0,1.13561049975,-0.994483998853,5,466
260,1,7.87660754047,1.0,10.0,0.014014014014,0,1.14324997688,-0.553142390173,5,587
261,1,2.15542248665,,5.0,0.02002002002,0,-0.653241912197,-0.884851776754,5,235
262,1,-3.52483350991,,1.0,0.033033033033,0,-2.65311706347,-0.565482319484,5,10
263,1,0.66153544495,,1.0,0.024024024024,0,-1.30304069634,-0.429342466028,5,14
264,1,3.6017775862,,4.0,0.013013013013,0,-0.72014097253,0.76220050379,5,171
265,1,0.678556731261,,2.0,0.027027027027,0,-1.74520508285,0.914171979804,5,68
266,1,10.1999585493,10.0,13.0,0.019019019019,0,1.6823313037,0.152964638256,5,732
267,1,7.97884447842,,10.0,0.019019019019,0,0.736387587866,0.769681714817,5,334
268,1,2.14745917802,1.0,4.0,0.016016016016,0,-0.576703968685,-1.12242891593,5,267
269,1,5.73352907756,4.0,13.0,0.023023023023,0,0.700917593051,-1.36922370159,5,498
270,1,6.11286868868,0.0,10.0,0.017017017017,0,0.441544974694,-0.211766235399,5,803
271,1,2.19004596998,,3.0,0.021021021021,0,-0.820704775438,-0.347839703706,5,128
272,1,5.85211822531,4.0,13.0,0.02002002002,0,0.249370430925,0.104006932537,5,278
273,1,3.13333896223,0.0,4.0,0.015015015015,0,-0.61530201182,-0.0207550023099,5,307
274,1,5.94451515786,2.0,14.0,0.021021021021,0,-0.0913072854635,1.21843701425,5,632
275,1,4.48977920786,1.0,5.0,0.022022022022,0,-0.251194695253,0.243363293615,5,237
276,1,5.78685274692,3.0,18.0,0.019019019019,0,0.684611677449,-1.26698228543,5,818
277,1,1.77384842604,0.0,2.0,0.016016016016,0,-0.970217194744,-0.315499989724,5,122
278,1,4.43989788674,4.0,13.0,0.017017017017,0,-0.208957033868,0.0667689883409,5,678
279,1,5.02852100714,3.0,14.0,0.019019019019,0,-0.19544149468,0.614845491178,5,468
280,1,13.5229915125,13.0,17.0,0.023023023023,0,2.53542642641,0.916712233224,5,567
281,1,5.67915402051,5.0,15.0,0.015015015015,0,0.488019526212,-0.784904558121,5,975
282,1,1.53582636486,1.0,6.0,0.017017017017,0,-1.09499829822,-0.179178740484,5,130
283,1,5.50846079003,0.0,8.0,0.013013013013,0,0.441762286448,-0.816826069316,5,604
284,1,3.4278694231,0.0,7.0,0.013013013013,0,-0.390776727567,-0.399800394199,5,252
285,1,-0.85129324928,,1.0,0.017017017017,0,-1.57767239153,-1.1182760747,5,11
286,1,5.81464853181,0.0,11.0,0.013013013013,0,-0.0145084015821,0.858173736551,5,840
287,1,3.03979210408,2.0,5.0,0.014014014014,0,-0.588369158424,-0.195100420651,5,414
288,1,2.85502248365,,3.0,0.033033033033,0,-0.558155338169,-0.470511501847,5,58
289,1,8.6390816015,5.0,10.0,0.015015015015,0,1.61885562466,-1.21748527249,5,412
290,1,-2.11832085072,,0.0,0.015015015015,1,-2.1909804051,-0.545379635424,5,23
291,1,1.5800818627,,5.0,0.018018018018,0,-1.12450053963,-0.0464165184017,5,149
292,1,5.66952170359,0.0,7.0,0.017017017017,0,0.312659299446,-0.268456194746,5,301
293,1,1.11950131816,0.0,2.0,0.025025025025,0,-1.08191919105,-0.634741108695,5,38
294,1,3.93966801801,,5.0,0.02002002002,0,-0.386055982012,0.0978359640426,5,221
295,1,9.66245784272,1.0,12.0,0.019019019019,0,1.30911349638,0.73511735358,5,572
296,1,4.95919184558,3.0,10.0,0.019019019019,0,-0.898008629827,2.65321773507,5,459
297,1,3.6169201199,,4.0,0.022022022022,0,-0.406671428197,-0.163065595509,5,72
298,1,0.133288150014,0.0,1.0,0.016016016016,1,-1.37697047875,-0.735800413729,5,43
299,1,2.88585982839,2.0,3.0,0.016016016016,1,-0.892069780251,0.562069169142,5,94
300,1,0.718341009489,,1.0,0.018018018018,0,-1.49363155614,0.199235677899,5,37
301,1,8.99474674306,5.0,14.0,0.016016016016,0,1.51334349275,-0.54528373518,5,708
302,1,8.45850260699,6.0,12.0,0.015015015015,0,0.884604415329,0.804689361,5,648
303,1,6.13445072136,1.0,7.0,0.019019019019,0,0.213366947154,0.494349879897,5,331
304,1,5.12701978227,,13.0,0.021021021021,0,0.063704246576,-0.0640929574616,5,618
305,1,9.07505475088,9.0,14.0,0.021021021021,0,1.11829599791,0.720166757152,5,796
306,1,2.83030950533,2.0,7.0,0.016016016016,0,-0.434587626614,-0.865927614831,5,293
307,1,5.96161023169,4.0,6.0,0.02002002002,0,-0.154489085343,1.42507748772,5,256
308,1,8.42080976254,8.0,13.0,0.02002002002,0,0.98721266537,0.45917176643,5,616
309,1,3.45886422824,1.0,5.0,0.015015015015,0,-0.390602399111,-0.369328574421,5,275
310,1,4.25654506079,4.0,12.0,0.016016016016,0,0.125030337749,-1.11854595246,5,628
311,1,2.49323395741,,3.0,0.019019019019,0,-1.30624509756,1.41196925008,5,98
312,1,5.87540193093,5.0,9.0,0.013013013013,0,-0.069424315012,1.08367487596,5,548
313,1,7.2577848703,,15.0,0.017017017017,0,0.958733048476,-0.618414275134,5,770
314,1,9.56407162932,2.0,15.0,0.022022022022,0,1.61144614443,-0.270266803977,5,593
315,1,1.61590725752,0.0,8.0,0.012012012012,0,-0.829953855462,-0.89423117609,5,664
316,1,5.92861891714,0.0,13.0,0.016016016016,0,0.573015683557,-0.790428133528,5,804
317,1,9.94177949909,7.0,12.0,0.021021021021,0,1.27652993887,1.11218968249,5,623
318,1,4.29547513243,0.0,13.0,0.013013013013,0,-0.425792022304,0.572851199341,5,887
319,1,5.80903925734,5.0,15.0,0.017017017017,0,0.131988858118,0.413072682982,5,775
320,1,7.02477126565,,13.0,0.016016016016,0,0.655368149709,0.0586668165225,5,737
321,1,3.78454296555,,5.0,0.02002002002,0,-0.260410737148,-0.434224823004,5,144
322,1,4.1163140299,2.0,15.0,0.015015015015,0,-0.064672537389,-0.68966835793,5,903
323,1,3.46665008378,2.0,4.0,0.022022022022,0,-0.34084193094,-0.510824123398,5,92
324,1,4.48371543415,,6.0,0.016016016016,0,-0.368315504549,0.588661947801,5,401
325,1,9.57774900851,8.0,12.0,0.012012012012,0,0.922887917647,1.80908525557,5,682
326,1,1.19387103635,0.0,4.0,0.019019019019,0,-1.3254446247,0.170204910462,5,69
327,1,3.7489610358,2.0,9.0,0.016016016016,0,-0.716164145512,0.897453472336,5,410
328,1,4.06586345437,0.0,20.0,0.02002002002,0,-0.178444812451,-0.398802108281,5,722
329,1,8.54681337261,1.0,14.0,0.021021021021,0,1.24592670083,-0.190966729885,5,543
330,1,2.13943526915,2.0,4.0,0.015015015015,0,-0.616228602794,-1.01187892247,5,259
331,1,8.38308116057,4.0,18.0,0.024024024024,0,1.23428200997,-0.319764869346,5,883
332,1,5.369384848,0.0,14.0,0.022022022022,0,0.20611765383,-0.248968113492,5,482
333,1,1.31564656,,2.0,0.021021021021,0,-0.861783634106,-1.09900253768,5,89
334,1,0.531225431519,,10.0,0.026026026026,0,-1.13522751475,-1.06309202422,5,411
335,1,-2.0106752224,,1.0,0.018018018018,0,-2.06478918251,-0.81630767488,5,47
336,1,4.80839908539,1.0,5.0,0.014014014014,0,0.0796547263443,-0.430565093647,5,279
337,1,3.851202118,3.0,13.0,0.018018018018,0,0.0707172163429,-1.36094953103,5,709
338,1,5.57767607713,,9.0,0.016016016016,0,0.512744332215,-0.960556919513,5,260
339,1,11.4206543391,11.0,12.0,0.013013013013,1,2.00185291883,0.415095582609,5,929
340,1,4.06587296256,1.0,8.0,0.018018018018,0,-0.4646540048,0.459834976961,5,404
341,1,5.51765720105,0.0,7.0,0.014014014014,0,0.349992776552,-0.532321128604,5,443
342,1,9.97785356663,9.0,15.0,0.015015015015,0,1.31775413854,1.02459115102,5,979
343,1,4.69024189721,1.0,10.0,0.016016016016,0,-0.467544351091,1.09287495048,5,492
344,1,2.37819568898,2.0,12.0,0.021021021021,0,-1.06686341781,0.578785942397,5,549
345,1,6.3660380494,2.0,12.0,0.016016016016,0,1.08374132892,-1.88518593736,5,794
346,1,1.43150401321,,14.0,0.016016016016,0,-0.639599965235,-1.64969609109,5,868
347,1,3.34395960348,1.0,4.0,0.015015015015,0,-0.828406097686,0.829177896538,5,315
348,1,1.09867062676,,3.0,0.011011011011,0,-1.49151233439,0.573207629929,5,137
349,1,6.49532412152,3.0,8.0,0.01001001001,0,0.0828145673179,1.24688041957,5,645
350,1,8.26951219664,8.0,11.0,0.012012012012,0,1.26229553535,-0.517374409398,5,852
351,1,6.16232921169,4.0,9.0,0.013013013013,0,0.608359929845,-0.662750577842,5,441
352,1,3.96693386977,2.0,11.0,0.015015015015,0,0.162268259501,-1.51987090873,5,448
353,1,2.27454250514,0.0,8.0,0.019019019019,0,-0.804609825219,-0.311628019205,5,470
354,1,1.39531245633,0.0,7.0,0.016016016016,0,-1.14664189991,-0.164761843945,5,280
355,1,6.3696274797,2.0,8.0,0.014014014014,0,0.729417347988,-0.818624564263,5,578
356,1,-1.55918903757,,1.0,0.021021021021,0,-2.10870013245,-0.233088640224,5,73
357,1,3.40048231445,1.0,8.0,0.015015015015,0,-0.397166640421,-0.408017764286,5,308
358,1,4.10552622652,,7.0,0.02002002002,0,-0.330057456388,0.0956985956804,5,405
359,1,0.537705359593,,1.0,0.017017017017,0,-1.28435322657,-0.609234960682,5,51
360,1,5.0348360304,5.0,6.0,0.01001001001,1,0.033084632406,-0.0644178668146,5,619
361,1,6.64945855455,5.0,7.0,0.012012012012,0,0.468439512327,0.244140017571,5,723
362,1,-1.23337094346,,0.0,0.017017017017,1,-1.87011165083,-0.623035990964,5,9
363,1,7.51584794214,6.0,16.0,0.02002002002,0,0.546769800429,0.875538540858,5,766
364,1,3.93665256136,,8.0,0.017017017017,0,-0.276266902129,-0.234546732251,5,349
365,1,14.8019433117,6.0,15.0,0.017017017017,0,2.758395957,1.52675544068,5,890
366,1,-3.75233895364,,1.0,0.017017017017,0,-2.60582275793,-0.934870679847,5,21
367,1,0.584529344522,0.0,6.0,0.019019019019,0,-1.62757513975,0.467254763763,5,281
368,1,3.8283794946,3.0,7.0,0.015015015015,0,-0.351294883814,-0.117735853957,5,348
369,1,6.5455431171,4.0,7.0,0.02002002002,0,0.506562583044,0.0258553679708,5,367
370,1,5.52259449452,0.0,7.0,0.017017017017,0,0.460331490027,-0.858399975567,5,194
371,1,1.0950401634,,3.0,0.02002002002,0,-1.62209843007,0.961335453606,5,62
372,1,1.32554226311,,2.0,0.013013013013,0,-1.51589286812,0.87322086748,5,66
373,1,3.13401099756,3.0,8.0,0.017017017017,0,-0.405612514209,-0.649151459813,5,495
374,1,8.47049587639,,9.0,0.016016016016,0,0.964846710752,0.575955744135,5,595
375,1,6.63969091727,6.0,13.0,0.014014014014,0,0.80975875135,-0.789585336778,5,846
376,1,3.14309617596,3.0,10.0,0.018018018018,0,-0.34912213228,-0.809537427202,5,757
377,1,9.24950961448,6.0,12.0,0.014014014014,0,1.67517718667,-0.776021945546,5,734
378,1,1.0716397966,,2.0,0.02002002002,0,-1.58269407931,0.819722034529,5,56
379,1,2.89196847005,1.0,4.0,0.012012012012,0,-0.721454979458,0.0563334084258,5,162
380,1,9.12569971146,8.0,13.0,0.015015015015,0,1.17338810891,0.605535384723,5,612
381,1,10.2839508107,7.0,13.0,0.019019019019,0,1.49218944005,0.807382490523,5,472
382,1,7.29699862537,7.0,11.0,0.012012012012,0,0.653227138383,0.33731721022,5,717
383,1,11.1570276859,11.0,12.0,0.012012012012,1,1.91514483476,0.411593181613,5,895
384,1,3.31234954452,0.0,11.0,0.014014014014,0,-0.675324619476,0.338323402949,5,744
385,1,5.04161767232,,9.0,0.012012012012,0,-0.416738341698,1.29183269741,5,425
386,1,1.67491838131,,12.0,0.023023023023,0,-0.825352995845,-0.849022631152,5,447
387,1,0.711782498563,0.0,4.0,0.017017017017,0,-1.25089854264,-0.535521873504,5,212
388,1,12.1785675405,11.0,15.0,0.024024024024,0,1.91707708119,1.42733629694,5,622
389,1,12.1286198251,,21.0,0.022022022022,0,2.42723718183,-0.153091720432,5,918
390,1,7.81385002063,7.0,8.0,0.018018018018,1,0.955119304183,-0.0515078919244,5,418
391,1,7.18432157589,1.0,11.0,0.016016016016,0,0.273204773459,1.36470725552,5,590
392,1,3.81135383484,1.0,11.0,0.012012012012,0,-0.168020489339,-0.684584697138,5,856
393,1,6.97286167612,4.0,13.0,0.013013013013,0,0.743294387444,-0.257021486217,5,759
394,1,-0.263338668377,,0.0,0.015015015015,1,-1.44148409716,-0.938886376883,5,8
395,1,6.22104204918,,11.0,0.015015015015,0,0.445469296904,-0.115365841535,5,686
396,1,6.07277866897,,15.0,0.018018018018,0,0.390188217045,-0.0977859821623,5,812
397,1,5.82607261351,5.0,12.0,0.016016016016,0,0.517025254881,-0.725003151128,5,564
398,1,2.66923507541,2.0,11.0,0.017017017017,0,-0.944282607382,0.502082897554,5,594
399,1,3.7668006996,1.0,8.0,0.015015015015,0,-0.553487111459,0.427262033982,5,381
400,1,2.56722441055,2.0,10.0,0.018018018018,0,-0.953981334269,0.429168413356,5,463
401,1,4.76483711963,2.0,9.0,0.014014014014,0,0.101932265141,-0.540959675796,5,589
402,1,5.98322227045,0.0,8.0,0.019019019019,0,-0.188329430789,1.54821056281,5,432
403,1,5.98180784986,3.0,6.0,0.017017017017,0,0.298662478255,0.0858204150946,5,295
404,1,7.8885794105,4.0,8.0,0.014014014014,0,0.882221110114,0.241916080161,5,196
405,1,0.22437483186,0.0,3.0,0.018018018018,0,-1.77588925009,0.552042582121,5,139
406,1,10.6399608556,10.0,11.0,0.017017017017,1,1.53208689883,1.04370015915,5,484
407,1,7.45096881958,2.0,15.0,0.017017017017,0,0.614064313493,0.608775879099,5,845
408,1,4.85703525548,1.0,7.0,0.017017017017,0,-0.0292113341626,-0.0553307420325,5,440
409,1,5.1338588496,4.0,9.0,0.014014014014,0,-0.389481040789,1.30230197197,5,724
410,1,5.13787109698,3.0,6.0,0.013013013013,0,-0.564480389065,1.83131226418,5,321
411,1,1.60361915866,0.0,4.0,0.013013013013,0,-1.16076529843,0.0859150539525,5,238
412,1,9.78633655035,7.0,11.0,0.014014014014,0,1.40447305537,0.572917384245,5,813
413,1,11.6029980621,11.0,13.0,0.014014014014,0,2.33746272239,-0.409390105127,5,776
414,1,-1.01934192351,,0.0,0.018018018018,1,-1.63968330357,-1.10029201278,5,29
415,1,2.9953774434,1.0,4.0,0.012012012012,0,-0.206585119871,-1.38486719699,5,283
416,1,6.0222490572,1.0,11.0,0.02002002002,0,-0.026520938749,1.10181187345,5,384
417,1,0.362070936779,,2.0,0.019019019019,0,-1.14457331715,-1.20420911177,5,87
418,1,5.19958570093,3.0,11.0,0.012012012012,0,-0.0140284872656,0.241671162726,5,705
419,1,4.39141798993,1.0,6.0,0.015015015015,0,-0.31213367317,0.327819009436,5,241
420,1,0.0145596980538,,8.0,0.016016016016,0,-2.178519492,1.55011817405,5,324
421,1,6.07177852403,5.0,7.0,0.013013013013,0,0.319108246447,0.114453784694,5,174
422,1,4.62268067158,1.0,8.0,0.013013013013,0,-0.0221445376763,-0.310885715389,5,328
423,1,3.18994853995,3.0,4.0,0.015015015015,1,-0.760768918442,0.472255295282,5,156
424,1,6.4141295055,3.0,12.0,0.016016016016,0,0.235641147059,0.707206064328,5,606
425,1,2.30634161186,2.0,6.0,0.017017017017,0,-0.533607967342,-1.09283448611,5,357
426,1,4.47476160097,3.0,5.0,0.014014014014,0,-0.00107127540454,-0.522024572812,5,113
427,1,7.50300224995,1.0,10.0,0.016016016016,0,0.802582397029,0.0952550588584,5,519
428,1,10.9233420656,8.0,12.0,0.012012012012,0,1.72082393294,0.760870266759,5,865
429,1,-0.186109196496,,2.0,0.013013013013,0,-1.84751068373,0.356422854707,5,53
430,1,14.3684490141,14.0,15.0,0.016016016016,1,2.70493012674,1.25365863387,5,960
431,1,7.72321855115,5.0,10.0,0.015015015015,0,1.24403927147,-1.00889926325,5,693
432,1,7.07939131455,7.0,9.0,0.015015015015,0,0.980119637833,-0.860967598953,5,535
433,1,7.69180510341,6.0,12.0,0.018018018018,0,0.41059371964,1.46002394449,5,582
434,1,3.44413040045,2.0,6.0,0.015015015015,0,-0.763683052115,0.735179556798,5,391
435,1,7.46350297182,2.0,21.0,0.023023023023,0,0.684427568905,0.410220265108,5,958
436,1,3.31480408972,0.0,7.0,0.014014014014,0,-0.655605799707,0.281621488839,5,386
437,1,5.96741142736,5.0,7.0,0.013013013013,0,-0.0127866544075,1.00577139058,5,741
438,1,5.62492955345,5.0,11.0,0.017017017017,0,-0.155602453825,1.09173691492,5,684
439,1,3.02375565704,2.0,9.0,0.018018018018,0,-1.34020814809,2.0443801013,5,557
440,1,1.62343845119,1.0,2.0,0.014014014014,1,-0.802933054626,-0.967762384936,5,81
441,1,4.26058451635,,11.0,0.012012012012,0,0.160607123416,-1.2212368539,5,528
442,1,3.3992149144,1.0,4.0,0.013013013013,0,-0.212715417423,-0.962638833329,5,216
443,1,4.04356026268,1.0,7.0,0.013013013013,0,0.0907861012146,-1.22879804096,5,478
444,1,4.19147650003,0.0,8.0,0.012012012012,0,-0.552719187558,0.849634062707,5,490
445,1,7.02286949381,6.0,10.0,0.011011011011,0,0.744775971524,-0.21145842076,5,650
446,1,7.94238813229,1.0,9.0,0.014014014014,0,1.45055407252,-1.40927408527,5,736
447,1,1.04761505016,,2.0,0.011011011011,0,-1.21423768448,-0.309671896399,5,96
448,1,6.20861125429,5.0,13.0,0.016016016016,0,0.838217388285,-1.30604091056,5,540
449,1,8.47892254416,6.0,13.0,0.017017017017,0,1.08842197456,0.213656620471,5,798
450,1,2.27203943289,0.0,3.0,0.021021021021,0,-0.893491998884,-0.0474845704567,5,197
451,1,14.2334044386,14.0,15.0,0.015015015015,1,2.41349362924,1.99292355083,5,986
452,1,11.5462837607,11.0,12.0,0.013013013013,1,2.16716104364,0.0448006297999,5,985
453,1,7.38966125398,2.0,11.0,0.013013013013,0,0.96608088577,-0.508581403332,5,743
454,1,6.34920483192,3.0,9.0,0.013013013013,0,0.736026571457,-0.858874882457,5,676
455,1,2.97268674778,0.0,14.0,0.016016016016,0,-0.217132487572,-1.3759157895,5,862
456,1,4.60354666903,,6.0,0.018018018018,0,0.33422000278,-1.3991133393,5,284
457,1,7.06978650751,6.0,10.0,0.017017017017,0,0.51882509058,0.513311235774,5,518
458,1,5.08811249281,4.0,9.0,0.012012012012,0,0.143697732134,-0.342980703586,5,696
459,1,0.114645657342,0.0,7.0,0.013013013013,0,-1.592879454,-0.106715980659,5,352
460,1,2.01578924202,0.0,6.0,0.012012012012,0,-0.751365260678,-0.730114975944,5,385
461,1,7.2618120399,6.0,13.0,0.014014014014,0,0.534212202342,0.659175432874,5,838
462,1,5.13278473759,2.0,7.0,0.01001001001,0,0.393219128664,-1.0468726484,5,786
463,1,4.63574629442,2.0,7.0,0.016016016016,0,0.154077564509,-0.826486399112,5,338
464,1,10.064221315,,11.0,0.015015015015,0,1.65188264283,0.108573386527,5,600
465,1,3.80466758663,2.0,10.0,0.021021021021,0,-0.187069399462,-0.634124214987,5,669
466,1,3.65125932882,2.0,12.0,0.013013013013,0,-0.0632968097296,-1.15885024199,5,772
467,1,5.10249143266,5.0,11.0,0.011011011011,0,-0.136161415502,0.510975679169,5,730
468,1,4.70877505553,1.0,10.0,0.016016016016,0,-0.267785800717,0.512132457685,5,450
469,1,0.348906139459,0.0,13.0,0.019019019019,0,-1.34895229118,-0.604236986988,5,588
470,1,-1.22859831864,,14.0,0.018018018018,0,-1.78673521725,-0.868392666887,5,750
471,1,9.24995340026,9.0,11.0,0.013013013013,0,0.974113848267,1.32761185546,5,944
472,1,2.20126715587,,5.0,0.013013013013,0,-0.894071812931,-0.116517405337,5,190
473,1,6.19861876032,5.0,9.0,0.016016016016,0,0.260047688518,0.418475694763,5,507
474,1,5.15679236999,0.0,14.0,0.016016016016,0,-0.000609363044946,0.158620459125,5,876
475,1,3.13440368755,2.0,4.0,0.016016016016,0,-0.724733837376,0.308605199677,5,286
476,1,5.1988563612,,8.0,0.014014014014,0,-0.0020047103116,0.204870492134,5,493
477,1,9.71245123167,6.0,14.0,0.014014014014,0,1.65780841831,-0.260974023278,5,934
478,1,-2.55247825978,,0.0,0.019019019019,1,-2.84605441633,0.985684989217,5,27
479,1,4.10978760609,0.0,6.0,0.01001001001,0,-0.163938390476,-0.398397222483,5,159
480,1,1.03385385737,0.0,3.0,0.014014014014,0,-1.44374656056,0.365093539048,5,323
481,1,7.12087610583,,12.0,0.021021021021,0,1.06438447357,-1.07227731488,5,335
482,1,1.1671655742,0.0,2.0,0.013013013013,0,-1.44533790462,0.503179288056,5,152
483,1,12.1944088564,11.0,13.0,0.013013013013,0,2.38158190788,0.0496631327758,5,870
484,1,2.22178824194,,3.0,0.013013013013,0,-0.995599602719,0.208587050099,5,164
485,1,1.04508886157,0.0,2.0,0.015015015015,0,-1.71514498139,1.19052380573,5,83
486,1,-0.510081631416,,1.0,0.017017017017,0,-1.58650748469,-0.750559177345,5,31
487,1,6.8487269013,5.0,7.0,0.015015015015,0,0.785969613832,-0.509181940198,5,319
488,1,5.69241473836,3.0,6.0,0.012012012012,0,0.155238977804,0.226697804943,5,486
489,1,3.16505266242,2.0,4.0,0.012012012012,0,-0.484311446936,-0.382012996775,5,614
490,1,8.24103849358,,11.0,0.017017017017,0,1.20002974868,-0.359050752447,5,697
491,1,5.36162578281,3.0,9.0,0.011011011011,0,0.00243598033518,0.354317841801,5,660
492,1,4.63128038423,0.0,5.0,0.015015015015,0,-0.0131905652499,-0.329147920018,5,362
493,1,8.33008107945,7.0,11.0,0.011011011011,0,1.24627877295,-0.408755239399,5,849
494,1,-1.07011672476,,0.0,0.015015015015,1,-2.13818380901,0.344434702264,5,30
495,1,9.64963302122,4.0,11.0,0.014014014014,0,1.25955924097,0.870955298302,5,413
496,1,4.96353211087,,5.0,0.019019019019,0,-0.0937262979906,0.244711004844,5,153
497,1,4.98218241223,3.0,7.0,0.014014014014,0,0.1767208624,-0.547980174971,5,426
498,1,5.18592934488,5.0,8.0,0.012012012012,0,0.0221923234521,0.119352374521,5,565
499,1,3.75461656875,,4.0,0.013013013013,0,-0.416637707053,0.00452968991475,5,120
500,1,5.5461779906,,6.0,0.015015015015,0,0.245578778772,-0.190558345716,5,154
501,1,5.54055636827,1.0,6.0,0.017017017017,0,0.171013979018,0.0275144312172,5,392
502,1,6.79742859964,5.0,7.0,0.018018018018,0,0.156527358648,1.3278465237,5,142
503,1,4.36281728363,4.0,8.0,0.014014014014,0,0.11789532142,-0.99086868063,5,513
504,1,8.65308139515,0.0,12.0,0.014014014014,0,1.37116620222,-0.460417211515,5,683
505,1,2.82045894701,2.0,8.0,0.013013013013,0,-0.920267239517,0.581260665558,5,427
506,1,3.68278420375,3.0,5.0,0.015015015015,0,-0.390194295827,-0.146632908767,5,200
507,1,1.24207843923,,2.0,0.018018018018,0,-1.26579702478,0.0394695135547,5,42
508,1,6.67589830029,5.0,7.0,0.013013013013,0,0.702539729942,-0.431720889537,5,547
509,1,8.09832429932,8.0,12.0,0.018018018018,0,0.56347553122,1.40789770566,5,656
510,1,7.40916578165,5.0,8.0,0.013013013013,0,0.643728553075,0.477980122423,5,465
511,0,12.5885843976,10.0,,0.01001001001,0,2.20348411402,0.978132055537,5,127
512,1,4.95562673786,4.0,7.0,0.014014014014,0,0.332327141433,-1.04135468644,5,457
513,1,3.89115693308,3.0,4.0,0.016016016016,1,-0.382763956408,0.0394488023045,5,329
514,1,3.30046992466,,5.0,0.016016016016,0,-0.834966844592,0.805370458433,5,245
515,1,8.83932825011,0.0,10.0,0.016016016016,0,1.33529575892,-0.166559026647,5,654
516,1,4.8225986597,4.0,13.0,0.016016016016,0,0.140034597589,-0.597505133067,5,735
517,1,6.18115594528,,7.0,0.015015015015,0,-0.0275817478377,1.26390118879,5,533
518,1,9.9226503915,8.0,10.0,0.013013013013,0,1.39278017572,0.744309864333,5,869
519,1,5.46972244523,4.0,10.0,0.011011011011,0,-0.0346034591944,0.573532822814,5,911
520,1,7.485704635,7.0,14.0,0.016016016016,0,0.614496178067,0.642216100797,5,888
521,1,5.48333276438,2.0,12.0,0.014014014014,0,0.0967047218448,0.193218598847,5,763
522,1,0.0103457826765,,1.0,0.016016016016,0,-1.16073265612,-1.50745624896,5,155
523,1,5.17439622132,0.0,14.0,0.014014014014,0,-0.234314315033,0.877339166416,5,874
524,1,2.79108043013,2.0,4.0,0.013013013013,0,-0.729837330963,-0.0194075769789,5,368
525,1,5.42206466409,2.0,13.0,0.013013013013,0,0.280843806178,-0.420466754447,5,932
526,1,3.9232362811,3.0,10.0,0.014014014014,0,-0.0550486045903,-0.911617905126,5,608
527,1,3.65831723538,1.0,5.0,0.011011011011,0,-0.522965417533,0.227213487979,5,394
528,1,5.42801255223,,10.0,0.011011011011,0,0.198082020193,-0.166233508352,5,740
529,1,11.0378758224,11.0,12.0,0.013013013013,1,2.00731711396,0.0159244805485,5,601
530,1,-2.18016662023,,0.0,0.011011011011,1,-2.56351126797,0.5103671837,5,5
531,1,6.19937734054,6.0,13.0,0.014014014014,0,0.283021020106,0.350314280217,5,926
532,1,-1.12928849098,,0.0,0.012012012012,1,-2.05514060885,0.0361333355608,5,16
533,1,2.78619732303,1.0,3.0,0.014014014014,0,-0.667045321985,-0.212666711018,5,258
534,1,5.56302861843,4.0,6.0,0.012012012012,0,0.195368635828,-0.0230772890488,5,369
535,1,1.35858320914,0.0,2.0,0.011011011011,0,-0.926575727846,-0.861689607325,5,140
536,1,7.78378466691,1.0,10.0,0.012012012012,0,0.77606603157,0.455586572205,5,620
537,1,10.3827330339,2.0,16.0,0.017017017017,0,1.63443632179,0.479424068546,5,921
538,1,5.92161851776,5.0,13.0,0.014014014014,0,0.211717747595,0.286465274977,5,824
539,1,7.26721470549,6.0,8.0,0.011011011011,0,1.11791232905,-1.08652228167,5,584
540,1,6.87971086697,6.0,7.0,0.015015015015,1,0.605646259371,0.0627720888598,5,446
541,1,7.00285563599,3.0,10.0,0.011011011011,0,0.534309076732,0.399928405793,5,957
542,1,6.86646987379,0.0,8.0,0.013013013013,0,0.682521936172,-0.181095934729,5,353
543,1,3.12686664031,0.0,10.0,0.013013013013,0,-0.15029158594,-1.42225860187,5,653
544,1,6.32811148105,5.0,9.0,0.011011011011,0,0.627883169767,-0.555538028252,5,936
545,1,7.39147136137,7.0,8.0,0.013013013013,1,0.460132029422,1.0110752731,5,667
546,1,8.75925366053,7.0,9.0,0.013013013013,0,1.34918396398,-0.288298231422,5,615
547,1,4.08473851425,0.0,11.0,0.012012012012,0,0.0892987379751,-1.18315769967,5,959
548,1,4.09383391508,4.0,7.0,0.012012012012,0,-0.625873542715,0.971454543228,5,652
549,1,7.38287068672,6.0,8.0,0.011011011011,0,0.657569952695,0.410160828631,5,422
550,1,5.73242908692,2.0,8.0,0.01001001001,0,0.583378419175,-1.01770617061,5,500
551,1,6.75738310633,4.0,11.0,0.013013013013,0,0.678129446093,-0.277005231947,5,808
552,1,-0.390086199211,,6.0,0.015015015015,0,-1.3713528487,-1.27602765313,5,306
553,1,1.57158770443,1.0,2.0,0.012012012012,1,-0.960798088701,-0.546018029469,5,312
554,1,2.60706060125,,10.0,0.013013013013,0,-0.558827478796,-0.716456962359,5,823
555,1,-2.86902083,,2.0,0.017017017017,0,-2.99489545873,1.11566554619,5,145
556,1,1.54900574149,,6.0,0.013013013013,0,-1.07572663314,-0.223814359085,5,150
557,1,5.19578160048,1.0,12.0,0.017017017017,0,0.64870747168,-1.75034081456,5,715
558,1,3.89772416971,0.0,8.0,0.013013013013,0,-0.5616735636,0.582744860507,5,609
559,1,3.43461278013,0.0,5.0,0.018018018018,0,-0.319964187902,-0.605494656164,5,187
560,1,0.917921610652,,10.0,0.015015015015,0,-1.25215657853,-0.325608653766,5,679
561,1,6.17906799372,6.0,7.0,0.013013013013,1,0.322718333525,0.210912993147,5,439
562,1,4.48396285651,,7.0,0.015015015015,0,-0.29371620091,0.365111459236,5,407
563,1,2.40409278478,1.0,6.0,0.016016016016,0,-0.841764124388,-0.0706148420562,5,209
564,1,6.58520943215,6.0,7.0,0.013013013013,1,0.094597978906,1.30141549544,5,566
565,1,5.31971298923,1.0,13.0,0.017017017017,0,0.48535186359,-1.13634260154,5,877
566,1,4.30079870564,3.0,12.0,0.014014014014,0,-0.0553109110555,-0.533268561197,5,773
567,1,4.42033773887,1.0,7.0,0.011011011011,0,-0.0587347008392,-0.403458158614,5,483
568,1,8.38291238818,0.0,9.0,0.013013013013,0,1.09664005384,0.0929922266562,5,505
569,1,-1.3078788162,,1.0,0.017017017017,0,-1.677168752,-1.27637256019,5,39
570,1,6.60881587307,,10.0,0.018018018018,0,0.304333267389,0.695816070905,5,402
571,1,11.3349336237,11.0,13.0,0.015015015015,0,1.71336344164,1.19484329876,5,970
572,1,7.16296836854,2.0,11.0,0.011011011011,0,0.771768866013,-0.1523382295,5,969
573,1,5.66384642461,2.0,11.0,0.013013013013,0,-0.0297995213931,0.753244988789,5,577
574,1,10.5768492202,9.0,13.0,0.013013013013,0,1.94507487287,-0.25837539842,5,968
575,1,9.60438247067,9.0,10.0,0.013013013013,1,1.67116682209,-0.409117995603,5,791
576,1,2.83909323526,,3.0,0.014014014014,0,-0.699750558514,-0.0616550891995,5,67
577,1,0.678390064637,0.0,1.0,0.017017017017,1,-1.88934884019,1.34643658521,5,75
578,1,3.92755937311,,4.0,0.011011011011,0,-0.261716671133,-0.287290613489,5,123
579,1,9.06233497463,2.0,10.0,0.013013013013,0,1.19533365681,0.47633400419,5,700
580,1,6.66148780938,5.0,7.0,0.013013013013,0,0.591216741916,-0.112162416372,5,264
581,1,3.67275251815,3.0,13.0,0.018018018018,0,-0.689936864751,0.742563112398,5,860
582,1,0.936742491667,,1.0,0.011011011011,0,-1.4074393839,0.159060643381,5,346
583,1,5.44113725358,3.0,16.0,0.016016016016,0,0.24024966796,-0.279611750299,5,947
584,1,4.22969675126,0.0,6.0,0.012012012012,0,-0.590151689694,1.00015182034,5,444
585,1,5.16006410085,,8.0,0.014014014014,0,-0.247548686087,0.902710159114,5,332
586,1,5.22513722096,4.0,8.0,0.014014014014,0,0.408809352352,-1.0012908361,5,454
587,1,1.3123137531,,2.0,0.014014014014,0,-1.09472929647,-0.403498357484,5,178
588,1,9.71205022868,8.0,13.0,0.013013013013,0,0.724100042548,2.53975010103,5,940
589,1,2.33792411005,1.0,7.0,0.015015015015,0,-0.8400886545,-0.141809926454,5,254
590,1,0.664384984815,0.0,1.0,0.013013013013,1,-1.28652742971,-0.476032726054,5,34
591,1,5.44733491936,2.0,13.0,0.014014014014,0,0.195339197405,-0.138682672852,5,913
592,1,1.57346970513,1.0,4.0,0.019019019019,0,-1.3740409536,0.695592565913,5,76
593,1,9.08254451634,8.0,10.0,0.01001001001,0,1.27455361193,0.25888368056,5,421
594,1,2.35300264045,1.0,5.0,0.014014014014,0,-0.803917433721,-0.235245058384,5,206
595,1,1.69548808459,,10.0,0.014014014014,0,-0.908501145286,-0.579008479548,5,471
596,1,6.32076073524,4.0,9.0,0.012012012012,0,0.442312492089,-0.00617674102388,5,453
597,1,5.61581959176,1.0,6.0,0.01001001001,0,0.0903113294003,0.344885603555,5,213
598,1,4.84957098748,1.0,5.0,0.012012012012,0,-0.363646336869,0.940509998085,5,227
599,1,8.0285320953,8.0,15.0,0.016016016016,0,0.657777093644,1.05520081437,5,783
600,1,5.08182742407,3.0,6.0,0.013013013013,0,-0.0282891312307,0.166694817765,5,336
601,1,7.27095267392,5.0,10.0,0.01001001001,0,0.811965557299,-0.164943997978,5,910
602,1,1.1382655222,1.0,2.0,0.011011011011,1,-1.13790492873,-0.448019691622,5,304
603,1,7.53914190348,5.0,11.0,0.013013013013,0,0.725908574502,0.361416179971,5,793
604,1,8.16545070199,0.0,11.0,0.014014014014,0,0.889620881593,0.496588057212,5,816
605,1,5.77904352489,2.0,6.0,0.014014014014,0,0.366171236085,-0.319470183362,5,516
606,1,8.01003286892,8.0,10.0,0.01001001001,0,1.18376363999,-0.541258051052,5,954
607,1,9.05720355684,8.0,11.0,0.014014014014,0,1.00218382135,1.0506520928,5,817
608,1,9.9270227613,0.0,12.0,0.012012012012,0,1.36538321477,0.830873116999,5,814
609,1,5.9323578506,1.0,13.0,0.015015015015,0,0.133061158634,0.533174374701,5,779
610,1,11.1548639079,9.0,12.0,0.015015015015,0,2.13237089296,-0.242248771028,5,752
611,1,3.06763101524,,6.0,0.012012012012,0,-0.934918052599,0.872385173038,5,372
612,1,4.27169889956,4.0,8.0,0.016016016016,0,-0.464366874144,0.664799521991,5,327
613,1,3.24027212481,,9.0,0.015015015015,0,-0.978443056444,1.17560129414,5,714
614,1,0.998401553412,,4.0,0.014014014014,0,-1.5548507787,0.662953889518,5,285
615,1,7.4787129462,6.0,12.0,0.016016016016,0,0.984102818741,-0.473595510022,5,748
616,1,6.27200407581,4.0,10.0,0.011011011011,0,0.298251842008,0.377248549782,5,841
617,1,5.59329544538,,11.0,0.013013013013,0,-0.0148183506853,0.637750497435,5,902
618,1,5.75062072652,0.0,8.0,0.01001001001,0,0.454813894147,-0.613820955925,5,790
619,1,5.67187340135,4.0,10.0,0.015015015015,0,0.0311343142234,0.578470458676,5,699
620,1,5.48060132722,5.0,6.0,0.014014014014,1,0.128953233043,0.09374162809,5,396
621,1,2.39204935694,1.0,4.0,0.013013013013,0,-0.880463026631,0.0334384368312,5,179
622,1,8.65198879159,8.0,13.0,0.013013013013,0,1.29613293642,-0.236410017676,5,931
623,1,9.61568888934,9.0,10.0,0.01001001001,1,1.58238350022,-0.131461611335,5,881
624,1,6.05992042137,5.0,8.0,0.011011011011,0,0.303342790939,0.149892048551,5,751
625,1,4.59044844927,4.0,11.0,0.011011011011,0,-0.0755724982507,-0.182834055974,5,898
626,1,6.38167041985,3.0,13.0,0.013013013013,0,0.0149958565362,1.33668285024,5,864
627,1,2.67542072664,1.0,3.0,0.01001001001,0,-0.746401032582,-0.0853761756113,5,148
628,1,4.15510064766,1.0,11.0,0.011011011011,0,-0.350071289948,0.205314517508,5,928
629,1,3.90959433161,3.0,9.0,0.013013013013,0,0.0231035354448,-1.15971627473,5,501
630,1,12.2018424268,9.0,13.0,0.013013013013,0,2.2968945905,0.311158655324,5,961
631,1,-1.17128968146,,0.0,0.014014014014,1,-2.1865683036,0.388415229337,5,35
632,1,5.5432442772,0.0,8.0,0.01001001001,0,0.018960397416,0.486363084949,5,586
633,1,7.54279840428,6.0,9.0,0.011011011011,0,0.828880758247,0.0561561295436,5,641
634,1,2.54827175496,0.0,3.0,0.011011011011,0,-0.801598047989,-0.0469341010703,5,166
635,1,-0.191885754369,,0.0,0.012012012012,1,-1.7715808797,0.122856884737,5,13
636,1,6.83747498111,5.0,10.0,0.012012012012,0,-0.251805920275,2.59289274193,5,701
637,1,2.06176243832,2.0,3.0,0.01001001001,1,-1.2327361421,0.759970864625,5,297
638,1,5.4623808337,4.0,10.0,0.012012012012,0,-0.345475156728,1.49880630388,5,777
639,1,10.5355980349,7.0,11.0,0.012012012012,0,2.41896322917,-1.72129165263,5,889
640,1,3.86212336437,2.0,11.0,0.014014014014,0,0.10123337663,-1.44157676552,5,556
641,1,1.37377004153,,7.0,0.011011011011,0,-1.2429043299,0.102483031216,5,521
642,1,-0.613865702169,,3.0,0.011011011011,0,-1.56545870866,-0.917489576199,5,428
643,1,5.9748847697,5.0,6.0,0.012012012012,1,0.429578202718,-0.313849838453,5,570
644,1,6.5697512662,5.0,15.0,0.017017017017,0,0.563618520277,-0.121104294627,5,925
645,1,6.28842028078,5.0,7.0,0.013013013013,0,0.241449613794,0.564071439399,5,185
646,1,6.97152070449,3.0,10.0,0.019019019019,0,0.54876664781,0.325220761055,5,538
647,1,8.63156327794,7.0,13.0,0.013013013013,0,1.42550213647,-0.644943131461,5,980
648,1,3.63320864582,0.0,5.0,0.012012012012,0,-0.158582674527,-0.8910433306,5,351
649,1,1.81685117598,1.0,11.0,0.011011011011,0,-0.902118958985,-0.476791947068,5,854
650,1,7.87737590186,5.0,8.0,0.01001001001,0,0.840982770908,0.354427589133,5,479
651,1,-0.602304960518,,16.0,0.019019019019,0,-2.2701585753,1.20817076539,5,893
652,1,5.39729539727,3.0,10.0,0.012012012012,0,0.406241654157,-0.821429565203,5,927
653,1,1.58956267922,,2.0,0.011011011011,0,-1.04261003504,-0.282607215652,5,143
654,1,6.08875620255,6.0,8.0,0.011011011011,0,0.19550461933,0.502242344559,5,785
655,1,1.57282523378,0.0,3.0,0.011011011011,0,-1.22690861848,0.253551089233,5,231
656,1,2.80714246727,0.0,10.0,0.012012012012,0,-0.664397108002,-0.19966620872,5,534
657,1,3.92326628733,2.0,9.0,0.014014014014,0,-0.627651032257,0.806219384101,5,406
658,1,0.690263472913,,1.0,0.01001001001,0,-1.24401760534,-0.577683711074,5,57
659,1,4.32172723377,3.0,7.0,0.012012012012,0,0.384735050689,-1.8324779183,5,560
660,1,5.61821645333,1.0,6.0,0.012012012012,0,0.458764806408,-0.758077965889,5,363
661,1,10.4923253403,8.0,11.0,0.011011011011,0,1.64925503083,0.544560247846,5,909
662,1,4.66205726131,,11.0,0.012012012012,0,-0.589188422741,1.42962252954,5,758
663,1,7.93566900329,5.0,13.0,0.014014014014,0,1.0150442292,-0.109463684314,5,819
664,1,6.98154305164,2.0,8.0,0.012012012012,0,0.592049823616,0.20539358079,5,580
665,1,-0.148929794186,,5.0,0.011011011011,0,-1.71826970829,0.00587933067136,5,133
666,1,6.63942035039,,13.0,0.013013013013,0,0.979256171235,-1.29834816331,5,866
667,1,7.79931171115,6.0,10.0,0.01001001001,0,0.613309369604,0.959383602336,5,914
668,1,5.40816522979,,10.0,0.01001001001,0,-0.0486623208703,0.554152192401,5,800
669,0,11.9525980398,11.0,,0.011011011011,0,2.33570383905,-0.054513477299,5,331
670,1,1.00101591302,1.0,3.0,0.012012012012,0,-0.992011772309,-1.02294877005,5,101
671,1,10.0552749585,6.0,11.0,0.011011011011,0,1.16696760412,1.55437214611,5,892
672,1,-1.43528959763,,0.0,0.015015015015,1,-2.19306814508,0.143914837603,5,2
673,1,3.64611235953,3.0,4.0,0.011011011011,1,-0.351837430722,-0.298375348301,5,220
674,1,1.63501013053,0.0,6.0,0.01001001001,0,-1.45234322118,0.992039794076,5,491
675,1,6.87367985563,4.0,10.0,0.01001001001,0,0.537659001347,0.26070285159,5,598
676,1,8.48517025834,8.0,13.0,0.014014014014,0,1.29229445314,-0.391713101075,5,781
677,1,-0.707777694046,,0.0,0.01001001001,1,-2.1025996287,0.600021192059,5,17
678,1,0.16420594093,0.0,3.0,0.011011011011,0,-1.33704147796,-0.824669625198,5,217
679,1,1.79301747183,0.0,4.0,0.013013013013,0,-1.25656906165,0.562724656767,5,250
680,1,8.75675840511,8.0,10.0,0.01001001001,0,1.40276738449,-0.451543748358,5,935
681,1,4.05138448873,2.0,13.0,0.013013013013,0,-0.223111935733,-0.279279704068,5,806
682,1,6.08878642498,4.0,7.0,0.013013013013,0,0.574512875704,-0.634752202133,5,544
683,1,4.25188228617,0.0,11.0,0.011011011011,0,-0.577983718784,0.985833442525,5,742
684,1,1.77879285814,0.0,6.0,0.013013013013,0,-0.695711371177,-1.13407302833,5,132
685,1,2.17567022565,0.0,9.0,0.011011011011,0,-0.234128581354,-2.12194403028,5,449
686,1,3.80952581724,,11.0,0.012012012012,0,-0.431999601931,0.105524623039,5,847
687,1,4.08931059011,3.0,10.0,0.011011011011,0,-0.200340103095,-0.309669100609,5,858
688,1,4.57023241051,2.0,11.0,0.013013013013,0,0.198860020326,-1.02634765047,5,621
689,1,7.23639275433,,11.0,0.013013013013,0,0.541375390474,0.612266582907,5,558
690,1,5.46714585403,5.0,6.0,0.011011011011,1,0.166436933877,-0.0321649475986,5,499
691,1,3.52944167334,1.0,7.0,0.012012012012,0,-0.497134959527,0.0208465519244,5,523
692,1,7.43246161737,3.0,8.0,0.013013013013,0,0.422127831781,1.16607812203,5,502
693,1,2.60378843236,,5.0,0.013013013013,0,-0.351667207277,-1.34120994581,5,181
694,1,3.30082707684,1.0,7.0,0.015015015015,0,-0.82762665904,0.783707053954,5,462
695,1,4.02619324867,,8.0,0.012012012012,0,-0.250308236984,-0.222882040379,5,437
696,1,1.41436715476,0.0,2.0,0.011011011011,0,-0.919123369059,-0.828262738063,5,365
697,1,0.973352087569,0.0,1.0,0.012012012012,1,-1.37383053712,0.0948436989427,5,82
698,1,5.0477331789,5.0,7.0,0.011011011011,0,0.64694895933,-1.89311369909,5,251
699,1,5.44974321774,4.0,8.0,0.012012012012,0,0.0660342837877,0.25164036638,5,672
700,1,6.02069756003,6.0,10.0,0.011011011011,0,0.303989909848,0.108727830487,5,658
701,1,8.03067360973,,13.0,0.014014014014,0,0.723180962801,0.861130721332,5,875
702,1,2.58886769167,2.0,9.0,0.01001001001,0,-0.401056563885,-1.20796261667,5,711
703,1,8.03031565993,7.0,10.0,0.01001001001,0,1.00950118294,0.00181211112018,5,950
704,1,6.609523196,6.0,7.0,0.012012012012,1,0.454392381421,0.246346051737,5,640
705,0,11.1691123425,11.0,,0.011011011011,0,2.18845264363,-0.39624558841,5,653
706,1,7.85915897692,2.0,9.0,0.014014014014,0,1.07109606607,-0.354129221282,5,671
707,1,4.23973641397,0.0,10.0,0.012012012012,0,0.173040019426,-1.27938364431,5,692
708,1,6.38670833626,6.0,7.0,0.01001001001,1,0.384014077158,0.234666104781,5,569
709,1,3.71257582973,3.0,4.0,0.011011011011,1,-0.16052892339,-0.8058374001,5,274
710,1,6.66195611755,4.0,9.0,0.01001001001,0,0.41831255462,0.40701845369,5,659
711,1,2.66828192573,,3.0,0.01001001001,0,-0.731186176068,-0.138159546066,5,249
712,1,2.10471254034,2.0,4.0,0.012012012012,0,-0.925699323782,-0.11818948831,5,170
713,1,3.46694072119,2.0,8.0,0.01001001001,0,-0.0268261945796,-1.45258069507,5,787
714,1,6.08729296085,6.0,9.0,0.011011011011,0,-0.0594685356879,1.26569856792,5,662
715,1,2.58150406976,2.0,3.0,0.01001001001,1,-0.485566753764,-0.961795668943,5,106
716,1,5.20287023651,5.0,12.0,0.013013013013,0,0.0362377962139,0.0941568478648,5,941
717,1,1.10704999309,1.0,4.0,0.011011011011,0,-1.14699076683,-0.451977706431,5,288
718,1,8.96535405143,8.0,13.0,0.014014014014,0,1.4140103786,-0.276677084384,5,920
719,1,5.73468419695,1.0,7.0,0.01001001001,0,0.294849510872,-0.149864335662,5,674
720,1,9.81782051195,9.0,12.0,0.014014014014,0,1.52850889242,0.232293834686,5,962
721,1,6.00103474949,4.0,7.0,0.01001001001,0,0.402144431791,-0.205398545883,5,276
722,1,3.49571636188,0.0,5.0,0.011011011011,0,-0.497574358573,-0.0115605624014,5,215
723,1,0.363895039849,,2.0,0.012012012012,0,-1.14315194755,-1.2066491175,5,25
724,1,1.64462055208,,4.0,0.011011011011,0,-1.37614157511,0.773045277419,5,160
725,1,8.86100636251,3.0,13.0,0.013013013013,0,1.35360995752,-0.199823510037,5,966
726,1,1.47813166907,0.0,2.0,0.011011011011,0,-1.2623168482,0.265082213675,5,168
727,1,2.62388924315,,8.0,0.011011011011,0,-0.783760463217,-0.0248293672023,5,764
728,1,3.06116089291,3.0,9.0,0.013013013013,0,-0.390250978233,-0.768086172388,5,689
729,1,7.31373019651,7.0,8.0,0.011011011011,1,1.05647742269,-0.85570207157,5,511
730,1,7.45966645427,6.0,10.0,0.01001001001,0,1.31680938508,-1.49076170096,5,844
731,1,7.00883225368,7.0,10.0,0.01001001001,0,0.506133600215,0.490431453032,5,976
732,1,2.50749746211,0.0,7.0,0.00900900900901,0,-0.646706453145,-0.55238317846,5,503
733,1,3.26809514502,2.0,6.0,0.011011011011,0,-0.592184214284,0.0446477878678,5,524
734,1,3.26187346091,0.0,4.0,0.012012012012,0,-0.835486955878,0.768334328544,5,313
735,1,3.77023003121,3.0,8.0,0.011011011011,0,-0.206059298998,-0.611592071801,5,599
736,1,9.60534096571,9.0,11.0,0.011011011011,0,1.39807641034,0.4111117347,5,978
737,1,3.78016396197,2.0,8.0,0.013013013013,0,-0.391224161808,-0.0461635526061,5,834
738,1,3.3756549695,1.0,6.0,0.011011011011,0,-0.383190803867,-0.474772618897,5,429
739,1,0.234559607895,0.0,11.0,0.012012012012,0,-1.48647715486,-0.306008927527,5,725
740,1,7.9339856276,7.0,13.0,0.013013013013,0,1.34916124241,-1.11349809964,5,983
741,1,2.74069941761,2.0,6.0,0.013013013013,0,-0.91656074375,0.490381648861,5,639
742,1,5.91923233995,,6.0,0.01001001001,0,0.571967504243,-0.796670172779,5,417
743,1,3.83369052151,1.0,7.0,0.012012012012,0,-0.334599849423,-0.162509930227,5,460
744,1,7.12584297304,,9.0,0.011011011011,0,0.989555971657,-0.842824941929,5,597
745,1,5.35679708786,,10.0,0.011011011011,0,0.490931545408,-1.11599754836,5,630
746,1,3.04726482466,3.0,5.0,0.01001001001,0,-0.287574321107,-1.09001221202,5,247
747,1,3.43528527073,1.0,5.0,0.012012012012,0,-0.384036872231,-0.412604112577,5,529
748,1,4.93096701709,4.0,7.0,0.01001001001,0,0.238661748428,-0.785018228193,5,467
749,1,3.13695481965,3.0,6.0,0.011011011011,0,-0.730942300269,0.329781720457,5,389
750,1,3.89364707141,3.0,6.0,0.01001001001,0,-0.415862100538,0.141233373022,5,246
751,1,1.78531427091,0.0,10.0,0.011011011011,0,-1.02471053623,-0.140554120412,5,923
752,1,4.73182065362,0.0,6.0,0.015015015015,0,-0.0304458924529,-0.176841669019,5,504
753,1,5.51300614406,,7.0,0.017017017017,0,0.294301274371,-0.369897679057,5,337
754,1,6.06957054808,3.0,8.0,0.011011011011,0,0.636127475332,-0.838811877919,5,755
755,1,3.33502849304,2.0,8.0,0.012012012012,0,-0.292167027615,-0.78847042411,5,768
756,1,9.0411820606,9.0,10.0,0.012012012012,1,1.302068171,0.134977547604,5,739
757,1,3.1479597996,,8.0,0.016016016016,0,-0.926587481559,0.927722244272,5,464
758,1,2.87161090005,0.0,3.0,0.013013013013,0,-0.716526258709,0.0211896761783,5,234
759,1,4.00097262927,2.0,7.0,0.011011011011,0,-0.206126685413,-0.380647314489,5,526
760,1,6.17311133266,6.0,7.0,0.01001001001,1,0.235091991279,0.467835358827,5,581
761,1,1.53211469366,0.0,3.0,0.012012012012,0,-0.991135108418,-0.494479981087,5,108
762,1,1.6261927398,0.0,4.0,0.012012012012,0,-1.42174226624,0.891419538511,5,530
763,1,10.9367951889,9.0,11.0,0.011011011011,0,1.49103292804,1.46369640478,5,951
764,1,9.43868173757,9.0,11.0,0.011011011011,0,1.31008478091,0.508427394848,5,967
765,1,1.52576992654,0.0,5.0,0.012012012012,0,-0.82389314284,-1.00255064495,5,224
766,1,7.42176147444,7.0,10.0,0.012012012012,0,1.21231012497,-1.21516890046,5,665
767,1,3.36126693117,0.0,4.0,0.011011011011,0,-0.116639916745,-1.2888133186,5,158
768,1,9.55295490985,9.0,11.0,0.011011011011,0,1.58705293532,-0.208203896123,5,952
769,1,2.75814392872,,4.0,0.012012012012,0,-0.662827051359,-0.2533749172,5,85
770,1,5.58449627505,5.0,10.0,0.012012012012,0,0.32882684127,-0.401984248763,5,843
771,1,6.23297248036,4.0,8.0,0.011011011011,0,0.899412699437,-1.46526561795,5,915
772,1,4.17344748401,4.0,5.0,0.011011011011,1,-0.280586471683,0.0152068990563,5,310
773,1,6.46782075116,1.0,11.0,0.011011011011,0,0.455182551946,0.10227309532,5,810
774,1,3.12834961265,3.0,5.0,0.012012012012,0,-0.229475125036,-1.18322501224,5,199
775,1,-0.105820428986,,0.0,0.011011011011,1,-1.43188011351,-0.810180088442,5,20
776,1,10.1465542678,10.0,11.0,0.013013013013,1,1.45833843047,0.7715389764,5,916
777,1,10.9139246598,10.0,12.0,0.012012012012,0,1.90210780825,0.207601235078,5,942
778,1,1.11206036987,,6.0,0.01001001001,0,-1.13928930751,-0.470071707601,5,182
779,1,-3.12408996404,,2.0,0.013013013013,0,-2.70627586058,-0.00526238230689,5,50
780,1,3.50071212834,1.0,8.0,0.012012012012,0,-0.535963241001,0.108601851342,5,525
781,1,8.52836152832,4.0,9.0,0.011011011011,0,0.860260665268,0.947579532515,5,680
782,1,8.66052173441,7.0,10.0,0.012012012012,0,0.889629423201,0.991633464806,5,718
783,1,7.95288778241,4.0,8.0,0.01001001001,0,0.977379401069,0.0207495792047,5,729
784,1,1.51574661142,1.0,2.0,0.012012012012,1,-1.20416820397,0.128251223337,5,193
785,1,9.20026889176,9.0,11.0,0.011011011011,0,1.1893373608,0.632256809359,5,945
786,1,3.62102315273,2.0,5.0,0.01001001001,0,-0.257816519034,-0.605527290164,5,607
787,1,5.85189837849,5.0,6.0,0.012012012012,1,0.152601618279,0.394093523656,5,223
788,1,4.15774975808,2.0,6.0,0.013013013013,0,-0.507585071995,0.680504974059,5,273
789,1,4.22119835707,3.0,6.0,0.011011011011,0,-0.107963613798,-0.454910801531,5,359
790,1,4.93827225,2.0,13.0,0.016016016016,0,0.0600101383,-0.241758164905,5,933
791,0,10.0717178829,10.0,,0.011011011011,0,1.49438652983,0.588558293442,5,200
792,1,9.65306401097,4.0,10.0,0.011011011011,0,1.22525776945,0.97729070261,5,550
793,1,3.6043190004,3.0,6.0,0.011011011011,0,-0.635435217305,0.51062465231,5,555
794,1,5.72412045034,0.0,6.0,0.011011011011,0,0.272608204836,-0.0937041641713,5,236
795,1,6.17981191901,1.0,7.0,0.01001001001,0,1.0365351387,-1.9297934971,5,207
796,1,7.2971684719,5.0,8.0,0.01001001001,0,0.536946701441,0.686328367574,5,822
797,1,3.04648666432,1.0,5.0,0.01001001001,0,-0.747581388813,0.28923083076,5,344
798,1,4.42830240915,2.0,5.0,0.01001001001,0,-0.430478021015,0.719736472195,5,374
799,1,3.85536252436,1.0,8.0,0.01001001001,0,-0.371079449415,-0.0313991273965,5,559
800,1,2.61612111874,2.0,12.0,0.012012012012,0,-0.599005973586,-0.5868609605,5,801
801,1,-0.934185167669,,0.0,0.01001001001,1,-2.33286661442,1.06441467561,5,1
802,1,6.37692720429,,9.0,0.011011011011,0,0.0896547731681,1.10796288478,5,611
803,1,9.35984402341,9.0,10.0,0.01001001001,1,1.21960353654,0.70103341379,5,987
804,1,0.575289600962,0.0,2.0,0.011011011011,0,-1.68144057214,0.619611317387,5,115
805,1,2.78726034588,0.0,4.0,0.01001001001,0,-0.618774791992,-0.356415278143,5,242
806,1,0.807816519186,,1.0,0.01001001001,0,-1.28399703077,-0.340192388509,5,24
807,1,2.14702591012,,5.0,0.01001001001,0,-1.17076517106,0.659321423292,5,343
808,1,5.42751728257,5.0,7.0,0.01001001001,0,0.118559131713,0.0718398874337,5,704
809,1,-0.353324960386,,0.0,0.011011011011,1,-1.422394143,-1.0861425314,5,22
810,1,8.90536800723,8.0,9.0,0.01001001001,1,1.42777048083,-0.377943435264,5,882
811,1,5.55121829336,5.0,6.0,0.011011011011,1,0.542219557807,-1.07544038006,5,635
812,1,8.07421366461,7.0,10.0,0.01001001001,0,1.09719747953,-0.217378773975,5,907
813,1,-0.436449022846,,0.0,0.01001001001,1,-1.92443765335,0.336863937192,5,41
814,1,2.14001635792,1.0,3.0,0.013013013013,0,-0.963943325422,0.0318463341844,5,248
815,1,7.90202832483,5.0,9.0,0.013013013013,0,0.533947147002,1.30018688382,5,294
816,1,2.72131286065,1.0,5.0,0.011011011011,0,-0.956907442132,0.59203518705,5,489
817,1,6.49725628684,0.0,8.0,0.011011011011,0,0.196640292956,0.907335407973,5,746
818,1,3.53485924445,3.0,5.0,0.011011011011,0,-0.705313678453,0.650800279806,5,317
819,1,2.57290088957,2.0,3.0,0.012012012012,1,-0.561054138197,-0.743936695842,5,134
820,1,4.79592816203,0.0,5.0,0.01001001001,0,-0.266762074469,0.596214385435,5,509
821,1,-0.557406996013,,0.0,0.01001001001,1,-1.66785445744,-0.553843623679,5,28
822,1,9.81705690587,9.0,10.0,0.011011011011,1,1.50772755255,0.293874248223,5,842
823,1,9.12487962267,9.0,10.0,0.01001001001,1,1.04992004404,0.975119490557,5,948
824,1,6.71911521334,6.0,9.0,0.011011011011,0,0.749903932582,-0.530596584405,5,576
825,1,6.98940274824,0.0,8.0,0.011011011011,0,0.562678950918,0.301365895486,5,821
826,1,3.97873118083,2.0,5.0,0.01001001001,0,-0.769780750166,1.28807343133,5,631
827,1,1.22715251935,1.0,4.0,0.01001001001,0,-0.734951996238,-1.56799149193,5,424
828,1,7.06504029793,6.0,9.0,0.011011011011,0,0.717941611895,-0.0887845377519,5,792
829,1,7.86272330286,6.0,8.0,0.011011011011,0,1.03783062974,-0.250768586373,5,568
830,1,7.52482321274,7.0,8.0,0.01001001001,1,1.19258585383,-1.05293434874,5,670
831,1,8.01195200246,3.0,9.0,0.01001001001,0,0.633236350065,1.11224295227,5,827
832,1,4.14070410369,0.0,5.0,0.011011011011,0,-0.110767111772,-0.526994560993,5,265
833,1,3.13600443302,0.0,4.0,0.013013013013,0,-0.686308818789,0.194930889391,5,172
834,1,-3.00439011812,,0.0,0.011011011011,1,-2.80455778404,0.409283233993,5,19
835,1,6.41262108745,3.0,7.0,0.011011011011,0,0.541449627533,-0.211727795153,5,473
836,1,4.5998354062,0.0,5.0,0.011011011011,0,-0.45910420349,0.977148016673,5,161
837,1,4.61094844932,2.0,5.0,0.01001001001,0,-0.271859372452,0.426526566679,5,433
838,1,8.96364574231,8.0,9.0,0.01001001001,1,1.26277846276,0.175310354045,5,963
839,1,2.27501683557,0.0,7.0,0.01001001001,0,-1.0497436687,0.42424784167,5,423
840,1,8.46684478744,6.0,9.0,0.011011011011,0,1.50719922168,-1.0547528776,5,788
841,1,5.16652346712,0.0,6.0,0.01001001001,0,-0.222368826012,0.833629945152,5,330
842,1,5.96450108399,4.0,9.0,0.011011011011,0,0.469499929574,-0.443998704733,5,624
843,1,0.671418920109,0.0,4.0,0.011011011011,0,-1.47360121083,0.0922225525915,5,287
844,1,3.93954017835,,4.0,0.011011011011,0,-0.116670649896,-0.710447871966,5,506
845,0,13.4418221999,11.0,,0.011011011011,0,2.50046422539,0.940429523714,5,952
846,1,4.1869563294,2.0,5.0,0.011011011011,0,0.233466279925,-1.51344251037,5,419
847,1,6.84937115687,1.0,7.0,0.01001001001,0,0.896663725283,-0.84062001898,5,673
848,1,5.87965149227,2.0,7.0,0.011011011011,0,0.241796497214,0.154262000625,5,573
849,1,8.57102081503,7.0,9.0,0.01001001001,0,1.64675434838,-1.36924223012,5,897
850,1,6.64216213762,1.0,8.0,0.01001001001,0,0.204029823551,1.03007266696,5,637
851,1,6.83206869363,2.0,8.0,0.01001001001,0,0.771715771209,-0.483078619993,5,646
852,1,6.83357652981,5.0,10.0,0.011011011011,0,0.738843133413,-0.382952870432,5,919
853,1,3.26600081036,3.0,12.0,0.014014014014,0,-0.78523251182,0.621698345824,5,774
854,1,7.69993020141,7.0,10.0,0.011011011011,0,1.09442369279,-0.583340876954,5,627
855,1,3.37847379097,0.0,10.0,0.01001001001,0,-0.327675665021,-0.638499213963,5,872
856,1,9.61163909984,9.0,10.0,0.011011011011,1,1.86975614125,-0.997629323904,5,873
857,1,3.81236392444,0.0,8.0,0.011011011011,0,0.146113413444,-1.62597631589,5,706
858,1,2.3226378447,2.0,3.0,0.012012012012,1,-0.954995759622,0.187625123564,5,99
859,1,4.4614390285,3.0,5.0,0.01001001001,0,-0.0372039313105,-0.426949177572,5,226
860,1,6.20103468032,6.0,10.0,0.012012012012,0,1.16298473681,-2.28791953012,5,972
861,1,2.3412093801,,4.0,0.01001001001,0,-1.04325489693,0.470974070882,5,316
862,1,5.93093266106,5.0,8.0,0.011011011011,0,0.191650042764,0.355982532766,5,713
863,1,6.05808348293,6.0,8.0,0.01001001001,0,0.313855405654,0.116517265967,5,698
864,1,6.78816609694,3.0,7.0,0.01001001001,0,0.565517172287,0.0916145800742,5,602
865,1,3.20591474278,,8.0,0.011011011011,0,-0.451037501482,-0.440972752779,5,430
866,1,3.15606049429,3.0,10.0,0.012012012012,0,-0.630159493467,0.0465389746955,5,855
867,1,3.94332842466,3.0,6.0,0.01001001001,0,-0.0422245636422,-0.929997884417,5,477
868,1,2.18884179915,0.0,4.0,0.011011011011,0,-1.27094486684,1.00167639965,5,520
869,1,7.65674450724,5.0,9.0,0.01001001001,0,0.682527466755,0.609162106978,5,753
870,1,4.54152949116,0.0,5.0,0.012012012012,0,-0.467850445756,0.945080828432,5,400
871,1,5.43476075606,3.0,8.0,0.011011011011,0,0.352184902041,-0.62179395006,5,789
872,0,10.9027621872,10.0,,0.01001001001,0,1.5549464449,1.23792285251,5,465
873,1,1.46347774949,,8.0,0.011011011011,0,-1.07091341827,-0.323781995711,5,663
874,1,8.59129313633,5.0,9.0,0.011011011011,0,1.20669595891,-0.0287947403922,5,638
875,1,3.52443719815,3.0,7.0,0.011011011011,0,-0.610330721174,0.355429361675,5,398
876,1,5.03540427624,3.0,8.0,0.011011011011,0,-0.10199428485,0.341387130785,5,799
877,1,8.57061486356,8.0,10.0,0.01001001001,0,1.33955496858,-0.448050042164,5,912
878,1,3.74569479255,1.0,7.0,0.00900900900901,0,-0.546262983424,0.384483742826,5,591
879,1,4.18634252955,,11.0,0.012012012012,0,-0.414405245166,0.429558265044,5,917
880,1,1.68741545355,1.0,2.0,0.01001001001,1,-1.07851497988,-0.077039606794,5,109
881,1,7.8307575704,2.0,9.0,0.011011011011,0,0.99894235176,-0.166069484878,5,871
882,1,7.83170924146,,9.0,0.01001001001,0,1.12189709182,-0.53398203399,5,938
883,0,14.5238979564,10.0,,0.01001001001,0,3.0069340065,0.503095936902,5,814
884,1,8.33362931011,5.0,9.0,0.01001001001,0,0.884980799646,0.678686911172,5,836
885,1,10.7026409314,9.0,11.0,0.012012012012,0,2.22694240161,-0.978186273402,5,953
886,1,5.7781637835,0.0,7.0,0.01001001001,0,-0.121788461002,1.14352916651,5,702
887,1,6.16022826847,2.0,7.0,0.01001001001,0,0.443668800878,-0.170778134162,5,613
888,1,9.50331942836,7.0,11.0,0.011011011011,0,1.41576277982,0.256031088889,5,859
889,1,8.0879042462,7.0,9.0,0.01001001001,0,1.49422003571,-1.39475586094,5,850
890,1,4.12724037938,4.0,5.0,0.011011011011,1,-0.50241866481,0.634496373811,5,322
891,1,5.59467348582,2.0,8.0,0.01001001001,0,-0.340252525127,1.6154310612,5,835
892,1,9.75053876873,9.0,10.0,0.011011011011,1,1.83550258297,-0.755968980185,5,886
893,1,7.28015695406,6.0,8.0,0.01001001001,0,0.939017818655,-0.536896501901,5,884
894,1,7.24785955778,0.0,8.0,0.01001001001,0,0.438058064712,0.933685363647,5,825
895,1,6.78190680294,,9.0,0.01001001001,0,0.351150831875,0.728454307312,5,795
896,1,4.61827148016,4.0,10.0,0.01001001001,0,-0.870563499857,2.22996197973,5,906
897,1,-1.24951862609,,0.0,0.012012012012,1,-2.17560418059,0.277293915676,5,6
898,1,3.31235795289,3.0,4.0,0.011011011011,1,-0.937436661031,1.12466793598,5,188
899,1,9.82085435188,9.0,10.0,0.011011011011,1,1.23532633464,1.11487534797,5,965
900,1,3.57910161291,2.0,4.0,0.011011011011,0,-0.738289626872,0.79397049353,5,271
901,1,9.96864923103,9.0,11.0,0.011011011011,0,1.65273476585,0.0104449334914,5,984
902,1,4.25713413226,,10.0,0.012012012012,0,-0.0312600667769,-0.64908566741,5,675
903,1,5.82728151727,3.0,9.0,0.011011011011,0,0.282838321868,-0.0212334483374,5,809
904,1,2.43913229572,2.0,3.0,0.01001001001,1,-1.11293447703,0.777935726811,5,210
905,1,1.85563323943,0.0,8.0,0.01001001001,0,-0.926850585934,-0.363815002769,5,703
906,1,7.24957255413,6.0,8.0,0.01001001001,0,0.819910617105,-0.210159297181,5,771
907,1,9.65012101928,8.0,10.0,0.01001001001,0,1.41304293677,0.41099220898,5,839
908,1,2.48364839581,1.0,5.0,0.01001001001,0,-0.496281308268,-1.02750767939,5,531
909,1,8.80675943685,8.0,10.0,0.01001001001,0,1.32081000091,-0.155670565892,5,894
910,1,5.16109208069,5.0,8.0,0.011011011011,0,-0.359601816732,1.23989753089,5,571
911,1,5.57937387341,1.0,6.0,0.01001001001,0,0.291233693547,-0.294327207234,5,382
912,1,2.20715281572,1.0,8.0,0.01001001001,0,-0.938493374376,0.022632938846,5,610
913,1,6.88919838072,5.0,8.0,0.01001001001,0,0.718075969873,-0.265029528898,5,695
914,1,3.40221609633,2.0,4.0,0.011011011011,0,0.028591612547,-1.68355874132,5,175
915,1,2.23978270429,0.0,7.0,0.011011011011,0,-0.744071403586,-0.528003084949,5,111
916,1,2.66884733788,1.0,6.0,0.01001001001,0,-0.735759597916,-0.123873868371,5,647
917,1,4.86861614088,0.0,6.0,0.01001001001,0,0.259527876464,-0.909967488509,5,458
918,1,2.63352674489,2.0,3.0,0.01001001001,1,-0.616804853207,-0.516058695484,5,63
919,1,3.67922245293,3.0,4.0,0.01001001001,1,-0.40189504099,-0.115092424102,5,376
920,1,5.75568445468,0.0,9.0,0.012012012012,0,0.169367439967,0.247582134776,5,626
921,1,6.23019781069,5.0,9.0,0.01001001001,0,0.58921656824,-0.537451894034,5,943
922,1,-0.705555032585,,5.0,0.01001001001,0,-2.20040424486,0.895657702004,5,116
923,1,2.57478195416,,7.0,0.01001001001,0,-0.652742640258,-0.466990125069,5,633
924,1,3.84879471703,2.0,8.0,0.01001001001,0,-0.656533149274,0.818394164856,5,644
925,1,2.83011757942,1.0,5.0,0.01001001001,0,-0.684044632972,-0.117748521662,5,393
926,1,9.15932853743,9.0,10.0,0.01001001001,1,1.67768800382,-0.873735474024,5,896
927,0,9.46694074961,9.0,,0.01001001001,0,1.39606506429,0.278745556733,5,978
928,1,1.96658212175,0.0,2.0,0.012012012012,0,-1.21953475076,0.625186374042,5,49
929,1,5.38407043744,4.0,10.0,0.011011011011,0,0.148512596618,-0.0614673524112,5,761
930,1,8.27649317168,8.0,9.0,0.011011011011,1,0.724953893743,1.10163149046,5,900
931,1,6.93081348806,2.0,8.0,0.011011011011,0,0.792520045415,-0.446746648186,5,546
932,1,6.22703882956,6.0,9.0,0.00900900900901,0,0.388454137757,0.0616764162937,5,937
933,1,8.28061288944,8.0,9.0,0.011011011011,1,1.1884316585,-0.28468208606,5,747
934,1,6.12442590367,6.0,9.0,0.01001001001,0,0.3963320006,-0.0645700981296,5,949
935,1,4.84067722813,1.0,6.0,0.01001001001,0,-0.0843584190857,0.093752485389,5,356
936,1,1.54821053988,,3.0,0.01001001001,0,-0.889058128059,-0.784615075946,5,118
937,1,3.064294607,1.0,5.0,0.01001001001,0,-1.00831240967,1.08923183601,5,456
938,1,4.24593447676,,10.0,0.01001001001,0,-0.619732610814,1.10513230921,5,880
939,1,4.17453002479,,5.0,0.01001001001,0,-0.246256805969,-0.0866995573041,5,390
940,1,5.85289088975,4.0,9.0,0.01001001001,0,0.436559299941,-0.456787010077,5,922
941,1,3.65846644933,0.0,9.0,0.01001001001,0,-0.258312221489,-0.566596886202,5,863
942,1,5.30114847932,5.0,8.0,0.01001001001,0,0.102622498428,-0.00671901596119,5,811
943,1,-2.2126688182,,0.0,0.01001001001,1,-2.37932016287,-0.0747083295791,5,33
944,1,5.02600695122,5.0,9.0,0.01001001001,0,0.0712801535352,-0.187833509387,5,857
945,0,12.7621833988,10.0,,0.01001001001,0,2.25043534657,1.01087735911,5,894
946,1,3.12529812053,3.0,6.0,0.01001001001,0,-0.732713964301,0.323440013428,5,311
947,1,-0.596765179389,,0.0,0.01001001001,1,-1.40537840573,-1.38062996219,5,12
948,1,4.32940526929,0.0,6.0,0.011011011011,0,-0.36136080896,0.413487696171,5,325
949,1,5.26885787418,,7.0,0.01001001001,0,0.462074977237,-1.11736705753,5,342
950,1,2.78002561386,2.0,8.0,0.01001001001,0,-1.07926259742,1.01781340611,5,666
951,1,5.11219710114,4.0,6.0,0.01001001001,0,0.228836635492,-0.57431280533,5,277
952,1,0.461802386503,,1.0,0.011011011011,0,-1.28128591855,-0.69433985784,5,18
953,1,1.37836031937,1.0,4.0,0.01001001001,0,-0.899580955614,-0.922896813791,5,512
954,1,7.81192015797,4.0,9.0,0.01001001001,0,1.00290426752,-0.196792644588,5,756
955,1,9.04067189953,7.0,10.0,0.01001001001,0,1.02854877275,0.955025581286,5,805
956,1,9.86736787127,9.0,10.0,0.01001001001,1,2.20917388489,-1.76015378341,5,971
957,1,-1.5268006608,,1.0,0.01001001001,0,-2.00831385693,-0.501859090007,5,26
958,1,0.0858525339967,,3.0,0.01001001001,0,-1.00604019528,-1.89602688017,5,290
959,1,8.73327949163,8.0,10.0,0.01001001001,0,1.24966470847,-0.015714633781,5,956
960,1,5.40277408372,1.0,7.0,0.01001001001,0,0.13108613616,0.00951567524351,5,561
961,1,7.50574381731,7.0,8.0,0.01001001001,1,0.662597640835,0.517950894809,5,733
962,1,9.5057750931,9.0,10.0,0.01001001001,1,1.58138195287,-0.238370765514,5,982
963,1,8.47991742162,8.0,11.0,0.011011011011,0,1.05401203012,0.317881331254,5,977
964,1,5.14832273726,5.0,9.0,0.01001001001,0,-0.142413550522,0.575563388827,5,807
965,1,5.83731674291,5.0,6.0,0.01001001001,1,0.0857451815735,0.580081198192,5,302
966,1,4.79571712463,,6.0,0.01001001001,0,0.139811871731,-0.623718490563,5,545
967,0,13.5298659147,10.0,,0.01001001001,0,2.52418306303,0.957316725583,5,779
968,1,3.13495048678,0.0,8.0,0.011011011011,0,-0.104524157372,-1.55147704111,5,861
969,1,2.23426591039,1.0,5.0,0.01001001001,0,-0.807429369972,-0.343445979696,5,333
970,1,3.72033356371,3.0,4.0,0.01001001001,1,-0.350871827357,-0.227050954217,5,211
971,0,14.0647877007,10.0,,0.01001001001,0,2.72307546784,0.89556129719,5,956
972,1,9.81769852862,9.0,10.0,0.01001001001,1,1.31199585091,0.881710975897,5,955
973,1,6.90882798876,5.0,7.0,0.01001001001,0,0.643282896544,-0.0210207008681,5,726
974,1,6.96125152606,6.0,8.0,0.01001001001,0,0.783188214757,-0.388313118215,5,661
975,0,10.7842356127,10.0,,0.01001001001,0,1.99882252023,-0.212231948014,5,597
976,1,3.81095452201,3.0,10.0,0.01001001001,0,-0.157814533301,-0.715601878085,5,973
977,1,3.26873376001,3.0,5.0,0.01001001001,0,-0.756967073578,0.53963498075,5,303
978,1,0.706176509595,,4.0,0.01001001001,0,-1.07977527553,-1.0544976638,5,204
979,1,6.91140291376,3.0,10.0,0.01001001001,0,0.917087588473,-0.839859851655,5,930
980,1,7.90345924178,,9.0,0.01001001001,0,1.02135972271,-0.16061992635,5,802
981,1,5.7775936608,5.0,7.0,0.01001001001,0,0.185825050632,0.220118508899,5,754
982,1,7.75147235979,6.0,8.0,0.011011011011,0,1.08977787545,-0.517861266569,5,603
983,1,-0.0571215984556,,3.0,0.01001001001,0,-2.0861352651,1.20128419683,5,208
984,1,4.1871298989,3.0,7.0,0.01001001001,0,0.00754869476012,-0.835516185384,5,515
985,1,7.30288267472,7.0,9.0,0.01001001001,0,0.844080239896,-0.229358044971,5,694
986,1,6.17045233799,0.0,10.0,0.01001001001,0,0.375341494323,0.044427855019,5,769
987,0,11.1230320928,10.0,,0.01001001001,0,2.15293718653,-0.33577946683,5,298
988,1,8.11383517351,5.0,10.0,0.01001001001,0,1.33967722903,-0.905196513582,5,878
989,1,5.84592726105,4.0,7.0,0.01001001001,0,0.346396446539,-0.193262078567,5,762
990,1,1.75692576529,,3.0,0.01001001001,0,-0.879573831266,-0.604352740908,5,102
991,1,7.68293563331,3.0,10.0,0.01001001001,0,1.01386366309,-0.358655355945,5,974
992,1,-2.60357316288,,1.0,0.01001001001,0,-2.28329017815,-0.753702628445,5,44
993,1,4.14757317526,4.0,8.0,0.01001001001,0,-0.0998871806862,-0.552765282678,5,767
994,1,-3.90750289909,,2.0,0.01001001001,0,-2.75395468152,-0.645638854536,5,173
995,1,9.37368220559,8.0,10.0,0.011011011011,0,1.21905112743,0.716528823286,5,904
996,1,4.34304513517,2.0,9.0,0.01001001001,0,-0.369304444022,0.450958467234,5,924
997,1,4.0145367726,2.0,5.0,0.01001001001,0,-0.243341983658,-0.255437276421,5,452
998,1,5.47337906334,2.0,7.0,0.01001001001,0,-0.175778851372,1.00071561746,5,668
999,1,3.34095687918,3.0,6.0,0.01001001001,0,-0.0771521639401,-1.427586629,5,475
