name,activated,threshold,before_activation_alters,after_activation_alters,degree,observed,var1,epsilon,constant,activation_order
0,1,9.30941129717,9.0,20,0.02002002002,0,1.62760506867,-0.573403908843,5,967
1,1,3.40716863145,2.0,6,0.021021021021,0,-0.636575656831,0.316895601948,5,361
2,1,6.76342579721,2.0,12,0.018018018018,0,0.474055833756,0.341258295945,5,622
3,1,6.99071723475,1.0,16,0.022022022022,0,0.864496350454,-0.602771816614,5,639
4,1,9.92907434246,4.0,15,0.019019019019,0,1.14482468865,1.49460027649,5,731
5,1,3.66218968987,2.0,10,0.021021021021,0,-0.650344876285,0.613224318724,5,467
6,1,10.2717911102,0.0,11,0.02002002002,0,1.17508923927,1.74652339235,5,481
7,1,1.01984761597,1.0,3,0.019019019019,0,-1.1207648202,-0.617857923428,5,320
8,1,4.69397137501,4.0,9,0.022022022022,0,-0.253508977922,0.454498308779,5,439
9,1,4.82768395777,4.0,10,0.02002002002,0,0.113958842907,-0.514192570949,5,462
10,1,7.56582039382,2.0,20,0.021021021021,0,1.16488232034,-0.928826567208,5,947
11,1,8.94531494249,2.0,14,0.019019019019,0,1.4785019489,-0.490190904208,5,577
12,1,7.49088009723,6.0,8,0.019019019019,0,0.923978940177,-0.281056723304,5,380
13,1,2.40755197502,1.0,20,0.021021021021,0,-0.550072597612,-0.942230232144,5,778
14,1,1.77719023269,1.0,2,0.02002002002,1,-1.07788040514,0.0108314480999,5,197
15,1,-1.05661988481,,0,0.02002002002,1,-2.04953945342,0.0919984754499,5,16
16,1,3.82419519198,1.0,10,0.021021021021,0,-0.370015054156,-0.0657596455467,5,339
17,1,7.22618704999,6.0,11,0.021021021021,0,1.07026835188,-0.984618005634,5,377
18,1,4.08780138168,2.0,7,0.02002002002,0,-0.625310931204,0.963734175293,5,298
19,1,6.75525494243,3.0,18,0.02002002002,0,0.577063783484,0.0240635919761,5,637
20,1,2.34832825101,1.0,9,0.019019019019,0,-1.18777760598,0.911661068957,5,303
21,1,5.5703304914,3.0,9,0.019019019019,0,0.519988977189,-0.989636440164,5,297
22,1,4.80587496171,4.0,9,0.023023023023,0,0.145576136622,-0.630853448157,5,235
23,1,7.08218419491,2.0,16,0.019019019019,0,0.611187250742,0.248622442683,5,395
24,1,6.04708709873,5.0,9,0.02002002002,0,0.547565463951,-0.595609293119,5,219
25,1,9.48058873573,3.0,11,0.017017017017,0,1.09927795148,1.18275488128,5,296
26,1,2.70295341359,0.0,4,0.02002002002,0,-0.933903051485,0.504662568047,5,211
27,1,4.61881410114,2.0,8,0.018018018018,0,0.0663586056806,-0.580261715903,5,222
28,1,-1.45390540549,,1,0.019019019019,0,-2.07693872151,-0.223089240956,5,21
29,1,5.61221273187,,11,0.02002002002,0,0.195620529612,0.0253511430321,5,251
30,1,4.64161934027,2.0,18,0.02002002002,0,-0.413397407414,0.881811562513,5,442
31,1,-2.07807160756,,3,0.021021021021,0,-2.40807507763,0.146153625319,5,131
32,1,3.69433139464,2.0,6,0.021021021021,0,-0.542571504836,0.322045909146,5,204
33,1,1.81811134093,1.0,4,0.02002002002,0,-0.588466030635,-1.41649056717,5,187
34,1,-0.155519602612,,0,0.02002002002,1,-1.5895403402,-0.386898582018,5,11
35,1,4.87432413781,2.0,17,0.021021021021,0,-0.0371563422276,-0.0142068355072,5,615
36,1,3.3126146963,2.0,6,0.018018018018,0,-0.837193430288,0.824194987162,5,223
37,1,7.04467225807,2.0,11,0.018018018018,0,0.729399632403,-0.143526639135,5,280
38,1,6.241823328,5.0,9,0.018018018018,0,0.329046082067,0.254685081798,5,300
39,1,3.04700633904,3.0,7,0.018018018018,0,-0.371868636336,-0.837387751953,5,238
40,1,3.70073834685,2.0,4,0.02002002002,0,-0.557296281849,0.372627192393,5,146
41,1,6.7625612226,3.0,11,0.018018018018,0,0.337450651934,0.750209266799,5,399
42,1,7.35391927573,3.0,19,0.02002002002,0,0.588189987535,0.589349313124,5,855
43,1,8.55034294891,3.0,15,0.02002002002,0,0.804082306915,1.13809602817,5,571
44,1,7.80402867235,6.0,8,0.023023023023,0,0.651061070067,0.850845462151,5,237
45,1,7.96955045471,2.0,8,0.017017017017,0,0.885500928712,0.313047668578,5,378
46,1,8.54714805539,4.0,16,0.02002002002,0,0.997212389691,0.55551088632,5,446
47,1,2.23474669082,2.0,3,0.02002002002,1,-0.825754881938,-0.287988663365,5,56
48,1,4.82270467735,4.0,13,0.019019019019,0,-0.537398035478,1.43489878378,5,445
49,1,6.71447204543,6.0,9,0.02002002002,0,0.439840587361,0.394950283346,5,393
50,1,8.67901384044,4.0,11,0.021021021021,0,0.829547537125,1.19037122906,5,413
51,1,6.85410017099,4.0,17,0.022022022022,0,0.940627133661,-0.967781229993,5,567
52,1,-0.951394088508,,0,0.018018018018,1,-2.01659796286,0.0983998000705,5,8
53,1,3.08514802002,3.0,5,0.022022022022,0,-0.638650575137,0.00109974543178,5,289
54,1,0.70928993764,,1,0.021021021021,0,-1.38577746007,-0.133377682144,5,23
55,1,8.18538649186,3.0,13,0.018018018018,0,1.16420763572,-0.30723641531,5,469
56,1,3.23717293283,3.0,5,0.021021021021,0,0.0880973157288,-2.02711901436,5,337
57,1,6.6968735441,3.0,7,0.021021021021,0,0.62075303296,-0.16538555478,5,364
58,1,7.70306300335,7.0,17,0.02002002002,0,1.05513783837,-0.462350511746,5,579
59,1,7.30327149401,2.0,8,0.02002002002,0,0.890023541757,-0.366799131262,5,421
60,1,7.81097515421,2.0,18,0.018018018018,0,0.738025428719,0.596898868048,5,740
61,1,8.19951833278,2.0,9,0.019019019019,0,0.92613637144,0.421109218456,5,432
62,1,2.45766268186,,4,0.021021021021,0,-0.94299816498,0.286657176806,5,249
63,1,5.67642204532,1.0,9,0.019019019019,0,-0.181633186301,1.22132160423,5,433
64,1,6.50409441038,1.0,18,0.019019019019,0,0.41585447412,0.256530988018,5,658
65,1,11.3095568758,7.0,15,0.021021021021,0,2.15275963379,-0.148722025598,5,560
66,1,2.1420917297,1.0,14,0.02002002002,0,-0.919343689441,-0.0998772019812,5,509
67,1,5.07102665523,5.0,13,0.02002002002,0,0.0331042715643,-0.0282861594654,5,482
68,1,6.88126587972,1.0,18,0.02002002002,0,0.794823041268,-0.503203244085,5,592
69,1,5.57847451841,2.0,7,0.021021021021,0,-0.0655669533586,0.775175378485,5,295
70,1,5.75408435268,4.0,12,0.02002002002,0,0.00220277320537,0.747476033064,5,464
71,1,5.46440356722,1.0,10,0.021021021021,0,0.365127871346,-0.630980046818,5,386
72,1,4.81877112986,1.0,7,0.02002002002,0,-0.0219223656343,-0.115461773233,5,287
73,1,4.63620499023,4.0,15,0.019019019019,0,0.000204889230988,-0.364409677461,5,520
74,1,1.94987167899,1.0,2,0.02002002002,1,-0.486208460998,-1.59150293801,5,105
75,1,-1.47936065487,,0,0.021021021021,1,-2.15540653325,-0.0131410551128,5,14
76,1,2.2330647064,2.0,13,0.021021021021,0,-1.09602845535,0.521150072451,5,371
77,1,6.21109458853,5.0,10,0.02002002002,0,0.735129027624,-0.994292494337,5,272
78,1,5.14384629042,2.0,9,0.016016016016,0,0.0676810398574,-0.0591968291541,5,351
79,1,5.18538642693,3.0,6,0.021021021021,0,-0.204186324351,0.797945399987,5,122
80,1,9.35471541957,8.0,18,0.02002002002,0,1.44665114684,0.014761979061,5,600
81,1,3.83226268623,2.0,11,0.02002002002,0,-0.653004239886,0.791275405887,5,232
82,1,5.00100527708,4.0,14,0.019019019019,0,0.281309849453,-0.842924271282,5,273
83,1,2.7589553023,,5,0.02002002002,0,-1.22133016903,1.4229458094,5,93
84,1,6.05923471094,6.0,14,0.02002002002,0,0.743282251271,-1.17061204287,5,265
85,1,0.79583076187,,1,0.019019019019,0,-1.44360020827,0.126631386669,5,17
86,1,7.90294866094,7.0,10,0.02002002002,0,1.24908151808,-0.844295893313,5,184
87,1,4.67000785833,2.0,10,0.02002002002,0,0.0181096191875,-0.384320999234,5,221
88,1,2.45653861126,0.0,3,0.02002002002,0,-1.09205789905,0.732712308401,5,71
89,1,0.689843977153,,2,0.022022022022,0,-1.22726052042,-0.62837446159,5,33
90,1,5.37381638437,2.0,8,0.019019019019,0,-0.440362476289,1.69490381324,5,169
91,1,4.57393650332,4.0,5,0.021021021021,1,-0.428702284394,0.860043356499,5,102
92,1,4.53385931322,3.0,6,0.019019019019,0,0.00309062685477,-0.475412567348,5,132
93,1,0.507057565443,,1,0.02002002002,0,-1.83122991138,1.00074729957,5,24
94,1,5.37032150786,2.0,6,0.019019019019,0,-0.12422618319,0.743000057432,5,153
95,1,6.09293152807,6.0,11,0.02002002002,0,0.402055116296,-0.113233820812,5,173
96,1,3.62950884126,2.0,17,0.02002002002,0,-0.192040197032,-0.794370567641,5,233
97,1,7.31920422208,2.0,13,0.02002002002,0,0.594722301589,0.535037317313,5,229
98,1,3.95890651013,0.0,11,0.018018018018,0,-0.369783595559,0.0682572968046,5,230
99,1,5.82151044285,0.0,8,0.022022022022,0,-0.0762663350467,1.05030944799,5,161
100,1,8.67559662288,4.0,17,0.023023023023,0,1.15244691965,0.21825586394,5,284
101,1,4.02355613113,0.0,19,0.02002002002,0,-0.090086096438,-0.706185579556,5,357
102,1,4.97433704113,4.0,9,0.02002002002,0,-0.207507397123,0.596859232504,5,195
103,1,7.71955008318,5.0,16,0.02002002002,0,0.684765371243,0.665253969452,5,279
104,1,1.80498529902,0.0,3,0.019019019019,0,-0.571013127489,-1.48197531851,5,145
105,1,1.54329770131,,2,0.021021021021,0,-0.809420509687,-1.02844076963,5,78
106,1,3.05737576292,0.0,6,0.02002002002,0,-0.551939501139,-0.286805733668,5,182
107,1,3.68812541236,3.0,12,0.021021021021,0,-0.0798906637537,-1.07220259638,5,270
108,1,9.94720815918,1.0,17,0.018018018018,0,1.18387999918,1.39556816165,5,514
109,1,4.74908695024,2.0,8,0.02002002002,0,-0.201877330922,0.354718943004,5,196
110,1,-0.244067883194,,0,0.02002002002,1,-1.6321658139,-0.347570441486,5,39
111,1,7.59599574329,0.0,14,0.02002002002,0,0.989965855274,-0.373901822534,5,343
112,1,4.54814005187,0.0,10,0.022022022022,0,-0.049476201148,-0.303431344687,5,277
113,1,-2.81816671225,,2,0.022022022022,0,-2.56142734724,-0.13388467052,5,133
114,1,3.01035479458,,18,0.018018018018,0,-0.235578954438,-1.28290834211,5,894
115,1,-3.96853169095,,4,0.019019019019,0,-2.89868576002,-0.272474410872,5,158
116,1,7.94055455493,6.0,9,0.02002002002,0,1.03776837325,-0.172750564831,5,208
117,1,7.23376326978,5.0,9,0.021021021021,0,0.734679106892,0.0297259491064,5,307
118,1,3.40182103444,2.0,5,0.02002002002,0,-0.435944559851,-0.290345286004,5,266
119,1,3.75690455029,2.0,5,0.018018018018,0,-0.491426686269,0.231184609094,5,291
120,1,4.75724959642,1.0,16,0.02002002002,0,0.457419227223,-1.61500808525,5,547
121,1,6.94237935591,1.0,10,0.02002002002,0,0.479447602647,0.504036547972,5,384
122,1,5.57694412178,1.0,18,0.019019019019,0,0.321089234191,-0.386323580792,5,783
123,1,5.28466906883,3.0,11,0.02002002002,0,-0.13272665134,0.68284902285,5,415
124,1,-0.18619059323,,0,0.019019019019,1,-1.85213864408,0.370225339001,5,9
125,1,8.3306535139,7.0,21,0.022022022022,0,0.860100355487,0.750352447441,5,597
126,1,5.36561634992,1.0,10,0.021021021021,0,-0.246893543632,1.10629698082,5,317
127,1,4.95735291972,2.0,12,0.02002002002,0,-0.275520407493,0.7839141422,5,454
128,1,4.46691621116,1.0,8,0.019019019019,0,-0.190117678231,0.0372692458491,5,315
129,1,6.37415526829,4.0,17,0.022022022022,0,0.601684088923,-0.430896998485,5,572
130,1,6.28464819569,1.0,14,0.018018018018,0,0.509971063139,-0.24526499373,5,496
131,1,2.28229226106,2.0,5,0.021021021021,0,-0.869554223605,-0.109045068125,5,306
132,1,1.78469440268,1.0,6,0.019019019019,0,-1.20226997249,0.391504320156,5,313
133,1,10.2848662957,6.0,12,0.018018018018,0,1.71453920623,0.141248677016,5,484
134,1,6.59299082072,4.0,14,0.021021021021,0,0.414553311472,0.349330886306,5,396
135,1,5.34660058758,5.0,7,0.019019019019,0,-0.0547145866556,0.510744347548,5,188
136,1,-0.10935691436,,5,0.017017017017,0,-1.49283444374,-0.630853583131,5,159
137,1,7.41859334083,7.0,18,0.019019019019,0,0.506396114941,0.899404996012,5,773
138,1,7.32998258737,5.0,12,0.018018018018,0,0.675334882714,0.303977939231,5,322
139,1,6.89137739495,6.0,7,0.02002002002,1,1.09646505796,-1.39801777893,5,168
140,1,4.87923722902,3.0,12,0.017017017017,0,-0.0961467976261,0.1676776219,5,316
141,1,-1.01424520658,,2,0.021021021021,0,-1.62811468262,-1.12990115871,5,41
142,1,4.63889957592,1.0,8,0.019019019019,0,-0.209377106629,0.267030895803,5,111
143,1,2.47942456662,1.0,4,0.018018018018,0,-1.26734985858,1.28147414237,5,57
144,1,3.32375320764,0.0,4,0.021021021021,0,-0.926835776263,1.10426053643,5,86
145,1,2.35818124899,1.0,3,0.019019019019,0,-0.767405219104,-0.339603093701,5,46
146,1,-1.77784305521,,1,0.021021021021,0,-1.97663879937,-0.847926657093,5,37
147,1,10.5690907441,8.0,15,0.021021021021,0,2.07218392994,-0.647461045688,5,336
148,1,5.72355883162,,10,0.021021021021,0,0.130151596091,0.333104043347,5,185
149,1,-0.609917941653,,0,0.021021021021,1,-1.76215358124,-0.323457197936,5,6
150,1,2.7822037153,1.0,9,0.019019019019,0,-0.48556335549,-0.76110621823,5,191
151,1,8.62631625257,6.0,10,0.019019019019,0,1.40799996859,-0.597683653204,5,217
152,1,4.35249066466,,5,0.02002002002,0,-0.703733605394,1.46369148084,5,107
153,1,5.53380759968,1.0,14,0.019019019019,0,0.121423542579,0.169536971939,5,428
154,1,5.25236247402,4.0,8,0.021021021021,0,0.0952720350577,-0.0334536311525,5,198
155,1,4.67724250908,,15,0.02002002002,0,-0.184186244451,0.229801242437,5,493
156,1,7.30209206385,4.0,18,0.021021021021,0,0.800198630525,-0.0985038277288,5,511
157,1,4.06177165589,4.0,5,0.02002002002,1,-0.208137321186,-0.313816380556,5,246
158,1,1.28498630869,1.0,2,0.018018018018,1,-1.01270103825,-0.676910576561,5,134
159,1,5.34233402824,1.0,6,0.018018018018,0,0.31764167419,-0.610590994326,5,278
160,1,7.44954979267,4.0,13,0.023023023023,0,1.12464081285,-0.924372645882,5,491
161,1,10.3250809591,4.0,20,0.02002002002,0,1.83432895287,-0.177905899479,5,980
162,1,6.4727695603,3.0,7,0.02002002002,0,0.791185576255,-0.900787168469,5,430
163,1,7.74581850006,5.0,9,0.02002002002,0,0.538691535107,1.12974389474,5,471
164,1,5.72574980448,4.0,13,0.019019019019,0,0.0652112425526,0.530116076823,5,557
165,1,5.34185823593,1.0,6,0.021021021021,0,0.233729116783,-0.359329114415,5,434
166,1,2.90036105097,2.0,12,0.02002002002,0,-0.70623193029,0.0190568418418,5,619
167,1,2.8371278568,2.0,5,0.021021021021,0,-1.25890974852,1.61385710236,5,458
168,1,11.0803603274,10.0,12,0.017017017017,0,1.99863052139,0.0844687632715,5,717
169,1,7.92222113305,0.0,13,0.021021021021,0,0.822359502017,0.455142626995,5,766
170,1,4.83517141662,4.0,17,0.021021021021,0,-0.325045403604,0.810307627432,5,848
171,1,3.78689131164,2.0,4,0.02002002002,0,-0.45385997375,0.148471232885,5,528
172,1,2.38593982939,0.0,4,0.018018018018,0,-0.545205916652,-0.97844242065,5,618
173,1,7.88293841809,1.0,10,0.022022022022,0,0.776496334858,0.553449413519,5,659
174,1,2.31899906504,1.0,7,0.019019019019,0,-1.20539475928,0.935183342893,5,623
175,1,10.3268247877,0.0,17,0.018018018018,0,1.51784520388,0.773289176026,5,983
176,1,6.92255460361,3.0,15,0.021021021021,0,0.329878626168,0.932918725111,5,870
177,1,4.44340396834,0.0,6,0.019019019019,0,0.103269007835,-0.86640305517,5,685
178,1,2.66782091915,2.0,21,0.022022022022,0,-0.688069478905,-0.267970644131,5,986
179,1,6.90877515296,2.0,10,0.022022022022,0,0.628916007246,0.022027131223,5,756
180,1,3.01528655752,1.0,8,0.02002002002,0,0.240515164047,-2.70625893462,5,730
181,1,10.9004607188,0.0,11,0.019019019019,0,1.86883503406,0.293955616628,5,890
182,1,6.07982803364,4.0,8,0.021021021021,0,0.00140132595132,1.07562405579,5,752
183,1,4.86618582428,0.0,5,0.021021021021,0,0.0655586546384,-0.33049013964,5,671
184,1,10.7446111781,10.0,15,0.022022022022,0,1.87381357909,0.123170440824,5,934
185,1,9.26192076038,7.0,12,0.021021021021,0,1.22931194082,0.573984937926,5,893
186,1,7.39745908125,4.0,16,0.019019019019,0,0.724244689209,0.224725013624,5,964
187,1,8.48465817809,2.0,20,0.021021021021,0,0.941847934849,0.659114373547,5,999
188,1,2.45615249376,1.0,12,0.019019019019,0,-0.856649749383,0.0261017419129,5,936
189,1,2.78896616573,2.0,3,0.022022022022,1,-0.962918603341,0.677721975751,5,562
190,1,3.30308832855,3.0,8,0.022022022022,0,-0.954593558727,1.16686900473,5,887
191,1,8.38787993467,4.0,20,0.02002002002,0,1.37595809922,-0.739994362999,5,1000
192,1,8.66816540553,4.0,14,0.02002002002,0,1.07245266741,0.45080740329,5,941
193,1,4.14883847232,4.0,6,0.021021021021,0,-0.108689004929,-0.525094512895,5,883
194,1,3.44581984865,1.0,11,0.018018018018,0,-0.63886513491,0.362415253377,5,926
195,1,8.84798952961,3.0,9,0.022022022022,0,1.56358097334,-0.842753390408,5,892
196,1,5.82104321041,5.0,18,0.019019019019,0,0.343886152223,-0.210615246257,5,989
197,1,7.74390079194,4.0,12,0.017017017017,0,0.398378026156,1.54876671347,5,960
198,1,7.43567221926,3.0,19,0.021021021021,0,0.714718543193,0.29151658968,5,988
199,1,5.30184391546,4.0,18,0.021021021021,0,-0.100021775266,0.601909241262,5,975
200,1,3.61760177577,1.0,10,0.019019019019,0,-0.711934319536,0.753404734378,5,902
201,1,4.20038658588,0.0,7,0.021021021021,0,-0.402174665907,0.406910583598,5,868
202,1,3.27755192833,3.0,7,0.021021021021,0,-0.827501495485,0.760056414784,5,857
203,1,7.23633658358,1.0,12,0.018018018018,0,0.743284738239,0.00648236886784,5,912
204,1,6.50834577679,1.0,9,0.018018018018,0,0.206366956319,0.889244907835,5,879
205,1,6.72307021069,6.0,10,0.02002002002,0,0.359948179068,0.643225673485,5,869
206,1,5.06224857419,2.0,15,0.02002002002,0,-0.10904924243,0.389396301484,5,933
207,1,4.67514567185,3.0,6,0.019019019019,0,-0.11916976717,0.0326549733587,5,575
208,1,11.5060324691,6.0,18,0.019019019019,0,2.17097809642,-0.00690182018271,5,953
209,1,4.41157050506,1.0,8,0.018018018018,0,0.679597926263,-2.62722327373,5,680
210,1,1.73037231914,1.0,2,0.022022022022,1,-1.19775795364,0.32364618007,5,110
211,1,2.09344045779,2.0,11,0.02002002002,0,-1.02913628097,0.180849300697,5,769
212,1,2.64281302263,0.0,3,0.018018018018,0,-0.788476631933,0.00824291842378,5,584
213,1,1.61945019388,0.0,12,0.019019019019,0,-1.31109467545,0.552734220223,5,811
214,1,4.37373459587,2.0,20,0.02002002002,0,-0.935356124625,2.17980296975,5,992
215,1,2.99881602386,2.0,3,0.02002002002,1,-0.40567796774,-0.784150072918,5,498
216,1,4.51897018858,1.0,7,0.019019019019,0,-0.49085606436,0.991538381655,5,604
217,1,2.369762057,1.0,5,0.02002002002,0,-0.656730354317,-0.660046880053,5,503
218,1,8.61174846983,3.0,17,0.02002002002,0,0.744490317693,1.37827751675,5,795
219,1,8.52648943663,6.0,9,0.018018018018,0,1.17642021636,-0.00277121244166,5,608
220,1,8.46159529444,2.0,14,0.022022022022,0,0.948639630679,0.615676402405,5,653
221,1,6.00424403927,5.0,8,0.023023023023,0,-0.091601167457,1.27904754164,5,564
222,1,13.1728431844,8.0,15,0.021021021021,0,1.93816814649,2.35833874489,5,677
223,1,5.21001329364,1.0,11,0.018018018018,0,-0.0844658732026,0.463410913248,5,683
224,1,7.47623551914,0.0,10,0.019019019019,0,0.925487277034,-0.300226311966,5,650
225,1,7.49070774167,6.0,8,0.019019019019,0,0.368376082911,1.38557949294,5,499
226,1,5.64132475374,4.0,6,0.022022022022,0,0.385248002289,-0.514419253124,5,476
227,1,5.02936030359,3.0,9,0.021021021021,0,0.548164620552,-1.61513355807,5,643
228,1,2.80757353924,2.0,11,0.018018018018,0,-1.21307506696,1.44679874012,5,675
229,1,3.78244846029,2.0,5,0.017017017017,0,-0.395381277715,-0.0314077065617,5,457
230,1,4.9902399353,,13,0.018018018018,0,0.301361277765,-0.913843897991,5,686
231,1,8.51344480082,7.0,18,0.019019019019,0,1.24891361351,-0.233296039705,5,830
232,1,11.5702071313,7.0,16,0.018018018018,0,1.91445554926,0.826840483462,5,761
233,1,2.39821810427,,16,0.021021021021,0,-0.794134505373,-0.21937837961,5,725
234,1,0.896263465325,0.0,5,0.021021021021,0,-1.16775262654,-0.60047865506,5,410
235,1,1.5366946789,0.0,2,0.021021021021,0,-1.33994303767,0.556523791898,5,268
236,1,4.11932263504,4.0,8,0.018018018018,0,-0.716292979417,1.26820157329,5,610
237,1,0.935319250407,0.0,1,0.019019019019,1,-1.25396975009,-0.302771499333,5,224
238,1,6.85028078898,0.0,11,0.019019019019,0,0.447061539769,0.509096169672,5,695
239,1,8.37769675503,,20,0.02002002002,0,1.07108137514,0.164452629605,5,906
240,1,5.4882392072,0.0,7,0.022022022022,0,0.353990805243,-0.573733208531,5,426
241,1,7.21580954813,7.0,8,0.021021021021,1,1.14572619372,-1.22136903303,5,682
242,1,5.12793951445,0.0,8,0.022022022022,0,0.0535587393528,-0.0327367036129,5,500
243,1,3.87598266879,1.0,4,0.023023023023,0,0.172971313781,-1.64293127255,5,274
244,1,1.60111587059,,2,0.019019019019,0,-0.959119129251,-0.521526741655,5,183
245,1,8.77908144847,7.0,19,0.022022022022,0,0.948507702258,0.933558341691,5,852
246,1,2.42442515787,0.0,11,0.021021021021,0,-0.290396419439,-1.70438558381,5,755
247,1,8.14030737985,7.0,14,0.02002002002,0,0.552694012559,1.48222534218,5,815
248,1,5.610397926,5.0,14,0.02002002002,0,-0.225810834763,1.28783043028,5,822
249,1,6.88543790273,6.0,14,0.02002002002,0,0.767271273361,-0.416375917348,5,827
250,1,5.47151435964,3.0,6,0.02002002002,0,0.327811694344,-0.511920723395,5,738
251,1,6.74722907904,5.0,10,0.022022022022,0,0.24652231365,1.00766213809,5,780
252,1,-1.41406579319,,0,0.02002002002,1,-2.4515001639,0.940434698516,5,129
253,1,7.28946082711,7.0,21,0.021021021021,0,0.415000706188,1.04445870855,5,976
254,1,4.3873759094,2.0,13,0.019019019019,0,0.537527989839,-2.22520806011,5,831
255,1,5.61324839845,1.0,15,0.019019019019,0,0.371282703531,-0.500599712144,5,917
256,1,1.4816737604,0.0,6,0.019019019019,0,-1.08389750969,-0.26663371052,5,798
257,1,1.95079373934,1.0,7,0.02002002002,0,-0.771488216735,-0.73474161046,5,799
258,1,5.48119203847,3.0,6,0.018018018018,0,-0.0656858932439,0.678249718203,5,781
259,1,7.24147731806,3.0,12,0.02002002002,0,0.336677141502,1.23144589356,5,837
260,1,4.06220491367,4.0,14,0.021021021021,0,0.138140448997,-1.35221643332,5,846
261,1,5.26641832953,1.0,6,0.02002002002,0,-0.447352929739,1.60847711874,5,792
262,1,4.98528728517,1.0,18,0.02002002002,0,0.242906838387,-0.743433229992,5,968
263,1,5.93958540731,3.0,19,0.022022022022,0,0.268944979618,0.132750468458,5,942
264,1,5.10321325197,4.0,10,0.019019019019,0,0.177477062819,-0.429217936489,5,838
265,1,4.7939578638,3.0,15,0.018018018018,0,0.204062240384,-0.818228857351,5,919
266,1,2.29972338774,2.0,18,0.024024024024,0,-1.00717032329,0.321234357599,5,905
267,1,6.97652551391,5.0,7,0.021021021021,0,0.808869171211,-0.450081999724,5,749
268,1,1.97673192752,1.0,17,0.02002002002,0,-1.33929586376,0.994619518807,5,938
269,1,2.4648364324,2.0,5,0.021021021021,0,-0.718767878243,-0.378859932873,5,719
270,1,6.01656342095,5.0,10,0.021021021021,0,0.125256161353,0.640794936894,5,816
271,1,1.45026674993,1.0,5,0.019019019019,0,-0.917714976898,-0.79658831938,5,690
272,1,10.119090593,6.0,22,0.022022022022,0,1.68467819615,0.0650560045026,5,973
273,1,6.17145239177,2.0,7,0.02002002002,0,0.411840111567,-0.0640679429286,5,700
274,1,4.17671336828,4.0,14,0.022022022022,0,-0.230260018441,-0.132506576397,5,886
275,1,9.18701669462,3.0,13,0.021021021021,0,1.61133089123,-0.646975979066,5,788
276,1,7.45700154137,7.0,8,0.019019019019,1,0.595680955362,0.669958675289,5,652
277,1,0.816795662625,0.0,1,0.021021021021,1,-1.39229796442,-0.00631044412096,5,85
278,1,5.14525693313,0.0,16,0.02002002002,0,0.0255416489427,0.068631986298,5,914
279,1,7.34560259104,6.0,17,0.018018018018,0,1.45968305653,-2.03344657855,5,927
280,1,9.00989380817,9.0,10,0.021021021021,1,1.30602823427,0.0918091053521,5,398
281,1,4.74468177254,3.0,8,0.022022022022,0,-0.0168162264069,-0.204869548235,5,312
282,1,4.6015426679,3.0,9,0.021021021021,0,-0.314093294523,0.543822551467,5,276
283,1,12.7646428509,0.0,17,0.017017017017,0,2.34309296525,0.735363955153,5,958
284,1,2.20275463115,,8,0.02002002002,0,-1.19775249768,0.796012124184,5,234
285,1,4.49190406994,4.0,5,0.019019019019,1,-0.449886971918,0.84156498569,5,170
286,1,1.15167674464,1.0,3,0.018018018018,0,-1.18125837068,-0.304548143329,5,99
287,1,4.84645239936,3.0,8,0.02002002002,0,-0.201127213173,0.449834038877,5,202
288,1,12.6604246219,11.0,14,0.021021021021,0,1.94405028183,1.82827377642,5,376
289,1,2.93445162171,2.0,3,0.02002002002,1,-0.566849741713,-0.364999153151,5,113
290,1,-3.2813834791,,11,0.021021021021,0,-2.346761017,-1.24110042808,5,257
291,1,6.36875040114,3.0,14,0.02002002002,0,0.477096652803,-0.0625395572643,5,326
292,1,-1.769018308,,0,0.021021021021,1,-2.3516740342,0.286003794587,5,66
293,1,3.38098435383,0.0,6,0.02002002002,0,-0.244846204095,-0.884477033885,5,140
294,1,8.67776319875,,10,0.02002002002,0,1.24556426441,-0.0589295944715,5,171
295,1,1.22209928591,0.0,2,0.018018018018,0,-1.32362656493,0.192978980705,5,87
296,1,2.68969437648,0.0,5,0.02002002002,0,-0.385964947289,-1.15241078165,5,130
297,1,9.236126737,0.0,12,0.017017017017,0,1.13322234177,0.836459711692,5,394
298,1,3.58850985079,1.0,5,0.02002002002,0,-0.58351988904,0.339069517912,5,152
299,1,6.04588734711,3.0,10,0.02002002002,0,0.309857015932,0.116316299316,5,321
300,1,7.8752514112,7.0,16,0.019019019019,0,1.25416636161,-0.887247673641,5,587
301,1,5.36660564143,3.0,15,0.022022022022,0,0.18612432941,-0.191767346803,5,406
302,1,5.23461787178,,16,0.022022022022,0,0.0676681146272,0.0316135278988,5,516
303,1,-0.329398041934,,0,0.021021021021,1,-1.6442714211,-0.396583778649,5,60
304,1,2.63846156186,0.0,5,0.022022022022,0,-0.688213813099,-0.296896998846,5,180
305,1,5.52825408743,3.0,9,0.02002002002,0,0.207987479124,-0.0957083499438,5,275
306,1,1.1581162236,0.0,20,0.02002002002,0,-0.810304560851,-1.41097009385,5,633
307,1,3.71384927646,0.0,5,0.021021021021,0,-0.0010880784503,-1.28288648819,5,269
308,1,6.79723818856,1.0,17,0.02002002002,0,0.114552852288,1.45357963169,5,589
309,1,9.5264126867,1.0,14,0.02002002002,0,1.71667301816,-0.623606367766,5,460
310,1,6.27932864005,6.0,18,0.02002002002,0,0.695311365438,-0.806605456266,5,591
311,1,1.70915479722,1.0,3,0.02002002002,0,-1.192809325,0.287582772221,5,262
312,1,4.04010001926,1.0,10,0.02002002002,0,0.106962251055,-1.28078673391,5,440
313,1,5.90025874055,0.0,8,0.021021021021,0,0.631438499015,-0.994056756494,5,325
314,1,3.08262026038,2.0,4,0.022022022022,0,-0.149077518266,-1.47014718482,5,206
315,1,9.41009227501,3.0,12,0.022022022022,0,1.09374019822,1.12887168037,5,350
316,1,3.22817949825,1.0,12,0.02002002002,0,-0.6670141128,0.22922183665,5,374
317,1,8.16697348993,1.0,9,0.019019019019,0,1.64570505037,-1.77014166117,5,344
318,1,6.11100689101,2.0,12,0.019019019019,0,0.558900480648,-0.565694550932,5,367
319,1,6.20195183308,3.0,17,0.02002002002,0,0.268345040665,0.396916711088,5,558
320,1,5.43607405741,4.0,16,0.019019019019,0,0.640262063258,-1.48471213237,5,479
321,1,2.7351026568,1.0,6,0.02002002002,0,-0.85875427014,0.311365467221,5,214
322,1,10.7147686739,5.0,21,0.021021021021,0,1.59132565219,0.940791717342,5,598
323,1,2.36518637698,1.0,4,0.018018018018,0,-1.13120401001,0.758798407,5,154
324,1,8.28670065533,4.0,11,0.022022022022,0,1.55430504086,-1.37621446725,5,281
325,1,-1.94298716133,,0,0.02002002002,1,-2.23681084676,-0.232554621049,5,4
326,1,1.62700776124,1.0,9,0.02002002002,0,-1.28243010851,0.474298086769,5,216
327,1,4.93888716072,3.0,6,0.018018018018,0,-0.101148809403,0.242333588925,5,203
328,1,9.21147248376,2.0,13,0.021021021021,0,1.4975709463,-0.281240355139,5,253
329,1,1.0354883971,1.0,3,0.02002002002,0,-1.03182535484,-0.869035538388,5,106
330,1,5.82978987589,,8,0.02002002002,0,0.528099162312,-0.754507611046,5,163
331,1,7.19400135093,1.0,16,0.02002002002,0,0.544532210733,0.560404718729,5,451
332,1,2.87827585034,,4,0.021021021021,0,-0.577613047494,-0.388885007179,5,84
333,1,3.6031109624,,11,0.02002002002,0,-0.706732835291,0.723309468278,5,215
334,1,5.60698066942,3.0,17,0.018018018018,0,0.0837809322421,0.355637872693,5,606
335,1,4.58560051217,,7,0.018018018018,0,0.137161594089,-0.8258842701,5,97
336,1,8.48580022943,7.0,10,0.021021021021,0,1.29112042669,-0.387561050637,5,149
337,1,0.639829153633,,3,0.02002002002,0,-1.42528947492,-0.0843024215942,5,62
338,1,3.08371685207,0.0,20,0.02002002002,0,-0.601260280046,-0.112502307787,5,996
339,1,6.48995351731,1.0,10,0.023023023023,0,0.327844515532,0.506419970715,5,115
340,1,0.431742231619,,2,0.02002002002,0,-1.4161428102,-0.319829337778,5,55
341,1,3.14530218895,2.0,14,0.019019019019,0,-0.50698699179,-0.333736835681,5,414
342,1,-1.22957342008,,1,0.018018018018,0,-1.76902039675,-0.922512229811,5,7
343,1,2.86051308833,2.0,13,0.022022022022,0,-0.443878083472,-0.807852661256,5,127
344,1,3.39484405241,2.0,6,0.021021021021,0,-0.867939458621,0.998662428268,5,67
345,1,2.22691439826,2.0,3,0.021021021021,1,-0.606926681733,-0.952305556537,5,50
346,1,3.82755755516,2.0,5,0.019019019019,0,-0.311521521077,-0.237877881604,5,70
347,1,9.16506155115,9.0,16,0.019019019019,0,1.78254402129,-1.18257051271,5,256
348,1,14.4339478066,2.0,16,0.02002002002,0,2.45073644694,2.08173846577,5,135
349,1,-0.79932855695,,0,0.02002002002,1,-1.70504950503,-0.684180041872,5,1
350,1,5.41316819634,1.0,9,0.021021021021,0,0.121781920755,0.0478224340776,5,77
351,1,5.03570228621,2.0,13,0.021021021021,0,0.00570467720011,0.0185882546049,5,114
352,1,0.120351449686,,2,0.018018018018,0,-1.71047570015,0.251778550129,5,32
353,1,6.18335350311,4.0,10,0.019019019019,0,1.1897644752,-2.38593992248,5,83
354,1,6.74138722419,1.0,8,0.02002002002,0,0.230579432864,1.04964892559,5,75
355,1,14.4756246265,10.0,16,0.019019019019,0,3.40278912688,-0.73274275416,5,178
356,1,5.48254783621,,12,0.018018018018,0,0.0750890230697,0.257280766998,5,108
357,1,7.04227779816,6.0,11,0.019019019019,0,0.7876402273,-0.320642883741,5,101
358,1,3.61266891357,,13,0.021021021021,0,-0.538179289314,0.22720678151,5,116
359,1,-2.06781137482,,6,0.02002002002,0,-2.47766262471,0.365176499319,5,64
360,1,2.95001025,0.0,3,0.02002002002,0,-0.548025352341,-0.405913692979,5,44
361,1,1.36649705373,,7,0.02002002002,0,-1.43662008412,0.676357306085,5,81
362,1,-0.00197291041485,,0,0.018018018018,1,-1.46145088224,-0.617620263698,5,40
363,1,3.26970210771,3.0,18,0.019019019019,0,-0.526658583218,-0.150322142642,5,366
364,1,-0.965817989432,,0,0.019019019019,1,-1.49766737526,-1.47281586366,5,26
365,1,1.52464147215,,2,0.019019019019,0,-1.13437345492,-0.0722381630883,5,31
366,1,13.3213751437,9.0,19,0.021021021021,0,2.84800776753,-0.222648158903,5,389
367,1,5.21230798975,,10,0.02002002002,0,0.0564141396837,0.043065570702,5,118
368,1,1.23895775893,,7,0.018018018018,0,-1.02425418896,-0.68827967419,5,95
369,1,9.0699067033,9.0,10,0.018018018018,1,1.17653728392,0.54029485155,5,192
370,1,8.14512703408,,9,0.021021021021,0,1.17334283823,-0.374901480618,5,156
371,1,6.60262416867,0.0,8,0.018018018018,0,0.549741495537,-0.0466003179392,5,125
372,1,6.30996179564,1.0,10,0.019019019019,0,0.306832662319,0.38946380868,5,282
373,1,-0.231594269335,,1,0.018018018018,0,-1.99644393193,0.757737526468,5,45
374,1,0.304822971192,,3,0.019019019019,0,-1.35301451348,-0.63613348836,5,51
375,1,1.39849546608,,17,0.02002002002,0,-1.67489724016,1.42318718655,5,419
376,1,7.79575687911,3.0,16,0.02002002002,0,0.682537501218,0.748144375455,5,383
377,1,9.55292112682,0.0,16,0.02002002002,0,1.65762908812,-0.419966137547,5,329
378,1,2.76469388452,2.0,9,0.022022022022,0,-1.35128285436,1.81854244761,5,210
379,1,4.60463528018,0.0,9,0.019019019019,0,-0.164797358458,0.0990273555532,5,176
380,1,1.13545487313,0.0,18,0.02002002002,0,-0.820460788324,-1.4031627619,5,545
381,1,1.23776766034,,3,0.02002002002,0,-1.06983335013,-0.552732289274,5,73
382,1,6.48676988893,4.0,7,0.021021021021,0,0.929223451982,-1.30090046702,5,138
383,1,3.84442013479,3.0,4,0.02002002002,1,-0.266163179467,-0.357090326808,5,96
384,1,2.07467668279,0.0,10,0.019019019019,0,-0.873577093689,-0.304592036147,5,227
385,1,5.76164606669,2.0,12,0.021021021021,0,0.450360902424,-0.58943664058,5,285
386,1,1.38697214234,0.0,13,0.02002002002,0,-1.2229247617,0.0557464274467,5,258
387,1,4.28405290668,0.0,18,0.018018018018,0,0.00743126138609,-0.738240877481,5,796
388,1,2.49013639616,0.0,4,0.019019019019,0,-0.367694869708,-1.40677899471,5,126
389,1,4.68347346491,,6,0.018018018018,0,0.250300233215,-1.06742723474,5,174
390,1,0.791616881963,0.0,2,0.019019019019,0,-0.826775033554,-1.72805801738,5,112
391,1,0.356496756148,0.0,1,0.022022022022,1,-1.66803418971,0.360599325265,5,89
392,1,6.35259261128,6.0,8,0.02002002002,0,0.724682158973,-0.821453865641,5,244
393,1,0.90651692022,,3,0.019019019019,0,-1.53605615214,0.514685376629,5,150
394,1,5.35509201442,,18,0.021021021021,0,0.367394223832,-0.747090657079,5,737
395,1,4.69731145001,4.0,9,0.021021021021,0,-0.452206409494,1.05393067849,5,288
396,1,8.46713014334,4.0,16,0.022022022022,0,1.53353049765,-1.1334613496,5,341
397,1,7.00697868393,7.0,13,0.018018018018,0,0.814757668795,-0.437294322452,5,480
398,1,7.55798070327,6.0,18,0.02002002002,0,1.0003497333,-0.44306849664,5,527
399,1,4.49861947873,2.0,14,0.02002002002,0,-0.0259427096061,-0.423552392451,5,332
400,1,6.3199202911,1.0,13,0.022022022022,0,0.828459070252,-1.16545691966,5,328
401,1,8.78990275521,4.0,11,0.021021021021,0,0.927128289793,1.00851788583,5,323
402,1,0.849471011556,0.0,18,0.018018018018,0,-1.20348845748,-0.540063616001,5,978
403,1,3.82561996738,2.0,5,0.021021021021,0,-0.589790002288,0.594989974243,5,199
404,1,6.33206753055,0.0,15,0.023023023023,0,0.299929394353,0.432279347489,5,346
405,1,7.51698188204,6.0,10,0.02002002002,0,1.10841717616,-0.80826964643,5,314
406,1,5.08792150855,5.0,6,0.019019019019,1,0.611365087208,-1.74617375308,5,236
407,1,6.50694410107,2.0,8,0.019019019019,0,0.350028825519,0.456857624516,5,239
408,1,3.3800388253,3.0,7,0.021021021021,0,-0.582242184168,0.126765377802,5,209
409,1,1.96654567513,,2,0.019019019019,0,-0.888773091512,-0.367135050333,5,35
410,1,6.37589051837,5.0,18,0.021021021021,0,0.489992930508,-0.0940882731494,5,438
411,1,-1.97619515331,,0,0.02002002002,1,-1.86330126974,-1.3862913441,5,22
412,1,4.11560780238,3.0,5,0.02002002002,0,-0.0158847863098,-0.836737838691,5,172
413,1,7.25808906934,5.0,16,0.02002002002,0,0.712102619027,0.121781212256,5,391
414,1,3.84583489654,3.0,5,0.021021021021,0,-0.393921874654,0.0276005204969,5,128
415,1,0.383180266826,,1,0.021021021021,0,-1.60725105917,0.204933444341,5,34
416,1,4.66364177949,4.0,11,0.02002002002,0,0.0372563959565,-0.448127408377,5,250
417,1,4.83961409284,,5,0.02002002002,0,0.0590616966461,-0.337570997102,5,157
418,1,5.59212137814,5.0,14,0.022022022022,0,0.352889541343,-0.466547245888,5,381
419,1,7.95313794751,,8,0.019019019019,0,0.819851771422,0.493582633243,5,248
420,1,2.20938720562,,7,0.021021021021,0,-1.41125929795,1.44316509946,5,228
421,1,7.97632579499,3.0,16,0.018018018018,0,0.987427843959,0.0140422631144,5,616
422,1,7.14693256374,,9,0.02002002002,0,0.874902407719,-0.477774659415,5,311
423,1,5.82696566862,,19,0.019019019019,0,0.478024136412,-0.607106740616,5,874
424,1,0.615326587453,,1,0.019019019019,0,-1.40805194517,-0.160517577041,5,49
425,1,3.00864394502,3.0,8,0.02002002002,0,-1.11130823811,1.34256865936,5,340
426,1,4.81745359661,1.0,11,0.021021021021,0,-0.212141940697,0.453879418703,5,475
427,1,4.9403369861,1.0,7,0.019019019019,0,0.286785822058,-0.920020480069,5,417
428,1,4.2875029026,1.0,8,0.018018018018,0,-0.112313874673,-0.375555473383,5,492
429,1,7.72241342146,7.0,10,0.018018018018,0,0.833019232462,0.223355724077,5,544
430,1,7.63892036925,2.0,19,0.021021021021,0,0.320289818864,1.67805091265,5,708
431,1,9.19464293287,9.0,15,0.017017017017,0,1.36470146019,0.100538552296,5,728
432,1,12.8192398585,11.0,15,0.019019019019,0,2.57751563145,0.0866929641818,5,674
433,1,5.39461386186,2.0,15,0.022022022022,0,0.094431030115,0.111320771514,5,605
434,1,8.39867490533,8.0,12,0.02002002002,0,1.49405550238,-1.08349160182,5,526
435,1,3.37232789864,0.0,4,0.018018018018,0,-0.892112420658,1.04866516061,5,409
436,1,2.11884254724,,20,0.022022022022,0,-1.28785321542,0.982402193497,5,711
437,1,2.05510433221,1.0,16,0.02002002002,0,-0.80266031241,-0.536914730563,5,702
438,1,4.78613006194,4.0,6,0.022022022022,0,-0.0386894585176,-0.0978015625056,5,407
439,1,3.70707598769,3.0,4,0.022022022022,1,-0.331523855285,-0.29835244646,5,342
440,1,8.67421540934,8.0,10,0.02002002002,0,0.466612297071,2.27437851812,5,485
441,1,2.07096995097,2.0,13,0.019019019019,0,-0.594857688604,-1.14445698322,5,670
442,1,1.75401099105,1.0,3,0.019019019019,0,-1.02975213206,-0.156732612777,5,290
443,1,3.03166226977,0.0,12,0.022022022022,0,-0.691463992953,0.106054248629,5,468
444,1,3.6651671967,3.0,12,0.017017017017,0,-0.664036104404,0.657275509906,5,546
445,1,8.31836451201,1.0,10,0.02002002002,0,1.23286476908,-0.380229795211,5,425
446,1,4.90019326845,1.0,7,0.019019019019,0,0.154678005373,-0.563840747664,5,382
447,1,4.837337387,3.0,8,0.021021021021,0,-0.411516150291,1.07188583788,5,390
448,1,-2.71412954116,,0,0.019019019019,1,-2.58411047774,0.0382018920738,5,103
449,1,2.47666662938,1.0,3,0.02002002002,0,-0.91211849596,0.213022117262,5,226
450,1,6.27432190133,4.0,19,0.022022022022,0,0.490201883248,-0.196283748413,5,726
451,1,4.97378589084,4.0,13,0.019019019019,0,-0.232187824231,0.670349363534,5,585
452,1,5.83737070227,2.0,7,0.019019019019,0,0.0728633158881,0.618780754608,5,427
453,1,1.45866510147,1.0,2,0.022022022022,1,-0.972532298299,-0.623738003635,5,362
454,1,5.70632489187,2.0,13,0.021021021021,0,0.176314503071,0.177381382657,5,628
455,1,4.18674455282,2.0,5,0.02002002002,0,-0.497192539055,0.67832216999,5,423
456,1,2.89857617337,2.0,8,0.018018018018,0,-0.60868907746,-0.275356594252,5,534
457,1,8.01159678432,1.0,16,0.018018018018,0,0.778338223825,0.676582112844,5,903
458,1,4.90657385589,1.0,7,0.019019019019,0,0.554563735206,-1.75711734973,5,556
459,1,6.03069857468,1.0,17,0.021021021021,0,0.57087461778,-0.681925278661,5,808
460,1,2.79995420348,2.0,4,0.019019019019,0,-0.549731794414,-0.550850413276,5,488
461,1,4.15531160828,2.0,11,0.018018018018,0,-0.164380560154,-0.351546711259,5,839
462,1,1.3210564247,0.0,5,0.02002002002,0,-1.42387751316,0.592688964174,5,599
463,1,2.33203595456,1.0,8,0.021021021021,0,-0.648332359834,-0.722966965936,5,699
464,1,9.81556580177,8.0,17,0.018018018018,0,1.36332523103,0.725590108676,5,984
465,1,7.48029264939,7.0,19,0.021021021021,0,0.952227421688,-0.376389615677,5,979
466,1,4.80177016902,4.0,6,0.02002002002,0,-0.766824520852,2.10224373158,5,784
467,1,6.56621180136,5.0,7,0.02002002002,0,-0.0387787247872,1.68254797573,5,785
468,1,5.73159160858,2.0,16,0.019019019019,0,-0.0534225193865,0.891859166736,5,946
469,1,4.89729844491,4.0,10,0.021021021021,0,0.0326390579292,-0.200618728875,5,840
470,1,7.77614314471,2.0,11,0.023023023023,0,0.610475641453,0.944716220347,5,875
471,1,6.4214612592,2.0,9,0.019019019019,0,-0.0261695042437,1.49996977193,5,876
472,1,2.06175238686,2.0,15,0.02002002002,0,-0.513282734384,-1.39839940999,5,928
473,1,3.72033435486,2.0,4,0.019019019019,0,-0.332760007295,-0.281385623251,5,774
474,1,3.45216217654,2.0,20,0.02002002002,0,-0.435196344315,-0.24224879051,5,991
475,1,8.95214763382,7.0,14,0.019019019019,0,1.2642155759,0.159500906138,5,937
476,1,4.79838361831,2.0,14,0.02002002002,0,0.274042424053,-1.02374365385,5,935
477,1,6.66948618255,2.0,7,0.018018018018,0,1.08648973554,-1.58998302408,5,900
478,1,5.11684426509,4.0,9,0.018018018018,0,0.521683779553,-1.44820707357,5,909
479,1,5.39862857127,3.0,20,0.021021021021,0,0.220570727384,-0.263083610884,5,990
480,1,3.32615430812,2.0,10,0.02002002002,0,-0.633014781164,0.225198651612,5,915
481,1,2.17574795478,2.0,5,0.018018018018,0,-0.985925008971,0.133522981695,5,807
482,1,0.263981214314,0.0,3,0.021021021021,0,-1.52267853907,-0.167983168479,5,644
483,1,12.3381950798,11.0,15,0.018018018018,0,2.18278959116,0.789826306309,5,957
484,1,7.0663861631,7.0,9,0.018018018018,0,0.191916030404,1.49063807189,5,888
485,1,8.48461489736,6.0,17,0.018018018018,0,0.780584951686,1.1428600423,5,987
486,1,10.2321089131,10.0,18,0.02002002002,0,1.49461064192,0.748276987317,5,985
487,1,8.75361828116,5.0,15,0.019019019019,0,1.13376905157,0.352311126456,5,950
488,1,0.790768992772,0.0,5,0.019019019019,0,-0.945607509606,-1.37240847841,5,551
489,1,5.5451264894,3.0,11,0.018018018018,0,0.397739492341,-0.648091987623,5,873
490,1,2.54727320538,0.0,17,0.021021021021,0,-0.664670324877,-0.458715819988,5,923
491,1,2.6627209187,2.0,4,0.021021021021,0,-0.533752431499,-0.736021786807,5,324
492,1,3.64023091701,,11,0.02002002002,0,-0.538017759384,0.254284195164,5,665
493,1,2.07611303895,0.0,5,0.02002002002,0,-0.96854235063,-0.0182599091588,5,512
494,1,6.47469056604,6.0,13,0.021021021021,0,0.398779982886,0.278350617381,5,764
495,1,2.90480717049,0.0,7,0.02002002002,0,-1.08095881513,1.14768361587,5,517
496,1,3.04659741971,3.0,5,0.022022022022,0,-0.411622168067,-0.718536076094,5,369
497,1,7.61979765598,5.0,11,0.021021021021,0,1.07800137466,-0.614206468,5,624
498,1,6.56908477281,3.0,16,0.021021021021,0,0.274863371686,0.744494657754,5,771
499,1,0.926008332131,0.0,1,0.019019019019,1,-1.3732197584,0.0456676073411,5,136
500,1,2.88160299555,0.0,3,0.024024024024,0,-0.477968574209,-0.684491281821,5,293
501,1,1.67870750503,1.0,2,0.017017017017,1,-1.00392255993,-0.309524815168,5,141
502,1,2.19490902591,0.0,5,0.019019019019,0,-1.02234018591,0.261929583649,5,483
503,1,9.65028711656,2.0,11,0.02002002002,0,1.58041136289,-0.0909469721119,5,561
504,1,5.06015103458,5.0,20,0.02002002002,0,0.219927576414,-0.599631694665,5,878
505,1,7.69331312226,4.0,15,0.02002002002,0,0.575978775894,0.965376794581,5,697
506,1,3.25098141882,3.0,8,0.02002002002,0,-0.388168182425,-0.58451403391,5,519
507,1,8.38900244402,8.0,19,0.02002002002,0,0.689994196547,1.31901985438,5,803
508,1,5.31081717046,3.0,12,0.021021021021,0,0.424078978561,-0.961419765221,5,679
509,1,1.37910931896,0.0,4,0.02002002002,0,-0.846573040884,-1.08117155839,5,478
510,1,3.56138282409,0.0,5,0.018018018018,0,-0.220375807081,-0.777489754669,5,524
511,1,6.3246561512,2.0,16,0.019019019019,0,0.37341059679,0.204424360827,5,789
512,1,6.67510701309,5.0,15,0.02002002002,0,0.339594234097,0.656324310802,5,693
513,1,4.7614253011,0.0,7,0.021021021021,0,0.393646409672,-1.41951392791,5,548
514,1,3.14589747097,0.0,6,0.02002002002,0,-0.390748345443,-0.681857492706,5,570
515,1,6.12862067258,6.0,8,0.02002002002,0,0.147349508019,0.686572148523,5,574
516,1,3.56709365909,0.0,4,0.024024024024,0,-0.337068998355,-0.421699345842,5,411
517,1,8.59479646121,2.0,16,0.02002002002,0,1.38685314511,-0.565762974131,5,732
518,1,5.45597289194,0.0,20,0.02002002002,0,-0.00820274133487,0.480581115942,5,921
519,1,5.55416276662,3.0,10,0.019019019019,0,0.236981429684,-0.156781522433,5,609
520,1,7.14286954645,0.0,8,0.018018018018,0,0.509444036747,0.614537436213,5,635
521,1,7.76818723731,2.0,16,0.022022022022,0,0.970624142219,-0.143685189351,5,672
522,1,3.50182362495,2.0,4,0.017017017017,0,-0.945170061924,1.33733381072,5,441
523,1,4.50406408224,1.0,12,0.019019019019,0,-0.456919214825,0.874821726715,5,666
524,1,3.09165615932,0.0,8,0.019019019019,0,-0.868551464461,0.697310552698,5,602
525,1,5.18008921678,5.0,6,0.02002002002,1,-0.341543832243,1.20472071351,5,552
526,1,0.383036380602,0.0,8,0.019019019019,0,-1.46393637148,-0.225154504969,5,660
527,1,3.91725979719,2.0,7,0.018018018018,0,-0.558462546291,0.592647436063,5,640
528,1,8.67878346175,5.0,13,0.02002002002,0,0.890760206017,1.0065028437,5,701
529,1,2.36900919179,0.0,3,0.022022022022,0,-0.664813800972,-0.636549405299,5,220
530,1,2.39050282219,0.0,3,0.021021021021,0,-0.807202711314,-0.187889043869,5,422
531,1,5.14698794528,5.0,17,0.019019019019,0,0.289216879033,-0.720662691821,5,908
532,1,4.73678170525,0.0,11,0.02002002002,0,0.0395482454565,-0.381863031118,5,750
533,1,2.09474378777,,13,0.021021021021,0,-0.983346883439,0.0447844380834,5,779
534,1,1.80774003852,0.0,2,0.018018018018,0,-1.08906191295,0.0749257773726,5,368
535,1,4.15170528135,2.0,9,0.019019019019,0,-0.389184804056,0.319259693517,5,767
536,1,6.65529720001,5.0,11,0.02002002002,0,0.744275102197,-0.57752810658,5,797
537,1,8.47338326786,8.0,15,0.017017017017,0,0.727778288714,1.29004840172,5,932
538,1,9.92903239402,9.0,19,0.02002002002,0,1.2011305819,1.32564064833,5,972
539,1,0.0923589934744,0.0,1,0.018018018018,1,-1.39565555656,-0.720674336837,5,205
540,1,12.2575373288,4.0,14,0.021021021021,0,2.27693103541,0.426744222537,5,896
541,1,5.65887767715,3.0,9,0.02002002002,0,0.330241492325,-0.331846799824,5,817
542,1,4.67102076811,3.0,7,0.02002002002,0,0.0191691615247,-0.386486716467,5,800
543,1,9.45340156592,4.0,18,0.018018018018,0,1.07848585748,1.21794399347,5,982
544,1,4.43766706908,4.0,8,0.021021021021,0,-0.260201894788,0.21827275344,5,850
545,1,7.87474625588,3.0,11,0.021021021021,0,0.939092974855,0.0574673313142,5,884
546,1,9.68979098332,3.0,14,0.017017017017,0,1.14942070027,1.24152888249,5,916
547,1,3.03047960977,2.0,6,0.019019019019,0,-0.509232110096,-0.441824059938,5,864
548,1,4.14947530674,4.0,16,0.018018018018,0,-0.467450033604,0.551825407552,5,971
549,1,6.80354946891,4.0,11,0.022022022022,0,0.237381306678,1.09140554888,5,865
550,1,6.27270049183,6.0,18,0.019019019019,0,0.545052833456,-0.362458008543,5,965
551,1,3.82106839973,3.0,4,0.02002002002,1,-0.347475312512,-0.136505662738,5,810
552,1,2.56396270483,2.0,15,0.018018018018,0,-0.729893678066,-0.246356260974,5,961
553,1,3.10468865468,2.0,14,0.019019019019,0,-0.832149995699,0.601138641776,5,939
554,1,2.33095779297,2.0,13,0.02002002002,0,-0.992461939519,0.308343611525,5,899
555,1,6.42709382557,2.0,14,0.019019019019,0,0.780505967176,-0.914424075955,5,922
556,1,6.86877298983,6.0,13,0.02002002002,0,0.684228614631,-0.18391285406,5,911
557,1,1.41296644773,1.0,2,0.023023023023,1,-1.22170144124,0.078070771447,5,565
558,1,6.21652485939,5.0,8,0.02002002002,0,0.416349677161,-0.0325241720955,5,851
559,1,5.77502514412,4.0,6,0.019019019019,0,0.392941562622,-0.403799543747,5,819
560,1,-2.8680353677,,0,0.021021021021,1,-2.53968370387,-0.248984256098,5,3
561,1,10.1963148951,6.0,16,0.023023023023,0,1.97755745768,-0.736357477913,5,891
562,1,4.31024688221,2.0,19,0.022022022022,0,0.0920931210637,-0.966032480983,5,951
563,1,8.28392970327,5.0,14,0.02002002002,0,0.959119559821,0.406571023808,5,898
564,1,4.92287949115,3.0,6,0.02002002002,0,-0.331697707406,0.917972613366,5,826
565,1,3.85778398425,3.0,7,0.021021021021,0,-0.353315509097,-0.0822694884614,5,818
566,1,6.99739361523,3.0,14,0.02002002002,0,0.520672283989,0.435376763264,5,861
567,1,5.73160439965,5.0,9,0.019019019019,0,0.113020461328,0.392543015661,5,823
568,1,6.58756863319,6.0,13,0.022022022022,0,0.543216359651,-0.0420804457682,5,849
569,1,10.4810299979,6.0,18,0.019019019019,0,1.37501913862,1.35597258204,5,966
570,1,7.32287804964,7.0,8,0.02002002002,1,0.257249585967,1.55112929174,5,804
571,1,2.18040691033,2.0,3,0.019019019019,1,-1.28117217038,1.02392342149,5,705
572,1,7.69184093488,2.0,14,0.019019019019,0,0.586728864426,0.9316543416,5,860
573,1,0.584562953871,,1,0.024024024024,0,-1.15286317807,-0.956847511915,5,61
574,1,8.00396417124,8.0,19,0.021021021021,0,0.864887968147,0.409300266796,5,881
575,1,8.20424692712,6.0,11,0.022022022022,0,0.709312245809,1.07631018969,5,801
576,1,5.02095071801,3.0,12,0.02002002002,0,-0.510918366469,1.55370581742,5,825
577,1,7.00489121618,5.0,22,0.022022022022,0,0.711155170309,-0.128574294743,5,977
578,1,4.42144304884,3.0,5,0.021021021021,0,-0.698050002489,1.51559305631,5,651
579,1,7.02335879466,3.0,9,0.021021021021,0,0.508526985637,0.497777837748,5,716
580,1,4.65972824065,3.0,6,0.02002002002,0,0.044136522621,-0.47268132721,5,714
581,1,-2.57963322033,,0,0.021021021021,1,-2.24201604762,-0.853585077459,5,20
582,1,5.98930353593,4.0,6,0.021021021021,0,0.376181973952,-0.139242385926,5,710
583,1,4.65488553368,2.0,5,0.018018018018,0,0.0388958156109,-0.461801913156,5,632
584,1,13.081229118,1.0,16,0.02002002002,0,2.77643794477,-0.248084716363,5,828
585,1,5.1237106277,5.0,15,0.019019019019,0,0.130451442794,-0.267643700681,5,829
586,1,10.4080322292,4.0,15,0.022022022022,0,2.14021425286,-1.01261052943,5,768
587,1,6.88477126297,6.0,19,0.022022022022,0,0.617246526081,0.0330316847332,5,834
588,1,5.13901384808,4.0,9,0.018018018018,0,-0.256794346059,0.909396886253,5,748
589,1,8.95996525424,1.0,11,0.019019019019,0,0.990243551138,0.98923460083,5,765
590,1,6.73470431174,3.0,16,0.019019019019,0,0.443687730248,0.403641120998,5,821
591,1,1.22911630131,1.0,2,0.019019019019,1,-0.919993360679,-1.01090361666,5,533
592,1,3.40161884767,3.0,5,0.019019019019,0,-0.58622715944,0.160300325994,5,721
593,1,1.97170344699,1.0,17,0.019019019019,0,-0.870080854463,-0.418053989617,5,889
594,1,2.93993438703,2.0,5,0.023023023023,0,-0.584369873589,-0.3069559922,5,649
595,1,6.72075715688,0.0,9,0.02002002002,0,0.790828359271,-0.651727920928,5,770
596,1,0.392371593762,0.0,2,0.019019019019,0,-1.65108500496,0.345626608652,5,372
597,1,4.23715850191,1.0,6,0.021021021021,0,-0.300462848689,0.138547047976,5,759
598,1,2.19816126407,1.0,8,0.019019019019,0,-1.65744056525,2.17048295983,5,791
599,1,1.59952916666,0.0,11,0.02002002002,0,-0.958256530355,-0.525701242277,5,833
600,1,8.48832714673,7.0,18,0.019019019019,0,1.16840670326,-0.0168929630657,5,995
601,1,7.99109541483,1.0,16,0.018018018018,0,0.612375987408,1.1539674526,5,956
602,1,5.18284540667,1.0,12,0.02002002002,0,0.571708848259,-1.5322811381,5,847
603,1,10.2041791052,2.0,11,0.02002002002,0,1.73978752699,-0.0151834758161,5,836
604,1,7.33949267813,5.0,10,0.019019019019,0,1.10545864088,-0.976883244497,5,824
605,1,8.8579400721,8.0,16,0.019019019019,0,0.930810183303,1.06550952219,5,944
606,1,9.04530814605,9.0,15,0.02002002002,0,1.05002618541,0.895229589814,5,910
607,1,3.95839161788,3.0,14,0.019019019019,0,-0.560585855435,0.640149184189,5,897
608,1,4.35502751073,2.0,7,0.02002002002,0,-0.0531725018771,-0.485454983641,5,729
609,1,6.59203351494,0.0,20,0.02002002002,0,0.0779740114984,1.35811148045,5,998
610,1,0.892727694434,,4,0.021021021021,0,-1.22397088149,-0.435359661097,5,212
611,1,5.59601386929,2.0,9,0.02002002002,0,0.599760546538,-1.20326777032,5,707
612,1,5.76658176444,4.0,16,0.019019019019,0,0.252531705201,0.00898664883287,5,918
613,1,3.17861924512,1.0,6,0.017017017017,0,-0.0185500779096,-1.76573052115,5,661
614,1,2.18346800954,2.0,3,0.022022022022,1,-1.33027706596,1.17429920741,5,186
615,1,7.00247880169,5.0,11,0.022022022022,0,0.557010622085,0.331446935434,5,673
616,1,5.34901077397,5.0,9,0.019019019019,0,0.158561971227,-0.126675139712,5,582
617,1,7.22566461769,7.0,13,0.019019019019,0,0.465360605264,0.829582801902,5,744
618,1,7.83559756777,,10,0.019019019019,0,0.815831619265,0.38810270997,5,578
619,1,3.26516147367,1.0,4,0.021021021021,0,-1.04522499837,1.40083646879,5,435
620,1,2.59593729564,1.0,5,0.019019019019,0,-0.774022033371,-0.0819966042481,5,507
621,1,4.98977838612,4.0,19,0.019019019019,0,0.0124650316305,-0.0476167087704,5,969
622,1,1.94892127018,0.0,2,0.019019019019,0,-0.767414066621,-0.748836529959,5,92
623,1,4.43006333383,4.0,15,0.021021021021,0,-0.171671935949,-0.0549208583243,5,681
624,1,5.2965002671,5.0,6,0.019019019019,1,0.420227307607,-0.964181655723,5,521
625,1,5.1556302987,2.0,6,0.02002002002,0,-0.00303442627186,0.164733577511,5,530
626,1,0.423473293176,,2,0.02002002002,0,-1.16799862512,-1.07253083146,5,349
627,1,2.80900205211,2.0,13,0.02002002002,0,-0.73386310986,0.0105913816853,5,706
628,1,5.05181577715,2.0,9,0.018018018018,0,-0.0624195171505,0.239074328601,5,613
629,1,12.2033457214,12.0,18,0.02002002002,0,2.21881438209,0.546902575104,5,747
630,1,4.79455755838,2.0,16,0.021021021021,0,0.47636778053,-1.63454578321,5,736
631,1,5.50713032407,1.0,7,0.019019019019,0,0.0210709953018,0.443917338162,5,586
632,1,0.982249995257,0.0,1,0.021021021021,1,-1.1667646616,-0.517456019945,5,90
633,1,8.43955592137,2.0,14,0.02002002002,0,1.25681631477,-0.33089302295,5,724
634,1,6.53412776978,3.0,17,0.021021021021,0,0.330693244681,0.54204803574,5,745
635,1,2.65616260632,0.0,6,0.02002002002,0,-0.346579174266,-1.30409987088,5,595
636,1,10.5868733009,7.0,15,0.018018018018,0,1.19140263031,2.01266540993,5,763
637,1,5.26117230919,3.0,9,0.02002002002,0,0.0823741428373,0.0140498806783,5,668
638,1,9.96953673695,1.0,11,0.02002002002,0,1.43305863273,0.670360838763,5,676
639,1,2.61170340125,2.0,6,0.017017017017,0,-0.552397489078,-0.731104131515,5,603
640,1,5.38036970782,2.0,16,0.02002002002,0,-0.454453685267,1.74373076362,5,802
641,1,3.86218769493,2.0,6,0.019019019019,0,-0.211532955062,-0.503213439881,5,636
642,1,8.66345828049,1.0,17,0.018018018018,0,0.913169150728,0.923950828301,5,843
643,1,3.69182262358,3.0,9,0.017017017017,0,-0.391438839604,-0.133860857608,5,718
644,1,2.40467755978,1.0,19,0.02002002002,0,-0.989393574185,0.372858282338,5,925
645,1,4.37775608508,2.0,6,0.019019019019,0,-0.142077736006,-0.196010706902,5,631
646,1,0.190859340243,0.0,1,0.021021021021,1,-1.18553279638,-1.25254227061,5,335
647,1,6.87749686653,3.0,12,0.02002002002,0,0.874891413203,-0.74717737308,5,712
648,1,5.91783382267,1.0,6,0.02002002002,0,0.393965360944,-0.264062260164,5,629
649,1,10.0323332176,3.0,13,0.016016016016,0,1.35835282738,0.957274735485,5,805
650,1,4.05857733595,1.0,9,0.02002002002,0,-0.214686176579,-0.297364134308,5,657
651,1,8.0866196679,3.0,15,0.021021021021,0,0.993282754384,0.106771404746,5,751
652,1,4.6454269666,4.0,18,0.02002002002,0,-0.302126646738,0.551806906817,5,853
653,1,2.76256531869,2.0,6,0.021021021021,0,-0.574691297557,-0.513360788639,5,620
654,1,1.84873950445,0.0,2,0.02002002002,0,-1.43862009993,1.16459980424,5,404
655,1,1.54163972192,0.0,4,0.021021021021,0,-0.860802493325,-0.875952798101,5,473
656,1,1.06131583371,0.0,12,0.019019019019,0,-0.920648084329,-1.1767399133,5,669
657,1,8.27274628542,1.0,21,0.022022022022,0,0.421463763934,2.00835499361,5,931
658,1,6.99037463807,0.0,8,0.021021021021,0,0.132428953896,1.59308777638,5,641
659,1,9.46558002628,1.0,14,0.02002002002,0,1.24576538289,0.728283877599,5,742
660,1,4.02620861178,4.0,12,0.02002002002,0,-0.406882832866,0.246857110381,5,687
661,1,3.73580996325,0.0,8,0.018018018018,0,-0.631506959649,0.630330842201,5,654
662,1,6.45406339357,4.0,7,0.019019019019,0,0.645975085841,-0.483861863957,5,648
663,1,1.36220417109,1.0,3,0.019019019019,0,-0.705041767627,-1.52267052603,5,474
664,1,6.70375414447,1.0,18,0.022022022022,0,0.232762048187,1.00546799991,5,812
665,1,1.90506280751,0.0,6,0.019019019019,0,-1.0546633738,0.0690529289025,5,626
666,1,7.45085244839,4.0,17,0.02002002002,0,0.894434311611,-0.232450486444,5,863
667,1,1.56183118543,0.0,2,0.021021021021,0,-1.01506112363,-0.392985443672,5,490
668,1,4.47669933303,0.0,8,0.019019019019,0,-0.654839270127,1.44121714341,5,664
669,1,4.54623515723,0.0,13,0.018018018018,0,0.10905014819,-0.780915287344,5,760
670,1,2.5435067885,0.0,20,0.02002002002,0,-0.49647847042,-0.967057800241,5,943
671,1,1.16857033409,1.0,4,0.019019019019,0,-1.35208768499,0.224833389074,5,525
672,1,1.3563627184,1.0,6,0.02002002002,0,-1.38677221758,0.516679371128,5,590
673,1,4.52540782121,3.0,7,0.02002002002,0,0.0508679327775,-0.627195977123,5,667
674,1,7.23015461849,0.0,16,0.018018018018,0,0.430290519442,0.939283060167,5,880
675,1,8.50998420699,8.0,12,0.02002002002,0,0.901151088406,0.806530941769,5,762
676,1,7.30063620742,7.0,13,0.022022022022,0,0.220410085694,1.63940595033,5,793
677,1,2.0292947476,0.0,3,0.021021021021,0,-0.87287933418,-0.352067249855,5,554
678,1,4.26338052322,1.0,9,0.02002002002,0,-0.216406654637,-0.0873995128737,5,739
679,1,4.9292348905,3.0,14,0.018018018018,0,0.0682720999882,-0.27558140946,5,866
680,1,2.96710039617,0.0,11,0.02002002002,0,-0.472490776852,-0.61542727327,5,743
681,1,2.96020954163,2.0,9,0.022022022022,0,-0.952913537635,0.818950154534,5,696
682,1,5.59285674163,0.0,19,0.02002002002,0,0.059207402153,0.415234535172,5,885
683,1,5.78233054036,2.0,6,0.021021021021,0,0.256731849963,0.0121349904697,5,689
684,1,8.54807538067,1.0,12,0.02002002002,0,1.09178974998,0.272706130728,5,813
685,1,7.32483142767,1.0,18,0.019019019019,0,1.1534429833,-1.13549752223,5,924
686,1,3.69762620431,1.0,13,0.021021021021,0,-1.19109193705,2.27090201546,5,845
687,1,4.53366870557,1.0,5,0.02002002002,0,-0.0709543621478,-0.253468207983,5,692
688,1,3.87152159714,2.0,6,0.022022022022,0,-0.448620694505,0.217383680649,5,642
689,1,4.45950652733,2.0,15,0.023023023023,0,-0.0806555387368,-0.298526856461,5,858
690,1,2.69366637946,1.0,3,0.02002002002,0,-0.964071551266,0.585881033255,5,550
691,1,10.2954794246,9.0,11,0.021021021021,0,2.07780039652,-0.937921764922,5,777
692,1,-0.716563212801,,0,0.02002002002,1,-1.61703931652,-0.865445263234,5,10
693,1,7.2911364596,7.0,18,0.021021021021,0,0.644318114043,0.35818211747,5,907
694,1,7.47216409536,5.0,20,0.02002002002,0,0.763000794479,0.183161711919,5,952
695,1,9.5319711209,9.0,10,0.018018018018,1,1.29632206434,0.643004927866,5,754
696,1,9.49881898171,7.0,19,0.019019019019,0,1.43276318101,0.200529438684,5,993
697,1,4.87176636079,2.0,15,0.019019019019,0,-0.481313921077,1.31570812402,5,856
698,1,9.51728482755,4.0,20,0.022022022022,0,1.71078629219,-0.615074049033,5,920
699,1,8.61029749858,3.0,9,0.02002002002,0,1.11459880935,0.26650107054,5,504
700,1,4.46886690271,3.0,9,0.021021021021,0,0.0556788985719,-0.698169793004,5,472
701,1,5.06776386874,3.0,12,0.02002002002,0,0.0553972646129,-0.0984279250951,5,713
702,1,2.39661137087,2.0,3,0.018018018018,1,-0.637646654795,-0.690448664744,5,267
703,1,8.41523321184,2.0,10,0.02002002002,0,1.496371372,-1.07388090417,5,703
704,1,-3.14721286585,,0,0.022022022022,1,-2.4624199661,-0.759952967549,5,12
705,1,2.20878720111,1.0,3,0.022022022022,0,-0.834663979378,-0.28722086075,5,392
706,1,5.11563363646,4.0,7,0.019019019019,0,0.149068809929,-0.33157279333,5,405
707,1,3.78846671911,2.0,4,0.019019019019,0,-0.78317483281,1.13799121754,5,327
708,1,5.8935064121,2.0,16,0.022022022022,0,-0.167278244894,1.39534114678,5,790
709,1,2.54565490213,,3,0.018018018018,0,-0.343283211159,-1.42449546439,5,355
710,1,5.95753763764,5.0,6,0.02002002002,1,0.647287525292,-0.984324938235,5,400
711,1,10.9600731277,3.0,19,0.019019019019,0,2.28840460381,-0.905140683686,5,974
712,1,7.00114244026,1.0,18,0.019019019019,0,0.185498377153,1.4446473088,5,929
713,1,4.38855843388,3.0,10,0.02002002002,0,0.287800156436,-1.47484203542,5,448
714,1,5.18825520641,2.0,10,0.019019019019,0,0.189240035415,-0.379464899835,5,450
715,1,13.0215805145,1.0,15,0.019019019019,0,2.22767188151,1.33856487,5,502
716,1,8.01629768469,1.0,9,0.02002002002,0,0.700698970402,0.914200773482,5,418
717,1,4.73535183284,2.0,18,0.021021021021,0,0.101708471274,-0.569773580981,5,854
718,1,8.05543005319,2.0,13,0.019019019019,0,0.847334654582,0.513426089447,5,722
719,1,4.78247313579,2.0,16,0.021021021021,0,-0.102864401912,0.0910663415306,5,463
720,1,4.30760435217,4.0,6,0.019019019019,0,0.261906198779,-1.47811424416,5,309
721,1,2.39159383809,1.0,8,0.021021021021,0,-0.497085806896,-1.11714874122,5,338
722,1,5.55087447645,0.0,13,0.018018018018,0,0.271709831104,-0.26425501686,5,436
723,1,0.469446296933,0.0,1,0.02002002002,1,-1.77631727408,0.798398119184,5,120
724,1,9.46022201103,3.0,11,0.02002002002,0,1.54379969533,-0.171177074973,5,402
725,1,4.47308942371,4.0,6,0.019019019019,0,-0.170062116247,-0.0167242275443,5,225
726,1,0.777605824067,0.0,2,0.02002002002,0,-1.02329794146,-1.15250035156,5,82
727,1,6.32159041727,5.0,14,0.02002002002,0,0.359443168851,0.243260910718,5,408
728,1,6.86239580887,4.0,7,0.022022022022,0,0.659757551757,-0.116876846399,5,264
729,1,4.26869845746,4.0,9,0.02002002002,0,-0.458150746018,0.643150695512,5,299
730,1,3.73092220464,0.0,7,0.022022022022,0,-0.0207076299917,-1.20695490538,5,213
731,1,3.82880756935,3.0,5,0.021021021021,0,-0.203331993543,-0.561196450025,5,151
732,1,8.37964128184,6.0,10,0.021021021021,0,0.923390832961,0.609468782957,5,242
733,1,9.57855615992,8.0,13,0.02002002002,0,1.66926252036,-0.429231401152,5,353
734,1,5.54207317389,5.0,15,0.021021021021,0,0.0739548745188,0.32020855033,5,447
735,1,-0.219700067422,,1,0.022022022022,0,-1.41476193262,-0.975414269565,5,54
736,1,2.08086758663,2.0,3,0.022022022022,1,-1.11376792458,0.422171360375,5,69
737,1,11.7690450041,5.0,17,0.019019019019,0,2.2172594433,0.117266674213,5,523
738,1,3.24495774917,,18,0.021021021021,0,-0.896747714929,0.935200893954,5,455
739,1,8.30343949482,8.0,15,0.021021021021,0,1.29169361289,-0.571641343845,5,403
740,1,2.93133669705,2.0,3,0.021021021021,1,-0.97326974339,0.851145927224,5,100
741,1,7.13789912133,3.0,18,0.019019019019,0,0.671690116349,0.122828772279,5,614
742,1,6.34991540085,0.0,10,0.02002002002,0,0.142573686676,0.922194340825,5,181
743,1,0.582788203441,,2,0.021021021021,0,-1.82873811438,1.0690025466,5,59
744,1,0.705162094622,0.0,4,0.021021021021,0,-0.892838174585,-1.61632338162,5,79
745,1,0.31155866847,0.0,7,0.02002002002,0,-1.74556641547,0.548257914894,5,148
746,1,3.78964372339,2.0,4,0.019019019019,0,-0.289907676113,-0.340633248268,5,175
747,1,6.28770708857,2.0,18,0.02002002002,0,1.04423432239,-1.84499587859,5,555
748,1,11.5142255859,3.0,13,0.021021021021,0,2.28214209973,-0.332200713262,5,254
749,1,0.229248655725,,6,0.019019019019,0,-1.62331927514,0.0992064811454,5,139
750,1,2.84834965409,,5,0.02002002002,0,-0.485832864506,-0.694151752389,5,104
751,1,7.59379940787,0.0,9,0.021021021021,0,0.962250741292,-0.292952816009,5,164
752,1,-1.51985596951,,0,0.018018018018,1,-2.08460514001,-0.26604054947,5,25
753,1,5.36605234502,5.0,10,0.021021021021,0,-0.0739853487774,0.588008391347,5,189
754,1,6.51660982327,0.0,12,0.019019019019,0,0.923360014962,-1.25347022162,5,397
755,1,6.40392156173,3.0,9,0.02002002002,0,0.530659964562,-0.188058331959,5,331
756,1,5.97069781135,4.0,11,0.019019019019,0,0.0830696671934,0.72148880977,5,354
757,1,0.237090766894,,2,0.019019019019,0,-1.65583827371,0.204605588031,5,29
758,1,9.20874041586,7.0,14,0.021021021021,0,1.73805006568,-1.00540978117,5,540
759,1,7.63470215692,7.0,20,0.021021021021,0,0.795977162516,0.246770669376,5,871
760,1,6.50466797227,1.0,7,0.022022022022,0,0.670498298535,-0.506826923333,5,137
761,1,9.02875128163,7.0,20,0.022022022022,0,1.44332605932,-0.301226896335,5,832
762,1,6.54215740765,4.0,14,0.02002002002,0,0.669259387966,-0.465620756245,5,617
763,1,7.18633096788,7.0,15,0.022022022022,0,0.894353597314,-0.496729824066,5,662
764,1,4.76089677907,,12,0.02002002002,0,-0.21214484885,0.397331325619,5,566
765,1,8.66760392387,4.0,19,0.019019019019,0,1.52005102854,-0.892549161749,5,981
766,1,-0.215610372307,,0,0.02002002002,1,-1.35765961561,-1.14263152549,5,28
767,1,1.91275606714,0.0,5,0.023023023023,0,-0.945998594156,-0.249248150389,5,231
768,1,0.415662193173,,1,0.02002002002,0,-1.59265153761,0.193616806006,5,65
769,1,6.21110019387,3.0,7,0.019019019019,0,0.474495039077,-0.212384923361,5,538
770,1,5.59277705299,5.0,13,0.019019019019,0,0.0455629102431,0.456088322257,5,806
771,1,13.3479574185,13.0,15,0.019019019019,0,2.63636027636,0.438876589433,5,930
772,1,6.65396378013,4.0,8,0.02002002002,0,0.352240206452,0.597243160777,5,594
773,1,7.2523194242,4.0,11,0.022022022022,0,0.653009112881,0.293292085557,5,698
774,1,0.975178923993,0.0,1,0.022022022022,1,-0.984675232425,-1.07079537873,5,88
775,1,4.20583752108,3.0,5,0.018018018018,0,0.0308464220916,-0.886701745192,5,505
776,1,4.60527634499,4.0,6,0.021021021021,0,0.580666900229,-2.1367243557,5,489
777,1,3.214156728,3.0,9,0.02002002002,0,-0.633571842073,0.114872254223,5,704
778,1,5.35954210572,2.0,20,0.02002002002,0,-0.174571367768,0.883256209024,5,970
779,1,8.3253852458,2.0,17,0.019019019019,0,1.47663113904,-1.10450817131,5,945
780,1,9.85902530454,9.0,19,0.02002002002,0,1.98693629121,-1.10178356911,5,955
781,1,10.3740266599,9.0,12,0.02002002002,0,1.31980501607,1.41461161166,5,844
782,1,3.05787444765,3.0,9,0.02002002002,0,-0.57926194736,-0.204339710272,5,814
783,1,4.64295801287,4.0,7,0.022022022022,0,-0.0150152390029,-0.31199627012,5,782
784,1,13.1934752557,9.0,14,0.019019019019,0,2.99240273174,-0.783732939486,5,872
785,1,3.68678618487,3.0,4,0.021021021021,1,-0.701942458037,0.792613558983,5,691
786,1,5.94688655687,3.0,18,0.022022022022,0,0.114632490607,0.60298908505,5,940
787,1,4.39184629926,2.0,6,0.018018018018,0,0.0509959033588,-0.761141410814,5,727
788,1,8.67840883743,5.0,12,0.021021021021,0,1.62447353347,-1.19501176296,5,835
789,1,2.10837881479,0.0,13,0.02002002002,0,-0.463563296267,-1.50093129641,5,862
790,1,3.73477082427,2.0,10,0.019019019019,0,-0.219572863336,-0.606510585726,5,842
791,1,10.2155652095,10.0,21,0.021021021021,0,1.60497383473,0.400643705333,5,948
792,1,9.2902103532,4.0,14,0.02002002002,0,1.01678774386,1.23984712162,5,859
793,1,7.47532430204,4.0,10,0.02002002002,0,0.617580946621,0.622581462175,5,820
794,1,7.19535055751,6.0,10,0.02002002002,0,0.538140730755,0.580928365248,5,758
795,1,2.61398861609,0.0,17,0.019019019019,0,-0.175243319367,-1.86028142581,5,904
796,1,4.69612504126,1.0,7,0.021021021021,0,-0.464963429847,1.0910153308,5,581
797,1,7.91808184988,6.0,8,0.019019019019,0,1.04512249156,-0.217285624787,5,638
798,1,4.0918574565,4.0,18,0.02002002002,0,-0.1604606522,-0.426760586905,5,901
799,1,8.85683144044,7.0,11,0.021021021021,0,1.23078253744,0.164483828129,5,522
800,1,4.55268622005,4.0,6,0.02002002002,0,-0.184287718023,0.105549374117,5,456
801,1,3.271336028,3.0,6,0.019019019019,0,-0.454018047223,-0.366609830332,5,207
802,1,8.42010495959,3.0,10,0.023023023023,0,1.08625054419,0.161353327017,5,348
803,1,5.88491957463,5.0,18,0.022022022022,0,0.352181415022,-0.171624670434,5,645
804,1,2.49344463886,,8,0.018018018018,0,-1.22929450794,1.18132816269,5,121
805,1,7.40672385333,,12,0.019019019019,0,0.712257631907,0.269950957608,5,412
806,1,0.299799489789,,3,0.02002002002,0,-1.40360893124,-0.489373716492,5,52
807,1,6.45584379221,3.0,8,0.019019019019,0,0.534576427317,-0.147885489745,5,117
808,1,4.15091698686,,8,0.023023023023,0,0.0076460004483,-0.872021014486,5,109
809,1,-0.966838559823,,0,0.021021021021,1,-1.93966835421,-0.147833497207,5,13
810,1,5.67754827725,,18,0.022022022022,0,-0.00245868146723,0.684924321651,5,360
811,1,0.626098418938,0.0,5,0.02002002002,0,-1.53069309128,0.218177692785,5,53
812,1,8.08058715982,,9,0.021021021021,0,1.11947491273,-0.27783757838,5,94
813,1,5.58902783817,4.0,8,0.02002002002,0,0.324501834592,-0.38447766561,5,74
814,1,-0.388173003285,,2,0.021021021021,0,-1.75216327473,-0.131683179091,5,27
815,1,5.1408614785,1.0,11,0.019019019019,0,0.178967276451,-0.396040350851,5,155
816,1,3.64052362016,3.0,5,0.02002002002,0,-0.234769282683,-0.655168531792,5,43
817,1,2.81865448106,2.0,3,0.021021021021,1,-0.641989298417,-0.255377623689,5,30
818,1,9.40736927334,1.0,15,0.021021021021,0,1.42098057242,0.144427556075,5,243
819,1,2.51230363207,,3,0.02002002002,0,-0.962851346778,0.400857672403,5,36
820,1,6.48385663721,1.0,18,0.019019019019,0,0.627672217187,-0.399160014349,5,388
821,1,3.91278972007,1.0,12,0.021021021021,0,-0.358999185924,-0.0102127221552,5,201
822,1,2.53247342237,1.0,4,0.018018018018,0,-1.23998490171,1.2524281275,5,42
823,1,-2.70460581388,,1,0.018018018018,0,-2.24429036814,-0.971734709469,5,5
824,1,10.2860094479,6.0,14,0.018018018018,0,1.58469955502,0.531910782803,5,308
825,1,4.16908429318,0.0,5,0.02002002002,0,-0.449816093787,0.518532574544,5,142
826,1,7.42134987667,7.0,10,0.021021021021,0,0.577261515239,0.689565330956,5,218
827,1,4.08983902196,4.0,18,0.022022022022,0,-0.277221440501,-0.0784966565348,5,319
828,1,7.82434080524,4.0,9,0.022022022022,0,0.630853461886,0.931780419584,5,241
829,1,3.51367767292,3.0,11,0.02002002002,0,-0.338446066701,-0.470984126972,5,255
830,1,4.30170871399,3.0,11,0.022022022022,0,-0.428588029568,0.587472802689,5,245
831,1,10.0027375602,9.0,14,0.018018018018,0,1.97755464585,-0.929926377369,5,330
832,1,7.8595386775,1.0,8,0.019019019019,0,0.642392056045,0.932362509369,5,200
833,1,6.46808358091,4.0,21,0.021021021021,0,0.605134512776,-0.347319957421,5,663
834,1,8.17877236108,2.0,13,0.021021021021,0,0.750173869644,0.928250752151,5,283
835,1,2.74948462982,1.0,3,0.022022022022,0,-1.33042520623,1.7407602485,5,167
836,1,3.0678219786,0.0,16,0.022022022022,0,-0.939993780664,0.887803320597,5,401
837,1,2.41161816327,2.0,5,0.019019019019,0,-0.708619080096,-0.462524596439,5,190
838,1,4.84810762617,2.0,7,0.019019019019,0,-0.415002214749,1.09311427042,5,194
839,1,7.81525142653,0.0,18,0.02002002002,0,1.24474362916,-0.918979460963,5,431
840,1,-0.00503884281819,,1,0.019019019019,0,-1.906433325,0.714261132195,5,76
841,1,6.70431679122,4.0,10,0.021021021021,0,0.411023212282,0.471247154377,5,193
842,1,4.3076878926,4.0,7,0.023023023023,0,-0.385577624907,0.46442076732,5,177
843,1,6.90319140431,6.0,14,0.023023023023,0,0.0785457226835,1.66755423625,5,259
844,1,1.17060747111,1.0,16,0.02002002002,0,-1.23705027298,-0.118241709951,5,420
845,1,0.646132977165,0.0,5,0.019019019019,0,-1.19505199241,-0.768711045597,5,160
846,1,-1.75203309995,,3,0.02002002002,0,-1.62580492324,-1.87461833023,5,98
847,1,2.38669156259,0.0,12,0.02002002002,0,-0.774184763205,-0.290754147791,5,263
848,1,5.88815381697,3.0,6,0.02002002002,0,0.0309726852843,0.795235761122,5,162
849,1,4.18885417482,3.0,6,0.02002002002,0,-0.054138433055,-0.648730526014,5,179
850,1,-1.76966628323,,0,0.022022022022,1,-2.60852264663,1.05590165666,5,47
851,1,0.482297698535,,1,0.02002002002,0,-1.31562114181,-0.570838876028,5,72
852,1,8.20030741118,6.0,10,0.018018018018,0,0.942944540025,0.371473791105,5,465
853,1,-0.60773693357,,2,0.021021021021,0,-1.83670450766,-0.0976234105919,5,119
854,1,13.0007113319,11.0,19,0.02002002002,0,2.60674709455,0.180470048275,5,772
855,1,9.36367811773,9.0,13,0.02002002002,0,1.47915695263,-0.0737927401507,5,487
856,1,8.58677072304,3.0,12,0.022022022022,0,1.10880119935,0.260367124985,5,506
857,1,6.28928942674,1.0,8,0.022022022022,0,0.577795476255,-0.444097002024,5,470
858,1,2.77885480045,1.0,9,0.022022022022,0,-0.544354904483,-0.588080486101,5,477
859,1,2.39376489192,,13,0.019019019019,0,-1.28294577115,1.24260220536,5,634
860,1,1.72584277312,0.0,6,0.022022022022,0,-1.20550192926,0.342348560901,5,416
861,1,3.00420403561,1.0,7,0.018018018018,0,-0.478589396577,-0.560027774656,5,513
862,1,3.78019961288,2.0,12,0.02002002002,0,-0.07001355602,-1.00975971906,5,621
863,1,7.17373596954,1.0,13,0.019019019019,0,0.681097503518,0.130443458987,5,709
864,1,10.3894491619,10.0,17,0.02002002002,0,1.84881232784,-0.156987821603,5,775
865,1,7.75167061604,1.0,11,0.021021021021,0,0.339310976434,1.73373768674,5,684
866,1,7.3624596953,0.0,8,0.021021021021,0,0.943427741326,-0.467823528676,5,542
867,1,0.480736686483,0.0,3,0.019019019019,0,-1.49316909263,-0.0397560356159,5,508
868,1,8.43556883539,5.0,17,0.02002002002,0,1.1116929264,0.100490056186,5,809
869,1,12.6129317626,7.0,19,0.019019019019,0,2.53875157112,-0.00332295075349,5,962
870,1,3.10605443177,1.0,17,0.019019019019,0,-0.760420249072,0.387315178983,5,786
871,1,3.65162627506,0.0,14,0.02002002002,0,-0.761769763047,0.936935564196,5,757
872,1,4.78932318662,2.0,7,0.023023023023,0,0.0505998318337,-0.362476308883,5,532
873,1,6.26624472679,2.0,8,0.02002002002,0,0.467883384982,-0.137405428161,5,588
874,1,3.579467033,1.0,12,0.021021021021,0,-0.385091197467,-0.265259374596,5,625
875,1,6.06516923776,3.0,15,0.021021021021,0,0.371666876911,-0.0498313929733,5,688
876,1,9.89349234248,5.0,10,0.021021021021,0,1.6592731312,-0.084327051121,5,537
877,1,7.12972547204,4.0,13,0.021021021021,0,0.66907780946,0.122492043658,5,655
878,1,4.72459025424,2.0,18,0.019019019019,0,-0.00663957762078,-0.255491012899,5,959
879,1,2.74814091817,2.0,3,0.021021021021,1,-0.882342746095,0.395169156458,5,437
880,1,5.49469201818,3.0,8,0.023023023023,0,0.173297599993,-0.0252007817952,5,510
881,1,2.08899741928,1.0,17,0.019019019019,0,-0.791828655309,-0.535516614789,5,776
882,1,3.27535714938,3.0,5,0.022022022022,0,-0.475476052054,-0.298214694459,5,466
883,1,-0.769575968888,,0,0.019019019019,1,-1.8044342301,-0.356273278589,5,15
884,1,5.09384282089,2.0,11,0.02002002002,0,-0.111505180839,0.428358363404,5,612
885,1,2.34675795342,2.0,3,0.021021021021,1,-0.787450908394,-0.290889321398,5,144
886,1,11.0170987455,11.0,17,0.021021021021,0,2.14521935523,-0.418559320153,5,735
887,1,10.6316751322,4.0,13,0.021021021021,0,1.78184325917,0.286145354673,5,601
888,1,11.4942745227,7.0,16,0.021021021021,0,1.99765403506,0.50131241754,5,694
889,1,8.88167596524,5.0,12,0.021021021021,0,1.06282750417,0.693193452742,5,543
890,1,8.74673789663,3.0,20,0.02002002002,0,1.11759035571,0.393966829504,5,787
891,1,3.84890582281,2.0,9,0.021021021021,0,0.0148605119056,-1.1956757129,5,494
892,1,8.63297233077,6.0,13,0.021021021021,0,0.881082858328,0.989723755783,5,568
893,1,6.04754744082,,9,0.019019019019,0,0.00672808640061,1.02736318162,5,365
894,1,-0.0795381417586,,3,0.018018018018,0,-1.86216521541,0.506957504471,5,91
895,1,-0.532383224499,,0,0.02002002002,1,-2.03431645001,0.570566125517,5,38
896,1,4.64789646523,3.0,5,0.021021021021,0,0.100849847196,-0.654653076358,5,286
897,1,4.06743532596,4.0,7,0.021021021021,0,-0.438966922821,0.384336094418,5,356
898,1,3.27919512534,,18,0.02002002002,0,-0.975190976211,1.20476805397,5,723
899,1,5.12849844297,4.0,14,0.02002002002,0,0.0371923591385,0.0169213655501,5,630
900,1,13.5113859913,5.0,15,0.019019019019,0,2.840912274,-0.0113508307275,5,678
901,1,10.5696699312,5.0,14,0.021021021021,0,1.42123957626,1.30595120243,5,452
902,1,-0.290113584215,,1,0.022022022022,0,-1.55731123653,-0.618179874626,5,48
903,1,1.68167350787,,2,0.019019019019,0,-1.08889168336,-0.051651442058,5,63
904,1,4.26228762785,3.0,6,0.018018018018,0,-0.129192269553,-0.350135563488,5,359
905,1,3.55751778014,3.0,4,0.018018018018,1,-0.336868179394,-0.431877681681,5,302
906,1,10.9781667155,2.0,19,0.019019019019,0,1.72280093445,0.809763912158,5,994
907,1,5.98525960641,4.0,11,0.02002002002,0,-0.139084681276,1.40251365024,5,373
908,1,1.7391909864,1.0,2,0.021021021021,1,-1.3353276631,0.745173975707,5,80
909,1,6.1635253557,4.0,12,0.018018018018,0,0.135017798046,0.758471961567,5,497
910,1,8.55606683928,2.0,13,0.018018018018,0,1.24272373484,-0.172104365229,5,541
911,1,6.26485504763,0.0,7,0.02002002002,0,0.498706265723,-0.23126374954,5,363
912,1,3.79368696334,0.0,5,0.023023023023,0,-0.158689944126,-0.730243204281,5,352
913,1,8.69298761046,3.0,18,0.02002002002,0,1.08593639489,0.435178425776,5,794
914,1,4.1272648504,1.0,7,0.019019019019,0,0.0625740204059,-1.06045721082,5,385
915,1,2.92068002874,2.0,3,0.019019019019,1,-0.370563523946,-0.967629399422,5,318
916,1,3.62309442793,0.0,16,0.021021021021,0,-0.611313947388,0.457036270092,5,753
917,1,3.37039399263,,17,0.021021021021,0,-0.448861805537,-0.283020590762,5,596
918,1,10.5490098145,8.0,12,0.02002002002,0,1.95485545247,-0.315556542915,5,515
919,1,1.05051845196,1.0,8,0.02002002002,0,-1.52692702213,0.631299518347,5,453
920,1,4.75827315521,,6,0.02002002002,0,-0.110098192444,0.0885677325439,5,444
921,1,0.197043929505,0.0,4,0.02002002002,0,-1.91744440081,0.94937713193,5,370
922,1,4.28024763256,0.0,5,0.02002002002,0,-0.437376795702,0.592378019664,5,429
923,1,7.45656602686,1.0,19,0.02002002002,0,0.645874537436,0.518942414549,5,841
924,1,11.1000195008,8.0,18,0.018018018018,0,1.35394920075,2.03817189857,5,997
925,1,5.59015131584,1.0,8,0.019019019019,0,-0.195592723019,1.1769294849,5,535
926,1,4.04250333991,2.0,6,0.021021021021,0,0.267198838849,-1.75909317664,5,461
927,1,9.74220362403,4.0,10,0.021021021021,0,1.43687917176,0.431566108762,5,539
928,1,-0.673857774605,,0,0.019019019019,1,-1.6891831263,-0.606308395702,5,123
929,1,3.69428469083,1.0,16,0.022022022022,0,-0.796529144449,1.08387212417,5,715
930,1,12.0572635865,0.0,15,0.02002002002,0,1.96146036053,1.17288250495,5,733
931,1,9.29415735371,9.0,12,0.018018018018,0,0.989070868306,1.32694474879,5,647
932,1,7.57003076151,2.0,8,0.019019019019,0,0.353471460185,1.50961638095,5,573
933,1,6.16099385869,4.0,12,0.021021021021,0,0.521981981706,-0.404952086431,5,646
934,1,6.55533389972,1.0,19,0.022022022022,0,0.388102946128,0.391025061336,5,741
935,1,6.61431480661,3.0,7,0.021021021021,0,0.356866410161,0.543715576128,5,569
936,1,3.01243306623,1.0,4,0.02002002002,0,-0.715086482575,0.157692513956,5,563
937,1,7.31318019397,2.0,13,0.022022022022,0,-0.0331744097832,2.41270342332,5,611
938,1,6.67422722506,3.0,17,0.018018018018,0,0.961293045974,-1.20965191286,5,949
939,1,5.52886414315,2.0,8,0.02002002002,0,0.183372959262,-0.0212547346334,5,593
940,1,4.58323289605,2.0,6,0.018018018018,0,-0.998682970528,2.57928180763,5,576
941,1,7.63244521272,6.0,9,0.019019019019,0,1.2582138884,-1.14219645248,5,607
942,1,6.1201218553,6.0,19,0.021021021021,0,-0.0387434870671,1.2363523165,5,913
943,1,6.89149989122,3.0,8,0.02002002002,0,0.402644616666,0.68356604122,5,583
944,1,-1.34310276748,,1,0.021021021021,0,-2.18757090645,0.219609951859,5,68
945,1,7.83796859385,3.0,9,0.018018018018,0,0.598960560965,1.04108691095,5,580
946,1,5.59202594372,4.0,6,0.018018018018,0,-0.0283619616721,0.677111828739,5,553
947,1,10.7152691149,8.0,15,0.017017017017,0,1.89529324722,0.0293893732285,5,895
948,1,8.43395847569,3.0,12,0.02002002002,0,1.2203552905,-0.22710739581,5,656
949,1,8.91744019861,5.0,18,0.023023023023,0,1.12067278163,0.555421853733,5,867
950,1,6.69410845878,3.0,15,0.022022022022,0,0.526535435475,0.114502152353,5,734
951,1,5.34143972647,3.0,7,0.021021021021,0,-0.0408172170274,0.463891377548,5,518
952,1,-0.426940406506,,0,0.02002002002,1,-2.12448534694,0.946515634315,5,2
953,1,7.34794538076,3.0,18,0.018018018018,0,0.579744899429,0.608710682468,5,963
954,1,6.52540459764,5.0,10,0.02002002002,0,0.662698407577,-0.462690625089,5,531
955,1,0.0686442607306,,1,0.021021021021,0,-1.28865706714,-1.06538453785,5,58
956,1,7.10791919871,,20,0.022022022022,0,0.496774104736,0.617596884505,5,882
957,1,5.45050023619,5.0,12,0.019019019019,0,0.418180666045,-0.80404176195,5,559
958,1,10.574266586,7.0,11,0.021021021021,0,2.02442808304,-0.499017663145,5,501
959,1,7.92308419025,4.0,17,0.021021021021,0,0.992785637597,-0.0552727225451,5,746
960,1,2.37537241717,1.0,6,0.021021021021,0,-0.922005967899,0.14139032087,5,387
961,1,4.65029584698,3.0,12,0.021021021021,0,-0.0128634632323,-0.311113763327,5,495
962,1,7.79679034053,2.0,11,0.02002002002,0,0.768282976341,0.491941411505,5,459
963,1,6.57856845661,1.0,12,0.021021021021,0,1.05208780498,-1.57769495834,5,486
964,1,2.7414490989,2.0,4,0.021021021021,0,-1.07141940386,0.955707310478,5,301
965,1,5.12238986,2.0,8,0.02002002002,0,-0.432098447197,1.41868520159,5,375
966,1,3.75192607529,3.0,4,0.018018018018,1,-0.563605769582,0.442743384039,5,304
967,1,1.55456848799,1.0,7,0.019019019019,0,-0.997411920283,-0.453195751164,5,310
968,1,-3.00405138845,,1,0.019019019019,0,-2.27632663487,-1.17507148384,5,124
969,1,9.77065417546,0.0,22,0.023023023023,0,1.80507105313,-0.644558983918,5,954
970,1,6.6586357193,5.0,8,0.019019019019,0,0.121815964656,1.29318782534,5,334
971,1,1.19068192123,0.0,8,0.022022022022,0,-1.3231239671,0.160053822528,5,305
972,1,0.180482691861,0.0,6,0.022022022022,0,-1.19230543146,-1.24260101374,5,271
973,1,3.08516871487,0.0,15,0.021021021021,0,-0.399360430127,-0.716749994744,5,449
974,1,6.07017688943,3.0,16,0.022022022022,0,0.280226501715,0.229497384285,5,443
975,1,8.09333836508,6.0,18,0.019019019019,0,0.875237661103,0.467625381772,5,720
976,1,2.81115755857,0.0,5,0.021021021021,0,-1.08720108399,1.07276081053,5,260
977,1,0.391740631752,0.0,3,0.019019019019,0,-1.18460816693,-1.05443486746,5,165
978,1,9.07106909847,1.0,15,0.019019019019,0,0.949088720527,1.22380293689,5,536
979,1,6.27169706553,4.0,7,0.021021021021,0,0.201972664657,0.665779071561,5,252
980,1,1.49122258901,1.0,4,0.02002002002,0,-1.13608309539,-0.100528124827,5,240
981,1,1.82937465653,0.0,11,0.02002002002,0,-0.854498403463,-0.607130133083,5,345
982,1,6.79961270426,6.0,18,0.02002002002,0,0.93494005973,-1.00520747493,5,549
983,1,6.6742526732,2.0,12,0.02002002002,0,0.860018696396,-0.905803415987,5,347
984,1,5.78264281249,1.0,7,0.019019019019,0,0.534000909554,-0.819359916167,5,261
985,1,2.63611791627,2.0,5,0.022022022022,0,-0.964774696758,0.530442006545,5,166
986,1,7.25137152195,6.0,16,0.021021021021,0,0.709519270753,0.122813709692,5,424
987,1,1.62555797572,,2,0.021021021021,0,-1.41515848696,0.871033436603,5,143
988,1,6.94190726327,3.0,7,0.022022022022,0,0.688693067462,-0.124171939114,5,247
989,1,1.89494990397,,4,0.019019019019,0,-0.880140182771,-0.464629547713,5,147
990,1,7.69429199469,5.0,8,0.019019019019,0,1.16086233988,-0.788295024951,5,292
991,1,6.08313998562,2.0,16,0.018018018018,0,0.117587676004,0.730376957606,5,627
992,1,-0.401414088264,,0,0.021021021021,1,-1.34080357012,-1.3790033779,5,18
993,1,6.04060111415,6.0,13,0.02002002002,0,0.140018521302,0.620545550243,5,379
994,1,6.60900175553,5.0,9,0.02002002002,0,0.72760756981,-0.573820953896,5,294
995,1,0.889162757228,,1,0.023023023023,0,-1.38213222809,0.0355594414858,5,19
996,1,7.60463469901,2.0,9,0.022022022022,0,0.541217363106,0.980982609687,5,358
997,1,4.63416210513,4.0,11,0.018018018018,0,-0.28564001373,0.491082146317,5,529
998,1,2.93975566418,2.0,16,0.017017017017,0,-0.856183774937,0.508306988993,5,877
999,1,2.19478642194,2.0,7,0.021021021021,0,-1.31706052299,1.14596799089,5,333
