name,activated,threshold,before_activation_alters,after_activation_alters,degree,observed,var1,epsilon,constant,activation_order
0,1,8.60966094363,5.0,16,0.016016016016,0,1.25112269577,-0.143707143672,5,949
1,1,6.11835653705,5.0,7,0.016016016016,0,0.202908599408,0.509630738825,5,467
2,1,2.72742518386,1.0,3,0.015015015015,0,-0.888445097787,0.392760477224,5,370
3,1,4.9391918289,1.0,9,0.016016016016,0,0.0435199061902,-0.19136788967,5,527
4,1,4.23165112658,3.0,12,0.015015015015,0,-0.316054265296,0.179813922466,5,671
5,1,5.9540610828,5.0,7,0.017017017017,0,0.034050986698,0.851908122709,5,458
6,1,8.21898980328,4.0,11,0.014014014014,0,1.11502622436,-0.126088869788,5,589
7,1,9.23412659002,4.0,13,0.016016016016,0,1.56297048344,-0.454784860299,5,652
8,1,4.86809874247,4.0,5,0.015015015015,1,-0.229310021184,0.556028806021,5,379
9,1,4.02852998852,2.0,16,0.016016016016,0,-0.105030855849,-0.656377443932,5,674
10,1,6.79432236639,3.0,8,0.017017017017,0,0.418105634664,0.540005462401,5,386
11,1,2.18300770745,2.0,5,0.016016016016,0,-0.826013984573,-0.338950338833,5,353
12,1,-1.96957639611,,0,0.014014014014,1,-2.15626315163,-0.500786941236,5,36
13,1,8.76064754046,3.0,10,0.015015015015,0,1.36479669404,-0.33374254166,5,402
14,1,4.10301186067,3.0,13,0.016016016016,0,-0.148031353661,-0.452894078346,5,524
15,1,1.19322418336,,2,0.016016016016,0,-1.10678138691,-0.486431655914,5,128
16,1,5.50653321031,2.0,8,0.016016016016,0,0.112483609437,0.169082381999,5,316
17,1,6.19918500711,5.0,8,0.017017017017,0,0.384548859778,0.0455384277724,5,306
18,1,3.68489281994,3.0,4,0.015015015015,1,-0.59789312522,0.478572195604,5,206
19,1,2.23248827844,2.0,10,0.015015015015,0,-0.823120488563,-0.298150255871,5,297
20,1,0.996993197538,,3,0.017017017017,0,-1.35003468377,0.0470972488494,5,202
21,1,0.881142882808,0.0,2,0.016016016016,0,-1.43738172689,0.193288063474,5,85
22,1,4.95958327059,3.0,8,0.016016016016,0,-0.010469786946,-0.00900736857072,5,249
23,1,6.77728069151,3.0,8,0.016016016016,0,0.723752805141,-0.393977723911,5,277
24,1,2.95264640208,2.0,15,0.017017017017,0,-0.748164900361,0.197141103162,5,325
25,1,7.64615334852,2.0,10,0.016016016016,0,0.901708528994,-0.0589722384681,5,290
26,1,-3.07817353625,,0,0.016016016016,1,-2.73951680568,0.140376880787,5,26
27,1,2.30145407499,1.0,5,0.017017017017,0,-0.888840222992,-0.0320252560331,5,230
28,1,4.31731234246,,8,0.018018018018,0,-0.511986618785,0.853272198811,5,225
29,1,8.14113344373,8.0,15,0.016016016016,0,1.0829442373,-0.10769926817,5,561
30,1,7.77579360619,2.0,12,0.017017017017,0,0.822025363713,0.309717515048,5,293
31,1,3.78661399582,1.0,4,0.014014014014,0,-0.312382355722,-0.276238937012,5,189
32,1,6.2836179634,4.0,12,0.016016016016,0,0.504871314935,-0.230995981403,5,321
33,1,8.77667322785,5.0,9,0.018018018018,0,1.03069593105,0.684585434692,5,274
34,1,2.00099936011,,4,0.012012012012,0,-1.21322610622,0.640677678775,5,97
35,1,0.558793442631,,9,0.015015015015,0,-1.3215054678,-0.476690153958,5,251
36,1,-1.98881220799,,3,0.017017017017,0,-2.42002514186,0.271263217593,5,59
37,1,6.31064814456,,16,0.02002002002,0,0.510413899665,-0.220593554434,5,330
38,1,8.22465127815,0.0,11,0.016016016016,0,1.25879763922,-0.551741639517,5,287
39,1,2.98491477925,0.0,5,0.017017017017,0,-0.781468876798,0.329321409642,5,137
40,1,-0.379002698205,,0,0.016016016016,1,-1.71235429121,-0.241939824581,5,33
41,1,-1.17635669375,,1,0.016016016016,0,-2.07635883039,0.0527197974157,5,51
42,1,8.87543018051,8.0,11,0.018018018018,0,1.32514023143,-0.099990513775,5,307
43,1,3.90336206893,,7,0.016016016016,0,-0.427403710802,0.18557320133,5,179
44,1,3.34730593741,0.0,9,0.016016016016,0,-0.275595604925,-0.825907247817,5,291
45,1,2.1720556751,,5,0.016016016016,0,-0.916424396629,-0.0786711350132,5,127
46,1,3.589158412,2.0,4,0.018018018018,0,-0.411680342456,-0.175800560632,5,102
47,1,8.88375683362,3.0,12,0.015015015015,0,1.30064360291,-0.0181739750921,5,341
48,1,7.19511171291,2.0,17,0.017017017017,0,0.575649356461,0.468163643529,5,628
49,1,8.02613462481,6.0,12,0.016016016016,0,0.983943129463,0.0743052364159,5,375
50,1,1.1033536757,0.0,2,0.016016016016,0,-1.35756484336,0.176048205778,5,103
51,1,1.98644201301,,2,0.016016016016,0,-0.810195740693,-0.582970764909,5,113
52,1,6.47741034521,4.0,8,0.016016016016,0,0.562544395273,-0.21022284061,5,318
53,1,3.40689853563,3.0,4,0.017017017017,1,-0.440354612993,-0.272037625391,5,263
54,1,5.07654861005,4.0,9,0.015015015015,0,-0.00804512474971,0.100683984299,5,418
55,1,3.88504189724,3.0,4,0.017017017017,1,-0.0700740943322,-0.904735819765,5,282
56,1,7.92596994113,2.0,10,0.017017017017,0,0.791927263303,0.550188151219,5,452
57,1,7.90994879377,6.0,13,0.017017017017,0,0.851704203811,0.354836182339,5,626
58,1,3.1453177543,2.0,6,0.014014014014,0,-0.709099887751,0.272617417549,5,334
59,1,5.23027468685,3.0,6,0.016016016016,0,0.148474998656,-0.215150309119,5,327
60,1,0.794352348379,0.0,1,0.016016016016,1,-1.29762673755,-0.312767438981,5,228
61,1,4.27586614796,0.0,16,0.018018018018,0,-0.207660297422,-0.101152959771,5,746
62,1,4.59615203711,4.0,5,0.015015015015,1,-0.0820850914905,-0.157592688422,5,466
63,1,6.1538978864,6.0,11,0.016016016016,0,0.345966540098,0.11599826611,5,717
64,1,5.6640405408,5.0,9,0.015015015015,0,0.15322835167,0.204355485786,5,619
65,1,10.4387093455,8.0,17,0.017017017017,0,2.0289303691,-0.64808176184,5,892
66,1,10.2772325802,7.0,14,0.018018018018,0,1.7254110912,0.100999306612,5,753
67,1,3.90157958915,0.0,4,0.014014014014,0,-0.418366361648,0.156678674094,5,352
68,1,5.33639327247,5.0,7,0.017017017017,0,0.312881544817,-0.602251361985,5,501
69,1,11.0290499183,10.0,12,0.013013013013,0,2.01030027176,-0.00185089696939,5,804
70,1,7.3111701215,6.0,8,0.015015015015,0,1.00615643611,-0.707299186825,5,649
71,1,6.91486170559,4.0,13,0.015015015015,0,0.467081649926,0.51361675581,5,759
72,1,4.04189814051,4.0,13,0.017017017017,0,-0.159538346135,-0.479486821081,5,696
73,1,1.82300279595,,4,0.02002002002,0,-1.19511499384,0.408347777473,5,351
74,1,3.07988440955,1.0,5,0.017017017017,0,-0.52890248683,-0.333408129958,5,412
75,1,4.64205990091,1.0,8,0.015015015015,0,0.04467095371,-0.491952960224,5,517
76,1,5.26721971547,3.0,9,0.016016016016,0,0.142973870397,-0.161701895722,5,554
77,1,5.7045029072,5.0,8,0.015015015015,0,0.172604868319,0.186688302239,5,571
78,1,8.73422778424,7.0,14,0.018018018018,0,1.22818229131,0.0496809103053,5,684
79,1,3.94806701152,0.0,4,0.016016016016,0,-0.328502385292,-0.0664258326039,5,413
80,1,1.95929328085,1.0,2,0.019019019019,1,-0.97265957132,-0.122728005192,5,269
81,1,1.6042346599,1.0,3,0.016016016016,0,-1.27424372535,0.426965835946,5,272
82,1,1.7284521902,0.0,4,0.016016016016,0,-0.710954691142,-1.13868373637,5,520
83,1,3.8337064325,3.0,6,0.016016016016,0,-0.299236629932,-0.268583677703,5,547
84,1,5.41166697386,2.0,9,0.015015015015,0,-0.110749594709,0.743915757983,5,770
85,1,5.2614167505,5.0,11,0.018018018018,0,0.0661185303461,0.0630611594655,5,778
86,1,1.06811229005,0.0,5,0.015015015015,0,-1.25324120751,-0.172164087417,5,525
87,1,7.32637135355,6.0,9,0.015015015015,0,1.05754504354,-0.846263777079,5,853
88,1,6.17227372967,4.0,13,0.015015015015,0,0.2879405215,0.308452165168,5,945
89,1,3.42084474851,0.0,7,0.013013013013,0,-0.596340358341,0.209865823536,5,859
90,1,4.40929415532,3.0,5,0.016016016016,0,-0.0667290144766,-0.390518801246,5,803
91,1,4.30610938664,3.0,7,0.016016016016,0,-0.190593429097,-0.122110326071,5,810
92,1,2.60731081434,1.0,8,0.016016016016,0,-0.713815029915,-0.251244095918,5,856
93,1,11.8944576543,10.0,15,0.017017017017,0,2.21209335248,0.25817759686,5,954
94,1,8.50416161094,4.0,11,0.017017017017,0,1.1498933345,0.0544816074363,5,884
95,1,11.3619491216,10.0,12,0.017017017017,0,1.85270044208,0.803847795362,5,913
96,1,7.0332171675,4.0,15,0.016016016016,0,0.53765377863,0.420255831607,5,961
97,1,7.093845036,2.0,12,0.017017017017,0,0.539212836188,0.47620652744,5,902
98,1,11.9389547021,8.0,18,0.018018018018,0,2.41508916167,-0.306312782883,5,977
99,1,3.48687497255,3.0,4,0.015015015015,1,-0.237347722661,-0.801081859469,5,195
100,1,7.56034971606,7.0,9,0.016016016016,0,0.72610298585,0.382040758512,5,836
101,1,11.058157453,10.0,13,0.015015015015,0,1.95750031986,0.185656493418,5,946
102,1,2.8306101835,,3,0.013013013013,0,-0.804382349205,0.24375723111,5,140
103,1,1.82393641646,,2,0.015015015015,0,-0.89535680564,-0.48999316662,5,32
104,1,6.37629870213,6.0,9,0.016016016016,0,0.737562700247,-0.836389398608,5,237
105,1,9.17480435526,9.0,12,0.017017017017,0,1.15571845579,0.70764898789,5,663
106,1,10.9882179535,10.0,12,0.015015015015,0,1.71699439349,0.837234773017,5,666
107,1,0.0513171792693,,1,0.017017017017,0,-1.77955953325,0.389995779007,5,22
108,1,8.05378452069,2.0,9,0.017017017017,0,0.966102668595,0.155476514901,5,383
109,1,3.96708095154,3.0,8,0.017017017017,0,-0.56285321228,0.65564058838,5,222
110,1,0.590632069565,,3,0.016016016016,0,-1.38578768144,-0.25200488612,5,100
111,1,-0.203183140675,,0,0.015015015015,1,-1.67255650141,-0.185513636437,5,2
112,1,7.92712839424,7.0,9,0.016016016016,0,0.553062174144,1.2679418718,5,226
113,1,4.67894890145,3.0,5,0.016016016016,0,0.103243569546,-0.630781807186,5,132
114,1,4.84892227028,3.0,5,0.017017017017,0,-0.107535139365,0.171527688374,5,152
115,1,6.23007973985,3.0,15,0.018018018018,0,0.508947191195,-0.296761833736,5,497
116,1,4.77886385243,2.0,6,0.017017017017,0,0.240926371725,-0.943915262748,5,178
117,1,2.51996812569,2.0,3,0.017017017017,1,-0.741552513261,-0.255374334525,5,116
118,1,13.2357907575,11.0,14,0.018018018018,0,2.3683926393,1.13061283959,5,590
119,1,4.18527556572,3.0,5,0.017017017017,0,-0.102679834251,-0.506684931528,5,209
120,1,-0.266987251632,,0,0.014014014014,1,-1.76113274477,0.0164109826662,5,1
121,1,6.37170441995,3.0,7,0.014014014014,0,0.339419331536,0.353446425342,5,437
122,1,5.57382892903,2.0,8,0.017017017017,0,0.246753879228,-0.166432708657,5,311
123,1,6.375007212,6.0,11,0.014014014014,0,0.448715037491,0.028862099526,5,521
124,1,10.6944229353,7.0,14,0.017017017017,0,2.00592530658,-0.323352984441,5,620
125,1,3.96187552748,2.0,7,0.016016016016,0,-0.212025064565,-0.402049278828,5,449
126,1,8.16391739494,6.0,14,0.015015015015,0,1.16386358356,-0.327673355749,5,727
127,1,7.55710698939,5.0,15,0.016016016016,0,0.995644267296,-0.429825812499,5,777
128,1,1.29059452891,,2,0.016016016016,0,-0.891104111986,-1.03609313513,5,229
129,1,-3.92698311074,,0,0.017017017017,1,-2.81249667575,-0.489493083493,5,9
130,1,5.77119243755,5.0,6,0.017017017017,1,0.42381525059,-0.500253314218,5,478
131,1,5.02706457959,2.0,6,0.017017017017,0,0.0511374217078,-0.126347685534,5,535
132,1,4.89094009006,3.0,7,0.018018018018,0,-0.0647287943718,0.0851264731745,5,553
133,1,5.47221255371,1.0,6,0.014014014014,0,-0.0216241946452,0.537085137644,5,617
134,1,3.74298126021,3.0,7,0.017017017017,0,-0.336057712384,-0.248845602638,5,576
135,1,7.17309452743,4.0,12,0.016016016016,0,0.799544649433,-0.225539420871,5,687
136,1,2.04256498524,2.0,17,0.017017017017,0,-1.04183049372,0.168056466405,5,901
137,1,3.3341058578,1.0,5,0.017017017017,0,-0.581836714549,0.0796160014448,5,538
138,1,2.67805897262,1.0,4,0.019019019019,0,-0.504654856273,-0.807976458561,5,492
139,1,6.25884308046,2.0,14,0.017017017017,0,0.142952853938,0.829984518644,5,857
140,1,9.79241095187,2.0,12,0.015015015015,0,1.6610220425,-0.190655175638,5,794
141,1,6.36626522753,3.0,7,0.017017017017,0,0.220850280241,0.703714386803,5,658
142,1,3.46402723365,2.0,4,0.015015015015,0,-0.389602385702,-0.36716560924,5,613
143,1,3.93721537315,3.0,4,0.015015015015,1,-0.569838774056,0.646731695316,5,634
144,1,8.50904371416,4.0,11,0.018018018018,0,1.088651886,0.243088056162,5,761
145,1,4.89864690026,0.0,9,0.016016016016,0,-0.312006404068,0.83466611246,5,694
146,1,2.68121233093,0.0,3,0.018018018018,0,-0.686532688347,-0.259189604024,5,368
147,1,6.87450173722,1.0,16,0.016016016016,0,0.448999533075,0.527503137992,5,910
148,1,3.18054576261,3.0,13,0.018018018018,0,-0.473094456067,-0.400170869184,5,732
149,1,5.88547442008,2.0,10,0.018018018018,0,0.335166955702,-0.120026447029,5,692
150,1,5.58431617184,3.0,13,0.015015015015,0,-0.0224701003774,0.651726472974,5,733
151,1,8.39032229834,3.0,15,0.016016016016,0,1.04627454897,0.251498651442,5,846
152,1,3.88987102619,3.0,8,0.016016016016,0,-0.204262546148,-0.497341335371,5,672
153,1,5.1420948608,4.0,8,0.014014014014,0,0.0407268355685,0.0199143540908,5,643
154,1,6.25909579582,3.0,7,0.017017017017,0,0.63622861556,-0.649590050858,5,629
155,1,5.70161084821,1.0,8,0.015015015015,0,-0.0528159493601,0.86005869629,5,640
156,1,9.81179505583,4.0,13,0.016016016016,0,1.60342931733,0.00150710383619,5,726
157,1,8.18758777965,2.0,9,0.018018018018,0,0.825690412713,0.710516541508,5,631
158,1,3.58445771336,0.0,4,0.015015015015,0,-0.47983460252,0.0239615209165,5,310
159,1,5.81961402934,5.0,7,0.013013013013,0,0.758338833578,-1.4554024714,5,569
160,1,2.70274470613,0.0,8,0.014014014014,0,-0.81653132005,0.152338666276,5,582
161,1,3.4763462427,1.0,6,0.015015015015,0,-0.407962056963,-0.299767586409,5,328
162,1,6.29704475571,5.0,11,0.014014014014,0,0.35111532854,0.243698770085,5,588
163,1,2.04529095591,1.0,5,0.017017017017,0,-0.764711912683,-0.660573306044,5,261
164,1,3.78367270772,3.0,7,0.016016016016,0,-0.331108630218,-0.223001401628,5,296
165,1,10.7074961524,10.0,12,0.016016016016,0,1.60823175814,0.882800877959,5,555
166,1,2.62217587935,1.0,5,0.016016016016,0,-0.897349273955,0.314223701212,5,250
167,1,-1.92534147057,,1,0.016016016016,0,-2.15552192578,-0.458775693219,5,66
168,1,4.84892273746,2.0,12,0.015015015015,0,0.0127244166836,-0.189250512589,5,404
169,1,8.03634242156,2.0,10,0.017017017017,0,0.909167191365,0.308840847465,5,265
170,1,2.38805732665,2.0,3,0.016016016016,1,-0.46084134657,-1.22941863364,5,149
171,1,4.55076453322,,8,0.017017017017,0,-0.222352526916,0.217822113969,5,231
172,1,0.375974165584,0.0,1,0.016016016016,1,-1.41006694359,-0.393825003635,5,40
173,1,3.43013560042,2.0,15,0.016016016016,0,-0.410365941635,-0.338766574671,5,407
174,1,4.17442047379,2.0,7,0.016016016016,0,-0.168511975105,-0.320043600897,5,171
175,1,10.9433716677,7.0,12,0.016016016016,0,1.89635509924,0.254306370036,5,278
176,1,6.39035510239,3.0,7,0.015015015015,0,0.461604326322,0.00554212342692,5,197
177,1,2.08966809341,2.0,3,0.017017017017,1,-1.08822070416,0.354330205894,5,117
178,1,4.17035029556,2.0,6,0.015015015015,0,-0.0259143693616,-0.751906596354,5,162
179,1,3.79830174733,2.0,4,0.017017017017,0,-0.301158586178,-0.298222494132,5,121
180,1,1.44256315454,,2,0.017017017017,0,-1.12671735385,-0.177284783908,5,112
181,1,7.65225873713,6.0,11,0.017017017017,0,0.906828309642,-0.0682261917968,5,336
182,1,1.32945033745,1.0,10,0.016016016016,0,-1.32957687378,0.318180958786,5,333
183,1,-0.680030601615,,0,0.017017017017,1,-1.79542643348,-0.293751301162,5,25
184,1,11.5872099765,8.0,15,0.017017017017,0,2.20395491914,-0.0246547809472,5,550
185,1,9.42461252476,8.0,14,0.016016016016,0,1.31479473965,0.480228305816,5,509
186,1,11.4476991553,10.0,15,0.015015015015,0,2.10030937451,0.146771031794,5,911
187,1,4.93801626302,,10,0.019019019019,0,0.0604494922499,-0.243332213734,5,369
188,1,1.46830653255,0.0,3,0.015015015015,0,-1.17498808077,-0.00672922513586,5,188
189,1,0.913588979269,0.0,1,0.015015015015,1,-1.29306630021,-0.207212120116,5,101
190,1,3.23149218023,2.0,10,0.016016016016,0,-0.526108138155,-0.190183405299,5,439
191,1,6.07881172249,2.0,8,0.017017017017,0,0.0390445387739,0.961678106167,5,424
192,1,2.78018273672,2.0,4,0.016016016016,0,-0.757262031515,0.0519688312633,5,246
193,1,3.76542479017,3.0,4,0.015015015015,1,-0.363704457211,-0.143461838195,5,285
194,1,6.56391643104,6.0,12,0.016016016016,0,0.475938087363,0.136102168955,5,484
195,1,7.70463932724,5.0,15,0.017017017017,0,0.779031727479,0.367544144801,5,541
196,1,5.62105224996,3.0,7,0.015015015015,0,0.300293782399,-0.27982909724,5,320
197,1,12.2582278729,6.0,16,0.016016016016,0,2.26063690729,0.47631715104,5,958
198,1,-1.38605638093,,1,0.015015015015,0,-2.13685998224,0.0245235657962,5,65
199,1,9.34249233805,7.0,13,0.016016016016,0,1.48617926357,-0.116045452652,5,536
200,1,-0.987201150178,,0,0.016016016016,1,-2.15725210267,0.484555157842,5,34
201,1,3.74529213998,3.0,6,0.016016016016,0,-0.0798263864122,-1.01522870078,5,355
202,1,4.31294197218,4.0,6,0.016016016016,0,-0.293915306195,0.194687890765,5,428
203,1,1.18244663505,,3,0.018018018018,0,-1.16688444165,-0.316900039986,5,136
204,1,8.21049763225,5.0,15,0.016016016016,0,1.10569074798,-0.106574611706,5,887
205,1,1.82039846396,,3,0.016016016016,0,-0.908667150909,-0.453600083317,5,80
206,1,11.2124270369,2.0,12,0.017017017017,0,1.91488088835,0.467784371898,5,488
207,1,8.82761867038,7.0,10,0.015015015015,0,1.07329804541,0.607724534155,5,496
208,1,8.6541733727,5.0,9,0.015015015015,0,1.1329056229,0.255456504006,5,474
209,1,4.270095513,3.0,9,0.016016016016,0,-0.186024057452,-0.171832314645,5,444
210,1,7.37008351702,6.0,16,0.017017017017,0,1.07522631749,-0.855595435456,5,635
211,1,5.03550420468,3.0,6,0.016016016016,0,-0.0438761807073,0.1671327468,5,429
212,1,1.57435254317,1.0,3,0.017017017017,0,-1.30646210582,0.493738860634,5,258
213,1,7.28902912762,6.0,12,0.018018018018,0,0.764446048707,-0.00430901850466,5,475
214,1,6.77064929262,1.0,13,0.015015015015,0,0.765590038292,-0.526120822259,5,483
215,1,-0.583281894516,,0,0.015015015015,1,-1.85789417054,-0.0095993828841,5,46
216,1,5.3283905266,3.0,7,0.014014014014,0,0.175495772967,-0.198096792304,5,400
217,1,4.46651988301,3.0,7,0.014014014014,0,-0.289126162876,0.333898371636,5,268
218,1,6.44731271138,2.0,10,0.016016016016,0,0.390179967912,0.276772807646,5,417
219,1,6.92364863567,5.0,13,0.016016016016,0,0.865385543443,-0.672507994663,5,430
220,1,0.155953506888,,2,0.015015015015,0,-1.58500577023,-0.0890291824154,5,134
221,1,4.67042454833,4.0,6,0.017017017017,0,0.0615387328337,-0.514191650172,5,157
222,1,2.43845989087,0.0,6,0.017017017017,0,-0.701418718215,-0.457283954491,5,181
223,1,-0.200228232853,,2,0.017017017017,0,-1.59073695121,-0.428017379236,5,104
224,1,6.73038688616,3.0,7,0.016016016016,0,0.462345017875,0.34335183254,5,187
225,1,4.80354923307,3.0,5,0.015015015015,0,0.0287385371095,-0.282666378257,5,176
226,1,8.13424685621,,10,0.015015015015,0,0.706144675988,1.01581282825,5,394
227,1,-1.39108944132,,1,0.015015015015,0,-2.18526731486,0.16471250326,5,39
228,1,2.49059073386,1.0,3,0.016016016016,0,-0.992807048146,0.469011878298,5,144
229,1,1.98698441361,1.0,6,0.015015015015,0,-0.984489236804,-0.0595478759804,5,301
230,1,6.86591578022,6.0,7,0.016016016016,1,0.497921295571,0.372151893513,5,315
231,1,7.83679796176,7.0,9,0.017017017017,0,1.20865483962,-0.78916655709,5,381
232,1,7.53948528155,,13,0.015015015015,0,0.554709951201,0.875355427952,5,627
233,1,6.8284631379,5.0,7,0.017017017017,0,0.121866364272,1.46286404508,5,360
234,1,2.95003603273,2.0,9,0.015015015015,0,-0.477744596526,-0.616730177688,5,414
235,1,9.58734525892,3.0,10,0.015015015015,0,1.59050740169,-0.184176946136,5,512
236,1,2.50793768481,1.0,5,0.017017017017,0,-0.44811473461,-1.14771811136,5,377
237,1,5.49995559537,1.0,6,0.015015015015,0,0.377083083986,-0.631293656584,5,408
238,1,5.03790313197,5.0,11,0.017017017017,0,-0.110459321461,0.369281096355,5,575
239,1,3.60088954769,0.0,4,0.015015015015,0,-0.499430602268,0.099181354489,5,389
240,1,7.78707376244,1.0,14,0.018018018018,0,0.742491668137,0.559598758029,5,714
241,1,2.06907447821,1.0,3,0.016016016016,0,-0.694790340798,-0.846554499391,5,292
242,1,0.559748766948,0.0,4,0.015015015015,0,-0.982475681973,-1.49282418713,5,426
243,1,4.60252478614,1.0,9,0.015015015015,0,-0.0830005947698,-0.148473429552,5,615
244,1,7.72079263922,5.0,13,0.016016016016,0,0.892599199156,0.042995041751,5,782
245,1,2.079894371,2.0,6,0.017017017017,0,-0.763399535859,-0.629907021425,5,529
246,1,7.98677519782,7.0,17,0.017017017017,0,0.944004816125,0.154760749442,5,827
247,1,2.88835660386,1.0,3,0.017017017017,0,-0.800580358875,0.290097680483,5,508
248,1,5.60010687404,5.0,18,0.019019019019,0,0.058433804483,0.424805460595,5,826
249,1,2.41648658977,1.0,6,0.016016016016,0,-1.05692651985,0.587266149318,5,655
250,1,5.93642750456,5.0,6,0.016016016016,1,0.679627926229,-1.10245627413,5,662
251,1,1.50904858951,0.0,3,0.014014014014,0,-1.24529953228,0.244947186366,5,609
252,1,10.4001384835,3.0,14,0.017017017017,0,1.73276761121,0.201835649888,5,823
253,1,4.05706521118,4.0,9,0.016016016016,0,-0.371659562568,0.172043898884,5,705
254,1,6.4241225872,6.0,10,0.016016016016,0,0.241389475421,0.699954160936,5,742
255,1,5.36655261761,5.0,14,0.015015015015,0,0.152667086179,-0.0914486409246,5,825
256,1,8.99978490696,2.0,10,0.017017017017,0,1.18444812375,0.446440535721,5,710
257,1,8.14343360306,7.0,12,0.015015015015,0,0.996732750389,0.153235351897,5,811
258,1,6.13746975334,5.0,12,0.016016016016,0,0.227777787496,0.454136390853,5,791
259,1,5.26612796253,2.0,7,0.016016016016,0,0.125255924502,-0.109639810977,5,494
260,1,4.01188183036,4.0,9,0.017017017017,0,-0.569219836664,0.719541340355,5,586
261,1,4.14052058199,4.0,5,0.017017017017,1,0.0895976458776,-1.12827235564,5,347
262,1,-2.67543945545,,1,0.016016016016,0,-2.51733616574,-0.123430958227,5,73
263,1,2.4656274194,0.0,3,0.014014014014,0,-0.846430042535,0.00491754700967,5,203
264,1,6.42562944772,3.0,9,0.017017017017,0,0.436314034815,0.116687343274,5,423
265,1,-0.0268845268153,,0,0.014014014014,1,-1.56857538312,-0.321158377451,5,44
266,1,7.32370448442,1.0,8,0.015015015015,0,0.625284717478,0.447850331985,5,365
267,1,4.71976097382,3.0,5,0.015015015015,0,-0.000445938110528,-0.278901211847,5,332
268,1,1.69138073093,1.0,2,0.017017017017,1,-1.1662407917,0.190103106016,5,115
269,1,5.01533867082,5.0,7,0.015015015015,0,0.160714356972,-0.466804400098,5,363
270,1,8.96491231148,5.0,11,0.018018018018,0,1.36675640569,-0.135356905596,5,463
271,1,10.4401771625,9.0,11,0.015015015015,0,1.79492827042,0.0553923512429,5,469
272,1,5.09941639752,1.0,6,0.013013013013,0,-0.081117038228,0.3427675122,5,441
273,1,1.29372816058,1.0,15,0.017017017017,0,-1.11091694703,-0.373520998325,5,602
274,1,1.98462778702,0.0,2,0.017017017017,0,-1.1451576788,0.420100823407,5,283
275,1,5.87068367449,3.0,6,0.018018018018,0,0.251260730881,0.116901481849,5,403
276,1,7.53895329375,2.0,15,0.016016016016,0,0.733301037402,0.339050181542,5,865
277,1,8.33027710838,6.0,12,0.016016016016,0,0.972951263221,0.411423318716,5,570
278,1,4.83460370347,4.0,7,0.016016016016,0,-0.117283992313,0.186455680406,5,471
279,1,9.64276886756,9.0,12,0.015015015015,0,1.41311439786,0.403425673976,5,689
280,1,3.39119803181,3.0,8,0.018018018018,0,-0.38528827025,-0.452937157441,5,549
281,1,3.929900931,2.0,4,0.016016016016,0,-0.221973711089,-0.404177935734,5,531
282,1,0.555863522721,,1,0.014014014014,0,-1.70161685794,0.660714096542,5,130
283,1,5.86618037929,2.0,8,0.017017017017,0,0.216771706761,0.215865259011,5,579
284,1,7.01726581684,3.0,13,0.016016016016,0,0.603354013336,0.207203776832,5,775
285,1,-0.113141615279,,0,0.016016016016,1,-1.86892748251,0.493640832255,5,12
286,1,7.99743329427,2.0,10,0.015015015015,0,0.870255770664,0.386665982274,5,728
287,1,2.89177151003,2.0,4,0.017017017017,0,-0.444926930151,-0.773447699517,5,564
288,1,5.23894920005,3.0,12,0.017017017017,0,0.0425353198159,0.111343240601,5,737
289,1,6.57957417427,4.0,8,0.019019019019,0,0.492138898639,0.103157478351,5,622
290,1,7.73074675377,3.0,14,0.016016016016,0,0.648205805717,0.786129336616,5,784
291,1,4.52134091098,3.0,14,0.015015015015,0,-0.0950567223748,-0.193488921901,5,788
292,1,6.918881475,3.0,8,0.017017017017,0,0.889894305781,-0.75080144234,5,603
293,1,5.87407045862,5.0,8,0.017017017017,0,0.515658240586,-0.672904263141,5,644
294,1,9.08179086132,9.0,15,0.015015015015,0,1.53547082286,-0.524621607258,5,834
295,1,5.59477073385,5.0,10,0.014014014014,0,0.26400066379,-0.197231257516,5,709
296,1,6.87054611281,5.0,12,0.015015015015,0,0.500649871318,0.368596498857,5,743
297,1,1.17188195948,0.0,5,0.015015015015,0,-1.4120903189,0.408152916191,5,415
298,1,3.93978518137,0.0,10,0.016016016016,0,-0.495478310027,0.426220111452,5,670
299,1,2.17061658933,0.0,6,0.017017017017,0,-0.787506181928,-0.466864864884,5,457
300,1,4.04400669027,0.0,5,0.017017017017,0,-0.679334092552,1.08200896793,5,401
301,1,5.4485548797,3.0,13,0.017017017017,0,0.0418128057478,0.323116462456,5,720
302,1,6.25062053958,6.0,10,0.017017017017,0,0.548032623689,-0.393477331487,5,489
303,1,0.754401652823,0.0,1,0.019019019019,1,-1.43542225839,0.0606684280056,5,194
304,1,9.54334449975,8.0,10,0.017017017017,0,1.49879793351,0.0469506992202,5,409
305,1,4.01448539821,4.0,6,0.013013013013,0,-0.174276339429,-0.462685583501,5,300
306,1,5.52941519636,2.0,6,0.015015015015,0,0.517891052012,-1.02425795968,5,233
307,1,8.44648637849,7.0,10,0.016016016016,0,1.1154218354,0.100220872298,5,382
308,1,3.35328844367,3.0,4,0.015015015015,1,-0.398907204107,-0.449989944008,5,138
309,1,2.39206200488,2.0,4,0.016016016016,0,-0.671078619257,-0.594702137353,5,135
310,1,0.353357706583,,16,0.016016016016,0,-1.41253837615,-0.409027164974,5,721
311,1,9.25895792753,3.0,12,0.017017017017,0,1.56240871808,-0.428268226702,5,289
312,1,-1.04840649603,,1,0.016016016016,0,-1.98550466507,-0.0918925008255,5,21
313,1,-0.849923122543,,3,0.018018018018,0,-1.9203364933,-0.088913642641,5,77
314,1,0.858816958158,0.0,3,0.017017017017,0,-0.980953379188,-1.19832290428,5,124
315,1,5.96234808372,2.0,10,0.014014014014,0,0.593879103966,-0.819289228181,5,288
316,1,-0.0107968642694,,0,0.016016016016,1,-1.61249654217,-0.17330723776,5,17
317,1,9.31202098656,4.0,11,0.016016016016,0,1.36369664181,0.220931061115,5,216
318,1,3.91693814641,,5,0.018018018018,0,-0.400769049009,0.119245293435,5,148
319,1,7.68791969314,7.0,12,0.017017017017,0,0.632810722829,0.789487524651,5,267
320,1,6.43494183283,5.0,8,0.018018018018,0,0.0843470444574,1.18190069946,5,183
321,1,9.69658449467,2.0,10,0.016016016016,0,1.65892805729,-0.280199677195,5,208
322,1,11.5630395342,9.0,15,0.02002002002,0,1.95462377773,0.699168201045,5,487
323,1,2.22573641524,1.0,3,0.017017017017,0,-0.816942593959,-0.32343580288,5,151
324,1,2.79730820319,2.0,11,0.017017017017,0,-0.465690093749,-0.805621515558,5,210
325,1,1.7750800584,,3,0.016016016016,0,-1.04480155561,-0.0905152747717,5,106
326,1,6.23888944826,2.0,15,0.015015015015,0,0.465180728233,-0.156652736439,5,592
327,1,7.58356991131,1.0,9,0.017017017017,0,0.824104736946,0.111255700474,5,192
328,1,4.81775787806,2.0,5,0.016016016016,0,-0.0561348721101,-0.013837505612,5,167
329,1,4.00207840627,2.0,5,0.016016016016,0,-0.202886978736,-0.389260657526,5,169
330,1,9.65801427314,9.0,14,0.017017017017,0,1.38587087424,0.500401650407,5,544
331,1,4.94372407961,3.0,6,0.015015015015,0,-0.214693760762,0.587805361896,5,172
332,1,-1.59428311856,,1,0.015015015015,0,-2.14404276276,-0.162154830284,5,35
333,1,1.91807266155,0.0,2,0.018018018018,0,-0.925640668616,-0.305005332599,5,70
334,1,5.0968415035,3.0,6,0.014014014014,0,0.0545217409135,-0.0667237192408,5,309
335,1,6.69653070996,6.0,15,0.016016016016,0,0.368027457408,0.592448337738,5,621
336,1,-0.680223028376,,1,0.016016016016,0,-1.75337879801,-0.420086634335,5,13
337,1,5.11341040465,5.0,13,0.016016016016,0,0.338215475528,-0.901236021937,5,465
338,1,5.53847067671,5.0,6,0.018018018018,1,0.0800171981529,0.29841908225,5,323
339,1,6.67658620504,4.0,7,0.016016016016,0,0.578345171161,-0.0584493084405,5,366
340,1,4.8984496853,3.0,6,0.016016016016,0,-0.0621064483151,0.0847690302451,5,374
341,1,5.79564687594,4.0,9,0.015015015015,0,0.315759508368,-0.151631649168,5,433
342,1,6.10674871001,2.0,9,0.015015015015,0,0.263771855877,0.315433142374,5,456
343,1,2.41545432161,2.0,3,0.017017017017,1,-0.764103845954,-0.292234140528,5,357
344,1,5.978853898,2.0,11,0.015015015015,0,0.501814154923,-0.526588566767,5,503
345,1,3.16346747106,1.0,5,0.015015015015,0,-0.658630196963,0.139358061952,5,422
346,1,5.21608309326,4.0,11,0.016016016016,0,0.107129262908,-0.105304695461,5,698
347,1,5.63381242304,1.0,6,0.016016016016,0,0.0982007888329,0.339210056543,5,438
348,1,8.1914359882,4.0,11,0.016016016016,0,1.1027076774,-0.116687044012,5,701
349,1,-1.26367001682,,1,0.016016016016,0,-1.9190081692,-0.506645509222,5,10
350,1,6.66330440646,4.0,7,0.016016016016,0,0.596777075516,-0.127026820089,5,683
351,1,6.68459882838,1.0,10,0.016016016016,0,0.527663106581,0.101609508635,5,805
352,1,3.95058307215,2.0,4,0.017017017017,0,-0.548237022372,0.595294139263,5,500
353,1,7.85838424094,3.0,10,0.017017017017,0,0.811527730146,0.423801050502,5,839
354,1,7.49384641964,7.0,9,0.016016016016,0,0.797814596075,0.100402631413,5,871
355,1,9.30743778421,5.0,10,0.016016016016,0,1.28156331563,0.462747837309,5,904
356,1,6.52087913213,6.0,7,0.017017017017,1,0.48956423479,0.0521864277637,5,800
357,1,8.60687405679,8.0,13,0.016016016016,0,1.11453659119,0.263264283216,5,957
358,1,4.73297020074,2.0,10,0.014014014014,0,-0.0432732799029,-0.137209959554,5,943
359,1,3.57322322622,1.0,9,0.017017017017,0,-0.446672411917,-0.086759538028,5,936
360,1,6.4696776403,4.0,8,0.015015015015,0,0.345555583189,0.433010890729,5,938
361,1,7.53667658214,7.0,16,0.016016016016,0,0.684327738409,0.483693366917,5,998
362,1,3.01728940671,2.0,7,0.015015015015,0,-0.474520074769,-0.55915036898,5,932
363,1,7.14345220463,6.0,12,0.014014014014,0,0.795086630387,-0.241807686536,5,984
364,1,5.270056754,2.0,7,0.017017017017,0,0.180256589627,-0.270713014886,5,923
365,1,6.67693504649,4.0,13,0.017017017017,0,0.636954574958,-0.23392867838,5,982
366,1,8.52361135395,5.0,13,0.016016016016,0,1.21987022179,-0.135999311411,5,983
367,1,6.53601645267,5.0,12,0.016016016016,0,0.551745975202,-0.119221472934,5,968
368,1,3.65759642804,3.0,15,0.016016016016,0,-0.490214888167,0.128241092537,5,989
369,1,4.51909854981,4.0,7,0.017017017017,0,-0.246847257886,0.259640323469,5,918
370,1,3.34668516689,1.0,4,0.017017017017,0,-0.811227341618,0.780367191749,5,848
371,1,2.32091747012,2.0,3,0.016016016016,1,-0.55425202686,-1.0163264493,5,860
372,1,3.50152615894,2.0,4,0.014014014014,0,-0.283489144384,-0.648006407903,5,893
373,1,4.1440513074,1.0,9,0.015015015015,0,-0.420697135677,0.406142714433,5,956
374,1,3.50347828354,1.0,4,0.015015015015,0,-0.740592151272,0.725254737361,5,874
375,1,4.02564735775,2.0,11,0.015015015015,0,-0.408530452413,0.251238714993,5,960
376,1,6.75574647896,1.0,7,0.019019019019,0,0.657229360209,-0.215941601668,5,880
377,1,3.10900273241,2.0,16,0.016016016016,0,-0.83647171919,0.618417889975,5,992
378,1,2.27307386755,1.0,3,0.015015015015,0,-1.09869283362,0.569152368421,5,838
379,1,8.97455600007,2.0,9,0.015015015015,0,1.2513515862,0.220501241459,5,899
380,1,8.3390806079,6.0,10,0.014014014014,0,1.15192029453,-0.116680275693,5,962
381,1,6.16765026492,4.0,8,0.015015015015,0,0.284503934864,0.314138460329,5,916
382,1,2.84710321218,1.0,3,0.017017017017,0,-0.54133926272,-0.528878999657,5,832
383,1,10.2205325389,10.0,13,0.016016016016,0,1.52201591062,0.654484807075,5,967
384,1,2.51593353657,2.0,3,0.018018018018,1,-0.829595303685,0.00471944762594,5,796
385,1,4.34331486507,4.0,13,0.015015015015,0,-0.0899454348344,-0.386848830423,5,985
386,1,7.74987206362,7.0,11,0.015015015015,0,1.10167405819,-0.555150110957,5,966
387,1,1.79699138938,0.0,6,0.017017017017,0,-0.722783789405,-1.0346572424,5,909
388,1,5.03347339606,5.0,7,0.015015015015,0,0.249136634435,-0.713936507249,5,947
389,1,11.1937873808,11.0,15,0.015015015015,0,2.01658771474,0.144024236536,5,995
390,1,3.14829151194,3.0,4,0.017017017017,1,-0.693403646712,0.228502452077,5,855
391,1,3.24825996196,1.0,7,0.017017017017,0,-0.637885532461,0.161916559344,5,929
392,1,4.96286103608,3.0,12,0.015015015015,0,0.0291116040763,-0.124473776148,5,972
393,1,9.5563143784,1.0,10,0.017017017017,0,1.23767252977,0.843296789075,5,955
394,1,1.91331087277,1.0,14,0.016016016016,0,-0.909255586826,-0.358922366749,5,980
395,1,2.26080427011,2.0,3,0.017017017017,1,-0.409414705058,-1.51095161471,5,868
396,1,5.47263600797,4.0,10,0.014014014014,0,0.202497117623,-0.134855344894,5,959
397,1,3.74047337833,2.0,5,0.016016016016,0,-0.437165586656,0.0519701382986,5,933
398,1,4.88344349193,4.0,8,0.016016016016,0,0.297736520782,-1.00976607041,5,939
399,1,9.45554598611,6.0,12,0.016016016016,0,1.33314656324,0.456106296384,5,963
400,1,2.78407030273,2.0,9,0.016016016016,0,-1.01866200567,0.840056319748,5,948
401,1,3.05993695822,3.0,9,0.016016016016,0,-0.605354656629,-0.123999071887,5,940
402,1,7.32296198104,6.0,16,0.016016016016,0,0.904986049803,-0.391996168365,5,991
403,1,8.51130757917,3.0,9,0.018018018018,0,0.997820540115,0.517845958827,5,919
404,1,5.38582856829,2.0,7,0.015015015015,0,0.170765554383,-0.126468094861,5,924
405,1,9.49244230612,9.0,14,0.015015015015,0,1.64334944166,-0.43760601887,5,969
406,1,3.22663961886,2.0,5,0.015015015015,0,-0.9347311065,1.03083293836,5,798
407,1,0.905582412105,0.0,9,0.018018018018,0,-1.675043173,0.930711931107,5,851
408,1,0.87353231928,0.0,2,0.016016016016,0,-1.46253512579,0.261137696651,5,548
409,1,3.38702387504,1.0,6,0.016016016016,0,-0.15696265619,-1.14208815639,5,771
410,1,12.1339723846,6.0,15,0.017017017017,0,2.53447890475,-0.469464329609,5,927
411,1,11.5480122809,11.0,12,0.016016016016,1,1.70190605774,1.44229410762,5,894
412,1,2.71241795556,1.0,8,0.016016016016,0,-0.683407947654,-0.237358201477,5,734
413,1,8.47745438423,6.0,9,0.016016016016,0,1.20473807217,-0.136759832275,5,755
414,1,3.9057343045,1.0,4,0.014014014014,0,-0.633645854354,0.806671867558,5,533
415,1,5.16831554887,2.0,8,0.015015015015,0,0.01908146368,0.111071157831,5,685
416,1,2.65224034665,0.0,4,0.014014014014,0,-0.781522397789,-0.0031924599834,5,345
417,1,8.60147735064,1.0,10,0.019019019019,0,1.32497975303,-0.373461908463,5,680
418,1,8.09384880192,5.0,14,0.016016016016,0,1.17798501968,-0.440106257115,5,822
419,1,2.23548869848,1.0,3,0.017017017017,0,-0.981691429627,0.18056298736,5,342
420,1,5.61885281736,5.0,8,0.015015015015,0,-0.0752561403461,0.844621238403,5,639
421,1,6.73767656985,5.0,7,0.013013013013,0,0.471474212806,0.323253931431,5,673
422,1,1.79973983524,0.0,2,0.016016016016,0,-1.09958160189,0.0984846408968,5,141
423,1,5.74924318692,5.0,9,0.018018018018,0,0.318589965671,-0.206526710092,5,543
424,1,2.25833841866,0.0,6,0.018018018018,0,-1.04096978891,0.381247785388,5,308
425,1,5.38379233141,4.0,15,0.016016016016,0,0.583147127675,-1.36564905161,5,740
426,1,10.6249968998,8.0,15,0.017017017017,0,1.88452133951,-0.0285671187714,5,681
427,1,6.58526222065,6.0,7,0.016016016016,1,0.434822479506,0.280794782131,5,273
428,1,0.184528035923,0.0,2,0.016016016016,0,-1.72937851895,0.372663592771,5,114
429,1,9.15847385145,8.0,10,0.014014014014,0,1.41239571117,-0.0787132820595,5,597
430,1,-1.06764363268,,0,0.018018018018,1,-2.01985977258,-0.00806431493812,5,71
431,1,5.73874134177,5.0,7,0.018018018018,0,0.351065179221,-0.314454195894,5,244
432,1,4.02035761983,,5,0.015015015015,0,-0.193152574958,-0.400184655292,5,153
433,1,1.09471525721,1.0,2,0.013013013013,1,-1.14888376803,-0.458633438694,5,87
434,1,8.92308515524,7.0,10,0.018018018018,0,1.12171762509,0.557932279977,5,190
435,1,8.31013958105,6.0,11,0.015015015015,0,1.19211753115,-0.266213012387,5,367
436,1,3.75979966045,3.0,5,0.015015015015,0,-0.542657144448,0.387771093798,5,78
437,1,5.24629520376,1.0,10,0.018018018018,0,0.619090840672,-1.61097731826,5,105
438,1,6.65841878961,2.0,15,0.016016016016,0,0.498851899465,0.161863091213,5,376
439,1,7.52821942953,6.0,9,0.018018018018,0,0.681233292356,0.484519552466,5,90
440,1,0.181716157152,,2,0.015015015015,0,-1.47770656196,-0.385164156974,5,15
441,1,6.47523254247,5.0,11,0.015015015015,0,0.539161485217,-0.142251913176,5,161
442,1,-0.0438071994619,,0,0.017017017017,1,-1.60445778022,-0.230433858794,5,8
443,1,2.56145205205,1.0,3,0.015015015015,0,-0.895790619904,0.248823911764,5,45
444,1,3.44091543501,,4,0.016016016016,0,-0.287682539535,-0.696036946388,5,54
445,1,1.90994892553,,5,0.017017017017,0,-0.813785555205,-0.648694408858,5,75
446,1,1.92955591775,1.0,2,0.017017017017,1,-0.857817610444,-0.496991250913,5,24
447,1,6.31940027304,,14,0.015015015015,0,0.427183298004,0.0378503790283,5,218
448,1,6.86593371621,,7,0.019019019019,0,0.582052709299,0.119775588309,5,88
449,1,5.78059066816,4.0,9,0.016016016016,0,0.306507763268,-0.138932621646,5,155
450,1,1.05074544712,,8,0.017017017017,0,-1.35338351104,0.110895980223,5,142
451,1,3.01546249725,2.0,6,0.015015015015,0,-0.762278692099,0.302298573546,5,147
452,1,1.9965460325,1.0,2,0.016016016016,1,-0.997779682868,-0.0101149188972,5,84
453,1,10.2189574795,4.0,11,0.016016016016,0,2.10253116639,-1.08863601969,5,207
454,1,5.16752948733,1.0,8,0.02002002002,0,0.0458786983854,0.0298933921745,5,174
455,1,5.69049475413,2.0,7,0.016016016016,0,0.0924810214268,0.413051689848,5,177
456,1,4.42259959371,2.0,7,0.015015015015,0,-0.157983131336,-0.103451012287,5,185
457,1,0.953992118105,0.0,9,0.017017017017,0,-1.58866191178,0.71997785344,5,217
458,1,3.50990772798,1.0,9,0.017017017017,0,-0.568285310298,0.214763658878,5,326
459,1,0.434228223604,0.0,2,0.015015015015,0,-1.7104251285,0.565503609109,5,154
460,1,5.00273955358,0.0,7,0.017017017017,0,0.195934342233,-0.585063473122,5,236
461,1,7.45482125367,2.0,8,0.015015015015,0,0.938441086996,-0.360502007317,5,346
462,1,9.41535054756,2.0,10,0.017017017017,0,1.30182313377,0.509881146249,5,361
463,1,4.27433634438,3.0,8,0.015015015015,0,-0.503738036977,0.785550455307,5,566
464,1,5.67208073904,5.0,9,0.015015015015,0,0.277507036048,-0.160440369104,5,573
465,1,5.49822509659,1.0,10,0.017017017017,0,0.0425520238972,0.370569024896,5,608
466,1,9.69360500988,5.0,12,0.015015015015,0,1.75055954579,-0.558073627505,5,878
467,1,5.87789077727,4.0,9,0.016016016016,0,0.228834230437,0.191388085955,5,707
468,1,5.00286004908,5.0,7,0.016016016016,0,-0.32545352613,0.979220627466,5,580
469,1,-0.364336941318,,0,0.017017017017,1,-1.47363691274,-0.943426203089,5,92
470,1,7.59360769007,6.0,13,0.014014014014,0,0.678063543173,0.559417060553,5,882
471,1,14.1097861715,12.0,15,0.015015015015,0,3.12305896157,-0.259390713261,5,987
472,1,3.26697121877,3.0,11,0.016016016016,0,-0.569279084175,-0.0251915286993,5,820
473,1,4.22415301548,3.0,8,0.015015015015,0,-0.501400706236,0.728355134189,5,760
474,1,6.44657887041,4.0,12,0.015015015015,0,0.323688825296,0.475512394516,5,879
475,1,6.86269893023,1.0,14,0.015015015015,0,0.84259734504,-0.66509310489,5,883
476,1,5.12295575354,4.0,7,0.016016016016,0,-0.00495768145229,0.137828797895,5,754
477,1,1.265559139,1.0,3,0.016016016016,0,-1.34222448223,0.292232585687,5,510
478,1,5.99024904474,4.0,6,0.016016016016,0,0.269643471437,0.181318630426,5,725
479,1,3.29228809548,0.0,4,0.016016016016,0,-0.602162585286,0.0987758513421,5,669
480,1,6.022577538,0.0,7,0.015015015015,0,0.274112435197,0.200240232409,5,700
481,1,6.30187270427,5.0,14,0.017017017017,0,0.484862876987,-0.152715926688,5,845
482,1,9.9542840205,9.0,11,0.016016016016,0,1.79766195225,-0.438701836257,5,787
483,1,0.719135036497,0.0,2,0.017017017017,0,-1.2795935335,-0.442084362989,5,504
484,1,1.5054334336,0.0,3,0.015015015015,0,-1.26222515274,0.292108891804,5,490
485,1,3.00101694521,1.0,16,0.016016016016,0,-0.933293636329,0.800897854197,5,903
486,1,5.73871414009,3.0,7,0.013013013013,0,0.134177287929,0.336182276308,5,697
487,1,5.16628453928,0.0,15,0.018018018018,0,-0.102369803832,0.47339395078,5,843
488,1,6.74950882206,3.0,7,0.015015015015,0,0.714576160358,-0.394219659016,5,591
489,1,5.46454431828,1.0,10,0.016016016016,0,0.274268595863,-0.358261469309,5,699
490,1,0.379223038005,0.0,1,0.015015015015,1,-1.40083380412,-0.418275549636,5,442
491,1,3.04886224965,0.0,7,0.016016016016,0,-0.6660871664,0.0471237488471,5,563
492,1,3.60405763831,3.0,4,0.016016016016,1,-0.602251361487,0.410811722774,5,443
493,1,5.59270928971,0.0,14,0.016016016016,0,0.29734605192,-0.299328866046,5,819
494,1,0.923376278158,0.0,2,0.017017017017,0,-1.27094835267,-0.26377866384,5,436
495,1,5.78636009099,1.0,14,0.016016016016,0,0.0554158438893,0.620112559325,5,808
496,1,3.05028797309,0.0,6,0.016016016016,0,-0.872216597001,0.666937764096,5,498
497,1,2.70577463449,0.0,4,0.015015015015,0,-0.795685404773,0.0928308488053,5,495
498,1,5.87764486935,2.0,9,0.015015015015,0,0.15956403162,0.39895277449,5,513
499,1,8.32616114359,3.0,13,0.015015015015,0,0.974577091848,0.402429868044,5,695
500,1,0.608282264759,0.0,1,0.014014014014,1,-1.44927195285,-0.0439018766959,5,397
501,1,8.34440047072,7.0,9,0.014014014014,0,1.13869773994,-0.0716927490955,5,552
502,1,5.45854001907,2.0,6,0.017017017017,0,0.147770685607,0.0152279622488,5,482
503,1,1.2823661338,1.0,2,0.018018018018,1,-1.21838933661,-0.062465856379,5,390
504,1,7.22628349354,0.0,14,0.017017017017,0,0.680253357239,0.185523421828,5,642
505,1,6.95675794729,4.0,10,0.016016016016,0,0.511325228711,0.422782261154,5,534
506,1,4.80937408443,0.0,10,0.018018018018,0,-0.149784491327,0.25872755841,5,542
507,1,1.38568087314,1.0,6,0.015015015015,0,-1.38091018722,0.528411434807,5,499
508,1,4.15655903692,4.0,5,0.017017017017,1,-0.322156608869,0.123028863527,5,395
509,1,5.51041530807,2.0,16,0.018018018018,0,0.169803703787,0.00100419671022,5,682
510,1,3.90620493175,2.0,10,0.014014014014,0,-0.200925507621,-0.491018545387,5,600
511,1,7.18069097578,4.0,8,0.016016016016,0,0.718949272845,0.0238431572457,5,546
512,1,1.6469211005,1.0,5,0.017017017017,0,-0.963865241173,-0.461483175976,5,532
513,1,2.65632485527,1.0,4,0.016016016016,0,-0.619663010669,-0.484686112727,5,455
514,1,3.38725973062,1.0,8,0.017017017017,0,-0.524783052757,-0.0383911111051,5,585
515,1,-1.18793645973,,0,0.017017017017,1,-2.04907181024,-0.0407210290019,5,3
516,1,9.24677085785,8.0,11,0.014014014014,0,1.65809408793,-0.727511405948,5,756
517,1,7.92284740001,1.0,14,0.017017017017,0,0.823633372231,0.451947283319,5,781
518,1,5.86850750563,1.0,11,0.017017017017,0,0.476731279544,-0.561686332997,5,704
519,1,7.90353587412,3.0,11,0.013013013013,0,0.59216693883,1.12703505763,5,801
520,1,7.78682188638,2.0,16,0.016016016016,0,0.931904007188,-0.00889013518568,5,888
521,1,7.84300578754,2.0,9,0.016016016016,0,1.00080810064,-0.159418514372,5,668
522,1,3.83225822465,2.0,4,0.019019019019,0,-0.603042634659,0.64138612863,5,558
523,1,5.53496282645,5.0,10,0.017017017017,0,0.0985080498938,0.239438676772,5,762
524,1,2.45723301593,2.0,4,0.015015015015,0,-1.12700917537,0.838260542034,5,618
525,1,4.04581609178,2.0,13,0.013013013013,0,-0.47436376581,0.468907389206,5,925
526,1,3.37869878406,2.0,8,0.015015015015,0,-0.337325453637,-0.609324855031,5,665
527,1,2.40945117701,1.0,12,0.016016016016,0,-0.549425111969,-0.942273487078,5,766
528,1,6.62038550323,4.0,7,0.017017017017,0,0.391532917448,0.445786750884,5,623
529,1,5.97380922463,5.0,7,0.016016016016,0,0.588806716163,-0.792610923856,5,630
530,1,7.05419894176,1.0,14,0.018018018018,0,0.613546609364,0.213559113665,5,789
531,1,1.42815818642,0.0,2,0.016016016016,0,-1.41213115266,0.664551644393,5,302
532,1,10.6264620305,6.0,11,0.015015015015,0,1.71481169331,0.482026950588,5,723
533,1,4.69536653498,2.0,5,0.017017017017,0,0.0635934067319,-0.495413685221,5,393
534,1,-0.798884226436,,2,0.015015015015,0,-1.79991304387,-0.399145094829,5,79
535,1,3.84247532808,1.0,5,0.016016016016,0,-0.108127771594,-0.833141357137,5,406
536,1,1.18069255205,1.0,13,0.013013013013,0,-1.21210876446,-0.182981154572,5,886
537,1,6.61135880297,2.0,13,0.014014014014,0,0.655216038724,-0.354289313207,5,844
538,1,4.64215196313,2.0,6,0.016016016016,0,-0.00538743646579,-0.341685727475,5,476
539,1,-0.551906583807,,0,0.015015015015,1,-1.9083300768,0.173083646584,5,14
540,1,2.05678662581,2.0,3,0.018018018018,1,-0.703363573884,-0.833122652538,5,388
541,1,5.37210365394,5.0,9,0.015015015015,0,-0.0460547044264,0.51026776722,5,713
542,1,6.96823372466,6.0,11,0.016016016016,0,0.260699293386,1.1861358445,5,769
543,1,4.15932493886,4.0,8,0.014014014014,0,-0.0715375173861,-0.626062508983,5,731
544,1,3.56018149558,1.0,6,0.014014014014,0,-0.658260783242,0.5349638453,5,711
545,1,6.9109849458,2.0,7,0.016016016016,0,0.400537516787,0.709372395443,5,664
546,1,4.03006300463,3.0,12,0.015015015015,0,-0.398279674759,0.22490202891,5,768
547,1,5.37853115833,5.0,12,0.016016016016,0,0.296195852671,-0.510056399683,5,751
548,1,3.29949878258,3.0,18,0.019019019019,0,-0.682266622602,0.346298650381,5,797
549,1,4.95813708536,3.0,8,0.016016016016,0,-0.0303377992051,0.0491504829766,5,706
550,1,7.62910986949,2.0,15,0.015015015015,0,0.544071854804,0.996894305076,5,935
551,1,2.97402299375,2.0,3,0.015015015015,1,-0.48469042141,-0.57190574202,5,514
552,1,2.24089018225,2.0,5,0.017017017017,0,-0.901262361963,-0.0553227318652,5,567
553,1,-0.501584477083,,0,0.015015015015,1,-1.66597312207,-0.503665110875,5,48
554,1,4.19515470972,4.0,6,0.015015015015,0,-0.270472132542,0.00657110734421,5,594
555,1,3.691969246,2.0,5,0.02002002002,0,-0.510630148462,0.223859691388,5,460
556,1,6.83752033867,4.0,7,0.014014014014,0,0.776811706349,-0.492914780372,5,605
557,1,9.17967312665,5.0,11,0.017017017017,0,1.52052894076,-0.381913695639,5,676
558,1,2.94335317073,1.0,10,0.017017017017,0,-0.910754658753,0.675617146991,5,568
559,1,4.517113292,2.0,12,0.016016016016,0,0.185292633589,-1.03876460877,5,638
560,1,5.1178701559,3.0,7,0.016016016016,0,0.128037842585,-0.266243371852,5,427
561,1,6.50850886931,6.0,18,0.018018018018,0,0.480912579716,0.0657711301573,5,937
562,1,11.7967240937,9.0,15,0.017017017017,0,2.47046815667,-0.614680376255,5,678
563,1,3.38865642321,0.0,7,0.017017017017,0,-0.270528338856,-0.799758560227,5,421
564,1,4.19656311563,2.0,7,0.015015015015,0,-0.304273223057,0.109382784801,5,391
565,1,5.07592306423,4.0,9,0.016016016016,0,0.0569833502357,-0.095026986474,5,411
566,1,1.97525394695,1.0,2,0.017017017017,1,-1.28874174377,0.841479178253,5,270
567,1,1.33813812781,1.0,2,0.015015015015,1,-1.12603099977,-0.283768872882,5,200
568,1,0.905365379489,0.0,7,0.015015015015,0,-1.34042581948,-0.073357162085,5,339
569,1,3.11146707752,3.0,8,0.016016016016,0,-0.815648499705,0.558412576631,5,344
570,1,6.00691555976,4.0,8,0.018018018018,0,0.521933521221,-0.558885003903,5,340
571,1,5.74483339138,0.0,15,0.017017017017,0,0.0870033361754,0.48382338285,5,392
572,1,0.104727128991,0.0,2,0.016016016016,0,-1.40721735496,-0.673620806129,5,52
573,1,7.48487140772,7.0,9,0.014014014014,0,0.744578051843,0.251137252192,5,312
574,1,3.61716771344,2.0,4,0.014014014014,0,-0.423820585257,-0.111370530786,5,129
575,1,7.70831644121,5.0,10,0.016016016016,0,0.832139734584,0.211897237462,5,257
576,1,4.98450007703,4.0,5,0.015015015015,1,-0.102527613714,0.292082918174,5,156
577,1,9.08709684597,5.0,13,0.015015015015,0,1.52656791359,-0.492606894793,5,364
578,1,7.41040045248,5.0,9,0.018018018018,0,0.542272656669,0.78358248247,5,184
579,1,2.99484681534,1.0,3,0.015015015015,0,-0.865170454347,0.590358178378,5,37
580,1,-4.48203339487,,0,0.015015015015,1,-3.13471579474,-0.077886010662,5,23
581,1,-0.230862196044,,4,0.015015015015,0,-1.88524228845,0.424864669313,5,42
582,1,1.9801975721,0.0,3,0.014014014014,0,-1.04864568601,0.12613463013,5,94
583,1,4.55282610624,,8,0.014014014014,0,-0.328078691217,0.53706217989,5,180
584,1,8.20201841222,0.0,11,0.016016016016,0,0.938205129161,0.387403024738,5,235
585,1,-1.0972253036,,2,0.018018018018,0,-1.87349689764,-0.476734610676,5,28
586,1,-2.71866139285,,0,0.016016016016,1,-2.70068070783,0.38338073065,5,16
587,1,6.54013271727,6.0,9,0.015015015015,0,0.645585319133,-0.396623240128,5,254
588,1,4.36370110104,0.0,5,0.015015015015,0,-0.147190587595,-0.19472713618,5,57
589,1,1.04929686048,,3,0.016016016016,0,-1.4538870269,0.410957941164,5,56
590,1,3.66949545307,0.0,8,0.015015015015,0,-0.208442780594,-0.705176205146,5,279
591,1,1.90664143034,,4,0.018018018018,0,-0.937627970058,-0.280474659491,5,150
592,1,7.05823575425,4.0,12,0.017017017017,0,0.713062993943,-0.0809532275757,5,398
593,1,5.41218905658,5.0,7,0.016016016016,0,0.428168435832,-0.87231625092,5,372
594,1,4.59943818083,4.0,6,0.016016016016,0,-0.181182329535,0.142985169436,5,387
595,1,4.19124205014,4.0,5,0.015015015015,1,-0.283909203882,0.0429696617826,5,380
596,1,11.8060824732,11.0,13,0.014014014014,0,2.25157657016,0.0513527627273,5,944
597,1,7.77756587778,2.0,13,0.015015015015,0,0.804560131993,0.363885481798,5,661
598,1,4.72306653747,1.0,7,0.016016016016,0,-0.00897489908012,-0.250008765291,5,425
599,1,5.89752194085,1.0,9,0.016016016016,0,0.563580625204,-0.793219934764,5,486
600,1,1.86469116022,0.0,4,0.013013013013,0,-1.25032123971,0.615654879353,5,453
601,1,4.97029154468,1.0,12,0.016016016016,0,0.0669986680607,-0.2307044595,5,654
602,1,5.5556951875,5.0,10,0.018018018018,0,0.0769451105783,0.324859855761,5,537
603,1,3.40393934674,0.0,16,0.016016016016,0,-0.493353618982,-0.115999796318,5,971
604,1,5.80069985595,3.0,7,0.016016016016,0,0.361109663122,-0.282629133416,5,477
605,1,6.82950755549,6.0,11,0.018018018018,0,0.747757933389,-0.413766244673,5,540
606,1,-0.292758827674,,0,0.016016016016,1,-1.76683705331,0.0077523322522,5,205
607,1,5.54477074924,4.0,8,0.016016016016,0,0.12264074706,0.176848508061,5,562
608,1,5.1225671021,3.0,6,0.014014014014,0,0.0144401896035,0.0792465332853,5,493
609,1,3.51896212502,2.0,8,0.014014014014,0,-0.58055522149,0.260627789486,5,577
610,1,1.32652478986,0.0,2,0.016016016016,0,-1.37341826005,0.446779570013,5,255
611,1,2.25519660386,0.0,3,0.018018018018,0,-1.09236285524,0.532285169576,5,399
612,1,4.59905573477,3.0,9,0.017017017017,0,-0.128086317142,-0.0166853138015,5,584
613,1,6.2908882783,3.0,9,0.015015015015,0,0.369025800952,0.183810875445,5,610
614,1,5.51197237316,5.0,7,0.018018018018,0,0.358415859303,-0.563275204752,5,574
615,1,7.19616237936,2.0,8,0.015015015015,0,0.817663226083,-0.256827298889,5,595
616,1,10.9674006827,9.0,12,0.015015015015,0,1.9398252718,0.14792486726,5,758
617,1,6.05751709305,3.0,7,0.016016016016,0,0.368747584366,-0.0487256600525,5,641
618,1,7.13667239254,3.0,11,0.018018018018,0,0.544827272435,0.502190575236,5,748
619,1,5.1465521189,0.0,8,0.016016016016,0,0.225620604711,-0.530309695232,5,686
620,1,8.53195217231,8.0,9,0.016016016016,1,1.1321845266,0.135398592502,5,736
621,1,0.34037306487,0.0,1,0.016016016016,1,-1.36824541495,-0.554890690277,5,479
622,1,4.22142174409,2.0,15,0.015015015015,0,0.04284528883,-0.907114122404,5,986
623,1,9.09814316917,9.0,11,0.014014014014,0,1.36059739827,0.0163509743759,5,920
624,1,7.93119877218,5.0,9,0.016016016016,0,0.736521698694,0.721633676098,5,767
625,1,4.87931785108,2.0,8,0.016016016016,0,0.441785751016,-1.44603940197,5,765
626,1,3.71955242772,1.0,4,0.015015015015,0,-0.412505460884,-0.0429311896323,5,745
627,1,2.13552147186,2.0,11,0.018018018018,0,-1.0239927002,0.20749957245,5,866
628,1,7.09748559678,7.0,9,0.017017017017,0,0.839518381073,-0.421069546436,5,841
629,1,6.6815090816,5.0,14,0.014014014014,0,0.4765401194,0.251888723395,5,999
630,1,7.47227245851,5.0,16,0.019019019019,0,0.860051186324,-0.107881100468,5,974
631,1,4.77818112596,4.0,5,0.016016016016,1,-0.199656721225,0.377151289632,5,749
632,1,9.22693699897,9.0,12,0.016016016016,0,1.61992618035,-0.632841542092,5,873
633,1,1.84270798954,1.0,4,0.015015015015,0,-0.870311312015,-0.546358074415,5,659
634,1,7.33049346256,4.0,13,0.015015015015,0,0.882796179276,-0.317895075264,5,914
635,1,0.191946774858,0.0,1,0.017017017017,1,-1.7899892979,0.561914668555,5,50
636,1,10.7267115475,10.0,11,0.016016016016,1,1.77176142331,0.411427277546,5,907
637,1,4.67400763878,4.0,10,0.016016016016,0,0.0307864060053,-0.418351579232,5,817
638,1,3.27144329559,2.0,4,0.017017017017,0,-0.650351191129,0.222496868982,5,319
639,1,1.41816581449,1.0,4,0.016016016016,0,-1.45392537585,0.779941942039,5,645
640,1,2.65274805123,2.0,4,0.015015015015,0,-0.876488477037,0.282213482337,5,650
641,1,4.39216518526,4.0,5,0.016016016016,1,-0.0840327092825,-0.355736686889,5,646
642,1,4.95443806648,2.0,12,0.015015015015,0,0.0681267713288,-0.249942247511,5,926
643,1,12.3810297865,3.0,14,0.015015015015,0,2.35940477182,0.30281547106,5,952
644,1,-0.299944506875,,0,0.016016016016,1,-1.67178605498,-0.284586341949,5,63
645,1,7.85042819481,3.0,9,0.017017017017,0,0.954687635306,-0.01363471111,5,869
646,1,3.18936006549,3.0,7,0.014014014014,0,-0.557052952702,-0.139481076401,5,891
647,1,4.98633080063,2.0,5,0.015015015015,0,-0.087602502083,0.249138306877,5,807
648,1,6.13076194618,5.0,7,0.015015015015,0,0.346703327879,0.090651962543,5,908
649,1,7.24973364389,4.0,8,0.016016016016,0,0.516601890133,0.699927973497,5,942
650,1,4.87317265532,1.0,7,0.016016016016,0,-0.0855461670721,0.129811156532,5,950
651,1,7.14045030484,5.0,13,0.016016016016,0,0.778728518737,-0.19573525137,5,978
652,1,1.25942716791,1.0,9,0.017017017017,0,-1.11918149493,-0.383028347306,5,973
653,1,11.7028545415,9.0,13,0.015015015015,0,2.20937005529,0.0747443756038,5,996
654,1,4.91850466823,1.0,7,0.016016016016,0,-0.00810889947526,-0.0571686333456,5,953
655,1,5.96056118493,3.0,6,0.014014014014,0,0.557995227892,-0.713424498751,5,975
656,1,6.46278494971,6.0,15,0.016016016016,0,0.671561432552,-0.551899347949,5,997
657,1,9.05362580365,6.0,14,0.017017017017,0,1.58385946148,-0.697952580786,5,979
658,1,6.24218463449,5.0,11,0.016016016016,0,0.122393810489,0.875003203023,5,976
659,1,8.33402574676,8.0,14,0.014014014014,0,0.982784895314,0.385671060815,5,1000
660,1,8.54156927683,5.0,10,0.015015015015,0,1.4463351365,-0.797436132658,5,988
661,1,2.70801612801,1.0,4,0.018018018018,0,-0.763577815378,-0.00125042585952,5,815
662,1,9.96433054801,8.0,14,0.016016016016,0,1.55518783039,0.298767056845,5,990
663,1,0.647311341904,0.0,5,0.016016016016,0,-1.47978073509,0.0866535471785,5,896
664,1,1.58357740515,1.0,5,0.015015015015,0,-1.10243479838,-0.1091181997,5,813
665,1,8.63010319689,1.0,9,0.016016016016,0,0.996547908034,0.640459472788,5,930
666,1,6.17961338184,0.0,10,0.016016016016,0,0.324418494572,0.206357898123,5,934
667,1,1.13664050658,0.0,7,0.014014014014,0,-1.05660023534,-0.693558787393,5,861
668,1,11.3079902595,11.0,13,0.014014014014,0,2.46142422333,-1.0762824105,5,993
669,1,1.14167604182,1.0,2,0.017017017017,1,-1.07701356698,-0.62728325725,5,776
670,1,2.13034680507,2.0,14,0.014014014014,0,-0.66578448808,-0.872299730686,5,994
671,1,3.45925686082,1.0,6,0.016016016016,0,-0.36875165122,-0.434488185522,5,809
672,1,2.30434616079,0.0,7,0.017017017017,0,-0.973794982959,0.225731109662,5,830
673,1,1.9221049034,1.0,8,0.016016016016,0,-0.687842473422,-1.01436767634,5,849
674,1,1.64996896732,1.0,2,0.015015015015,1,-1.22810453494,0.334282572136,5,653
675,1,4.34624510313,1.0,11,0.016016016016,0,-0.25521736642,0.111897202393,5,906
676,1,4.63189501323,4.0,5,0.018018018018,1,-0.109545983063,-0.0394670375781,5,802
677,1,11.0131653301,8.0,14,0.016016016016,0,1.77823161864,0.678470474197,5,928
678,1,3.95759076534,1.0,4,0.016016016016,0,-0.618024392019,0.811663941397,5,764
679,1,1.96262984313,0.0,12,0.012012012012,0,-0.890546927861,-0.365729373288,5,981
680,1,5.13677912313,2.0,6,0.015015015015,0,0.113961407533,-0.205105099472,5,863
681,1,3.58546709342,3.0,5,0.016016016016,0,-0.260600166097,-0.632732408291,5,691
682,1,3.66919660709,0.0,13,0.015015015015,0,-0.564144522674,0.361630175113,5,917
683,1,4.87603839324,4.0,7,0.016016016016,0,0.0404529709695,-0.245320519668,5,864
684,1,6.40230079427,0.0,11,0.016016016016,0,0.504817407516,-0.112151428279,5,912
685,1,3.62623777169,3.0,11,0.016016016016,0,-0.746486514431,0.865697314987,5,915
686,1,2.83460170409,2.0,3,0.016016016016,1,-0.906480037057,0.554041815263,5,850
687,1,8.70418247889,1.0,10,0.016016016016,0,1.28250387345,-0.143329141466,5,881
688,1,2.70438469375,1.0,12,0.016016016016,0,-0.756090839272,-0.0273427884301,5,897
689,1,2.64661054286,2.0,4,0.015015015015,0,-0.678951077148,-0.3165362257,5,806
690,1,2.64946168831,2.0,7,0.016016016016,0,-0.873200514683,0.269063232356,5,862
691,1,7.44683985755,4.0,10,0.017017017017,0,0.635383586734,0.540689097353,5,875
692,1,4.31192201802,4.0,7,0.016016016016,0,-0.27839842943,0.147117306312,5,854
693,1,6.53282957689,2.0,15,0.015015015015,0,0.599250448825,-0.264921769585,5,921
694,1,8.45607209241,4.0,10,0.015015015015,0,1.43297625312,-0.842856666946,5,867
695,1,8.15894127705,7.0,12,0.016016016016,0,0.839031183448,0.641847726709,5,876
696,1,3.44383050074,0.0,14,0.015015015015,0,-0.808280099528,0.868670799327,5,900
697,1,5.87708964648,2.0,6,0.016016016016,0,0.363475809455,-0.213337781889,5,739
698,1,2.27794447045,1.0,9,0.014014014014,0,-0.843035347592,-0.192949486771,5,837
699,1,2.08533338285,2.0,3,0.017017017017,1,-1.35994466777,1.16516738618,5,522
700,1,6.36775985937,0.0,10,0.016016016016,0,0.510653856063,-0.164201708818,5,763
701,1,3.62782444079,1.0,7,0.015015015015,0,-0.208786860548,-0.745814977567,5,614
702,1,4.99976266633,2.0,8,0.016016016016,0,-0.160739572782,0.481981384675,5,637
703,1,4.5006855128,1.0,6,0.017017017017,0,-0.095007437462,-0.214292174816,5,598
704,1,3.1520169379,2.0,5,0.015015015015,0,-0.599168830045,-0.0504765719626,5,557
705,1,1.86311793063,0.0,2,0.017017017017,0,-1.14157560192,0.287844736387,5,275
706,1,4.29404350281,4.0,6,0.017017017017,0,-0.0526421785983,-0.548029961397,5,516
707,1,4.01130715507,4.0,15,0.017017017017,0,-0.35696409985,0.082199454618,5,648
708,1,3.72839786608,3.0,10,0.015015015015,0,-0.463540262105,0.119018652395,5,633
709,1,4.14403920616,4.0,6,0.015015015015,0,-0.571270974313,0.857852129095,5,491
710,1,12.0023431038,6.0,17,0.017017017017,0,2.05775696924,0.829072196094,5,898
711,1,4.41563823858,1.0,11,0.017017017017,0,-0.0534394210759,-0.424043498193,5,583
712,1,8.18542277703,2.0,9,0.02002002002,0,1.07413049909,-0.0369687202459,5,420
713,1,-0.446208835146,,0,0.014014014014,1,-1.69987101202,-0.346595799087,5,69
714,1,5.82144048171,2.0,7,0.017017017017,0,0.116195581615,0.472853736869,5,447
715,1,8.75227768293,6.0,14,0.017017017017,0,1.10550714339,0.435756252769,5,596
716,1,2.87208839842,0.0,3,0.016016016016,0,-0.996537377686,0.861700531477,5,164
717,1,3.66258106609,1.0,4,0.017017017017,0,-0.40332227892,-0.127452097149,5,213
718,1,5.11490716573,1.0,7,0.016016016016,0,0.0719577665045,-0.100966133786,5,303
719,1,5.54018756351,,6,0.02002002002,0,0.223147054496,-0.12925359998,5,264
720,1,5.56631099888,3.0,9,0.016016016016,0,0.257923751664,-0.207460256109,5,459
721,1,7.59493762907,3.0,8,0.015015015015,0,0.72015336619,0.434477530502,5,480
722,1,-0.0957196992095,,0,0.016016016016,1,-1.63334437432,-0.195686576259,5,123
723,1,7.41705706935,7.0,9,0.016016016016,0,0.903494791464,-0.293427305043,5,528
724,1,6.07329866905,3.0,11,0.015015015015,0,0.368639444116,-0.0326196632996,5,624
725,1,3.16711739253,1.0,4,0.017017017017,0,-0.608613159261,-0.0070431296906,5,295
726,1,3.2647734921,2.0,5,0.014014014014,0,-0.360997112486,-0.652235170447,5,317
727,1,14.0140558206,13.0,15,0.015015015015,0,2.97123516597,0.10035032264,5,931
728,1,8.13999603415,8.0,11,0.016016016016,0,1.08307563735,-0.109230877894,5,738
729,1,5.21575419937,1.0,6,0.015015015015,0,0.381776148695,-0.92957424671,5,688
730,1,0.969110211932,0.0,2,0.016016016016,0,-1.41861693422,0.224961014585,5,252
731,1,6.60523757598,6.0,8,0.016016016016,0,0.737658533482,-0.607738024465,5,730
732,1,9.1779447055,9.0,11,0.016016016016,0,1.22304722232,0.508803038534,5,828
733,1,10.9305457214,0.0,14,0.016016016016,0,1.97580255603,0.00313805328137,5,885
734,1,4.38272305414,3.0,8,0.017017017017,0,-0.359858253896,0.462297815827,5,774
735,1,2.81468275264,2.0,3,0.016016016016,1,-0.531332140555,-0.5913208257,5,693
736,1,7.11996540054,7.0,16,0.016016016016,0,0.605508085976,0.303441142615,5,895
737,1,5.52548841764,5.0,8,0.015015015015,0,-0.0465197700406,0.665047727763,5,814
738,1,10.3204678732,2.0,13,0.015015015015,0,1.60598284259,0.502519345398,5,852
739,1,2.68592591201,1.0,3,0.017017017017,0,-0.884083162873,0.338175400627,5,551
740,1,7.36530738927,3.0,12,0.014014014014,0,0.737698171461,0.152212874886,5,847
741,1,8.23085287615,0.0,12,0.018018018018,0,1.20546886135,-0.385553707899,5,816
742,1,6.99260401879,3.0,15,0.016016016016,0,0.779189491437,-0.344964455524,5,877
743,1,6.48998788023,1.0,9,0.016016016016,0,0.356953882603,0.419126232421,5,779
744,1,7.91036485525,7.0,12,0.016016016016,0,0.928344501965,0.125331349353,5,818
745,1,5.37127405246,5.0,8,0.017017017017,0,0.027767106112,0.287972734121,5,772
746,1,5.78822463749,5.0,7,0.016016016016,0,-0.150320662053,1.23918662365,5,708
747,1,3.92290467731,3.0,9,0.017017017017,0,-0.40459232096,0.136681640193,5,750
748,1,8.11096599097,8.0,10,0.016016016016,0,1.04739094228,-0.0312068358549,5,793
749,1,6.671047609,3.0,8,0.015015015015,0,0.763602879446,-0.619761029342,5,636
750,1,3.38346051534,1.0,4,0.016016016016,0,-0.159586062638,-1.13778129675,5,253
751,1,5.73669135066,4.0,8,0.015015015015,0,0.146743333929,0.296461348878,5,359
752,1,4.01129685478,3.0,5,0.011011011011,0,-0.382122178114,0.157663389118,5,160
753,1,1.11379385396,1.0,7,0.014014014014,0,-1.1840110481,-0.334173001746,5,173
754,1,9.45089862675,2.0,10,0.016016016016,0,1.60247743837,-0.356533688345,5,337
755,1,7.19009774683,3.0,12,0.016016016016,0,0.650350053022,0.239047587762,5,349
756,1,3.79207690844,3.0,4,0.017017017017,1,-0.754801217336,1.05648056044,5,99
757,1,6.52568508876,5.0,7,0.017017017017,0,0.799790009246,-0.87368493898,5,143
758,1,3.15534667518,1.0,8,0.016016016016,0,-0.441059992832,-0.521473346324,5,122
759,1,2.02365602017,,6,0.016016016016,0,-1.13584176171,0.43118130529,5,98
760,1,-0.940041789962,,1,0.017017017017,0,-1.87819274786,-0.305463546386,5,5
761,1,2.10782829661,,3,0.016016016016,0,-1.18173461581,0.653032144036,5,47
762,1,-0.191051311402,,10,0.017017017017,0,-1.3626944627,-1.1029679233,5,110
763,1,-1.90510433024,,2,0.019019019019,0,-2.2665350184,-0.105499275034,5,11
764,1,8.45149558072,4.0,14,0.014014014014,0,1.15929346904,-0.026384826383,5,221
765,1,8.25189840636,6.0,10,0.016016016016,0,0.993110439186,0.272567088802,5,95
766,1,5.92005142479,,8,0.018018018018,0,0.237614723973,0.207207252868,5,61
767,1,3.93229897672,,6,0.015015015015,0,-0.187037358621,-0.506588947415,5,58
768,1,-0.995525480492,,0,0.017017017017,1,-1.7077618319,-0.872239984777,5,4
769,1,9.18915013863,,11,0.014014014014,0,1.6881332989,-0.875249758069,5,109
770,1,1.88994481715,1.0,2,0.016016016016,1,-0.938333614543,-0.295054339218,5,41
771,1,2.42172807221,2.0,7,0.018018018018,0,-0.617752491494,-0.72501445331,5,82
772,1,-2.00318830757,,5,0.017017017017,0,-2.30473832105,-0.0889733444339,5,60
773,1,0.946562787517,0.0,1,0.016016016016,1,-1.62361566541,0.817409783736,5,43
774,1,6.13659674549,6.0,13,0.016016016016,0,0.672456982206,-0.880774201134,5,193
775,1,7.26196418234,2.0,10,0.015015015015,0,0.626393612359,0.382783345265,5,111
776,1,-1.97189985425,,3,0.016016016016,0,-2.2591842972,-0.19434696264,5,55
777,1,2.98138741238,0.0,5,0.019019019019,0,-0.78821253558,0.346025019122,5,89
778,1,6.67835122204,0.0,16,0.017017017017,0,0.582871809756,-0.0702642072261,5,198
779,1,4.12061974621,3.0,8,0.016016016016,0,-0.119993115777,-0.519400906458,5,133
780,1,0.501036634609,,5,0.017017017017,0,-1.67783869331,0.534552714529,5,96
781,1,3.86872152611,,6,0.017017017017,0,-0.303958300981,-0.219403570945,5,118
782,1,6.00490371591,2.0,8,0.015015015015,0,0.36179986516,-0.0804958795727,5,182
783,1,1.96779445936,0.0,9,0.015015015015,0,-1.07859698677,0.20358541968,5,262
784,1,2.45754089356,1.0,6,0.014014014014,0,-0.748878653655,-0.295823145475,5,166
785,1,3.96308868534,3.0,5,0.017017017017,0,-0.334331742893,-0.0339160859792,5,163
786,1,5.88152650893,5.0,7,0.017017017017,0,0.248856506136,0.134956990523,5,204
787,1,7.00111509083,6.0,14,0.016016016016,0,0.542058289472,0.374940222415,5,752
788,1,-0.274212564404,,0,0.017017017017,1,-1.6108310047,-0.441719550292,5,7
789,1,3.99761595476,3.0,8,0.016016016016,0,-0.0899546389849,-0.732520128286,5,410
790,1,5.67364719648,1.0,8,0.015015015015,0,0.227934689005,-0.0101568705323,5,435
791,1,4.75670977584,4.0,5,0.016016016016,1,0.0040402426634,-0.255410952149,5,240
792,1,2.17950534512,1.0,5,0.016016016016,0,-0.844534645283,-0.286890719035,5,241
793,1,10.9439066231,7.0,12,0.014014014014,0,2.29460898686,-0.939920337478,5,780
794,1,8.35321930298,8.0,9,0.016016016016,1,1.0154092812,0.306991459371,5,660
795,1,5.58488368042,1.0,13,0.016016016016,0,0.521115649938,-0.978463269395,5,773
796,1,7.09248612091,5.0,12,0.016016016016,0,0.442992003692,0.763510109835,5,757
797,1,5.38198925226,0.0,10,0.016016016016,0,-0.0491665366561,0.529488862231,5,715
798,1,10.4700050006,10.0,15,0.017017017017,0,1.95429140688,-0.392869220028,5,842
799,1,4.24170368048,1.0,5,0.017017017017,0,-0.245124586321,-0.0229225605618,5,259
800,1,3.28431852121,2.0,6,0.017017017017,0,-0.789494932132,0.652803317602,5,313
801,1,9.76348261867,9.0,15,0.016016016016,0,1.58270482582,0.0153681411973,5,858
802,1,7.82557231908,0.0,10,0.016016016016,0,0.960432649262,-0.0557256287034,5,559
803,1,2.73794144794,0.0,3,0.016016016016,0,-0.579395926486,-0.523870772603,5,220
804,1,-2.1532559081,,0,0.016016016016,1,-2.43065579789,0.138711485563,5,64
805,1,4.09881008621,1.0,6,0.015015015015,0,-0.208725291236,-0.275014040084,5,248
806,1,9.87067118688,,12,0.018018018018,0,1.69101507219,-0.202374029706,5,354
807,1,6.94775742601,5.0,12,0.016016016016,0,0.595902818068,0.160048971801,5,358
808,1,1.11131259408,1.0,4,0.016016016016,0,-1.32304396595,0.0804444919456,5,159
809,1,0.275502159766,,2,0.015015015015,0,-1.86691884194,0.87625868558,5,120
810,1,3.86292371457,2.0,11,0.017017017017,0,-0.414244167699,0.105656217666,5,281
811,1,3.65005265553,3.0,9,0.015015015015,0,-0.613712701926,0.491190761309,5,234
812,1,3.05114779678,,6,0.018018018018,0,-0.526872344942,-0.368235168393,5,145
813,1,-0.392186803727,,2,0.016016016016,0,-1.54998703512,-0.742225698355,5,108
814,1,3.01164310567,0.0,5,0.017017017017,0,-0.697784107086,0.104995426931,5,165
815,1,9.54890931205,9.0,10,0.017017017017,1,1.53219790693,-0.0476844087468,5,256
816,1,5.8821878319,1.0,13,0.016016016016,0,0.186575312722,0.322461893732,5,454
817,1,8.90310951044,6.0,13,0.016016016016,0,1.27684321174,0.0725798752312,5,350
818,1,2.4218661209,,4,0.015015015015,0,-1.07673414427,0.652068553723,5,146
819,1,7.01984654135,6.0,9,0.016016016016,0,0.750451335568,-0.231507465357,5,266
820,1,-0.472988493949,,1,0.02002002002,0,-1.84201922155,0.0530691707154,5,91
821,1,-1.04872763052,,0,0.016016016016,1,-1.72670369229,-0.868616553651,5,30
822,1,10.3956758006,8.0,11,0.015015015015,0,2.21957801533,-1.26305824537,5,468
823,1,3.60667366323,3.0,6,0.016016016016,0,-0.568465462958,0.312070052107,5,322
824,1,2.96579211578,2.0,3,0.015015015015,1,-0.552835275484,-0.375702057766,5,242
825,1,10.4492902411,7.0,11,0.016016016016,0,1.74553857492,0.212674516333,5,572
826,1,6.68161209313,3.0,9,0.015015015015,0,0.434063340002,0.379422073129,5,470
827,1,11.4358599451,11.0,14,0.017017017017,0,2.35061506675,-0.615985255162,5,829
828,1,3.59495625769,3.0,5,0.018018018018,0,-0.445196357457,-0.069454669944,5,286
829,1,6.17127984693,3.0,7,0.017017017017,0,0.38803075949,0.0071875684596,5,348
830,1,5.6985137534,5.0,11,0.016016016016,0,0.150413275539,0.247273926785,5,724
831,1,3.34353888302,3.0,12,0.014014014014,0,-0.656146836795,0.311979393407,5,831
832,1,10.5304348014,7.0,13,0.015015015015,0,1.60463565943,0.716527823114,5,840
833,1,-1.1175970332,,0,0.015015015015,1,-2.09286761372,0.161005807965,5,18
834,1,8.78516925007,8.0,10,0.017017017017,0,1.28721917697,-0.0764882808284,5,792
835,1,4.79691794182,4.0,5,0.014014014014,1,0.0457118277288,-0.340217541365,5,718
836,1,4.84475525964,4.0,5,0.017017017017,1,-0.0801152608219,0.0851010421096,5,219
837,1,-3.0463080074,,1,0.015015015015,0,-2.60788796709,-0.22264410612,5,27
838,1,5.68905607094,5.0,10,0.015015015015,0,0.254893620714,-0.0756247912006,5,890
839,1,6.9745511924,6.0,13,0.016016016016,0,0.459024422631,0.59747792451,5,941
840,1,7.92364316105,4.0,9,0.017017017017,0,0.841247975357,0.39989923498,5,821
841,1,9.33715961265,9.0,12,0.014014014014,0,1.32700061477,0.35615776834,5,964
842,1,10.0903322271,9.0,14,0.015015015015,0,1.51720224467,0.538725493122,5,965
843,1,5.86960570173,2.0,6,0.018018018018,0,0.426579469764,-0.410132707568,5,716
844,1,10.0678813079,10.0,15,0.015015015015,0,1.40187323745,0.86226159556,5,970
845,1,4.4225291997,4.0,12,0.016016016016,0,-0.300077606786,0.322762020062,5,905
846,1,5.29664663849,3.0,10,0.016016016016,0,-0.116269876133,0.64545626689,5,833
847,1,3.68281005181,2.0,8,0.015015015015,0,-0.603306235032,0.492728756902,5,729
848,1,4.81417272808,3.0,6,0.015015015015,0,-0.0449516774427,-0.0509722395962,5,702
849,1,2.95668595234,0.0,11,0.016016016016,0,-0.260140283191,-1.26289319809,5,786
850,1,1.75416902096,0.0,2,0.015015015015,0,-1.00080533953,-0.243414960458,5,485
851,1,3.60526283321,0.0,8,0.014014014014,0,-0.95097781465,1.45819627716,5,675
852,1,8.98110399166,8.0,9,0.017017017017,1,1.3249631455,0.00621455515191,5,625
853,1,1.63533839065,1.0,2,0.017017017017,1,-1.320302915,0.596247135646,5,416
854,1,4.52592358662,1.0,5,0.016016016016,0,-0.410863416683,0.758513836672,5,506
855,1,7.86088276422,0.0,8,0.015015015015,0,1.03393606343,-0.240925426083,5,604
856,1,2.31845237963,1.0,9,0.016016016016,0,-1.04207433061,0.444675371471,5,565
857,1,5.68511003364,0.0,15,0.016016016016,0,0.0303969848488,0.593919079096,5,712
858,1,5.29623701715,1.0,6,0.016016016016,0,0.124783082345,-0.0781122298859,5,473
859,1,10.0092394916,9.0,14,0.016016016016,0,1.54461695621,0.375388622965,5,657
860,1,3.63137927525,2.0,6,0.016016016016,0,-0.53909014957,0.24864972396,5,373
861,1,7.66901953459,5.0,10,0.014014014014,0,0.942319261508,-0.157938249938,5,507
862,1,0.937143870056,0.0,1,0.018018018018,1,-1.10223701158,-0.756145095194,5,227
863,1,6.68415804124,1.0,7,0.014014014014,0,0.62223327284,-0.18254177728,5,371
864,1,6.09224634576,4.0,9,0.015015015015,0,0.184631492635,0.538351867849,5,450
865,1,1.16031821433,0.0,5,0.015015015015,0,-1.06387024422,-0.64807105302,5,298
866,1,4.04770009803,0.0,8,0.017017017017,0,-0.286323457218,-0.093329530318,5,338
867,1,5.972789716,5.0,9,0.016016016016,0,0.292679514584,0.094751172253,5,335
868,1,1.08153976846,1.0,12,0.016016016016,0,-1.23303691667,-0.219349481538,5,396
869,1,8.26649878724,0.0,10,0.015015015015,0,1.03190829611,0.170773898913,5,304
870,1,2.74752239215,0.0,3,0.017017017017,0,-0.876614582944,0.377366140982,5,199
871,1,5.26959068794,4.0,8,0.015015015015,0,0.177067162158,-0.261610798539,5,280
872,1,4.74843050261,2.0,10,0.016016016016,0,0.0299970440889,-0.341560629658,5,294
873,1,0.318059237017,0.0,1,0.016016016016,1,-1.6875748535,0.380783797509,5,168
874,1,1.74799533952,0.0,8,0.015015015015,0,-1.24289129946,0.476669237905,5,271
875,1,4.96777644756,0.0,7,0.015015015015,0,0.0377493214665,-0.145471516836,5,223
876,1,-1.69151774928,,0,0.015015015015,1,-1.95739455141,-0.819334095041,5,83
877,1,0.811510353877,,2,0.015015015015,0,-1.41277195481,0.0498262182996,5,126
878,1,5.39231578792,2.0,7,0.016016016016,0,-0.264039729051,1.18443497507,5,201
879,1,2.54593557656,0.0,6,0.017017017017,0,-1.02866739385,0.631937758118,5,212
880,1,3.59122234947,2.0,7,0.013013013013,0,-0.487689626183,0.0542912280185,5,247
881,1,5.00997334028,4.0,8,0.015015015015,0,-0.220812797961,0.672411734166,5,260
882,1,4.71643318839,0.0,7,0.015015015015,0,0.163817352426,-0.775018868884,5,245
883,1,2.6738560139,,3,0.016016016016,0,-0.335818070867,-1.3186897735,5,186
884,1,5.01437175422,0.0,13,0.017017017017,0,0.0338768791872,-0.0872588833409,5,502
885,1,3.86292988778,1.0,12,0.014014014014,0,-0.261058010724,-0.353896080047,5,343
886,1,3.01571905025,1.0,12,0.018018018018,0,-0.817168160076,0.467223530475,5,305
887,1,2.62779438225,1.0,4,0.017017017017,0,-0.947438724337,0.470110555258,5,196
888,1,11.7898079565,2.0,12,0.016016016016,0,2.19354392125,0.209176192753,5,314
889,1,7.52294727672,0.0,17,0.017017017017,0,0.746754818193,0.282682822141,5,951
890,1,7.80523756272,3.0,9,0.016016016016,0,0.782565275828,0.457541735239,5,284
891,1,0.397980601954,,1,0.017017017017,0,-1.55119709349,0.0515718824105,5,74
892,1,4.58484058501,4.0,9,0.014014014014,0,-0.215963683593,0.232731635792,5,329
893,1,2.25947623452,1.0,6,0.017017017017,0,-0.817962155582,-0.286637298736,5,224
894,1,4.58667430566,4.0,5,0.016016016016,1,-0.424015127569,0.858719688362,5,232
895,1,-0.320337181477,,3,0.016016016016,0,-1.71441688328,-0.177086531643,5,107
896,1,4.36764828212,,8,0.017017017017,0,-0.0286192257157,-0.546494040732,5,239
897,1,6.07951369641,6.0,8,0.015015015015,0,0.340871008929,0.0569006696251,5,243
898,1,-1.72358741112,,1,0.016016016016,0,-1.98170749595,-0.778464923271,5,67
899,1,5.38079499028,5.0,8,0.017017017017,0,0.0622993877755,0.19389682695,5,299
900,1,12.2410762288,11.0,14,0.014014014014,0,2.6360679387,-0.66712758732,5,922
901,1,1.39238050479,1.0,2,0.016016016016,1,-1.15229837083,-0.150724382718,5,119
902,1,6.55570097316,3.0,13,0.015015015015,0,0.612046997278,-0.280440018678,5,744
903,1,0.449067695179,0.0,3,0.015015015015,0,-1.33411121248,-0.548598667368,5,158
904,1,7.78628868271,7.0,8,0.017017017017,1,0.667555257438,0.783622910394,5,331
905,1,6.77955191324,6.0,8,0.016016016016,0,0.572195474055,0.0629654910737,5,446
906,1,3.55347105874,1.0,5,0.015015015015,0,-0.449736669127,-0.0973189338822,5,431
907,1,8.79548246283,7.0,15,0.017017017017,0,1.24445035097,0.0621314099134,5,790
908,1,4.76499705873,2.0,7,0.013013013013,0,-0.0331642371546,-0.13551022981,5,462
909,1,3.73403950588,0.0,13,0.015015015015,0,-0.435781729071,0.0413846930937,5,719
910,1,4.66586849798,2.0,6,0.018018018018,0,-0.280588912857,0.507635236554,5,461
911,1,2.80765233875,1.0,14,0.017017017017,0,-0.604934726027,-0.377543483171,5,578
912,1,5.43538992949,3.0,8,0.016016016016,0,0.289593441463,-0.4333903949,5,472
913,1,1.9154175779,1.0,2,0.016016016016,1,-1.00373461471,-0.0733785779654,5,432
914,1,3.90171329441,2.0,10,0.017017017017,0,-0.698631621438,0.997608158729,5,481
915,1,3.15681356502,2.0,6,0.016016016016,0,-0.712976612751,0.295743403277,5,464
916,1,1.27990726337,1.0,6,0.017017017017,0,-1.12396743989,-0.34819041695,5,451
917,1,4.15748503381,2.0,7,0.015015015015,0,-0.365993470376,0.255465444936,5,518
918,1,6.82478009756,4.0,8,0.014014014014,0,0.532415708407,0.227532972341,5,505
919,1,9.49989256208,5.0,13,0.017017017017,0,1.4084536624,0.274531574871,5,556
920,1,-0.634218553327,,0,0.016016016016,1,-1.74971084911,-0.385086005994,5,62
921,1,5.42837011711,5.0,8,0.015015015015,0,0.323272028013,-0.541445966924,5,545
922,1,5.73542583015,3.0,8,0.016016016016,0,0.0456360573247,0.598517658176,5,530
923,1,2.27581433521,0.0,3,0.016016016016,0,-0.853930380014,-0.162394524748,5,125
924,1,5.93398603995,2.0,14,0.015015015015,0,0.00352790241796,0.923402332693,5,703
925,1,7.67297729587,3.0,8,0.015015015015,0,0.744656249436,0.439008547564,5,581
926,1,10.2888772041,10.0,15,0.015015015015,0,1.41510504316,1.0435620746,5,722
927,1,8.98157270458,4.0,12,0.019019019019,0,1.47089762459,-0.431120169198,5,632
928,1,4.18776502044,3.0,11,0.016016016016,0,-0.390170986677,0.358277980467,5,677
929,1,2.57315691051,2.0,5,0.016016016016,0,-0.868552200667,0.178813512508,5,560
930,1,-2.94883095891,,0,0.015015015015,1,-2.80013278681,0.451567401501,5,49
931,1,4.41451241465,2.0,11,0.015015015015,0,-0.113133663608,-0.246086594522,5,690
932,1,5.07927275663,3.0,10,0.016016016016,0,0.0282411404077,-0.0054506645946,5,667
933,1,5.25010416832,2.0,8,0.017017017017,0,0.143514995077,-0.180440816912,5,647
934,1,3.54978657926,2.0,4,0.018018018018,0,-0.373098609374,-0.330917592617,5,523
935,1,7.43547204486,2.0,16,0.016016016016,0,0.948982214065,-0.411474597335,5,835
936,1,5.55196365473,4.0,6,0.016016016016,0,0.384213584382,-0.60067709842,5,616
937,1,8.90218900454,1.0,15,0.015015015015,0,1.31625235665,-0.0465680654014,5,824
938,1,5.63419142146,3.0,6,0.017017017017,0,0.200185627323,0.0336345394937,5,656
939,1,7.93318823793,1.0,8,0.013013013013,0,1.01024117924,-0.0975352997782,5,741
940,1,7.48774894918,6.0,9,0.015015015015,0,0.615095603501,0.642462138679,5,785
941,1,2.76598186599,2.0,5,0.015015015015,0,-0.624879688416,-0.359379068761,5,612
942,1,5.86100783739,1.0,12,0.018018018018,0,0.341698838764,-0.1640886789,5,747
943,1,5.69103217217,3.0,13,0.015015015015,0,0.118873273522,0.3344123516,5,799
944,1,3.37423182768,3.0,5,0.016016016016,0,-0.55953129239,0.0528257048523,5,607
945,1,1.54767204589,1.0,9,0.014014014014,0,-1.15887242295,0.0242893147563,5,679
946,1,4.74189927339,4.0,14,0.014014014014,0,0.0577914027404,-0.431474934833,5,870
947,1,0.722954943923,0.0,1,0.018018018018,1,-1.35307479447,-0.217820672658,5,175
948,1,13.7945581544,4.0,14,0.015015015015,0,3.00266299708,-0.213430836869,5,795
949,1,5.53951484157,4.0,10,0.019019019019,0,0.0310386182315,0.446398986873,5,599
950,1,3.10942887908,3.0,4,0.015015015015,1,-0.55989586486,-0.210883526337,5,276
951,1,2.36701943454,2.0,6,0.017017017017,0,-0.530289068125,-1.04211336108,5,434
952,1,3.98150461263,3.0,4,0.016016016016,1,-0.380434899878,0.122809312263,5,211
953,1,5.28848717216,5.0,6,0.017017017017,1,0.0959369524108,0.000676314932006,5,385
954,1,10.4803683359,7.0,14,0.016016016016,0,1.80766021417,0.0573876933653,5,611
955,1,7.44452255444,7.0,10,0.018018018018,0,0.928568042814,-0.341181574007,5,445
956,1,5.78836813183,5.0,12,0.016016016016,0,0.34448039591,-0.245073055898,5,587
957,1,8.04036535094,8.0,13,0.017017017017,0,1.23071756218,-0.65178733559,5,519
958,1,-2.97478007311,,0,0.016016016016,1,-2.87777512279,0.658545295257,5,19
959,1,9.6696323538,9.0,11,0.015015015015,0,1.38776932323,0.506324384107,5,511
960,1,0.748278947458,,1,0.015015015015,0,-1.39757433908,-0.0589980352955,5,20
961,1,5.7223828844,5.0,6,0.014014014014,1,0.239091883936,0.00510723259709,5,81
962,1,2.27978079075,,3,0.019019019019,0,-0.825177753054,-0.244685950088,5,38
963,1,4.06688969644,,8,0.016016016016,0,-0.326005119692,0.0449050555115,5,86
964,1,2.02223533074,,3,0.018018018018,0,-1.07825391961,0.256997089576,5,31
965,1,9.51793887124,8.0,12,0.015015015015,0,1.14292053317,1.08917727174,5,214
966,1,7.84149206645,0.0,8,0.017017017017,0,0.718519569549,0.685933357802,5,93
967,1,3.64268219333,,4,0.016016016016,0,-0.71380350123,0.78409269702,5,68
968,1,8.40847798055,4.0,9,0.018018018018,0,0.971135152932,0.49507252175,5,131
969,1,-2.10521924643,,0,0.013013013013,1,-2.26561601449,-0.308371202949,5,6
970,1,4.29050419537,4.0,8,0.017017017017,0,-0.189611071825,-0.140662589151,5,139
971,1,1.69664437258,,3,0.018018018018,0,-0.813587222281,-0.862593960577,5,53
972,1,11.9160509775,8.0,12,0.014014014014,0,2.38011965421,-0.224307985112,5,651
973,1,5.2155752724,4.0,6,0.016016016016,0,0.0101953533761,0.184989212274,5,170
974,1,11.6042891686,11.0,13,0.016016016016,0,2.31208780176,-0.33197423665,5,606
975,1,4.18610561345,,6,0.016016016016,0,-0.089006305617,-0.546875469697,5,362
976,1,5.57582692218,5.0,6,0.018018018018,1,0.045050409138,0.440675694769,5,324
977,1,7.61061844069,6.0,14,0.014014014014,0,0.817682201477,0.157571836258,5,872
978,1,7.32893585934,7.0,8,0.017017017017,1,0.928757065592,-0.457335337436,5,384
979,1,6.97937053402,1.0,8,0.017017017017,0,0.425803096524,0.701961244444,5,405
980,1,4.97324748558,0.0,12,0.019019019019,0,0.221032621364,-0.689850378509,5,601
981,1,2.65443676943,2.0,5,0.014014014014,0,-0.412874351975,-1.10694017464,5,378
982,1,12.3685695382,5.0,15,0.017017017017,0,2.56944969234,-0.339779538801,5,812
983,1,8.5884681161,1.0,11,0.016016016016,0,1.24797295964,-0.155450762828,5,515
984,1,0.918172663222,0.0,1,0.014014014014,1,-1.25482938727,-0.317339174957,5,215
985,1,6.93333378577,5.0,8,0.016016016016,0,0.94330590554,-0.896583930845,5,440
986,1,3.74699788834,2.0,5,0.015015015015,0,-0.276907718691,-0.422278955586,5,238
987,1,5.83527258293,5.0,12,0.016016016016,0,0.0519489454816,0.679425746481,5,539
988,1,7.24075365588,5.0,15,0.015015015015,0,0.623072766158,0.371535357402,5,889
989,1,4.24574331185,4.0,6,0.017017017017,0,-0.146414771079,-0.315012374915,5,356
990,1,-2.1487053033,,0,0.018018018018,1,-2.34929697377,-0.100814382006,5,72
991,1,5.98052181793,5.0,7,0.014014014014,0,0.493784955686,-0.500833049126,5,448
992,1,9.87680789832,3.0,11,0.016016016016,0,1.58464547233,0.122871481345,5,593
993,1,0.299938685364,0.0,1,0.017017017017,1,-1.59174269508,0.0751667706028,5,76
994,1,2.38500337851,2.0,3,0.016016016016,1,-1.09347731969,0.665435337573,5,191
995,1,4.16697289789,4.0,6,0.017017017017,0,-0.537759242805,0.780250626301,5,419
996,1,9.36385464701,8.0,13,0.018018018018,0,1.39300925583,0.184826879511,5,735
997,1,12.7785144461,7.0,14,0.015015015015,0,2.49711990975,0.287154716894,5,783
998,1,5.79756397961,5.0,9,0.016016016016,0,0.51566568015,-0.749433060838,5,526
999,1,-0.740563360124,,0,0.017017017017,1,-1.80216182414,-0.334077887694,5,29
