name,activated,threshold,before_activation_alters,after_activation_alters,degree,observed,var1,epsilon,constant,activation_order
0,0,0.179661419854,0.0,,0.012012012012,0,-1.21105235823,-1.18718150546,5,489
1,0,6.93307552515,0.0,,0.013013013013,0,0.281093799296,1.08979412727,5,500
2,0,4.45683161672,0.0,,0.012012012012,0,0.250699905245,-1.29526809902,5,387
3,0,7.50257894444,0.0,,0.012012012012,0,0.57951776363,0.764025653553,5,391
4,0,2.95426277052,1.0,,0.012012012012,0,-0.88265336132,0.60222285448,5,394
5,0,8.39287406104,0.0,,0.011011011011,0,1.37537157775,-0.733240672201,5,362
6,0,7.54416015222,1.0,,0.012012012012,0,1.01866135953,-0.511823926374,5,381
7,0,3.06786526007,1.0,,0.011011011011,0,-0.519818014477,-0.372680696495,5,279
8,0,6.40020255696,0.0,,0.011011011011,0,0.449604621382,0.0513886928125,5,202
9,0,11.8340970366,2.0,,0.011011011011,0,1.77835803935,1.49902291859,5,360
10,0,2.5035038201,1.0,,0.012012012012,0,-0.157836013195,-2.02298814031,5,363
11,0,4.77655603908,1.0,,0.012012012012,0,-1.06463817683,2.97047056958,5,253
12,0,1.96426092019,0.0,,0.01001001001,0,0.00904494498434,-3.06287391476,5,361
13,0,3.58485065091,0.0,,0.013013013013,0,-0.536170381211,0.193361794545,5,280
14,0,2.67097198487,0.0,,0.011011011011,0,0.00479807743837,-2.34342224744,5,310
15,0,8.13241553973,0.0,,0.011011011011,0,0.62209381802,1.26613408566,5,282
16,0,11.8997593922,2.0,,0.012012012012,0,1.76318142559,1.6102151154,5,289
17,0,6.63583467055,1.0,,0.013013013013,0,-0.0246708024244,1.70984707782,5,296
18,0,9.20875702699,1.0,,0.014014014014,0,2.06213770509,-1.97765608828,5,68
19,0,6.24882523323,1.0,,0.01001001001,0,1.46844188946,-3.15650043515,5,710
20,0,3.46994730681,3.0,,0.013013013013,0,0.222432742525,-2.19735092076,5,690
21,0,5.15472231648,3.0,,0.01001001001,0,0.18840367444,-0.410488706839,5,39
22,0,11.2930307386,3.0,,0.011011011011,0,2.05176292478,0.137741964282,5,696
23,1,2.49647806624,2.0,3.0,0.014014014014,1,0.134133891082,-2.90592360701,5,410
24,0,6.02915625426,5.0,,0.013013013013,0,0.65636619212,-0.939942322099,5,670
25,0,6.9713996843,4.0,,0.011011011011,0,0.757195483811,-0.300186767134,5,668
26,0,10.6474726312,6.0,,0.012012012012,0,1.01355030884,2.60682170465,5,20
27,1,6.75913115897,6.0,7.0,0.012012012012,1,1.63686952683,-3.15147742151,5,412
28,1,1.9548477765,1.0,2.0,0.012012012012,1,-1.10660402057,0.274659838212,5,348
29,1,6.86536240036,6.0,7.0,0.011011011011,1,0.408581286363,0.639618541268,5,405
30,1,6.56123600233,6.0,7.0,0.011011011011,1,-0.533752162729,3.16249249052,5,373
31,1,2.31135693645,2.0,3.0,0.011011011011,1,-0.583171142023,-0.939129637478,5,300
32,1,3.30718005372,2.0,7.0,0.013013013013,0,0.113748009003,-2.03406397328,5,368
33,1,0.625742236874,0.0,2.0,0.012012012012,0,-0.0748546950472,-4.14969367798,5,229
34,1,5.16928810657,5.0,7.0,0.012012012012,0,0.545242569143,-1.46643960086,5,349
35,1,1.20458972223,1.0,2.0,0.012012012012,1,-0.857983499605,-1.22145977896,5,219
36,1,6.32130918736,6.0,8.0,0.013013013013,0,0.441768744016,-0.00399704468411,5,335
37,1,4.99893868115,1.0,5.0,0.013013013013,0,0.0123283700251,-0.0380464289207,5,285
38,1,10.2103689733,10.0,11.0,0.014014014014,1,0.473907334478,3.7886469699,5,409
39,1,1.37799113633,1.0,2.0,0.011011011011,1,-1.02263134732,-0.554114821699,5,215
40,0,16.1797296355,12.0,,0.013013013013,0,3.42554708187,0.903088389888,5,516
41,1,-0.27431502934,,0.0,0.013013013013,1,-1.69785734031,-0.180743008403,5,62
42,1,3.81384919899,3.0,4.0,0.013013013013,1,0.128553664877,-1.57181179564,5,236
43,1,4.33737101352,3.0,6.0,0.012012012012,0,-0.0985660887443,-0.366930720251,5,274
44,1,4.80586460934,4.0,5.0,0.011011011011,1,-0.136053125987,0.214023987297,5,251
45,1,6.6399682604,4.0,7.0,0.011011011011,0,-0.356099750988,2.70826751336,5,317
46,1,0.977474539261,0.0,1.0,0.013013013013,1,-0.70753560991,-1.89991863101,5,78
47,0,9.1095502199,6.0,,0.012012012012,0,0.49433116217,2.62655673339,5,644
48,1,0.865750454202,,1.0,0.013013013013,0,-0.552707173659,-2.47612802482,5,97
49,0,7.27278362466,6.0,,0.012012012012,0,0.827407079075,-0.209437612568,5,742
50,0,4.40751695251,2.0,,0.00900900900901,0,-0.283550913044,0.258169691638,5,139
51,0,7.01959512404,5.0,,0.012012012012,0,0.411722654584,0.784427160293,5,719
52,0,4.32156610001,4.0,,0.012012012012,0,0.316011223706,-1.62646757111,5,689
53,0,8.31408576373,4.0,,0.014014014014,0,0.0578506937044,3.14053368262,5,739
54,1,3.95580624417,3.0,4.0,0.012012012012,1,-0.505457593028,0.472179023258,5,367
55,0,6.1599576701,5.0,,0.012012012012,0,0.734081688066,-1.0422873941,5,708
56,0,12.6824938867,6.0,,0.011011011011,0,1.56355400271,2.99183187855,5,92
57,0,7.17327758725,7.0,,0.014014014014,0,1.11717386217,-1.17824399926,5,713
58,1,2.45126050961,1.0,4.0,0.012012012012,0,0.67245246432,-4.56609688335,5,350
59,1,-0.0530268069746,,0.0,0.013013013013,1,-1.82099552992,0.409959782785,5,71
60,1,1.88683626286,1.0,2.0,0.013013013013,1,-0.513771090299,-1.57185046624,5,318
61,1,4.68897559114,2.0,5.0,0.012012012012,0,0.0904127370424,-0.582262619991,5,337
62,1,5.42310888666,3.0,7.0,0.012012012012,0,0.158278825104,-0.051727588649,5,341
63,1,7.7011228697,7.0,10.0,0.012012012012,0,-0.132210572688,3.09775458776,5,375
64,1,2.55026884996,2.0,3.0,0.011011011011,1,-0.510442168472,-0.918404644627,5,323
65,1,3.07771639265,3.0,6.0,0.011011011011,0,-0.364801852082,-0.827878051104,5,347
66,1,1.36526701012,1.0,3.0,0.012012012012,0,-0.0149944638696,-3.58974959828,5,326
67,1,-0.888573650501,,1.0,0.012012012012,0,-2.24747347362,0.853846770345,5,100
68,1,2.55475055495,2.0,5.0,0.012012012012,0,-0.826993863183,0.0357321445021,5,352
69,1,8.10932358754,8.0,9.0,0.012012012012,1,1.10267234597,-0.198693450363,5,420
70,0,9.62506559226,7.0,,0.012012012012,0,2.01466319245,-1.41892398508,5,38
71,1,2.26828444112,2.0,5.0,0.013013013013,0,-0.6359725711,-0.823797845585,5,372
72,0,10.0765419716,7.0,,0.014014014014,0,1.26953174707,1.26794673035,5,306
73,0,9.94980754448,5.0,,0.011011011011,0,1.15346551774,1.48941099126,5,451
74,1,-0.543680933358,,0.0,0.013013013013,1,-1.45432549616,-1.18070444488,5,29
75,0,5.20333553099,4.0,,0.013013013013,0,0.678787197116,-1.83302606036,5,250
76,0,3.9527742288,3.0,,0.012012012012,0,-0.0977829457937,-0.753876933819,5,365
77,0,2.21082857588,2.0,,0.013013013013,0,-1.23227575699,0.907655846838,5,299
78,0,2.5188807053,1.0,,0.013013013013,0,-0.561712036604,-0.795983184885,5,172
79,0,6.28124378203,2.0,,0.012012012012,0,-0.138328392113,1.69622895837,5,28
80,0,9.95177893435,2.0,,0.012012012012,0,0.980731518612,2.00958437852,5,325
81,0,6.02600241949,2.0,,0.01001001001,0,0.0479498831446,0.882152770051,5,222
82,0,2.75643758981,2.0,,0.012012012012,0,0.18478104794,-2.79790555401,5,105
83,0,4.11336458186,1.0,,0.012012012012,0,0.244946808315,-1.62147584308,5,274
84,0,3.07496478232,1.0,,0.011011011011,0,-0.834721111605,0.579128117134,5,220
85,1,0.585991437432,0.0,1.0,0.012012012012,1,-0.842799241135,-1.88561083916,5,381
86,0,7.02919786594,2.0,,0.015015015015,0,0.66822362062,0.0245270040823,5,11
87,0,7.35445960925,0.0,,0.011011011011,0,0.325427434961,1.37817730437,5,221
88,0,7.87017772934,1.0,,0.012012012012,0,1.01183475487,-0.165326535255,5,295
89,0,8.92985281767,2.0,,0.012012012012,0,0.980679340151,0.987814797221,5,292
90,0,3.27984911702,2.0,,0.012012012012,0,-1.17336312869,1.79993850308,5,268
91,0,8.06033220369,4.0,,0.012012012012,0,0.353580134062,1.99959180151,5,247
92,0,8.82981396763,2.0,,0.012012012012,0,2.18461855279,-2.72404169073,5,191
93,0,9.67359109861,4.0,,0.012012012012,0,0.812952643164,2.23473316911,5,234
94,0,8.03339317466,5.0,,0.013013013013,0,0.561613385495,1.34855301818,5,716
95,0,5.52688267985,5.0,,0.011011011011,0,0.14262051458,0.0990211361067,5,722
96,1,5.74880833039,5.0,6.0,0.013013013013,1,-0.265184654445,1.54436229372,5,351
97,1,-1.23367758414,,0.0,0.011011011011,1,-2.2198652088,0.425918042245,5,103
98,1,6.61604181452,6.0,7.0,0.013013013013,1,1.65682229122,-3.35442505914,5,379
99,1,2.58062440354,1.0,4.0,0.013013013013,0,-1.40073037065,1.78281551549,5,266
100,1,5.80642931131,5.0,7.0,0.012012012012,0,0.148860924895,0.359846536624,5,319
101,1,1.40219344029,,2.0,0.013013013013,0,-0.925299927051,-0.82190677856,5,139
102,1,3.70387608543,0.0,5.0,0.012012012012,0,0.93661279408,-4.10596229681,5,183
103,0,15.5361657855,8.0,,0.011011011011,0,3.41324097964,0.296442846572,5,417
104,1,5.28039048043,5.0,7.0,0.01001001001,0,0.851346661457,-2.27364950394,5,281
105,1,3.27004062253,3.0,4.0,0.012012012012,1,-0.222333687145,-1.06295831604,5,149
106,1,-1.83484333301,,0.0,0.013013013013,1,-0.9172647909,-4.08304896031,5,20
107,1,3.42865265348,2.0,4.0,0.012012012012,0,0.296721030637,-2.46151043843,5,164
108,0,9.81496175341,6.0,,0.011011011011,0,1.15157513402,1.36023635135,5,422
109,0,7.83498321778,6.0,,0.012012012012,0,0.898552517065,0.139325666583,5,420
110,1,2.96368418743,2.0,3.0,0.013013013013,1,-0.42268564963,-0.768258863684,5,119
111,1,-1.23789949186,,2.0,0.012012012012,0,-1.36905378339,-2.13073814168,5,102
112,0,7.86527751498,4.0,,0.011011011011,0,0.697144619069,0.773843657771,5,425
113,0,7.07522450061,4.0,,0.014014014014,0,-0.326870116241,3.05583484933,5,424
114,0,1.21439634984,1.0,,0.013013013013,0,-0.0990122085706,-3.48856702445,5,70
115,0,8.98980494773,2.0,,0.011011011011,0,-0.0864821402615,4.24925136851,5,343
116,0,7.64643088459,4.0,,0.012012012012,0,-0.314499355749,3.58992895184,5,27
117,0,3.28794162449,3.0,,0.011011011011,0,-1.21916086955,1.94542423313,5,186
118,0,3.79313793247,3.0,,0.013013013013,0,-0.445324881587,0.129112577232,5,181
119,0,4.91663194272,3.0,,0.01001001001,0,0.39332857764,-1.2633537902,5,57
120,0,9.10954061529,5.0,,0.013013013013,0,0.689618661069,2.04068463208,5,161
121,1,-3.68392179886,,1.0,0.012012012012,0,-1.25597727104,-4.91598998576,5,31
122,1,-0.907052995102,,0.0,0.012012012012,1,-1.52067259013,-1.3450352247,5,18
123,0,7.63967936086,7.0,,0.012012012012,0,0.272529647704,1.82209041774,5,77
124,1,5.17102386842,3.0,6.0,0.012012012012,0,1.22995181774,-3.51883158481,5,336
125,1,4.51404317561,4.0,9.0,0.011011011011,0,-1.5087943464,4.04042621481,5,343
126,1,5.42990919914,4.0,7.0,0.013013013013,0,-0.398335784355,1.62491655221,5,304
127,1,-2.17903448287,,2.0,0.011011011011,0,-2.25681245787,-0.408597109264,5,45
128,0,10.4021080091,10.0,,0.011011011011,0,1.0602608024,2.22132560194,5,32
129,1,6.52884281312,6.0,7.0,0.013013013013,1,0.546688645855,-0.11122312444,5,278
130,1,3.87637097546,1.0,6.0,0.012012012012,0,-0.861206301264,1.45998987925,5,275
131,1,8.25718192485,7.0,9.0,0.012012012012,0,0.0405562302079,3.13551323423,5,280
132,1,2.16860835593,2.0,3.0,0.011011011011,1,-0.927103288125,-0.0500817797006,5,189
133,1,1.11180699189,1.0,3.0,0.01001001001,0,-2.5302417399,3.7025322116,5,79
134,1,3.43838507485,3.0,4.0,0.013013013013,1,-1.11411723651,1.78073678438,5,169
135,1,2.5395713673,0.0,6.0,0.012012012012,0,0.364782032559,-3.55477473038,5,194
136,1,6.58067083616,6.0,10.0,0.013013013013,0,0.30700204087,0.659664713546,5,200
137,1,4.09989886176,4.0,5.0,0.012012012012,1,0.134857188124,-1.30467270261,5,151
138,1,1.05460441759,,2.0,0.013013013013,0,-0.168209125289,-3.44076820655,5,38
139,1,-4.02634984551,,0.0,0.01001001001,1,-1.72538880725,-3.85018342375,5,30
140,1,-2.59155669573,,1.0,0.012012012012,0,-1.78013652525,-2.25114711998,5,34
141,1,2.13501340789,0.0,3.0,0.011011011011,0,-0.768314638728,-0.560042675923,5,40
142,1,4.00103882796,4.0,5.0,0.013013013013,1,0.205979143148,-1.61689860148,5,170
143,0,9.7905858952,6.0,,0.013013013013,0,2.05168460981,-1.36446793422,5,183
144,0,9.03037112378,5.0,,0.011011011011,0,1.16472199833,0.536205128786,5,332
145,1,4.8455451455,4.0,5.0,0.012012012012,1,-1.03985009635,2.96509543453,5,293
146,0,8.97831352007,5.0,,0.012012012012,0,0.0239995795667,3.90631478137,5,259
147,0,15.7069328446,4.0,,0.011011011011,0,2.23623025554,3.99824207797,5,160
148,0,4.31423837858,4.0,,0.013013013013,0,0.472785057741,-2.10411679464,5,256
149,0,7.60929482985,3.0,,0.013013013013,0,0.0154760533105,2.56286666992,5,313
150,0,7.92002876441,3.0,,0.013013013013,0,0.962912427613,0.0312914815665,5,334
151,1,-3.62531262464,,1.0,0.012012012012,0,-2.1020268821,-2.31923197835,5,70
152,0,7.75296444184,3.0,,0.012012012012,0,0.516678245317,1.20292970589,5,281
153,0,7.99704829239,4.0,,0.012012012012,0,0.179671577122,2.45803356102,5,420
154,1,-2.29930745754,,0.0,0.013013013013,1,-1.62186941538,-2.43369921139,5,48
155,0,9.62131210878,4.0,,0.012012012012,0,0.839958762475,2.10143582136,5,558
156,0,8.61778799695,5.0,,0.012012012012,0,0.474463137197,2.19439858536,5,521
157,0,4.8994822397,4.0,,0.01001001001,0,0.559946798875,-1.78035815692,5,119
158,1,1.61091684768,1.0,2.0,0.012012012012,1,-1.68375316228,1.66217633451,5,110
159,0,12.0530567486,7.0,,0.011011011011,0,2.04661360564,0.913215931676,5,576
160,1,0.783494320027,,3.0,0.012012012012,0,-0.944429689369,-1.38321661187,5,203
161,0,8.79191793006,8.0,,0.011011011011,0,0.431365430639,2.49782163814,5,37
162,1,-2.08035096728,,0.0,0.011011011011,1,-1.65426410589,-2.11755864962,5,16
163,1,4.42395359103,4.0,5.0,0.011011011011,1,0.268629909934,-1.38193613878,5,217
164,1,5.18055618514,4.0,6.0,0.011011011011,0,-0.516228297313,1.72924107708,5,214
165,1,5.26865011358,4.0,10.0,0.012012012012,0,-0.136957189593,0.679521682358,5,245
166,1,2.76177348051,2.0,8.0,0.011011011011,0,-0.83824277995,0.276501820357,5,224
167,1,-2.8765580079,,4.0,0.01001001001,0,-2.05006516463,-1.72636251401,5,130
168,1,1.117889396,,3.0,0.012012012012,0,-0.52102913519,-2.31902319843,5,73
169,1,8.72557157434,7.0,9.0,0.01001001001,0,1.5723467062,-0.991468544256,5,243
170,1,5.16892603932,2.0,8.0,0.013013013013,0,-1.25604050628,3.93704755816,5,206
171,1,2.73416643329,2.0,7.0,0.012012012012,0,0.28340862759,-3.11605944948,5,175
172,1,5.57672181861,5.0,6.0,0.012012012012,1,0.74810373406,-1.66758938357,5,165
173,1,0.0913979342199,0.0,2.0,0.012012012012,0,-1.39507633373,-0.723373064584,5,35
174,1,-0.279725474984,,0.0,0.012012012012,1,-0.978702124274,-2.34361910216,5,9
175,1,0.403603966715,,4.0,0.013013013013,0,-0.715914435472,-2.44865272687,5,159
176,1,5.97472425535,3.0,8.0,0.013013013013,0,-0.0524317046211,1.13201936921,5,185
177,1,-1.25269337218,,2.0,0.013013013013,0,-1.9092768426,-0.524862844376,5,26
178,1,6.59929603848,5.0,7.0,0.012012012012,0,-0.353052918576,2.65845479421,5,173
179,1,-0.414126383332,,1.0,0.012012012012,0,-1.48583754369,-0.956613752276,5,25
180,1,4.86580630855,3.0,6.0,0.013013013013,0,-0.821281774921,2.32965163331,5,176
181,1,6.459530635,5.0,7.0,0.012012012012,0,0.572233065083,-0.257168560248,5,234
182,1,7.73828893284,7.0,10.0,0.011011011011,0,-0.573398722791,4.45848510121,5,283
183,1,5.57964464095,3.0,8.0,0.012012012012,0,-0.152483192093,1.03709421723,5,254
184,1,3.88692737207,2.0,4.0,0.012012012012,0,-0.342091004791,-0.0867996135528,5,195
185,1,6.07840338661,6.0,7.0,0.011011011011,1,0.134596847116,0.674612845261,5,238
186,1,3.19678347563,2.0,6.0,0.013013013013,0,-0.976226387413,1.12546263787,5,263
187,1,-0.0697796591523,,0.0,0.013013013013,1,-2.35288584321,1.98887787047,5,104
188,1,3.19383191492,2.0,5.0,0.01001001001,0,-0.253878827901,-1.04453160137,5,308
189,0,9.88434129746,7.0,,0.012012012012,0,0.277927135671,4.05055989045,5,116
190,1,1.92815651836,1.0,2.0,0.011011011011,1,-1.56243297962,1.61545545721,5,213
191,0,11.2869830431,5.0,,0.012012012012,0,2.02925010164,0.199232738189,5,245
192,0,11.3381373996,4.0,,0.013013013013,0,2.27276435141,-0.480155654613,5,352
193,0,7.77666265994,3.0,,0.012012012012,0,-0.489366578163,4.24476239443,5,412
194,0,3.92378842936,3.0,,0.012012012012,0,-0.169568755381,-0.5675053045,5,730
195,0,4.89721023256,2.0,,0.011011011011,0,-0.566818592222,1.59766600922,5,457
196,0,8.41266989121,3.0,,0.012012012012,0,0.00292291388458,3.40390114956,5,725
197,0,7.11161848549,3.0,,0.013013013013,0,0.645404356654,0.175405415529,5,641
198,0,3.94945436051,3.0,,0.011011011011,0,-0.319287781002,-0.0926822964878,5,436
199,1,4.18968194813,2.0,5.0,0.013013013013,0,-0.614194898573,1.03226664385,5,385
200,0,6.68239818565,5.0,,0.00900900900901,0,0.747030571608,-0.558693529168,5,654
201,0,12.5594590062,7.0,,0.013013013013,0,1.77022462638,2.24878512708,5,702
202,1,1.79605662598,0.0,2.0,0.012012012012,0,-0.591660519845,-1.42896181449,5,371
203,1,4.1517035574,4.0,5.0,0.013013013013,1,-0.574600785718,0.875505914555,5,374
204,1,2.90400050357,2.0,5.0,0.011011011011,0,-1.20475991481,1.51828024798,5,344
205,1,4.9050887075,2.0,5.0,0.012012012012,0,-1.2059797871,3.52302806879,5,298
206,1,0.222407294692,0.0,1.0,0.012012012012,1,-0.939707160412,-1.95847122407,5,248
207,1,5.96297920936,3.0,6.0,0.012012012012,0,0.550046112167,-0.687159127138,5,265
208,1,8.86901799999,7.0,9.0,0.011011011011,0,1.77045391469,-1.4423437441,5,392
209,1,2.00333726225,1.0,5.0,0.012012012012,0,-1.27569809049,0.830431533707,5,264
210,1,4.71234938287,1.0,5.0,0.011011011011,0,-0.130264742421,0.103143610133,5,270
211,1,0.422488484954,0.0,1.0,0.012012012012,1,-1.64293773339,0.351301685124,5,230
212,1,4.20807921343,1.0,5.0,0.014014014014,0,0.721509465738,-2.95644918379,5,257
213,1,1.56749232784,1.0,2.0,0.012012012012,1,-1.7001655017,1.66798883294,5,198
214,1,1.91801780599,1.0,2.0,0.01001001001,1,-1.2298674886,0.607620271794,5,249
215,1,9.18579739165,9.0,10.0,0.01001001001,1,0.686432467223,2.12649998998,5,334
216,1,4.35055216696,1.0,7.0,0.014014014014,0,0.0511314226603,-0.802842101025,5,269
217,1,2.41792270892,0.0,10.0,0.012012012012,0,-0.663548312348,-0.59143235404,5,299
218,1,0.79504338354,0.0,2.0,0.013013013013,0,-0.993676406609,-1.22392739663,5,167
219,1,10.4369785607,3.0,12.0,0.015015015015,0,1.364948485,1.34213310572,5,321
220,1,5.83582851166,3.0,9.0,0.012012012012,0,-0.187584016317,1.39858056061,5,284
221,1,3.26665510571,3.0,7.0,0.013013013013,0,-1.05874143318,1.44287940526,5,272
222,1,0.696099561367,0.0,3.0,0.013013013013,0,-0.604304279968,-2.49098759873,5,116
223,1,5.28106892467,5.0,6.0,0.013013013013,1,0.405585712037,-0.935688211445,5,268
224,1,0.700702234781,,2.0,0.012012012012,0,0.238130751261,-5.013690019,5,99
225,1,4.12250941565,4.0,5.0,0.011011011011,1,-1.02696714048,2.2034108371,5,255
226,1,5.90701382229,5.0,6.0,0.011011011011,1,0.327361840436,-0.0750716990206,5,260
227,1,6.34219859625,5.0,9.0,0.011011011011,0,0.0683394015808,1.1371803915,5,276
228,1,0.696217994897,0.0,2.0,0.012012012012,0,-0.92794313834,-1.51995259008,5,95
229,1,-0.564951816616,,0.0,0.011011011011,1,-2.18334527096,0.985083996251,5,57
230,1,4.49758969185,4.0,5.0,0.012012012012,1,0.326007835785,-1.48043381551,5,250
231,1,0.161045610492,0.0,3.0,0.012012012012,0,-1.2743042624,-1.01604160231,5,144
232,1,6.24536125143,6.0,8.0,0.012012012012,0,0.388424896072,0.0800865632128,5,286
233,1,11.4416702918,7.0,12.0,0.013013013013,0,1.39520575395,2.25605303,5,339
234,1,1.57770863288,1.0,2.0,0.012012012012,1,-0.555353774845,-1.75623004259,5,82
235,1,6.19315526223,4.0,7.0,0.012012012012,0,0.12891134589,0.80642122456,5,313
236,0,7.07525092604,6.0,,0.011011011011,0,0.0945797322319,1.79151172935,5,229
237,0,14.4232615587,9.0,,0.012012012012,0,3.23031599335,-0.267686421297,5,131
238,1,2.05070021856,2.0,3.0,0.014014014014,1,-1.54568661523,1.68776006425,5,85
239,0,7.86840028066,6.0,,0.011011011011,0,0.469664472726,1.45940686249,5,91
240,1,-1.21048676807,,0.0,0.012012012012,1,-1.1807472973,-2.66824487617,5,14
241,0,5.3908200719,3.0,,0.01001001001,0,0.360250628299,-0.689931812995,5,252
242,1,3.85190474913,3.0,4.0,0.012012012012,1,-0.0394898208989,-1.02962578817,5,390
243,1,-0.00789988784423,,1.0,0.011011011011,0,-0.741840957037,-2.78237701673,5,11
244,0,6.7215588571,4.0,,0.011011011011,0,0.237726781403,1.00837851289,5,532
245,0,5.07575846757,5.0,,0.011011011011,0,-0.809547002344,2.50439947461,5,540
246,1,1.77270556423,1.0,2.0,0.012012012012,1,-1.08438142413,0.02584983661,5,382
247,0,9.6077014672,3.0,,0.012012012012,0,1.80703730471,-0.813410446931,5,513
248,0,7.49119528942,5.0,,0.014014014014,0,0.442368746843,1.16408904889,5,457
249,0,6.49217002302,3.0,,0.012012012012,0,1.03205459274,-1.60399375519,5,571
250,0,5.71932691556,3.0,,0.012012012012,0,0.016558718229,0.669650760868,5,517
251,1,-0.161656049414,,0.0,0.012012012012,1,-1.33183440357,-1.16615283871,5,27
252,0,11.1525483413,3.0,,0.013013013013,0,1.06722709609,2.95086705305,5,382
253,0,5.20908452883,1.0,,0.01001001001,0,0.39563829155,-0.977830345822,5,482
254,0,4.25700160952,1.0,,0.012012012012,0,0.168760589545,-1.24928015912,5,336
255,0,8.85313158086,2.0,,0.012012012012,0,1.04568556253,0.716074893267,5,163
256,1,0.127047330536,0.0,1.0,0.012012012012,1,-1.44996855692,-0.523046998701,5,65
257,0,6.95297287626,2.0,,0.012012012012,0,-0.018483542347,2.0084235033,5,179
258,0,5.96394867545,3.0,,0.013013013013,0,0.286230261504,0.105257890935,5,370
259,0,7.90554294258,1.0,,0.013013013013,0,0.178833388342,2.36904277755,5,338
260,0,4.83776950349,2.0,,0.011011011011,0,-0.338894124493,0.854451876965,5,72
261,0,9.20090455341,1.0,,0.012012012012,0,1.03862225666,1.08503778342,5,170
262,0,2.37125280985,2.0,,0.012012012012,0,-1.10833532731,0.696258791778,5,180
263,0,6.0034632927,0.0,,0.011011011011,0,0.939550908385,-1.81518943246,5,393
264,0,9.02299672995,0.0,,0.012012012012,0,1.31441733734,0.0797447179344,5,131
265,0,10.6396303557,0.0,,0.014014014014,0,0.761532214126,3.35503371334,5,7
266,0,6.49735706886,0.0,,0.012012012012,0,-0.113418565037,1.83761276397,5,225
267,0,4.660055177,0.0,,0.011011011011,0,0.384850309637,-1.49449575191,5,209
268,0,3.58895706518,0.0,,0.011011011011,0,-0.826410787178,1.06818942672,5,337
269,0,4.58425319177,0.0,,0.013013013013,0,0.106919749047,-0.736506055369,5,399
270,0,2.51165781908,0.0,,0.014014014014,0,-0.671391656711,-0.474167210791,5,165
271,0,8.11216719549,0.0,,0.012012012012,0,0.425224005369,1.83649517939,5,492
272,0,6.75426696179,1.0,,0.011011011011,0,0.32368809756,0.783202669104,5,277
273,0,6.96121205601,2.0,,0.013013013013,0,0.776268090679,-0.367592216022,5,392
274,0,6.86505540125,2.0,,0.012012012012,0,0.668904288318,-0.141657463702,5,409
275,0,2.65912645503,1.0,,0.012012012012,0,-0.175373919201,-1.81475178737,5,487
276,0,3.76572747085,3.0,,0.014014014014,0,-0.126689783596,-0.854203178365,5,467
277,0,8.22448921735,1.0,,0.012012012012,0,0.806234358853,0.805786140794,5,432
278,1,-0.609756907642,,0.0,0.013013013013,1,-1.74876110383,-0.363473596142,5,21
279,0,5.28800556451,2.0,,0.012012012012,0,0.107125694245,-0.0333715182235,5,458
280,0,7.45580111521,3.0,,0.012012012012,0,0.187840615786,1.89227926785,5,472
281,0,5.79360437953,3.0,,0.012012012012,0,0.707912952885,-1.33013447913,5,356
282,1,-5.64636575882,,1.0,0.011011011011,0,-2.95512313801,-1.7809963448,5,41
283,0,7.40727694219,4.0,,0.013013013013,0,0.881078208463,-0.235957683203,5,203
284,0,2.91377346385,2.0,,0.014014014014,0,-0.889580606095,0.582515282135,5,271
285,0,9.29052628081,2.0,,0.01001001001,0,1.05551793922,1.12397246314,5,126
286,0,6.32001896481,4.0,,0.012012012012,0,0.461845743747,-0.0655182664355,5,412
287,1,2.34067459731,2.0,3.0,0.012012012012,1,-0.395801094978,-1.47192211775,5,413
288,0,7.27775675603,5.0,,0.012012012012,0,1.09076824586,-0.994547981544,5,248
289,0,9.48527400962,5.0,,0.013013013013,0,1.59318424019,-0.294278710959,5,223
290,0,6.00509391405,5.0,,0.012012012012,0,-0.298206853521,1.89971447461,5,454
291,0,11.8157122905,7.0,,0.012012012012,0,1.23335980346,3.11563288016,5,103
292,1,3.77519224224,2.0,7.0,0.012012012012,0,-0.10018154376,-0.924263126482,5,408
293,1,2.65350223131,2.0,3.0,0.012012012012,1,-0.347808032903,-1.30307366998,5,398
294,1,1.31048970975,1.0,2.0,0.013013013013,1,-0.153363379978,-3.22942015032,5,397
295,1,4.93271957701,4.0,5.0,0.012012012012,1,0.0307683047887,-0.159585337351,5,399
296,1,4.61913157205,3.0,5.0,0.01001001001,0,-0.0578353390449,-0.20736241082,5,403
297,1,4.12018153765,4.0,7.0,0.012012012012,0,-0.23343101379,-0.179525420983,5,401
298,1,1.97440076466,1.0,3.0,0.014014014014,0,0.00037207559811,-3.02671546213,5,239
299,1,3.48767806297,3.0,4.0,0.013013013013,1,-0.242937414788,-0.783509692665,5,363
300,1,6.72971352848,6.0,8.0,0.012012012012,0,0.764277231034,-0.563118164625,5,406
301,1,6.9688488219,5.0,9.0,0.012012012012,0,0.744698477372,-0.265246610212,5,416
302,1,3.08374962857,2.0,5.0,0.013013013013,0,-0.756948975158,0.35459655404,5,353
303,1,-0.239705861471,,0.0,0.014014014014,1,-1.05467326934,-2.07568605346,5,3
304,0,9.16212369771,9.0,,0.012012012012,0,0.918487494824,1.40666121324,5,15
305,1,6.66495888379,5.0,7.0,0.011011011011,0,-0.167224549015,2.16663253084,5,419
306,1,3.39356250678,3.0,5.0,0.012012012012,0,0.537288653628,-3.21830345411,5,417
307,1,1.5052197655,1.0,2.0,0.013013013013,1,-1.21885659715,0.161789556951,5,241
308,1,2.61298085461,2.0,3.0,0.013013013013,1,-0.919169656637,0.370489824518,5,356
309,0,12.7419118892,5.0,,0.012012012012,0,0.879011766011,5.10487659112,5,25
310,0,4.98620201437,4.0,,0.012012012012,0,0.395171683646,-1.19931303657,5,156
311,0,6.07681995856,4.0,,0.011011011011,0,-0.371929803329,2.19260936855,5,194
312,0,8.57946493286,3.0,,0.014014014014,0,0.651019257466,1.62640716046,5,232
313,0,5.38034102418,3.0,,0.013013013013,0,0.937460132725,-2.43203937399,5,402
314,0,7.18650181606,1.0,,0.012012012012,0,0.767395716608,-0.115685333767,5,189
315,0,4.45151554204,0.0,,0.012012012012,0,0.135387976312,-0.954648386895,5,351
316,0,2.70700177057,0.0,,0.01001001001,0,-0.0445560897976,-2.15932996004,5,63
317,0,2.3342151707,2.0,,0.011011011011,0,-0.33342464826,-1.66551088452,5,393
318,0,5.66260842741,0.0,,0.013013013013,0,0.384567623209,-0.491094442214,5,21
319,0,5.59640468522,0.0,,0.012012012012,0,0.512358989963,-0.940672284673,5,107
320,0,2.80005414511,1.0,,0.012012012012,0,-0.846483914517,0.339505888661,5,59
321,0,6.30230382155,1.0,,0.011011011011,0,-0.349359759475,2.35038309998,5,255
322,0,9.76117966691,1.0,,0.014014014014,0,1.58551568073,0.00463262472619,5,94
323,0,2.42163859613,2.0,,0.011011011011,0,-0.880212408452,0.0622758214883,5,61
324,0,6.94848154511,3.0,,0.012012012012,0,0.0706704909308,1.73647007232,5,251
325,0,4.6964929279,4.0,,0.012012012012,0,-0.933638146354,2.49740736696,5,231
326,1,-1.39755994752,,1.0,0.012012012012,0,-1.46726657587,-1.99576021992,5,63
327,0,12.9600417683,6.0,,0.012012012012,0,2.20684517,1.33950625829,5,62
328,0,4.62130114468,4.0,,0.012012012012,0,-0.76678230369,1.92164805575,5,44
329,1,0.891559996687,,3.0,0.012012012012,0,-1.68287462646,0.940183876081,5,122
330,1,2.72903093508,0.0,3.0,0.013013013013,0,0.17396283759,-2.79285757769,5,128
331,1,-0.262975458308,,0.0,0.011011011011,1,-1.81205975822,0.17320381635,5,7
332,0,7.38163876187,5.0,,0.01001001001,0,0.182594936988,1.83385395091,5,424
333,1,1.80442042755,1.0,2.0,0.012012012012,1,-0.404412675902,-1.98234154475,5,96
334,0,5.76958137578,5.0,,0.011011011011,0,-0.589717990943,2.53873534861,5,261
335,0,4.26263025237,4.0,,0.011011011011,0,-0.418847158486,0.519171727829,5,199
336,0,6.39987172772,4.0,,0.011011011011,0,1.01924172191,-1.657853438,5,182
337,0,12.0488328624,4.0,,0.012012012012,0,0.74300341554,4.81982261582,5,98
338,1,-2.0331230171,,0.0,0.011011011011,1,-0.651737498474,-5.07791052168,5,75
339,0,7.28845814818,4.0,,0.011011011011,0,0.841524440018,-0.236115171873,5,61
340,0,9.27760077522,2.0,,0.012012012012,0,0.773298530868,1.95770518262,5,193
341,0,3.44675288705,3.0,,0.012012012012,0,-0.509316470592,-0.0252977011727,5,304
342,0,7.266069088,5.0,,0.013013013013,0,0.538671569095,0.650054380711,5,108
343,1,1.85146017821,1.0,3.0,0.01001001001,0,-1.43032530527,1.14243609403,5,133
344,1,0.519656533605,0.0,2.0,0.011011011011,0,-1.70007736792,0.619888637378,5,124
345,0,9.04733028236,4.0,,0.011011011011,0,0.26789059754,3.24365848974,5,388
346,0,10.084152227,6.0,,0.011011011011,0,1.49255781414,0.606478784583,5,211
347,1,-0.479715569946,,1.0,0.013013013013,0,-2.05012843954,0.670669748674,5,109
348,1,1.37894796733,1.0,5.0,0.012012012012,0,-0.354493600175,-2.55757123214,5,192
349,0,10.6549845341,6.0,,0.013013013013,0,1.19008491971,2.08472977494,5,468
350,0,7.23921485055,4.0,,0.011011011011,0,0.966367054816,-0.659886313901,5,406
351,1,1.26178690694,,2.0,0.013013013013,0,-0.822120548649,-1.27185144711,5,123
352,0,5.96290895573,4.0,,0.012012012012,0,0.360954015365,-0.119953090365,5,444
353,0,6.52422877993,4.0,,0.012012012012,0,-0.499026148143,3.02130722436,5,474
354,1,-0.0211315186285,,1.0,0.011011011011,0,-0.0223878917004,-4.95396784353,5,172
355,0,4.88352128212,3.0,,0.012012012012,0,1.07725848451,-3.3482541714,5,140
356,0,17.0720216439,3.0,,0.012012012012,0,3.42739387896,1.78984000707,5,59
357,0,8.67454670889,3.0,,0.012012012012,0,0.0916558415652,3.3995791842,5,80
358,1,-1.134373601,,0.0,0.01001001001,1,-1.91132212752,-0.400407218442,5,52
359,0,5.20771675729,3.0,,0.011011011011,0,-0.746438169638,2.4470312662,5,1
360,0,7.16686634771,3.0,,0.012012012012,0,0.57678428928,0.436513479874,5,19
361,0,4.29468503003,2.0,,0.011011011011,0,-0.254781215889,0.0590286776953,5,215
362,0,9.67017920673,3.0,,0.012012012012,0,0.982575630037,1.72245231661,5,4
363,0,6.46319290371,2.0,,0.01001001001,0,0.313224526495,0.523519324227,5,162
364,0,10.8869995794,3.0,,0.013013013013,0,0.517469373957,4.33459145757,5,223
365,0,5.33771113886,2.0,,0.012012012012,0,0.100481831593,0.0362656440837,5,362
366,1,-3.05493313583,,0.0,0.012012012012,1,-1.80271744688,-2.6467807952,5,61
367,1,-0.709470913052,,0.0,0.01001001001,1,-1.35260599913,-1.65165291567,5,46
368,0,5.84112305102,2.0,,0.013013013013,0,0.882005418082,-1.80489320322,5,97
369,0,4.86598166884,2.0,,0.011011011011,0,-0.682201217749,1.91258532209,5,190
370,0,2.93456724413,2.0,,0.012012012012,0,-1.32495566515,1.9094342396,5,81
371,0,6.2994825516,2.0,,0.012012012012,0,0.227692471531,0.616405137004,5,196
372,0,8.24881449844,3.0,,0.013013013013,0,0.30537995679,2.33267462807,5,73
373,0,5.31968012942,1.0,,0.012012012012,0,0.167346985467,-0.182360826981,5,83
374,0,9.70912885398,0.0,,0.012012012012,0,1.17283303374,1.19062975277,5,125
375,0,8.62632547902,0.0,,0.011011011011,0,0.964269035583,0.733518372273,5,249
376,0,8.00629028744,2.0,,0.013013013013,0,0.479477927168,1.56785650594,5,100
377,0,9.67231453911,0.0,,0.012012012012,0,1.09857764517,1.37658160361,5,109
378,0,2.86429072997,0.0,,0.012012012012,0,-0.851479229884,0.418728419622,5,99
379,0,3.26707636845,0.0,,0.012012012012,0,-0.588978445312,0.0340117043826,5,286
380,0,10.4135448343,1.0,,0.012012012012,0,0.690548518877,3.34189927769,5,219
381,0,9.12650903709,0.0,,0.011011011011,0,1.5965428314,-0.663119457109,5,350
382,0,8.87291275012,1.0,,0.014014014014,0,0.914543106528,1.12928343054,5,377
383,0,3.57249357723,2.0,,0.011011011011,0,-1.03890869238,1.68921965438,5,340
384,0,8.38473136533,1.0,,0.012012012012,0,1.3286524199,-0.601225894384,5,275
385,0,1.01052405736,0.0,,0.012012012012,0,-0.987431493336,-1.02718146263,5,90
386,0,2.87432772847,1.0,,0.013013013013,0,-0.742629092924,0.102215007246,5,208
387,0,10.4695270502,2.0,,0.011011011011,0,1.7386908265,0.253454570735,5,217
388,0,4.4153148551,2.0,,0.011011011011,0,0.534327369876,-2.18766725452,5,278
389,0,12.278307388,3.0,,0.012012012012,0,1.85671569259,1.70816031018,5,149
390,0,14.1367175969,4.0,,0.013013013013,0,2.42167152002,1.87170303679,5,605
391,0,6.24450828674,6.0,,0.013013013013,0,-0.469326747914,2.65248853048,5,141
392,1,1.63341522793,1.0,3.0,0.013013013013,0,-0.969728532202,-0.45739917546,5,407
393,0,8.75906513934,6.0,,0.011011011011,0,0.325520349716,2.78250409019,5,307
394,1,3.19666149056,3.0,4.0,0.012012012012,1,-0.603898633479,0.00835739100187,5,404
395,1,2.68462232697,2.0,3.0,0.014014014014,1,0.456840546834,-3.68589931354,5,396
396,1,7.24334396872,7.0,8.0,0.014014014014,1,-0.544227038714,3.87602508486,5,414
397,1,3.27147986425,2.0,5.0,0.015015015015,0,0.828849245058,-4.21506787092,5,402
398,1,6.62551227673,6.0,8.0,0.011011011011,0,-0.266996119784,2.42650063608,5,415
399,1,2.43471700692,2.0,3.0,0.013013013013,1,-0.0235118370572,-2.4947474819,5,395
400,1,0.275720330676,0.0,1.0,0.012012012012,1,-1.3689876341,-0.617316767037,5,190
401,1,6.43611791635,3.0,7.0,0.013013013013,0,-0.245839629323,2.17363680432,5,411
402,1,4.6512620015,4.0,5.0,0.013013013013,1,-0.00683837671663,-0.328222868354,5,400
403,1,5.06018156449,5.0,6.0,0.011011011011,1,-0.0927868640938,0.338542156773,5,418
404,1,8.19002786967,8.0,10.0,0.012012012012,0,0.908427608822,0.464745043202,5,421
405,1,-0.275061055932,,0.0,0.00900900900901,1,-1.36410792051,-1.18273729439,5,10
406,1,2.56353192821,,3.0,0.013013013013,0,-0.942765397668,0.391828121215,5,89
407,1,9.98820475425,9.0,10.0,0.012012012012,1,0.729396302549,2.80001584661,5,422
408,0,10.3787085561,8.0,,0.012012012012,0,2.43840078371,-1.936493795,5,367
409,1,8.26600911537,8.0,11.0,0.013013013013,0,0.0212270116348,3.20232808047,5,423
410,1,3.33282764089,1.0,7.0,0.013013013013,0,-0.272749669533,-0.848923350513,5,222
411,1,1.95835629968,0.0,3.0,0.012012012012,0,0.540761890232,-4.66392937101,5,86
412,1,1.6882683625,1.0,3.0,0.013013013013,0,-1.38342869345,0.838554442845,5,81
413,1,1.92724861873,1.0,4.0,0.013013013013,0,-0.437012038388,-1.76171526611,5,93
414,1,-1.41219913515,,6.0,0.012012012012,0,-1.84050594767,-0.890681292146,5,108
415,0,10.3765194599,10.0,,0.013013013013,0,1.87418275229,-0.246028796962,5,732
416,1,-0.558697166928,,0.0,0.013013013013,1,-1.20981811097,-1.92924283402,5,68
417,1,3.43220811145,0.0,7.0,0.011011011011,0,0.115433341282,-1.9140919124,5,171
418,1,0.414753504912,0.0,4.0,0.012012012012,0,-1.62383510606,0.286258823097,5,98
419,1,1.4710835363,1.0,2.0,0.013013013013,1,-0.352448628585,-2.47157057794,5,87
420,1,9.15382958998,9.0,10.0,0.012012012012,1,0.25081772194,3.40137642416,5,223
421,1,8.93371161148,8.0,9.0,0.011011011011,1,1.7811312067,-1.40968200863,5,246
422,1,2.20667210764,0.0,3.0,0.01001001001,0,-1.20634681181,0.825712543069,5,106
423,1,5.39884815577,0.0,7.0,0.013013013013,0,-0.483768461037,1.85015353888,5,191
424,1,0.017627200252,0.0,4.0,0.011011011011,0,-1.00237632343,-1.97524382945,5,162
425,1,2.02343144849,0.0,3.0,0.012012012012,0,-0.489482795478,-1.50812016508,5,118
426,1,-2.46095170946,,0.0,0.012012012012,1,-2.68304706282,0.588189479001,5,80
427,1,7.21757560609,5.0,8.0,0.014014014014,0,0.649598240007,0.268780886074,5,233
428,1,2.68496595514,1.0,3.0,0.011011011011,0,-0.141989569632,-1.88906533596,5,177
429,1,3.07065267973,3.0,4.0,0.012012012012,1,-0.0481834407542,-1.78479699801,5,212
430,1,4.40616435224,2.0,6.0,0.012012012012,0,0.31584679971,-1.54137604689,5,252
431,0,7.54085031212,7.0,,0.015015015015,0,0.345179165411,1.50531281589,5,431
432,1,7.2189802223,6.0,8.0,0.011011011011,0,1.51202906188,-2.31710696334,5,311
433,0,6.45911020735,4.0,,0.012012012012,0,-0.406729937221,2.67930001902,5,456
434,0,9.51654232618,6.0,,0.013013013013,0,0.330250673524,3.52579030561,5,532
435,0,5.21051055675,4.0,,0.012012012012,0,-1.19163766361,3.78542354757,5,533
436,0,4.07619577655,2.0,,0.011011011011,0,-0.435960148112,0.384076220884,5,541
437,0,9.71370740593,2.0,,0.01001001001,0,1.30310814806,0.804382961769,5,563
438,0,7.60681978618,4.0,,0.012012012012,0,0.959505480531,-0.271696655417,5,629
439,0,8.12292168683,3.0,,0.012012012012,0,1.44889982608,-1.2237777914,5,263
440,0,7.63735915437,5.0,,0.011011011011,0,0.180795053564,2.09497399368,5,147
441,0,6.92186227609,6.0,,0.012012012012,0,0.732939735557,-0.276956930584,5,318
442,1,-0.972717506198,,0.0,0.011011011011,1,-0.687307520434,-3.9107949449,5,64
443,1,4.76304614197,2.0,5.0,0.011011011011,0,0.00672867622631,-0.25713988671,5,330
444,1,3.21774021054,3.0,4.0,0.012012012012,1,-0.847717408835,0.760892437044,5,292
445,1,6.78698081321,6.0,7.0,0.013013013013,1,1.43750299832,-2.52552818175,5,322
446,1,4.87223818967,4.0,5.0,0.011011011011,1,0.146229529116,-0.566450397679,5,338
447,1,7.09249685972,3.0,8.0,0.011011011011,0,0.0889229987618,1.82572786344,5,342
448,1,3.27740199902,2.0,5.0,0.012012012012,0,0.237738581665,-2.43581374598,5,289
449,1,1.93158826971,1.0,2.0,0.011011011011,1,-0.43499028989,-1.76344086062,5,244
450,1,-0.110495976727,,0.0,0.013013013013,1,-1.75426395655,0.152295892929,5,8
451,1,7.99446790864,3.0,8.0,0.012012012012,0,2.49022060059,-4.47619389314,5,345
452,1,3.10312159103,3.0,8.0,0.011011011011,0,-0.42895602903,-0.610010321881,5,362
453,1,1.57197819003,1.0,3.0,0.012012012012,0,0.885903972163,-6.08573372646,5,287
454,1,3.75029318838,3.0,7.0,0.013013013013,0,0.260148834658,-2.03015331559,5,320
455,0,11.9182265088,10.0,,0.012012012012,0,1.60531282071,2.10228804671,5,462
456,1,5.38768310289,3.0,7.0,0.01001001001,0,1.15769460195,-3.08540070296,5,327
457,0,11.3041659315,10.0,,0.012012012012,0,2.20341671198,-0.306084204481,5,252
458,1,2.41581546229,2.0,3.0,0.013013013013,1,-0.418139489287,-1.32976606985,5,225
459,1,5.38151446255,5.0,6.0,0.013013013013,1,-0.0487941652732,0.527896958375,5,297
460,1,6.88683572535,5.0,7.0,0.013013013013,0,1.02609735391,-1.19145633637,5,310
461,1,7.38650288363,7.0,8.0,0.012012012012,1,0.331158130559,1.39302849195,5,383
462,1,1.59845387831,1.0,2.0,0.012012012012,1,-0.375425017793,-2.27527106831,5,187
463,1,0.927653873823,0.0,1.0,0.011011011011,1,-1.1137664676,-0.731046723388,5,131
464,1,0.973155409177,,1.0,0.011011011011,0,-0.44941298189,-2.67860564515,5,117
465,1,4.23745724644,4.0,5.0,0.014014014014,1,-0.803029568051,1.64654595059,5,302
466,0,10.2956806477,6.0,,0.012012012012,0,1.52138419572,0.731528060519,5,152
467,0,7.89284351867,6.0,,0.012012012012,0,1.5340245835,-1.70923023182,5,287
468,0,3.25473674432,3.0,,0.011011011011,0,-1.35922437439,2.33240986748,5,116
469,0,5.33510350092,4.0,,0.012012012012,0,-0.107893686042,0.658784559047,5,286
470,0,6.07366732655,2.0,,0.012012012012,0,1.22826948709,-2.61114113471,5,316
471,0,7.26443700483,2.0,,0.01001001001,0,1.27252699719,-1.55314398674,5,247
472,0,11.0427542531,1.0,,0.012012012012,0,1.31128881007,2.1088878229,5,26
473,1,-3.05882549306,,0.0,0.01001001001,1,-2.33751267841,-1.04628745783,5,55
474,0,3.68080007123,2.0,,0.014014014014,0,0.56031128332,-3.00013377873,5,119
475,0,4.58547791445,3.0,,0.012012012012,0,-0.268614993497,0.391322894941,5,357
476,0,10.052892922,3.0,,0.011011011011,0,1.94276153513,-0.775391683392,5,69
477,0,7.34530597318,3.0,,0.013013013013,0,0.496888355746,0.854640905947,5,230
478,1,-0.817879965769,,1.0,0.013013013013,0,-1.18680487443,-2.25746534247,5,67
479,0,8.32108883617,3.0,,0.011011011011,0,0.596010681276,1.53305679234,5,206
480,0,10.1302544375,2.0,,0.013013013013,0,0.875380534528,2.50411283389,5,364
481,0,5.22766619728,1.0,,0.011011011011,0,-0.419769311285,1.48697413113,5,736
482,1,1.16436772086,1.0,2.0,0.013013013013,1,-1.46914486394,0.571802312672,5,105
483,0,11.0294625386,2.0,,0.012012012012,0,0.904172898722,3.31694384248,5,724
484,0,7.99884969569,3.0,,0.012012012012,0,1.06247986193,-0.1885898901,5,673
485,0,4.8314517777,1.0,,0.012012012012,0,-0.125747795153,0.208695163162,5,204
486,0,2.4466865656,1.0,,0.013013013013,0,-1.40714120679,1.66811018597,5,660
487,0,6.32658833589,3.0,,0.014014014014,0,-0.0133237163287,1.36655948487,5,686
488,0,5.82640373282,0.0,,0.011011011011,0,-0.610748104435,2.65864804613,5,714
489,0,8.29024694157,1.0,,0.012012012012,0,1.39843399927,-0.905055056244,5,616
490,0,4.91135785462,2.0,,0.014014014014,0,0.225888042349,-0.766306272425,5,640
491,0,3.09856174863,3.0,,0.013013013013,0,0.7535538411,-4.16209977467,5,682
492,0,6.61900402667,5.0,,0.012012012012,0,0.130052770633,1.22884571477,5,701
493,0,4.77544782985,4.0,,0.012012012012,0,0.549947164911,-1.87439366489,5,692
494,0,7.66535744796,5.0,,0.012012012012,0,0.912977949915,-0.0735764017884,5,721
495,1,-0.879486571382,,0.0,0.012012012012,1,-1.27843401702,-2.04418452033,5,43
496,1,3.56796568852,2.0,4.0,0.012012012012,0,-0.477530206436,0.000556307829,5,137
497,1,1.81143820162,,2.0,0.013013013013,0,0.274225900364,-4.01123949947,5,83
498,1,0.739577916367,,3.0,0.011011011011,0,-0.767007098201,-1.95940078903,5,136
499,0,9.7094255136,9.0,,0.013013013013,0,1.36220143359,0.622821212821,5,130
500,1,4.01893751587,3.0,6.0,0.012012012012,0,0.496732948688,-2.4712613302,5,143
501,1,3.0298583864,2.0,8.0,0.01001001001,0,0.00565709468354,-1.98711289765,5,202
502,1,-2.13610265427,,2.0,0.012012012012,0,-2.57005185045,0.57405289709,5,135
503,1,5.33731558903,4.0,9.0,0.011011011011,0,0.767736378265,-1.96589354576,5,279
504,1,5.20773696201,5.0,6.0,0.011011011011,1,0.11421569219,-0.134910114557,5,197
505,1,-1.36774023141,,0.0,0.014014014014,1,-1.3744199512,-2.24448037781,5,1
506,1,1.04071161518,1.0,3.0,0.012012012012,0,-0.999753619131,-0.960027527428,5,166
507,1,1.01132095582,1.0,4.0,0.015015015015,0,-1.14391587322,-0.55693142451,5,181
508,1,9.62286543275,8.0,12.0,0.012012012012,0,2.35204508404,-2.43326981937,5,359
509,1,5.56338299221,5.0,9.0,0.013013013013,0,-0.455001713073,1.92838813143,5,237
510,1,8.70801980554,7.0,10.0,0.014014014014,0,0.68187133175,1.66240581029,5,271
511,1,1.51014940612,1.0,3.0,0.011011011011,0,-0.507565821815,-1.96715312843,5,174
512,1,4.05900782608,1.0,5.0,0.012012012012,0,-0.123000080702,-0.571991931816,5,226
513,1,8.44785436134,8.0,9.0,0.014014014014,1,1.25835848772,-0.327221101821,5,273
514,1,-2.52191532617,,0.0,0.012012012012,1,-2.33431387929,-0.518973688302,5,15
515,1,5.66221595601,5.0,7.0,0.012012012012,0,0.685049033027,-1.39293114307,5,235
516,1,5.28422533698,4.0,6.0,0.011011011011,0,-0.656781707954,2.25457046084,5,211
517,1,0.506576450071,0.0,1.0,0.011011011011,1,-1.71099933582,0.639574457543,5,168
518,1,4.91376800233,2.0,6.0,0.01001001001,0,0.0934009257002,-0.366434774775,5,232
519,1,0.0138146058053,0.0,3.0,0.012012012012,0,-0.895360950922,-2.30010254143,5,204
520,1,1.84960007501,1.0,2.0,0.014014014014,1,-0.814890404545,-0.70572871136,5,180
521,1,4.71620128719,2.0,6.0,0.012012012012,0,-0.270963986335,0.529093246195,5,306
522,1,2.97974970985,0.0,3.0,0.012012012012,0,0.337062176943,-3.03143682098,5,207
523,1,7.08229533317,7.0,12.0,0.013013013013,0,0.630761928318,0.190009548214,5,376
524,1,6.23244881053,6.0,7.0,0.01001001001,1,0.0893202732094,0.964487990905,5,366
525,1,5.50413335333,5.0,7.0,0.01001001001,0,0.398804909644,-0.692281375606,5,365
526,1,8.73384304406,7.0,10.0,0.012012012012,0,2.03709465891,-2.37744093267,5,370
527,1,8.20757782282,8.0,9.0,0.013013013013,1,0.180975891444,2.66465014848,5,364
528,1,6.77208439222,5.0,7.0,0.013013013013,0,-0.129866903594,2.161685103,5,355
529,1,0.169542448332,0.0,1.0,0.012012012012,1,-0.723931935762,-2.65866174438,5,156
530,1,-3.3083359576,,0.0,0.011011011011,1,-0.942715229353,-5.48019026954,5,154
531,1,1.52470284373,0.0,2.0,0.012012012012,0,-1.38634540035,0.683739044787,5,261
532,1,3.42400694385,2.0,4.0,0.011011011011,0,-0.481615164603,-0.13114756234,5,329
533,1,2.84385466574,2.0,3.0,0.012012012012,1,-0.268405195555,-1.35092974759,5,294
534,1,4.07222468313,3.0,6.0,0.013013013013,0,-0.341634112657,0.0971270210981,5,332
535,0,13.4745140564,7.0,,0.012012012012,0,2.04733547204,2.33250764029,5,42
536,0,6.35939247969,6.0,,0.012012012012,0,-0.247776229503,2.1027211682,5,12
537,0,4.99656118715,4.0,,0.013013013013,0,-0.176821477107,0.527025618468,5,476
538,1,0.219993694945,0.0,1.0,0.011011011011,1,-0.886478349273,-2.12057125724,5,303
539,0,11.4071030337,3.0,,0.011011011011,0,0.926923891889,3.62633135798,5,426
540,0,4.46359928181,2.0,,0.013013013013,0,-1.16497870368,2.95853539285,5,342
541,0,9.35775779862,2.0,,0.011011011011,0,1.01102080754,1.324695376,5,414
542,0,7.33607959187,2.0,,0.01001001001,0,0.0576727060211,2.16306147381,5,152
543,0,8.61623348773,2.0,,0.013013013013,0,-0.705593553206,5.73301414734,5,151
544,0,10.927751068,1.0,,0.012012012012,0,1.23710113277,2.21644766972,5,373
545,0,3.60579516045,0.0,,0.011011011011,0,-1.14448479934,2.03924955846,5,428
546,0,4.70718086658,0.0,,0.01001001001,0,-0.723220388562,1.87684203227,5,320
547,0,9.23771262148,2.0,,0.013013013013,0,0.720072885849,2.07749396393,5,449
548,0,7.82726232001,0.0,,0.011011011011,0,0.0535976542674,2.6664693572,5,547
549,0,3.88150819121,0.0,,0.01001001001,0,0.0552577607149,-1.28426509094,5,167
550,0,10.6992329979,0.0,,0.012012012012,0,1.37625633545,1.57046399157,5,291
551,0,0.353900555009,0.0,,0.011011011011,0,-0.830000460538,-2.15609806338,5,470
552,0,1.95336002823,0.0,,0.012012012012,0,-1.23213874827,0.649776273036,5,463
553,0,3.2969556013,2.0,,0.014014014014,0,-0.829257616787,0.784728451657,5,465
554,0,9.8568332917,3.0,,0.013013013013,0,0.516993020234,3.305854231,5,317
555,0,2.96999139375,0.0,,0.012012012012,0,-0.48110725707,-0.586686835044,5,308
556,0,6.65196617675,0.0,,0.012012012012,0,0.852701857928,-0.906139397034,5,552
557,0,3.75341630639,3.0,,0.014014014014,0,-0.803646505159,1.16435582187,5,425
558,0,2.46806447984,1.0,,0.013013013013,0,0.262717207735,-3.32008714336,5,366
559,0,4.9313394927,0.0,,0.01001001001,0,0.00922977229883,-0.0963498241988,5,344
560,0,4.0441307859,2.0,,0.012012012012,0,-0.357662322613,0.117117753744,5,328
561,0,2.39541370182,0.0,,0.011011011011,0,0.289066309896,-3.47178522787,5,375
562,0,5.08190591917,1.0,,0.013013013013,0,1.24919350588,-3.66567459846,5,348
563,0,5.83447671442,1.0,,0.011011011011,0,0.253445848419,0.0741391691616,5,384
564,0,4.23969556178,0.0,,0.011011011011,0,-0.0649047826005,-0.565590090421,5,51
565,0,8.79488928293,1.0,,0.013013013013,0,0.907709087856,1.07176201936,5,495
566,0,4.52456221985,0.0,,0.013013013013,0,0.0699529950242,-0.685296765222,5,290
567,0,4.65603100907,0.0,,0.01001001001,0,0.584183748208,-2.09652023556,5,233
568,0,4.52747962944,1.0,,0.012012012012,0,-0.755611563139,1.79431431886,5,207
569,0,6.94599511696,0.0,,0.012012012012,0,-0.510747503833,3.47823762846,5,175
570,0,11.7479708039,2.0,,0.014014014014,0,1.23780657744,3.03455107159,5,218
571,0,2.62277374388,1.0,,0.012012012012,0,-0.629858328192,-0.487651271549,5,171
572,0,4.71315030628,0.0,,0.012012012012,0,0.0064437501874,-0.306180944281,5,254
573,0,2.62551434554,0.0,,0.011011011011,0,0.356861452043,-3.44507001059,5,349
574,0,0.263347125415,0.0,,0.01001001001,0,-2.12948374555,1.65179836206,5,405
575,0,4.35546837678,2.0,,0.013013013013,0,0.0407200151973,-0.766691668815,5,321
576,0,8.31567025586,1.0,,0.011011011011,0,0.0113263026126,3.28169134802,5,455
577,0,5.21737472701,2.0,,0.012012012012,0,-1.25276975045,3.97568397835,5,114
578,0,6.39969633703,4.0,,0.012012012012,0,0.789043140607,-0.96743308479,5,353
579,0,6.07856864163,2.0,,0.011011011011,0,-0.138047372625,1.49271075951,5,28
580,0,4.82017881662,4.0,,0.011011011011,0,0.0593264985528,-0.357800679043,5,16
581,1,0.171343290446,0.0,1.0,0.012012012012,1,-0.584385184892,-3.07550115488,5,163
582,1,4.25668000368,4.0,5.0,0.012012012012,1,0.548394977102,-2.38850492762,5,316
583,0,8.66217890277,7.0,,0.011011011011,0,1.20798015084,0.0382384502546,5,315
584,1,6.05238149259,6.0,7.0,0.014014014014,1,-0.179469450319,1.59078984355,5,394
585,0,8.16716840977,8.0,,0.012012012012,0,1.18439335917,-0.386011667731,5,345
586,1,0.380816117098,0.0,1.0,0.012012012012,1,-0.612217726262,-2.78253070411,5,179
587,1,2.69009533756,2.0,3.0,0.013013013013,1,-1.16206681396,1.17629577945,5,193
588,0,12.5439871109,9.0,,0.013013013013,0,1.82198480951,2.07803268239,5,301
589,1,1.66746465738,1.0,3.0,0.012012012012,0,-0.756224095622,-1.06386305576,5,196
590,1,6.04498530241,6.0,7.0,0.012012012012,1,-0.0424400844463,1.17230555575,5,231
591,0,12.6125167363,9.0,,0.014014014014,0,1.70563700394,2.49560572453,5,126
592,1,2.42333292208,,4.0,0.011011011011,0,-0.702373966842,-0.46954517739,5,188
593,1,5.64540930199,5.0,8.0,0.013013013013,0,1.21243089974,-2.99188339723,5,221
594,1,-3.49500185688,,0.0,0.012012012012,1,-1.30585268957,-4.57744378818,5,58
595,0,13.0671113187,10.0,,0.011011011011,0,1.82946874929,2.5787050708,5,76
596,1,4.69006126164,2.0,9.0,0.013013013013,0,1.4094700659,-4.53834893605,5,201
597,1,0.804885865178,,2.0,0.013013013013,0,-1.20348989439,-0.584644451643,5,112
598,1,0.730684466008,,3.0,0.014014014014,0,-1.10586709521,-0.951714248373,5,126
599,1,4.8509887922,3.0,6.0,0.012012012012,0,0.969303070594,-3.05692041958,5,150
600,1,3.86305275232,2.0,6.0,0.012012012012,0,-0.702560237559,0.970733464995,5,158
601,1,2.57530225553,1.0,3.0,0.012012012012,0,-0.173678369422,-1.90366263621,5,145
602,1,-0.301160826814,,0.0,0.012012012012,1,-0.495712939387,-3.81402200865,5,5
603,1,6.93052187112,2.0,7.0,0.014014014014,0,0.0528605827401,1.7719401229,5,160
604,1,6.60205827511,6.0,7.0,0.012012012012,1,-0.0311451905765,1.69549384684,5,307
605,1,7.51747336207,7.0,8.0,0.012012012012,1,0.171590712827,2.00270122359,5,384
606,1,1.63040710531,1.0,5.0,0.011011011011,0,-0.873187772007,-0.750029578671,5,291
607,0,8.93057920969,5.0,,0.01001001001,0,0.860345415295,1.34954296381,5,240
608,0,6.69183169318,5.0,,0.011011011011,0,1.80529946928,-3.72406671465,5,269
609,1,1.24977848711,1.0,3.0,0.013013013013,0,-2.36051729889,3.33133038378,5,378
610,0,5.57721263664,3.0,,0.012012012012,0,-0.153152795555,1.03667102331,5,243
611,0,7.52931755344,4.0,,0.014014014014,0,0.759430560923,0.251025870675,5,138
612,0,6.39977912314,2.0,,0.012012012012,0,0.44966954321,0.0507704935118,5,345
613,0,8.62471341644,1.0,,0.012012012012,0,1.62007167928,-1.23550162139,5,135
614,0,8.65315522266,2.0,,0.014014014014,0,1.79606623267,-1.73504347535,5,385
615,0,8.52225912823,1.0,,0.011011011011,0,0.544939841842,1.8874396027,5,129
616,0,3.36684676706,0.0,,0.013013013013,0,-0.418627514704,-0.377270688833,5,383
617,0,5.55761160388,1.0,,0.012012012012,0,-0.507687103882,2.08067291552,5,374
618,0,6.02911699686,1.0,,0.012012012012,0,0.200902376177,0.426409868332,5,371
619,0,3.02143016912,3.0,,0.013013013013,0,-0.547543574581,-0.335939107134,5,106
620,0,7.53483333795,2.0,,0.011011011011,0,0.80647223989,0.115416618274,5,166
621,0,14.0344964829,3.0,,0.012012012012,0,1.82856589196,3.54879880705,5,179
622,0,9.14015920535,4.0,,0.013013013013,0,-0.0517052052677,4.29527482116,5,102
623,0,4.35295278175,4.0,,0.012012012012,0,-1.11354854903,2.69359842884,5,116
624,1,-1.08824104092,,1.0,0.01001001001,0,-2.10620583581,0.230376466497,5,42
625,1,5.98881219212,5.0,6.0,0.016016016016,1,0.895697620291,-1.69828066875,5,369
626,0,5.51213757715,5.0,,0.011011011011,0,0.520647276918,-1.04980425361,5,39
627,1,-1.23713987238,,0.0,0.014014014014,1,-2.35736295072,0.83494897978,5,2
628,1,3.11504472627,3.0,4.0,0.012012012012,1,-0.575923080007,-0.157186033709,5,138
629,0,8.72193144163,6.0,,0.013013013013,0,0.273964593226,2.90003766195,5,201
630,0,8.13997395126,8.0,,0.013013013013,0,0.783147013703,0.790532910147,5,228
631,1,4.08357012077,3.0,5.0,0.012012012012,0,0.559379464749,-2.59456827348,5,155
632,1,4.09409761291,1.0,6.0,0.012012012012,0,-0.0655396555067,-0.709283420574,5,161
633,1,1.58009137763,,4.0,0.012012012012,0,-0.975353868407,-0.493847017149,5,111
634,1,1.20925169771,1.0,2.0,0.012012012012,1,-2.2704191581,3.02050917201,5,59
635,0,10.4635916798,6.0,,0.011011011011,0,0.548087168486,3.81933017438,5,253
636,0,8.2219576979,8.0,,0.013013013013,0,1.06295692587,0.0330869202834,5,263
637,1,1.07332181837,1.0,5.0,0.012012012012,0,-1.14407123093,-0.494464488827,5,141
638,1,-0.89787420525,,0.0,0.011011011011,1,-1.09765079193,-2.60492182946,5,23
639,1,3.75809474844,3.0,4.0,0.013013013013,1,-0.789466468235,1.12649415314,5,132
640,1,-0.659639081043,,1.0,0.012012012012,0,-0.868539999881,-3.0540190814,5,56
641,0,7.83967457159,5.0,,0.012012012012,0,1.01479285672,-0.204703998576,5,187
642,0,4.94316673414,4.0,,0.012012012012,0,-0.0878875577113,0.206829407278,5,7
643,0,8.15596821609,4.0,,0.011011011011,0,0.521829396849,1.59048002554,5,522
644,0,5.5498757534,3.0,,0.012012012012,0,-0.783488319908,2.90034071313,5,365
645,0,5.12090986233,2.0,,0.012012012012,0,0.738163953507,-2.0935819982,5,364
646,0,6.11690096703,2.0,,0.013013013013,0,0.246847760185,0.376357686477,5,348
647,0,12.48513044,0.0,,0.013013013013,0,1.15220347766,4.02852000699,5,89
648,0,13.9477121354,1.0,,0.012012012012,0,2.90771274289,0.224573906701,5,328
649,0,2.54601359997,1.0,,0.012012012012,0,-1.16347732022,1.03644556064,5,323
650,0,2.64044462319,1.0,,0.011011011011,0,-0.707833325916,-0.236055399059,5,390
651,0,6.77868790254,1.0,,0.01001001001,0,0.531388211485,0.184523268087,5,504
652,0,8.50668726799,2.0,,0.013013013013,0,0.824928693228,1.03190118831,5,496
653,0,9.22160228892,3.0,,0.011011011011,0,0.842295571259,1.69471557514,5,326
654,1,1.82804469923,1.0,2.0,0.013013013013,1,-0.287393310401,-2.30977536956,5,227
655,0,8.26820182109,6.0,,0.013013013013,0,0.770551025371,0.95654874498,5,128
656,0,10.5304479122,5.0,,0.011011011011,0,0.964882196248,2.63580132345,5,353
657,0,10.6827198224,7.0,,0.013013013013,0,1.70173737299,0.577507703466,5,14
658,1,0.771805968577,0.0,1.0,0.013013013013,1,-0.433416880188,-2.92794339086,5,182
659,1,0.505122619581,0.0,1.0,0.01001001001,1,-1.71810726157,0.659444404291,5,88
660,1,4.11904817575,4.0,5.0,0.012012012012,1,-0.652570233203,1.07675887536,5,262
661,1,6.99045559884,4.0,7.0,0.012012012012,0,0.303195740247,1.0808683781,5,357
662,1,8.69621275267,7.0,9.0,0.012012012012,0,1.07313982164,0.476793287766,5,358
663,1,1.33184069849,,2.0,0.012012012012,0,0.251423511412,-4.42242983575,5,84
664,1,4.12542405554,4.0,5.0,0.011011011011,1,-0.260596609538,-0.0927861158445,5,199
665,1,4.01042197279,4.0,9.0,0.01001001001,0,0.301925000888,-1.89535302987,5,331
666,1,-1.57150687266,,6.0,0.01001001001,0,-1.83396406554,-1.06961467603,5,259
667,1,7.78061266963,7.0,8.0,0.012012012012,1,0.824430025525,0.307322593057,5,258
668,1,-2.67416305975,,0.0,0.012012012012,1,-1.26533135896,-3.87816898287,5,12
669,1,2.54941857076,2.0,4.0,0.012012012012,0,-0.747173357823,-0.209061355776,5,152
670,1,4.06055510183,4.0,5.0,0.012012012012,1,-0.43822453624,0.375228710548,5,205
671,1,2.79931335679,2.0,3.0,0.014014014014,1,-0.334425697809,-1.19740954979,5,146
672,1,5.07607954877,4.0,6.0,0.012012012012,0,1.41076699024,-4.15622142194,5,228
673,1,0.895403403241,,2.0,0.012012012012,0,0.0236926866051,-4.17567465657,5,142
674,1,6.36157451352,5.0,7.0,0.012012012012,0,0.691982712291,-0.714373623348,5,220
675,1,6.66469284914,6.0,10.0,0.012012012012,0,-0.248958966301,2.41156974804,5,256
676,1,4.52235045588,2.0,6.0,0.012012012012,0,-0.0862430952304,-0.218920258428,5,240
677,1,3.62464781634,3.0,4.0,0.01001001001,1,-1.0522380298,1.78136190575,5,210
678,1,0.508543186196,0.0,1.0,0.011011011011,1,-1.00796430168,-1.46756390877,5,91
679,1,5.99696228272,4.0,6.0,0.011011011011,0,0.754103299824,-1.26534761675,5,242
680,1,4.88444694583,3.0,5.0,0.01001001001,0,-0.0161512133525,-0.0670994141121,5,253
681,0,11.8855958752,9.0,,0.012012012012,0,1.27535263391,3.05953797347,5,154
682,1,4.43088787105,4.0,7.0,0.012012012012,0,0.891181978586,-3.24265806471,5,315
683,1,0.248590109002,0.0,1.0,0.013013013013,1,-1.46697931649,-0.350471941525,5,72
684,1,1.34016815315,0.0,3.0,0.012012012012,0,-0.998882098996,-0.663185549865,5,115
685,0,8.21279399455,5.0,,0.01001001001,0,0.875050603308,0.587642184624,5,326
686,1,3.58452891752,3.0,4.0,0.013013013013,1,-0.567313740617,0.286470139367,5,340
687,0,6.33756352606,5.0,,0.013013013013,0,0.316615029252,0.387718438305,5,311
688,0,6.90218701363,4.0,,0.011011011011,0,0.754373032964,-0.36093208526,5,424
689,0,8.28169363338,4.0,,0.012012012012,0,0.680424347041,1.24042059226,5,210
690,0,5.50020189045,4.0,,0.012012012012,0,-0.294527601201,1.38378469405,5,442
691,0,4.55776522776,4.0,,0.013013013013,0,-0.283180045669,0.407305364761,5,419
692,0,10.2082374923,4.0,,0.012012012012,0,1.29718608432,1.31667923935,5,539
693,0,7.56318505462,3.0,,0.012012012012,0,-0.161729240463,3.04837277601,5,564
694,0,5.11760641044,4.0,,0.012012012012,0,-0.615809446443,1.96503474977,5,303
695,1,2.3268547635,2.0,3.0,0.012012012012,1,-0.453993186367,-1.31116567739,5,148
696,1,4.67679101908,4.0,5.0,0.01001001001,1,-0.0890200661402,-0.0561487825038,5,325
697,0,6.59640095103,6.0,,0.011011011011,0,0.939699000547,-1.22269605061,5,562
698,0,8.07908091638,7.0,,0.012012012012,0,1.15614400763,-0.389351106518,5,238
699,1,2.34291285363,,4.0,0.012012012012,0,-0.246223227616,-1.91841746352,5,140
700,1,0.728059826646,,2.0,0.012012012012,0,-0.92576063605,-1.4946582652,5,60
701,1,-8.14675382291,,0.0,0.014014014014,1,-3.34273690127,-3.1185431191,5,6
702,1,1.71334092439,1.0,2.0,0.011011011011,1,-0.352676991446,-2.22862810128,5,107
703,0,8.04940074511,8.0,,0.011011011011,0,-0.309397928935,3.97759453192,5,387
704,1,0.47264975476,,1.0,0.012012012012,0,-1.11811721494,-1.17299860041,5,44
705,1,1.73481632027,,8.0,0.013013013013,0,-0.656521362004,-1.29561959371,5,157
706,1,0.568856343369,,4.0,0.013013013013,0,-1.51700908087,0.119883585964,5,74
707,1,2.50237210206,,5.0,0.012012012012,0,-1.08456685014,0.756072652493,5,129
708,1,7.3819447448,7.0,8.0,0.013013013013,1,0.65454705583,0.418303577307,5,216
709,0,10.6853715652,10.0,,0.012012012012,0,1.3178595096,1.73179303644,5,580
710,1,4.47284544786,1.0,5.0,0.013013013013,0,-0.61598345721,1.32079581948,5,92
711,1,3.85173729414,0.0,10.0,0.013013013013,0,-0.263153259307,-0.358802927939,5,277
712,1,-0.211068850007,,1.0,0.011011011011,0,-1.7440532052,0.0210907655954,5,90
713,0,10.6159513515,8.0,,0.012012012012,0,1.75095483739,0.363086839368,5,88
714,1,3.18764751435,3.0,4.0,0.012012012012,1,0.214413818451,-2.455593941,5,113
715,1,-0.0322760532589,,2.0,0.013013013013,0,-0.885328963084,-2.37628916401,5,50
716,0,6.35117485063,6.0,,0.012012012012,0,-0.0317628553586,1.4464634167,5,515
717,1,3.50424716744,3.0,5.0,0.013013013013,0,-0.26650094835,-0.696249987507,5,114
718,0,16.3966424405,7.0,,0.013013013013,0,2.24723356609,4.65494174222,5,594
719,0,8.29158217936,4.0,,0.01001001001,0,2.1088473508,-3.03495987304,5,638
720,1,-1.69515807786,,0.0,0.013013013013,1,-0.464652590866,-5.30120030526,5,19
721,1,0.572160514687,0.0,3.0,0.01001001001,0,-1.14764226943,-0.984912677008,5,127
722,0,6.86584967265,3.0,,0.011011011011,0,0.886685827508,-0.794207809872,5,67
723,0,6.65973424464,3.0,,0.012012012012,0,-0.0547028803949,1.82384288583,5,80
724,0,6.76785694983,3.0,,0.012012012012,0,0.50308666926,0.258596942047,5,609
725,0,5.57858287503,1.0,,0.011011011011,0,0.267370271649,-0.223527939921,5,715
726,0,11.0404340516,4.0,,0.013013013013,0,0.150822533751,5.58796645035,5,43
727,0,4.05332315511,4.0,,0.011011011011,0,-1.08256937515,2.30103128057,5,697
728,0,5.77794207752,1.0,,0.012012012012,0,-0.284799664762,1.63234107181,5,79
729,0,2.5295867151,2.0,,0.011011011011,0,-0.523080988348,-0.901170319861,5,698
730,0,5.84351009312,3.0,,0.011011011011,0,0.204620725077,0.229647917892,5,700
731,0,3.49535966529,3.0,,0.011011011011,0,-0.481371373433,-0.0605262144122,5,691
732,1,0.553709772523,0.0,1.0,0.013013013013,1,-0.478232315003,-3.01159328247,5,184
733,0,6.4321323593,5.0,,0.012012012012,0,1.40741715308,-2.79011909995,5,679
734,0,4.13799284507,4.0,,0.012012012012,0,0.394094378413,-2.04429029016,5,688
735,1,-1.82852975186,,1.0,0.012012012012,0,-2.40421286957,0.384108856839,5,178
736,1,5.69996507663,5.0,6.0,0.01001001001,1,0.402385577941,-0.507191657198,5,361
737,1,2.95150092896,2.0,3.0,0.011011011011,1,-0.340602560637,-1.02669138913,5,208
738,0,9.0321417536,7.0,,0.011011011011,0,1.6326611022,-0.865841553,5,142
739,0,7.91649209532,7.0,,0.012012012012,0,0.17522069277,2.39083001702,5,130
740,1,4.71606684893,4.0,5.0,0.012012012012,1,0.473079754427,-1.70317241435,5,360
741,0,10.794298177,6.0,,0.00900900900901,0,1.55720199187,1.1226922014,5,108
742,1,-0.361093052734,,2.0,0.01001001001,0,-0.673529724994,-3.34050387775,5,28
743,1,-0.222266132375,,0.0,0.016016016016,1,-2.01552868386,0.824319919195,5,4
744,0,8.09549498662,7.0,,0.012012012012,0,0.166258218058,2.59672033244,5,494
745,1,6.44943904553,5.0,7.0,0.012012012012,0,0.157673196201,0.976419456923,5,346
746,1,2.67691700961,1.0,3.0,0.012012012012,0,-0.288351392937,-1.45802881158,5,33
747,1,2.6439732855,2.0,4.0,0.011011011011,0,-0.655685255637,-0.388970947586,5,39
748,1,0.212716391277,,1.0,0.015015015015,0,-1.40020911741,-0.586656256497,5,13
749,1,3.78819838351,3.0,5.0,0.00900900900901,0,0.632214660496,-3.10844559797,5,305
750,1,4.36133077232,3.0,7.0,0.012012012012,0,0.143486122784,-1.06912759603,5,312
751,1,9.30501326936,6.0,11.0,0.011011011011,0,1.48965598258,-0.163954678381,5,354
752,1,2.33869818949,1.0,3.0,0.011011011011,0,-1.7124239606,2.47597007129,5,54
753,1,4.59939294786,3.0,6.0,0.012012012012,0,-0.327683739458,0.582444166235,5,296
754,1,4.81551598727,4.0,5.0,0.012012012012,1,-0.393147532995,0.994958586259,5,295
755,1,3.46202849149,3.0,10.0,0.012012012012,0,-0.72228016057,0.628868973194,5,324
756,1,4.95797878731,4.0,7.0,0.013013013013,0,0.608051761496,-1.86617649718,5,301
757,1,3.62453928243,2.0,4.0,0.012012012012,0,-0.144152622563,-0.943002849884,5,247
758,1,2.79118835315,2.0,4.0,0.014014014014,0,-0.59586927492,-0.421203822088,5,209
759,0,12.5778813958,11.0,,0.012012012012,0,0.873752459139,4.95662401834,5,435
760,1,6.36606780145,1.0,7.0,0.012012012012,0,0.678537941911,-0.669546024286,5,309
761,1,5.06031842855,3.0,6.0,0.016016016016,0,-0.364336183919,1.1533269803,5,288
762,1,4.85000788519,,5.0,0.013013013013,0,0.19200628208,-0.726010961048,5,218
763,1,-2.56275315276,,1.0,0.013013013013,0,-2.84655908231,0.976924094153,5,101
764,1,1.57802455133,,2.0,0.013013013013,0,-0.858324709225,-0.847001320991,5,147
765,1,4.43516523083,3.0,9.0,0.012012012012,0,0.208183301904,-1.18938467488,5,333
766,1,7.00974158554,7.0,8.0,0.012012012012,1,-0.0323342614494,2.10674436989,5,328
767,1,3.36308164322,3.0,4.0,0.012012012012,1,0.0372868508363,-1.74877890929,5,290
768,1,0.787190184292,0.0,2.0,0.012012012012,0,-1.79857089002,1.18290285436,5,186
769,1,2.5016411216,2.0,3.0,0.014014014014,1,-0.604866582656,-0.683759130428,5,267
770,0,9.67245944572,5.0,,0.012012012012,0,-0.137575830906,5.08518693844,5,618
771,0,8.62982492453,5.0,,0.012012012012,0,0.915504152553,0.883312466869,5,481
772,0,12.0260983326,4.0,,0.012012012012,0,2.19998457202,0.426144616498,5,477
773,0,7.810222292,3.0,,0.013013013013,0,0.985353440109,-0.14583802833,5,528
774,0,4.57477918874,2.0,,0.012012012012,0,0.406948906224,-1.64606752994,5,648
775,0,6.63477342706,2.0,,0.013013013013,0,0.0935557140895,1.35410628479,5,544
776,0,5.1411058826,1.0,,0.011011011011,0,-0.527500440275,1.72360720342,5,666
777,0,5.66801626983,0.0,,0.012012012012,0,0.279217283759,-0.169635581445,5,664
778,0,2.49814195618,1.0,,0.014014014014,0,-1.13650448056,0.907655397849,5,493
779,0,10.5332810027,0.0,,0.011011011011,0,1.25439955479,1.77008233836,5,667
780,0,1.39343489982,0.0,,0.011011011011,0,-0.0558070841993,-3.43914384758,5,671
781,0,3.76766124716,0.0,,0.012012012012,0,-0.704847986457,0.882205206533,5,659
782,0,7.46157509527,2.0,,0.014014014014,0,0.598705643637,0.665458164357,5,5
783,0,3.60549496415,0.0,,0.011011011011,0,-0.629103821938,0.492806429969,5,617
784,0,10.9852156897,0.0,,0.013013013013,0,1.43296860715,1.68630986827,5,510
785,0,5.70463096417,2.0,,0.013013013013,0,-0.400085020184,1.90488602473,5,588
786,0,3.37377707918,1.0,,0.01001001001,0,-0.0621337917778,-1.43982154549,5,581
787,0,7.62131558027,1.0,,0.011011011011,0,0.264148762383,1.82886929312,5,633
788,0,9.34067954826,2.0,,0.00900900900901,0,1.21233715213,0.703668091872,5,36
789,0,12.0686167668,1.0,,0.011011011011,0,1.45182387406,2.71314514462,5,48
790,0,2.23465384669,1.0,,0.013013013013,0,-1.01401222538,0.27669052284,5,598
791,1,-1.46335637964,,0.0,0.012012012012,1,-2.21755389352,0.189305300919,5,32
792,0,5.01771028074,2.0,,0.013013013013,0,0.252353350786,-0.739349771619,5,574
793,0,8.78257139524,2.0,,0.012012012012,0,0.685923660942,1.72480041241,5,718
794,0,4.48104129955,2.0,,0.013013013013,0,0.347488302915,-1.56142360919,5,225
795,0,2.81741444532,1.0,,0.012012012012,0,-0.254541991656,-1.41895957972,5,655
796,0,4.1767668478,2.0,,0.012012012012,0,0.571801172671,-2.53863667021,5,631
797,0,11.9730502208,2.0,,0.013013013013,0,0.516443615483,5.42371937432,5,726
798,0,10.3414330713,0.0,,0.011011011011,0,0.769019105724,3.03437575409,5,219
799,0,5.54350782322,0.0,,0.012012012012,0,0.191796945566,-0.0318830134807,5,709
800,0,9.94244220124,0.0,,0.013013013013,0,0.416691108915,3.69236887449,5,58
801,0,9.94209045795,1.0,,0.012012012012,0,2.07031462602,-1.26885342011,5,98
802,0,5.08588873268,3.0,,0.013013013013,0,1.01821356424,-2.96875196004,5,40
803,0,3.47384526084,0.0,,0.012012012012,0,-1.17060049517,1.98564674636,5,729
804,0,5.74234834461,2.0,,0.012012012012,0,0.56925637304,-0.96542077451,5,119
805,0,10.8566881326,1.0,,0.011011011011,0,1.41538684818,1.6105275881,5,301
806,0,4.32423662783,2.0,,0.013013013013,0,-1.23983236615,3.04373372629,5,78
807,0,8.56114877947,1.0,,0.00900900900901,0,0.951024530008,0.708075189449,5,412
808,0,9.09253922664,1.0,,0.01001001001,0,0.896595065393,1.40275403046,5,324
809,0,8.09575342274,1.0,,0.013013013013,0,2.14819412061,-3.3488289391,5,47
810,1,-0.745706928386,,0.0,0.013013013013,1,-1.32194835737,-1.77986185627,5,94
811,0,4.65854375264,2.0,,0.012012012012,0,-0.195356026769,0.244611832946,5,284
812,0,8.06599824302,3.0,,0.013013013013,0,0.715036513366,0.920888702923,5,302
813,0,8.88657907409,3.0,,0.013013013013,0,1.51652361478,-0.662991770258,5,300
814,0,8.39285561413,3.0,,0.012012012012,0,0.442596088168,2.06506734962,5,287
815,1,1.33804059618,1.0,3.0,0.013013013013,0,-1.23987131405,0.057654538338,5,134
816,0,6.10315080624,4.0,,0.013013013013,0,-0.59229431753,2.88003375883,5,294
817,0,5.9440232041,2.0,,0.011011011011,0,0.724428108432,-1.2292611212,5,264
818,0,6.1611925053,2.0,,0.012012012012,0,-0.374961581696,2.28607725038,5,380
819,1,-3.90725037973,,1.0,0.013013013013,0,-1.52900448006,-4.32023693955,5,37
820,0,4.78719284574,2.0,,0.011011011011,0,0.298318728477,-1.10776333969,5,326
821,0,5.21631024049,3.0,,0.012012012012,0,0.401944832721,-0.98952425767,5,78
822,0,2.81255632414,2.0,,0.013013013013,0,-0.0761658888968,-1.95894600917,5,86
823,0,2.47635930601,2.0,,0.014014014014,0,-0.722190376122,-0.357069565622,5,117
824,0,6.25096217563,1.0,,0.011011011011,0,-0.173358172506,1.77103669315,5,403
825,1,-0.61583472166,,0.0,0.012012012012,1,-1.39662846008,-1.42594934143,5,22
826,0,1.3512696735,0.0,,0.011011011011,0,-0.945134553493,-0.813326666024,5,211
827,0,5.96991840475,2.0,,0.012012012012,0,0.0151849208103,0.924363642319,5,153
828,0,9.73390602845,1.0,,0.012012012012,0,1.54359025879,0.103135252094,5,449
829,0,9.34958719014,1.0,,0.011011011011,0,1.36564581139,0.252649755962,5,452
830,0,7.62473124654,2.0,,0.012012012012,0,0.933774658912,-0.1765927302,5,444
831,0,1.86955977172,1.0,,0.012012012012,0,-0.974966167646,-0.205541725343,5,75
832,0,4.26277231343,1.0,,0.012012012012,0,0.138264258376,-1.1520204617,5,389
833,0,15.9705649794,1.0,,0.01001001001,0,2.97744946229,2.03821659253,5,56
834,0,5.12488845992,1.0,,0.012012012012,0,-0.641962415499,2.05077570642,5,90
835,0,5.04457255336,0.0,,0.011011011011,0,-0.722491892993,2.21204823234,5,263
836,0,9.94987397665,0.0,,0.013013013013,0,0.841118510171,2.42651844613,5,407
837,0,1.39532322288,1.0,,0.012012012012,0,-0.288759521747,-2.73839821188,5,58
838,0,6.01086423723,1.0,,0.012012012012,0,0.299170771889,0.113351921563,5,443
839,0,4.71739320893,1.0,,0.011011011011,0,0.598192133202,-2.07718319068,5,284
840,0,4.23068505551,1.0,,0.014014014014,0,0.39671678427,-1.9594652973,5,4
841,0,11.7612249238,2.0,,0.012012012012,0,1.07550583694,3.53470741293,5,161
842,0,5.18385926675,1.0,,0.011011011011,0,0.476381849333,-1.24528628125,5,111
843,1,1.87913757673,1.0,2.0,0.011011011011,1,-1.63928208481,1.79698383117,5,377
844,0,11.2768008548,1.0,,0.01001001001,0,1.45985966647,1.89722185537,5,171
845,0,6.24990951292,1.0,,0.011011011011,0,0.077875922458,1.01628174555,5,138
846,0,15.5295581066,3.0,,0.012012012012,0,3.52641445362,-0.0496852542813,5,51
847,0,13.384252532,4.0,,0.012012012012,0,2.11495745102,2.039380179,5,485
848,0,7.51444444871,5.0,,0.013013013013,0,1.14082743117,-0.908037844791,5,498
849,0,9.61945713506,5.0,,0.013013013013,0,1.06372190966,1.42829140608,5,333
850,0,7.08312381279,5.0,,0.015015015015,0,1.04993582026,-1.06668364799,5,275
851,1,-0.594757345113,,0.0,0.014014014014,1,-1.4758378662,-1.16724374651,5,47
852,1,0.650375151953,,2.0,0.011011011011,0,-0.83958212549,-1.83087847158,5,120
853,1,-0.00766976354259,,2.0,0.012012012012,0,-1.36052782411,-0.92608629121,5,125
854,1,1.36659249797,,3.0,0.014014014014,0,-0.707150573241,-1.51195578231,5,153
855,0,5.02620729017,3.0,,0.011011011011,0,0.643874633834,-1.90541661133,5,443
856,0,9.22772731763,4.0,,0.013013013013,0,0.616969968357,2.37681741256,5,4
857,0,14.2684725512,6.0,,0.012012012012,0,1.46289626386,4.8797837596,5,166
858,0,3.88002274792,3.0,,0.011011011011,0,0.618969397386,-2.97688544424,5,27
859,0,5.6662840043,2.0,,0.011011011011,0,0.0197916124219,0.606909167038,5,675
860,0,9.64292520375,2.0,,0.011011011011,0,0.65884628884,2.66638633723,5,1
861,0,3.33577454325,0.0,,0.013013013013,0,-0.800261753686,0.736559804304,5,34
862,0,4.84392596434,0.0,,0.012012012012,0,0.0255203149132,-0.232634980403,5,158
863,0,3.77323358038,1.0,,0.011011011011,0,0.192888933916,-1.80543322136,5,205
864,0,4.8330560637,1.0,,0.012012012012,0,-0.404587640224,1.04681898437,5,120
865,0,1.61439323407,0.0,,0.013013013013,0,-0.546321169731,-1.74664325673,5,735
866,0,3.95207987889,0.0,,0.011011011011,0,-0.187813708597,-0.484478995323,5,76
867,0,4.84175471337,1.0,,0.01001001001,0,0.0475875193428,-0.301007844654,5,212
868,0,2.082212046,0.0,,0.011011011011,0,-0.858329503256,-0.342799444226,5,113
869,0,7.62453611633,0.0,,0.01001001001,0,0.108060050289,2.30035596546,5,64
870,0,9.2830550838,0.0,,0.012012012012,0,1.37749540919,0.150568856226,5,123
871,0,7.59939222839,0.0,,0.012012012012,0,0.845558670136,0.0627162179847,5,727
872,0,3.91906623666,0.0,,0.012012012012,0,0.259393855093,-1.85911532861,5,733
873,0,4.734687848,0.0,,0.01001001001,0,-0.720935595721,1.89749463516,5,712
874,0,7.21991697165,0.0,,0.012012012012,0,0.475650201973,0.792966365731,5,265
875,0,13.0014400247,1.0,,0.013013013013,0,0.98624970838,5.04269089954,5,684
876,0,4.12109352948,1.0,,0.012012012012,0,-1.17507350051,2.64631403099,5,703
877,0,5.55278537664,1.0,,0.011011011011,0,0.296147602019,-0.335657429413,5,687
878,0,11.4378039346,3.0,,0.013013013013,0,1.17929599878,2.8999159383,5,694
879,0,7.62747103828,2.0,,0.012012012012,0,1.36022199923,-1.45319495941,5,706
880,0,10.6257353804,1.0,,0.012012012012,0,0.922755185849,2.85746982286,5,707
881,0,9.74999964169,1.0,,0.013013013013,0,1.12546189865,1.37361394575,5,683
882,0,3.63724781022,1.0,,0.011011011011,0,0.0442588122735,-1.4955286266,5,680
883,1,-5.05258081506,,0.0,0.013013013013,1,-2.07982575296,-3.81310355618,5,66
884,0,1.40839092237,1.0,,0.012012012012,0,-0.667533392102,-1.58900890132,5,662
885,0,7.57865646518,1.0,,0.012012012012,0,0.581184523698,0.83510289408,5,646
886,0,6.26347047404,1.0,,0.012012012012,0,0.388573058269,0.0977512992389,5,653
887,0,2.32013802787,2.0,,0.014014014014,0,0.422669496279,-3.94787046097,5,678
888,0,6.72629125773,1.0,,0.013013013013,0,0.930969421079,-1.0666170055,5,626
889,0,9.25486585145,1.0,,0.011011011011,0,0.641133934189,2.33146404888,5,625
890,0,5.71691542172,0.0,,0.012012012012,0,0.573560870898,-1.00376719097,5,627
891,0,9.62163055346,1.0,,0.011011011011,0,1.35312529073,0.562254681262,5,101
892,0,7.83053864286,0.0,,0.012012012012,0,0.289833304016,1.96103873081,5,611
893,0,4.5347295752,1.0,,0.014014014014,0,0.559062663542,-2.14245841542,5,603
894,0,6.8470635436,1.0,,0.014014014014,0,0.290419677994,0.97580450962,5,60
895,0,7.74265829668,0.0,,0.011011011011,0,0.867599496754,0.13985980642,5,628
896,0,9.45495852732,0.0,,0.014014014014,0,1.22611802883,0.776604440846,5,283
897,0,3.10210983661,0.0,,0.012012012012,0,-1.31028223767,2.03295654961,5,575
898,0,1.73724306176,1.0,,0.012012012012,0,-0.483024874883,-1.81368231359,5,527
899,0,7.24829961922,1.0,,0.012012012012,0,-0.0996541338566,2.54726202079,5,254
900,0,8.21981715059,1.0,,0.012012012012,0,1.00574080408,0.202594738348,5,525
901,0,1.90830432283,0.0,,0.011011011011,0,-1.20097788439,0.511237976018,5,573
902,0,3.40312966291,1.0,,0.012012012012,0,0.172261140842,-2.11365375961,5,267
903,0,3.33971029345,1.0,,0.011011011011,0,-0.91235391367,1.07677203446,5,491
904,1,1.48545318405,1.0,2.0,0.014014014014,1,-0.0643097928645,-3.32161743735,5,282
905,0,8.33710087868,1.0,,0.012012012012,0,-0.293224865202,4.21677547429,5,514
906,0,4.62477020586,1.0,,0.012012012012,0,0.472579402667,-1.79296800214,5,511
907,0,12.0558083033,2.0,,0.011011011011,0,1.36020477445,2.97519397998,5,346
908,0,5.34640878094,2.0,,0.011011011011,0,-0.276518434004,1.17596408296,5,441
909,0,4.99544486662,2.0,,0.01001001001,0,-0.339369672921,1.01355388539,5,507
910,0,10.5418628567,2.0,,0.012012012012,0,0.130839110268,5.14934552587,5,512
911,0,4.55654537562,3.0,,0.012012012012,0,0.0196376178617,-0.502367477968,5,503
912,0,10.2370639186,2.0,,0.011011011011,0,0.993221448412,2.25739957334,5,22
913,1,-3.72135329919,,0.0,0.012012012012,1,-1.78335718189,-3.37128175352,5,53
914,0,6.89858337381,2.0,,0.01001001001,0,0.924331359217,-0.874410703837,5,508
915,0,10.6254059877,4.0,,0.013013013013,0,0.923732786627,2.85420762783,5,498
916,0,10.1218645552,2.0,,0.013013013013,0,0.839284878645,2.60400991926,5,24
917,1,1.66730109932,1.0,2.0,0.012012012012,1,-0.712024662216,-1.19662491403,5,314
918,0,3.02170863334,2.0,,0.011011011011,0,0.0187684219853,-2.03459663262,5,273
919,0,8.27924304294,4.0,,0.013013013013,0,1.0267261675,0.199064540451,5,124
920,0,2.52336905064,0.0,,0.011011011011,0,-0.265409990423,-1.68040097809,5,368
921,0,7.26517920686,2.0,,0.013013013013,0,0.379402935746,1.12697039962,5,213
922,0,6.99254561507,1.0,,0.012012012012,0,0.446295839508,0.653658096547,5,184
923,0,3.88058830509,3.0,,0.013013013013,0,-0.23001686139,-0.429361110742,5,642
924,0,5.90271673308,0.0,,0.011011011011,0,0.953170944973,-1.95679610184,5,415
925,0,9.14622278115,1.0,,0.011011011011,0,1.81762497045,-1.30665213019,5,606
926,0,9.67447485255,1.0,,0.012012012012,0,-0.173324872312,5.19444946948,5,257
927,0,2.92435551785,2.0,,0.012012012012,0,0.0562035581198,-2.24425515651,5,327
928,0,2.49926532993,1.0,,0.012012012012,0,-1.02904844433,0.586410662939,5,314
929,0,11.8243699844,1.0,,0.012012012012,0,1.74481434167,1.58992695938,5,614
930,0,9.32382133737,3.0,,0.013013013013,0,0.490677540014,2.85178871733,5,74
931,0,3.75893129219,1.0,,0.011011011011,0,0.24674177646,-1.98129403719,5,418
932,1,-0.665050309083,,1.0,0.01001001001,0,-1.04233266278,-2.53805232073,5,51
933,1,0.235111659763,,1.0,0.012012012012,0,-1.26373595069,-0.97368048817,5,77
934,0,3.30680272942,3.0,,0.012012012012,0,-1.25874626258,2.08304151715,5,429
935,0,9.21015190235,3.0,,0.013013013013,0,1.43843900281,-0.105165106082,5,56
936,0,7.60948566441,3.0,,0.012012012012,0,0.665154606146,0.614021845968,5,35
937,0,8.58705603783,5.0,,0.013013013013,0,1.073768895,0.365749352843,5,6
938,1,-0.459313374543,,0.0,0.011011011011,1,-1.50419112867,-0.946739988519,5,36
939,0,3.29764566137,2.0,,0.01001001001,0,-0.612626508355,0.135525186438,5,475
940,0,6.36266179426,1.0,,0.012012012012,0,0.747690750702,-0.880410457845,5,235
941,0,3.61093431787,1.0,,0.012012012012,0,-0.073699974529,-1.16796575855,5,335
942,0,6.37507702579,2.0,,0.014014014014,0,0.351667179516,0.320075487248,5,31
943,0,4.34001107089,0.0,,0.011011011011,0,0.539159625031,-2.2774678042,5,127
944,0,8.91143676276,1.0,,0.011011011011,0,1.48597974568,-0.546502474283,5,619
945,0,7.57778247659,1.0,,0.013013013013,0,0.0535231459893,2.41721303862,5,513
946,0,11.5818372684,0.0,,0.015015015015,0,0.446486274831,5.24237844391,5,601
947,0,10.4708824968,0.0,,0.013013013013,0,0.372636291154,4.35297362329,5,551
948,0,2.31076134736,0.0,,0.015015015015,0,-1.1283878252,0.695924822949,5,524
949,0,5.85416136914,0.0,,0.012012012012,0,0.136734444629,0.443958035249,5,624
950,0,8.75321823765,1.0,,0.011011011011,0,0.753361165394,1.49313474147,5,597
951,0,4.06967770998,2.0,,0.01001001001,0,0.948712704501,-3.77646040352,5,45
952,0,3.77704615053,3.0,,0.012012012012,0,-0.437408970852,0.0892730630861,5,266
953,0,4.58112971651,4.0,,0.012012012012,0,-0.145348948066,0.017176560705,5,630
954,0,8.17287057981,5.0,,0.013013013013,0,0.137911817378,2.75913512768,5,188
955,0,7.72750901379,5.0,,0.012012012012,0,0.84633779818,0.188495619248,5,637
956,1,1.32342434913,1.0,2.0,0.012012012012,1,-0.479434098498,-2.23827335538,5,386
957,1,2.23095561889,2.0,5.0,0.013013013013,0,0.0301164251282,-2.8593936565,5,389
958,1,1.47342047229,1.0,2.0,0.014014014014,1,-0.471993195235,-2.11059994201,5,380
959,1,0.920451238793,0.0,1.0,0.011011011011,1,-1.3758047994,0.0478656370042,5,49
960,1,4.472947011,3.0,5.0,0.011011011011,0,-0.554188633851,1.13551291255,5,387
961,1,6.06137813192,2.0,7.0,0.011011011011,0,-0.420862582413,2.32396587916,5,391
962,1,8.896944018,8.0,9.0,0.012012012012,1,1.38014261823,-0.243483836678,5,393
963,1,4.41851355631,4.0,5.0,0.011011011011,1,0.814137338296,-3.02389845858,5,388
964,0,10.4369641564,9.0,,0.013013013013,0,1.89142442864,-0.237309129521,5,572
965,1,-3.72152672053,,0.0,0.013013013013,1,-2.2330324953,-2.02242923463,5,17
966,0,6.02285708818,5.0,,0.012012012012,0,-0.332192133811,2.01943348961,5,554
967,1,-0.174876764152,,2.0,0.012012012012,0,-1.80767676101,0.248153518891,5,121
968,0,11.299786329,5.0,,0.012012012012,0,1.3812487617,2.1560400439,5,593
969,0,9.18961994961,2.0,,0.011011011011,0,2.605652616,-3.62733789838,5,583
970,0,8.47986767162,1.0,,0.01001001001,0,0.48097724843,2.03693592633,5,548
971,0,3.67959707898,2.0,,0.013013013013,0,0.078164659378,-1.55489689915,5,1
972,0,8.62361841087,1.0,,0.012012012012,0,-0.407822031505,4.84708450538,5,589
973,0,8.46274075104,1.0,,0.013013013013,0,1.24720939219,-0.278887425537,5,600
974,0,9.1320648968,2.0,,0.014014014014,0,1.51045515517,-0.399300568715,5,535
975,0,6.30407047988,2.0,,0.012012012012,0,0.641149703698,-0.619378631209,5,577
976,0,6.39004197027,1.0,,0.012012012012,0,0.290777617174,0.517709118749,5,509
977,0,12.6246678133,0.0,,0.013013013013,0,1.20614239922,4.00624061564,5,519
978,0,5.1085495823,0.0,,0.011011011011,0,-0.383860403584,1.26013079305,5,555
979,0,5.68654073544,0.0,,0.011011011011,0,0.113834427349,0.345037453396,5,485
980,0,10.7582882366,2.0,,0.014014014014,0,1.1399483554,2.33844317041,5,210
981,0,7.00519170169,1.0,,0.01001001001,0,0.347254128108,0.963429317366,5,556
982,0,3.60982528586,1.0,,0.011011011011,0,-0.18300299819,-0.841165719575,5,529
983,0,6.82480751928,2.0,,0.012012012012,0,0.0902696909223,1.55399844651,5,466
984,0,5.97952459429,2.0,,0.012012012012,0,1.1680206092,-2.5245372333,5,537
985,0,5.11579739202,2.0,,0.011011011011,0,0.35198680187,-0.940163013589,5,486
986,1,-0.195402648348,,0.0,0.012012012012,1,-1.83397501684,0.306522402167,5,24
987,0,3.86272416062,2.0,,0.012012012012,0,-0.453126176119,0.222102688978,5,536
988,0,6.91675038623,1.0,,0.011011011011,0,-0.676159078623,3.9452276221,5,408
989,0,5.1339883698,5.0,,0.014014014014,0,0.240796666623,-0.588401630065,5,422
990,0,4.8514619813,3.0,,0.012012012012,0,-0.310657205169,0.783433596803,5,636
991,1,-5.01104499224,,2.0,0.01001001001,0,-2.86111390327,-1.42770328244,5,76
992,1,0.130071372814,0.0,1.0,0.012012012012,1,-0.690066378365,-2.79972949209,5,69
993,0,6.74075819407,1.0,,0.012012012012,0,-0.436028998668,3.04884519007,5,185
994,0,3.74452214355,2.0,,0.012012012012,0,-0.640079416838,0.664760394067,5,41
995,0,5.93186781333,2.0,,0.012012012012,0,0.0713021030125,0.717961504293,5,497
996,0,5.11499534514,3.0,,0.012012012012,0,0.655417732146,-1.85125785129,5,174
997,0,3.16731534,2.0,,0.011011011011,0,-0.349843079504,-0.783155421491,5,550
998,0,5.17582802773,1.0,,0.012012012012,0,-0.904391734129,2.88900323012,5,561
999,0,2.39156825077,1.0,,0.014014014014,0,-1.18303477761,0.9406725836,5,416
