name,activated,threshold,before_activation_alters,after_activation_alters,degree,observed,var1,epsilon,constant,activation_order
0,1,7.02208805057,7.0,9.0,0.0920920920921,0,0.824442147128,-0.451238390812,5,90
1,1,5.17819900069,3.0,11.0,0.0670670670671,0,-0.0838734995635,0.429819499384,5,85
2,1,5.58366456078,4.0,7.0,0.03003003003,0,0.21201726506,-0.0523872344006,5,101
3,1,11.5160688421,9.0,32.0,0.0530530530531,0,2.16036020346,0.0349882316834,5,498
4,1,9.66458953947,,24.0,0.0840840840841,0,1.3800022808,0.524582697074,5,205
5,1,1.27951515967,,9.0,0.103103103103,0,-1.07572689267,-0.493304162316,5,47
6,1,4.27663810583,,6.0,0.0530530530531,0,-0.359661434331,0.355622408826,5,68
7,1,7.80413087231,2.0,8.0,0.105105105105,0,0.943008242972,-0.0248938566016,5,100
8,1,3.84728320475,,95.0,0.138138138138,0,-0.512800909603,0.385685933564,5,551
9,1,4.75853185362,,6.0,0.141141141141,0,-0.0679007780872,-0.0377658121137,5,24
10,1,0.774854844854,,1.0,0.155155155155,0,-1.88343771167,1.42516797987,5,12
11,1,10.9238476626,,79.0,0.136136136136,0,2.1629101733,-0.56488285726,5,502
12,1,8.71309824986,6.0,48.0,0.129129129129,0,1.1044722618,0.399681464446,5,304
13,1,9.27130449371,8.0,68.0,0.117117117117,0,1.54038971816,-0.349864660757,5,504
14,1,6.90832536834,,24.0,0.104104104104,0,0.799686783326,-0.490734981633,5,151
15,1,9.57604169443,9.0,57.0,0.1001001001,0,1.27019625464,0.765452930519,5,510
16,1,6.74467337336,5.0,10.0,0.0810810810811,0,0.442013908288,0.418631648498,5,70
17,1,4.64230237174,1.0,59.0,0.118118118118,0,-0.286617894316,0.502156054682,5,405
18,1,-0.907731548976,,8.0,0.045045045045,0,-1.93825674582,-0.0929613115016,5,128
19,1,4.2793017804,2.0,7.0,0.0730730730731,0,-0.401328449322,0.483287128362,5,89
20,1,5.70125526669,,6.0,0.0680680680681,0,0.244668863815,-0.0327513247598,5,56
21,1,2.84903980913,2.0,5.0,0.045045045045,0,-0.530758286396,-0.558685331686,5,54
22,1,-0.4985123142,,0.0,0.0690690690691,1,-1.78887540119,-0.131886110638,5,1
23,1,9.0068974678,5.0,10.0,0.0540540540541,0,1.26445417098,0.213534954869,5,74
24,1,6.51879696848,,9.0,0.028028028028,0,0.389233052415,0.351097811234,5,183
25,1,4.84935838841,,14.0,0.038038038038,0,-0.163899982904,0.341058337118,5,169
26,1,0.392636701426,0.0,13.0,0.041041041041,0,-1.45542629473,-0.241084414394,5,192
27,1,3.94489684598,,4.0,0.0630630630631,0,-0.00646420904715,-1.03571052688,5,63
28,1,6.62389881182,,9.0,0.026026026026,0,0.653126024208,-0.335479260806,5,170
29,1,-0.123041375198,,2.0,0.024024024024,0,-1.41754631478,-0.870402430864,5,29
30,1,7.24551515282,,9.0,0.041041041041,0,0.820568815511,-0.216191293714,5,105
31,1,4.60880797532,4.0,6.0,0.02002002002,0,0.192324852893,-0.968166583359,5,117
32,1,7.86711569503,,29.0,0.0580580580581,0,0.836361395294,0.358031509145,5,487
33,1,8.66587447843,7.0,30.0,0.042042042042,0,1.26436575046,-0.127222772963,5,743
34,1,8.99097949662,7.0,12.0,0.0650650650651,0,1.42833812356,-0.294034874061,5,120
35,1,7.29622915737,4.0,8.0,0.028028028028,0,1.0329373082,-0.802582767222,5,219
36,1,6.95586671046,,8.0,0.037037037037,0,0.37895963291,0.818987811733,5,191
37,1,5.5346687346,5.0,12.0,0.035035035035,0,0.536566525937,-1.07503084322,5,138
38,1,4.65376884978,1.0,9.0,0.0680680680681,0,-0.191139975009,0.227188774804,5,107
39,1,2.60875551641,2.0,9.0,0.041041041041,0,-0.656588838942,-0.421477966767,5,164
40,1,6.36796117643,1.0,10.0,0.044044044044,0,0.314366926245,0.4248603977,5,161
41,1,8.37011542184,4.0,19.0,0.034034034034,0,1.11787997537,0.0164754957353,5,395
42,1,0.76734466101,,6.0,0.047047047047,0,-1.26447708856,-0.439224073311,5,125
43,1,10.2362069901,5.0,14.0,0.0570570570571,0,1.78750662997,-0.126312899828,5,209
44,1,5.33294448216,5.0,13.0,0.045045045045,0,0.0831467200192,0.0835043220991,5,195
45,1,4.49634397788,4.0,23.0,0.038038038038,0,-0.124964872526,-0.128761404538,5,549
46,1,0.659195336071,0.0,2.0,0.027027027027,0,-1.66445710124,0.652566639792,5,72
47,1,6.05477731733,2.0,17.0,0.038038038038,0,0.302217112655,0.148125979364,5,303
48,1,7.49349419182,7.0,11.0,0.026026026026,0,1.10011660982,-0.806855637628,5,346
49,1,1.44539936187,,2.0,0.03003003003,0,-1.17854271994,-0.0189724783003,5,30
50,1,4.00155462713,,5.0,0.0530530530531,0,-0.555271212516,0.667368264675,5,45
51,1,8.83578611287,8.0,10.0,0.049049049049,0,1.24596833565,0.0978811059312,5,200
52,1,4.1277331052,4.0,15.0,0.043043043043,0,-0.35247798369,0.185167056273,5,223
53,1,5.46366305573,0.0,9.0,0.0540540540541,0,0.290683779708,-0.408388283395,5,186
54,1,8.58027555484,6.0,30.0,0.0590590590591,0,1.36709597485,-0.5210123697,5,491
55,1,7.48640053804,4.0,33.0,0.042042042042,0,0.639812066929,0.566964337255,5,800
56,1,1.29326671907,,8.0,0.023023023023,0,-0.944777051835,-0.87240212543,5,251
57,1,6.21372613152,2.0,8.0,0.023023023023,0,0.489993968513,-0.256255774021,5,206
58,1,7.36053729145,5.0,11.0,0.017017017017,0,0.626166440087,0.482037971193,5,321
59,1,4.83560200696,,9.0,0.018018018018,0,-0.0868784828859,0.0962374556183,5,391
60,1,4.25120438904,,13.0,0.027027027027,0,-0.0285607020685,-0.663113504754,5,312
61,1,5.72185765428,,7.0,0.018018018018,0,0.197570555701,0.129145987181,5,277
62,1,8.28186405284,3.0,13.0,0.014014014014,0,0.857124494188,0.710490570274,5,858
63,1,7.39588842449,,10.0,0.015015015015,0,0.728675930919,0.209860631732,5,353
64,1,3.01887241121,3.0,21.0,0.035035035035,0,-0.678887901404,0.0555361154197,5,415
65,1,4.87046087924,0.0,7.0,0.0520520520521,0,0.18936385682,-0.697630691222,5,147
66,1,5.81643333723,,19.0,0.045045045045,0,0.0885950215176,0.550648272678,5,307
67,1,9.16070096277,8.0,28.0,0.036036036036,0,1.24788812581,0.417036585343,5,801
68,1,-1.74260977193,,2.0,0.0630630630631,0,-2.4332307159,0.557082375783,5,34
69,1,3.72713876608,,4.0,0.0710710710711,0,-0.706016192002,0.845187342085,5,33
70,1,5.86666546342,,6.0,0.037037037037,0,0.306070533387,-0.0515461367387,5,155
71,1,4.69942167903,3.0,6.0,0.025025025025,0,-0.0448729640847,-0.165959428719,5,187
72,1,4.47316803305,3.0,11.0,0.026026026026,0,-0.105301061253,-0.210928783189,5,290
73,1,5.66952383372,2.0,11.0,0.0530530530531,0,0.181915010722,0.123778801553,5,236
74,1,6.24312418847,6.0,7.0,0.031031031031,1,0.295138604048,0.357708376327,5,273
75,1,4.01205685269,4.0,8.0,0.025025025025,0,-0.350243913527,0.0627885932726,5,143
76,1,7.3940821898,7.0,10.0,0.02002002002,0,0.553737194004,0.732870607792,5,468
77,1,-0.799060946126,,1.0,0.042042042042,0,-1.79995648766,-0.399191483146,5,16
78,1,2.34126155853,2.0,7.0,0.039039039039,0,-1.04124245211,0.464988914851,5,126
79,1,3.23774110179,,4.0,0.023023023023,0,-0.815427382793,0.684023250174,5,36
80,1,4.91424666568,4.0,10.0,0.03003003003,0,0.159361079135,-0.563836571726,5,378
81,1,8.20402763722,5.0,12.0,0.04004004004,0,0.999239967972,0.206307733308,5,258
82,1,4.23147572933,3.0,11.0,0.031031031031,0,-0.410688762245,0.463542016063,5,242
83,1,3.66485447512,,10.0,0.033033033033,0,-0.36167551513,-0.250118979493,5,176
84,1,5.57801664753,0.0,9.0,0.024024024024,0,0.351661658412,-0.476968327701,5,293
85,1,6.70616151868,6.0,23.0,0.029029029029,0,0.557666018675,0.0331634626556,5,794
86,1,3.71701192063,,5.0,0.033033033033,0,-0.430316956845,0.00796279116699,5,168
87,1,3.90899857071,2.0,9.0,0.023023023023,0,-0.491761480462,0.384283012091,5,221
88,1,3.18403153301,0.0,4.0,0.026026026026,0,-0.496374289788,-0.326845597632,5,239
89,1,0.146215508532,,5.0,0.015015015015,0,-1.90381646533,0.857664904513,5,84
90,1,3.78722500889,,10.0,0.026026026026,0,-0.142992448842,-0.783797644582,5,249
91,1,1.62529235486,,6.0,0.016016016016,0,-1.33781470393,0.638736466665,5,146
92,1,0.431620878242,,3.0,0.02002002002,0,-1.56201713538,0.117672284367,5,81
93,1,7.35121759495,2.0,12.0,0.017017017017,0,0.74116613334,0.127719194928,5,423
94,1,4.39316648456,,9.0,0.018018018018,0,-0.305204807687,0.308780907617,5,586
95,1,7.24106766499,1.0,9.0,0.011011011011,0,0.816390293373,-0.20810321513,5,355
96,1,4.73724230229,,8.0,0.021021021021,0,-0.0915006704281,0.0117443135779,5,235
97,1,10.7802664983,0.0,17.0,0.044044044044,0,1.98724101041,-0.181456532893,5,354
98,1,1.78629971241,1.0,6.0,0.021021021021,0,-1.00217162439,-0.20718541441,5,106
99,1,6.8936141051,5.0,7.0,0.034034034034,0,0.325737327108,0.916402123779,5,114
100,1,1.41412702181,,3.0,0.026026026026,0,-1.22769497149,0.0972119362781,5,79
101,1,-0.307192321782,,0.0,0.02002002002,1,-1.77109640335,0.00609688825819,5,51
102,1,3.52195122823,,4.0,0.033033033033,0,-0.292379765848,-0.600909474228,5,110
103,1,5.61940231022,4.0,9.0,0.029029029029,0,0.0478015191337,0.475997752817,5,289
104,1,1.97214213748,,26.0,0.034034034034,0,-0.951242182829,-0.17413131403,5,596
105,1,4.75542662954,4.0,5.0,0.025025025025,1,0.189592162635,-0.81334985837,5,229
106,1,10.3550451491,2.0,11.0,0.039039039039,0,1.77562271605,0.0281770009329,5,320
107,1,4.936699698,1.0,6.0,0.018018018018,0,0.114311856196,-0.406235870592,5,118
108,1,7.06629810555,6.0,12.0,0.026026026026,0,0.783518015149,-0.284255939899,5,465
109,1,5.95560736232,0.0,13.0,0.031031031031,0,0.231850173982,0.260056840373,5,434
110,1,4.5023865468,0.0,10.0,0.035035035035,0,-0.270875670659,0.315013558775,5,366
111,1,3.40427507865,,5.0,0.025025025025,0,-0.807005801032,0.825292481742,5,196
112,1,-0.632024524427,,33.0,0.048048048048,0,-1.53273012007,-1.03383416423,5,584
113,1,4.92995640901,1.0,10.0,0.022022022022,0,-0.111693431363,0.2650367031,5,245
114,1,9.47062505102,4.0,30.0,0.046046046046,0,1.34423755936,0.43791237293,5,679
115,1,1.27361336249,,2.0,0.018018018018,0,-1.18991072457,-0.15665446379,5,20
116,1,6.30024740747,2.0,10.0,0.013013013013,0,0.189488843674,0.73178087645,5,456
117,1,0.975959298954,0.0,10.0,0.024024024024,0,-1.46238185183,0.363104854456,5,263
118,1,4.96268227127,,10.0,0.018018018018,0,-0.0204391917339,0.0239998464745,5,558
119,1,4.08472821674,3.0,9.0,0.023023023023,0,-0.295530920229,-0.0286790225707,5,282
120,1,8.24004527098,8.0,16.0,0.018018018018,0,0.926354053396,0.460983110797,5,886
121,1,8.76292609182,7.0,9.0,0.021021021021,0,1.43092772831,-0.52985709311,5,413
122,1,8.01913353238,8.0,9.0,0.021021021021,1,1.0163871902,-0.0300280382127,5,288
123,1,4.27612002679,2.0,9.0,0.014014014014,0,-0.278467587424,0.111522789059,5,529
124,1,3.63627891862,,14.0,0.021021021021,0,-0.234073903848,-0.661499369839,5,631
125,1,5.71824043718,0.0,7.0,0.022022022022,0,-0.0555818743938,0.884986060363,5,207
126,1,1.93075760903,,8.0,0.02002002002,0,-0.915592653414,-0.322464430732,5,368
127,1,0.133778832618,,7.0,0.024024024024,0,-1.67595224692,0.161635573386,5,261
128,1,2.30200035448,2.0,10.0,0.023023023023,0,-0.791007905502,-0.32497592901,5,241
129,1,-4.33671904631,,0.0,0.019019019019,1,-2.9317349051,-0.541514331009,5,18
130,1,6.73707926356,3.0,15.0,0.021021021021,0,0.46132276892,0.3531109568,5,543
131,1,3.7870074642,,10.0,0.031031031031,0,-0.477164172433,0.218499981503,5,204
132,1,7.45903038636,7.0,18.0,0.025025025025,0,0.693410953523,0.378797525797,5,633
133,1,1.73944534795,,6.0,0.025025025025,0,-0.922206175607,-0.493936125229,5,238
134,1,8.86290675534,1.0,13.0,0.014014014014,0,1.07922300556,0.62523773866,5,804
135,1,7.74876445423,4.0,8.0,0.022022022022,0,1.07191628006,-0.466984385946,5,218
136,1,3.3011869081,1.0,12.0,0.027027027027,0,-0.698724796534,0.397361297699,5,380
137,1,-1.34035185227,,5.0,0.029029029029,0,-2.11414376404,0.00207943985358,5,119
138,1,5.61368111229,,8.0,0.019019019019,0,-0.113734320193,0.954884072865,5,134
139,1,7.84876818721,6.0,10.0,0.03003003003,0,1.10444668228,-0.464571859636,5,325
140,1,3.0969261089,,9.0,0.024024024024,0,-0.819110896054,0.554258797064,5,156
141,1,6.33909645056,3.0,8.0,0.032032032032,0,0.41190399073,0.103384478366,5,291
142,1,2.16559543546,1.0,12.0,0.013013013013,0,-0.839335431575,-0.316398269813,5,755
143,1,4.46997386379,4.0,8.0,0.025025025025,0,-0.338667499157,0.48597636126,5,357
144,1,6.14126312674,0.0,7.0,0.04004004004,0,0.317340730902,0.189240934032,5,222
145,1,4.50652327622,,13.0,0.029029029029,0,0.012624725154,-0.531350899242,5,313
146,1,2.26761751146,,3.0,0.015015015015,0,-0.718086189248,-0.5781239208,5,122
147,1,7.21210678898,6.0,11.0,0.017017017017,0,0.476745986998,0.781868827986,5,513
148,1,0.358778103802,,2.0,0.021021021021,0,-1.55725247463,0.0305355276793,5,27
149,1,5.86137533616,5.0,9.0,0.016016016016,0,0.114647314859,0.517433391582,5,256
150,1,4.50684344626,,15.0,0.034034034034,0,0.0727450319978,-0.711391649733,5,356
151,1,4.18024900232,1.0,8.0,0.02002002002,0,-0.307412128368,0.102485387425,5,162
152,1,9.09861079159,3.0,15.0,0.02002002002,0,1.64206846253,-0.827594596009,5,629
153,1,-0.847863273373,,2.0,0.015015015015,0,-1.88426654617,-0.195063634866,5,152
154,1,10.4143853117,9.0,11.0,0.015015015015,0,1.73386604658,0.212787171967,5,741
155,1,-0.331758503869,,0.0,0.022022022022,1,-1.79118627752,0.0418003287014,5,26
156,1,3.90576922664,3.0,8.0,0.014014014014,0,-0.62851878161,0.791325571474,5,226
157,1,3.59599040506,2.0,9.0,0.01001001001,0,-0.446623662569,-0.0641386072374,5,665
158,1,4.21953240537,0.0,12.0,0.015015015015,0,-0.246757598562,-0.0401947989423,5,701
159,1,1.65922041412,1.0,3.0,0.012012012012,0,-1.06335478478,-0.150715231551,5,132
160,1,5.45105984891,5.0,17.0,0.023023023023,0,0.049201775602,0.303454522108,5,637
161,1,3.83941205702,0.0,13.0,0.022022022022,0,-0.451671689152,0.194427124481,5,590
162,1,6.45619000298,4.0,9.0,0.02002002002,0,0.0608032527174,1.27378024483,5,402
163,1,1.27321467386,0.0,8.0,0.022022022022,0,-1.37442059143,0.396476448139,5,401
164,1,6.7777537101,6.0,10.0,0.019019019019,0,0.442398732913,0.450557511356,5,363
165,1,3.55752654978,0.0,5.0,0.012012012012,0,-0.135578283947,-1.03573859838,5,228
166,1,6.90132396035,6.0,16.0,0.019019019019,0,0.5713316688,0.187328953945,5,553
167,1,2.58106776848,2.0,7.0,0.018018018018,0,-0.745277273721,-0.183100410361,5,271
168,1,6.34509518625,6.0,10.0,0.022022022022,0,0.280841822262,0.502569719461,5,244
169,1,1.97734080411,,5.0,0.012012012012,0,-0.936649876422,-0.212709566623,5,253
170,1,1.17535712147,1.0,10.0,0.02002002002,0,-1.20265146073,-0.21668849635,5,331
171,1,9.9207743602,8.0,17.0,0.021021021021,0,1.7730667378,-0.39842585321,5,730
172,1,9.11828296516,7.0,12.0,0.02002002002,0,1.59309811969,-0.661011393917,5,385
173,1,-0.830454293325,,2.0,0.031031031031,0,-1.98829084349,0.134418237138,5,50
174,1,3.14128545762,0.0,5.0,0.013013013013,0,-0.87348426869,0.761738263692,5,159
175,1,4.60942303313,3.0,6.0,0.028028028028,0,0.146320966436,-0.829539866181,5,182
176,1,3.70536744539,1.0,17.0,0.023023023023,0,-0.464324344449,0.0983404787403,5,587
177,1,2.10608320662,1.0,3.0,0.025025025025,0,-1.03564944155,0.213031531273,5,127
178,1,8.13030567502,8.0,11.0,0.026026026026,0,0.808352161051,0.705249191863,5,420
179,1,6.08672675764,6.0,8.0,0.019019019019,0,0.290294246836,0.215844017133,5,281
180,1,3.63739512959,2.0,7.0,0.015015015015,0,-0.224831227057,-0.688111189241,5,536
181,1,-2.0411823206,,0.0,0.018018018018,1,-2.5053147657,0.474761976508,5,21
182,1,8.2995257907,2.0,12.0,0.019019019019,0,1.15032523773,-0.1514499225,5,538
183,1,1.229701134,,4.0,0.019019019019,0,-1.04161514306,-0.645453436832,5,35
184,1,6.77208749642,6.0,16.0,0.022022022022,0,0.651572778258,-0.182630838354,5,627
185,1,7.85617772916,5.0,13.0,0.018018018018,0,0.957741895992,-0.0170479588186,5,761
186,1,8.64726742619,6.0,19.0,0.027027027027,0,1.0958892341,0.359599723875,5,788
187,1,8.22475675961,2.0,9.0,0.01001001001,0,1.15080741364,-0.227665481316,5,708
188,1,3.93711271019,3.0,13.0,0.014014014014,0,-0.509787940291,0.466476531061,5,852
189,1,6.7397412252,6.0,7.0,0.01001001001,1,0.584721957701,-0.0144246479066,5,524
190,1,8.77924835341,7.0,11.0,0.015015015015,0,1.19933854914,0.181232705974,5,344
191,1,2.71080316427,2.0,5.0,0.017017017017,0,-0.633997056309,-0.387205666803,5,167
192,1,7.57130141163,6.0,9.0,0.016016016016,0,0.855094957083,0.00601654038472,5,351
193,1,6.261289282,4.0,7.0,0.013013013013,0,0.182168039715,0.714785162853,5,275
194,1,2.45194674663,2.0,3.0,0.017017017017,1,-1.11063065369,0.783838707684,5,49
195,1,9.48088892826,,15.0,0.02002002002,0,1.50075127205,-0.021364887901,5,515
196,1,2.98078606039,,4.0,0.015015015015,0,-0.580956268391,-0.276345134438,5,220
197,1,7.64930141717,7.0,19.0,0.02002002002,0,0.74551750735,0.412748895117,5,822
198,1,6.75226981068,2.0,8.0,0.018018018018,0,0.447186515852,0.410710263127,5,296
199,1,7.00982375648,7.0,18.0,0.022022022022,0,0.581446314854,0.265484811919,5,706
200,0,10.0174701759,10.0,,0.01001001001,0,1.64884766565,0.0709271789338,5,889
201,1,4.64895523329,2.0,16.0,0.019019019019,0,-0.136365998336,0.0580532282996,5,878
202,1,5.11506706439,5.0,6.0,0.03003003003,1,0.207051718911,-0.506088092341,5,180
203,1,-1.43457875545,,1.0,0.014014014014,0,-2.16683873512,0.0659374499161,5,23
204,1,5.74319900731,3.0,12.0,0.012012012012,0,0.185703984864,0.186087052714,5,849
205,1,4.97740589302,2.0,5.0,0.019019019019,0,0.174848475473,-0.547139533399,5,140
206,1,-3.17914125284,,2.0,0.017017017017,0,-2.95666472006,0.690852907331,5,171
207,1,6.66646850618,0.0,9.0,0.014014014014,0,0.475449383526,0.2401203556,5,481
208,1,5.37770937125,,9.0,0.025025025025,0,-0.133193235438,0.777289077567,5,210
209,1,7.68120889532,6.0,12.0,0.014014014014,0,0.904123920798,-0.0311628670756,5,773
210,1,2.80979145842,1.0,4.0,0.019019019019,0,-0.717723571545,-0.0370378269465,5,174
211,1,3.45326041312,,7.0,0.019019019019,0,-0.50786195018,-0.0231537363444,5,141
212,1,6.5687735457,2.0,9.0,0.019019019019,0,0.427823013524,0.285304505122,5,283
213,1,3.96887655791,2.0,9.0,0.026026026026,0,-0.245339550203,-0.295104791485,5,426
214,1,3.43128018237,3.0,4.0,0.021021021021,1,-0.412028356914,-0.332634746883,5,285
215,1,7.02253121365,2.0,10.0,0.019019019019,0,0.572884025667,0.303879136647,5,532
216,1,6.51989693692,5.0,9.0,0.022022022022,0,0.491354606034,0.0458331188178,5,370
217,1,7.35879662861,2.0,11.0,0.018018018018,0,0.92712149528,-0.422567857228,5,439
218,1,5.3166730432,,7.0,0.023023023023,0,-0.0202963844597,0.377562196581,5,131
219,1,7.01426513562,7.0,13.0,0.02002002002,0,0.613342137181,0.174238724074,5,653
220,1,1.84656124749,,2.0,0.012012012012,0,-0.814079455792,-0.71120038513,5,94
221,1,4.39727303612,2.0,9.0,0.016016016016,0,-0.17370574167,-0.081609738871,5,438
222,1,7.89403238231,6.0,8.0,0.013013013013,0,1.03325825476,-0.205742381973,5,314
223,1,4.24476974996,2.0,10.0,0.013013013013,0,-0.304150267492,0.15722055244,5,452
224,1,7.02210910462,0.0,12.0,0.023023023023,0,0.600539143364,0.220491674529,5,459
225,1,6.67485740237,,7.0,0.02002002002,0,0.630100156645,-0.21544306756,5,225
226,1,1.83910691572,1.0,7.0,0.016016016016,0,-1.12831120563,0.224040532613,5,360
227,1,5.40133004619,4.0,7.0,0.027027027027,0,0.137381316222,-0.0108139024717,5,104
228,1,3.32084718509,3.0,5.0,0.026026026026,0,-0.478963267148,-0.24226301347,5,144
229,1,10.1734270533,9.0,11.0,0.011011011011,0,1.63369786488,0.272333458638,5,904
230,1,12.717206439,10.0,13.0,0.016016016016,0,2.57069908113,0.00510919557429,5,838
231,1,2.91632795524,,4.0,0.026026026026,0,-0.870628172677,0.528212473268,5,82
232,1,2.48003839084,,24.0,0.032032032032,0,-0.581213359029,-0.776321532078,5,768
233,1,5.97713179561,1.0,10.0,0.011011011011,0,0.353642830239,-0.0837966951022,5,807
234,1,11.7845341435,,16.0,0.02002002002,0,2.31842170962,-0.170730985347,5,880
235,1,4.01670079883,1.0,7.0,0.021021021021,0,-0.260199862472,-0.20269961375,5,230
236,1,6.90643515347,6.0,7.0,0.015015015015,1,0.426975886543,0.625507493842,5,407
237,1,4.96521209991,0.0,7.0,0.00900900900901,0,-0.157044100489,0.436344401376,5,460
238,1,0.981047261481,0.0,1.0,0.014014014014,1,-0.992826464969,-1.04047334361,5,38
239,1,10.019694999,8.0,13.0,0.019019019019,0,1.80525083455,-0.396057504608,5,472
240,1,8.01715246563,3.0,9.0,0.012012012012,0,1.0436149611,-0.113692417686,5,440
241,1,10.2354993269,6.0,13.0,0.025025025025,0,1.40053237099,1.03390221394,5,585
242,1,5.9145663594,2.0,8.0,0.016016016016,0,0.00135734247883,0.910494331963,5,421
243,1,4.42057192247,0.0,14.0,0.017017017017,0,-0.125584125947,-0.202675699689,5,751
244,1,6.42512970655,6.0,7.0,0.00800800800801,1,0.44001927759,0.105071873782,5,559
245,1,7.47860117439,5.0,10.0,0.012012012012,0,0.852113224249,-0.0777384983543,5,697
246,1,5.84188666579,5.0,7.0,0.015015015015,0,0.481545990172,-0.602751304728,5,373
247,1,6.98944159271,4.0,9.0,0.016016016016,0,0.778110686999,-0.344890468285,5,345
248,1,3.86832958162,0.0,9.0,0.019019019019,0,-0.663573760221,0.859050862285,5,329
249,1,4.21155353838,1.0,7.0,0.014014014014,0,0.0365004264584,-0.897947740993,5,254
250,1,3.69495501309,3.0,14.0,0.016016016016,0,-0.424259904559,-0.0322652732364,5,795
251,1,8.20481110848,2.0,10.0,0.014014014014,0,1.09029017,-0.0660594015275,5,796
252,1,-1.54549897036,,5.0,0.017017017017,0,-2.03982076829,-0.426036665503,5,88
253,0,9.28501960392,9.0,,0.00900900900901,0,1.44003039387,-0.0350715776806,5,575
254,1,4.93987501487,4.0,12.0,0.014014014014,0,-0.00888138040058,-0.0334808439309,5,643
255,1,11.3439827305,10.0,12.0,0.013013013013,0,2.26739578243,-0.458204616797,5,847
256,1,7.95645973509,6.0,9.0,0.014014014014,0,1.05033677997,-0.19455060482,5,516
257,1,3.79727518494,2.0,9.0,0.013013013013,0,-0.384572274062,-0.0490079928798,5,602
258,1,5.65031055711,2.0,7.0,0.02002002002,0,0.0275864519818,0.567551201165,5,137
259,1,9.48968752748,8.0,11.0,0.011011011011,0,1.53978632968,-0.129671461564,5,889
260,1,4.90397933634,4.0,15.0,0.019019019019,0,-0.278814163767,0.740421827643,5,830
261,1,1.74204909836,,5.0,0.024024024024,0,-1.28442279657,0.595317488072,5,135
262,1,9.01552252312,7.0,12.0,0.02002002002,0,1.41902597893,-0.241555413657,5,619
263,1,9.06128321112,8.0,11.0,0.012012012012,0,1.12987147557,0.671668784412,5,818
264,1,1.71622165806,,3.0,0.017017017017,0,-0.877045287763,-0.652642478653,5,61
265,1,1.37038530604,,4.0,0.018018018018,0,-1.28977166458,0.239700299786,5,86
266,1,2.17688693485,0.0,8.0,0.017017017017,0,-1.02476825974,0.251191714062,5,375
267,1,6.71667477591,4.0,7.0,0.00900900900901,0,0.494799401376,0.232276571781,5,497
268,1,-0.622372626617,,1.0,0.021021021021,0,-1.98493130729,0.332421295252,5,113
269,1,5.16279672105,4.0,18.0,0.024024024024,0,-0.0781268617183,0.397177306206,5,690
270,1,5.97255480483,0.0,7.0,0.014014014014,0,-0.056981379593,1.14349894361,5,417
271,1,4.90960573766,1.0,11.0,0.016016016016,0,-0.508361111694,1.43468907275,5,748
272,1,3.95241822115,0.0,16.0,0.017017017017,0,-0.719542471828,1.11104563663,5,744
273,1,8.06738217834,5.0,9.0,0.015015015015,0,1.16809549995,-0.436904321496,5,389
274,1,2.987476322,2.0,4.0,0.02002002002,0,-0.480757684193,-0.570250625421,5,265
275,1,4.1292495731,,10.0,0.015015015015,0,-0.256152010757,-0.102294394633,5,696
276,1,2.87568173456,2.0,16.0,0.016016016016,0,-0.870830020554,0.488171796217,5,712
277,1,7.47914735474,6.0,8.0,0.015015015015,0,1.08697466165,-0.781776630201,5,577
278,1,8.21497571688,4.0,9.0,0.018018018018,0,0.982240710851,0.268253584329,5,441
279,1,4.00861393951,,5.0,0.013013013013,0,-0.0711987008566,-0.777789957925,5,424
280,1,1.23589065412,,8.0,0.018018018018,0,-1.32832473769,0.220864867185,5,299
281,1,2.46751106331,,4.0,0.012012012012,0,-0.691260693605,-0.458706855872,5,179
282,1,7.06222584882,,9.0,0.016016016016,0,0.869962941394,-0.54766297536,5,214
283,1,7.27162138664,4.0,10.0,0.013013013013,0,0.715880513315,0.123979846695,5,641
284,1,7.89321750145,3.0,9.0,0.012012012012,0,1.08568785222,-0.363846055223,5,588
285,1,5.37528205603,5.0,8.0,0.012012012012,0,0.0205154397316,0.313735736839,5,433
286,1,5.25826157994,4.0,6.0,0.00900900900901,0,0.291613269113,-0.616578227396,5,552
287,1,3.97406632214,3.0,8.0,0.00800800800801,0,-0.539835375998,0.593572450134,5,506
288,1,8.51869847272,4.0,12.0,0.015015015015,0,1.16390459077,0.0269847003962,5,749
289,1,5.42259660302,2.0,8.0,0.015015015015,0,0.345701281055,-0.614507240142,5,594
290,1,7.7685886839,,12.0,0.017017017017,0,1.0086473784,-0.257353451313,5,425
291,1,-0.416192100461,,0.0,0.013013013013,1,-1.67862736165,-0.380310015517,5,3
292,1,-0.0386702158049,,0.0,0.019019019019,1,-1.83751623605,0.473878492348,5,5
293,0,13.1481440858,13.0,,0.014014014014,0,2.74740852423,-0.0940814869094,5,637
294,0,11.6556058675,11.0,,0.011011011011,0,2.30742438821,-0.266667297182,5,609
295,1,2.01551217353,1.0,17.0,0.019019019019,0,-0.897299171,-0.292590313476,5,853
296,1,6.27202355145,5.0,9.0,0.015015015015,0,0.246874345296,0.531400515564,5,539
297,1,4.86984476094,2.0,10.0,0.021021021021,0,0.229057491602,-0.817327713863,5,443
298,1,6.30199867662,1.0,8.0,0.016016016016,0,0.448032618695,-0.0420991794596,5,323
299,1,1.67378008392,,7.0,0.016016016016,0,-1.00838355132,-0.301069262125,5,142
300,1,4.43095278037,3.0,9.0,0.016016016016,0,-0.13852821559,-0.153462572856,5,400
301,1,0.714178131571,0.0,1.0,0.012012012012,1,-1.18901946101,-0.718763485407,5,268
302,1,7.79704333941,2.0,9.0,0.018018018018,0,1.03796415228,-0.316849117443,5,338
303,1,6.44530110239,0.0,9.0,0.024024024024,0,0.185710084969,0.888170847487,5,392
304,1,5.99033384977,1.0,7.0,0.017017017017,0,0.323009610699,0.0213050176786,5,419
305,1,7.50871438404,4.0,8.0,0.014014014014,0,0.870260320796,-0.102066578347,5,554
306,1,6.7803320111,,8.0,0.012012012012,0,0.444267691533,0.4475289365,5,292
307,1,8.73161773977,8.0,11.0,0.011011011011,0,1.07803700437,0.497506726646,5,775
308,1,-2.44373634648,,1.0,0.02002002002,0,-2.19063538806,-0.8718301823,5,48
309,1,1.00248668799,,3.0,0.016016016016,0,-1.39547170303,0.188901797077,5,184
310,1,6.22139482025,,10.0,0.019019019019,0,0.504821104648,-0.293068493688,5,333
311,1,2.14490354907,1.0,3.0,0.011011011011,0,-1.05437800062,0.308037550929,5,87
312,1,7.74277195425,3.0,9.0,0.013013013013,0,1.02490657182,-0.331947761215,5,568
313,1,6.88246270411,5.0,7.0,0.013013013013,0,0.384949259581,0.727614925371,5,343
314,0,10.9868820314,10.0,,0.01001001001,0,1.75600360162,0.718871226554,5,500
315,1,2.4205217346,,4.0,0.018018018018,0,-0.715147767612,-0.434034962565,5,102
316,1,4.71698209505,2.0,6.0,0.012012012012,0,0.157514315358,-0.755560851027,5,309
317,0,13.1479396311,11.0,,0.011011011011,0,2.70323855448,0.0382239677191,5,489
318,1,7.57611649416,4.0,9.0,0.012012012012,0,1.08400249432,-0.675890988796,5,592
319,1,1.36669678928,1.0,5.0,0.00900900900901,0,-1.32609614216,0.344985215767,5,302
320,1,2.23777992772,0.0,3.0,0.022022022022,0,-0.89410579728,-0.0799026804368,5,109
321,1,0.409513008316,,5.0,0.01001001001,0,-1.3402924883,-0.569609526777,5,124
322,1,1.71209343852,,3.0,0.022022022022,0,-1.2141463758,0.354532565917,5,115
323,1,2.04215070866,,3.0,0.018018018018,0,-0.722133138635,-0.791449875436,5,145
324,1,3.53224550065,2.0,7.0,0.01001001001,0,-0.292115247948,-0.591408755507,5,382
325,1,6.16512169996,,7.0,0.012012012012,0,0.356873382791,0.0945015515865,5,781
326,1,5.6665528222,5.0,6.0,0.016016016016,1,0.322757224176,-0.30171885033,5,503
327,1,2.04081954403,1.0,6.0,0.016016016016,0,-0.707922714737,-0.835412311756,5,387
328,1,2.84129972889,,5.0,0.011011011011,0,-0.596496764415,-0.369209977866,5,130
329,1,7.04217535508,6.0,8.0,0.011011011011,0,0.441795513863,0.716788813492,5,188
330,1,0.336763734986,,1.0,0.014014014014,0,-1.71636224007,0.485850455211,5,31
331,1,5.97079722875,5.0,11.0,0.015015015015,0,0.636922625147,-0.939970646693,5,722
332,1,3.36411309256,,7.0,0.021021021021,0,-0.441172918165,-0.312368152944,5,175
333,1,6.97810391931,4.0,7.0,0.015015015015,0,0.708985859359,-0.148853658772,5,318
334,1,1.86096719973,0.0,2.0,0.019019019019,0,-1.34506315583,0.896156667209,5,76
335,1,6.36730176642,2.0,8.0,0.018018018018,0,0.413811222738,0.125868098204,5,393
336,1,3.86779867484,0.0,10.0,0.012012012012,0,-0.470728501908,0.279984180563,5,709
337,1,8.6447088444,8.0,9.0,0.01001001001,1,0.885391629297,0.988533956511,5,728
338,1,-3.76225269098,,1.0,0.023023023023,0,-2.58500525658,-1.00723692125,5,15
339,1,3.3979377613,2.0,6.0,0.01001001001,0,-0.504105703577,-0.0897451279705,5,269
340,1,6.63891840692,2.0,10.0,0.017017017017,0,0.472987584479,0.219955653481,5,422
341,1,0.61720831404,0.0,1.0,0.018018018018,1,-1.36248738531,-0.295329530019,5,217
342,1,5.38100788564,3.0,8.0,0.014014014014,0,-0.0385995664484,0.496806584983,5,409
343,1,4.42683946604,4.0,5.0,0.011011011011,1,-0.105279352462,-0.257322476573,5,362
344,1,5.62657988044,3.0,7.0,0.014014014014,0,-0.00417525436605,0.639105643542,5,615
345,1,6.83179702178,3.0,9.0,0.014014014014,0,0.513983572449,0.289846304432,5,534
346,1,1.791733409,,2.0,0.012012012012,0,-1.01908223022,-0.151019900347,5,83
347,1,3.76485895056,1.0,9.0,0.01001001001,0,-0.349595481008,-0.186354606413,5,449
348,1,6.71795935391,6.0,7.0,0.014014014014,1,0.473021700449,0.298894252563,5,295
349,1,4.14843607864,3.0,9.0,0.011011011011,0,-0.326046274338,0.126574901654,5,606
350,1,2.35670152047,1.0,9.0,0.00900900900901,0,-0.98529560654,0.312588340095,5,862
351,1,2.54254671042,1.0,3.0,0.01001001001,0,-0.504367891591,-0.944349614803,5,213
352,1,1.95709410795,,3.0,0.023023023023,0,-0.975371185368,-0.116792335951,5,173
353,1,2.18086355285,2.0,4.0,0.01001001001,0,-0.938375153253,-0.00401098738778,5,260
354,1,6.09882536366,3.0,12.0,0.015015015015,0,0.224322616696,0.425857513571,5,828
355,1,3.53888212867,2.0,6.0,0.013013013013,0,-0.432638854387,-0.163201308164,5,317
356,1,2.67336833902,0.0,3.0,0.018018018018,0,-0.917299471075,0.425266752245,5,212
357,1,7.71194989629,5.0,9.0,0.016016016016,0,0.833983525175,0.209999320771,5,645
358,1,8.16601384014,8.0,9.0,0.00900900900901,1,1.16893937815,-0.340804294311,5,859
359,1,5.7585822719,1.0,7.0,0.013013013013,0,0.19903626448,0.16147347846,5,406
360,1,2.6529520433,,6.0,0.014014014014,0,-0.92949914604,0.44144948142,5,237
361,1,1.73237700575,0.0,15.0,0.018018018018,0,-1.27360811559,0.553201352521,5,625
362,1,3.12709008806,0.0,5.0,0.016016016016,0,-0.608564056794,-0.047217741557,5,215
363,1,6.36026914431,6.0,9.0,0.017017017017,0,0.524124344657,-0.212103889663,5,589
364,1,2.3465956982,2.0,7.0,0.015015015015,0,-0.998140055367,0.341015864301,5,330
365,1,7.02808478203,7.0,9.0,0.012012012012,0,0.682210219066,-0.018545875173,5,642
366,1,10.1750743109,10.0,11.0,0.011011011011,1,1.39736098612,0.982991352548,5,896
367,1,7.68189432615,3.0,11.0,0.013013013013,0,1.12101168128,-0.681140717695,5,707
368,1,5.38084545377,3.0,8.0,0.00900900900901,0,0.00455104643882,0.367192314458,5,621
369,1,7.65629971463,3.0,11.0,0.016016016016,0,0.795858660718,0.26872373248,5,668
370,1,3.03281314184,2.0,6.0,0.00800800800801,0,-0.673588216564,0.0535777915285,5,458
371,1,6.15580759805,6.0,8.0,0.011011011011,0,0.377145231615,0.0243719032016,5,341
372,1,4.82171012235,4.0,5.0,0.01001001001,1,0.0271970251257,-0.259880953029,5,384
373,1,7.26536670653,3.0,9.0,0.013013013013,0,0.642751526828,0.33711212605,5,557
374,1,10.7372989787,7.0,11.0,0.014014014014,0,2.11282803594,-0.601185129173,5,782
375,1,3.56996275545,2.0,6.0,0.012012012012,0,-0.143540125868,-0.999416866941,5,227
376,1,6.902471033,5.0,9.0,0.012012012012,0,0.758481820715,-0.372974429146,5,563
377,1,5.33586022108,1.0,6.0,0.012012012012,0,0.197513171901,-0.256679294626,5,469
378,1,5.33624377155,,7.0,0.01001001001,0,0.355506848044,-0.730276772585,5,509
379,1,6.71833794395,0.0,7.0,0.011011011011,0,0.503785455186,0.206981578392,5,451
380,1,5.16490710382,3.0,8.0,0.00900900900901,0,-0.315097057807,1.11019827724,5,740
381,1,8.79765980659,8.0,9.0,0.011011011011,1,1.32557812587,-0.179074571027,5,576
382,1,9.36782874248,8.0,10.0,0.01001001001,0,1.47375700478,-0.0534422718627,5,877
383,1,4.11978997605,4.0,13.0,0.016016016016,0,-0.235515320165,-0.173664063455,5,739
384,1,4.79355360891,4.0,6.0,0.012012012012,0,-0.278498973839,0.629050530432,5,286
385,1,5.31338402238,5.0,14.0,0.014014014014,0,-0.29720186459,1.20498961615,5,875
386,1,8.01553247982,,9.0,0.016016016016,0,0.804023702011,0.603461373784,5,567
387,1,0.244305979652,0.0,3.0,0.02002002002,0,-1.43535307831,-0.449634785411,5,32
388,1,5.37433714206,,10.0,0.012012012012,0,0.197787051785,-0.219024013301,5,489
389,1,3.72576059115,2.0,11.0,0.015015015015,0,-0.49618788798,0.21432425509,5,840
390,1,6.23855665549,6.0,9.0,0.016016016016,0,0.327262392506,0.256769477972,5,547
391,1,6.14119301463,4.0,10.0,0.013013013013,0,0.375782655432,0.0138450483367,5,581
392,1,0.0219891293436,,3.0,0.012012012012,0,-1.89333652631,0.70199870826,5,43
393,1,7.85857413254,7.0,8.0,0.014014014014,1,1.09667424345,-0.43144859782,5,476
394,1,9.32982686871,7.0,10.0,0.013013013013,0,1.54799632675,-0.314162111527,5,710
395,1,5.87556832346,0.0,8.0,0.00900900900901,0,0.376036094192,-0.252539959113,5,846
396,1,7.16358892348,7.0,8.0,0.015015015015,1,0.41797440719,0.90966570191,5,493
397,1,8.10761444418,5.0,12.0,0.015015015015,0,1.09455319471,-0.176045139964,5,844
398,1,6.11935505308,0.0,9.0,0.011011011011,0,0.316443381878,0.170024907441,5,561
399,1,3.18622023394,2.0,4.0,0.018018018018,0,-0.613401504587,0.0264247477023,5,232
400,1,2.2977664416,,4.0,0.02002002002,0,-0.828414167444,-0.216991056067,5,197
401,1,1.63313002101,,3.0,0.01001001001,0,-0.934673188961,-0.562850412104,5,69
402,1,5.74356848591,5.0,8.0,0.00900900900901,0,0.254067604745,-0.0186343283283,5,562
403,1,3.86147611289,0.0,10.0,0.01001001001,0,-0.248775277078,-0.392198055879,5,888
404,1,5.44541977995,,6.0,0.011011011011,0,0.399994509065,-0.754563747242,5,386
405,1,3.13007791603,0.0,6.0,0.011011011011,0,-0.666944376659,0.130911046011,5,455
406,1,6.87410006536,3.0,10.0,0.016016016016,0,0.0831858084031,1.62454264015,5,573
407,1,4.03153533122,2.0,6.0,0.012012012012,0,-0.239677693126,-0.249431589399,5,475
408,1,3.15811851236,3.0,5.0,0.016016016016,0,-0.890944125759,0.830950889637,5,306
409,1,5.63105124719,5.0,10.0,0.013013013013,0,0.107260703841,0.309269135671,5,715
410,1,4.54749334275,3.0,9.0,0.011011011011,0,-0.019003601379,-0.395495853113,5,544
411,1,1.25032142859,,2.0,0.00800800800801,0,-1.22936059786,-0.0615967778355,5,75
412,1,9.87202900017,6.0,10.0,0.013013013013,0,1.67000638446,-0.137990153226,5,717
413,1,-0.94702757577,,1.0,0.012012012012,0,-2.0316388616,0.147889009041,5,25
414,0,10.1457226479,9.0,,0.00900900900901,0,1.44491938232,0.81096450091,5,422
415,1,3.74133033494,2.0,9.0,0.00900900900901,0,-0.139229837742,-0.840980151833,5,869
416,1,7.01246798672,2.0,12.0,0.013013013013,0,0.653842966276,0.0509390878901,5,834
417,1,7.48406906277,3.0,10.0,0.011011011011,0,0.85216880376,-0.0724373485081,5,841
418,1,1.28395294182,1.0,6.0,0.013013013013,0,-1.11798889146,-0.362080383807,5,445
419,1,5.23733037911,5.0,8.0,0.014014014014,0,-0.226538147846,0.916944822646,5,556
420,1,6.03625231952,3.0,9.0,0.014014014014,0,0.612030819215,-0.799840138128,5,377
421,1,10.1838299026,10.0,12.0,0.014014014014,0,1.61935268029,0.325771861776,5,860
422,1,6.3345326057,4.0,7.0,0.00900900900901,0,0.312533613435,0.396931765397,5,671
423,1,5.02442468138,2.0,11.0,0.016016016016,0,-0.0753870642108,0.250585874015,5,776
424,1,1.18701865314,1.0,6.0,0.013013013013,0,-1.04959792263,-0.664187578958,5,250
425,1,4.43412609986,,8.0,0.016016016016,0,-0.178040176303,-0.0317533712301,5,404
426,1,7.17398164189,,9.0,0.012012012012,0,0.781573006432,-0.170737377406,5,376
427,1,4.36278878845,2.0,9.0,0.01001001001,0,-0.278315347919,0.197734832207,5,719
428,1,4.90591875416,3.0,9.0,0.014014014014,0,-0.0996730965369,0.204938043772,5,735
429,1,1.74933062706,,2.0,0.016016016016,0,-1.19746896186,0.341737512634,5,71
430,1,1.50263860735,1.0,4.0,0.016016016016,0,-1.04997324998,-0.347441642726,5,97
431,1,1.11711212872,,4.0,0.014014014014,0,-1.23778306812,-0.16953866692,5,279
432,1,4.23487066484,3.0,5.0,0.01001001001,0,-0.249661231876,-0.0161456395335,5,542
433,1,10.2287505996,10.0,11.0,0.013013013013,1,1.84108303655,-0.294498510002,5,881
434,1,0.135809877107,,2.0,0.016016016016,0,-1.47335146589,-0.444135725233,5,93
435,1,1.89251377964,,7.0,0.011011011011,0,-1.07602363946,0.120584698011,5,560
436,1,3.65335555056,,8.0,0.013013013013,0,-0.928217035608,1.43800665738,5,257
437,1,8.06484612385,5.0,9.0,0.012012012012,0,1.04847617567,-0.0805824031705,5,759
438,1,3.26283999453,,4.0,0.012012012012,0,-0.403766242199,-0.525861278878,5,471
439,0,12.0022762541,9.0,,0.00900900900901,0,2.15901795222,0.525222397497,5,273
440,1,3.4291358692,0.0,6.0,0.012012012012,0,-0.846820567916,0.969597572951,5,274
441,1,9.86443392912,4.0,10.0,0.01001001001,0,1.70590711909,-0.253287428142,5,705
442,1,8.2420377118,8.0,9.0,0.00900900900901,1,1.13399744983,-0.159954637675,5,750
443,1,4.59167614043,4.0,6.0,0.011011011011,0,0.146805384805,-0.848740013988,5,485
444,1,3.00351930361,1.0,4.0,0.00900900900901,0,-0.609440188783,-0.168160130045,5,287
445,1,5.31723873197,3.0,6.0,0.016016016016,0,-0.226456865019,0.996609327024,5,519
446,1,5.40876540737,2.0,7.0,0.013013013013,0,0.15887059841,-0.067846387864,5,429
447,1,5.37422853095,5.0,6.0,0.01001001001,1,0.366018380152,-0.723826609505,5,569
448,1,1.93528999693,1.0,8.0,0.014014014014,0,-0.993631373124,-0.0838158837008,5,463
449,1,5.57672665523,3.0,7.0,0.011011011011,0,0.462541812681,-0.810898782819,5,525
450,1,1.96402634382,,3.0,0.016016016016,0,-0.982928839835,-0.0871871366769,5,111
451,1,3.73523143377,1.0,7.0,0.013013013013,0,-0.391116829499,-0.0914180777337,5,408
452,0,11.4590804559,9.0,,0.011011011011,0,2.08798895858,0.195113580131,5,491
453,1,-3.29628200192,,0.0,0.00900900900901,1,-2.69021877815,-0.225625667469,5,67
454,1,1.29580371848,0.0,3.0,0.014014014014,0,-1.20528160833,-0.088351456538,5,73
455,1,5.60111976515,1.0,6.0,0.013013013013,0,0.182577160257,0.0533882843751,5,512
456,1,3.20959769085,0.0,7.0,0.014014014014,0,-0.708370210529,0.33470832244,5,403
457,1,7.8796358696,2.0,10.0,0.017017017017,0,1.12235499013,-0.487429100786,5,572
458,1,-1.29401187201,,0.0,0.011011011011,1,-2.08992901479,-0.0242248276326,5,41
459,1,4.65698879196,2.0,6.0,0.022022022022,0,-0.347672449633,0.700006140854,5,148
460,1,2.96413691517,0.0,3.0,0.013013013013,0,-0.629011541434,-0.148828460532,5,172
461,1,5.0866845577,3.0,9.0,0.012012012012,0,0.140830821758,-0.335807907577,5,769
462,1,5.0454029533,5.0,8.0,0.013013013013,0,-0.128302129651,0.430309342258,5,361
463,1,7.49237582514,7.0,9.0,0.011011011011,0,0.67108671279,0.479115686766,5,714
464,1,3.64949349464,0.0,4.0,0.00900900900901,0,-0.38778059031,-0.187164734436,5,352
465,1,8.32205993917,8.0,9.0,0.00900900900901,1,0.921612411255,0.557222705405,5,871
466,1,6.40748517726,6.0,7.0,0.00800800800801,1,0.638981625144,-0.509459698176,5,622
467,1,3.04844635988,3.0,9.0,0.011011011011,0,-0.702211338725,0.155080376052,5,583
468,1,4.4272897717,3.0,5.0,0.011011011011,0,-0.276588853036,0.25705633081,5,371
469,1,2.08099955244,,6.0,0.01001001001,0,-1.22896968447,0.767908605839,5,315
470,1,4.08756623713,4.0,5.0,0.011011011011,1,-0.22407871558,-0.240197616127,5,564
471,1,6.82483874442,1.0,7.0,0.00900900900901,0,0.399979276987,0.624900913461,5,678
472,1,7.8084498807,4.0,9.0,0.012012012012,0,0.952470284774,-0.0489609736193,5,718
473,1,7.0245527789,,8.0,0.012012012012,0,0.717212032481,-0.127083318539,5,565
474,1,2.45478031024,2.0,4.0,0.00800800800801,0,-0.953307455478,0.314702676676,5,266
475,1,6.1955390273,4.0,7.0,0.00800800800801,0,0.667368866926,-0.806567573478,5,496
476,1,7.70077692145,7.0,8.0,0.00900900900901,1,0.855856898086,0.13320622719,5,803
477,1,4.86336109527,2.0,5.0,0.01001001001,0,-0.137476294903,0.275789979975,5,248
478,1,2.49971281775,0.0,7.0,0.01001001001,0,-0.851514821571,0.0542572824675,5,231
479,1,7.54564573988,6.0,10.0,0.01001001001,0,0.984602021436,-0.408160324427,5,909
480,1,6.67161595501,2.0,8.0,0.014014014014,0,0.323206787731,0.701995591818,5,507
481,1,1.78450565971,,7.0,0.014014014014,0,-0.849752516806,-0.666236789872,5,518
482,1,4.82489160065,4.0,6.0,0.00900900900901,0,-0.0211582602432,-0.111633618622,5,580
483,1,7.03189207903,4.0,8.0,0.01001001001,0,0.739860655508,-0.187689887493,5,798
484,1,6.18438318722,4.0,7.0,0.00800800800801,0,0.191854963297,0.608818297329,5,514
485,1,6.82855346577,4.0,7.0,0.013013013013,0,0.56282654787,0.140073822163,5,358
486,1,7.49742663057,2.0,11.0,0.013013013013,0,0.858985004246,-0.079528382171,5,825
487,1,8.13291929149,5.0,9.0,0.014014014014,0,1.17266415059,-0.385073160274,5,540
488,1,9.68396378232,7.0,10.0,0.01001001001,0,1.57203740209,-0.0321484239631,5,906
489,1,7.74353354375,6.0,11.0,0.012012012012,0,0.826034036148,0.265431435311,5,810
490,1,3.67214055696,,6.0,0.00900900900901,0,-0.287961533667,-0.463974842036,5,276
491,1,1.65194417556,0.0,4.0,0.01001001001,0,-1.24582788596,0.389427833452,5,243
492,1,1.72734290795,,2.0,0.014014014014,0,-1.17639727421,0.256534730591,5,316
493,1,6.27113262007,5.0,9.0,0.015015015015,0,0.542173581011,-0.355388122964,5,649
494,1,5.17363650411,2.0,10.0,0.012012012012,0,0.26055288607,-0.608022154099,5,699
495,1,4.03813483586,4.0,5.0,0.013013013013,1,-0.183292679385,-0.411987125987,5,383
496,0,11.4036880783,11.0,,0.011011011011,0,2.27412801151,-0.418695956229,5,622
497,1,3.76754095969,1.0,11.0,0.012012012012,0,-0.350384010545,-0.181307008673,5,431
498,1,-0.194198875721,,1.0,0.012012012012,0,-1.63868676052,-0.278138594147,5,40
499,1,6.14270494611,6.0,8.0,0.01001001001,0,0.236720476086,0.432543517853,5,688
500,1,5.33153025361,4.0,6.0,0.00800800800801,0,-0.0754560921019,0.557898529917,5,255
501,1,4.19696923971,,6.0,0.00800800800801,0,0.0498985285851,-0.952726346043,5,359
502,1,5.52673028337,5.0,7.0,0.01001001001,0,0.206631306557,-0.0931636363058,5,414
503,1,7.57890494988,7.0,10.0,0.01001001001,0,0.931765654764,-0.216392014412,5,907
504,1,10.6959523494,10.0,11.0,0.013013013013,1,1.85138543318,0.141796049894,5,911
505,1,4.65840662884,3.0,10.0,0.011011011011,0,-0.346819924676,0.698866402866,5,882
506,1,6.219662444,0.0,8.0,0.00900900900901,0,0.254583894176,0.455910761476,5,857
507,1,6.5559332033,6.0,8.0,0.014014014014,0,0.422395532255,0.288746606538,5,752
508,1,-0.965895470026,,0.0,0.01001001001,1,-1.7249784469,-0.790960129321,5,11
509,1,0.745605735443,,1.0,0.01001001001,0,-1.29379859308,-0.372998485327,5,96
510,1,2.83838507581,,9.0,0.01001001001,0,-0.756834867593,0.108889678588,5,528
511,1,7.44258367095,7.0,8.0,0.00800800800801,1,0.575626106874,0.715705350328,5,805
512,1,7.36194677683,6.0,8.0,0.015015015015,0,0.791191448558,-0.0116275688457,5,326
513,1,10.5008438397,9.0,11.0,0.011011011011,0,1.73299951866,0.301845283734,5,863
514,1,5.52917958467,2.0,6.0,0.01001001001,0,0.159456778314,0.0508092497236,5,652
515,1,6.21269619215,4.0,9.0,0.01001001001,0,0.330438903651,0.221379481194,5,784
516,1,8.39375637714,7.0,11.0,0.013013013013,0,0.982148246333,0.44731163814,5,595
517,1,1.06944561032,,5.0,0.011011011011,0,-1.10918872024,-0.602988228967,5,165
518,1,6.46864218017,6.0,7.0,0.015015015015,1,0.409316788578,0.240691814435,5,623
519,1,5.225495212,5.0,6.0,0.00900900900901,1,-0.123855901652,0.597062916956,5,453
520,0,10.8132306465,10.0,,0.011011011011,0,1.98310315712,-0.136078824816,5,774
521,1,3.65508687457,,8.0,0.01001001001,0,-0.608187384062,0.479649026752,5,603
522,1,3.14512695023,,8.0,0.00900900900901,0,-0.598910220893,-0.0581423870903,5,616
523,1,5.51070209474,1.0,6.0,0.01001001001,0,0.0287029387102,0.424593278613,5,601
524,1,1.33418839507,0.0,6.0,0.015015015015,0,-1.05034430524,-0.514778689202,5,247
525,1,7.79046463074,7.0,10.0,0.011011011011,0,0.779990087498,0.450494368244,5,647
526,0,9.19846057316,8.0,,0.011011011011,0,1.01214903882,1.1620134567,5,831
527,1,7.70605193302,3.0,9.0,0.013013013013,0,1.10129174459,-0.597823300758,5,691
528,1,1.5028854567,,2.0,0.013013013013,0,-1.05362380975,-0.336243114038,5,42
529,1,4.49368864234,2.0,11.0,0.013013013013,0,0.0174765528977,-0.558741016353,5,760
530,1,1.41761542092,0.0,8.0,0.011011011011,0,-1.20706605872,0.0388135970664,5,610
531,1,3.53604003999,1.0,4.0,0.011011011011,0,-0.739151825529,0.753495516582,5,178
532,1,5.00645892548,0.0,6.0,0.011011011011,0,0.139013597182,-0.410581866063,5,367
533,1,1.84165110642,0.0,7.0,0.011011011011,0,-1.0375178856,-0.0457952367753,5,599
534,1,-0.0519877143785,,1.0,0.011011011011,0,-1.63273035248,-0.153796656924,5,46
535,1,2.91305474457,,4.0,0.00900900900901,0,-0.925951274949,0.690908569422,5,301
536,1,7.90871263097,6.0,11.0,0.013013013013,0,1.20317273971,-0.700805588172,5,819
537,1,4.63332091304,1.0,5.0,0.00900900900901,0,-0.0631496104872,-0.177230255497,5,216
538,1,6.37300612864,0.0,8.0,0.00900900900901,0,0.352569254455,0.315298365274,5,797
539,1,6.9146090102,,10.0,0.011011011011,0,0.497103847792,0.423297466823,5,746
540,1,6.38691108273,5.0,9.0,0.011011011011,0,0.633207818472,-0.512712372687,5,689
541,1,5.43209811844,5.0,7.0,0.00800800800801,0,0.149910776269,-0.0176342103678,5,492
542,1,8.89242236834,7.0,9.0,0.011011011011,0,1.21069498284,0.260337419817,5,700
543,1,3.0782562896,2.0,7.0,0.00800800800801,0,-0.616913380145,-0.0710035699619,5,820
544,1,7.20941715042,7.0,9.0,0.012012012012,0,0.830050202958,-0.280733458456,5,861
545,1,5.33121200095,5.0,10.0,0.012012012012,0,0.278117033428,-0.50313909933,5,692
546,1,4.05599511469,2.0,6.0,0.01001001001,0,-0.704985925243,1.17095289042,5,435
547,1,1.61530219392,0.0,6.0,0.01001001001,0,-0.913208374755,-0.645072681816,5,428
548,1,0.576106743692,0.0,1.0,0.013013013013,1,-1.36579514931,-0.326507808368,5,44
549,1,5.0152768657,5.0,7.0,0.00900900900901,0,-0.0356607759834,0.122259193651,5,575
550,1,3.29192382848,3.0,6.0,0.00900900900901,0,-0.464984399875,-0.313122971891,5,412
551,1,0.689989868336,0.0,8.0,0.011011011011,0,-1.50887236881,0.216606974775,5,537
552,1,7.52314502845,5.0,9.0,0.011011011011,0,0.773585969797,0.202387119056,5,505
553,1,7.11885331215,5.0,9.0,0.016016016016,0,0.62071794516,0.256699476667,5,677
554,1,4.26196066207,4.0,6.0,0.00900900900901,0,-0.157035186093,-0.266933779654,5,501
555,1,-0.231352184843,,0.0,0.011011011011,1,-1.51662254264,-0.681484556909,5,22
556,1,4.96285352377,3.0,6.0,0.00800800800801,0,0.145254868346,-0.472911081271,5,494
557,1,4.98982117106,2.0,7.0,0.011011011011,0,0.245841153514,-0.747702289484,5,521
558,1,4.80543009174,1.0,8.0,0.00900900900901,0,-0.13469114086,0.209503514316,5,654
559,1,8.23339564913,8.0,9.0,0.00900900900901,1,0.85078573131,0.681038455199,5,873
560,1,-0.839743218485,,3.0,0.00900900900901,0,-1.87269323703,-0.221663507396,5,166
561,1,3.5009136317,,6.0,0.01001001001,0,-0.421670734001,-0.234074166294,5,669
562,1,7.1428725415,7.0,10.0,0.011011011011,0,0.545918854203,0.505115978889,5,638
563,1,5.40402325301,4.0,8.0,0.00900900900901,0,0.348631392103,-0.641870923296,5,672
564,1,7.05178811301,5.0,9.0,0.014014014014,0,0.691800267178,-0.0236126885252,5,664
565,1,3.08379240026,3.0,7.0,0.00900900900901,0,-0.132624551465,-1.51833394535,5,680
566,0,9.99297222182,9.0,,0.01001001001,0,1.78707020232,-0.368238385156,5,547
567,1,6.92857833984,6.0,7.0,0.011011011011,1,0.678434001451,-0.106723664513,5,663
568,1,5.18635703411,3.0,8.0,0.011011011011,0,-0.119040021982,0.543477100061,5,322
569,1,5.10981426347,5.0,6.0,0.01001001001,1,-0.137448973167,0.522161182973,5,416
570,1,6.5726041589,5.0,7.0,0.00900900900901,0,0.198315144129,0.977658726516,5,770
571,1,-0.249452694164,,1.0,0.00900900900901,0,-2.12515487064,1.12601191776,5,78
572,1,2.47920896755,1.0,3.0,0.012012012012,0,-0.906089988199,0.197478932152,5,190
573,1,2.88003117122,1.0,4.0,0.00800800800801,0,-0.813211132115,0.31966456757,5,66
574,1,5.65891501435,4.0,6.0,0.00900900900901,0,0.111509390439,0.324386843032,5,675
575,1,5.27805901864,5.0,8.0,0.01001001001,0,0.506803864796,-1.24235257575,5,790
576,1,5.32239660221,3.0,10.0,0.01001001001,0,-0.147332654,0.76439456421,5,895
577,1,2.68733665154,1.0,6.0,0.012012012012,0,-0.753870792607,-0.0510509706411,5,364
578,0,12.0902130938,10.0,,0.011011011011,0,2.25617201052,0.321697062273,5,162
579,1,8.58232101671,8.0,9.0,0.01001001001,1,1.54366718934,-1.04868055131,5,842
580,1,-0.37228441149,,1.0,0.00900900900901,0,-1.77371759101,-0.0511316384596,5,52
581,1,0.767555894524,,2.0,0.012012012012,0,-1.39035533129,-0.0613781116054,5,91
582,0,9.04692129745,8.0,,0.00800800800801,0,1.24806325931,0.30273151951,5,357
583,1,-0.893645106787,,1.0,0.00900900900901,0,-1.70813363861,-0.769244190971,5,6
584,1,7.70491370929,7.0,12.0,0.012012012012,0,0.717423732843,0.552642510758,5,745
585,1,1.79981107186,1.0,2.0,0.012012012012,1,-0.9382836612,-0.385337944535,5,77
586,1,5.75662513962,4.0,6.0,0.00800800800801,0,0.410256403682,-0.474144071431,5,548
587,1,8.37111690641,8.0,10.0,0.012012012012,0,1.24480229154,-0.363289968215,5,754
588,1,3.18783987554,2.0,6.0,0.012012012012,0,-0.890104871669,0.858154490551,5,480
589,1,8.5815681122,8.0,9.0,0.00900900900901,1,1.0661360338,0.383160010785,5,883
590,0,8.72112253383,8.0,,0.00800800800801,0,1.19437517178,0.137997018482,5,307
591,1,0.720332562142,,1.0,0.00900900900901,0,-1.43686680178,0.0309329674796,5,150
592,1,0.537861518342,,3.0,0.01001001001,0,-1.23832756328,-0.747155791829,5,116
593,1,5.47255560628,2.0,8.0,0.00900900900901,0,0.344600235806,-0.561245101134,5,646
594,1,7.7237659269,6.0,8.0,0.01001001001,0,0.739910682859,0.504033878325,5,657
595,1,7.35579279322,7.0,8.0,0.00800800800801,1,0.827782039197,-0.127553324369,5,787
596,1,10.7383863494,8.0,11.0,0.014014014014,0,1.8730941621,0.119103863137,5,813
597,0,12.023402551,8.0,,0.00800800800801,0,1.97209932967,1.10710456201,5,773
598,1,5.34810282874,4.0,7.0,0.00900900900901,0,0.188576306217,-0.217626089915,5,661
599,1,4.32219907472,0.0,7.0,0.00900900900901,0,-0.067111631959,-0.476466029406,5,511
600,1,3.72696305703,2.0,5.0,0.011011011011,0,-0.310238552807,-0.342321284546,5,500
601,1,11.1685458328,11.0,12.0,0.013013013013,1,1.95084495084,0.316010980265,5,901
602,1,7.61651352607,7.0,9.0,0.00900900900901,0,0.764964494528,0.321620042489,5,832
603,1,4.88568749814,4.0,5.0,0.00900900900901,1,-0.349350955328,0.93374036412,5,211
604,1,7.73367821888,3.0,8.0,0.00900900900901,0,1.17659217323,-0.796098300817,5,684
605,1,7.72373149651,7.0,10.0,0.01001001001,0,1.03993306291,-0.396067692214,5,890
606,1,-0.893632257296,,0.0,0.01001001001,1,-2.07158730884,0.32112966921,5,4
607,1,2.93840947948,1.0,7.0,0.00800800800801,0,-0.695935584674,0.0262162335007,5,526
608,1,2.57039066862,0.0,3.0,0.01001001001,0,-0.819602074966,0.0291968935149,5,149
609,1,4.72223488283,4.0,8.0,0.00800800800801,0,-0.133154389989,0.1216980528,5,648
610,0,8.71606548429,8.0,,0.01001001001,0,1.08526500417,0.460270471788,5,246
611,1,4.19645179293,0.0,5.0,0.00900900900901,0,-0.356879821735,0.267091258134,5,324
612,1,8.53046266765,8.0,10.0,0.012012012012,0,1.25202305402,-0.225606494423,5,490
613,1,3.66113122694,3.0,7.0,0.01001001001,0,-0.546689397872,0.301199420551,5,716
614,1,3.60211383625,1.0,4.0,0.011011011011,0,-0.373551427194,-0.277231882172,5,396
615,1,-2.46448595882,,0.0,0.00900900900901,1,-2.55628037178,0.204355156533,5,57
616,1,4.19103297875,,7.0,0.011011011011,0,-0.188155466192,-0.244500622675,5,379
617,0,9.39169593363,8.0,,0.00900900900901,0,1.3920627336,0.215507732836,5,530
618,1,3.82702723608,1.0,5.0,0.012012012012,0,-0.533028586833,0.426112996577,5,278
619,1,6.0244909805,6.0,10.0,0.011011011011,0,0.296324025151,0.13551890505,5,843
620,1,4.27820527389,2.0,5.0,0.00900900900901,0,-0.0854699312983,-0.465384932216,5,334
621,1,2.07398861852,1.0,5.0,0.01001001001,0,-0.805902940773,-0.508302559156,5,349
622,1,2.05415974313,1.0,4.0,0.00900900900901,0,-0.859430308783,-0.367549330524,5,340
623,1,5.21887093654,5.0,6.0,0.01001001001,1,0.120326921007,-0.142109826477,5,579
624,1,6.14405862792,6.0,7.0,0.00800800800801,1,0.311512988554,0.209519662258,5,856
625,1,2.59112443254,,5.0,0.01001001001,0,-0.686100974247,-0.350572644717,5,418
626,1,1.25296115099,0.0,6.0,0.00800800800801,0,-1.44955243169,0.601618446067,5,651
627,1,1.55702357144,,4.0,0.012012012012,0,-1.35732693743,0.629004383743,5,224
628,1,3.46843566241,1.0,6.0,0.00900900900901,0,-0.363549026034,-0.440917259491,5,659
629,1,7.71409189387,7.0,8.0,0.00800800800801,1,0.772812096496,0.395655604384,5,757
630,1,8.11558172007,3.0,11.0,0.011011011011,0,1.01362043628,0.07472041124,5,903
631,1,7.53951266915,7.0,8.0,0.01001001001,1,0.694092070997,0.457236456163,5,442
632,1,5.79397004862,,6.0,0.012012012012,0,0.274745533699,-0.0302665524771,5,495
633,1,1.58426829035,1.0,4.0,0.00900900900901,0,-1.2640907328,0.37654048874,5,578
634,1,6.38440035845,5.0,12.0,0.015015015015,0,0.64503078008,-0.550691981787,5,791
635,1,6.89860465733,6.0,7.0,0.01001001001,1,0.632987656358,-0.000358311740295,5,656
636,1,2.32593805897,,3.0,0.00800800800801,0,-0.863333129973,-0.0840625511064,5,199
637,1,5.60459075557,5.0,8.0,0.00800800800801,0,0.280937053284,-0.238220404283,5,821
638,0,9.70096727508,9.0,,0.00900900900901,0,1.3321132949,0.704627390374,5,643
639,1,3.59134240794,2.0,4.0,0.012012012012,0,-0.684387695966,0.644505495842,5,158
640,1,3.90967350744,3.0,4.0,0.011011011011,1,-0.0381900312083,-0.975756398937,5,246
641,1,5.36336576587,1.0,6.0,0.00900900900901,0,0.135156683289,-0.0421042840007,5,450
642,1,4.48495620817,0.0,5.0,0.01001001001,0,-0.0957527844363,-0.227785438524,5,297
643,1,3.01114496505,3.0,5.0,0.00900900900901,0,-0.664832115133,0.00564131044808,5,462
644,1,0.837445185281,0.0,4.0,0.013013013013,0,-1.46208144994,0.223689535109,5,201
645,0,8.90725939444,8.0,,0.00900900900901,0,1.0860479826,0.649115446639,5,377
646,1,3.72810086817,0.0,5.0,0.00900900900901,0,-0.470353005825,0.139159885645,5,308
647,0,11.08540133,8.0,,0.00900900900901,0,2.04442912005,-0.047886030172,5,436
648,1,6.30139545641,6.0,7.0,0.011011011011,1,0.446523939766,-0.0381763628922,5,618
649,0,9.09535884968,9.0,,0.00900900900901,0,1.4077907961,-0.128013538624,5,794
650,1,7.82147031071,2.0,8.0,0.011011011011,0,0.519113840414,1.26412878947,5,683
651,1,5.91769651953,,7.0,0.00800800800801,0,0.524733446767,-0.656503820768,5,673
652,1,1.88723535934,,4.0,0.00800800800801,0,-1.03879813277,0.00362975764644,5,154
653,1,4.50796333939,2.0,6.0,0.011011011011,0,-0.40000763949,0.707986257856,5,486
654,1,7.84237634281,4.0,8.0,0.012012012012,0,1.39342756515,-1.33790635262,5,305
655,1,8.10229065427,6.0,10.0,0.012012012012,0,1.07557387284,-0.124430964254,5,742
656,1,5.4262991472,5.0,8.0,0.00900900900901,0,0.104473167034,0.112879646101,5,632
657,1,-0.451041088145,,0.0,0.011011011011,1,-1.86524558648,0.144695671309,5,14
658,1,8.28770520177,8.0,9.0,0.01001001001,1,1.09021382036,0.0170637406813,5,866
659,1,7.14769104349,,8.0,0.01001001001,0,0.348568798881,1.10198464684,5,806
660,0,9.7894220445,9.0,,0.01001001001,0,1.54058270432,0.167673931555,5,274
661,1,2.08969294717,1.0,3.0,0.00900900900901,0,-0.754838361109,-0.645791969498,5,369
662,1,8.33477557525,8.0,10.0,0.011011011011,0,0.883817135954,0.683324167392,5,908
663,1,6.39266045741,5.0,7.0,0.01001001001,0,0.171583841481,0.877908932966,5,636
664,1,2.69766485722,2.0,3.0,0.01001001001,1,-0.560017102488,-0.622283835312,5,461
665,1,3.12944564265,1.0,7.0,0.01001001001,0,-0.357875956028,-0.79692648927,5,778
666,1,5.3250829053,4.0,6.0,0.00900900900901,0,0.152862825991,-0.13350557267,5,535
667,1,0.863335736162,,4.0,0.011011011011,0,-1.34157994025,-0.111924443103,5,272
668,1,7.51357991972,7.0,8.0,0.00800800800801,1,0.747785504697,0.270223405633,5,899
669,0,8.17503532768,8.0,,0.00800800800801,0,0.890413230625,0.50379563581,5,592
670,1,5.23755094329,2.0,6.0,0.00800800800801,0,0.148942222081,-0.209275722951,5,397
671,1,3.81017423637,3.0,5.0,0.00900900900901,0,-0.443322662339,0.140142223391,5,724
672,1,-3.3156542504,,7.0,0.00800800800801,0,-2.73541373118,-0.109413056862,5,337
673,1,3.36314645919,3.0,7.0,0.012012012012,0,-0.436061937075,-0.328667729582,5,427
674,1,7.1289562207,7.0,8.0,0.00800800800801,1,0.489604701072,0.660142117489,5,884
675,1,6.53844974134,6.0,7.0,0.00900900900901,1,0.525859409405,-0.0391284868795,5,827
676,1,3.7712134319,2.0,7.0,0.012012012012,0,-0.86566794249,1.36821725937,5,613
677,0,9.12748272683,9.0,,0.00900900900901,0,1.21292115613,0.488719258433,5,28
678,1,5.94567518937,2.0,10.0,0.012012012012,0,0.177398271735,0.413480374161,5,447
679,0,10.6193308088,9.0,,0.011011011011,0,1.72556414346,0.442638378437,5,918
680,1,5.5364913555,4.0,8.0,0.00900900900901,0,0.249366601775,-0.211608449824,5,482
681,1,8.4991495399,8.0,10.0,0.011011011011,0,1.07117879232,0.285613162928,5,891
682,1,5.88647984696,4.0,6.0,0.00900900900901,0,0.0264612546474,0.807096083021,5,474
683,1,2.03864344945,2.0,4.0,0.00900900900901,0,-1.12105093982,0.401796268903,5,65
684,1,7.475112022,6.0,9.0,0.00900900900901,0,0.639196256193,0.557523253426,5,885
685,1,6.6410592755,5.0,11.0,0.011011011011,0,0.626113096796,-0.237280014884,5,836
686,0,8.27824617494,8.0,,0.00800800800801,0,1.03921469927,0.160602077133,5,659
687,1,5.97463013212,2.0,7.0,0.00800800800801,0,0.601283797572,-0.829221260591,5,758
688,1,6.78145727831,6.0,7.0,0.00900900900901,1,0.374677991037,0.657423305198,5,868
689,0,11.3928200256,10.0,,0.01001001001,0,2.1116926236,0.0577421547591,5,868
690,1,3.33788518291,3.0,6.0,0.01001001001,0,-0.493527047644,-0.181533674155,5,328
691,1,6.56305108309,6.0,9.0,0.00900900900901,0,0.42598835832,0.285086008127,5,894
692,1,4.72831196541,3.0,7.0,0.01001001001,0,-0.121327214499,0.0922936089093,5,721
693,0,9.69522191302,8.0,,0.00800800800801,0,1.72709177402,-0.486053409037,5,417
694,0,11.0728045545,10.0,,0.013013013013,0,2.08145706924,-0.17156665322,5,488
695,1,4.34740218424,4.0,6.0,0.01001001001,0,-0.0946305053444,-0.368706299725,5,233
696,1,5.72411871834,,7.0,0.00900900900901,0,0.445491413405,-0.612355521877,5,520
697,1,0.0174068640743,,4.0,0.00800800800801,0,-1.38381606272,-0.831144947755,5,284
698,1,-3.06402074992,,0.0,0.01001001001,1,-2.53876169563,-0.44773566303,5,8
699,1,5.10291206084,4.0,9.0,0.00900900900901,0,-0.0557890794454,0.270279299174,5,879
700,1,5.30606718838,1.0,7.0,0.01001001001,0,0.14880096386,-0.1403357032,5,766
701,1,4.83963427035,4.0,5.0,0.00800800800801,1,0.079125682543,-0.397742777275,5,437
702,1,7.62202336363,7.0,8.0,0.00800800800801,1,1.12461927856,-0.751834472033,5,900
703,1,4.10853599019,2.0,9.0,0.00900900900901,0,-0.140516905011,-0.469913294774,5,566
704,1,1.46511722777,1.0,4.0,0.00900900900901,0,-1.13219820488,-0.138288157596,5,240
705,1,1.83141325041,1.0,6.0,0.01001001001,0,-1.03221837008,-0.0719316393524,5,372
706,1,5.82095428763,,8.0,0.00900900900901,0,0.342667444234,-0.207048045076,5,571
707,1,2.48201351249,0.0,4.0,0.011011011011,0,-0.898995155592,0.178998979266,5,92
708,0,8.82479741077,5.0,,0.00800800800801,0,1.16390569932,0.33308031281,5,163
709,1,2.41327556042,2.0,7.0,0.011011011011,0,-0.662830710292,-0.598232308703,5,607
710,1,4.78649931985,4.0,6.0,0.01001001001,0,0.148332667911,-0.658498683878,5,436
711,1,5.23795680976,5.0,7.0,0.00900900900901,0,-0.16589617055,0.735645321406,5,811
712,1,2.6195061453,1.0,3.0,0.00900900900901,0,-0.815089500166,0.0647746458019,5,139
713,1,2.45426261696,,8.0,0.01001001001,0,-0.617591149367,-0.692963934942,5,695
714,1,2.57850451783,,5.0,0.01001001001,0,-0.941062092774,0.401690796153,5,350
715,1,3.98522940062,1.0,7.0,0.01001001001,0,-0.457065124632,0.356424774518,5,658
716,1,2.91606227756,0.0,4.0,0.00900900900901,0,-0.699576149791,0.0147907269297,5,129
717,1,2.92852137093,2.0,7.0,0.00900900900901,0,-0.643561408457,-0.140794403701,5,681
718,1,4.71520673912,4.0,9.0,0.00900900900901,0,0.21312808546,-0.924177517259,5,763
719,1,7.25432651274,7.0,8.0,0.00900900900901,1,0.873754307119,-0.366936408618,5,470
720,1,5.01357223987,2.0,6.0,0.00900900900901,0,0.211541100917,-0.62105106288,5,332
721,1,4.67886982252,2.0,6.0,0.00900900900901,0,-0.0435143926602,-0.190586999496,5,670
722,1,3.17566875022,3.0,5.0,0.00900900900901,0,-0.618340702642,0.0306908581515,5,448
723,1,8.15827460781,7.0,9.0,0.012012012012,0,1.18448869428,-0.395191475021,5,609
724,1,0.945040037826,0.0,1.0,0.00900900900901,1,-1.2667542649,-0.254697167481,5,53
725,1,5.07657782202,2.0,6.0,0.00800800800801,0,0.019418313414,0.0183228817815,5,546
726,1,5.55709834703,,6.0,0.01001001001,0,0.388630951253,-0.608794506734,5,311
727,1,-1.12526140477,,1.0,0.011011011011,0,-1.71786587104,-0.971663791654,5,28
728,1,4.45943389621,4.0,6.0,0.00800800800801,0,-0.30672704751,0.379615038736,5,527
729,1,4.52470794971,0.0,7.0,0.011011011011,0,0.00980927978096,-0.504719889634,5,777
730,1,5.82976857092,5.0,7.0,0.011011011011,0,0.0942449210744,0.547033807697,5,687
731,1,4.01677136264,3.0,7.0,0.00900900900901,0,-0.096548201977,-0.693584031428,5,574
732,1,-1.13029033547,,0.0,0.00800800800801,1,-1.68380700157,-1.07886933077,5,9
733,1,2.17184797068,1.0,3.0,0.00900900900901,0,-0.840910445999,-0.305420691323,5,467
734,1,5.59347536072,4.0,6.0,0.00800800800801,0,0.512563519515,-0.944215197827,5,605
735,1,7.08148386731,7.0,9.0,0.011011011011,0,0.462534140701,0.693881445206,5,747
736,1,2.02424584463,2.0,6.0,0.00800800800801,0,-0.963243605832,-0.0860233378784,5,720
737,1,4.38500734251,1.0,6.0,0.01001001001,0,-0.375705867449,0.512124944854,5,478
738,1,7.39078882451,5.0,8.0,0.014014014014,0,0.866984215485,-0.21016382195,5,693
739,1,3.37162477659,1.0,5.0,0.00900900900901,0,-0.819939649774,0.831443725908,5,342
740,1,3.17364473326,3.0,7.0,0.00800800800801,0,-0.638744505693,0.0898782503352,5,765
741,1,2.96212410282,0.0,5.0,0.00900900900901,0,-0.713618729658,0.102980291793,5,234
742,0,9.228904956,9.0,,0.00900900900901,0,1.35034946462,0.17785656213,5,839
743,0,8.60787479135,8.0,,0.00900900900901,0,0.980960695687,0.664992704289,5,365
744,1,8.9902768533,8.0,10.0,0.01001001001,0,1.08688926571,0.729609056176,5,817
745,1,1.42490802458,,2.0,0.00900900900901,0,-1.28861434557,0.290751061282,5,112
746,1,4.3014788389,2.0,6.0,0.00900900900901,0,-0.366188964333,0.400045731893,5,662
747,1,2.43720259658,,4.0,0.00800800800801,0,-0.905842712349,0.154730733631,5,208
748,1,6.56097716091,6.0,9.0,0.01001001001,0,0.17502951969,1.03588860184,5,850
749,1,5.5433080967,5.0,6.0,0.00900900900901,1,0.444983657544,-0.79164287593,5,530
750,1,5.26207295253,,8.0,0.00900900900901,0,-0.0957762931621,0.549401832017,5,702
751,0,12.2106251067,8.0,,0.00900900900901,0,2.51024878936,-0.320121261419,5,716
752,1,1.26024993064,1.0,6.0,0.00900900900901,0,-1.34657830827,0.299984855454,5,650
753,1,1.59679632293,,2.0,0.00900900900901,0,-1.20886654447,0.223395956356,5,319
754,1,6.83164978285,1.0,8.0,0.01001001001,0,0.139932326685,1.41185280279,5,600
755,1,3.62772972812,2.0,5.0,0.00900900900901,0,-0.708190637995,0.752301642111,5,711
756,1,8.24413209829,8.0,9.0,0.00900900900901,1,0.770707764048,0.932008806148,5,887
757,1,6.21057054538,1.0,7.0,0.00900900900901,0,0.250088742449,0.460304318031,5,732
758,1,3.94646668119,,6.0,0.011011011011,0,-0.617090836017,0.797739189244,5,294
759,1,2.1853795428,1.0,5.0,0.00800800800801,0,-1.02883034457,0.271870576511,5,666
760,1,7.92184691111,6.0,8.0,0.00800800800801,0,1.0529614818,-0.237037534307,5,864
761,1,7.31426294994,6.0,8.0,0.00800800800801,0,0.855450883629,-0.252089700947,5,604
762,1,5.07492959294,5.0,6.0,0.00800800800801,1,0.163273720489,-0.414891568525,5,910
763,1,6.08294547867,5.0,7.0,0.00900900900901,0,0.442317626194,-0.244007399906,5,682
764,0,8.67778581909,8.0,,0.00800800800801,0,1.08883514087,0.411280396485,5,212
765,1,7.26321045124,6.0,8.0,0.00800800800801,0,0.588894980958,0.496525508363,5,870
766,0,9.38381292595,8.0,,0.00900900900901,0,1.34284692827,0.355272141128,5,757
767,0,9.51296708513,8.0,,0.00800800800801,0,1.31724246343,0.561239694838,5,732
768,1,8.18102959441,2.0,10.0,0.01001001001,0,1.17242733987,-0.336252425198,5,848
769,1,4.9150810204,1.0,8.0,0.012012012012,0,-0.0795435729407,0.153711739222,5,488
770,0,11.1457829578,8.0,,0.00800800800801,0,2.15846503217,-0.329612138746,5,15
771,1,2.09689637397,2.0,5.0,0.00800800800801,0,-0.951143683153,-0.0496725765713,5,390
772,1,1.25543431875,,5.0,0.00900900900901,0,-1.34299325938,0.284414096887,5,598
773,1,5.18833959876,2.0,8.0,0.01001001001,0,0.313869189419,-0.753267969497,5,731
774,1,5.18643785725,1.0,6.0,0.00800800800801,0,0.275468389668,-0.639967311755,5,533
775,1,5.53891329966,4.0,6.0,0.01001001001,0,-0.0212793963346,0.602751488661,5,644
776,1,1.96379683369,0.0,2.0,0.011011011011,0,-1.02023521186,0.0245024692712,5,121
777,1,7.62805891202,5.0,8.0,0.00900900900901,0,0.877608737275,-0.00476729980427,5,729
778,1,-0.720859092686,,1.0,0.00900900900901,0,-1.74718613302,-0.479300693626,5,39
779,1,3.77633885446,0.0,8.0,0.01001001001,0,-0.43869123101,0.0924125474945,5,762
780,1,3.30105983021,3.0,5.0,0.00800800800801,0,-0.444578050481,-0.365206018345,5,394
781,1,5.63329664248,5.0,6.0,0.00900900900901,1,0.281301417694,-0.210607610603,5,446
782,0,9.7091628834,9.0,,0.01001001001,0,1.4601943869,0.328579722693,5,608
783,1,8.27426432749,8.0,9.0,0.00900900900901,1,1.14305632741,-0.154904654736,5,874
784,1,0.401487009702,,2.0,0.00900900900901,0,-1.58852924967,0.167074758708,5,157
785,1,8.75941205135,8.0,9.0,0.00900900900901,1,1.24799515982,0.0154265718822,5,686
786,1,6.09782019085,5.0,7.0,0.00800800800801,0,0.296403060134,0.208611010449,5,703
787,0,9.91523849704,8.0,,0.00800800800801,0,1.75742994296,-0.357051331843,5,863
788,1,6.8442818278,6.0,8.0,0.00800800800801,0,0.757332662091,-0.427716158471,5,812
789,1,7.37373419695,7.0,9.0,0.00900900900901,0,0.73536372473,0.167643022757,5,839
790,1,5.74683908083,4.0,8.0,0.00800800800801,0,0.0808375468677,0.504326440226,5,767
791,0,9.10998381068,8.0,,0.00800800800801,0,1.58113779253,-0.633429566912,5,403
792,1,5.92161374878,5.0,6.0,0.00800800800801,1,0.268225934594,0.116935945,5,614
793,1,5.16573145808,4.0,8.0,0.00800800800801,0,0.106765734324,-0.154565744889,5,872
794,1,5.89601408091,4.0,6.0,0.00900900900901,0,0.215771862281,0.248698494072,5,597
795,1,5.14844808201,5.0,6.0,0.00900900900901,1,-0.238929662023,0.865237068085,5,483
796,1,6.4690874259,6.0,8.0,0.00800800800801,0,0.631899916469,-0.426612323505,5,851
797,1,4.43803835544,4.0,8.0,0.00800800800801,0,-0.261491608441,0.222513180765,5,771
798,0,10.3373894978,10.0,,0.01001001001,0,1.89659768253,-0.352403549773,5,595
799,1,-0.198091253295,,2.0,0.00800800800801,0,-2.05753104568,0.974501883755,5,64
800,1,5.40278568051,2.0,6.0,0.00800800800801,0,-0.00501580128774,0.417833084374,5,555
801,1,0.914811448168,,1.0,0.012012012012,0,-1.48987233158,0.384428442921,5,62
802,1,4.2846556175,4.0,8.0,0.00900900900901,0,-0.306782798457,0.205004012873,5,725
803,0,8.39207555229,8.0,,0.00800800800801,0,0.884090509726,0.739804023111,5,899
804,1,3.57854965596,2.0,4.0,0.00900900900901,0,-0.33085224489,-0.428893609372,5,163
805,1,5.30598905527,5.0,6.0,0.00800800800801,1,0.240002563087,-0.41401863399,5,381
806,1,3.59823811413,,5.0,0.00800800800801,0,-0.533439100995,0.198555417114,5,339
807,1,8.547853226,8.0,9.0,0.012012012012,1,1.10371229259,0.236716348212,5,892
808,1,5.01741345165,4.0,6.0,0.01001001001,0,0.162481535429,-0.470031154635,5,698
809,1,7.29482696383,4.0,8.0,0.00800800800801,0,0.876316082183,-0.334121282718,5,591
810,1,3.28174996706,2.0,7.0,0.00900900900901,0,-0.498057470615,-0.224077621096,5,522
811,1,-4.93386515435,,2.0,0.01001001001,0,-3.41648398983,0.315586815148,5,123
812,1,3.93558489616,1.0,8.0,0.00800800800801,0,-0.330154546709,-0.0739514637076,5,667
813,1,1.84296010249,1.0,4.0,0.00800800800801,0,-0.926480984969,-0.377596942608,5,444
814,1,0.853584280721,,1.0,0.01001001001,0,-1.35294443918,-0.0875824017454,5,37
815,1,2.74934441796,2.0,5.0,0.00900900900901,0,-0.503186709889,-0.741095452374,5,753
816,1,2.21317065038,2.0,5.0,0.00900900900901,0,-1.20363047137,0.824062064481,5,103
817,1,3.62616904586,2.0,4.0,0.00800800800801,0,-0.361290990573,-0.289957982421,5,252
818,1,3.86681095124,3.0,5.0,0.00800800800801,0,-0.407836510847,0.0903204837807,5,267
819,1,5.26757245995,4.0,6.0,0.00900900900901,0,0.233221856998,-0.432093111045,5,499
820,1,1.41591733815,1.0,3.0,0.011011011011,0,-1.01522470627,-0.538408543038,5,189
821,1,6.73979280294,4.0,8.0,0.00900900900901,0,0.506848529099,0.219247215642,5,570
822,1,1.5836019028,0.0,3.0,0.00800800800801,0,-1.16383552311,0.0751084721294,5,280
823,1,4.51442537569,4.0,9.0,0.00900900900901,0,0.128465732611,-0.870971822145,5,639
824,0,9.27310008043,8.0,,0.00800800800801,0,1.41685002453,0.0225500068339,5,636
825,1,1.66941970271,1.0,5.0,0.01001001001,0,-0.901805055561,-0.625165130605,5,608
826,1,4.60481312697,1.0,6.0,0.00900900900901,0,-0.416088135291,0.853077532843,5,517
827,0,8.24370105548,7.0,,0.00800800800801,0,0.996764656335,0.253407086477,5,688
828,1,6.81907736364,6.0,7.0,0.00800800800801,1,0.449985185738,0.469121806426,5,541
829,1,8.16528934745,8.0,9.0,0.00900900900901,1,0.998632483182,0.169391897901,5,826
830,1,7.80219042044,,8.0,0.00800800800801,0,0.837897765695,0.288497123354,5,593
831,1,7.92892578241,4.0,8.0,0.00800800800801,0,0.993626056931,-0.0519523883879,5,780
832,1,4.3837793083,2.0,5.0,0.00800800800801,0,-0.389425461587,0.552055693064,5,626
833,1,4.44686911722,2.0,6.0,0.00800800800801,0,-0.315173623968,0.392389989128,5,398
834,0,9.48105623806,7.0,,0.00800800800801,0,1.47100714715,0.0680347966007,5,804
835,1,5.54093864521,5.0,7.0,0.00800800800801,0,0.0632381171096,0.351224293882,5,854
836,0,13.7366115721,9.0,,0.01001001001,0,2.8952548023,0.050847165176,5,475
837,1,3.82915525958,2.0,9.0,0.00900900900901,0,-0.116382047792,-0.821698597046,5,734
838,1,6.12770989745,5.0,7.0,0.01001001001,0,0.244972327758,0.392792914174,5,635
839,1,3.78943410837,2.0,8.0,0.00800800800801,0,-0.545617926257,0.426287887142,5,733
840,1,1.31737255069,0.0,3.0,0.00900900900901,0,-1.33878760887,0.333735377299,5,133
841,1,-1.85351553964,,0.0,0.00800800800801,1,-2.12117028462,-0.490004685788,5,7
842,1,1.64207440813,1.0,4.0,0.00800800800801,0,-1.0802323384,-0.117228576671,5,464
843,1,7.87892288905,5.0,8.0,0.01001001001,0,1.04017408912,-0.241599378297,5,837
844,1,3.40151921726,3.0,4.0,0.00800800800801,1,-0.577617561966,0.134371903159,5,484
845,1,1.94334551745,1.0,2.0,0.00900900900901,1,-0.962480614922,-0.169212637782,5,430
846,1,5.45621890177,3.0,7.0,0.01001001001,0,0.207252671007,-0.165539111252,5,550
847,1,4.58355687321,1.0,6.0,0.00900900900901,0,-0.0125661259902,-0.378744748818,5,473
848,1,4.5709975287,4.0,5.0,0.00800800800801,1,-0.317884544086,0.524651160954,5,723
849,0,10.7176214669,9.0,,0.01001001001,0,1.96326032503,-0.172159508226,5,727
850,0,9.4480777078,8.0,,0.00800800800801,0,1.64374597435,-0.483160215239,5,43
851,0,7.44525386153,6.0,,0.00900900900901,0,0.974632671226,-0.478644152144,5,102
852,1,6.26903420066,4.0,7.0,0.00800800800801,0,0.638392273055,-0.646142618508,5,814
853,1,0.510086116946,,1.0,0.00900900900901,0,-1.41422477937,-0.247239544947,5,202
854,0,12.157974877,8.0,,0.00800800800801,0,2.27850981419,0.322445434455,5,492
855,1,6.30693763041,5.0,7.0,0.00800800800801,0,0.587201625605,-0.454667246406,5,823
856,1,5.58167558521,2.0,7.0,0.00800800800801,0,0.178514800022,0.0461311851437,5,789
857,0,10.0073062499,7.0,,0.01001001001,0,1.65972878115,0.0281199064802,5,731
858,1,5.26817349914,5.0,10.0,0.011011011011,0,-0.132229172269,0.664861015947,5,835
859,1,4.0364081253,0.0,6.0,0.00800800800801,0,-0.268695603044,-0.157505065565,5,764
860,1,-0.722502816603,,0.0,0.00900900900901,1,-1.92624527464,0.056233007322,5,19
861,0,8.96449976755,6.0,,0.00800800800801,0,1.27126067936,0.150717729459,5,559
862,1,3.65289253146,1.0,4.0,0.00800800800801,0,-0.52045448377,0.214255982771,5,310
863,1,5.91440138822,5.0,7.0,0.00800800800801,0,0.0390249212663,0.797326624421,5,630
864,0,9.17367595359,8.0,,0.00800800800801,0,1.11292256099,0.834908270619,5,697
865,1,2.70580578857,,3.0,0.011011011011,0,-0.842110994628,0.232138772449,5,262
866,1,5.2418219337,5.0,9.0,0.011011011011,0,0.200495480443,-0.359664507628,5,676
867,1,2.949307504,1.0,4.0,0.00800800800801,0,-0.644100445716,-0.118391158848,5,348
868,1,3.86785449252,0.0,6.0,0.00800800800801,0,-0.350920017158,-0.0793854560024,5,365
869,0,9.78506910069,8.0,,0.00800800800801,0,1.5257125028,0.20793159229,5,888
870,1,3.4225288811,2.0,4.0,0.01001001001,0,-0.465845282691,-0.179935270827,5,300
871,1,2.66289966949,2.0,6.0,0.00900900900901,0,-0.484810535007,-0.882668725491,5,774
872,1,4.81217296189,3.0,8.0,0.01001001001,0,0.0537215962445,-0.348991826846,5,432
873,1,7.2434982403,5.0,8.0,0.00800800800801,0,0.531709705493,0.648369123821,5,545
874,0,7.16206542504,7.0,,0.00800800800801,0,0.360281638814,1.0812205086,5,876
875,1,4.47472471875,0.0,5.0,0.00800800800801,0,-0.141948798864,-0.0994288846546,5,816
876,1,5.85064559824,0.0,7.0,0.01001001001,0,0.0935195522745,0.570086941416,5,264
877,0,8.73242868179,8.0,,0.00800800800801,0,1.27190049105,-0.0832727913537,5,678
878,1,2.98408257641,2.0,6.0,0.00800800800801,0,-0.434284871971,-0.713062807681,5,259
879,0,9.58282600732,7.0,,0.00800800800801,0,1.36602400911,0.484753979978,5,801
880,1,6.36217708307,6.0,7.0,0.00800800800801,1,0.490275111212,-0.108648250565,5,865
881,1,1.76255755417,0.0,7.0,0.00800800800801,0,-0.90130849007,-0.533516975619,5,634
882,0,11.3166065757,7.0,,0.00800800800801,0,1.90928480796,0.588752151797,5,823
883,1,3.03619849496,3.0,8.0,0.00900900900901,0,-0.330927357137,-0.971019433626,5,802
884,1,1.41563995906,,3.0,0.00900900900901,0,-0.748507910202,-1.33883631033,5,108
885,0,8.57171263424,8.0,,0.00800800800801,0,0.886670675969,0.911700606337,5,862
886,1,5.54499389203,5.0,6.0,0.00800800800801,1,-0.0909111295045,0.817727280543,5,660
887,0,8.14848011128,8.0,,0.00900900900901,0,0.953914161376,0.286737627155,5,663
888,1,3.80209651458,1.0,4.0,0.00900900900901,0,-0.341880471792,-0.172262070049,5,298
889,1,6.85332079773,2.0,7.0,0.00800800800801,0,0.865050557367,-0.741830874373,5,347
890,1,4.32217045003,2.0,6.0,0.00900900900901,0,-0.464380169567,0.715310958731,5,523
891,1,6.32181234479,6.0,8.0,0.00800800800801,0,0.560208029379,-0.358811743352,5,736
892,0,14.0463534538,7.0,,0.00900900900901,0,3.01299576985,0.00736614426402,5,913
893,1,6.30751451543,4.0,7.0,0.00800800800801,0,0.441214489428,-0.0161289528559,5,779
894,1,5.97606967916,2.0,6.0,0.00900900900901,0,0.427540213339,-0.306550960862,5,727
895,1,-1.14273354933,,0.0,0.00800800800801,1,-2.08931279795,0.125204844528,5,10
896,0,8.40777160817,8.0,,0.00800800800801,0,0.938996974785,0.590780683814,5,714
897,1,5.29990692891,,8.0,0.01001001001,0,0.202067561049,-0.306295754236,5,713
898,1,3.61175024395,,5.0,0.00800800800801,0,-0.653240129512,0.571470632489,5,198
899,1,4.42564502758,2.0,7.0,0.00900900900901,0,-0.451588842508,0.780411555106,5,479
900,1,5.3766501351,5.0,8.0,0.00900900900901,0,0.137423784117,-0.0356212172515,5,704
901,0,8.48835227534,7.0,,0.00800800800801,0,0.994742263509,0.50412548481,5,710
902,1,2.18274438071,0.0,3.0,0.00800800800801,0,-0.915999469888,-0.0692572096292,5,410
903,0,9.43358602545,7.0,,0.00800800800801,0,1.35729393962,0.361704206606,5,25
904,1,4.44377744391,3.0,6.0,0.00800800800801,0,0.0934833983593,-0.836672751173,5,466
905,1,1.13738613258,1.0,2.0,0.01001001001,1,-1.57861983407,0.873245634791,5,153
906,1,6.83051351175,4.0,7.0,0.00900900900901,0,0.54152786421,0.205929919121,5,388
907,1,3.99981949844,0.0,4.0,0.00800800800801,0,-0.471094504744,0.413103012674,5,336
908,1,4.02936680724,3.0,7.0,0.00800800800801,0,-0.258528542007,-0.195047566743,5,785
909,1,6.79350867532,6.0,7.0,0.00800800800801,1,0.548519344604,0.147950641508,5,897
910,0,11.9806295741,8.0,,0.00800800800801,0,2.14876809258,0.534325296343,5,688
911,0,9.74113196543,8.0,,0.00900900900901,0,1.77625354851,-0.587628680107,5,56
912,1,0.944298796276,,1.0,0.00800800800801,0,-1.26632354941,-0.256730555493,5,17
913,1,5.82675231533,5.0,6.0,0.00800800800801,1,0.370863848078,-0.285839228901,5,792
914,0,9.74076161715,8.0,,0.01001001001,0,1.51017874618,0.210225378627,5,472
915,0,11.0349389021,8.0,,0.00900900900901,0,1.92347300692,0.264519881381,5,193
916,1,5.98285292203,5.0,7.0,0.00900900900901,0,0.34389928768,-0.0488449410049,5,809
917,1,-0.467626928483,,0.0,0.00800800800801,1,-1.69896904946,-0.370719780089,5,2
918,0,12.5107931742,8.0,,0.00800800800801,0,2.043928984,1.37900622223,5,867
919,1,2.14944583246,2.0,3.0,0.00800800800801,1,-0.70278691768,-0.742193414496,5,185
920,1,8.75976279706,8.0,9.0,0.00900900900901,1,1.12183339837,0.394262601947,5,876
921,0,7.19913844391,7.0,,0.00800800800801,0,0.373925503216,1.07736193427,5,847
922,0,8.80819642554,8.0,,0.00800800800801,0,1.26088039981,0.025555226121,5,23
923,1,7.04148261661,4.0,8.0,0.00900900900901,0,0.504961778662,0.526597280627,5,772
924,1,7.35056368267,7.0,8.0,0.00900900900901,1,0.856815185857,-0.219881874906,5,898
925,1,0.823164614565,,1.0,0.00800800800801,0,-1.10124406633,-0.873103186458,5,99
926,0,7.02157593704,7.0,,0.00800800800801,0,0.716269195806,-0.127231650376,5,426
927,1,7.35272674985,4.0,8.0,0.00800800800801,0,0.603160467737,0.543245346638,5,829
928,0,9.04881213708,7.0,,0.00800800800801,0,1.24485253476,0.314254532803,5,473
929,1,-3.86512493276,,4.0,0.01001001001,0,-2.68573795724,-0.807911061039,5,193
930,1,5.63096762214,2.0,6.0,0.00800800800801,0,0.0124560338635,0.593599520554,5,620
931,1,3.5737362227,1.0,4.0,0.00800800800801,0,-0.565090118486,0.269006578158,5,181
932,0,9.09775915983,8.0,,0.00800800800801,0,1.30385737603,0.186187031736,5,28
933,1,5.49237579224,0.0,7.0,0.00800800800801,0,0.0538843261958,0.330722813655,5,374
934,1,4.94402995362,2.0,6.0,0.00800800800801,0,-0.293474749003,0.824454200624,5,628
935,1,6.44931463048,6.0,7.0,0.00800800800801,1,0.416385586896,0.200157869796,5,855
936,1,3.23822851923,2.0,4.0,0.00800800800801,0,-0.585493613386,-0.00529064061417,5,177
937,1,0.562221419896,,3.0,0.00800800800801,0,-1.5267466923,0.142461496792,5,270
938,1,3.56259357668,3.0,4.0,0.00800800800801,1,-0.452668772433,-0.0794001060203,5,582
939,1,7.02552195306,7.0,8.0,0.00800800800801,1,0.749859808966,-0.224057473842,5,902
940,0,7.9126555641,6.0,,0.00800800800801,0,1.17454091563,-0.610967182778,5,234
941,1,4.5435531146,1.0,7.0,0.00900900900901,0,-0.142368127512,-0.0293425028627,5,411
942,1,1.79168701721,,3.0,0.00800800800801,0,-1.11972903264,0.150874115139,5,55
943,0,10.1725487427,8.0,,0.00800800800801,0,1.82221264237,-0.294089184408,5,238
944,1,0.55592341096,0.0,1.0,0.00800800800801,1,-1.63250000697,0.453423431859,5,60
945,1,-1.20671975466,,0.0,0.00900900900901,1,-2.09042874424,0.0645664780431,5,13
946,0,8.26431099868,8.0,,0.00800800800801,0,1.10932866668,-0.0636750013495,5,933
947,1,-0.579403241538,,0.0,0.00800800800801,1,-1.80310560446,-0.170086428163,5,95
948,1,7.94368144514,5.0,8.0,0.01001001001,0,0.946667668287,0.103678440276,5,737
949,1,1.49406060178,,2.0,0.00800800800801,0,-0.848473693151,-0.960518318767,5,136
950,1,6.12449347157,4.0,7.0,0.00800800800801,0,0.434298618964,-0.178402385325,5,738
951,0,8.76933764119,8.0,,0.00800800800801,0,0.9919811909,0.793394068489,5,22
952,1,0.206516492391,,1.0,0.00800800800801,0,-1.40316269631,-0.583995418686,5,59
953,1,4.56761977299,0.0,5.0,0.00800800800801,0,-0.0155570438074,-0.385709095583,5,655
954,1,7.62174006086,5.0,8.0,0.00800800800801,0,0.735653943851,0.414778229306,5,685
955,1,2.09142852885,1.0,3.0,0.00800800800801,0,-1.00119860074,0.0950243310691,5,98
956,1,5.48085063831,4.0,7.0,0.00800800800801,0,-0.0994417743333,0.779175961307,5,640
957,1,2.8664200195,0.0,3.0,0.00800800800801,0,-0.450484567571,-0.782126277784,5,399
958,1,6.27003834584,5.0,7.0,0.00800800800801,0,0.130819919511,0.877578587309,5,611
959,1,3.07020122236,3.0,7.0,0.00800800800801,0,-0.607884805164,-0.106144362143,5,815
960,1,6.33638958473,6.0,9.0,0.00900900900901,0,0.490274354067,-0.134433477466,5,845
961,1,6.86940505372,3.0,7.0,0.00800800800801,0,0.58623929916,0.110687156245,5,612
962,0,10.7634618114,7.0,,0.00800800800801,0,2.03133368065,-0.330539230511,5,829
963,0,12.2426728818,8.0,,0.00800800800801,0,2.12366703874,0.871671765582,5,241
964,1,4.51073674063,2.0,5.0,0.00800800800801,0,-0.340192107888,0.53131306429,5,674
965,1,5.61931412388,5.0,8.0,0.00800800800801,0,0.180480195027,0.0778735387957,5,756
966,1,6.02377359652,5.0,7.0,0.00800800800801,0,0.328532231107,0.0381769031982,5,726
967,1,3.48164822957,1.0,4.0,0.00800800800801,0,-0.607405954697,0.303866093664,5,194
968,1,2.14015912936,,6.0,0.00800800800801,0,-0.747044667258,-0.618706868868,5,335
969,0,7.6307583194,7.0,,0.00800800800801,0,0.347273217038,1.58893866828,5,18
970,0,8.29388337257,7.0,,0.00800800800801,0,1.27802346,-0.540187007443,5,78
971,1,4.85704014109,4.0,7.0,0.00800800800801,0,0.115078821478,-0.488196323343,5,786
972,1,7.00186973325,7.0,8.0,0.00800800800801,1,0.318192344576,1.04729269952,5,694
973,1,5.35086913244,3.0,7.0,0.00900900900901,0,0.059555551479,0.172202478001,5,867
974,1,3.09162321226,3.0,6.0,0.00800800800801,0,-0.665861254564,0.0892069759461,5,457
975,1,5.40814001311,3.0,7.0,0.00800800800801,0,0.0961637260668,0.119648834906,5,617
976,1,3.1726025986,3.0,8.0,0.00800800800801,0,-0.469070984035,-0.420184449294,5,808
977,1,0.313184930325,,2.0,0.00800800800801,0,-1.46468724036,-0.292753348597,5,58
978,1,2.40455643229,0.0,3.0,0.00800800800801,0,-0.818957958987,-0.138569690746,5,160
979,1,4.48728719545,4.0,5.0,0.00800800800801,1,-0.147427065055,-0.0704316093849,5,783
980,1,3.06576519184,3.0,4.0,0.00900900900901,1,-0.606961977294,-0.113348876279,5,477
981,1,5.60907352999,5.0,6.0,0.00800800800801,1,0.180499903817,0.0675738185371,5,831
982,1,4.64772166043,3.0,5.0,0.00800800800801,0,-0.128757247225,0.0339934021019,5,327
983,1,6.75267644934,4.0,7.0,0.00900900900901,0,0.549354168715,0.1046139432,5,893
984,0,10.0814599127,8.0,,0.00800800800801,0,1.83545715227,-0.424911544081,5,874
985,1,5.2338274639,1.0,6.0,0.00800800800801,0,0.208411766612,-0.391407835935,5,508
986,0,8.7097107944,7.0,,0.00800800800801,0,1.07130232975,0.495803805159,5,653
987,1,4.47690640792,0.0,8.0,0.00800800800801,0,-0.208540135476,0.10252681435,5,793
988,0,8.385312589,7.0,,0.00800800800801,0,0.912313462008,0.64837220298,5,343
989,1,5.8844959801,3.0,6.0,0.00800800800801,0,0.34749877309,-0.158000339171,5,624
990,1,3.59909625807,,7.0,0.00800800800801,0,-0.223629828348,-0.730014256885,5,833
991,1,2.26842696192,2.0,3.0,0.00800800800801,1,-0.769886352856,-0.421913979512,5,203
992,1,2.04810447236,1.0,3.0,0.00800800800801,0,-0.836744688822,-0.441661461174,5,531
993,1,5.14445505503,5.0,6.0,0.00800800800801,1,0.415874799344,-1.103169343,5,454
994,0,8.16372224727,8.0,,0.00800800800801,0,0.651435115972,1.20941689936,5,31
995,0,9.91579568726,7.0,,0.00800800800801,0,1.69712480469,-0.175578726796,5,885
996,1,5.10410908101,1.0,8.0,0.00800800800801,0,-0.208987608728,0.731071907193,5,824
997,1,5.8376904582,2.0,8.0,0.00800800800801,0,0.467651499594,-0.565264040582,5,799
998,1,-1.62355103767,,2.0,0.00800800800801,0,-2.03565324523,-0.516591301987,5,80
999,1,6.98621390014,5.0,7.0,0.00800800800801,0,0.886059174018,-0.671963621912,5,905
