name,activated,threshold,before_activation_alters,after_activation_alters,degree,observed,var1,epsilon,constant,activation_order
0,1,4.9045698436,1.0,58.0,0.103103103103,0,0.154806233868,-0.559848858009,5,467
1,1,8.1813448449,,23.0,0.0560560560561,0,0.914893986193,0.436662886316,5,253
2,1,3.5292902447,2.0,4.0,0.045045045045,0,-0.128199083654,-1.08611250434,5,70
3,1,1.03941590958,,2.0,0.0810810810811,0,-1.4708690977,0.452023202683,5,5
4,1,4.93242407614,4.0,15.0,0.113113113113,0,0.0968702649492,-0.358186718707,5,79
5,1,5.36984215289,2.0,7.0,0.0870870870871,0,0.0571673371262,0.198340141508,5,82
6,1,8.45096042967,1.0,9.0,0.116116116116,0,0.904239308155,0.738242505204,5,62
7,1,2.04681875785,0.0,20.0,0.107107107107,0,-0.99202553313,0.022895357237,5,155
8,1,5.65410610309,,10.0,0.142142142142,0,0.23234708779,-0.0429351602816,5,69
9,1,2.42093378023,,34.0,0.0850850850851,0,-0.862995822264,0.00992124701943,5,320
10,1,6.94303241769,5.0,32.0,0.109109109109,0,0.413095159604,0.703746938883,5,238
11,1,5.0180600204,5.0,9.0,0.0880880880881,0,-0.0640875057603,0.210322537681,5,112
12,1,6.4572995893,5.0,16.0,0.0600600600601,0,0.533685120272,-0.143755771514,5,123
13,1,4.82519167102,,5.0,0.0660660660661,0,-0.144267591993,0.257994446996,5,51
14,1,6.39472326033,4.0,18.0,0.048048048048,0,0.390287605694,0.223860443247,5,314
15,1,1.91549278036,,3.0,0.0530530530531,0,-1.09017572542,0.186019956611,5,40
16,1,6.25328485995,5.0,7.0,0.0790790790791,0,0.4700212694,-0.156778948251,5,67
17,1,7.78850818364,3.0,19.0,0.0670670670671,0,0.76881394922,0.482066335978,5,220
18,1,10.4262178129,5.0,15.0,0.035035035035,0,1.97239695981,-0.490973066578,5,309
19,1,3.94099525153,3.0,7.0,0.04004004004,0,-0.531817386643,0.536447411457,5,142
20,1,2.69409673068,2.0,5.0,0.038038038038,0,-0.930885753145,0.486753990118,5,91
21,1,3.77276915013,,7.0,0.037037037037,0,-0.0986318345756,-0.931335346148,5,92
22,1,2.83472029243,2.0,12.0,0.035035035035,0,-0.516038154396,-0.617165244386,5,241
23,1,0.200564072982,,1.0,0.042042042042,0,-1.70325227454,0.310320896598,5,36
24,1,5.52994965609,4.0,7.0,0.021021021021,0,0.19757077439,-0.0627626670781,5,185
25,1,3.58114692241,0.0,11.0,0.0620620620621,0,-0.494430033997,0.064437024398,5,164
26,1,13.1118613095,11.0,19.0,0.038038038038,0,2.5809771391,0.368929892235,5,322
27,1,7.9139127975,0.0,10.0,0.038038038038,0,1.08624076876,-0.344809508783,5,252
28,1,9.39674951158,9.0,14.0,0.029029029029,0,1.65485455602,-0.567814156485,5,463
29,1,1.64211055184,,5.0,0.00900900900901,0,-0.915679861961,-0.610849862279,5,260
30,1,8.34930486022,7.0,13.0,0.014014014014,0,0.985250450546,0.393553508579,5,648
31,1,4.240193603,3.0,7.0,0.021021021021,0,-0.428825213387,0.526669243156,5,243
32,1,4.53300130863,2.0,7.0,0.034034034034,0,-0.314746790566,0.477241680325,5,94
33,1,-2.7058379349,,0.0,0.028028028028,1,-2.51286399332,-0.167245954944,5,34
34,1,4.9298965777,1.0,5.0,0.041041041041,0,-0.191640872481,0.50481919514,5,81
35,1,7.39309098765,4.0,8.0,0.0630630630631,0,0.688395890366,0.327903316556,5,89
36,1,4.32134789642,2.0,25.0,0.0650650650651,0,-0.14648121765,-0.239208450634,5,341
37,1,6.70005060052,3.0,23.0,0.03003003003,0,0.572450864371,-0.0173019925912,5,584
38,1,4.17651762861,2.0,7.0,0.014014014014,0,-0.202122737577,-0.21711415866,5,294
39,1,4.19962952004,,7.0,0.038038038038,0,-0.277304127646,0.0315419029756,5,84
40,1,9.09243540316,6.0,10.0,0.037037037037,0,1.3027053993,0.184319205263,5,96
41,1,5.99405825623,,11.0,0.0680680680681,0,0.324312881799,0.0211196108312,5,65
42,1,3.93626625218,3.0,7.0,0.034034034034,0,-0.681861975756,0.981852179452,5,162
43,1,4.38791460082,2.0,5.0,0.044044044044,0,0.282023454648,-1.45815576312,5,55
44,1,8.83906320252,2.0,12.0,0.031031031031,0,1.54039412795,-0.782119181345,5,308
45,1,2.94526672155,0.0,5.0,0.034034034034,0,-0.431274856695,-0.760908708367,5,133
46,1,4.19349139605,,17.0,0.033033033033,0,-0.245529105666,-0.0699212869475,5,351
47,1,4.52406985869,1.0,7.0,0.0630630630631,0,-0.434609790868,0.827899231293,5,150
48,1,9.89421833508,8.0,12.0,0.018018018018,0,1.38860139366,0.728414154115,5,560
49,1,8.39030945057,6.0,13.0,0.021021021021,0,1.15512591113,-0.0750682828116,5,478
50,1,3.98558361702,2.0,9.0,0.022022022022,0,-0.415378228146,0.231718301459,5,317
51,1,4.14439533924,3.0,9.0,0.02002002002,0,-0.372765123252,0.262690708991,5,127
52,1,0.812034933834,0.0,2.0,0.02002002002,0,-1.33242239023,-0.190697895472,5,39
53,1,8.50637093372,7.0,13.0,0.03003003003,0,0.991023837105,0.533299422405,5,448
54,1,7.20478103158,4.0,10.0,0.022022022022,0,0.511606173419,0.669962511327,5,364
55,1,12.0381496069,8.0,18.0,0.028028028028,0,2.25854913093,0.262502214106,5,625
56,1,4.11483784055,4.0,6.0,0.025025025025,0,-0.668375983376,1.11996579068,5,214
57,1,4.57784372309,3.0,5.0,0.027027027027,0,-0.363167663817,0.667346714543,5,125
58,1,8.17864970484,2.0,18.0,0.03003003003,0,1.00609836282,0.160354616387,5,506
59,1,7.36502442887,6.0,13.0,0.03003003003,0,0.655682390906,0.397977256153,5,356
60,1,7.52590270921,3.0,9.0,0.017017017017,0,1.13606982216,-0.88230675727,5,408
61,1,3.8583401032,1.0,9.0,0.014014014014,0,-0.390084545582,0.028593739941,5,291
62,1,4.4484695155,4.0,9.0,0.014014014014,0,-0.250615430309,0.200315806425,5,358
63,1,0.317849598626,,3.0,0.02002002002,0,-1.60458760223,0.13161240533,5,75
64,1,2.83749431555,0.0,15.0,0.029029029029,0,-1.03519961917,0.943093173064,5,482
65,1,-2.43726266383,,1.0,0.026026026026,0,-2.5502526501,0.213495286483,5,38
66,1,1.07814096741,0.0,4.0,0.036036036036,0,-1.1914411657,-0.347535535498,5,95
67,1,4.10541759128,4.0,6.0,0.033033033033,0,-0.0834408351538,-0.644259903255,5,129
68,1,6.53055208176,4.0,7.0,0.029029029029,0,0.54365087906,-0.100400555422,5,204
69,1,-2.53478003767,,4.0,0.025025025025,0,-2.41344444301,-0.294446708633,5,64
70,1,3.40966838709,,4.0,0.037037037037,0,-0.574752973301,0.133927306993,5,118
71,1,2.66384095503,,3.0,0.027027027027,0,-0.981515889387,0.608388623195,5,22
72,1,11.2368613428,4.0,17.0,0.028028028028,0,2.10193947502,-0.0689570822754,5,481
73,1,7.26741180509,4.0,9.0,0.018018018018,0,1.06815754722,-0.937060836562,5,333
74,1,1.10659951243,1.0,7.0,0.021021021021,0,-1.47644848173,0.535944957619,5,195
75,1,6.84961752751,4.0,10.0,0.022022022022,0,1.07802820515,-1.38446708794,5,401
76,1,3.26198870721,2.0,4.0,0.03003003003,0,-0.491796643179,-0.26262136325,5,158
77,1,4.87077658691,2.0,9.0,0.027027027027,0,-0.359368105888,0.948880904577,5,184
78,1,1.49217777605,0.0,3.0,0.014014014014,0,-1.31424181053,0.43490320764,5,61
79,1,6.42858756027,2.0,7.0,0.037037037037,0,0.276039817527,0.600468107688,5,117
80,1,5.3703173601,5.0,9.0,0.018018018018,0,-0.00132589333043,0.374295040094,5,490
81,1,2.00754421313,0.0,4.0,0.03003003003,0,-1.01670196653,0.0576501127124,5,59
82,1,7.43306786546,7.0,11.0,0.015015015015,0,0.612168483967,0.596562413561,5,657
83,1,2.3938517244,2.0,8.0,0.022022022022,0,-0.836795574297,-0.0957615527057,5,148
84,1,8.3601108154,7.0,10.0,0.019019019019,0,1.12514681329,-0.0153296244588,5,569
85,1,5.23041310978,2.0,7.0,0.013013013013,0,0.192834306983,-0.348089811167,5,306
86,1,2.75193199429,2.0,3.0,0.022022022022,1,-0.758293818584,0.0268134500401,5,114
87,1,6.38196099264,0.0,8.0,0.018018018018,0,0.637628951149,-0.530925860808,5,228
88,1,8.16154874279,4.0,11.0,0.03003003003,0,1.1025636843,-0.146142310121,5,298
89,1,0.00330829681223,0.0,2.0,0.024024024024,0,-1.80469606275,0.417396485075,5,78
90,1,4.55973583365,0.0,13.0,0.021021021021,0,-0.125032644686,-0.0651662322936,5,357
91,1,3.60231108132,2.0,4.0,0.017017017017,0,-0.525566065333,0.179009277321,5,219
92,1,3.93530911872,3.0,4.0,0.01001001001,1,-0.238448598382,-0.34934508614,5,281
93,1,10.3473895662,10.0,11.0,0.011011011011,1,1.46948237273,0.938942447984,5,724
94,1,6.00610172271,1.0,9.0,0.019019019019,0,0.117007103051,0.655080413561,5,270
95,1,6.94413253404,5.0,11.0,0.015015015015,0,0.856203028027,-0.624476550046,5,650
96,1,2.90335882633,1.0,3.0,0.034034034034,0,-0.500352754458,-0.595582910295,5,147
97,1,1.63645093186,0.0,6.0,0.024024024024,0,-1.22181856812,0.301906636211,5,221
98,1,4.62938700339,1.0,8.0,0.014014014014,0,-0.0842614006158,-0.117828794764,5,232
99,1,1.67237228955,0.0,5.0,0.018018018018,0,-1.10711961223,-0.00626887376537,5,122
100,1,5.4783894134,3.0,7.0,0.022022022022,0,0.244035190751,-0.253716158857,5,178
101,1,5.29582244892,4.0,6.0,0.022022022022,0,0.0830486831073,0.0466763995949,5,377
102,1,1.41037227617,,2.0,0.032032032032,0,-1.50263818133,0.918286820164,5,42
103,1,8.73036253925,6.0,10.0,0.018018018018,0,1.15167606599,0.275334341272,5,222
104,1,2.89579073162,1.0,4.0,0.016016016016,0,-0.648306427319,-0.159289986426,5,106
105,1,7.77108502294,3.0,8.0,0.018018018018,0,1.06201920648,-0.414972596503,5,403
106,1,7.02850318961,5.0,9.0,0.015015015015,0,0.51265596931,0.490535281683,5,420
107,1,4.941546856,2.0,5.0,0.023023023023,0,0.174716412292,-0.582602380881,5,76
108,1,9.24797399669,3.0,13.0,0.018018018018,0,1.76609726252,-1.05031779088,5,380
109,1,10.0252804894,5.0,12.0,0.029029029029,0,1.61811594327,0.170932659642,5,259
110,1,0.888977466179,0.0,3.0,0.011011011011,0,-1.62036331744,0.750067418512,5,284
111,1,4.5587235187,,5.0,0.025025025025,0,-0.403750911245,0.769976252432,5,93
112,1,4.52795341123,4.0,12.0,0.028028028028,0,0.0852991235221,-0.727943959332,5,390
113,1,5.86728576073,4.0,12.0,0.025025025025,0,0.468485335521,-0.538170245837,5,339
114,1,4.55392425557,0.0,7.0,0.017017017017,0,-0.247286139319,0.295782673529,5,393
115,1,3.97855695251,1.0,5.0,0.01001001001,0,-0.163996881291,-0.529452403617,5,210
116,1,3.87801401003,0.0,4.0,0.015015015015,0,-0.331605647643,-0.127169047045,5,163
117,1,-0.260802009776,,1.0,0.013013013013,0,-1.76531209195,0.035134266074,5,10
118,1,4.84265538369,1.0,6.0,0.018018018018,0,-0.443101879379,1.17196102183,5,211
119,1,5.35715218335,3.0,7.0,0.013013013013,0,0.0870031549997,0.096142718349,5,278
120,1,7.57685012256,5.0,8.0,0.021021021021,0,1.12471932298,-0.797307846396,5,206
121,1,2.73939639762,2.0,5.0,0.017017017017,0,-0.555694454127,-0.593520239996,5,119
122,1,0.677963271168,0.0,1.0,0.018018018018,1,-1.46466883934,0.0719697891784,5,52
123,1,6.67248682539,3.0,8.0,0.014014014014,0,0.533530417243,0.0718955736581,5,268
124,1,8.94814753565,7.0,11.0,0.017017017017,0,1.42109002468,-0.315122538401,5,578
125,0,6.22765170788,6.0,,0.00600600600601,0,0.349882690817,0.17800363543,5,577
126,1,4.58955849058,4.0,7.0,0.013013013013,0,-0.0800622406334,-0.170254787519,5,264
127,1,6.14516761554,4.0,9.0,0.013013013013,0,0.239478779449,0.426731277191,5,498
128,1,8.26015457855,7.0,10.0,0.017017017017,0,1.08947508617,-0.00827067996928,5,477
129,1,9.76113408083,9.0,10.0,0.014014014014,1,1.51385097682,0.219581150369,5,642
130,1,2.83237055234,0.0,4.0,0.00900900900901,0,-0.855939961612,0.400190437174,5,307
131,1,2.11767313152,1.0,5.0,0.016016016016,0,-0.683298342229,-0.832431841791,5,242
132,1,8.84111781574,7.0,9.0,0.015015015015,0,1.66257857799,-1.14661791823,5,579
133,1,4.09652069292,4.0,8.0,0.013013013013,0,-0.273800588214,-0.0820775424433,5,407
134,1,8.9148564836,,9.0,0.022022022022,0,1.37552758341,-0.211726266622,5,258
135,1,8.4453325438,4.0,9.0,0.026026026026,0,0.931794065295,0.649950347914,5,218
136,1,4.34437257956,3.0,5.0,0.014014014014,0,-0.384612687805,0.498210642974,5,275
137,1,2.04465856391,0.0,3.0,0.02002002002,0,-0.684097226585,-0.90304975634,5,87
138,1,4.99963029253,3.0,5.0,0.00900900900901,0,0.135324940071,-0.406344527683,5,355
139,1,3.67363404806,3.0,5.0,0.012012012012,0,-0.127380047976,-0.944225808009,5,224
140,1,4.50850404818,4.0,6.0,0.015015015015,0,-0.07608771692,-0.263232801061,5,282
141,1,7.0628099098,5.0,9.0,0.014014014014,0,0.839276641585,-0.455020014951,5,615
142,1,-1.10636033363,,0.0,0.00900900900901,1,-2.18569354402,0.450720298419,5,23
143,1,2.21866852962,1.0,3.0,0.022022022022,0,-0.903523880441,-0.0707598290557,5,109
144,1,0.94307796994,0.0,5.0,0.015015015015,0,-1.37632742507,0.0720602451469,5,181
145,1,8.7775073593,6.0,9.0,0.02002002002,0,1.34288493248,-0.251147438147,5,434
146,1,0.533221051144,0.0,5.0,0.014014014014,0,-1.49781244152,0.026658375701,5,126
147,1,5.14292572181,2.0,7.0,0.017017017017,0,0.431107545057,-1.15039691336,5,269
148,1,6.29641312154,6.0,7.0,0.00700700700701,1,0.556488031504,-0.373050972975,5,611
149,1,4.22724651748,4.0,5.0,0.014014014014,1,-0.369675720764,0.336273679776,5,254
150,1,4.68941724937,4.0,6.0,0.00900900900901,0,0.111573907713,-0.645304473775,5,395
151,1,0.323684242774,0.0,1.0,0.015015015015,1,-1.73550789381,0.530207924198,5,140
152,0,10.4776701964,10.0,,0.013013013013,0,1.95690935843,-0.393057878914,5,423
153,1,7.30002999694,5.0,10.0,0.014014014014,0,0.813356532531,-0.140039600652,5,587
154,0,8.00038637908,7.0,,0.011011011011,0,0.826034347132,0.522283337686,5,18
155,1,8.5580062466,8.0,9.0,0.01001001001,1,1.01375504935,0.516741098541,5,703
156,1,2.46309272961,0.0,3.0,0.012012012012,0,-0.549868735408,-0.887301064169,5,63
157,1,6.22385933326,5.0,7.0,0.011011011011,0,0.402946346646,0.0150202933251,5,365
158,1,7.46577405098,3.0,8.0,0.012012012012,0,0.750536341364,0.214165026891,5,487
159,1,7.09043489311,6.0,8.0,0.00900900900901,0,0.798052714137,-0.303723249305,5,704
160,1,4.64119913026,1.0,5.0,0.019019019019,0,-0.0909513719576,-0.0859467538642,5,180
161,1,5.65614475654,5.0,6.0,0.011011011011,1,0.100252279634,0.355387917638,5,257
162,1,2.58129709398,2.0,4.0,0.012012012012,0,-0.78362993524,-0.0678131003039,5,98
163,1,0.795882535186,0.0,5.0,0.015015015015,0,-1.6735707055,0.81659465169,5,192
164,1,3.9298810017,1.0,4.0,0.015015015015,0,-0.43158384825,0.224632546445,5,57
165,1,2.42866374627,2.0,3.0,0.013013013013,1,-0.684388849594,-0.518169704946,5,304
166,1,7.00566899478,0.0,13.0,0.018018018018,0,0.931942372294,-0.790158122104,5,616
167,1,5.61795841646,5.0,10.0,0.012012012012,0,0.160402512874,0.136750877843,5,489
168,1,0.714220437078,,1.0,0.011011011011,0,-1.3861342105,-0.127376931415,5,27
169,1,1.66581737726,0.0,6.0,0.015015015015,0,-1.37471302371,0.7899564484,5,235
170,1,-0.237022855371,,0.0,0.011011011011,1,-1.62733701249,-0.355011817904,5,11
171,1,2.33635111423,0.0,6.0,0.016016016016,0,-1.01236043242,0.373432411495,5,167
172,1,4.13555653932,3.0,5.0,0.00800800800801,0,-0.362722934798,0.223725343717,5,316
173,1,5.60438845687,5.0,7.0,0.019019019019,0,0.298377720777,-0.290744705464,5,174
174,1,4.33106514291,2.0,5.0,0.014014014014,0,-0.266252837523,0.129823655482,5,202
175,1,8.88706404421,8.0,9.0,0.012012012012,1,1.11352802936,0.546479956137,5,687
176,0,7.27226414507,7.0,,0.00900900900901,0,0.435167043819,0.966763013611,5,546
177,1,-1.68265610855,,0.0,0.00900900900901,1,-1.91429253924,-0.939778490835,5,8
178,1,7.94614593466,0.0,12.0,0.017017017017,0,0.968305811928,0.0412284988738,5,684
179,1,0.311953651276,0.0,4.0,0.013013013013,0,-1.59963920005,0.110871251436,5,168
180,1,6.39698935905,6.0,7.0,0.013013013013,1,0.50972656237,-0.132190328066,5,331
181,1,3.96187277016,,4.0,0.015015015015,0,-0.345520951871,-0.00156437422801,5,80
182,1,2.53855917648,1.0,3.0,0.00700700700701,0,-0.920541934437,0.300184979787,5,207
183,1,3.856197421,2.0,4.0,0.011011011011,0,-0.253876932328,-0.382171782018,5,171
184,1,-0.0548868754073,,1.0,0.013013013013,0,-1.68218638116,-0.0083277319421,5,58
185,1,3.97780482073,3.0,5.0,0.019019019019,0,-0.254332055573,-0.259199012553,5,236
186,1,5.52388901568,5.0,6.0,0.00700700700701,1,0.132902796106,0.125180627368,5,367
187,1,5.51388471205,5.0,7.0,0.00800800800801,0,-0.055770806537,0.681197131656,5,633
188,1,2.83994801496,0.0,8.0,0.01001001001,0,-0.526340306162,-0.581031066555,5,426
189,1,8.48962974644,7.0,10.0,0.013013013013,0,0.994386297354,0.506470854377,5,494
190,1,0.644006729079,,4.0,0.012012012012,0,-1.12108361008,-0.992742440691,5,132
191,1,-1.70733380113,,0.0,0.00800800800801,1,-2.54362081375,0.923528640138,5,3
192,1,7.61037524394,7.0,8.0,0.011011011011,1,0.808427324913,0.185093269205,5,729
193,1,2.94978246114,1.0,3.0,0.015015015015,0,-0.804060195111,0.361963046475,5,213
194,1,8.06629991584,8.0,9.0,0.013013013013,1,1.0332917541,-0.0335753464708,5,665
195,1,7.83828726136,7.0,8.0,0.016016016016,1,1.09835112755,-0.456766121297,5,422
196,1,-0.463624774845,,0.0,0.01001001001,1,-1.57407080923,-0.741412347146,5,14
197,1,7.40778811132,6.0,9.0,0.016016016016,0,0.900202827721,-0.292820371847,5,479
198,1,2.91741251357,2.0,6.0,0.00900900900901,0,-0.722513112263,0.0849518503591,5,342
199,1,3.67372439247,2.0,8.0,0.013013013013,0,-0.535162800039,0.279212792586,5,500
200,1,0.848256624964,,1.0,0.013013013013,0,-1.42477250209,0.12257413122,5,72
201,1,9.28123587501,9.0,11.0,0.016016016016,0,1.04882843109,1.13475058174,5,651
202,1,3.64434632018,2.0,7.0,0.015015015015,0,-0.50474290529,0.158575036054,5,279
203,1,3.76841221079,1.0,4.0,0.00900900900901,0,-0.0358244681474,-1.12411438477,5,99
204,1,4.55850400541,4.0,8.0,0.014014014014,0,-0.0569349682978,-0.270691089697,5,338
205,1,0.019806888243,,1.0,0.012012012012,0,-1.75167976905,0.274846195407,5,46
206,1,6.21868123825,3.0,11.0,0.014014014014,0,0.524656312665,-0.355287699749,5,610
207,1,5.47963421422,2.0,9.0,0.01001001001,0,0.143087374104,0.0503720919077,5,659
208,1,5.26231330225,5.0,7.0,0.02002002002,0,0.0599456143274,0.0824764592718,5,237
209,1,4.89774016201,4.0,5.0,0.011011011011,1,0.350834228559,-1.15476252366,5,71
210,1,3.14769053459,2.0,8.0,0.014014014014,0,-0.704315882021,0.260638180653,5,330
211,1,4.08495581437,3.0,7.0,0.021021021021,0,-0.447089504042,0.426224326499,5,249
212,1,5.69904759868,5.0,9.0,0.018018018018,0,-0.00054934582672,0.700695636156,5,353
213,1,6.58569105143,6.0,8.0,0.012012012012,0,0.642119120792,-0.340666310948,5,545
214,1,7.31252914648,7.0,9.0,0.015015015015,0,0.988076464131,-0.651700245915,5,505
215,1,8.43202535482,6.0,10.0,0.015015015015,0,0.643100875454,1.50272272846,5,641
216,1,7.14158145675,6.0,8.0,0.02002002002,0,0.611163822493,0.308089989268,5,347
217,1,4.05341999576,1.0,7.0,0.024024024024,0,-0.24127037764,-0.222768871318,5,273
218,1,0.474265509353,0.0,2.0,0.00700700700701,0,-1.65875358317,0.450526258858,5,154
219,1,3.54238135651,2.0,4.0,0.014014014014,0,-0.561305084442,0.226296609839,5,239
220,1,2.17111445108,2.0,4.0,0.00900900900901,0,-0.937838214822,-0.0153709044532,5,170
221,0,7.6521004017,6.0,,0.01001001001,0,0.971912187255,-0.263636160065,5,146
222,0,9.91533505212,9.0,,0.014014014014,0,1.73541939185,-0.290923123423,5,565
223,1,5.88899310655,1.0,8.0,0.00900900900901,0,0.109722600936,0.559825303739,5,553
224,1,5.89609923301,4.0,7.0,0.02002002002,0,0.494508094454,-0.587425050352,5,378
225,1,8.96287043699,8.0,10.0,0.015015015015,0,0.999817480937,0.963417994181,5,445
226,1,2.90005722834,1.0,3.0,0.017017017017,0,-0.523254475012,-0.530179346622,5,110
227,0,8.23350311314,7.0,,0.00900900900901,0,1.04539008126,0.0973328693516,5,19
228,1,6.54703116726,6.0,11.0,0.014014014014,0,0.667441855488,-0.455294399201,5,713
229,1,4.81257328627,4.0,7.0,0.011011011011,0,-0.0952588116361,0.0983497211833,5,546
230,1,5.78662747004,4.0,6.0,0.013013013013,0,0.448044094437,-0.55750481327,5,188
231,1,2.1655879711,,3.0,0.021021021021,0,-0.664922288965,-0.839645162007,5,149
232,1,5.23501347329,4.0,8.0,0.011011011011,0,0.131063738531,-0.158177742304,5,504
233,1,6.1029289814,6.0,10.0,0.016016016016,0,0.110878232312,0.770294284464,5,507
234,1,3.07676274478,3.0,7.0,0.014014014014,0,-0.597490851252,-0.130764701465,5,432
235,1,5.482739907,2.0,9.0,0.016016016016,0,0.119621226141,0.123876228573,5,410
236,1,4.70820115947,0.0,5.0,0.02002002002,0,-0.313490766304,0.648673458386,5,205
237,1,3.24448927461,2.0,4.0,0.017017017017,0,-0.429459370665,-0.467132613395,5,156
238,1,6.3578671036,4.0,7.0,0.01001001001,0,0.550317218222,-0.293084551068,5,577
239,1,1.75642330164,1.0,4.0,0.00900900900901,0,-1.09681960937,0.0468821297461,5,197
240,1,5.3957894932,4.0,6.0,0.011011011011,0,0.166944859725,-0.105045085971,5,409
241,1,7.38171402399,6.0,8.0,0.021021021021,0,0.519026505042,0.824634508869,5,295
242,0,10.7092944937,8.0,,0.011011011011,0,2.07704234986,-0.521832555834,5,307
243,0,9.54723096696,7.0,,0.00900900900901,0,1.64417135679,-0.385283103409,5,391
244,1,6.85521931277,6.0,7.0,0.012012012012,1,0.421058561354,0.592043628712,5,647
245,1,5.60243020654,5.0,7.0,0.01001001001,0,0.195218751974,0.016773950615,5,323
246,1,10.0070601685,10.0,11.0,0.013013013013,1,1.82774893284,-0.476186630015,5,734
247,1,2.68752115251,0.0,4.0,0.014014014014,0,-0.733006377415,-0.11345971524,5,198
248,1,2.41690253467,1.0,6.0,0.00700700700701,0,-0.837423530582,-0.0708268735835,5,305
249,1,4.17864227727,0.0,7.0,0.012012012012,0,-0.613608826125,1.01946875565,5,514
250,1,5.67599369226,4.0,6.0,0.01001001001,0,0.202363585044,0.0689029371217,5,609
251,1,7.90666916533,7.0,8.0,0.01001001001,1,0.980446794604,-0.0346712184786,5,694
252,1,5.68945788072,4.0,6.0,0.01001001001,0,0.278389464787,-0.145710513647,5,424
253,1,4.42228439859,3.0,5.0,0.014014014014,0,-0.173626355118,-0.0568365360593,5,287
254,1,7.60321524089,6.0,8.0,0.00900900900901,0,0.699319904779,0.505255526553,5,679
255,1,7.87645112312,7.0,8.0,0.01001001001,1,0.913128344319,0.137066090167,5,580
256,1,4.99146379956,3.0,7.0,0.012012012012,0,0.040207845829,-0.129159737924,5,318
257,1,4.29501006012,4.0,7.0,0.01001001001,0,-0.248401930306,0.0402158510336,5,392
258,1,5.85895928967,4.0,12.0,0.022022022022,0,0.227742199996,0.175732689683,5,529
259,1,10.0524798988,10.0,11.0,0.015015015015,1,1.67000569596,0.0424628109246,5,696
260,1,9.92200232763,5.0,12.0,0.02002002002,0,1.63922516262,0.00432683975719,5,486
261,1,5.4878112376,5.0,7.0,0.00800800800801,0,-0.0633270613529,0.677792421659,5,455
262,0,8.95200976838,7.0,,0.012012012012,0,1.27756058225,0.11932802163,5,663
263,1,6.50844858115,6.0,7.0,0.014014014014,1,0.561443056116,-0.1758805872,5,360
264,1,5.38816905745,5.0,6.0,0.00800800800801,1,0.222361395733,-0.278915129746,5,453
265,1,5.36432919429,0.0,7.0,0.021021021021,0,0.365550434154,-0.732322108175,5,199
266,1,7.85317573587,5.0,10.0,0.018018018018,0,1.04113565368,-0.270231225156,5,440
267,0,10.7892288373,10.0,,0.011011011011,0,2.26150904409,-0.995298294933,5,268
268,1,0.728515577355,,2.0,0.01001001001,0,-1.4725829961,0.146264565669,5,297
269,1,5.1880301865,2.0,6.0,0.013013013013,0,0.269342639242,-0.619997731232,5,554
270,1,5.25917100206,,9.0,0.022022022022,0,0.0945335861284,-0.0244297563209,5,271
271,1,2.15002817026,2.0,6.0,0.012012012012,0,-0.894389684318,-0.166802776787,5,533
272,1,4.19924800991,4.0,5.0,0.01001001001,1,-0.313868249516,0.140852758464,5,499
273,0,11.1592767027,8.0,,0.01001001001,0,2.30910969561,-0.768052384088,5,689
274,1,0.0405385209111,0.0,1.0,0.00800800800801,1,-1.64456822464,-0.0257568051826,5,233
275,1,5.30392961995,5.0,7.0,0.013013013013,0,-0.101117197206,0.607281211571,5,326
276,0,12.2978532191,8.0,,0.011011011011,0,2.34027003213,0.277043122734,5,246
277,1,4.19039375199,2.0,6.0,0.016016016016,0,-0.294472029723,0.0738098411584,5,310
278,0,8.43305861141,6.0,,0.00900900900901,0,1.12610703142,0.0547375171558,5,293
279,1,8.94367802721,8.0,9.0,0.011011011011,1,1.35613161893,-0.124716829586,5,661
280,0,8.1266571912,8.0,,0.01001001001,0,1.17542607052,-0.39962102037,5,551
281,1,6.81548420097,2.0,7.0,0.015015015015,0,0.640129530795,-0.104904391414,5,433
282,1,-2.34135148175,,7.0,0.00800800800801,0,-2.42794530591,-0.0575155640343,5,550
283,1,2.55246033799,2.0,5.0,0.014014014014,0,-1.03970534162,0.671576362857,5,196
284,0,8.9181625861,8.0,,0.011011011011,0,1.11383478994,0.57665821629,5,639
285,1,7.96588914161,7.0,8.0,0.011011011011,1,0.938584232889,0.150136442943,5,732
286,1,0.396517814143,0.0,4.0,0.00600600600601,0,-1.5747101763,0.120648343033,5,209
287,1,1.25524768554,0.0,5.0,0.00700700700701,0,-1.41321111613,0.494881033941,5,267
288,1,6.78247295929,6.0,7.0,0.00900900900901,1,0.476264876133,0.353678330891,5,671
289,1,4.18804611315,1.0,6.0,0.014014014014,0,-0.151180046564,-0.358413747154,5,244
290,1,5.75521779194,3.0,6.0,0.01001001001,0,0.234252538828,0.0524601754518,5,425
291,1,6.25328373448,4.0,7.0,0.023023023023,0,0.159256793329,0.775513354489,5,290
292,1,2.19214504175,2.0,5.0,0.00700700700701,0,-0.9201013954,-0.0475507720509,5,509
293,1,4.46005365862,4.0,6.0,0.013013013013,0,-0.229550296839,0.148704549137,5,442
294,1,1.64198588178,1.0,5.0,0.012012012012,0,-1.0860259182,-0.0999363636323,5,265
295,1,4.3621590808,4.0,5.0,0.00700700700701,1,-0.0392509571199,-0.520088047841,5,359
296,0,8.79343718995,7.0,,0.01001001001,0,0.882970379831,1.14452605046,5,480
297,0,7.05079273211,7.0,,0.00800800800801,0,0.714655342951,-0.0931732967431,5,688
298,1,5.00684288516,5.0,6.0,0.00900900900901,1,-0.197803403088,0.60025309442,5,602
299,1,0.325316962155,0.0,2.0,0.015015015015,0,-1.35673253073,-0.604485445661,5,145
300,1,4.22670368783,2.0,6.0,0.01001001001,0,-0.190146026148,-0.202858233724,5,582
301,1,0.190595525677,0.0,5.0,0.014014014014,0,-1.26249076178,-1.02193218899,5,438
302,0,8.45429195521,8.0,,0.00900900900901,0,1.16037702331,-0.0268391147288,5,310
303,1,5.74256412299,5.0,7.0,0.00700700700701,0,0.314678868173,-0.20147248153,5,373
304,0,10.0047071025,10.0,,0.01001001001,0,1.84486756791,-0.529895601206,5,468
305,0,7.87793380445,6.0,,0.00700700700701,0,1.20715750059,-0.743538697317,5,219
306,1,6.17474672192,6.0,8.0,0.012012012012,0,0.467837015384,-0.228764324231,5,723
307,1,5.49444223446,5.0,9.0,0.011011011011,0,0.0772620108179,0.262656202006,5,600
308,1,4.43249577586,4.0,8.0,0.014014014014,0,-0.366560770111,0.532178086192,5,699
309,0,9.2602458024,8.0,,0.013013013013,0,1.43995876313,-0.0596304870002,5,222
310,1,3.84895178388,2.0,6.0,0.00800800800801,0,-0.57290754023,0.567674404568,5,508
311,1,6.6875781933,6.0,7.0,0.011011011011,1,0.461314968579,0.303633287563,5,701
312,1,5.03351464432,5.0,6.0,0.00600600600601,1,0.149334344847,-0.414488390225,5,736
313,1,5.08610937968,5.0,7.0,0.00800800800801,0,0.000481453475209,0.0846650192536,5,497
314,1,3.99116721601,2.0,5.0,0.00800800800801,0,-0.353665388198,0.0521633806004,5,389
315,1,4.05737695394,4.0,9.0,0.014014014014,0,-0.518008934938,0.611403758754,5,604
316,1,8.23732850432,8.0,9.0,0.01001001001,1,1.22887459276,-0.449295273945,5,727
317,1,2.65378486142,1.0,4.0,0.01001001001,0,-0.707986665158,-0.222255143106,5,153
318,1,2.7569038747,0.0,5.0,0.00800800800801,0,-0.87822858116,0.391589618186,5,371
319,1,4.63355129701,4.0,6.0,0.00800800800801,0,-0.0286942808695,-0.280365860377,5,517
320,0,8.27532337105,8.0,,0.00800800800801,0,1.3338284203,-0.726161889856,5,613
321,1,9.30410617294,9.0,10.0,0.012012012012,1,1.36988029035,0.19446530188,5,640
322,1,3.88587312403,2.0,4.0,0.011011011011,0,0.0207149827093,-1.1762718241,5,361
323,1,4.07168204062,4.0,7.0,0.00700700700701,0,-0.423547054293,0.342323203501,5,674
324,1,5.34919794931,5.0,6.0,0.00800800800801,1,0.10843228192,0.0239011035501,5,596
325,1,7.95493262893,7.0,8.0,0.011011011011,1,1.00111308848,-0.0484066365067,5,652
326,0,9.76015130925,6.0,,0.00900900900901,0,1.52625725798,0.1813795353,5,199
327,1,2.99352080907,2.0,4.0,0.012012012012,0,-0.701422270589,0.0977876208355,5,363
328,1,7.52382825707,7.0,8.0,0.00900900900901,1,0.999859173147,-0.475749262369,5,715
329,1,0.319423909032,,1.0,0.011011011011,0,-1.41046386869,-0.449184484895,5,85
330,1,4.54503904661,4.0,5.0,0.012012012012,1,0.282626884647,-1.30284160733,5,447
331,1,-2.6069858105,,0.0,0.00700700700701,1,-2.48058355206,-0.165235154332,5,32
332,0,9.42176457284,7.0,,0.00700700700701,0,1.45366056893,0.0607828660634,5,368
333,1,4.4488304813,0.0,7.0,0.017017017017,0,-0.581109449859,1.19215883087,5,208
334,1,6.0727148632,4.0,7.0,0.013013013013,0,0.39544614836,-0.113623581882,5,471
335,1,2.78459633692,1.0,7.0,0.017017017017,0,-0.294290586009,-1.33253190505,5,428
336,1,1.10059071934,0.0,5.0,0.017017017017,0,-1.09752209253,-0.606843003061,5,121
337,1,3.025287901,3.0,5.0,0.00800800800801,0,-0.540665536414,-0.352715489761,5,346
338,1,11.2387771817,9.0,12.0,0.017017017017,0,2.11731556667,-0.113169518297,5,501
339,1,4.59560994418,4.0,6.0,0.00900900900901,0,-0.167689358725,0.0986780203494,5,655
340,1,2.6828907736,1.0,6.0,0.00800800800801,0,-0.733275795333,-0.117281840398,5,491
341,1,3.1422311791,0.0,6.0,0.01001001001,0,-0.389836453954,-0.688259459035,5,289
342,1,5.14898710999,5.0,8.0,0.012012012012,0,-0.158798112516,0.625381447537,5,562
343,1,2.95218169553,2.0,4.0,0.00700700700701,0,-0.530659768914,-0.455838997731,5,187
344,0,10.4724834427,6.0,,0.00600600600601,0,1.63531715063,0.566531990826,5,284
345,1,2.05479169199,0.0,3.0,0.00600600600601,0,-0.992606224414,0.0326103652309,5,160
346,0,8.42190049547,6.0,,0.00800800800801,0,1.10355890355,0.111223784832,5,409
347,1,4.97526468687,4.0,5.0,0.00900900900901,1,-0.0676852629634,0.178320475759,5,169
348,1,6.58014891972,4.0,7.0,0.011011011011,0,0.120352851608,1.2190903649,5,645
349,1,5.83065654732,4.0,9.0,0.014014014014,0,0.113657633415,0.489683647072,5,570
350,1,6.31795332502,4.0,7.0,0.00900900900901,0,0.58726635287,-0.443845733593,5,581
351,1,5.19891019598,2.0,7.0,0.012012012012,0,0.242113964232,-0.527431696714,5,328
352,1,5.44250648514,4.0,6.0,0.00900900900901,0,0.204130997611,-0.16988650769,5,606
353,1,1.91205173279,0.0,3.0,0.011011011011,0,-1.32427069354,0.884863813398,5,166
354,1,7.5582320105,7.0,8.0,0.00900900900901,1,0.889749613807,-0.111016830924,5,669
355,1,5.56039063793,3.0,6.0,0.014014014014,0,0.293904995248,-0.321324347817,5,245
356,1,-0.898408377027,,0.0,0.00700700700701,1,-2.238216914,0.816242364983,5,37
357,1,5.91111637959,5.0,7.0,0.01001001001,0,0.594667416016,-0.872885868455,5,561
358,1,0.401482077436,,1.0,0.00700700700701,0,-1.34797632868,-0.554588936524,5,17
359,1,6.30286537436,,9.0,0.015015015015,0,0.511492899957,-0.231613325507,5,385
360,1,5.78460206312,2.0,7.0,0.014014014014,0,0.0806512183938,0.542648407935,5,402
361,1,-1.5251210095,,2.0,0.01001001001,0,-2.16232883804,-0.0381344953905,5,66
362,1,5.33204845723,5.0,6.0,0.00800800800801,1,-0.107780890427,0.655391128513,5,538
363,1,5.12897732459,4.0,7.0,0.013013013013,0,0.0970382743774,-0.162137498544,5,551
364,1,4.62935389429,3.0,8.0,0.011011011011,0,-0.0134620524945,-0.330259948223,5,575
365,1,5.07583271941,5.0,6.0,0.01001001001,1,0.218530452815,-0.579758639032,5,227
366,1,3.56843284501,0.0,5.0,0.00700700700701,0,-0.544148162199,0.200877331605,5,292
367,0,7.27802541091,6.0,,0.00700700700701,0,0.751218597872,0.0243696172929,5,590
368,1,0.662322189251,0.0,2.0,0.01001001001,0,-1.20275083007,-0.729425320542,5,139
369,1,5.74730418825,4.0,6.0,0.01001001001,0,-0.0128681607905,0.785908670623,5,588
370,0,7.18630266575,6.0,,0.00600600600601,0,0.839762783137,-0.332985683657,5,513
371,1,3.1096128207,0.0,5.0,0.00700700700701,0,-0.909817031902,0.839063916408,5,431
372,1,4.04396853089,3.0,8.0,0.012012012012,0,-0.484154012322,0.496430567857,5,632
373,1,6.94211902029,5.0,7.0,0.01001001001,0,0.376182794203,0.813570637681,5,502
374,1,-1.86898898291,,0.0,0.00900900900901,1,-2.13514271585,-0.463560835362,5,33
375,1,4.58978222948,3.0,6.0,0.00900900900901,0,-0.176271755022,0.118597494549,5,608
376,1,6.09424734845,5.0,7.0,0.012012012012,0,0.603323485938,-0.715723109366,5,176
377,1,7.27337436514,5.0,8.0,0.01001001001,0,0.487161699842,0.811889265611,5,595
378,0,7.69815437484,5.0,,0.00600600600601,0,0.911011183244,-0.0348791748938,5,649
379,1,1.73051194025,1.0,2.0,0.01001001001,1,-1.39442349767,0.913782433266,5,135
380,1,1.81084962128,,3.0,0.00800800800801,0,-0.983708425964,-0.238025100831,5,200
381,1,2.47689705859,1.0,4.0,0.00800800800801,0,-1.00028480753,0.477751481183,5,251
382,1,6.11146839134,6.0,7.0,0.00900900900901,1,0.0540592942431,0.94929050861,5,653
383,1,4.75864592122,4.0,6.0,0.00700700700701,0,-0.252258526835,0.515421501721,5,370
384,1,5.74190783205,4.0,6.0,0.012012012012,0,-0.0128410460267,0.780430970129,5,586
385,0,8.65423925984,6.0,,0.00600600600601,0,1.11162075224,0.319377003133,5,603
386,1,5.97101579229,5.0,6.0,0.00900900900901,1,0.342804938895,-0.0573990243991,5,594
387,1,5.83035171785,5.0,6.0,0.01001001001,1,0.2343135401,0.12741109755,5,492
388,0,6.0946493617,6.0,,0.00800800800801,0,0.530696866915,-0.497441239048,5,659
389,1,3.73904772383,,4.0,0.012012012012,0,-0.235603862683,-0.554140688126,5,90
390,1,4.31758298139,4.0,5.0,0.00800800800801,1,-0.203114436985,-0.0730737076493,5,457
391,1,6.03602224454,6.0,7.0,0.00700700700701,1,0.664997174022,-0.958969277525,5,733
392,1,1.91381879319,1.0,2.0,0.011011011011,1,-1.26763819841,0.71673338842,5,77
393,1,4.17582558379,3.0,6.0,0.01001001001,0,-0.146778469486,-0.38383900775,5,437
394,1,4.01608579398,1.0,6.0,0.012012012012,0,-0.49000209032,0.486092064942,5,286
395,1,4.24184842032,4.0,5.0,0.015015015015,1,-0.256015114207,0.00989376294457,5,313
396,1,3.70754974608,0.0,4.0,0.00800800800801,0,-0.622296209928,0.574438375864,5,234
397,0,7.64250507774,7.0,,0.00700700700701,0,0.929437435913,-0.145807229997,5,335
398,1,3.0977915227,1.0,9.0,0.01001001001,0,-0.888131788885,0.762186889352,5,485
399,1,3.70591708491,3.0,4.0,0.00700700700701,1,-0.0694814625223,-1.08563852752,5,556
400,1,4.75426714506,3.0,5.0,0.01001001001,0,-0.46071254495,1.13640477991,5,248
401,1,7.53937331274,7.0,8.0,0.011011011011,1,0.983118467114,-0.409982088601,5,646
402,0,11.9520204505,6.0,,0.01001001001,0,2.64281616597,-0.976428047451,5,665
403,1,5.13181515222,5.0,6.0,0.00800800800801,1,-0.0291660494939,0.219313300703,5,605
404,0,8.74407174956,6.0,,0.00700700700701,0,1.39277580857,-0.434255676145,5,541
405,1,1.11809467194,0.0,4.0,0.00800800800801,0,-1.36847522616,0.223520350417,5,302
406,1,5.14163535005,5.0,6.0,0.01001001001,1,0.0146357846247,0.097727996172,5,496
407,0,7.37862323159,7.0,,0.00900900900901,0,0.931918431919,-0.417132064161,5,335
408,1,4.81846935154,4.0,6.0,0.00900900900901,0,-0.145126075476,0.253847577965,5,472
409,1,3.02853201317,3.0,4.0,0.00900900900901,1,-0.405343507403,-0.755437464617,5,444
410,0,9.62078497214,8.0,,0.00900900900901,0,1.78216611578,-0.725713375199,5,143
411,1,3.0406631607,3.0,5.0,0.00600600600601,0,-0.501302011563,-0.455430804614,5,675
412,1,5.1854066132,4.0,7.0,0.00700700700701,0,0.0283252764801,0.100430783757,5,591
413,0,11.7308978112,6.0,,0.00600600600601,0,2.28504384706,-0.124233729942,5,589
414,1,3.23283957806,2.0,4.0,0.00700700700701,0,-0.386570634417,-0.607448518692,5,566
415,1,3.75622426233,3.0,5.0,0.00600600600601,0,-0.38436952958,-0.090667148935,5,414
416,1,2.07316901456,2.0,5.0,0.01001001001,0,-0.65882182608,-0.950365507203,5,177
417,1,6.71493855416,6.0,7.0,0.012012012012,1,0.550556381807,0.063269408745,5,404
418,0,6.42403282217,6.0,,0.011011011011,0,0.406132983892,0.205633870489,5,546
419,1,9.6827500188,7.0,11.0,0.016016016016,0,1.31852051102,0.727188485742,5,644
420,1,1.5758489226,0.0,5.0,0.01001001001,0,-1.00579926772,-0.406753274235,5,388
421,1,6.04378159627,6.0,7.0,0.00900900900901,1,0.470624282637,-0.368091251638,5,735
422,1,-1.57382615682,,1.0,0.013013013013,0,-2.22155667909,0.0908438804426,5,26
423,1,6.27276799981,6.0,7.0,0.014014014014,1,0.448151077005,-0.0716852312078,5,532
424,1,3.3754651568,3.0,4.0,0.013013013013,1,-0.481473571813,-0.180114127766,5,348
425,0,7.43704847624,7.0,,0.00900900900901,0,0.615855110068,0.58948314604,5,101
426,1,0.9559947212,0.0,1.0,0.01001001001,1,-1.33626245606,-0.0352179106111,5,104
427,1,6.64380051009,6.0,8.0,0.012012012012,0,0.616356882188,-0.20527013647,5,634
428,1,4.31914861897,3.0,6.0,0.00800800800801,0,-0.251506155002,0.0736670839773,5,592
429,1,6.11572708377,6.0,7.0,0.012012012012,1,0.405020031856,-0.0993330118024,5,484
430,0,7.46059445093,7.0,,0.00900900900901,0,0.72838479419,0.275440068363,5,523
431,1,2.33633753185,1.0,6.0,0.00900900900901,0,-0.889290998266,0.00421052664365,5,418
432,1,6.14952718552,4.0,7.0,0.00700700700701,0,0.0618421196202,0.964000826656,5,288
433,1,7.64008147201,7.0,8.0,0.00800800800801,1,1.14296527239,-0.788814345172,5,707
434,1,6.86719727255,6.0,7.0,0.011011011011,1,0.655719513913,-0.0999612691891,5,670
435,0,8.14696071226,6.0,,0.01001001001,0,1.04382297307,0.0154917930354,5,91
436,1,2.70201830399,2.0,7.0,0.00900900900901,0,-0.589176952101,-0.530450839705,5,335
437,1,4.82991733606,0.0,5.0,0.00800800800801,0,-0.250232990145,0.580616306496,5,368
438,1,0.726921688917,0.0,3.0,0.00800800800801,0,-1.50557315128,0.243641142768,5,128
439,1,3.7563827181,2.0,4.0,0.00800800800801,0,-0.500125028956,0.256757804969,5,547
440,1,3.47537736899,1.0,6.0,0.011011011011,0,-0.362642002882,-0.436696622359,5,374
441,1,6.81133797895,6.0,8.0,0.00900900900901,0,0.68326042431,-0.238443293984,5,695
442,1,5.11686092243,4.0,6.0,0.00800800800801,0,0.110172567932,-0.213656781362,5,599
443,0,7.92099057215,5.0,,0.00700700700701,0,1.16878920064,-0.585377029765,5,673
444,1,4.00444989898,1.0,8.0,0.016016016016,0,-0.218286204762,-0.340691486731,5,366
445,0,5.86676547544,5.0,,0.01001001001,0,0.213827515151,0.225282929988,5,563
446,1,5.25503739984,5.0,6.0,0.01001001001,1,0.167691830995,-0.248038093147,5,325
447,1,3.43571875227,1.0,6.0,0.01001001001,0,-0.340418286691,-0.543026387656,5,460
448,0,5.80965547169,5.0,,0.00900900900901,0,0.203931295624,0.19786158482,5,715
449,1,0.973275291888,,2.0,0.00800800800801,0,-1.22209887146,-0.360428093724,5,183
450,0,7.90826293288,5.0,,0.00700700700701,0,1.35100112621,-1.14474044575,5,175
451,1,8.64460057376,2.0,9.0,0.01001001001,0,1.31778364041,-0.308750347463,5,690
452,1,1.4034780033,0.0,3.0,0.00700700700701,0,-0.975945341537,-0.668685972084,5,223
453,1,2.98216253236,1.0,3.0,0.011011011011,0,-0.562190448528,-0.331266122055,5,100
454,1,6.73099534999,6.0,7.0,0.00900900900901,1,0.538603817546,0.115183897353,5,681
455,1,5.77254538018,5.0,7.0,0.011011011011,0,0.263910579589,-0.0191863585831,5,493
456,0,8.22827422615,6.0,,0.012012012012,0,1.38456982681,-0.925435254286,5,464
457,1,6.51160183323,6.0,7.0,0.00900900900901,1,0.308547130108,0.585960442909,5,658
458,1,5.14353006047,5.0,6.0,0.012012012012,1,-0.152444064295,0.600862253353,5,375
459,0,6.21151630169,6.0,,0.00700700700701,0,0.529961977048,-0.378369629456,5,198
460,1,6.77533001146,6.0,7.0,0.00800800800801,1,0.382105770166,0.629012700966,5,725
461,1,2.00139871618,0.0,4.0,0.00600600600601,0,-0.632146373067,-1.10216216462,5,131
462,1,6.15427576149,6.0,8.0,0.012012012012,0,-0.000106133246607,1.15459416123,5,473
463,1,0.648838639875,,3.0,0.00800800800801,0,-1.43630808878,-0.0422370937908,5,303
464,0,8.95223237027,8.0,,0.011011011011,0,1.08350514071,0.701716948139,5,371
465,1,3.4592500529,2.0,8.0,0.00900900900901,0,-0.496315559173,-0.0518032695827,5,537
466,1,1.52963910059,,2.0,0.00700700700701,0,-1.11863981013,-0.114441469032,5,173
467,0,7.11751504397,7.0,,0.011011011011,0,0.884464669378,-0.535878964161,5,157
468,0,7.66996079379,6.0,,0.00600600600601,0,0.673113822528,0.650619326208,5,533
469,0,6.43532599775,6.0,,0.00700700700701,0,0.239600068459,0.71652579237,5,656
470,1,3.4538497112,1.0,5.0,0.00700700700701,0,-0.434408750511,-0.24292403727,5,601
471,1,-3.18225840881,,0.0,0.00700700700701,1,-2.92780272163,0.60114975607,5,9
472,1,0.76716534969,,2.0,0.00900900900901,0,-1.41008437004,-0.00258154019913,5,230
473,0,7.69667869621,6.0,,0.00700700700701,0,0.834471030592,0.193265604429,5,548
474,1,4.83136081424,4.0,5.0,0.00700700700701,1,0.256010194425,-0.936669769035,5,693
475,1,-4.01119873328,,0.0,0.00600600600601,1,-2.9591347962,-0.133794344691,5,25
476,0,8.17452352495,7.0,,0.012012012012,0,1.03477936013,0.0701854445649,5,563
477,1,5.6932246629,4.0,6.0,0.00600600600601,0,0.35991232075,-0.386512299349,5,668
478,1,-3.30007759672,,1.0,0.00700700700701,0,-2.56071625805,-0.617928822578,5,68
479,1,4.4970369612,4.0,6.0,0.00700700700701,0,-0.388004423841,0.661050232725,5,698
480,1,2.266453366,0.0,3.0,0.00800800800801,0,-0.94252745296,0.0940357248834,5,102
481,1,2.24335618547,2.0,4.0,0.00700700700701,0,-0.645845384646,-0.819107660586,5,413
482,1,4.27810623643,4.0,5.0,0.00700700700701,1,-0.136145195266,-0.313458177776,5,396
483,1,2.49165510832,2.0,3.0,0.012012012012,1,-1.10854533397,0.817291110227,5,536
484,1,3.47146303533,2.0,6.0,0.01001001001,0,0.0342261764089,-1.6312154939,5,465
485,0,11.0489454504,7.0,,0.01001001001,0,1.97624041131,0.120224216456,5,140
486,1,3.33988507634,1.0,4.0,0.00700700700701,0,-0.731871410116,0.535499306692,5,369
487,1,5.05882070923,5.0,6.0,0.00900900900901,1,-0.279526235649,0.897399416176,5,621
488,1,5.72051211375,5.0,6.0,0.012012012012,1,0.239066294799,0.00331322934822,5,513
489,1,4.67950905047,4.0,5.0,0.00800800800801,1,-0.152530616645,0.137100900401,5,411
490,0,7.20885876631,6.0,,0.00800800800801,0,0.634712897193,0.304720074733,5,42
491,0,8.036708611,6.0,,0.00600600600601,0,0.733291039042,0.836835493878,5,527
492,0,9.07423475984,6.0,,0.00600600600601,0,1.22343177261,0.403939442006,5,242
493,0,10.0112857358,6.0,,0.00800800800801,0,1.3844474159,0.857943488096,5,730
494,1,3.15395625597,3.0,4.0,0.00900900900901,1,-0.904040799952,0.866078655821,5,384
495,0,7.73149747884,6.0,,0.00700700700701,0,0.766262748235,0.432709234131,5,518
496,0,7.06681846207,6.0,,0.00800800800801,0,0.659292894752,0.088939777815,5,636
497,0,7.09030282738,6.0,,0.00600600600601,0,0.580774409353,0.347979599315,5,178
498,1,1.79286575264,0.0,5.0,0.00700700700701,0,-0.742326484302,-0.980154794455,5,136
499,0,6.48148660353,6.0,,0.00700700700701,0,0.552022856129,-0.174581964858,5,317
500,1,-0.945508688156,,0.0,0.00800800800801,1,-1.96654814529,-0.045864252289,5,2
501,0,9.36916680102,7.0,,0.00800800800801,0,1.60341397288,-0.441075117631,5,359
502,1,5.57837440468,5.0,6.0,0.00700700700701,1,0.193610689611,-0.00245766415678,5,620
503,0,8.85511530349,6.0,,0.00600600600601,0,1.23260657647,0.157295574089,5,524
504,1,7.75806627188,5.0,8.0,0.00800800800801,0,0.758469318459,0.482658316501,5,598
505,1,2.26764152139,1.0,4.0,0.00700700700701,0,-0.846208815904,-0.193732030895,5,419
506,0,4.92235222418,3.0,,0.00600600600601,0,0.337533992583,-1.09024975357,5,429
507,1,-2.03369284619,,0.0,0.00600600600601,1,-2.16956751336,-0.524990306114,5,16
508,1,5.70225169212,0.0,6.0,0.00700700700701,0,0.801498581962,-1.70224405377,5,680
509,1,1.41238153275,1.0,3.0,0.00600600600601,0,-1.3006035415,0.314192157255,5,186
510,1,0.124194309436,0.0,5.0,0.00800800800801,0,-1.42900408545,-0.588793434214,5,387
511,0,5.42896315084,5.0,,0.00600600600601,0,0.132553618501,0.0313022953406,5,243
512,1,5.35240956287,5.0,6.0,0.01001001001,1,0.380271602826,-0.788405245606,5,515
513,0,8.69165547406,8.0,,0.00900900900901,0,0.976818855852,0.76119890651,5,591
514,1,3.46399910607,2.0,5.0,0.00900900900901,0,-0.397289797914,-0.344131500188,5,449
515,1,7.10137234348,7.0,8.0,0.00800800800801,1,0.644606649723,0.167552394311,5,718
516,1,3.37843614447,1.0,4.0,0.00900900900901,0,-0.4238731604,-0.349944374331,5,405
517,0,8.43185261675,6.0,,0.00600600600601,0,0.999762516487,0.432565067284,5,437
518,1,1.24653964286,0.0,3.0,0.00600600600601,0,-0.970568324783,-0.841755382792,5,250
519,1,4.11439744602,4.0,5.0,0.00700700700701,1,0.00601684704148,-0.903653095104,5,676
520,0,8.62394236689,7.0,,0.01001001001,0,1.5858709824,-1.13367058033,5,292
521,1,-0.241428535989,,4.0,0.00800800800801,0,-1.84383920897,0.290089090919,5,97
522,0,5.59057831209,5.0,,0.00600600600601,0,0.247716448184,-0.152571032458,5,60
523,0,13.3015655314,7.0,,0.00800800800801,0,2.64166131604,0.376581583303,5,527
524,0,7.24598696019,5.0,,0.00700700700701,0,0.51329160568,0.706112143152,5,271
525,0,7.97238931619,6.0,,0.00700700700701,0,1.19611407213,-0.615952900194,5,691
526,1,1.94994176105,0.0,3.0,0.00800800800801,0,-1.20149816527,0.554436256863,5,201
527,1,2.3363289052,0.0,4.0,0.01001001001,0,-0.979587439036,0.27509122231,5,293
528,1,3.65661775732,2.0,5.0,0.013013013013,0,-0.468507249338,0.0621395053375,5,124
529,1,3.37207403314,3.0,5.0,0.00900900900901,0,-0.395517737914,-0.441372753115,5,483
530,0,9.8944816592,8.0,,0.00800800800801,0,1.48307399065,0.445259687247,5,693
531,1,3.3167876677,3.0,5.0,0.00700700700701,0,-0.312749268013,-0.744964528261,5,576
532,0,8.21195571954,6.0,,0.00600600600601,0,1.12460557176,-0.161860995738,5,478
533,0,7.94590118091,6.0,,0.00600600600601,0,0.88013783973,0.305487661716,5,396
534,1,4.69850974995,1.0,6.0,0.00700700700701,0,-0.24458333601,0.432259757978,5,573
535,1,0.381715827949,0.0,2.0,0.00900900900901,0,-1.74261996847,0.609575733372,5,83
536,0,6.02795468742,5.0,,0.00800800800801,0,0.312442306916,0.0906277666676,5,126
537,1,4.52976104932,2.0,6.0,0.00700700700701,0,-0.123725347661,-0.0990629076966,5,386
538,1,3.19388378212,2.0,4.0,0.00900900900901,0,-0.568007632367,-0.102093320777,5,315
539,0,5.13475860286,5.0,,0.00600600600601,0,-0.140021131721,0.554821998027,5,591
540,0,7.21470923853,5.0,,0.00700700700701,0,0.501708109077,0.709584911294,5,621
541,1,3.78798459063,2.0,4.0,0.01001001001,0,-0.283733251282,-0.360815655521,5,263
542,1,4.4804786516,4.0,7.0,0.00800800800801,0,-0.458203494977,0.855089136528,5,285
543,0,7.22539233304,7.0,,0.00700700700701,0,0.778009393738,-0.108635848174,5,519
544,1,4.7097963198,4.0,5.0,0.00600600600601,1,-0.212188522752,0.34636188805,5,617
545,1,4.5076738537,4.0,5.0,0.00800800800801,1,0.0657559518448,-0.689594001838,5,709
546,1,2.11064275427,2.0,6.0,0.01001001001,0,-0.987792192769,0.0740193325729,5,400
547,1,-0.215411102063,,0.0,0.00900900900901,1,-1.59637081033,-0.426298671068,5,21
548,1,4.1237922125,2.0,5.0,0.00900900900901,0,-0.423005704732,0.392809326693,5,470
549,1,5.9290860262,5.0,7.0,0.01001001001,0,0.560462230194,-0.752300664383,5,511
550,0,7.6551189826,6.0,,0.00600600600601,0,1.0258170094,-0.422332045608,5,662
551,0,8.01268359413,6.0,,0.00800800800801,0,1.10520371311,-0.302927545199,5,78
552,1,-3.06119703216,,0.0,0.00800800800801,1,-2.66759766383,-0.0584040406585,5,30
553,1,4.6943065001,3.0,5.0,0.00700700700701,0,0.0301239674395,-0.396065402218,5,510
554,1,5.83426736616,5.0,7.0,0.00800800800801,0,0.203482952088,0.223818509898,5,495
555,1,3.6852459255,3.0,4.0,0.00900900900901,1,-0.28700696614,-0.453733176077,5,246
556,1,0.0695594499071,0.0,5.0,0.00600600600601,0,-1.76262573522,0.35743665556,5,137
557,1,6.18798296214,5.0,9.0,0.011011011011,0,0.612817027269,-0.650468119665,5,714
558,0,7.10574615629,6.0,,0.00700700700701,0,0.534800210525,0.501345524712,5,306
559,0,12.7301065144,7.0,,0.00700700700701,0,2.37307658124,0.61087677069,5,641
560,1,4.49067644527,3.0,6.0,0.016016016016,0,0.235698451842,-1.21641891026,5,626
561,1,5.60601626361,2.0,6.0,0.00600600600601,0,0.304584212084,-0.307736372638,5,416
562,0,8.82943463574,7.0,,0.00900900900901,0,1.22046834073,0.168029613534,5,623
563,1,-1.21279794656,,0.0,0.00600600600601,1,-2.17082658098,0.299681796369,5,43
564,0,10.0561290286,6.0,,0.00700700700701,0,1.73478278466,-0.148219325419,5,657
565,1,4.43641705712,4.0,5.0,0.00600600600601,1,-0.273481722655,0.256862225085,5,459
566,1,4.24324841098,4.0,5.0,0.00800800800801,1,-0.413703698498,0.484359506471,5,349
567,0,9.48733771983,5.0,,0.00700700700701,0,1.561343034,-0.196691382184,5,386
568,1,2.0237399831,2.0,3.0,0.00900900900901,1,-0.966064012704,-0.0780679787869,5,111
569,1,6.44633084776,5.0,8.0,0.00800800800801,0,0.363897499075,0.354638350532,5,559
570,1,5.24147182586,4.0,6.0,0.00900900900901,0,-0.0497252555631,0.390647592549,5,469
571,1,1.75708872257,1.0,2.0,0.00700700700701,1,-1.27368698983,0.57814969205,5,522
572,1,4.77917507505,4.0,5.0,0.00600600600601,1,-0.280927641043,0.62195799818,5,593
573,1,-0.115600865852,,0.0,0.00600600600601,1,-1.45385876882,-0.754024559402,5,44
574,0,5.47524149999,5.0,,0.00600600600601,0,0.121123714801,0.111870355589,5,134
575,1,4.27020561527,4.0,5.0,0.00700700700701,1,0.110929729727,-1.06258357391,5,229
576,1,0.796952353103,0.0,1.0,0.00600600600601,1,-1.40533792712,0.0129661344558,5,108
577,1,2.18255933783,1.0,3.0,0.013013013013,0,-0.804326895821,-0.40445997471,5,152
578,1,4.14699636053,2.0,5.0,0.00600600600601,0,-0.177726329223,-0.319824651802,5,216
579,0,6.02211590241,6.0,,0.00600600600601,0,0.309457720294,0.093742741531,5,493
580,1,2.8944106124,2.0,4.0,0.00900900900901,0,-0.623930935321,-0.233796581638,5,255
581,1,7.86995729711,3.0,8.0,0.00900900900901,0,0.79683831064,0.479442365193,5,557
582,1,2.03264752105,0.0,3.0,0.00700700700701,0,-0.788221946187,-0.602686640389,5,103
583,1,3.92043504693,3.0,4.0,0.00900900900901,1,-0.377333642397,0.0524359741193,5,247
584,1,2.10470376269,2.0,4.0,0.00800800800801,0,-0.914345666798,-0.152259236917,5,324
585,0,5.80805459409,5.0,,0.00700700700701,0,0.222255032383,0.14128949694,5,504
586,1,3.7008228856,2.0,4.0,0.00800800800801,0,-0.215210215666,-0.653546467398,5,441
587,1,1.4147246807,0.0,3.0,0.00700700700701,0,-1.40917766296,0.642257669578,5,144
588,0,6.59710739091,6.0,,0.01001001001,0,0.555014279036,-0.0679354461972,5,150
589,1,3.15351359512,2.0,4.0,0.00800800800801,0,-0.525752129327,-0.269230016902,5,113
590,0,6.63958341055,5.0,,0.00600600600601,0,0.575506748702,-0.0869368355608,5,208
591,1,6.87076148067,4.0,7.0,0.00800800800801,0,0.502034355967,0.364658412773,5,664
592,0,4.78641889855,4.0,,0.00900900900901,0,-0.109022346955,0.113485939416,5,628
593,1,1.98301729991,1.0,2.0,0.00800800800801,1,-0.977547137179,-0.084341288558,5,172
594,0,6.61865089573,6.0,,0.00600600600601,0,0.393571135722,0.437937488569,5,580
595,0,8.65675115931,7.0,,0.00800800800801,0,1.25234247397,-0.100276262592,5,621
596,0,11.0347844261,6.0,,0.00600600600601,0,2.05315065374,-0.124667535143,5,655
597,0,7.74511164254,6.0,,0.00800800800801,0,1.06524175295,-0.450613616303,5,702
598,1,4.26068709886,4.0,6.0,0.00600600600601,0,-0.263475062042,0.0511122849889,5,321
599,0,9.08063033279,6.0,,0.00700700700701,0,1.19786463229,0.487036435929,5,741
600,1,5.04199033091,5.0,6.0,0.00800800800801,1,0.119814343304,-0.317452698998,5,362
601,1,1.30378910002,1.0,2.0,0.00800800800801,1,-1.31821031296,0.258420038884,5,193
602,0,6.10622268198,6.0,,0.00700700700701,0,0.268858023395,0.299648611792,5,567
603,0,10.8543674625,5.0,,0.00600600600601,0,1.92037711113,0.0932361291454,5,88
604,1,-0.25671792476,,0.0,0.00700700700701,1,-1.57229431324,-0.539834985047,5,29
605,0,4.92588649795,4.0,,0.00700700700701,0,-0.178341727528,0.460911680528,5,526
606,1,4.85359737981,4.0,5.0,0.00800800800801,1,-0.28882398993,0.720069349604,5,436
607,0,9.97819430611,7.0,,0.00700700700701,0,1.66633717781,-0.0208172273304,5,36
608,0,11.1996457747,5.0,,0.00700700700701,0,2.22328057799,-0.470195959292,5,715
609,1,2.07292996387,2.0,5.0,0.00600600600601,0,-0.7970465932,-0.535930256533,5,256
610,0,8.78083018368,7.0,,0.00900900900901,0,1.0680439998,0.576698184289,5,96
611,0,7.61404550652,7.0,,0.00700700700701,0,1.13114811488,-0.779398838131,5,267
612,0,6.6941532076,5.0,,0.01001001001,0,0.320401366677,0.73294910757,5,97
613,1,3.31219828412,0.0,5.0,0.00600600600601,0,-0.454443158599,-0.324472240081,5,334
614,1,5.50760126599,4.0,6.0,0.00900900900901,0,0.280975114064,-0.335324076206,5,624
615,1,5.12475517433,4.0,6.0,0.00800800800801,0,-0.32954414543,1.11338761062,5,530
616,1,1.32717593316,1.0,3.0,0.00800800800801,0,-1.15843650114,-0.197514563425,5,452
617,1,5.7809766076,4.0,6.0,0.00700700700701,0,0.155542870414,0.314347996362,5,474
618,1,4.88710526984,4.0,5.0,0.00600600600601,1,-0.461095674264,1.27039229263,5,731
619,0,8.8844581475,4.0,,0.00900900900901,0,1.43563849752,-0.422457345062,5,432
620,1,5.55423327516,5.0,7.0,0.01001001001,0,-0.196545847272,1.14387081697,5,528
621,1,5.36500810731,5.0,6.0,0.00900900900901,1,0.240689461922,-0.357060278453,5,337
622,1,4.08537468302,3.0,5.0,0.00700700700701,0,-0.497452923576,0.577733453748,5,534
623,0,7.55536811853,4.0,,0.00600600600601,0,0.635148251482,0.649923364085,5,476
624,1,1.918588088,0.0,2.0,0.00700700700701,0,-1.18093575029,0.461395338886,5,115
625,0,7.79856120202,7.0,,0.00900900900901,0,1.03098632761,-0.294397780812,5,616
626,1,5.14028466012,5.0,6.0,0.00700700700701,1,-0.0325957462304,0.238071898809,5,656
627,0,10.055738071,6.0,,0.00600600600601,0,1.49227031009,0.578927140726,5,609
628,1,5.84968026901,3.0,6.0,0.00600600600601,0,0.267541954179,0.0470544064716,5,382
629,1,1.19332331,1.0,2.0,0.00900900900901,1,-1.18771880495,-0.243520275134,5,141
630,1,4.92419840115,4.0,6.0,0.00600600600601,0,0.196410508454,-0.665033124215,5,662
631,1,-2.21764230044,,0.0,0.00800800800801,1,-2.42997880058,0.072294101306,5,19
632,1,0.895101155524,0.0,1.0,0.00600600600601,1,-1.32506399134,-0.129706870469,5,56
633,1,3.84421121161,3.0,4.0,0.00700700700701,1,-0.632849956506,0.742761081131,5,456
634,1,3.67976608326,3.0,6.0,0.01001001001,0,-0.535508084441,0.286290336586,5,691
635,1,-1.69106260589,,0.0,0.00700700700701,1,-2.26059706727,0.0907285959273,5,13
636,1,2.62261541626,2.0,5.0,0.00600600600601,0,-0.672665538673,-0.359387967723,5,590
637,0,8.84581446223,6.0,,0.00700700700701,0,1.63226087059,-1.05096814955,5,421
638,0,7.11403161716,5.0,,0.00600600600601,0,0.818540129504,-0.341588771349,5,262
639,1,4.74574555136,4.0,5.0,0.00700700700701,1,0.300018940582,-1.15431127038,5,677
640,1,3.94949580112,3.0,4.0,0.00800800800801,1,-0.37869756901,0.0855885081505,5,415
641,1,3.89799749369,2.0,4.0,0.00600600600601,0,-0.160480841647,-0.620559981369,5,212
642,1,0.441449487653,0.0,1.0,0.00700700700701,1,-1.64412473782,0.373823701122,5,101
643,0,9.98259255009,6.0,,0.00600600600601,0,1.39457520312,0.798866940724,5,542
644,1,0.792198035064,,1.0,0.00600600600601,0,-1.20012813025,-0.607417574195,5,107
645,1,5.72140540536,5.0,6.0,0.00800800800801,1,0.145498396729,0.284910215174,5,716
646,1,0.546791067146,0.0,1.0,0.00800800800801,1,-1.55520392526,0.212402842938,5,161
647,1,4.48581462915,2.0,5.0,0.00700700700701,0,-0.073837881168,-0.292671727343,5,421
648,0,7.53080691807,6.0,,0.00800800800801,0,0.739597116251,0.312015569321,5,507
649,0,5.30959225297,5.0,,0.00700700700701,0,0.224831036444,-0.364900856364,5,262
650,1,2.91335795029,0.0,3.0,0.00900900900901,0,-0.507943066641,-0.562812849789,5,299
651,0,5.90407556867,5.0,,0.00600600600601,0,0.139688267758,0.485010765398,5,491
652,0,12.0328429082,5.0,,0.00600600600601,0,2.23879369385,0.316461826629,5,459
653,0,7.83810873989,7.0,,0.00900900900901,0,0.906833023751,0.117609668633,5,333
654,1,0.457492483619,,2.0,0.00600600600601,0,-1.51675308883,0.00775175010793,5,120
655,1,7.14824709967,7.0,8.0,0.00800800800801,1,0.773613521549,-0.172593464979,5,654
656,0,6.17131273912,6.0,,0.00600600600601,0,0.177754947075,0.638047897901,5,627
657,1,3.4432341861,3.0,5.0,0.00600600600601,0,-0.449471844046,-0.208350281759,5,240
658,0,8.68582234555,7.0,,0.00700700700701,0,0.94836647475,0.840722921304,5,536
659,1,-1.31875677277,,0.0,0.00700700700701,1,-2.0964193752,-0.0294986471593,5,50
660,1,4.54255193752,4.0,5.0,0.00700700700701,1,0.0431872791596,-0.587009899964,5,726
661,0,7.09006223363,4.0,,0.011011011011,0,0.847327287476,-0.451919628796,5,406
662,1,1.48252641379,1.0,5.0,0.00900900900901,0,-1.40222781689,0.689209864471,5,194
663,1,1.44743398792,1.0,2.0,0.00800800800801,1,-1.30325403746,0.357196100286,5,86
664,1,3.62032744888,3.0,4.0,0.00700700700701,1,-0.258895404039,-0.602986339,5,686
665,1,4.55755949333,,5.0,0.00700700700701,0,-0.0189617120732,-0.385555370451,5,398
666,1,6.54412458253,6.0,7.0,0.00800800800801,1,0.352267232839,0.487322884009,5,516
667,1,3.51993278951,3.0,4.0,0.00600600600601,1,-0.273448734373,-0.659721007369,5,649
668,0,5.42698299175,5.0,,0.00700700700701,0,0.0584820834157,0.251536741507,5,537
669,1,4.2030224399,4.0,5.0,0.00600600600601,1,-0.414723711963,0.447193575788,5,524
670,1,5.29226127533,5.0,6.0,0.00900900900901,1,0.073913954568,0.0705194116282,5,549
671,1,-1.28288430644,,1.0,0.00600600600601,0,-2.00321456678,-0.273240606111,5,54
672,1,-1.94327459864,,0.0,0.00900900900901,1,-2.35005624684,0.106894141876,5,28
673,1,-2.59313044429,,0.0,0.00700700700701,1,-2.62832715887,0.291851032333,5,12
674,1,1.53848313166,1.0,5.0,0.00700700700701,0,-1.29331235457,0.418420195363,5,143
675,1,4.72452356436,4.0,5.0,0.00800800800801,1,-0.0288439163806,-0.188944686499,5,430
676,0,8.86288008298,5.0,,0.00800800800801,0,1.1011111099,0.559546753282,5,16
677,1,1.85960887157,1.0,4.0,0.01001001001,0,-0.74214743132,-0.91394883447,5,165
678,1,2.02103366571,2.0,3.0,0.01001001001,1,-1.26310654046,0.810353287095,5,301
679,1,0.985793987876,0.0,3.0,0.00700700700701,0,-1.24085846216,-0.291630625654,5,329
680,1,2.25158401342,,4.0,0.00800800800801,0,-0.929685202554,0.0406396210875,5,296
681,1,1.91269604591,1.0,6.0,0.00700700700701,0,-0.790457848784,-0.715930407734,5,688
682,1,-0.74406366955,,0.0,0.00700700700701,1,-1.8179787347,-0.290127465438,5,4
683,1,2.88035981742,2.0,3.0,0.00600600600601,1,-0.591695563944,-0.344553490746,5,527
684,0,7.73579432204,6.0,,0.00600600600601,0,1.03801264353,-0.378243608543,5,652
685,1,6.2049445205,6.0,7.0,0.00700700700701,1,0.238101923451,0.49063875015,5,692
686,0,7.87562458058,6.0,,0.00700700700701,0,0.955798594761,0.00822879629262,5,462
687,1,2.50098113058,1.0,3.0,0.00600600600601,0,-0.89104515239,0.174116587756,5,350
688,1,4.70123075523,4.0,6.0,0.00700700700701,0,-0.239043778972,0.418362092151,5,710
689,1,6.16404013261,5.0,7.0,0.00700700700701,0,0.267825800899,0.360562729918,5,603
690,1,4.59667446688,0.0,6.0,0.00800800800801,0,-0.391162940199,0.770163287476,5,705
691,1,2.68902563349,2.0,4.0,0.00600600600601,0,-0.828331242474,0.174019360909,5,521
692,0,5.93773629629,5.0,,0.00600600600601,0,0.131383067972,0.543587092375,5,680
693,1,1.90871485286,0.0,2.0,0.00700700700701,0,-1.15289400422,0.367396865526,5,179
694,1,1.87846356077,0.0,4.0,0.00700700700701,0,-0.815644821079,-0.674601975987,5,446
695,1,2.79532309045,0.0,3.0,0.00600600600601,0,-0.642707669162,-0.276553902063,5,261
696,0,9.33585033861,6.0,,0.00600600600601,0,1.3642229139,0.243181596914,5,479
697,1,3.2675322143,3.0,5.0,0.00700700700701,0,-0.686819944085,0.327992046556,5,544
698,0,6.85598378374,6.0,,0.00700700700701,0,0.655880359129,-0.111657293649,5,474
699,1,4.78313473864,1.0,7.0,0.00700700700701,0,-0.0128574989028,-0.17829276465,5,612
700,0,10.5156716569,4.0,,0.00600600600601,0,1.58669875076,0.755575404657,5,267
701,1,3.91494872308,3.0,4.0,0.00600600600601,1,-0.237136458113,-0.373641902577,5,266
702,1,2.83756907372,0.0,3.0,0.00700700700701,0,-0.744516131043,0.0711174668476,5,157
703,1,0.801106467512,,2.0,0.00600600600601,0,-1.20169037163,-0.593822417586,5,105
704,0,6.17977525543,6.0,,0.00700700700701,0,0.422353446665,-0.0872850845673,5,467
705,0,6.23927565612,6.0,,0.00700700700701,0,0.360800714696,0.156873512035,5,547
706,1,4.9248373898,4.0,6.0,0.00800800800801,0,-0.126460141641,0.304217814725,5,280
707,1,5.48959148669,5.0,6.0,0.00700700700701,1,-0.0178480447344,0.543135620894,5,678
708,1,2.11346001777,0.0,6.0,0.00600600600601,0,-1.102799724,0.421859189775,5,340
709,1,4.66281989939,4.0,5.0,0.00600600600601,1,-0.000646957974401,-0.335239226684,5,636
710,1,1.65943591816,0.0,3.0,0.00700700700701,0,-1.10448685835,-0.0271035067953,5,175
711,1,2.24873235365,2.0,4.0,0.00700700700701,0,-0.824178409641,-0.278732417426,5,543
712,1,2.91233980721,1.0,4.0,0.00700700700701,0,-0.786565986716,0.272037767357,5,399
713,1,5.0408712848,5.0,6.0,0.00600600600601,1,-0.0383456824723,0.155908332214,5,728
714,0,5.56660640742,5.0,,0.01001001001,0,0.349592644128,-0.482171524963,5,559
715,1,2.33166747572,2.0,4.0,0.00900900900901,0,-0.684653348892,-0.614372477604,5,531
716,0,5.92705280194,5.0,,0.00700700700701,0,0.0704032423989,0.715843074746,5,647
717,0,5.00262773192,5.0,,0.00700700700701,0,0.0514615216321,-0.151756832974,5,235
718,0,8.00005055441,5.0,,0.00800800800801,0,1.14312992876,-0.429339231869,5,186
719,1,5.72164937543,3.0,6.0,0.00800800800801,0,0.332088197836,-0.274615218079,5,542
720,0,7.23520177479,4.0,,0.00700700700701,0,0.60357083001,0.424489284756,5,550
721,1,2.82784964521,2.0,3.0,0.00700700700701,1,-0.709348391624,-0.044105179916,5,226
722,1,1.46402697827,,3.0,0.00600600600601,0,-1.25927584617,0.241854516771,5,138
723,0,10.3770442192,5.0,,0.00700700700701,0,1.56604957433,0.678895496166,5,390
724,1,5.44740455924,5.0,7.0,0.01001001001,0,0.305573925028,-0.469317215839,5,354
725,0,7.20100162522,6.0,,0.00600600600601,0,0.70247793754,0.0935678125974,5,254
726,1,4.65134674783,3.0,6.0,0.00600600600601,0,0.0417700523336,-0.47396340917,5,512
727,0,9.34052160794,4.0,,0.00600600600601,0,1.35053305,0.288922457942,5,492
728,1,-1.15433450955,,0.0,0.00800800800801,1,-2.18789350223,0.409345997139,5,6
729,0,7.82513059087,5.0,,0.00600600600601,0,0.472182483172,1.40858314135,5,606
730,0,7.13733108755,6.0,,0.00900900900901,0,0.513645243932,0.596395355752,5,589
731,0,6.85263388686,5.0,,0.00700700700701,0,0.849065754352,-0.694563376201,5,197
732,0,10.5814874261,6.0,,0.00700700700701,0,1.65491803486,0.616733321494,5,427
733,0,6.16818081257,5.0,,0.00700700700701,0,0.592183504506,-0.60836970095,5,659
734,1,5.30624152655,5.0,6.0,0.00900900900901,1,0.0659481692544,0.108397018783,5,672
735,0,5.23335403671,5.0,,0.00800800800801,0,0.0703948827532,0.0221693884489,5,237
736,0,12.6720025185,7.0,,0.00700700700701,0,2.37057907543,0.560265292198,5,315
737,1,4.45278941653,3.0,5.0,0.00900900900901,0,-0.0659040680063,-0.349498379446,5,443
738,0,5.64385729757,4.0,,0.00800800800801,0,0.0868235736545,0.383386576609,5,606
739,0,7.00563067149,4.0,,0.00600600600601,0,0.640612485137,0.0837932160735,5,601
740,0,10.6810386028,6.0,,0.00700700700701,0,2.29029314702,-1.1898408382,5,433
741,0,6.43434285644,6.0,,0.00700700700701,0,0.304935105782,0.519537539098,5,573
742,1,4.88503288995,4.0,5.0,0.00700700700701,1,0.0801624522136,-0.35545446669,5,458
743,0,8.70659123728,5.0,,0.00600600600601,0,1.07627536161,0.477765152433,5,78
744,0,6.87078644457,6.0,,0.00600600600601,0,0.352384302566,0.813633536868,5,721
745,1,3.3683508482,2.0,6.0,0.00800800800801,0,-0.345643945637,-0.594717314889,5,344
746,1,0.155276309816,0.0,3.0,0.00700700700701,0,-1.47785955057,-0.411145038488,5,130
747,0,6.5402539179,5.0,,0.00600600600601,0,0.655689084717,-0.426813336254,5,463
748,1,0.697296237806,0.0,2.0,0.00900900900901,0,-1.5520892178,0.353563891204,5,41
749,0,7.36463373659,4.0,,0.01001001001,0,0.639801301629,0.445229831704,5,737
750,1,3.79489801106,3.0,5.0,0.00700700700701,0,-0.391170870773,-0.0315893766203,5,638
751,1,2.43741233879,2.0,3.0,0.00900900900901,1,-1.09056435885,0.709105415343,5,555
752,0,7.52999042572,5.0,,0.00600600600601,0,0.834870903205,0.0253777161026,5,304
753,1,2.41754546272,0.0,6.0,0.00800800800801,0,-1.17196226923,0.933432270404,5,319
754,1,2.51235854763,1.0,4.0,0.00600600600601,0,-0.877789743507,0.145727778152,5,381
755,0,7.26612263562,6.0,,0.00700700700701,0,0.88822595849,-0.398555239855,5,313
756,1,4.036925447,4.0,5.0,0.00600600600601,1,-0.407320227402,0.258886129207,5,451
757,1,2.63675412567,0.0,4.0,0.00700700700701,0,-0.689894572709,-0.293562156205,5,429
758,1,0.681102316502,0.0,1.0,0.00600600600601,1,-1.45112730226,0.0344842232851,5,151
759,0,6.74636709556,5.0,,0.00800800800801,0,0.495940180867,0.258546552959,5,505
760,1,6.10376815794,6.0,7.0,0.00700700700701,1,0.275434324894,0.277465183259,5,667
761,0,6.76749869123,6.0,,0.00600600600601,0,0.507036556523,0.246389021661,5,602
762,0,9.00464865279,7.0,,0.00800800800801,0,1.37658323276,-0.125101045502,5,570
763,0,7.18071977261,4.0,,0.00600600600601,0,0.740664768184,-0.0412745319422,5,361
764,0,12.3684321666,5.0,,0.00600600600601,0,2.57415046489,-0.354019228083,5,528
765,1,2.25715143224,0.0,4.0,0.00600600600601,0,-0.459807018435,-1.36342751246,5,262
766,0,6.16052541328,4.0,,0.00600600600601,0,0.12787251323,0.77690787359,5,515
767,1,3.91770934508,0.0,4.0,0.00700700700701,0,-0.196721762307,-0.492125367995,5,629
768,0,4.65864911477,4.0,,0.00700700700701,0,0.123039038616,-0.710468001075,5,610
769,0,5.68192502151,5.0,,0.00600600600601,0,0.247637926579,-0.0609887582262,5,638
770,1,4.83668502536,2.0,6.0,0.00600600600601,0,0.117218655378,-0.514970940772,5,673
771,1,-1.49305532094,,1.0,0.00600600600601,0,-2.18753201554,0.069540725676,5,7
772,1,2.74584379607,2.0,6.0,0.00700700700701,0,-0.672555171605,-0.23649068912,5,618
773,0,6.05854430002,6.0,,0.00600600600601,0,0.117858387577,0.704969137285,5,155
774,1,0.253272056536,0.0,1.0,0.00600600600601,1,-1.02018878038,-1.68616160232,5,274
775,1,3.09506132963,3.0,4.0,0.00600600600601,1,-0.786185513049,0.453617868778,5,539
776,0,11.3889605085,6.0,,0.00600600600601,0,2.34373272936,-0.642237679555,5,530
777,0,6.39125623909,5.0,,0.00700700700701,0,0.374013134928,0.269216834303,5,86
778,0,7.95202449265,4.0,,0.00600600600601,0,0.988574769605,-0.0136998161675,5,613
779,0,4.01734043322,3.0,,0.00600600600601,0,-0.277672980036,-0.149640626675,5,460
780,0,8.56072505045,5.0,,0.00600600600601,0,1.29805465688,-0.333438920191,5,394
781,1,2.84232064915,2.0,3.0,0.00600600600601,1,-0.801606619984,0.247140509103,5,312
782,0,9.09043667713,5.0,,0.00600600600601,0,1.39424065809,-0.0922852971396,5,252
783,1,0.708404876996,0.0,1.0,0.00700700700701,1,-1.18978924011,-0.72222740267,5,48
784,0,7.32332767048,7.0,,0.00900900900901,0,0.957641646391,-0.549597268692,5,720
785,0,7.58567799451,5.0,,0.00700700700701,0,0.767480657888,0.283236020847,5,135
786,0,5.80611643101,4.0,,0.00600600600601,0,0.338376179094,-0.209012106274,5,402
787,0,7.08792336245,6.0,,0.00700700700701,0,0.617435365683,0.235617265403,5,578
788,1,4.97987695565,4.0,5.0,0.00800800800801,1,0.272178973011,-0.836659963383,5,567
789,1,3.78068625903,3.0,5.0,0.00700700700701,0,-0.493692782064,0.261764605223,5,379
790,1,4.76657397681,1.0,5.0,0.00600600600601,0,-0.0114719800562,-0.199010083019,5,613
791,1,2.46974976166,2.0,4.0,0.00600600600601,0,-0.793026731072,-0.151170045122,5,630
792,1,2.47114131256,2.0,3.0,0.00700700700701,1,-0.613383893309,-0.688707007508,5,345
793,1,7.19428660308,7.0,8.0,0.01001001001,1,0.71426042941,0.0515053148537,5,702
794,1,2.32202071748,1.0,4.0,0.00800800800801,0,-0.861164471068,-0.0944858693206,5,462
795,1,4.5122208384,2.0,5.0,0.00700700700701,0,-0.451075386886,0.865446999057,5,540
796,1,4.01841313204,4.0,5.0,0.00700700700701,1,-0.368673846511,0.124434671577,5,631
797,0,6.8730015433,6.0,,0.00700700700701,0,0.403810983398,0.661568593103,5,576
798,0,7.89206425969,5.0,,0.00600600600601,0,1.25558632999,-0.874694730269,5,478
799,1,-5.00516539955,,0.0,0.00600600600601,1,-2.94493423346,-1.17036269916,5,1
800,1,5.17931524077,5.0,6.0,0.00700700700701,1,0.0261559305343,0.100847449166,5,635
801,1,0.711580799207,,1.0,0.00700700700701,0,-1.44532229138,0.0475476733582,5,45
802,1,1.70491099411,1.0,3.0,0.00600600600601,0,-1.08567926012,-0.0380512255184,5,276
803,1,3.2725011891,2.0,4.0,0.00700700700701,0,-0.473815801161,-0.30605140742,5,406
804,0,5.53856904671,5.0,,0.00700700700701,0,0.0308676729952,0.445966027725,5,518
805,1,-0.373454408828,,0.0,0.00600600600601,1,-1.84118877327,0.150111910977,5,18
806,0,11.5586230959,5.0,,0.00700700700701,0,2.12208876104,0.192356812794,5,674
807,1,2.19276342144,2.0,4.0,0.00600600600601,0,-1.02762049078,0.275624893773,5,311
808,1,2.5444785485,2.0,4.0,0.00700700700701,0,-0.798674601422,-0.0594976472296,5,327
809,1,1.22835739983,0.0,2.0,0.00800800800801,0,-1.13046789735,-0.380238908118,5,182
810,1,3.99378281099,3.0,4.0,0.00900900900901,1,-0.619535864888,0.852390405654,5,191
811,0,7.30405784276,6.0,,0.00800800800801,0,0.8389914684,-0.212916562442,5,581
812,1,1.89702424856,1.0,2.0,0.00600600600601,1,-0.825057925844,-0.627801973903,5,336
813,0,9.98199518511,6.0,,0.00700700700701,0,1.36357168074,0.891280142901,5,500
814,1,5.59804978573,5.0,6.0,0.00700700700701,1,-0.00865281682278,0.624008236199,5,622
815,1,5.65321632314,5.0,6.0,0.00600600600601,1,0.402643321122,-0.55471364023,5,717
816,1,1.86241255859,1.0,4.0,0.00800800800801,0,-1.0228508121,-0.0690350051009,5,466
817,0,9.38350246305,7.0,,0.00700700700701,0,1.18918957258,0.815933745326,5,264
818,1,3.70125979471,2.0,4.0,0.00600600600601,0,-0.630818867981,0.593716398656,5,614
819,0,7.46357219924,5.0,,0.00600600600601,0,0.949423818329,-0.384699255745,5,634
820,1,4.0452821241,4.0,6.0,0.00600600600601,0,-0.441350350179,0.369333174635,5,737
821,1,3.75710602478,3.0,4.0,0.00600600600601,1,-0.0692453113975,-1.03515804102,5,503
822,0,10.0867033796,6.0,,0.00700700700701,0,1.55294526601,0.427867581608,5,410
823,1,1.99114547918,1.0,2.0,0.00700700700701,1,-1.102321892,0.298111155172,5,146
824,1,0.174017408467,0.0,2.0,0.00600600600601,0,-1.19933730429,-1.22797067866,5,272
825,1,2.50112710792,2.0,3.0,0.00800800800801,1,-0.726605781782,-0.319055546735,5,520
826,0,7.94491479985,5.0,,0.00600600600601,0,1.11609320659,-0.40336481993,5,58
827,0,8.18981052159,6.0,,0.00700700700701,0,0.843927271202,0.658028707982,5,165
828,0,5.1032735073,4.0,,0.00700700700701,0,-0.236601242554,0.813077234962,5,330
829,0,10.4432252043,6.0,,0.00600600600601,0,1.76331823799,0.153270490277,5,645
830,0,8.16711379204,5.0,,0.00700700700701,0,0.795576424182,0.780384519497,5,433
831,1,3.62730238805,2.0,4.0,0.00700700700701,0,-0.569230549882,0.334994037699,5,572
832,1,2.08014493951,1.0,5.0,0.00700700700701,0,-1.21988227885,0.739791776074,5,480
833,1,5.09034859456,3.0,6.0,0.00600600600601,0,-0.128502695175,0.475856680088,5,564
834,0,5.34864944155,5.0,,0.00800800800801,0,0.0585184412296,0.173094117858,5,738
835,1,4.81745322043,4.0,5.0,0.00700700700701,1,0.029270487629,-0.27035824246,5,526
836,1,2.99521785317,2.0,3.0,0.00600600600601,1,-0.544234249588,-0.372079398066,5,190
837,1,1.96268554998,,2.0,0.00700700700701,0,-0.907957127473,-0.313443067598,5,47
838,0,4.23382608235,4.0,,0.00600600600601,0,-0.0360908431908,-0.657901388082,5,695
839,1,3.93070359345,3.0,4.0,0.00900900900901,1,-0.329054706728,-0.0821322863642,5,391
840,0,8.99241374895,5.0,,0.00600600600601,0,1.1211573994,0.628941550748,5,732
841,1,2.93896779949,2.0,3.0,0.00600600600601,1,-0.78488572486,0.293624974074,5,568
842,0,6.25302052508,6.0,,0.00600600600601,0,0.502287694778,-0.253842559251,5,420
843,1,5.80555896278,5.0,6.0,0.00600600600601,1,0.376321842205,-0.323406563836,5,475
844,1,-1.46466174725,,0.0,0.00600600600601,1,-2.40744102732,0.757661334696,5,15
845,0,9.61619306772,5.0,,0.00700700700701,0,1.49705017311,0.125042548385,5,248
846,1,5.61044827264,5.0,6.0,0.00600600600601,1,0.254580578258,-0.153293462135,5,552
847,0,7.91013795688,7.0,,0.00700700700701,0,1.08643244587,-0.34915938073,5,501
848,1,3.44381105529,3.0,5.0,0.00600600600601,0,-0.485596596255,-0.0993991559424,5,450
849,1,4.58615951743,4.0,5.0,0.00600600600601,1,0.176682891766,-0.943889157863,5,563
850,0,9.41890916161,5.0,,0.00800800800801,0,1.4672088938,0.01728248022,5,75
851,1,3.89768632759,1.0,5.0,0.00600600600601,0,-0.306703796248,-0.182202283663,5,565
852,1,2.3733876202,1.0,3.0,0.00600600600601,0,-0.722403628971,-0.459401492884,5,464
853,1,4.32204465345,4.0,5.0,0.00700700700701,1,-0.427554876046,0.604709281585,5,574
854,1,-0.0325896761564,,0.0,0.00600600600601,1,-1.94855427888,0.813073160483,5,74
855,0,5.31968764662,5.0,,0.00600600600601,0,0.122093011625,-0.0465913882568,5,120
856,0,4.57551045323,4.0,,0.00600600600601,0,-0.0803434258683,-0.183459269165,5,740
857,0,5.15147694554,5.0,,0.00600600600601,0,-0.130211375312,0.542111071476,5,430
858,1,5.16966764522,1.0,6.0,0.00700700700701,0,0.320608225309,-0.792157030707,5,660
859,1,5.2257471573,5.0,6.0,0.00700700700701,1,0.139462923671,-0.192641613714,5,637
860,1,3.64423871729,3.0,6.0,0.00600600600601,0,-0.449519881755,-0.00720163744766,5,627
861,0,8.00471966436,6.0,,0.00600600600601,0,0.948688322423,0.158654697094,5,496
862,1,5.77554792912,4.0,6.0,0.00700700700701,0,0.359334183833,-0.302454622376,5,585
863,0,7.85908506266,4.0,,0.00600600600601,0,0.935959029304,0.0512079747422,5,651
864,1,3.35501439239,3.0,4.0,0.00700700700701,1,-0.562705201476,0.0431299968145,5,685
865,1,5.64124267218,5.0,6.0,0.00600600600601,1,0.123705741603,0.270125447369,5,711
866,0,7.72661909825,4.0,,0.00700700700701,0,0.808015868268,0.302571493451,5,279
867,0,5.61881253873,4.0,,0.00700700700701,0,0.119594694706,0.260028454613,5,396
868,1,1.07998834994,0.0,3.0,0.00600600600601,0,-1.14880017554,-0.473611123452,5,88
869,1,2.73185110701,2.0,5.0,0.00700700700701,0,-0.708578966116,-0.142411994639,5,439
870,0,7.58122971775,5.0,,0.00600600600601,0,0.743329276826,0.351241887268,5,27
871,0,5.64400212787,5.0,,0.00600600600601,0,0.191997519159,0.0680095703938,5,7
872,1,4.87709683233,3.0,5.0,0.00700700700701,0,0.180939992242,-0.665723144393,5,461
873,0,8.87800863034,6.0,,0.00700700700701,0,1.57237080306,-0.839103778829,5,729
874,1,-0.539585031591,,0.0,0.00600600600601,1,-1.64288249379,-0.610937550211,5,24
875,0,4.27540310126,4.0,,0.00700700700701,0,-0.454885953604,0.640060962075,5,44
876,1,2.64229451812,2.0,3.0,0.00600600600601,1,-1.0366976903,0.752387589014,5,277
877,1,2.90316428794,2.0,4.0,0.00700700700701,0,-0.965920044012,0.800924419981,5,468
878,0,8.67977588952,4.0,,0.00700700700701,0,1.41620574826,-0.568841355274,5,604
879,0,9.65103994781,6.0,,0.00700700700701,0,1.65405832188,-0.311135017818,5,294
880,1,4.0088871501,4.0,5.0,0.00600600600601,1,-0.178624288841,-0.455239983381,5,730
881,1,3.841372743,2.0,4.0,0.00700700700701,0,-0.351919353327,-0.102869197021,5,283
882,0,9.62505665903,5.0,,0.00600600600601,0,1.3259954354,0.647070352818,5,703
883,1,3.38289975014,3.0,4.0,0.00600600600601,1,-0.482526759897,-0.169519970167,5,476
884,0,7.91521090473,5.0,,0.00600600600601,0,0.953569800809,0.0545015023075,5,540
885,1,-3.58767319014,,1.0,0.00600600600601,0,-2.71574995982,-0.440423310683,5,35
886,0,6.10346783845,6.0,,0.00700700700701,0,0.294878525057,0.218832263282,5,460
887,1,5.36509372062,4.0,6.0,0.00600600600601,0,0.105553191666,0.0484341456269,5,639
888,1,4.01048710953,4.0,5.0,0.00600600600601,1,-0.340981096717,0.0334303996781,5,663
889,0,9.24798976083,5.0,,0.00700700700701,0,1.35141324977,0.193750011522,5,105
890,1,1.92899002449,,2.0,0.00600600600601,0,-0.850510888758,-0.519477309234,5,49
891,0,6.68411514766,5.0,,0.00600600600601,0,0.570294442046,-0.0267681784764,5,713
892,0,9.73515681145,6.0,,0.00600600600601,0,1.40604223511,0.517030106122,5,212
893,0,6.4583943264,6.0,,0.00600600600601,0,0.540551219301,-0.163259331507,5,719
894,1,-1.0159983153,,0.0,0.00500500500501,1,-1.81379665298,-0.574608356361,5,73
895,0,6.13000610108,4.0,,0.00600600600601,0,0.035047198432,1.02486450578,5,341
896,0,9.64658557974,3.0,,0.00700700700701,0,1.4875974067,0.183793359645,5,569
897,0,5.15690270039,4.0,,0.00600600600601,0,0.185948588572,-0.400943065327,5,545
898,1,-0.293615017808,,0.0,0.00600600600601,1,-1.76675162803,0.00663986628381,5,20
899,0,7.77011641224,4.0,,0.00600600600601,0,1.03246995923,-0.327293465449,5,539
900,1,4.59766191831,3.0,5.0,0.00600600600601,0,-0.313671226821,0.538675598772,5,712
901,1,3.36073838431,3.0,4.0,0.00600600600601,1,-0.391062007407,-0.466075593469,5,519
902,0,6.71203605199,5.0,,0.00700700700701,0,0.612554040918,-0.125626070766,5,89
903,1,4.43864146523,0.0,6.0,0.00700700700701,0,-0.208270319739,0.0634524244523,5,523
904,1,4.69644998074,4.0,5.0,0.00600600600601,1,0.00883267492986,-0.330048044048,5,417
905,1,1.7586621037,1.0,2.0,0.00600600600601,1,-0.733724593745,-1.04016411506,5,217
906,1,4.91558547878,4.0,5.0,0.00600600600601,1,-0.0647364425059,0.109794806294,5,607
907,1,2.78702852917,2.0,3.0,0.00600600600601,1,-0.617491917359,-0.360495718758,5,231
908,1,4.15929968699,4.0,5.0,0.00600600600601,1,-0.264873107959,-0.0460809891271,5,397
909,1,3.23775553699,3.0,6.0,0.00700700700701,0,-0.979324595264,1.17572932279,5,628
910,1,3.81144139338,3.0,4.0,0.00600600600601,1,-0.711657213449,0.946413033727,5,343
911,1,4.91253636347,4.0,5.0,0.00700700700701,1,-0.0650080931148,0.107560642817,5,708
912,1,5.44315769383,5.0,6.0,0.00600600600601,1,0.285921127275,-0.414605687993,5,706
913,1,1.7868703988,,3.0,0.00700700700701,0,-0.822212600749,-0.746491798952,5,189
914,1,5.95782776889,5.0,6.0,0.00600600600601,1,0.00744965739233,0.935478796717,5,721
915,1,5.31307018744,5.0,6.0,0.00600600600601,1,0.0788104951545,0.0766387019774,5,682
916,1,4.30492251503,4.0,6.0,0.00600600600601,0,-0.247503920777,0.0474342773586,5,697
917,1,-3.38190532515,,0.0,0.00600600600601,1,-2.70218897621,-0.275338396523,5,53
918,1,4.85011675547,3.0,5.0,0.00600600600601,0,-0.374158572032,0.972592471562,5,720
919,0,7.38042130863,6.0,,0.00600600600601,0,0.685659598336,0.323442513621,5,266
920,0,8.73578513361,6.0,,0.00600600600601,0,1.21527008939,0.0899748654494,5,490
921,1,6.18030788218,2.0,7.0,0.00700700700701,0,0.33923880253,0.162591474589,5,488
922,1,2.55782893081,2.0,3.0,0.00600600600601,1,-0.608858991897,-0.615594093502,5,700
923,0,8.76135226957,4.0,,0.00600600600601,0,1.27775948272,-0.0719261785926,5,471
924,1,4.77530520644,4.0,5.0,0.00600600600601,1,-0.023127477948,-0.155312359712,5,435
925,0,8.87023430295,4.0,,0.00600600600601,0,1.65686394376,-1.10035752832,5,210
926,0,7.95644446157,5.0,,0.00600600600601,0,1.03042392277,-0.134827306752,5,5
927,1,0.624229352896,,1.0,0.00700700700701,0,-1.54478345501,0.258579717913,5,60
928,1,1.55216319922,0.0,2.0,0.00700700700701,0,-1.23806297325,0.266352118968,5,332
929,1,1.77030654157,1.0,3.0,0.00600600600601,0,-0.92054291856,-0.468064702747,5,376
930,1,2.17461049677,0.0,3.0,0.00700700700701,0,-0.817224101119,-0.373717199871,5,134
931,1,4.83283519598,1.0,5.0,0.00700700700701,0,-0.0362599763821,-0.0583848748722,5,535
932,0,8.16088939345,6.0,,0.00600600600601,0,0.909254014907,0.433127348729,5,489
933,1,3.76103315785,3.0,4.0,0.00600600600601,1,-0.652160744058,0.717515390021,5,683
934,1,-2.20382498271,,0.0,0.00600600600601,1,-2.54250591877,0.423692773602,5,31
935,1,2.30223705642,2.0,4.0,0.00600600600601,0,-0.707527781463,-0.575179599189,5,525
936,1,3.63490718255,0.0,5.0,0.00600600600601,0,-0.313431400062,-0.424798617267,5,623
937,0,7.35761216914,5.0,,0.00600600600601,0,0.578085506017,0.623355651087,5,452
938,0,7.73471559903,5.0,,0.00600600600601,0,0.874834030608,0.110213507211,5,379
939,0,6.1643576488,5.0,,0.00600600600601,0,0.219028394531,0.507272465201,5,398
940,1,-0.562282953916,,1.0,0.00600600600601,0,-1.69356087245,-0.481600336554,5,116
941,1,3.06870770626,3.0,4.0,0.00600600600601,1,-0.346408865717,-0.892065696586,5,203
942,0,8.94810918454,5.0,,0.00600600600601,0,1.31490940171,0.00338097940664,5,81
943,0,7.5250306972,6.0,,0.00600600600601,0,0.819430161516,0.0667402126536,5,451
944,0,6.66507323504,6.0,,0.00600600600601,0,0.591359274203,-0.109004587572,5,8
945,1,2.74638232398,1.0,4.0,0.00600600600601,0,-0.75783290117,0.0198810274847,5,215
946,1,3.19386750317,1.0,4.0,0.00600600600601,0,-0.545552398468,-0.169475301425,5,558
947,1,5.17920133722,5.0,6.0,0.00600600600601,1,-0.020363359471,0.240291415631,5,541
948,0,9.17139846958,5.0,,0.00600600600601,0,1.12316701747,0.801897417182,5,697
949,1,4.14327442774,3.0,5.0,0.00600600600601,0,-0.455340991876,0.509297403368,5,412
950,0,8.75897286603,4.0,,0.00600600600601,0,0.943677725426,0.927939689752,5,69
951,0,4.78953885027,3.0,,0.00600600600601,0,0.071657243087,-0.425432878991,5,510
952,0,10.8603056606,5.0,,0.00600600600601,0,1.82660644197,0.380486334681,5,100
953,0,4.85411362169,3.0,,0.00600600600601,0,0.261630065152,-0.930776573766,5,701
954,1,4.87372640335,0.0,5.0,0.00600600600601,0,-0.248705723578,0.619843574088,5,423
955,1,2.79589623269,1.0,3.0,0.00700700700701,0,-0.495181751563,-0.718558512622,5,225
956,1,4.46977870097,4.0,5.0,0.00600600600601,1,0.26276328839,-1.3185111642,5,589
957,0,7.52592921443,4.0,,0.00600600600601,0,0.528585918086,0.940171460167,5,213
958,0,9.79266347013,6.0,,0.00600600600601,0,1.62152452712,-0.0719101112326,5,476
959,1,1.31803885522,1.0,2.0,0.00600600600601,1,-0.8639884835,-1.08999569428,5,159
960,1,4.39992466289,4.0,6.0,0.00600600600601,0,-0.334495631562,0.403411557574,5,597
961,1,3.59492399962,0.0,4.0,0.00600600600601,0,-0.427158199474,-0.123601401962,5,372
962,1,4.94190359575,,5.0,0.00600600600601,0,0.034682357795,-0.162143477636,5,518
963,1,3.53095426473,3.0,4.0,0.00600600600601,1,-0.829650432214,1.01990556137,5,571
964,1,4.34769931572,2.0,5.0,0.00600600600601,0,-0.04382126256,-0.520836896601,5,548
965,0,6.6396927382,6.0,,0.00600600600601,0,0.730854151797,-0.552869717186,5,21
966,1,1.30500785615,,4.0,0.00700700700701,0,-1.21032108193,-0.0640288980698,5,300
967,1,5.71539084068,5.0,6.0,0.00600600600601,1,0.330878153062,-0.277243618502,5,719
968,0,12.6152404295,5.0,,0.00600600600601,0,2.8287520857,-0.87101582764,5,295
969,0,5.15788399529,5.0,,0.00600600600601,0,0.302208796341,-0.748742393729,5,129
970,0,11.1007368208,5.0,,0.00600600600601,0,1.92864530231,0.314800913842,5,353
971,1,2.25948972882,1.0,3.0,0.00600600600601,0,-0.975076871814,0.18472034426,5,394
972,0,5.65885216721,5.0,,0.00600600600601,0,0.063272498665,0.469034671216,5,551
973,0,5.59109931972,5.0,,0.00600600600601,0,0.266115429427,-0.207246968562,5,508
974,1,3.15520210469,2.0,4.0,0.00600600600601,0,-0.722734304918,0.323405019445,5,427
975,0,9.12049146902,6.0,,0.00600600600601,0,1.48889226784,-0.346185334517,5,6
976,1,4.04359043465,1.0,5.0,0.00600600600601,0,-0.216322097587,-0.307443272586,5,689
977,0,11.9541347644,4.0,,0.00600600600601,0,2.20057132873,0.352420778167,5,55
978,0,4.41413607124,3.0,,0.00600600600601,0,-0.115528752671,-0.239277670748,5,646
979,0,5.97976979349,5.0,,0.00600600600601,0,0.390212151581,-0.190866661249,5,631
980,1,2.88583442199,1.0,4.0,0.00600600600601,0,-0.653563215714,-0.15347593087,5,454
981,0,9.67043469875,6.0,,0.00600600600601,0,1.26181683259,0.884984200978,5,427
982,0,11.2684863913,6.0,,0.00600600600601,0,2.00093576975,0.265679082008,5,726
983,1,5.73874823617,5.0,6.0,0.00600600600601,1,0.252697142953,-0.0193431926842,5,722
984,1,1.14264873158,0.0,3.0,0.00600600600601,0,-1.50509144287,0.657923060184,5,383
985,1,4.35041506145,3.0,6.0,0.00600600600601,0,-0.283182603258,0.199962871222,5,619
986,0,6.50935203291,6.0,,0.00600600600601,0,0.669404523087,-0.498861536354,5,9
987,0,6.90851999105,6.0,,0.00600600600601,0,0.763770581932,-0.382791754744,5,429
988,0,5.43446547361,5.0,,0.00600600600601,0,0.159441623942,-0.0438593982121,5,129
989,0,6.61828326474,6.0,,0.00600600600601,0,0.357189477617,0.546714831888,5,399
990,1,5.26986891737,5.0,6.0,0.00600600600601,1,0.0337960859764,0.168480659441,5,666
991,0,9.28648918297,5.0,,0.00600600600601,0,1.34770808324,0.243364933264,5,711
992,0,12.4079986705,6.0,,0.00600600600601,0,2.34206524681,0.381802930048,5,466
993,0,5.6156800298,5.0,,0.00600600600601,0,0.174681807734,0.0916346065997,5,426
994,0,8.52524513855,6.0,,0.00600600600601,0,1.33316134701,-0.474238902467,5,723
995,1,4.48119141574,4.0,5.0,0.00600600600601,1,-0.0880568361926,-0.254638075678,5,643
996,1,4.18312574233,3.0,6.0,0.00600600600601,0,-0.479377539849,0.621258361881,5,583
997,0,7.09646895569,4.0,,0.00600600600601,0,0.644593214106,0.162689313367,5,59
998,1,0.92599238702,0.0,3.0,0.00600600600601,0,-1.58649511168,0.685477722069,5,352
999,0,9.26296011077,4.0,,0.00600600600601,0,1.02951048219,1.17442866421,5,663
