name,activated,threshold,before_activation_alters,after_activation_alters,degree,observed,var1,epsilon,constant,activation_order
0,1,5.24024442886,3.0,14,0.015015015015,0,0.32468266062,-0.733803553004,5,666
1,1,4.90306617321,4.0,6,0.019019019019,0,-0.234377347819,0.606198216669,5,421
2,1,1.3660237008,1.0,7,0.015015015015,0,-1.7177228108,1.5191921332,5,577
3,1,2.52016980886,0.0,3,0.015015015015,0,-0.0907963880199,-2.20744102708,5,462
4,1,6.0103456513,6.0,13,0.013013013013,0,-0.5137360961,2.5515539396,5,919
5,1,8.28701544005,8.0,12,0.015015015015,0,0.211442647676,2.65268749703,5,723
6,1,7.58881729627,7.0,9,0.018018018018,0,0.795987047037,0.200856155157,5,651
7,1,0.904016719522,0.0,1,0.017017017017,1,-0.712554714548,-1.95831913683,5,141
8,1,3.78450770204,3.0,9,0.015015015015,0,-0.610671020237,0.616520762752,5,725
9,1,6.12068636621,1.0,12,0.015015015015,0,0.12108301077,0.757437333904,5,762
10,1,3.31056559487,3.0,9,0.017017017017,0,0.175248132696,-2.21517880321,5,689
11,1,9.15279027438,6.0,10,0.017017017017,0,0.779487593185,1.81432749482,5,705
12,1,6.7547871018,3.0,8,0.017017017017,0,0.0843620672327,1.50170090011,5,694
13,1,5.21361947777,3.0,14,0.016016016016,0,-0.192465877227,0.791017109452,5,756
14,1,4.00325221665,4.0,5,0.017017017017,1,-1.34270719769,3.03137380971,5,525
15,1,7.29607356084,2.0,14,0.015015015015,0,0.451622784525,0.941205207269,5,799
16,1,10.6013001357,6.0,14,0.014014014014,0,0.788597614476,3.23550729228,5,828
17,1,5.25816957634,4.0,6,0.016016016016,0,-0.652548133106,2.21581397566,5,553
18,1,2.80930612668,2.0,5,0.017017017017,0,-0.902078341948,0.515541152521,5,508
19,1,1.29837283116,1.0,7,0.018018018018,0,-0.574671966112,-1.9776112705,5,613
20,1,-1.55514887078,,0,0.017017017017,1,-2.30588337992,0.36250126897,5,20
21,1,8.89953175417,8.0,10,0.016016016016,0,0.105141825587,3.58410627741,5,591
22,1,4.63593779571,4.0,5,0.014014014014,1,0.192033162614,-0.940161692128,5,306
23,1,6.04814841986,3.0,10,0.014014014014,0,0.435606356926,-0.258670650916,5,619
24,1,2.13849484623,2.0,5,0.017017017017,0,-1.76280807555,2.42691907288,5,302
25,1,2.32039651585,2.0,3,0.015015015015,1,-0.116598859331,-2.32980690616,5,175
26,1,6.60251823265,4.0,13,0.013013013013,0,0.11840512897,1.24730284575,5,686
27,1,3.43183200839,2.0,4,0.014014014014,0,0.444096658846,-2.90045796815,5,347
28,1,5.26839283746,3.0,8,0.016016016016,0,0.0246418262795,0.194467358623,5,465
29,1,5.01374663016,3.0,10,0.017017017017,0,-0.182799805274,0.562146045979,5,497
30,1,-0.168476846866,,0,0.018018018018,1,-1.46942703112,-0.760195753506,5,17
31,1,4.68322653406,3.0,8,0.017017017017,0,0.270822805334,-1.12924188195,5,471
32,1,4.92651961122,3.0,5,0.014014014014,0,0.282914476736,-0.922223818992,5,310
33,1,5.0471136175,5.0,11,0.016016016016,0,0.516319785145,-1.50184573793,5,636
34,1,6.32782450846,5.0,7,0.017017017017,0,0.483193221666,-0.121755156534,5,484
35,1,8.58930151237,2.0,14,0.014014014014,0,1.26039438703,-0.191881648719,5,999
36,1,0.300425044971,,1,0.015015015015,0,-0.922315389942,-1.9326287852,5,169
37,1,7.78956554735,7.0,12,0.016016016016,0,1.35159290475,-1.26521316691,5,600
38,1,3.00779011493,1.0,12,0.013013013013,0,-0.268236431978,-1.18750058913,5,692
39,1,7.03170808805,4.0,10,0.016016016016,0,1.18667896062,-1.52832879381,5,562
40,1,5.97810377067,4.0,6,0.017017017017,0,0.257252601178,0.20634596714,5,536
41,1,4.11792284715,3.0,11,0.015015015015,0,0.2371401664,-1.59349765205,5,647
42,1,7.05360728985,7.0,15,0.018018018018,0,0.7859206191,-0.304154567452,5,655
43,1,5.27006261632,3.0,8,0.016016016016,0,0.50854779705,-1.25558077483,5,440
44,1,7.66687350744,5.0,15,0.016016016016,0,0.588842224884,0.900346832788,5,669
45,1,5.97627820727,4.0,7,0.015015015015,0,-0.667652418085,2.97923546152,5,365
46,1,4.7987543769,4.0,10,0.016016016016,0,0.0090871370617,-0.228507034285,5,478
47,1,0.370663589502,,1,0.014014014014,0,-1.40834665072,-0.404296458332,5,35
48,1,-1.54504333611,,3,0.015015015015,0,-1.59114980152,-1.77159393155,5,130
49,1,6.41127582404,2.0,8,0.016016016016,0,0.992917645818,-1.56747711342,5,291
50,1,2.14839150412,1.0,4,0.015015015015,0,-0.431192065196,-1.55803230029,5,195
51,1,-2.42891333962,,0,0.017017017017,1,-2.10543786593,-1.11259974183,5,10
52,1,9.39378243862,3.0,11,0.015015015015,0,0.705295141452,2.27789701426,5,364
53,1,3.75087775655,3.0,6,0.016016016016,0,-0.669622426725,0.759745036722,5,256
54,1,7.29053712943,5.0,9,0.015015015015,0,0.421807548411,1.0251144842,5,283
55,1,2.60643154,,4,0.017017017017,0,-0.781656217705,-0.0485998068861,5,154
56,1,7.54827643417,4.0,12,0.016016016016,0,0.5694237573,0.840005162271,5,319
57,1,5.25857487694,4.0,6,0.016016016016,0,0.404567233544,-0.955126823686,5,260
58,1,6.49050916617,1.0,14,0.016016016016,0,0.41732859954,0.238523367553,5,380
59,1,4.60979791892,2.0,5,0.017017017017,0,-0.586020312912,1.36785885766,5,258
60,1,0.215077638545,0.0,1,0.015015015015,1,-0.459774124822,-3.40559998699,5,200
61,1,3.54573561359,3.0,5,0.017017017017,0,-0.874313335101,1.16867561889,5,263
62,1,6.33262914931,4.0,13,0.015015015015,0,0.919339556606,-1.42538952051,5,413
63,1,7.97003667337,4.0,9,0.016016016016,0,1.35785816989,-1.10353783629,5,360
64,1,5.8795854728,2.0,6,0.017017017017,0,0.229298785886,0.191689115145,5,275
65,1,6.47006593184,2.0,7,0.016016016016,0,0.627408243081,-0.412158797398,5,321
66,1,-1.62446807556,,0,0.015015015015,1,-1.76767841582,-1.3214328281,5,26
67,1,9.47935956656,9.0,10,0.016016016016,1,1.30167388419,0.574337913985,5,500
68,1,10.1479972678,8.0,14,0.016016016016,0,1.6221888208,0.281430805389,5,782
69,1,-1.20669386059,,1,0.016016016016,0,-1.18852519077,-2.64111828827,5,67
70,1,6.22248644633,6.0,8,0.016016016016,0,0.510391600388,-0.308688354833,5,514
71,1,4.99876318606,2.0,5,0.016016016016,0,0.294828399148,-0.885722011388,5,453
72,1,5.43601526316,5.0,9,0.017017017017,0,0.649944538757,-1.51381835311,5,582
73,1,9.50664022401,9.0,10,0.015015015015,1,1.57641855987,-0.222615455587,5,797
74,1,5.9811213327,5.0,6,0.016016016016,1,0.121528012517,0.616537295153,5,535
75,1,5.83190346437,1.0,7,0.017017017017,0,0.434004750155,-0.4701107861,5,654
76,1,9.30009320753,7.0,12,0.016016016016,0,1.3307669539,0.307792345813,5,884
77,1,6.64163735694,5.0,10,0.015015015015,0,0.831310381203,-0.852293786665,5,812
78,1,4.47009787422,1.0,12,0.016016016016,0,-0.163463990744,-0.0395101535513,5,859
79,1,7.62304676042,7.0,11,0.017017017017,0,0.280251832746,1.78229126219,5,818
80,1,0.561398280337,0.0,2,0.016016016016,0,-1.56211421381,0.247740921769,5,608
81,1,7.57612395767,5.0,12,0.016016016016,0,1.74080478982,-2.64629041178,5,918
82,1,6.58997806173,2.0,7,0.017017017017,0,-0.196580187929,2.17971862551,5,794
83,1,4.88685814584,3.0,5,0.016016016016,0,-0.131668532136,0.281863742245,5,732
84,1,10.5579703045,10.0,15,0.017017017017,0,1.32609891756,1.57967355184,5,944
85,1,1.42495262178,0.0,13,0.016016016016,0,-1.18895776441,-0.00817408499806,5,932
86,1,2.30515621741,1.0,5,0.014014014014,0,-0.934498442435,0.108651544713,5,865
87,1,2.29450392543,0.0,3,0.017017017017,0,-0.933914226662,0.0962466054174,5,784
88,1,7.2948865176,3.0,13,0.017017017017,0,0.186083593067,1.7366357384,5,960
89,1,7.28168245142,4.0,8,0.015015015015,0,-0.274589181051,3.10544999457,5,931
90,1,5.64329854662,3.0,7,0.017017017017,0,-0.137155948953,1.05476639348,5,926
91,1,5.56073969574,5.0,18,0.019019019019,0,-0.137160402706,0.972220903862,5,986
92,1,2.68310301513,2.0,7,0.016016016016,0,-0.679471664204,-0.278481992262,5,899
93,1,7.08666488571,7.0,8,0.018018018018,1,1.43851521905,-2.22888077144,5,925
94,1,8.99206754732,6.0,14,0.014014014014,0,1.05757081115,0.819355113865,5,989
95,1,8.51195722582,7.0,10,0.017017017017,0,0.707607033186,1.38913612626,5,930
96,1,10.5356107233,7.0,14,0.017017017017,0,1.06448545917,2.34215434584,5,970
97,1,7.49932185021,5.0,14,0.017017017017,0,0.979819668713,-0.440137155932,5,940
98,1,5.88854192378,4.0,6,0.016016016016,0,-0.0118725305882,0.924159515541,5,786
99,1,12.0058553886,10.0,13,0.015015015015,0,1.53909227645,2.38857855921,5,950
100,1,7.25786829861,5.0,9,0.015015015015,0,0.78435093941,-0.0951845196161,5,836
101,1,7.8163684371,6.0,8,0.017017017017,0,1.14532667615,-0.619611591361,5,766
102,1,-0.691857038779,,2,0.015015015015,0,-2.10942701159,0.636423995988,5,99
103,1,-1.07016143351,,0,0.015015015015,1,-2.0757038368,0.156950076888,5,38
104,1,9.18847599672,9.0,11,0.015015015015,0,1.1880094056,0.624447779936,5,831
105,1,5.04039320774,4.0,6,0.015015015015,0,0.212614255221,-0.597449557926,5,352
106,1,4.59445073634,4.0,5,0.015015015015,1,-0.00152890381427,-0.400962552213,5,255
107,1,7.43335909372,5.0,8,0.017017017017,0,0.826411557557,-0.0458755789475,5,325
108,1,0.629018143234,,3,0.014014014014,0,-2.09613192975,1.91741393249,5,61
109,1,3.90368170296,0.0,4,0.017017017017,0,0.201167115977,-1.69981964497,5,68
110,1,6.20268309975,5.0,15,0.016016016016,0,0.724282208521,-0.970163525812,5,403
111,1,7.59137485709,5.0,13,0.015015015015,0,1.30487431084,-1.32324807543,5,359
112,1,9.3233950293,7.0,13,0.015015015015,0,1.25671656394,0.553245337498,5,395
113,1,-0.893038979005,,0,0.016016016016,1,-1.50778793276,-1.36967518072,5,16
114,1,3.18651321488,3.0,4,0.014014014014,1,-1.1425005748,1.61401493929,5,259
115,1,0.442265489861,,1,0.018018018018,0,-1.23298810317,-0.858770200643,5,25
116,1,2.97719783924,1.0,3,0.016016016016,0,-1.50424782325,2.489941309,5,198
117,1,6.21567907234,6.0,8,0.015015015015,0,0.874482573847,-1.4077686492,5,305
118,1,4.45967450098,4.0,5,0.016016016016,1,-0.0460986860609,-0.402029440837,5,265
119,1,6.19816604409,5.0,8,0.015015015015,0,-0.0261500343952,1.27661614727,5,320
120,1,5.26142891395,2.0,10,0.017017017017,0,-0.0499283731711,0.411214033462,5,331
121,1,5.56076336716,5.0,16,0.016016016016,0,0.97573721918,-2.36644829038,5,663
122,1,4.16806545018,4.0,9,0.017017017017,0,-0.687486545615,1.23052508702,5,304
123,1,6.06103357358,6.0,7,0.016016016016,1,0.224942650514,0.386205622038,5,292
124,1,10.3049450549,9.0,14,0.017017017017,0,1.56613905173,0.606527899675,5,554
125,1,4.92122133977,1.0,14,0.016016016016,0,-0.356886306688,0.991880259829,5,455
126,1,3.31305096825,0.0,12,0.017017017017,0,-1.50121400249,2.81669297573,5,424
127,1,9.49693201328,7.0,11,0.018018018018,0,1.76729567824,-0.804955021437,5,390
128,1,2.24115312017,2.0,3,0.015015015015,1,-1.25113952217,0.994571686671,5,189
129,1,7.98703075423,5.0,8,0.018018018018,0,0.737363423496,0.77494048374,5,214
130,1,4.35164955994,3.0,9,0.017017017017,0,-0.660078513057,1.33188509911,5,245
131,1,5.43972362986,2.0,7,0.016016016016,0,0.123601728521,0.0689184442957,5,208
132,1,9.78835698999,9.0,12,0.015015015015,0,1.43927759881,0.470524193555,5,451
133,1,2.92719043661,2.0,5,0.017017017017,0,-0.768356777773,0.232260769932,5,170
134,1,2.85461277704,0.0,9,0.015015015015,0,-0.418530884134,-0.88979457056,5,192
135,1,1.62801528341,1.0,2,0.016016016016,1,-1.70933389253,1.756016961,5,85
136,1,1.17371413166,,2,0.016016016016,0,-0.756285736869,-1.55742865773,5,96
137,1,1.49793322267,,3,0.016016016016,0,-1.00440761033,-0.488843946333,5,133
138,1,6.94957254559,1.0,12,0.016016016016,0,0.900268407886,-0.751232678064,5,393
139,1,4.36270126423,1.0,7,0.015015015015,0,-0.375149069384,0.488148472387,5,177
140,1,4.56861505947,4.0,5,0.018018018018,1,-0.852112274509,2.124951883,5,148
141,1,0.245488259874,,1,0.016016016016,0,-0.969546991175,-1.8458707666,5,71
142,1,-2.03607969791,,6,0.013013013013,0,-2.30984800012,-0.106535697562,5,204
143,1,11.5016424394,11.0,16,0.016016016016,0,0.531721308014,4.90647851536,5,795
144,1,6.8125673405,3.0,11,0.015015015015,0,0.343751803999,0.781311928506,5,335
145,1,-0.513039752638,,0,0.015015015015,1,-0.807562872648,-3.09035113469,5,46
146,1,3.40336467325,0.0,7,0.016016016016,0,-1.03000373017,1.49337586377,5,224
147,1,6.44318625778,6.0,8,0.017017017017,0,0.444380126754,0.110045877516,5,300
148,1,7.30283112854,5.0,17,0.017017017017,0,0.561590509011,0.618059601504,5,589
149,1,0.654920541135,,1,0.015015015015,0,-1.04110572053,-1.22176229726,5,64
150,1,4.86221117879,4.0,10,0.017017017017,0,-0.00643947354431,-0.11847040058,5,341
151,1,5.55444221198,4.0,6,0.017017017017,0,0.186399763232,-0.00475707771879,5,297
152,1,3.49340799135,3.0,5,0.015015015015,0,-0.227463040634,-0.824202886752,5,267
153,1,4.00078756903,1.0,12,0.018018018018,0,-1.46387911563,3.39242491592,5,460
154,1,0.589228450828,0.0,2,0.017017017017,0,-0.694428805413,-2.32748513293,5,108
155,1,7.87954438277,5.0,8,0.014014014014,0,0.604431351326,1.06625032879,5,468
156,1,7.44644325235,6.0,13,0.016016016016,0,0.0977019045082,2.15333753882,5,563
157,1,9.89265817397,8.0,11,0.015015015015,0,1.31476329285,0.948368295419,5,532
158,1,4.73804380564,2.0,9,0.015015015015,0,-0.140201733491,0.158649006112,5,384
159,1,7.053266112,3.0,12,0.014014014014,0,0.57830843791,0.31834079827,5,534
160,1,0.766412416857,,3,0.018018018018,0,-1.15981569277,-0.754140504833,5,165
161,1,13.4957275304,13.0,16,0.018018018018,0,1.55401585811,3.8336799561,5,588
162,1,2.03095335624,2.0,3,0.016016016016,1,-0.867119675145,-0.367687618323,5,285
163,1,4.62570601721,3.0,8,0.016016016016,0,-0.533432625869,1.22600389482,5,498
164,1,6.95913955482,2.0,8,0.018018018018,0,0.581433467807,0.2148391514,5,448
165,1,4.81151588132,2.0,5,0.016016016016,0,-0.316315345743,0.760461918554,5,398
166,1,-0.404465302048,,0,0.015015015015,1,-1.00174723311,-2.39922360273,5,44
167,1,4.46699900349,2.0,6,0.015015015015,0,0.286948300733,-1.3938458987,5,447
168,1,2.5857247297,1.0,3,0.017017017017,0,-0.938859840692,0.402304251779,5,336
169,1,7.66900253488,2.0,15,0.015015015015,0,0.737309846579,0.45707299514,5,602
170,1,7.68438836408,2.0,13,0.016016016016,0,0.796142402123,0.295961157711,5,513
171,1,4.32146353149,2.0,8,0.018018018018,0,-0.0314986937678,-0.584040387208,5,439
172,1,6.27842334577,,15,0.017017017017,0,-0.362874532848,2.36704694431,5,522
173,1,9.01675921455,1.0,10,0.015015015015,0,1.24804997865,0.272609278589,5,490
174,1,8.83698451392,3.0,9,0.016016016016,0,1.36125322037,-0.24677514718,5,483
175,1,2.71307159364,1.0,5,0.016016016016,0,-0.062191170965,-2.10035489346,5,437
176,1,5.60211737416,1.0,9,0.016016016016,0,0.361704424216,-0.482995898488,5,445
177,1,4.1430774173,0.0,5,0.015015015015,0,-0.519521172666,0.701640935298,5,422
178,1,6.68839416597,6.0,8,0.016016016016,0,0.0450107212966,1.55336200208,5,438
179,1,4.87673686604,1.0,7,0.015015015015,0,-0.614180911184,1.7192795996,5,433
180,1,3.17680759245,2.0,4,0.015015015015,0,-0.850743109842,0.729036921974,5,387
181,1,6.95701692159,1.0,17,0.017017017017,0,1.25004767691,-1.79312610913,5,616
182,1,8.13642910095,2.0,16,0.017017017017,0,1.21552571776,-0.510148052322,5,493
183,1,1.58338790844,1.0,9,0.016016016016,0,-0.525045606159,-1.84147527308,5,409
184,1,4.15006117748,1.0,5,0.017017017017,0,-0.493464449849,0.630454527023,5,367
185,1,2.64147483839,1.0,11,0.018018018018,0,-0.264487622072,-1.56506229539,5,392
186,1,2.91816298278,2.0,3,0.015015015015,1,-0.692738907986,-0.0036202932589,5,298
187,1,4.22222935858,3.0,9,0.017017017017,0,0.164602967063,-1.27157954261,5,356
188,1,3.00157529004,3.0,7,0.016016016016,0,-0.707968230473,0.125479981459,5,329
189,1,5.19073931965,4.0,6,0.019019019019,0,-0.268267983717,0.995543270798,5,268
190,1,4.81615870676,,6,0.017017017017,0,-0.055988467258,-0.0158758914624,5,225
191,1,-0.586793096262,,1,0.017017017017,0,-1.67342788304,-0.566509447133,5,27
192,1,8.45385167897,8.0,10,0.017017017017,0,0.83849094171,0.938378853845,5,316
193,1,8.40414135517,6.0,11,0.016016016016,0,0.80661343451,0.984301051643,5,338
194,1,0.635671352562,,3,0.016016016016,0,-1.39957933113,-0.165590654053,5,40
195,1,-0.811931716473,,5,0.014014014014,0,-1.04120062011,-2.68832985615,5,118
196,1,5.00395281029,5.0,8,0.015015015015,0,-0.39380863188,1.18537870593,5,286
197,1,0.402243232749,0.0,1,0.016016016016,1,-0.503323489926,-3.08778629747,5,21
198,1,-0.374049176582,,0,0.015015015015,1,-1.4068288028,-1.15356276819,5,3
199,1,4.84788618364,4.0,5,0.015015015015,1,0.236375850662,-0.861241368347,5,186
200,1,8.02153564992,3.0,10,0.015015015015,0,0.574071487173,1.2993211884,5,521
201,1,11.5887929623,11.0,13,0.017017017017,0,0.952186454675,3.73223359832,5,565
202,1,4.14151139212,4.0,5,0.015015015015,1,-0.339438102222,0.159825698787,5,234
203,1,4.9385367968,2.0,5,0.017017017017,0,-0.175805944511,0.465954630334,5,237
204,1,7.31936599524,7.0,9,0.016016016016,0,0.149675424558,1.87033972157,5,524
205,1,2.00615986644,2.0,3,0.016016016016,1,-0.57334126015,-1.27381635311,5,205
206,1,10.8184335397,10.0,11,0.017017017017,1,1.167076332,2.31720454366,5,570
207,1,5.84371982355,5.0,15,0.017017017017,0,0.386319074592,-0.315237400225,5,673
208,1,8.06475088071,1.0,11,0.014014014014,0,1.10298394827,-0.244200964096,5,634
209,1,5.04508018199,5.0,11,0.015015015015,0,-0.333070756703,1.0442924521,5,621
210,1,12.5141047951,10.0,13,0.014014014014,0,2.30766882974,0.591098305885,5,713
211,1,4.3726317043,1.0,12,0.016016016016,0,-0.832010651362,1.86866365838,5,622
212,1,5.12997371831,4.0,7,0.016016016016,0,-0.302097550548,1.03626636996,5,537
213,1,9.71211433645,9.0,16,0.016016016016,0,1.63565298866,-0.194844629545,5,780
214,1,3.00095542103,3.0,6,0.016016016016,0,-0.190373871252,-1.42792296522,5,429
215,1,-1.61974844439,,0,0.016016016016,1,-2.22558087685,0.0569941861796,5,30
216,1,4.83174784474,3.0,6,0.016016016016,0,0.095478452677,-0.45468751329,5,318
217,1,6.91190082259,5.0,11,0.016016016016,0,0.698050212935,-0.182249816216,5,459
218,1,6.60127521,2.0,10,0.017017017017,0,0.850547827833,-0.9503682735,5,339
219,1,5.45008816905,4.0,6,0.014014014014,0,0.496219865191,-1.03857142652,5,248
220,1,1.73124780759,0.0,3,0.02002002002,0,-1.34684128598,0.77177166553,5,101
221,1,5.05685754166,4.0,6,0.015015015015,0,-0.151501232248,0.511361238404,5,213
222,1,0.521153205964,,1,0.017017017017,0,-1.27984524798,-0.639311050091,5,49
223,1,4.21229226332,3.0,10,0.016016016016,0,-0.813918996826,1.6540492538,5,272
224,1,3.85373464553,3.0,14,0.019019019019,0,0.0805014157897,-1.38776960184,5,296
225,1,4.52260263971,4.0,12,0.016016016016,0,-0.659901319,1.5023065967,5,294
226,1,1.17389815689,,2,0.016016016016,0,-0.757434205269,-1.5537992273,5,145
227,1,7.80944743449,6.0,8,0.016016016016,0,0.101137185807,2.50603587707,5,233
228,1,3.61332735291,3.0,4,0.015015015015,1,-0.262957126194,-0.597801268509,5,194
229,1,4.0901626589,3.0,5,0.018018018018,0,-0.511890317904,0.625833612611,5,211
230,1,3.63072437701,3.0,10,0.015015015015,0,-0.690866379391,0.703323515183,5,284
231,1,-0.820127110965,,0,0.016016016016,1,-0.890533265725,-3.14852731379,5,31
232,1,10.0664643525,9.0,12,0.018018018018,0,1.12670465076,1.68635040017,5,295
233,1,4.05079358998,3.0,6,0.016016016016,0,0.789514578158,-3.31775014449,5,236
234,1,-0.133240914334,,3,0.018018018018,0,-0.733653825647,-2.93227943739,5,161
235,1,4.41952616154,1.0,6,0.016016016016,0,0.934815026509,-3.38491891799,5,264
236,1,8.97497471608,6.0,13,0.015015015015,0,1.1400556028,0.554807907686,5,472
237,1,-1.60223232099,,1,0.015015015015,0,-1.62271093796,-1.73409950712,5,55
238,1,8.82207921982,8.0,13,0.016016016016,0,1.57060553015,-0.889737370631,5,491
239,1,10.4660460442,10.0,15,0.016016016016,0,1.34159063787,1.44127413059,5,566
240,1,2.24409709907,1.0,4,0.016016016016,0,-1.95440081143,3.10729953335,5,287
241,1,1.55862512875,0.0,5,0.015015015015,0,-0.400321921873,-2.24040910564,5,324
242,1,4.7406507585,4.0,8,0.017017017017,0,-0.537083404291,1.35190097138,5,357
243,1,8.21052333495,3.0,9,0.017017017017,0,0.350877236718,2.1578916248,5,428
244,1,8.86225209621,4.0,9,0.016016016016,0,0.592496989872,2.08476112659,5,450
245,1,8.87376977619,5.0,13,0.016016016016,0,-0.164870728721,4.36838196236,5,561
246,1,5.28163162016,4.0,6,0.017017017017,0,1.09952344297,-3.01693870877,5,333
247,1,4.02642222432,3.0,11,0.016016016016,0,-0.360358605656,0.107498041288,5,425
248,1,2.32216017788,1.0,3,0.015015015015,0,-1.17840630957,0.8573791066,5,193
249,1,11.7513758256,2.0,18,0.018018018018,0,1.60347972386,1.94093665399,5,579
250,1,4.11796669075,3.0,12,0.018018018018,0,-0.515761310723,0.665250622919,5,385
251,1,-3.59847911433,,0,0.015015015015,1,-1.33643309725,-4.58917982259,5,39
252,1,5.53449015876,4.0,7,0.016016016016,0,0.665441375955,-1.46183396911,5,363
253,1,6.0563132755,5.0,9,0.015015015015,0,0.170805156169,0.543897806994,5,374
254,1,6.34105603585,2.0,7,0.016016016016,0,0.58995716648,-0.428815463586,5,345
255,1,5.46720530455,3.0,6,0.016016016016,0,-0.0243832170996,0.540354955846,5,166
256,1,4.78808063193,2.0,6,0.016016016016,0,-0.123318680955,0.158036674795,5,138
257,1,10.0896308471,5.0,13,0.016016016016,0,1.97951849125,-0.848924626639,5,446
258,1,11.2629720641,4.0,13,0.014014014014,0,2.1575859166,-0.209785685681,5,526
259,1,1.08470784538,1.0,2,0.015015015015,1,-1.00363084768,-0.904399611573,5,58
260,1,6.17518185406,3.0,11,0.016016016016,0,0.437056610068,-0.135987976147,5,282
261,1,3.91804932425,,4,0.015015015015,0,-0.108168672415,-0.757444658507,5,89
262,1,8.30509471208,7.0,9,0.016016016016,0,1.64856517554,-1.64060081455,5,136
263,1,4.2317285319,3.0,6,0.016016016016,0,0.473941824371,-2.19009694121,5,94
264,1,1.86895514564,,3,0.016016016016,0,-0.0921737396915,-2.85452363529,5,43
265,1,-4.71754136799,,5,0.015015015015,0,-2.6544508537,-1.75418880688,5,76
266,1,7.84118683837,7.0,9,0.016016016016,0,0.483359663116,1.39110784903,5,132
267,1,6.5806813934,4.0,13,0.014014014014,0,0.59606418959,-0.207511175367,5,209
268,1,-0.268951111627,,1,0.017017017017,0,-1.72423272175,-0.0962529463845,5,29
269,1,3.70096207616,,11,0.016016016016,0,-0.567509422083,0.40349034241,5,134
270,1,6.38642786803,4.0,7,0.017017017017,0,0.651030494003,-0.566663613982,5,124
271,1,-1.24177451846,,0,0.015015015015,1,-1.52742344664,-1.65950417853,5,6
272,1,-0.436122991809,,2,0.017017017017,0,-0.859862358446,-2.85653591647,5,37
273,1,3.43129880725,3.0,4,0.016016016016,1,-0.344430034943,-0.535411087916,5,125
274,1,5.9651845216,4.0,10,0.018018018018,0,0.0826887013127,0.717118417658,5,139
275,1,4.86261408276,3.0,7,0.017017017017,0,0.438741775748,-1.45361124449,5,131
276,1,5.86038163222,5.0,6,0.016016016016,1,0.31596164454,-0.0875033014016,5,126
277,1,5.76590881165,4.0,6,0.017017017017,0,0.554611432231,-0.897925485038,5,127
278,1,4.37764799451,3.0,9,0.016016016016,0,-0.126428262397,-0.243067218304,5,162
279,1,-0.465670697597,,2,0.016016016016,0,-1.90428587963,0.247186941285,5,56
280,1,5.77863798522,1.0,7,0.015015015015,0,0.554262378562,-0.884149150462,5,187
281,1,7.74980273082,1.0,10,0.017017017017,0,0.477490886025,1.31733007275,5,228
282,1,2.6554990286,1.0,10,0.016016016016,0,-0.321417858334,-1.38024739639,5,240
283,1,6.25363440101,6.0,12,0.016016016016,0,0.565496732775,-0.442855797316,5,348
284,1,2.91082341259,2.0,13,0.016016016016,0,-0.453542230174,-0.728549896887,5,531
285,1,4.34435968056,0.0,5,0.015015015015,0,0.667697816842,-2.65873376996,5,216
286,1,8.39845546181,6.0,10,0.016016016016,0,0.660468582797,1.41704971342,5,416
287,1,2.47726708029,2.0,3,0.016016016016,1,-0.680806656471,-0.480312950297,5,207
288,1,4.08284402635,4.0,5,0.016016016016,1,0.0232022163682,-0.986762622757,5,253
289,1,2.57375056726,1.0,9,0.017017017017,0,-0.263709326949,-1.63512145189,5,396
290,1,5.6766796077,0.0,6,0.015015015015,0,0.0097159888811,0.647531641055,5,361
291,1,-1.39584377225,,0,0.012012012012,1,-1.90151395798,-0.691301898321,5,12
292,1,5.44736501055,1.0,12,0.017017017017,0,0.747989223746,-1.79660266069,5,573
293,1,5.04174593798,5.0,9,0.017017017017,0,-0.183629842868,0.592635466588,5,418
294,1,8.63139747019,8.0,10,0.016016016016,0,2.25223449787,-3.12530602343,5,575
295,1,4.14701030634,4.0,5,0.019019019019,1,-0.509873600208,0.67663110696,5,389
296,1,6.05782133868,1.0,13,0.016016016016,0,0.446968920262,-0.283085422104,5,793
297,1,7.1837383722,5.0,12,0.016016016016,0,0.697002864928,0.0927297774113,5,625
298,1,3.58124228118,3.0,12,0.015015015015,0,-0.681319258374,0.625200056308,5,778
299,1,0.608576823942,0.0,1,0.014014014014,1,-0.232313499439,-3.69448267774,5,457
300,1,5.38256118175,4.0,8,0.015015015015,0,0.196636470983,-0.2073482312,5,586
301,1,6.26969940222,4.0,17,0.017017017017,0,-0.213510602117,1.91023120857,5,893
302,1,5.38891916901,3.0,10,0.016016016016,0,-0.203418530813,0.999174761452,5,683
303,1,2.54509198062,2.0,3,0.016016016016,1,-0.903793783308,0.256473330539,5,574
304,1,1.43156704396,0.0,12,0.014014014014,0,-1.06508813303,-0.373168556964,5,804
305,1,5.16614243854,1.0,6,0.017017017017,0,-0.137130106515,0.577532758088,5,598
306,1,2.71689233394,0.0,3,0.017017017017,0,-1.09292319791,0.99566192768,5,556
307,1,8.83938610926,1.0,9,0.014014014014,0,0.603973149962,2.02746665937,5,755
308,1,8.25685486334,8.0,9,0.015015015015,1,1.11253173675,-0.0807403469095,5,718
309,1,6.85849101408,5.0,8,0.015015015015,0,0.79529679145,-0.527399360267,5,687
310,1,4.99903106891,2.0,6,0.018018018018,0,-0.283422912847,0.849299807449,5,628
311,1,5.70372514896,2.0,6,0.017017017017,0,0.461800031064,-0.681674944227,5,661
312,1,9.8952766059,6.0,13,0.015015015015,0,1.67945621077,-0.143092026409,5,853
313,1,4.50276716815,3.0,8,0.016016016016,0,-0.78338721691,1.85292881888,5,712
314,1,4.47541675726,4.0,15,0.015015015015,0,-0.548808041683,1.12184088231,5,995
315,1,4.56468151452,4.0,11,0.015015015015,0,0.223004954031,-1.10433334757,5,855
316,1,-1.75376443009,,0,0.015015015015,1,-2.05982855416,-0.574278767616,5,19
317,1,4.30370197783,1.0,5,0.015015015015,0,-0.403184348864,0.513255024417,5,772
318,1,1.55901309314,1.0,3,0.015015015015,0,-1.77943910548,1.89733040959,5,717
319,1,4.19985092853,3.0,13,0.014014014014,0,-0.431197448629,0.493443274416,5,990
320,1,2.03549526836,1.0,5,0.015015015015,0,-0.550497251405,-1.31301297742,5,779
321,1,3.03745608631,2.0,5,0.016016016016,0,-0.339286306258,-0.944684994918,5,775
322,1,5.36277300311,4.0,10,0.016016016016,0,-0.0916720016192,0.637789007965,5,863
323,1,11.4409766774,7.0,13,0.016016016016,0,1.58671235623,1.68083960873,5,883
324,1,8.59987871616,5.0,9,0.017017017017,0,0.910359230108,0.868801025831,5,852
325,1,8.51692840765,8.0,13,0.015015015015,0,0.54016927377,1.89642058633,5,901
326,1,9.46255447386,8.0,12,0.018018018018,0,0.176711552426,3.93241981658,5,869
327,1,7.03950758447,7.0,12,0.017017017017,0,0.13840663321,1.62428768484,5,875
328,1,10.2450483882,9.0,16,0.016016016016,0,1.34303018498,1.21595783328,5,911
329,1,1.62760787384,1.0,4,0.016016016016,0,-0.661424669948,-1.38811811631,5,210
330,1,7.18230995434,6.0,8,0.016016016016,0,0.00969113158584,2.15323655958,5,376
331,1,11.0633150512,11.0,13,0.016016016016,0,1.67263354583,1.04541441373,5,881
332,1,4.70879589072,1.0,5,0.016016016016,0,-0.482509577038,1.15632462183,5,201
333,1,4.03357429705,3.0,5,0.019019019019,0,-0.354394122796,0.0967566654396,5,149
334,1,-0.781440943353,,0,0.015015015015,1,-1.9640078574,0.11058262884,5,41
335,1,3.71012544601,2.0,5,0.018018018018,0,0.394687712927,-2.47393769277,5,110
336,1,6.17526382278,6.0,11,0.017017017017,0,0.913202289483,-1.56434304567,5,270
337,1,2.00074557565,1.0,3,0.018018018018,0,-1.25372937451,0.761933699198,5,86
338,1,7.2297431624,2.0,10,0.016016016016,0,-0.248886325254,2.97640213816,5,301
339,1,-2.12385893899,,4,0.016016016016,0,-2.04430872109,-0.990932775714,5,93
340,1,3.38265145989,1.0,9,0.016016016016,0,-0.695643471594,0.469581874674,5,252
341,1,2.6934402362,2.0,3,0.017017017017,1,-0.927548905696,0.47608695329,5,105
342,1,0.0874260648405,0.0,1,0.016016016016,1,-1.44767682835,-0.569543450113,5,73
343,1,3.61347107126,0.0,6,0.017017017017,0,-0.695282768433,0.699319376564,5,238
344,1,9.60103242513,9.0,14,0.017017017017,0,1.39358907098,0.420265212193,5,659
345,1,5.9653960605,3.0,7,0.015015015015,0,0.575746892364,-0.761844616598,5,496
346,1,1.7135810043,0.0,5,0.016016016016,0,-0.708336983424,-1.16140804543,5,473
347,1,6.78524754862,6.0,12,0.017017017017,0,-0.132611711302,2.18308268252,5,658
348,1,4.88124118338,4.0,7,0.017017017017,0,-0.493333659506,1.36124216189,5,527
349,1,12.8249704482,9.0,15,0.019019019019,0,2.7055313536,-0.291623612589,5,768
350,1,8.6800123009,4.0,11,0.016016016016,0,0.362557084256,2.59234104813,5,757
351,1,2.93755728529,1.0,4,0.016016016016,0,-1.27106123179,1.75074098065,5,516
352,1,11.71520213,8.0,15,0.015015015015,0,2.0717063243,0.500083157131,5,992
353,1,9.49864832267,5.0,13,0.015015015015,0,1.31364016407,0.557727830465,5,792
354,1,5.60759650466,3.0,6,0.017017017017,0,0.412805305971,-0.630819413255,5,629
355,1,12.507821467,10.0,14,0.017017017017,0,1.28741953952,3.64556284842,5,776
356,1,5.86463524636,1.0,7,0.016016016016,0,-0.659500134174,2.84313564888,5,710
357,1,3.59369509817,2.0,12,0.017017017017,0,-1.0410028371,1.71670360948,5,765
358,1,-0.247084608081,,0,0.016016016016,1,-0.919385934377,-2.48892680495,5,18
359,1,9.62389034347,4.0,11,0.016016016016,0,0.973959316247,1.70201239473,5,746
360,1,10.5564058206,10.0,15,0.017017017017,0,2.35733885617,-1.51561074791,5,864
361,1,7.31230173723,3.0,8,0.015015015015,0,1.21237304299,-1.32481739175,5,660
362,1,3.29475356699,3.0,4,0.017017017017,1,-0.0390750351335,-1.58802132761,5,568
363,1,8.96447325503,8.0,9,0.017017017017,1,0.405149566222,2.74902455636,5,706
364,1,4.20987520385,4.0,11,0.015015015015,0,0.134170554709,-1.19263646028,5,740
365,1,3.52129417265,2.0,6,0.016016016016,0,-0.959888327599,1.40095915544,5,648
366,1,2.54740337475,1.0,3,0.018018018018,0,-1.6591885097,2.52496890383,5,475
367,1,8.1497115322,5.0,11,0.016016016016,0,0.702545638107,1.04207461788,5,664
368,1,1.95910319488,0.0,4,0.016016016016,0,-0.867889081447,-0.437229560777,5,611
369,1,8.62938502637,4.0,9,0.017017017017,0,1.06855446762,0.423721623512,5,652
370,1,10.7935701753,6.0,12,0.015015015015,0,1.40436298065,1.58048123333,5,699
371,1,7.39518684581,7.0,13,0.016016016016,0,0.177990740724,1.86121462363,5,749
372,1,2.97271446088,2.0,5,0.016016016016,0,-1.31457793071,1.91644825301,5,585
373,1,7.7216209385,5.0,8,0.017017017017,0,1.08936288945,-0.546467729839,5,626
374,1,2.46839885412,2.0,3,0.016016016016,1,-0.226298927225,-1.8527043642,5,485
375,1,10.8761868019,5.0,15,0.015015015015,0,1.9429422187,0.0473601457694,5,753
376,1,7.39820928356,5.0,8,0.016016016016,0,0.436891917829,1.08753353008,5,620
377,1,9.03278987933,6.0,11,0.016016016016,0,0.677561980874,2.00010393671,5,646
378,1,1.00644916753,0.0,4,0.016016016016,0,-0.84589410338,-1.45586852233,5,436
379,1,8.7024057606,2.0,11,0.016016016016,0,0.825513716549,1.22586461095,5,675
380,1,6.3802141382,2.0,8,0.018018018018,0,1.00046329805,-1.62117575595,5,578
381,1,0.979239851593,0.0,1,0.016016016016,1,-1.74207358578,1.20546060893,5,144
382,1,6.42961642114,4.0,11,0.016016016016,0,0.21958658023,0.770856680446,5,583
383,1,6.1616513847,0.0,8,0.015015015015,0,-0.451206969749,2.51527229395,5,458
384,1,4.64096968717,4.0,12,0.015015015015,0,0.659654073404,-2.33799253304,5,667
385,1,3.67861047256,2.0,6,0.016016016016,0,-0.207876955533,-0.697758660842,5,432
386,1,0.912780654626,0.0,1,0.016016016016,1,-1.55471041345,0.576911894986,5,180
387,1,8.94058538056,5.0,15,0.017017017017,0,2.18858179739,-2.6251600116,5,677
388,1,5.75457794862,5.0,8,0.016016016016,0,-0.663398266556,2.74477274829,5,547
389,1,3.29139580719,3.0,4,0.016016016016,1,-0.256747796488,-0.938360803345,5,276
390,1,3.80419027298,2.0,6,0.017017017017,0,0.103328119515,-1.50579408557,5,434
391,1,1.77908235063,1.0,2,0.015015015015,1,-0.796291492206,-0.832043172754,5,221
392,1,9.88484439194,9.0,16,0.016016016016,0,1.68301609762,-0.164203900904,5,1000
393,1,2.23261809511,2.0,3,0.015015015015,1,-1.38472860565,1.38680391204,5,312
394,1,3.93088753321,3.0,5,0.016016016016,0,0.219385645606,-1.72726940361,5,342
395,1,6.63682513546,6.0,7,0.016016016016,1,-0.110554259671,1.96848791447,5,644
396,1,7.78506064418,5.0,11,0.015015015015,0,0.51375405987,1.24379846457,5,823
397,1,9.88908667712,5.0,12,0.016016016016,0,0.96312385245,1.99971511978,5,849
398,1,7.30457611427,7.0,10,0.018018018018,0,0.858068873735,-0.269630506939,5,805
399,1,3.75516562452,3.0,5,0.016016016016,0,-0.402991584022,-0.0358596234156,5,684
400,1,4.68747438059,2.0,5,0.014014014014,0,0.155857214704,-0.780097263518,5,656
401,1,8.73104231467,8.0,14,0.017017017017,0,0.713360603547,1.59096050403,5,892
402,1,8.47233172495,8.0,9,0.017017017017,1,1.36607422544,-0.625890951358,5,816
403,1,0.906527546149,0.0,1,0.014014014014,1,-1.10567657451,-0.776442730326,5,489
404,1,3.21354207988,1.0,8,0.015015015015,0,-0.905894217475,0.931224732303,5,857
405,1,7.83182132388,2.0,11,0.016016016016,0,1.0280518622,-0.252334262721,5,889
406,1,8.42323418618,5.0,14,0.016016016016,0,1.08180368633,0.177823127191,5,942
407,1,9.68610595467,5.0,15,0.016016016016,0,1.42004873972,0.425959735518,5,980
408,1,4.77017136544,4.0,5,0.017017017017,1,0.0858719318258,-0.487444430041,5,703
409,1,2.04792356281,0.0,3,0.017017017017,0,-0.428052952125,-1.66791758082,5,707
410,1,8.78637492636,4.0,10,0.016016016016,0,0.689182068481,1.71882872091,5,909
411,1,9.74771712096,2.0,10,0.015015015015,0,1.40653110167,0.52812381595,5,917
412,1,4.92565898381,4.0,5,0.017017017017,1,-0.141636657128,0.350568955188,5,861
413,1,9.09172310612,9.0,13,0.017017017017,0,0.885307883429,1.43579945583,5,962
414,1,5.27196009178,5.0,6,0.015015015015,1,0.886712655303,-2.38817787412,5,862
415,1,8.9348850878,6.0,16,0.016016016016,0,0.985397032301,0.978693990901,5,998
416,1,5.60175686784,3.0,15,0.016016016016,0,0.805386939961,-1.81440395204,5,984
417,1,1.52858719185,0.0,4,0.015015015015,0,-1.21771094016,0.181720012339,5,751
418,1,2.63831715209,0.0,6,0.016016016016,0,-1.20814784987,1.26276070171,5,835
419,1,6.34546112002,3.0,13,0.015015015015,0,-0.00716217782766,1.3669476535,5,971
420,1,11.8025338123,10.0,14,0.018018018018,0,1.29985649154,2.90296433769,5,951
421,1,7.63699491053,6.0,12,0.018018018018,0,1.11635847616,-0.712080517947,5,868
422,1,1.43946452401,0.0,2,0.016016016016,0,-1.65533975724,1.40548379573,5,612
423,1,5.44697910446,5.0,7,0.018018018018,0,-0.445526554248,1.78355876721,5,623
424,1,3.23835682847,0.0,8,0.017017017017,0,-0.237364188875,-1.0495506049,5,695
425,1,7.06280609749,0.0,13,0.017017017017,0,1.19436017928,-1.52027444034,5,752
426,1,2.39565861628,0.0,4,0.015015015015,0,-0.914240890044,0.138381286412,5,549
427,1,10.0736318003,10.0,11,0.016016016016,1,1.58751559988,0.311085000681,5,729
428,1,1.19509900718,0.0,2,0.017017017017,0,-1.31784600806,0.148637031373,5,546
429,1,3.51334673779,2.0,8,0.015015015015,0,-1.06181178809,1.69878210205,5,572
430,1,8.44891487823,2.0,11,0.013013013013,0,1.07004934986,0.23876682866,5,744
431,1,9.56506723726,3.0,13,0.018018018018,0,1.40585788371,0.347493586118,5,627
432,1,4.9294811814,3.0,8,0.016016016016,0,0.00042717293004,-0.0718003373922,5,548
433,1,5.64318817148,5.0,6,0.017017017017,1,0.464629061903,-0.750699014233,5,519
434,1,4.67426897696,4.0,6,0.018018018018,0,-0.415539035194,0.920886082546,5,517
435,1,1.76842353587,1.0,4,0.014014014014,0,-0.683635544688,-1.18066983006,5,371
436,1,4.95019468044,0.0,13,0.016016016016,0,-0.696071948292,2.03841052531,5,605
437,1,6.70986764187,6.0,8,0.015015015015,0,-0.287158953325,2.57134450184,5,486
438,1,6.92704017781,4.0,8,0.017017017017,0,0.664485024844,-0.0664148967222,5,469
439,1,5.16320815043,5.0,7,0.016016016016,0,-0.117489741746,0.515677375669,5,427
440,1,3.14916782511,,4,0.016016016016,0,0.169269754642,-2.35864143882,5,274
441,1,2.39378254379,1.0,6,0.017017017017,0,-0.878258253645,0.0285573047277,5,344
442,1,2.50225995911,1.0,3,0.015015015015,0,-0.433241166826,-1.19801654041,5,241
443,1,5.33727898484,1.0,6,0.017017017017,0,-0.379655513598,1.47624552564,5,289
444,1,5.22168301396,1.0,15,0.017017017017,0,-0.22450343549,0.895193320432,5,509
445,1,2.78623975723,1.0,5,0.017017017017,0,0.515539664867,-3.76037923738,5,242
446,1,10.2730100884,9.0,12,0.016016016016,0,1.17696956652,1.74210138887,5,515
447,1,4.80812998977,1.0,5,0.014014014014,0,-0.984958218669,2.76300464577,5,262
448,1,0.637252093406,0.0,2,0.016016016016,0,-1.24193873678,-0.636931696246,5,235
449,1,-2.63698033277,,0,0.015015015015,1,-1.24668546474,-3.89692393856,5,32
450,1,1.99602968463,,2,0.015015015015,0,-0.939145298621,-0.186534419503,5,217
451,1,2.40517090461,2.0,8,0.013013013013,0,0.368009219768,-3.69885675469,5,431
452,1,2.86083206544,2.0,3,0.016016016016,1,-0.0833556417805,-1.88910100922,5,218
453,1,7.10745615761,6.0,13,0.014014014014,0,0.838849239802,-0.409091561798,5,737
454,1,6.91270259302,5.0,17,0.017017017017,0,-0.0149606135463,1.95758443365,5,785
455,1,4.19878681803,3.0,9,0.017017017017,0,-0.00810114008196,-0.776909761722,5,326
456,1,5.25962849623,4.0,12,0.017017017017,0,0.44920731463,-1.08799344765,5,529
457,1,6.80390054491,5.0,8,0.018018018018,0,1.2894655933,-2.06449623499,5,400
458,1,-0.992515158116,,0,0.016016016016,1,-1.92024301324,-0.2317861184,5,5
459,1,3.54693690087,3.0,4,0.017017017017,1,-0.578966934379,0.28383770401,5,386
460,1,7.33584453654,6.0,12,0.015015015015,0,0.304849053887,1.42129737488,5,688
461,1,1.10754050061,1.0,4,0.017017017017,0,-0.594844194558,-2.10792691571,5,463
462,1,4.68498705968,1.0,7,0.016016016016,0,0.533065134606,-1.91420834414,5,510
463,1,11.3296731004,4.0,14,0.016016016016,0,1.85742832778,0.757388117064,5,587
464,1,8.76888521218,1.0,11,0.015015015015,0,1.65313826812,-1.19052959216,5,569
465,1,6.67378797758,3.0,9,0.017017017017,0,0.500233288595,0.173088111792,5,487
466,1,2.73802221347,1.0,10,0.016016016016,0,-0.777581266651,0.0707660134172,5,541
467,1,7.20270856912,4.0,10,0.017017017017,0,0.666359683102,0.203629519815,5,503
468,1,5.49887531746,4.0,15,0.016016016016,0,-0.410376117433,1.73000366976,5,676
469,1,6.77209109073,5.0,7,0.017017017017,0,0.960167975487,-1.10841283573,5,452
470,1,8.65779168902,4.0,12,0.015015015015,0,1.81591875997,-1.7899645909,5,551
471,1,1.43096242906,1.0,4,0.015015015015,0,-0.742892788,-1.34035920694,5,246
472,1,5.83917645942,1.0,9,0.014014014014,0,0.059763948108,0.659884615095,5,423
473,1,3.59884209292,0.0,5,0.017017017017,0,-0.940103895653,1.41915377988,5,243
474,1,5.64274977091,,9,0.016016016016,0,-0.493907489641,2.12447223983,5,366
475,1,4.96109643675,0.0,5,0.017017017017,0,0.19186147062,-0.614487975108,5,197
476,1,6.95979357145,6.0,8,0.017017017017,0,1.42504523217,-2.31534212507,5,311
477,1,1.17007943609,1.0,3,0.016016016016,0,-1.32454851859,0.143724991858,5,147
478,1,0.829185429835,,7,0.014014014014,0,-1.07174392732,-0.955582788211,5,199
479,1,5.3735737133,3.0,14,0.015015015015,0,0.313035608115,-0.565533111048,5,314
480,1,1.82096877638,0.0,8,0.015015015015,0,-0.642444003039,-1.2516992145,5,226
481,1,5.56555923538,2.0,6,0.017017017017,0,0.296564575449,-0.324134490963,5,143
482,1,4.96843024946,,6,0.018018018018,0,-0.0841472226885,0.220871917523,5,155
483,1,2.59167882152,1.0,5,0.016016016016,0,-1.06838589491,0.796836506236,5,137
484,1,7.0387678488,2.0,10,0.017017017017,0,0.273765440503,1.21747152729,5,160
485,1,3.46959181569,3.0,5,0.016016016016,0,-0.129507005999,-1.14188716631,5,121
486,1,2.19756789434,,3,0.015015015015,0,-0.853939151601,-0.24061465086,5,117
487,1,6.88225587371,5.0,9,0.015015015015,0,0.509512239612,0.353719154869,5,176
488,1,0.90843426404,0.0,2,0.014014014014,0,-0.770780473622,-1.7792243151,5,100
489,1,-1.0400225691,,0,0.016016016016,1,-1.17497779573,-2.51508918192,5,63
490,1,7.27772203469,1.0,9,0.014014014014,0,0.606736516649,0.45751248474,5,261
491,1,0.83824161368,,1,0.016016016016,0,-1.37052580158,-0.0501809815764,5,66
492,1,6.79518474476,2.0,7,0.016016016016,0,0.0943602068965,1.51210412407,5,157
493,1,6.68789572219,0.0,8,0.015015015015,0,0.90735012355,-1.03415464846,5,178
494,1,11.5688160877,11.0,12,0.016016016016,1,0.788238438643,4.20410077176,5,334
495,1,11.0974222209,11.0,12,0.015015015015,1,1.80436797099,0.68431830793,5,327
496,1,6.95166307731,1.0,15,0.016016016016,0,0.812510884673,-0.485869576712,5,349
497,1,7.01203294429,1.0,9,0.016016016016,0,0.0259499197143,1.93418318515,5,254
498,1,2.08099976744,2.0,7,0.016016016016,0,-1.17768884493,0.614066302222,5,153
499,1,7.30516200731,7.0,8,0.017017017017,1,0.534349590508,0.702113235785,5,152
500,1,2.90046688923,,6,0.016016016016,0,-0.0436604814337,-1.96855166647,5,129
501,1,8.84150620281,6.0,10,0.014014014014,0,0.842530991953,1.31391322695,5,303
502,1,8.28459546432,7.0,12,0.015015015015,0,2.21468818986,-3.35946910526,5,351
503,1,-3.07677180691,,0,0.017017017017,1,-2.26589533068,-1.27908581487,5,15
504,1,5.42338916209,2.0,7,0.015015015015,0,-0.452806855058,1.78180972726,5,114
505,1,4.23252425113,3.0,9,0.017017017017,0,0.289860364765,-1.63705684316,5,122
506,1,4.59077686408,4.0,6,0.014014014014,0,0.22998032327,-1.09916410573,5,111
507,1,2.66716759938,,3,0.016016016016,0,-1.25204436021,1.42330068,5,52
508,1,-1.00586125617,,1,0.016016016016,0,-2.24343923139,0.724456438009,5,34
509,1,0.689760915696,,4,0.015015015015,0,-1.45800878786,0.0637872792867,5,97
510,1,4.92076692915,,6,0.016016016016,0,-0.440278546648,1.2416025691,5,103
511,1,6.42938517148,3.0,8,0.017017017017,0,0.829678617719,-1.05965068168,5,120
512,1,3.57126626274,3.0,4,0.014014014014,1,-0.49284545337,0.0498026228485,5,98
513,1,5.7459781826,3.0,9,0.015015015015,0,-0.16025583757,1.22674569531,5,128
514,1,0.461972524014,0.0,1,0.018018018018,1,-1.23816347101,-0.823537062949,5,48
515,1,6.32979020527,4.0,13,0.017017017017,0,0.754138020236,-0.932623855442,5,219
516,1,5.02077779925,5.0,7,0.016016016016,0,0.837248780211,-2.49096854138,5,135
517,1,8.68118642102,,9,0.016016016016,0,1.0337116168,0.580051570628,5,158
518,1,1.19796185632,,6,0.016016016016,0,-1.69282812733,1.2764462383,5,140
519,1,10.027161871,8.0,15,0.017017017017,0,1.26431854184,1.23420624545,5,244
520,1,-0.97119746589,,1,0.017017017017,0,-1.71762304953,-0.8183283173,5,69
521,1,6.44777426832,0.0,9,0.017017017017,0,0.519831194189,-0.111719314246,5,167
522,1,4.4957852346,0.0,13,0.017017017017,0,-0.147796876075,-0.0608241371707,5,227
523,1,7.26347666959,5.0,16,0.017017017017,0,1.00486381299,-0.751114769372,5,257
524,1,2.20210080307,2.0,8,0.015015015015,0,-0.693161453519,-0.718414836371,5,168
525,1,9.9205049483,9.0,12,0.015015015015,0,2.20842331868,-1.70476500775,5,231
526,1,6.02921458309,2.0,9,0.017017017017,0,0.414110269152,-0.213116224364,5,174
527,1,1.44699279206,0.0,2,0.018018018018,0,-0.810557851138,-1.12133365453,5,81
528,1,2.9055035959,,3,0.014014014014,0,-0.348816019881,-1.04804834446,5,164
529,1,1.51044407971,0.0,3,0.015015015015,0,-0.757335360507,-1.21754983877,5,109
530,1,5.21595259104,2.0,6,0.017017017017,0,-0.171727999234,0.731136588742,5,172
531,1,1.893523646,0.0,2,0.015015015015,0,-1.21951843474,0.552078950228,5,102
532,1,8.23261358477,1.0,9,0.016016016016,0,1.66867657182,-1.7734161307,5,188
533,1,7.9222864753,4.0,11,0.018018018018,0,0.619715023346,1.06314140526,5,212
534,1,4.10948413126,0.0,7,0.017017017017,0,-0.50394265698,0.621312102194,5,184
535,1,0.974006777319,,14,0.016016016016,0,-1.03979233142,-0.906616228428,5,353
536,1,-4.67598088266,,0,0.017017017017,1,-2.04543298268,-3.53968193462,5,83
537,1,7.97152519251,7.0,8,0.016016016016,1,1.14722619106,-0.470153380682,5,220
538,1,6.89245556678,3.0,11,0.017017017017,0,0.218125745263,1.23807833099,5,280
539,1,3.94694373471,3.0,4,0.015015015015,1,-0.443035500614,0.276050236556,5,185
540,1,2.25390356354,2.0,13,0.015015015015,0,-1.50897169132,1.7808186375,5,308
541,1,2.91124109796,2.0,4,0.015015015015,0,0.575423714886,-3.8150300467,5,191
542,1,3.10633972383,1.0,8,0.016016016016,0,-0.684165991839,0.158837699347,5,271
543,1,9.00712354711,7.0,10,0.017017017017,0,1.57394985427,-0.714726015697,5,290
544,1,9.40595496683,,13,0.015015015015,0,1.45325519146,0.0461893924546,5,362
545,1,2.34359346729,2.0,6,0.019019019019,0,-1.21081113892,0.976026884056,5,269
546,1,6.83353892385,2.0,10,0.018018018018,0,0.473425703271,0.413261814033,5,307
547,1,7.78164574921,4.0,14,0.015015015015,0,1.18492168794,-0.773119314609,5,520
548,1,1.65310198889,1.0,3,0.016016016016,0,-0.37392743846,-2.22511569573,5,202
549,1,0.0434678362308,,1,0.014014014014,0,-0.836433014236,-2.44723312106,5,92
550,1,-1.110768115,,0,0.015015015015,1,-1.69239294249,-1.03358928753,5,23
551,1,8.4206633374,2.0,9,0.016016016016,0,0.485342674597,1.96463531361,5,346
552,1,3.8213082407,2.0,11,0.016016016016,0,0.14033852944,-1.59970734762,5,401
553,1,5.56948549801,4.0,12,0.015015015015,0,1.27066591566,-3.24251224896,5,404
554,1,2.86460808266,2.0,3,0.016016016016,1,-0.711872890434,0.000226753961923,5,229
555,1,2.24640858393,2.0,5,0.014014014014,0,-1.32107543068,1.20963487598,5,337
556,1,-0.0846206143631,,4,0.016016016016,0,-1.02078220424,-2.02227400165,5,250
557,1,3.18756138683,1.0,12,0.015015015015,0,-0.658725120854,0.163736749391,5,449
558,1,8.07000814667,2.0,18,0.019019019019,0,0.60563950583,1.25308962918,5,698
559,1,3.70546052998,2.0,4,0.018018018018,0,-0.60836308246,0.530549777365,5,315
560,1,0.492595379937,0.0,8,0.015015015015,0,-1.34763517288,-0.46449910143,5,415
561,1,3.73202941176,0.0,6,0.018018018018,0,-0.206064431978,-0.649777292309,5,340
562,1,1.42567447541,0.0,2,0.015015015015,0,0.16952815106,-4.08290997777,5,277
563,1,3.67381236849,0.0,5,0.016016016016,0,-0.656582363437,0.643559458802,5,343
564,1,4.78784253059,2.0,11,0.018018018018,0,-0.893423938152,2.46811434505,5,479
565,1,7.79726739738,7.0,12,0.017017017017,0,0.469012828097,1.39022891308,5,592
566,1,4.80583843001,0.0,7,0.015015015015,0,0.278469958215,-1.02957144463,5,464
567,1,8.11290373118,6.0,13,0.015015015015,0,0.98596997963,0.154993792289,5,606
568,1,4.61940288812,3.0,5,0.015015015015,0,-0.165231240889,0.115096610791,5,444
569,1,3.00803087107,1.0,5,0.016016016016,0,-0.608619395849,-0.166110941388,5,406
570,1,5.43395702427,1.0,7,0.014014014014,0,0.59705974404,-1.35722220786,5,482
571,1,6.63776129958,0.0,11,0.015015015015,0,0.437895373879,0.324075177947,5,543
572,1,7.49682411041,2.0,13,0.015015015015,0,0.47449657322,1.07333439075,5,614
573,1,8.84373414546,4.0,15,0.015015015015,0,0.951195001741,0.990149140234,5,760
574,1,7.08953044158,6.0,10,0.016016016016,0,1.14737368062,-1.35259060029,5,507
575,1,2.91212323881,0.0,4,0.016016016016,0,-0.66902007169,-0.0808165461221,5,375
576,1,3.79518770547,0.0,7,0.016016016016,0,-0.1632706792,-0.715000256931,5,456
577,1,0.715628701032,,2,0.016016016016,0,-0.827087154059,-1.80310983679,5,232
578,1,8.80430461563,8.0,11,0.016016016016,0,1.42149173832,-0.460170599319,5,511
579,1,7.85939260419,5.0,13,0.018018018018,0,1.22942525755,-0.828883168465,5,576
580,1,0.529466925656,0.0,1,0.014014014014,1,-1.82814264042,1.01389484693,5,206
581,1,10.6249891633,5.0,11,0.017017017017,0,1.52946456977,1.03659545396,5,502
582,1,1.09131761606,0.0,2,0.016016016016,0,-1.05279499732,-0.750297391989,5,222
583,1,0.392232537828,0.0,6,0.017017017017,0,-1.55020067431,0.04283456077,5,332
584,1,9.58409743224,6.0,16,0.016016016016,0,1.02252935624,1.51650936352,5,764
585,1,4.53171674133,1.0,12,0.017017017017,0,-0.409499640311,0.760215662259,5,442
586,1,8.19963572331,5.0,9,0.016016016016,0,1.30892758996,-0.727147046588,5,430
587,1,10.3926544086,4.0,12,0.016016016016,0,0.93191521738,2.59690875644,5,466
588,1,1.64499148627,1.0,2,0.016016016016,1,-1.62598550483,1.52294800077,5,190
589,1,2.83813932441,2.0,6,0.019019019019,0,-0.412826376699,-0.923381545494,5,279
590,1,1.93416073245,1.0,2,0.017017017017,1,-0.857401631691,-0.493634372477,5,183
591,1,6.20160316303,5.0,8,0.016016016016,0,-0.792634731861,3.57950735861,5,323
592,1,2.27692328079,1.0,8,0.015015015015,0,-0.549894846683,-1.07339217916,5,281
593,1,9.82340121255,6.0,13,0.018018018018,0,1.09045683373,1.55203071136,5,435
594,1,9.52411321095,9.0,11,0.016016016016,0,1.38839997056,0.358913299258,5,410
595,1,7.00134697086,6.0,14,0.017017017017,0,0.582056291474,0.255178096443,5,381
596,1,0.636210692752,0.0,1,0.015015015015,1,-0.675101234066,-2.33848560505,5,36
597,1,5.10901572596,3.0,8,0.014014014014,0,-0.205327406092,0.724997944235,5,247
598,1,3.68064507078,2.0,8,0.017017017017,0,-0.173815946469,-0.797907089814,5,179
599,1,1.38858570919,,7,0.016016016016,0,-0.993608226333,-0.630589611811,5,156
600,1,5.69820145793,,6,0.017017017017,0,-0.479388733477,2.13636765836,5,146
601,1,5.47512784156,2.0,8,0.015015015015,0,0.0477130275385,0.331988758949,5,150
602,1,-2.85121141523,,0,0.017017017017,1,-2.18111117097,-1.30787790233,5,28
603,1,5.09413495527,2.0,6,0.017017017017,0,-0.0979383893177,0.387950123221,5,116
604,1,2.29819433604,0.0,5,0.016016016016,0,-0.488552974566,-1.23614674026,5,88
605,1,-2.09851455128,,4,0.016016016016,0,-2.20962893938,-0.469627733136,5,87
606,1,11.5015797982,9.0,12,0.016016016016,0,2.02889491028,0.414895067388,5,171
607,1,3.53362766192,3.0,14,0.015015015015,0,-0.543481925779,0.164073439255,5,230
608,1,4.10804273985,0.0,9,0.015015015015,0,-0.21521955296,-0.246298601267,5,123
609,1,1.15491650236,,7,0.016016016016,0,-0.450989160106,-2.49211601732,5,112
610,1,3.40348083956,3.0,6,0.016016016016,0,-1.27972130648,2.24264475899,5,84
611,1,9.42571810799,8.0,12,0.017017017017,0,0.856615771022,1.85587079492,5,181
612,1,1.85312209928,0.0,2,0.014014014014,0,-0.0906105284518,-2.87504631537,5,75
613,1,1.53292450135,1.0,4,0.018018018018,0,-0.911480629704,-0.732633609542,5,78
614,1,2.71940987248,0.0,4,0.016016016016,0,-1.24806445547,1.46360323888,5,80
615,1,-0.524053066626,,1,0.016016016016,0,-1.94803751268,0.320059471414,5,51
616,1,6.23959188107,0.0,7,0.017017017017,0,0.2405556038,0.517925069666,5,182
617,1,4.0608906517,2.0,9,0.016016016016,0,0.202636637939,-1.54701926212,5,278
618,1,-0.0890285084882,,1,0.016016016016,0,-1.35233921946,-1.0320108501,5,42
619,1,7.66243750528,6.0,13,0.014014014014,0,0.80585671924,0.244867347564,5,679
620,1,9.7446473916,6.0,11,0.017017017017,0,1.55430610654,0.0817290719696,5,405
621,1,4.2781418321,4.0,7,0.018018018018,0,-0.468910367424,0.684872934376,5,299
622,1,7.70080228534,5.0,8,0.017017017017,0,1.39361910638,-1.4800550338,5,388
623,1,7.81654817159,3.0,12,0.015015015015,0,0.69125118247,0.74279462418,5,494
624,1,4.61335400201,2.0,7,0.016016016016,0,-0.341011924188,0.636389774577,5,397
625,1,5.41478077425,2.0,8,0.017017017017,0,-1.06733865671,3.61679674437,5,407
626,1,3.88996869944,3.0,4,0.016016016016,1,-0.456876908304,0.26059942435,5,391
627,1,4.08773965256,2.0,11,0.016016016016,0,-0.882248108631,1.73448397845,5,476
628,1,5.14989562681,4.0,10,0.017017017017,0,0.419581561895,-1.10884905887,5,461
629,1,4.97833128002,3.0,8,0.016016016016,0,0.398347085607,-1.21670997679,5,417
630,1,2.74941682713,1.0,11,0.015015015015,0,-0.0876922614057,-1.98750638865,5,540
631,1,7.32448822473,3.0,10,0.016016016016,0,1.00257635709,-0.683240846543,5,506
632,1,-0.551961862585,,0,0.016016016016,1,-1.49451271743,-1.0684237103,5,24
633,1,4.10443231875,3.0,7,0.018018018018,0,0.0775436094125,-1.12819850949,5,474
634,1,3.96447571626,2.0,12,0.016016016016,0,-0.271277438707,-0.22169196762,5,624
635,1,1.25716717981,1.0,2,0.013013013013,1,-0.591351388433,-1.96877865489,5,288
636,1,6.52450967636,5.0,15,0.016016016016,0,0.347384526364,0.482356097266,5,633
637,1,9.30634121382,3.0,10,0.014014014014,0,1.4272470504,0.0246000626229,5,567
638,1,2.29254024783,2.0,4,0.015015015015,0,-0.557671941396,-1.03444392799,5,293
639,1,6.04181852827,5.0,8,0.017017017017,0,0.734476214501,-1.16161011523,5,533
640,1,5.41658435885,3.0,12,0.014014014014,0,0.981852673477,-2.52897366158,5,645
641,1,5.85866819935,2.0,7,0.015015015015,0,0.215833398987,0.211168002385,5,530
642,1,8.30711936193,5.0,12,0.016016016016,0,0.920979301276,0.544181458099,5,630
643,1,3.50393544672,2.0,4,0.016016016016,0,-0.15368653126,-1.03500495951,5,492
644,1,-0.794638599184,,1,0.019019019019,0,-2.10199864784,0.511357344336,5,79
645,1,6.49347313854,4.0,14,0.015015015015,0,-0.337633845734,2.50637467574,5,678
646,1,4.80913036976,4.0,7,0.015015015015,0,0.635363548356,-2.09696027531,5,539
647,1,-2.54936761793,,0,0.015015015015,1,-1.7708381887,-2.23685305184,5,14
648,1,9.94642951529,3.0,17,0.018018018018,0,0.669636515512,2.93751996875,5,731
649,1,7.70515951274,3.0,9,0.017017017017,0,1.42368667306,-1.56590050645,5,557
650,1,7.13615693405,3.0,11,0.015015015015,0,0.649104003552,0.188844923397,5,615
651,1,5.78855006187,3.0,6,0.015015015015,0,0.348610479835,-0.257281377634,5,559
652,1,3.33288065633,3.0,4,0.015015015015,1,0.0567638645871,-1.83741093743,5,504
653,1,5.99467460842,1.0,10,0.015015015015,0,0.23612258734,0.286306846395,5,581
654,1,8.61990379122,3.0,13,0.018018018018,0,1.70339733955,-1.49028822744,5,596
655,1,2.78032629314,0.0,10,0.016016016016,0,-0.456703556076,-0.849563038633,5,580
656,1,1.67521951537,1.0,13,0.016016016016,0,-0.494987381234,-1.83981834093,5,635
657,1,0.168930424895,0.0,1,0.016016016016,1,-1.30982738898,-0.901587408164,5,251
658,1,6.07235804638,4.0,8,0.016016016016,0,0.0950646207066,0.787164184264,5,564
659,1,12.1460162513,8.0,13,0.016016016016,0,1.81531795435,1.7000623882,5,597
660,1,5.02173521509,2.0,6,0.019019019019,0,-0.313292218743,0.961611871314,5,399
661,1,5.96521561482,5.0,7,0.016016016016,0,-0.515176438606,2.51074493064,5,470
662,1,3.1253004965,0.0,4,0.015015015015,0,-0.512369517905,-0.337590949784,5,370
663,1,0.0832105968801,0.0,1,0.014014014014,1,-2.08478181847,1.33755605229,5,313
664,1,1.89330661053,0.0,15,0.016016016016,0,-1.37261298833,1.01114557551,5,945
665,1,4.11043316269,3.0,5,0.014014014014,0,-0.948265476403,1.9552295919,5,454
666,1,10.348941212,10.0,14,0.014014014014,0,1.89259524094,-0.328844510832,5,997
667,1,0.10916916425,0.0,1,0.016016016016,1,-1.20649963271,-1.27133193763,5,328
668,1,3.87719631001,0.0,4,0.016016016016,0,0.0610717363715,-1.30601889911,5,372
669,1,1.12441366365,0.0,11,0.015015015015,0,-1.04792401898,-0.731814279405,5,742
670,1,9.11440326613,6.0,12,0.015015015015,0,1.0994057954,0.816185879934,5,743
671,1,4.32585081203,0.0,6,0.018018018018,0,-0.50138034115,0.829991835482,5,528
672,1,3.74494187459,0.0,6,0.016016016016,0,0.138935630803,-1.67186501782,5,595
673,1,4.32642843857,4.0,12,0.013013013013,0,-0.116902754025,-0.322863299359,5,682
674,1,8.64008662337,8.0,9,0.017017017017,1,1.53971019351,-0.979043957155,5,631
675,1,10.9548914767,8.0,14,0.017017017017,0,1.16470942571,2.4607631996,5,653
676,1,2.22612062039,1.0,4,0.016016016016,0,-0.595699295963,-0.986781491718,5,499
677,1,5.79035881185,4.0,9,0.016016016016,0,0.067040652867,0.58923685325,5,607
678,1,5.61003396435,5.0,11,0.015015015015,0,-0.0628258355451,0.798511470986,5,643
679,1,6.09998093655,3.0,7,0.015015015015,0,0.847240381825,-1.44174020893,5,571
680,1,6.44111198097,4.0,8,0.015015015015,0,1.33667773247,-2.56892121645,5,603
681,1,7.29949633184,2.0,12,0.017017017017,0,0.992871131771,-0.679117063478,5,649
682,1,0.523852689639,0.0,1,0.016016016016,1,-0.511762009217,-2.94086128271,5,215
683,1,6.85577800228,5.0,11,0.013013013013,0,0.141527619674,1.43119514325,5,726
684,1,2.59547270148,1.0,3,0.018018018018,0,-0.476358441314,-0.975451974575,5,394
685,1,7.64958679454,,8,0.015015015015,0,0.869683439932,0.0405364747393,5,601
686,1,5.42271032965,4.0,6,0.016016016016,0,-0.0394222878995,0.540977193351,5,414
687,1,11.2713579036,8.0,12,0.015015015015,0,1.73419416294,1.06877541481,5,599
688,1,12.1673482389,9.0,16,0.016016016016,0,2.30873594594,0.241140401094,5,851
689,1,5.36221342443,1.0,7,0.018018018018,0,0.134210177162,-0.0404171070535,5,330
690,1,5.14257083232,4.0,6,0.016016016016,0,0.743207641293,-2.08705209156,5,203
691,1,8.03158990942,5.0,13,0.015015015015,0,0.322663423622,2.06359963855,5,685
692,1,9.34052162725,5.0,12,0.016016016016,0,1.14294774988,0.91167837761,5,467
693,1,3.6251841629,,4,0.014014014014,0,-0.642541052424,0.552807320169,5,159
694,1,4.72403639368,3.0,11,0.017017017017,0,-0.434764701274,1.0283304975,5,378
695,1,1.61838490399,1.0,7,0.017017017017,0,-0.585104198113,-1.62630250167,5,173
696,1,3.11314906881,3.0,10,0.016016016016,0,-0.908676515819,0.839178616264,5,369
697,1,5.79470558347,1.0,8,0.015015015015,0,-0.139434878684,1.21301021953,5,163
698,1,-0.730434555693,,0,0.016016016016,1,-1.93382389414,0.0710371267144,5,33
699,1,1.35627779299,0.0,3,0.015015015015,0,-0.616436743701,-1.7944119759,5,70
700,1,6.51511002843,1.0,7,0.016016016016,0,0.236587978796,0.805346092044,5,142
701,1,4.04906039678,4.0,9,0.015015015015,0,-0.623362552882,0.919148055429,5,115
702,1,7.51078173545,5.0,9,0.014014014014,0,0.404174428758,1.29825844917,5,151
703,1,6.01731031117,5.0,8,0.016016016016,0,-0.514715807356,2.56145773324,5,104
704,1,0.818821399021,,3,0.015015015015,0,-1.46434616295,0.211859887874,5,57
705,1,3.73663175866,0.0,6,0.014014014014,0,0.0625949271215,-1.4511530227,5,95
706,1,0.889189837111,,3,0.017017017017,0,-1.28030682656,-0.269889683219,5,54
707,1,-3.39003167468,,0,0.015015015015,1,-1.72735036682,-3.20798057423,5,22
708,1,1.95754012294,,3,0.015015015015,0,-1.40908284159,1.1847886477,5,90
709,1,2.91542442316,0.0,9,0.015015015015,0,-0.115228770369,-1.73888926574,5,113
710,1,5.4044289623,5.0,6,0.017017017017,1,-0.026015109808,0.482474291728,5,91
711,1,5.82286730386,5.0,9,0.015015015015,0,-0.534681985854,2.42691326143,5,119
712,1,9.35890285389,5.0,10,0.017017017017,0,1.4426542668,0.0309400534874,5,107
713,1,6.75694810379,4.0,16,0.017017017017,0,1.00345474769,-1.25341613929,5,747
714,1,-2.9691320476,,1,0.017017017017,0,-2.62403957241,-0.0970133303807,5,50
715,1,1.07025403718,0.0,2,0.018018018018,0,-0.428610548415,-2.64391431758,5,62
716,1,6.39067544151,6.0,12,0.015015015015,0,-0.224000297127,2.06267633289,5,642
717,1,9.01026514488,7.0,13,0.016016016016,0,1.42085924596,-0.252312592987,5,715
718,1,7.38380579215,5.0,8,0.016016016016,0,0.300660854391,1.48182322897,5,584
719,1,4.60822485883,4.0,5,0.016016016016,1,0.19038163489,-0.962920045845,5,420
720,1,7.86059645893,7.0,8,0.018018018018,1,0.597495394836,1.06811027443,5,477
721,1,8.34585927587,8.0,13,0.015015015015,0,1.404645634,-0.868077626127,5,739
722,1,7.59924867033,3.0,8,0.018018018018,0,0.984457314479,-0.35412327311,5,590
723,1,4.35171635413,3.0,5,0.017017017017,0,0.442017749235,-1.97433689357,5,550
724,1,5.24035429209,4.0,6,0.017017017017,0,0.235229990637,-0.465335679823,5,618
725,1,3.01333236457,2.0,10,0.014014014014,0,-1.04531988133,1.14929200857,5,754
726,1,3.74550186218,3.0,4,0.014014014014,1,-0.0466304213677,-1.11460687371,5,650
727,1,4.81963885469,1.0,7,0.016016016016,0,-0.328441516701,0.804963404795,5,697
728,1,3.77892551667,3.0,6,0.016016016016,0,-0.430687496774,0.070988006994,5,662
729,1,6.04938864275,1.0,11,0.017017017017,0,-0.122294561533,1.41627232735,5,789
730,1,6.5847743027,5.0,13,0.014014014014,0,-0.340935831757,2.60758179797,5,929
731,1,2.68777790505,1.0,12,0.017017017017,0,-1.45518736076,2.05333998734,5,827
732,1,3.48491895228,2.0,6,0.016016016016,0,-1.06379546837,1.6763053574,5,758
733,1,6.86530795938,4.0,7,0.015015015015,0,0.784381659156,-0.487837018087,5,788
734,1,4.38435200088,1.0,12,0.016016016016,0,0.34701067343,-1.65668001941,5,888
735,1,2.65994205308,1.0,3,0.015015015015,0,-1.32147362723,1.62436293478,5,714
736,1,8.24018093471,2.0,10,0.015015015015,0,1.41477413073,-1.00414145749,5,876
737,1,2.65287275097,0.0,6,0.016016016016,0,-0.242101770184,-1.62082193848,5,790
738,1,10.1371117179,2.0,17,0.017017017017,0,1.50038701505,0.635950672791,5,964
739,1,3.25192372924,1.0,5,0.017017017017,0,-0.684847530908,0.306466321969,5,769
740,1,2.40022795161,1.0,15,0.018018018018,0,-0.890271713832,0.0710430931063,5,922
741,1,1.96375303054,0.0,9,0.017017017017,0,-0.527001387144,-1.45524280803,5,879
742,1,10.201246942,6.0,11,0.016016016016,0,1.3071185101,1.27989141165,5,923
743,1,4.66655103965,3.0,8,0.02002002002,0,0.328086528702,-1.31770854646,5,840
744,1,1.564154382,1.0,7,0.016016016016,0,-1.52227954673,1.13099302219,5,856
745,1,3.56814819361,3.0,4,0.018018018018,1,-0.753794153978,0.829530655541,5,736
746,1,3.4891118456,0.0,14,0.015015015015,0,-0.67307382626,0.508333324382,5,954
747,1,4.51710584077,2.0,15,0.017017017017,0,0.351924657225,-1.5386681309,5,952
748,1,9.84891770668,2.0,10,0.015015015015,0,1.41701040357,0.597886495964,5,890
749,1,6.29503167579,1.0,12,0.015015015015,0,0.256173500493,0.526511174311,5,943
750,1,6.0187726533,3.0,7,0.017017017017,0,0.652321651475,-0.938192301122,5,830
751,1,8.21080364815,0.0,12,0.017017017017,0,1.65143975997,-1.74351563175,5,887
752,1,4.04258555532,4.0,6,0.015015015015,0,-0.562778961296,0.730922439206,5,822
753,1,6.69696020097,4.0,9,0.014014014014,0,0.43232988069,0.3999705589,5,841
754,1,3.33715711125,2.0,5,0.016016016016,0,-0.703045315995,0.446293059233,5,814
755,1,2.70218583619,0.0,9,0.015015015015,0,-1.05190063801,0.857887750234,5,833
756,1,1.46252244903,1.0,2,0.016016016016,1,-1.4775141496,0.895064897815,5,730
757,1,6.23801340005,3.0,7,0.015015015015,0,-0.492711329072,2.71614738727,5,824
758,1,4.75591491505,1.0,5,0.016016016016,0,-0.513746634196,1.29715481764,5,791
759,1,9.5370796094,2.0,15,0.016016016016,0,1.24204542054,0.810943347787,5,959
760,1,8.90686835838,7.0,9,0.014014014014,0,1.09710170411,0.615563246045,5,802
761,1,2.98632120921,2.0,3,0.016016016016,1,-0.660868260869,-0.0310740081805,5,720
762,1,6.06182235972,4.0,9,0.017017017017,0,-0.20453032881,1.67541334615,5,759
763,1,5.50375167602,5.0,16,0.016016016016,0,0.389544017941,-0.664880377806,5,976
764,1,6.18790417862,5.0,10,0.018018018018,0,-0.101410891128,1.492136852,5,735
765,1,4.99990145704,4.0,13,0.017017017017,0,0.113291731707,-0.339973738084,5,838
766,1,2.36698474294,1.0,3,0.015015015015,0,-1.14243709734,0.794296034959,5,670
767,1,1.40555475794,1.0,5,0.015015015015,0,-1.11159264016,-0.259667321592,5,691
768,1,-2.79665224421,,0,0.015015015015,1,-2.00730160077,-1.7747474419,5,9
769,1,5.64436506744,3.0,7,0.016016016016,0,-0.309537083935,1.57297631924,5,733
770,1,1.39940648104,1.0,2,0.017017017017,1,-0.254646326488,-2.8366545395,5,640
771,1,1.34336832919,1.0,4,0.017017017017,0,-0.449661355354,-2.30764760474,5,641
772,1,12.5510798755,9.0,16,0.017017017017,0,1.65071681619,2.59892942691,5,936
773,1,1.71526947878,1.0,8,0.015015015015,0,-1.58035213593,1.45632588658,5,820
774,1,7.49693240068,7.0,8,0.015015015015,1,1.26674208014,-1.30329383973,5,825
775,1,4.49810263947,1.0,6,0.016016016016,0,-0.219213996299,0.155744628366,5,796
776,1,1.3405808487,1.0,2,0.018018018018,1,-0.800636278617,-1.25751031545,5,617
777,1,5.12772992247,0.0,10,0.017017017017,0,-0.188710914513,0.69386266601,5,850
778,1,5.47129804563,1.0,8,0.016016016016,0,0.569176397604,-1.23623114719,5,845
779,1,7.54947979553,5.0,15,0.019019019019,0,0.514965587017,1.00458303448,5,957
780,1,1.80378560262,1.0,6,0.016016016016,0,-1.07212806687,0.0201698032425,5,826
781,1,5.49969739647,3.0,9,0.016016016016,0,0.0646004768759,0.305895965838,5,910
782,1,3.32248968,1.0,8,0.016016016016,0,-0.676856539143,0.353059297426,5,921
783,1,6.8194480447,3.0,9,0.018018018018,0,0.627166978645,-0.0620528912351,5,858
784,1,6.88361926055,2.0,9,0.013013013013,0,-0.143072750424,2.31283751182,5,967
785,1,9.1953225449,4.0,14,0.015015015015,0,1.07058778927,0.983559177109,5,981
786,1,4.89895671674,4.0,13,0.016016016016,0,0.385956393723,-1.25891246443,5,974
787,1,13.9529213031,5.0,14,0.017017017017,0,3.28359073874,-0.897850913162,5,973
788,1,11.2049903586,7.0,15,0.015015015015,0,1.59289035578,1.42631929129,5,982
789,1,4.66942346861,4.0,6,0.015015015015,0,0.228577054424,-1.01630769466,5,937
790,1,2.69580803175,2.0,12,0.018018018018,0,-0.592442718084,-0.526863813998,5,949
791,1,2.28907438286,2.0,3,0.016016016016,1,-1.48861120788,1.75490800649,5,672
792,1,6.23261786896,3.0,8,0.017017017017,0,-0.585803298491,2.99002776443,5,906
793,1,5.36901440797,4.0,12,0.016016016016,0,-0.077933348174,0.602814452489,5,955
794,1,9.5987734149,9.0,14,0.015015015015,0,1.07917206297,1.36125722601,5,978
795,1,7.79821490864,2.0,10,0.015015015015,0,0.678916776564,0.761464578944,5,941
796,1,4.07312365784,3.0,8,0.014014014014,0,-1.17094999178,2.58597363317,5,854
797,1,1.08857597039,0.0,2,0.017017017017,0,-1.24896435615,-0.164530961148,5,560
798,1,3.02866748897,1.0,4,0.016016016016,0,-1.89604551083,3.71680402147,5,781
799,1,5.66638782726,5.0,6,0.017017017017,1,0.368487187399,-0.439073734936,5,787
800,1,4.71435219407,4.0,5,0.017017017017,1,-0.214930429335,0.359143482078,5,738
801,1,5.50211634395,4.0,11,0.016016016016,0,-0.344836693296,1.53662642384,5,860
802,1,7.22170209878,4.0,8,0.016016016016,0,0.482243171872,0.774972583168,5,834
803,1,7.2447404032,5.0,8,0.016016016016,0,0.401129401042,1.04135220007,5,813
804,1,2.12582378221,2.0,6,0.015015015015,0,-0.67342241181,-0.853908982364,5,801
805,1,10.2568370846,7.0,11,0.015015015015,0,1.58550162182,0.500332219105,5,842
806,1,7.7888602366,6.0,16,0.016016016016,0,1.44262344997,-1.5390101133,5,977
807,1,-4.5794087921,,1,0.018018018018,0,-2.80898881896,-1.15244233522,5,13
808,1,2.02507720982,,3,0.017017017017,0,-1.0636428985,0.216005905323,5,82
809,1,11.1239645146,11.0,15,0.015015015015,0,1.4762031995,1.69535491607,5,958
810,1,9.44056392594,7.0,10,0.016016016016,0,0.456730844767,3.07037139164,5,829
811,1,8.26746567372,6.0,11,0.015015015015,0,0.227682658268,2.58441769892,5,872
812,1,-2.18693039907,,0,0.016016016016,1,-2.4478481381,0.156614015239,5,4
813,1,0.487443236515,,2,0.015015015015,0,-0.972797222684,-1.59416509543,5,45
814,1,1.42593092156,1.0,3,0.015015015015,0,-0.842313146009,-1.04712964042,5,77
815,1,5.8891353039,5.0,9,0.015015015015,0,0.840624260406,-1.63273747732,5,819
816,1,1.15531847765,1.0,2,0.016016016016,1,-1.05974835271,-0.665436464234,5,59
817,1,11.3795455872,11.0,13,0.015015015015,0,2.20369891313,-0.231551152198,5,953
818,1,6.49701082061,6.0,13,0.017017017017,0,0.608613438325,-0.328829494369,5,874
819,1,4.08468757491,4.0,5,0.016016016016,1,0.363431362643,-2.00560651302,5,721
820,1,8.26470896228,6.0,9,0.018018018018,0,0.135159056971,2.85923179137,5,771
821,1,7.80291142812,6.0,8,0.016016016016,0,0.7175253598,0.65033534872,5,803
822,1,3.97692294162,3.0,4,0.015015015015,1,0.648541143377,-2.96870048852,5,711
823,1,7.03473245749,7.0,14,0.014014014014,0,0.367264922273,0.932937690675,5,988
824,1,9.51114719321,8.0,10,0.015015015015,0,1.66982887619,-0.498339435372,5,912
825,1,11.5077416719,11.0,13,0.016016016016,0,1.49404972174,2.02559250666,5,947
826,1,-1.91786902408,,0,0.014014014014,1,-1.91228101669,-1.18102597401,5,7
827,1,4.66638867829,1.0,7,0.016016016016,0,-0.127583780434,0.0491400195957,5,839
828,1,3.22217191534,3.0,7,0.015015015015,0,-1.12459007279,1.59594213372,5,870
829,1,6.02128507915,3.0,16,0.018018018018,0,1.0276381571,-2.06162939217,5,987
830,1,3.19225928833,3.0,4,0.019019019019,1,-0.424453847011,-0.534379170635,5,638
831,1,5.48551096933,4.0,8,0.018018018018,0,1.55151210203,-4.16902533677,5,934
832,1,6.20546668778,4.0,7,0.018018018018,0,0.341568342476,0.180761660353,5,920
833,1,8.77949181803,6.0,11,0.014014014014,0,0.978714353631,0.843348757132,5,963
834,1,7.49828417116,7.0,8,0.015015015015,1,0.309489926894,1.56981439048,5,939
835,1,6.60784192265,5.0,15,0.015015015015,0,-0.496365644493,3.09693885613,5,993
836,1,10.1773441799,8.0,15,0.017017017017,0,0.737374658125,2.96522020548,5,983
837,1,5.82297847047,0.0,8,0.016016016016,0,0.13857929881,0.407240574036,5,956
838,1,6.11334791347,5.0,15,0.015015015015,0,0.206067194789,0.495146329102,5,979
839,1,8.71666940399,7.0,9,0.018018018018,0,1.34331894134,-0.313287420028,5,948
840,1,1.14291924736,1.0,3,0.02002002002,0,-1.18925987725,-0.289301120876,5,832
841,1,8.07373599875,1.0,12,0.017017017017,0,0.84615426932,0.535273190794,5,969
842,1,2.11260426811,0.0,11,0.015015015015,0,-1.28863100458,0.978497281841,5,972
843,1,5.78658756968,2.0,9,0.016016016016,0,-0.234177684365,1.48912062277,5,965
844,1,2.43009869515,1.0,3,0.017017017017,0,-0.19723027702,-1.97821047379,5,877
845,1,3.39569630462,1.0,7,0.016016016016,0,-1.16916977827,1.90320563944,5,907
846,1,2.03887944468,1.0,11,0.016016016016,0,-0.793646046192,-0.580182416739,5,968
847,1,3.70783088606,2.0,8,0.018018018018,0,-0.227228816629,-0.610482664054,5,905
848,1,9.19229578651,4.0,10,0.014014014014,0,0.680116952829,2.15194492803,5,946
849,1,9.67586403379,9.0,15,0.016016016016,0,1.11856012096,1.3201836709,5,985
850,1,3.49544056285,1.0,6,0.016016016016,0,-0.628508108791,0.380964889225,5,882
851,1,5.00453069968,5.0,8,0.016016016016,0,0.123993183476,-0.367448850751,5,897
852,1,3.64892693828,1.0,16,0.016016016016,0,-0.436218956662,-0.04241619173,5,991
853,1,3.01354409921,2.0,4,0.015015015015,0,-1.37782220401,2.14701071124,5,846
854,1,7.55565946162,2.0,8,0.015015015015,0,0.989895858048,-0.414028112521,5,880
855,1,3.7615254536,1.0,4,0.016016016016,0,-0.852173116672,1.31804480362,5,806
856,1,9.76636179586,8.0,14,0.016016016016,0,1.53902167426,0.149296773064,5,935
857,1,5.39223654485,2.0,6,0.015015015015,0,-0.0315090497722,0.486763694162,5,811
858,1,4.32362892703,3.0,5,0.015015015015,0,-0.172342473635,-0.159343652064,5,763
859,1,4.37732579328,4.0,10,0.016016016016,0,-0.409729957301,0.606515665184,5,867
860,1,4.62653139212,0.0,6,0.016016016016,0,-1.15526486279,3.0923259805,5,750
861,1,8.7145637767,6.0,13,0.015015015015,0,1.40140358556,-0.489646979996,5,902
862,1,1.60869172005,1.0,3,0.015015015015,0,-1.63285094907,1.50724456726,5,501
863,1,1.04347127391,0.0,9,0.016016016016,0,-1.6789350028,1.08027628232,5,761
864,1,4.9107064581,3.0,5,0.016016016016,0,-0.0424538440026,0.038067990112,5,593
865,1,9.03866712698,5.0,14,0.014014014014,0,0.80631866737,1.61971112487,5,938
866,1,2.31129595116,2.0,4,0.017017017017,0,-0.245276501863,-1.95287454325,5,523
867,1,2.77496073521,0.0,5,0.015015015015,0,-0.0763734044614,-1.99591905141,5,657
868,1,0.512144413684,0.0,1,0.015015015015,1,-1.2960405944,-0.599733803109,5,443
869,1,11.2389695391,8.0,14,0.015015015015,0,1.38961706782,2.07011833568,5,924
870,1,2.31510319892,2.0,3,0.015015015015,1,-0.629439523803,-0.796578229676,5,604
871,1,5.570020345,0.0,7,0.017017017017,0,-0.409139555159,1.79743901048,5,632
872,1,2.34711260728,2.0,11,0.015015015015,0,-0.395485375028,-1.46643126763,5,700
873,1,3.19682747215,2.0,8,0.015015015015,0,-0.963802321367,1.08823443625,5,696
874,1,3.36312433276,2.0,6,0.016016016016,0,-0.712103791735,0.499435707963,5,680
875,1,4.01965949762,3.0,13,0.017017017017,0,-0.228954347625,-0.293477459509,5,727
876,1,4.24487571392,1.0,5,0.015015015015,0,-0.0533639737859,-0.595032364725,5,681
877,1,8.91934806102,4.0,13,0.016016016016,0,0.897529749578,1.22675881228,5,748
878,1,5.91150097326,2.0,8,0.017017017017,0,0.234385853958,0.20834341139,5,693
879,1,3.36207240088,2.0,4,0.014014014014,0,0.389568363899,-2.80663269082,5,637
880,1,5.51552717791,2.0,13,0.015015015015,0,0.174911069444,-0.00920603042683,5,734
881,1,5.75594651354,3.0,10,0.016016016016,0,0.697480472617,-1.33649490431,5,722
882,1,5.63073265051,5.0,8,0.016016016016,0,0.519923869644,-0.92903895842,5,701
883,1,6.83777351077,0.0,9,0.014014014014,0,-0.00262036513683,1.84563460618,5,724
884,1,5.22583162028,4.0,8,0.016016016016,0,-0.36484082743,1.32035410257,5,716
885,1,1.30265783618,1.0,2,0.019019019019,1,-0.805933566334,-1.27954146482,5,495
886,1,0.219713037471,0.0,1,0.017017017017,1,-0.843466044028,-2.24988883044,5,505
887,1,13.461327795,4.0,14,0.015015015015,0,2.14242971709,2.03403864371,5,886
888,1,4.2728801468,2.0,11,0.016016016016,0,-0.386582223964,0.432626818696,5,770
889,1,5.51599372921,4.0,6,0.016016016016,0,0.246142516759,-0.222433821063,5,719
890,1,1.72203706064,1.0,3,0.016016016016,0,-1.55033030156,1.37302796532,5,538
891,1,2.87241937278,0.0,7,0.016016016016,0,-0.858162657851,0.446907346331,5,741
892,1,15.9485177618,15.0,16,0.016016016016,1,3.1139765859,1.60658800408,5,914
893,1,9.05695171571,3.0,12,0.014014014014,0,0.772399023513,1.73975464517,5,844
894,1,7.22672337269,0.0,8,0.017017017017,0,0.792564656885,-0.150970597965,5,773
895,1,6.07671530788,6.0,12,0.019019019019,0,0.446446619529,-0.262624550707,5,808
896,1,6.02833269965,4.0,8,0.016016016016,0,0.163807810569,0.536909267941,5,798
897,1,3.6582390276,2.0,4,0.016016016016,0,-1.43430876137,2.96116531172,5,594
898,1,6.11402051471,4.0,9,0.016016016016,0,-0.215803748941,1.76143176154,5,807
899,1,7.6065705122,5.0,8,0.014014014014,0,0.69431914096,0.523613089321,5,843
900,1,1.62483173516,0.0,2,0.015015015015,0,-0.752336841952,-1.11815773899,5,542
901,1,8.30977393796,4.0,17,0.017017017017,0,0.850918987013,0.75701697692,5,933
902,1,6.19365640112,4.0,9,0.016016016016,0,-0.232461462177,1.89104078765,5,848
903,1,6.75065162574,6.0,10,0.014014014014,0,-0.0929033400997,2.02936164604,5,896
904,1,6.02663586448,4.0,9,0.015015015015,0,0.565380942569,-0.669506963221,5,871
905,1,2.83316056323,1.0,3,0.012012012012,0,-0.624305396472,-0.293923247353,5,610
906,1,4.28608079465,4.0,7,0.015015015015,0,-0.931926169836,2.08185930416,5,866
907,1,8.05174791905,5.0,14,0.017017017017,0,0.950203969557,0.201136010381,5,915
908,1,6.70186514897,5.0,14,0.015015015015,0,1.17150825875,-1.81265962727,5,928
909,1,5.11680295116,4.0,10,0.015015015015,0,0.421360504746,-1.14727856307,5,900
910,1,5.6321807677,2.0,11,0.015015015015,0,-0.0985758620263,0.927908353776,5,903
911,1,-0.310141448279,,0,0.014014014014,1,-1.46190007769,-0.924441215209,5,2
912,1,7.49306193869,4.0,8,0.018018018018,0,1.17887401312,-1.04356010067,5,837
913,1,5.28043995345,5.0,6,0.014014014014,1,-0.221242813002,0.944168392458,5,891
914,1,2.59161462216,1.0,10,0.016016016016,0,-0.731849646482,-0.212836438396,5,908
915,1,5.9714104308,5.0,13,0.016016016016,0,0.603675595478,-0.839616355632,5,916
916,1,2.1884223331,2.0,4,0.016016016016,0,-1.32225668943,1.15519240139,5,817
917,1,1.91452270662,1.0,2,0.016016016016,1,-1.37366187793,1.03550834039,5,708
918,1,2.34567343387,2.0,3,0.015015015015,1,0.216502229507,-3.30383325465,5,809
919,1,5.07516127087,3.0,15,0.015015015015,0,0.0234038095427,0.00494984223959,5,996
920,1,7.0583512682,3.0,12,0.018018018018,0,0.971365545427,-0.855745368081,5,913
921,1,7.61937758839,3.0,8,0.017017017017,0,1.15770857856,-0.853748147287,5,885
922,1,10.380507081,4.0,12,0.014014014014,0,1.27232699308,1.56352610179,5,975
923,1,8.02871855288,8.0,11,0.017017017017,0,0.738640400964,0.812797349989,5,898
924,1,9.36476853777,5.0,15,0.016016016016,0,1.2863526735,0.505710517259,5,994
925,1,3.76091507008,1.0,4,0.016016016016,0,-0.920364069226,1.52200727776,5,821
926,1,12.0121772845,11.0,13,0.018018018018,0,2.1296069783,0.623356349568,5,927
927,1,4.27761836346,4.0,12,0.016016016016,0,0.144691122969,-1.15645500545,5,961
928,1,4.47493804516,1.0,6,0.016016016016,0,-0.751664367656,1.72993114813,5,878
929,1,3.63698861074,3.0,4,0.018018018018,1,-0.0871752150349,-1.10148574416,5,810
930,1,4.90821047957,1.0,11,0.016016016016,0,-0.118074689404,0.262434547782,5,904
931,1,3.2493222071,0.0,8,0.015015015015,0,-0.413568313018,-0.509972853848,5,894
932,1,5.54999238459,2.0,15,0.016016016016,0,0.444229954743,-0.782697479633,5,966
933,1,8.82931926337,3.0,9,0.016016016016,0,0.266039245814,3.03120152593,5,847
934,1,5.02064120883,2.0,6,0.015015015015,0,-0.19895845318,0.617516568373,5,815
935,1,8.13823933047,7.0,11,0.014014014014,0,0.675855995596,1.11067134369,5,895
936,1,6.50092384877,5.0,11,0.016016016016,0,0.45714694467,0.129483014765,5,873
937,1,3.15901288725,2.0,7,0.016016016016,0,-1.17139897274,1.67320980548,5,774
938,1,3.67582789004,3.0,6,0.018018018018,0,0.219833813444,-1.98367355029,5,702
939,1,5.83901110861,1.0,10,0.017017017017,0,0.0842647640604,0.586216816428,5,783
940,1,7.15104565539,2.0,8,0.014014014014,0,1.54027843894,-2.46978966142,5,728
941,1,5.3010312731,3.0,14,0.018018018018,0,0.453984394054,-1.06092190906,5,800
942,1,4.33136228753,3.0,11,0.017017017017,0,0.445134313148,-2.00404065191,5,767
943,1,6.17198093214,3.0,8,0.015015015015,0,0.52490223233,-0.402725764853,5,690
944,1,5.39191837985,5.0,7,0.017017017017,0,0.759537656058,-1.88669458832,5,668
945,1,5.45468494385,5.0,6,0.016016016016,1,0.192743702589,-0.12354616392,5,665
946,1,5.36581093016,2.0,7,0.016016016016,0,0.161854776309,-0.119753398762,5,639
947,1,8.08943407905,6.0,12,0.019019019019,0,0.587828562951,1.32594839019,5,671
948,1,9.72118952981,8.0,12,0.015015015015,0,0.902410240981,2.01395880687,5,674
949,1,1.44352508126,1.0,3,0.016016016016,0,-1.2930842154,0.322777727463,5,223
950,1,6.35427227288,4.0,9,0.018018018018,0,0.74259122862,-0.873501412982,5,555
951,1,1.60702469069,,2,0.017017017017,0,-0.508682828669,-1.8669268233,5,72
952,1,7.73036661489,5.0,10,0.017017017017,0,0.93400656038,-0.0716530662518,5,426
953,1,9.02984674711,7.0,11,0.016016016016,0,1.40068444127,-0.172206576685,5,488
954,1,3.20441945754,,6,0.018018018018,0,-0.00452599319572,-1.78200256288,5,322
955,1,2.15339711606,1.0,4,0.018018018018,0,-0.785144273324,-0.49117006397,5,196
956,1,7.03129866643,6.0,8,0.016016016016,0,0.236076267837,1.32306986292,5,354
957,1,-2.94098180041,,0,0.017017017017,1,-2.41641773362,-0.691728599552,5,8
958,1,0.302800332887,,1,0.017017017017,0,-1.92216140197,1.06928453881,5,47
959,1,6.20335836679,4.0,7,0.015015015015,0,0.532359310166,-0.393719563707,5,368
960,1,5.28232315732,4.0,10,0.018018018018,0,0.270747742616,-0.529920070525,5,382
961,1,0.603658995184,0.0,1,0.015015015015,1,-0.894666890308,-1.71234033389,5,53
962,1,11.023520762,11.0,12,0.018018018018,1,1.93632184755,0.21455521934,5,518
963,1,6.71822506282,4.0,11,0.018018018018,0,0.540194391963,0.0976418869274,5,512
964,1,3.63273733657,1.0,4,0.013013013013,0,0.791096943649,-3.74055349437,5,358
965,1,4.66419311648,2.0,6,0.017017017017,0,0.373515681628,-1.4563539284,5,350
966,1,13.3418950181,11.0,16,0.016016016016,0,1.89666299566,2.65190603112,5,777
967,1,5.85054263757,1.0,7,0.016016016016,0,0.485330964252,-0.60545025519,5,373
968,1,6.27388580009,3.0,13,0.017017017017,0,0.198260774533,0.679103476487,5,558
969,1,9.18748577508,7.0,12,0.016016016016,0,0.627903822126,2.3037743087,5,545
970,1,1.35524273318,0.0,2,0.016016016016,0,-2.07857147713,2.59095716456,5,309
971,1,0.440952197194,0.0,1,0.018018018018,1,-1.57275269653,0.159210286794,5,273
972,1,10.0781875337,8.0,11,0.016016016016,0,1.03270447616,1.98007410522,5,481
973,1,6.66500104972,3.0,7,0.015015015015,0,0.361509339226,0.580473032044,5,411
974,1,8.10029784881,2.0,12,0.014014014014,0,1.02957853543,0.0115622425034,5,704
975,1,8.76074167334,0.0,14,0.017017017017,0,1.39125688182,-0.413028972117,5,552
976,1,7.42278475028,1.0,11,0.017017017017,0,0.640043042195,0.502655623692,5,441
977,1,0.561852295139,,16,0.016016016016,0,-0.960941624519,-1.55532283131,5,709
978,1,2.68462949177,2.0,4,0.016016016016,0,-0.408936420933,-1.08856124544,5,266
979,1,4.69074801171,1.0,5,0.015015015015,0,-0.145672111162,0.127764345191,5,317
980,1,6.34906965844,3.0,12,0.015015015015,0,0.97169879656,-1.56602673124,5,419
981,1,3.36938213064,3.0,4,0.017017017017,1,-0.875074882379,0.99460677778,5,239
982,1,6.78261907582,4.0,9,0.016016016016,0,0.156162021612,1.31413301098,5,408
983,1,7.6417824334,6.0,8,0.016016016016,0,0.603608080814,0.83095819096,5,383
984,1,5.50097388592,4.0,6,0.017017017017,0,0.0122096189686,0.464345029012,5,249
985,1,-1.12578795687,,1,0.015015015015,0,-1.65986063313,-1.1462060575,5,60
986,1,7.24416744986,4.0,8,0.016016016016,0,-0.0909678808978,2.51707109255,5,355
987,1,0.829039537295,,3,0.015015015015,0,-0.631328388314,-2.27697529776,5,65
988,1,-1.7319065553,,1,0.015015015015,0,-0.330608874087,-5.74007993304,5,11
989,1,5.8046476142,4.0,9,0.015015015015,0,-0.155775382619,1.27197376206,5,379
990,1,7.91418083905,6.0,16,0.016016016016,0,1.46638071819,-1.48496131553,5,745
991,1,8.11865006763,8.0,9,0.017017017017,1,0.910203593848,0.388039286091,5,377
992,1,3.95592537348,2.0,6,0.015015015015,0,-1.45144201125,3.31025140722,5,106
993,1,2.83866037237,1.0,4,0.016016016016,0,-0.603058772277,-0.3521633108,5,74
994,1,-1.79115360841,,0,0.016016016016,1,-1.7657939121,-1.49377187212,5,1
995,1,5.65731647955,5.0,11,0.017017017017,0,0.859627494374,-1.92156600357,5,544
996,1,8.07938914584,8.0,11,0.016016016016,0,0.467815700785,1.67594204348,5,480
997,1,4.22178207607,3.0,5,0.016016016016,0,-0.0599867723361,-0.598257606924,5,402
998,1,2.69389688367,2.0,4,0.015015015015,0,0.0221338855586,-2.37250477301,5,412
999,1,9.37443391886,8.0,10,0.013013013013,0,1.29815273832,0.479975703904,5,609
