name,activated,threshold,before_activation_alters,after_activation_alters,degree,observed,var1,epsilon,constant,activation_order
0,0,15.5952031734,15.0,,0.015015015015,0,1.68754935257,5.53255511573,5,211
1,1,2.03630243058,0.0,6.0,0.015015015015,0,-1.60063721235,1.83821406762,5,677
2,1,8.49060838197,5.0,11.0,0.015015015015,0,0.580351271122,1.7495545686,5,834
3,1,0.461202304844,0.0,1.0,0.016016016016,1,-1.14172634288,-1.11361866651,5,154
4,1,6.3996114689,0.0,7.0,0.016016016016,0,0.760009104175,-0.880415843626,5,509
5,1,4.95124089709,2.0,5.0,0.016016016016,0,-0.397048450952,1.14238624995,5,363
6,1,8.9417804098,4.0,9.0,0.015015015015,0,0.795337386065,1.5557682516,5,576
7,1,0.273890918345,0.0,6.0,0.015015015015,0,-1.86435795463,0.866964782227,5,418
8,1,8.94840591982,3.0,11.0,0.014014014014,0,0.229407915864,3.26018217223,5,593
9,1,2.32086662956,,4.0,0.017017017017,0,-2.10739305127,3.64304578338,5,207
10,1,5.37208451621,3.0,10.0,0.014014014014,0,-0.366212616834,1.47072236671,5,471
11,1,0.682119416374,0.0,1.0,0.018018018018,1,-0.509839814453,-2.78836114027,5,138
12,1,7.87541350189,7.0,9.0,0.016016016016,0,1.18901395005,-0.691628348251,5,443
13,1,4.39225012758,3.0,5.0,0.016016016016,0,0.574458717434,-2.33112602473,5,343
14,1,-0.8696091281,,0.0,0.016016016016,1,-1.94313456956,-0.040205419429,5,104
15,1,3.35843532692,0.0,6.0,0.014014014014,0,-1.23867619826,2.0744639217,5,449
16,1,9.79020927242,4.0,15.0,0.016016016016,0,0.629189294796,2.90264138803,5,797
17,1,0.329263436614,0.0,1.0,0.014014014014,1,-0.593232075146,-2.89104033795,5,140
18,1,6.51791918478,0.0,11.0,0.016016016016,0,0.0126504491249,1.4799678374,5,591
19,1,7.08174253747,3.0,8.0,0.015015015015,0,-0.573350978911,3.80179547421,5,488
20,1,0.594036581958,0.0,2.0,0.018018018018,0,-0.432313371881,-3.1090233024,5,300
21,1,2.54209153435,1.0,6.0,0.014014014014,0,0.897682639875,-5.15095638527,5,510
22,1,1.31229495137,0.0,3.0,0.015015015015,0,-1.6461278205,1.25067841287,5,483
23,1,5.31102771815,1.0,11.0,0.015015015015,0,-0.360225900157,1.39170541862,5,733
24,1,9.09303184653,4.0,18.0,0.018018018018,0,1.63814571116,-0.821405286947,5,865
25,1,8.9129443228,7.0,9.0,0.015015015015,0,0.884558111217,1.25926998915,5,612
26,1,3.94769922684,0.0,4.0,0.016016016016,0,0.660025238566,-3.03237648886,5,544
27,1,3.61825040934,0.0,5.0,0.015015015015,0,0.368226509735,-2.48642911986,5,588
28,1,2.94969224553,1.0,7.0,0.017017017017,0,-0.343189721211,-1.02073859084,5,615
29,1,5.87586476704,3.0,8.0,0.014014014014,0,0.682007312648,-1.17015717091,5,664
30,1,3.47414538967,2.0,9.0,0.019019019019,0,-0.637709430964,0.38727368256,5,651
31,1,3.71313689193,2.0,11.0,0.014014014014,0,-0.708559653109,0.83881585126,5,791
32,1,3.38061491604,1.0,11.0,0.016016016016,0,-0.0192185747776,-1.56172935962,5,726
33,1,0.0866606807539,0.0,2.0,0.015015015015,0,-0.738757446023,-2.69706698118,5,527
34,1,7.56377979524,4.0,9.0,0.016016016016,0,0.381356775554,1.41970946858,5,718
35,1,4.140272159,3.0,9.0,0.016016016016,0,0.0282424891822,-0.944455308546,5,712
36,1,14.8494280732,13.0,16.0,0.016016016016,0,1.84372270157,4.31825996853,5,839
37,1,3.88630959365,3.0,4.0,0.017017017017,1,0.540405339733,-2.73490642555,5,577
38,1,9.87301340821,9.0,14.0,0.015015015015,0,1.70469723525,-0.241078297533,5,829
39,1,9.60147734958,4.0,12.0,0.016016016016,0,1.34179337237,0.57609723248,5,803
40,1,-0.970041118614,,3.0,0.017017017017,0,-1.88738919113,-0.30787354523,5,257
41,1,7.99529143834,7.0,13.0,0.016016016016,0,1.72277836916,-2.17304366913,5,809
42,1,8.25335232602,7.0,9.0,0.015015015015,0,1.03707185047,0.142136774597,5,730
43,1,-2.22269657407,,2.0,0.016016016016,0,-2.28237937185,-0.375558458524,5,54
44,1,6.42174730321,6.0,10.0,0.017017017017,0,0.290782286101,0.549400444907,5,747
45,1,11.3863795165,7.0,12.0,0.015015015015,0,2.39242769865,-0.79090357943,5,772
46,1,0.62711458324,,1.0,0.016016016016,0,-1.35192312374,-0.317116045544,5,48
47,1,8.63665828195,8.0,15.0,0.015015015015,0,0.88244261187,0.989330446336,5,831
48,1,-3.19055833621,,0.0,0.016016016016,1,-2.79395280219,0.191300070374,5,15
49,1,9.27035147695,6.0,11.0,0.016016016016,0,1.02369852196,1.19925591107,5,706
50,1,3.98890324249,3.0,9.0,0.016016016016,0,-0.105511171244,-0.694563243776,5,480
51,1,7.59514698082,7.0,10.0,0.017017017017,0,-0.147061457375,3.03633135295,5,678
52,1,3.21280461628,3.0,7.0,0.017017017017,0,-0.239788489004,-1.0678299167,5,467
53,1,1.03991420799,,3.0,0.016016016016,0,-0.980226680587,-1.01940575024,5,337
54,1,2.50433047233,2.0,3.0,0.016016016016,1,0.269702516,-3.30477707567,5,225
55,1,2.15208132238,1.0,3.0,0.015015015015,0,-0.854124315911,-0.285545729882,5,411
56,1,3.39501974712,1.0,4.0,0.017017017017,0,-0.720062634317,0.555207650075,5,459
57,1,5.33203225249,2.0,7.0,0.014014014014,0,0.0283662758668,0.246933424893,5,470
58,1,1.26300958374,0.0,12.0,0.014014014014,0,-0.494817872837,-2.25253679775,5,567
59,1,3.5638028368,3.0,4.0,0.017017017017,1,-0.988760618191,1.53008469137,5,383
60,1,7.25868570572,4.0,12.0,0.016016016016,0,0.697075189169,0.167460138209,5,492
61,1,7.24271303715,6.0,15.0,0.016016016016,0,0.551565991453,0.588015062794,5,736
62,1,2.823102824,1.0,6.0,0.014014014014,0,0.622829939481,-4.04538699444,5,465
63,1,6.65681603278,6.0,9.0,0.016016016016,0,0.0354824745528,1.55036860912,5,475
64,1,6.45564954184,1.0,16.0,0.016016016016,0,-0.570601541762,3.16745416713,5,754
65,1,10.0987322011,7.0,13.0,0.018018018018,0,1.00358029992,2.08799130132,5,502
66,1,7.10953718355,6.0,12.0,0.014014014014,0,0.488883526965,0.642886602659,5,515
67,1,-1.10993028072,,0.0,0.016016016016,1,-1.02231652107,-3.04298071752,5,185
68,1,7.49319108553,2.0,8.0,0.014014014014,0,0.245973702159,1.75526997906,5,482
69,1,-0.384692263626,,0.0,0.015015015015,1,-1.32757089552,-1.40197957707,5,18
70,1,3.18654467928,3.0,7.0,0.015015015015,0,-0.585495332119,-0.0569693243661,5,353
71,1,4.41148108919,1.0,5.0,0.017017017017,0,-0.392640001619,0.589401094047,5,293
72,1,1.99112748609,1.0,3.0,0.017017017017,0,-1.48110565785,1.43444445964,5,241
73,1,6.58549266268,6.0,11.0,0.016016016016,0,-0.518683101675,3.1415419677,5,497
74,1,4.8906568211,0.0,9.0,0.015015015015,0,-0.362809163125,0.979084310471,5,453
75,1,2.67475549718,2.0,3.0,0.014014014014,1,-0.906474739899,0.39417971688,5,284
76,1,5.9893113052,1.0,11.0,0.016016016016,0,0.510050974821,-0.540841619262,5,608
77,1,1.64857181148,,5.0,0.015015015015,0,-0.385878448641,-2.1937928426,5,352
78,1,2.39269902177,1.0,4.0,0.016016016016,0,-0.239278578788,-1.88946524186,5,311
79,1,6.96463271012,6.0,15.0,0.018018018018,0,0.463020174327,0.575572187138,5,656
80,1,1.99147215451,0.0,2.0,0.015015015015,0,0.265197116782,-3.80411919583,5,282
81,1,3.56525552194,2.0,4.0,0.016016016016,0,-0.0652396217169,-1.23902561291,5,455
82,1,4.12556126307,0.0,17.0,0.017017017017,0,0.291026055807,-1.74751690435,5,827
83,1,8.47608242073,8.0,16.0,0.019019019019,0,0.757758102551,1.20280811308,5,764
84,1,2.66536733873,2.0,4.0,0.013013013013,0,-0.643424005352,-0.404360645213,5,609
85,1,8.1046648387,4.0,13.0,0.014014014014,0,0.750588141368,0.852900414592,5,821
86,1,5.4268970639,5.0,6.0,0.016016016016,1,0.50791825105,-1.09685768925,5,633
87,1,4.33449297108,4.0,6.0,0.016016016016,0,0.231918161476,-1.36126151335,5,645
88,1,8.89776388696,1.0,10.0,0.016016016016,0,0.0510195586126,3.74470521112,5,690
89,1,2.05897964414,1.0,9.0,0.017017017017,0,-1.47868359692,1.4950304349,5,682
90,1,5.44787641774,4.0,15.0,0.016016016016,0,0.255990699467,-0.320095680656,5,795
91,1,3.10512889512,2.0,7.0,0.017017017017,0,-0.752082949731,0.361377744313,5,649
92,1,8.22848374356,2.0,17.0,0.018018018018,0,0.818409251826,0.773255988084,5,805
93,1,5.47711832086,4.0,12.0,0.016016016016,0,0.110980949849,0.144175471312,5,729
94,1,2.67593423237,2.0,3.0,0.016016016016,1,-0.351214097904,-1.27042347391,5,498
95,1,1.95279098567,1.0,4.0,0.018018018018,0,-1.49588478712,1.44044534702,5,549
96,1,4.34890130425,1.0,10.0,0.016016016016,0,0.023992740114,-0.723076916094,5,674
97,1,7.59687739565,3.0,13.0,0.018018018018,0,0.315522085338,1.65031113964,5,705
98,1,5.2446001928,2.0,8.0,0.016016016016,0,0.205231019886,-0.371092866856,5,644
99,1,0.60597281438,0.0,1.0,0.016016016016,1,-0.939152097937,-1.57657089181,5,100
100,1,9.52947010111,5.0,12.0,0.019019019019,0,1.56073974463,-0.152749132779,5,723
101,1,3.06208585021,3.0,4.0,0.017017017017,1,-1.48403864675,2.51420179045,5,428
102,1,8.0906930952,8.0,9.0,0.015015015015,1,0.64594569347,1.15285601479,5,637
103,1,8.782329631,3.0,14.0,0.016016016016,0,0.743127269039,1.55294782389,5,793
104,1,4.99151006973,4.0,5.0,0.016016016016,1,0.174397896437,-0.53168361958,5,539
105,1,1.77399419626,1.0,8.0,0.016016016016,0,-1.1138084611,0.115419579573,5,596
106,1,7.59033322883,7.0,17.0,0.017017017017,0,0.816503973764,0.140821307536,5,888
107,1,8.21708034239,7.0,15.0,0.016016016016,0,0.666732401875,1.21688313676,5,867
108,1,0.108864733496,,3.0,0.017017017017,0,-1.15454228017,-1.42750842598,5,162
109,1,5.14821688377,0.0,6.0,0.013013013013,0,0.55450057492,-1.51528484099,5,525
110,1,-6.5374684119,,0.0,0.016016016016,1,-2.1908711614,-4.96485492769,5,78
111,1,8.31128920776,8.0,12.0,0.016016016016,0,1.20098747008,-0.291673202499,5,613
112,1,7.0921784074,5.0,14.0,0.016016016016,0,-0.0605704866491,2.27388986734,5,716
113,1,1.220109266,1.0,2.0,0.016016016016,1,-1.33940685499,0.238329830966,5,103
114,1,6.42400922133,4.0,7.0,0.016016016016,0,-0.111883557652,1.75965989429,5,368
115,1,0.805904649885,0.0,1.0,0.018018018018,1,-1.40782502113,0.0293797132703,5,95
116,1,7.44813832782,6.0,12.0,0.016016016016,0,-0.373480828924,3.56858081459,5,573
117,1,1.36467951981,,4.0,0.018018018018,0,-1.03565119682,-0.528366889731,5,213
118,1,-0.110908078195,,4.0,0.015015015015,0,-0.648079419352,-3.16666982014,5,165
119,1,6.96498478068,3.0,8.0,0.015015015015,0,0.387777392399,0.801652603482,5,495
120,1,4.27820088704,1.0,7.0,0.017017017017,0,0.101435269857,-1.02610492254,5,445
121,1,2.84770365165,2.0,4.0,0.015015015015,0,-0.938759952778,0.663983509986,5,247
122,1,3.27071398099,1.0,4.0,0.016016016016,0,-0.954633121634,1.13461334589,5,339
123,1,11.0640542184,8.0,12.0,0.016016016016,0,0.7009297642,3.96126492575,5,778
124,1,7.27566143103,0.0,13.0,0.016016016016,0,-0.475512509717,3.70219896018,5,881
125,1,9.11713302061,8.0,10.0,0.016016016016,0,0.446453665478,2.77777202418,5,770
126,1,7.89334258224,6.0,10.0,0.016016016016,0,1.63483610453,-2.01116573135,5,775
127,1,6.47023906459,6.0,14.0,0.015015015015,0,0.147968487658,1.02633360162,5,902
128,1,4.8635136895,4.0,5.0,0.015015015015,1,-0.424941911681,1.13833942454,5,760
129,1,4.33783494752,3.0,9.0,0.015015015015,0,0.0223102586878,-0.729095828541,5,786
130,1,3.49579865322,2.0,5.0,0.018018018018,0,-0.834790981293,1.0001715971,5,552
131,1,7.20766383275,6.0,8.0,0.018018018018,0,0.3965489971,1.01801684145,5,773
132,1,8.79299235006,8.0,12.0,0.014014014014,0,0.0179972803131,3.73900050912,5,892
133,1,3.40821995335,2.0,5.0,0.017017017017,0,-0.591448503307,0.182565463271,5,738
134,1,5.50840377804,3.0,15.0,0.015015015015,0,-0.1920548463,1.08456831694,5,953
135,1,8.10656179929,1.0,11.0,0.015015015015,0,-0.167736332385,3.60977079645,5,841
136,1,3.98447923854,0.0,11.0,0.015015015015,0,-0.230615130687,-0.323675369398,5,838
137,1,3.25267904367,3.0,11.0,0.014014014014,0,0.333281963541,-2.74716684695,5,848
138,1,9.81097094915,9.0,12.0,0.015015015015,0,1.3831171986,0.661619353342,5,858
139,1,2.16861249492,0.0,4.0,0.017017017017,0,-0.872244629479,-0.214653616641,5,611
140,1,9.02321460044,7.0,10.0,0.017017017017,0,1.76382225589,-1.26825216722,5,758
141,1,7.68510065306,4.0,9.0,0.014014014014,0,-0.447171622278,4.02661551989,5,740
142,1,5.13842408113,1.0,9.0,0.018018018018,0,0.212500915146,-0.499078664311,5,722
143,1,5.77323616591,2.0,6.0,0.018018018018,0,-0.509498050415,2.30173031716,5,546
144,1,1.8935011019,1.0,5.0,0.015015015015,0,-1.13687021715,0.304111753351,5,399
145,1,7.20984327015,,15.0,0.017017017017,0,0.159824218281,1.7303706153,5,782
146,1,4.44349517486,,7.0,0.017017017017,0,-0.891352435677,2.11755248189,5,321
147,1,8.59447975193,8.0,9.0,0.016016016016,1,0.828148913088,1.11003301267,5,563
148,1,-1.03987096172,,1.0,0.016016016016,0,-1.2505880557,-2.28810679461,5,49
149,1,-0.0329060302804,,3.0,0.016016016016,0,-1.34865793605,-0.986932222143,5,223
150,1,4.14670849782,4.0,11.0,0.015015015015,0,0.0365936561964,-0.963072470771,5,698
151,1,1.64160936255,0.0,3.0,0.016016016016,0,-1.18721556886,0.20325606914,5,283
152,1,2.57741785135,0.0,3.0,0.016016016016,0,-0.0733205671217,-2.20262044728,5,224
153,1,8.06030464535,7.0,10.0,0.015015015015,0,-0.145393412661,3.49648488333,5,636
154,1,4.9340103191,2.0,5.0,0.017017017017,0,1.05489600444,-3.23067769422,5,310
155,1,-3.15368049705,,1.0,0.016016016016,0,-1.10353971243,-4.84306135977,5,45
156,1,8.05997347376,7.0,10.0,0.015015015015,0,0.892076789155,0.383743106293,5,734
157,1,1.71420709675,1.0,10.0,0.016016016016,0,-0.932339081662,-0.488775658262,5,692
158,1,5.48855258602,5.0,15.0,0.015015015015,0,-0.109168230963,0.816057278913,5,825
159,1,6.63206352506,6.0,7.0,0.015015015015,1,0.966813417216,-1.26837672659,5,564
160,1,1.58817179383,1.0,6.0,0.016016016016,0,-1.55034181444,1.23919723715,5,417
161,1,10.2108912692,1.0,14.0,0.015015015015,0,1.65758284406,0.238142737026,5,806
162,1,9.35304439407,7.0,12.0,0.016016016016,0,0.709644482455,2.22411094671,5,735
163,1,12.5075173004,9.0,14.0,0.015015015015,0,1.63594269206,2.59968922422,5,820
164,1,3.21795536075,2.0,5.0,0.017017017017,0,-0.913852146326,0.959511799729,5,391
165,1,8.3050088427,6.0,9.0,0.015015015015,0,1.03243100531,0.207715826767,5,582
166,1,10.3366829789,10.0,11.0,0.015015015015,1,1.77269242274,0.0186057106445,5,759
167,1,10.9010300334,10.0,12.0,0.013013013013,0,1.66824235507,0.896302968242,5,776
168,1,2.26155866617,2.0,5.0,0.018018018018,0,-0.867759893908,-0.135161652104,5,351
169,1,3.55641003519,2.0,4.0,0.016016016016,0,-0.0448954381974,-1.30890365022,5,372
170,1,8.48696529277,4.0,9.0,0.019019019019,0,1.22697748036,-0.193967148302,5,385
171,1,3.24415939939,3.0,9.0,0.014014014014,0,-0.394814763612,-0.571396309774,5,452
172,1,6.98561779432,0.0,8.0,0.016016016016,0,0.00147906420879,1.9811806017,5,414
173,1,3.70404348598,2.0,12.0,0.016016016016,0,-0.20861543317,-0.67011021451,5,529
174,1,2.06750235461,1.0,4.0,0.016016016016,0,-0.45947337221,-1.55407752876,5,345
175,1,1.46922804506,1.0,2.0,0.017017017017,1,-0.064428201414,-3.3374873507,5,222
176,1,-0.867960378581,,0.0,0.017017017017,1,-1.89520031589,-0.18235943092,5,94
177,1,7.03401018816,6.0,17.0,0.017017017017,0,0.502259951062,0.527230334976,5,671
178,1,1.94413054151,,2.0,0.015015015015,0,-0.349027435362,-2.0087871524,5,142
179,1,6.90832724824,4.0,10.0,0.016016016016,0,0.282985454019,1.05937088618,5,446
180,1,9.02670457214,0.0,10.0,0.015015015015,0,0.715112087202,1.88136831053,5,479
181,1,3.39803384156,2.0,6.0,0.014014014014,0,0.136578171015,-2.01170067148,5,429
182,1,5.46209703613,1.0,7.0,0.017017017017,0,-0.258685101346,1.23815234017,5,299
183,1,4.53033197105,2.0,6.0,0.017017017017,0,0.200961626389,-1.07255290812,5,255
184,1,1.89288343158,1.0,2.0,0.015015015015,1,-0.960851562371,-0.224561881309,5,99
185,1,6.27327718125,6.0,14.0,0.016016016016,0,0.437421225998,-0.0389864967452,5,667
186,1,3.44964492298,3.0,13.0,0.015015015015,0,0.396457908905,-2.73972880373,5,490
187,1,3.97611712395,2.0,16.0,0.017017017017,0,-1.07273112679,2.19431050432,5,511
188,1,-1.42223301762,,6.0,0.016016016016,0,-1.03170004777,-3.32713287431,5,267
189,1,-1.1325982383,,0.0,0.015015015015,1,-1.96704283727,-0.231469726473,5,24
190,1,6.02399054276,3.0,10.0,0.016016016016,0,0.244199553897,0.291391881069,5,375
191,1,3.56452488151,3.0,6.0,0.016016016016,0,-1.2464662921,2.30392375779,5,220
192,1,-2.72107525381,,1.0,0.014014014014,0,-1.40031923806,-3.52011753964,5,122
193,1,4.57015651132,1.0,7.0,0.015015015015,0,-0.411459716017,0.804535659367,5,314
194,1,4.63855515042,,6.0,0.017017017017,0,-0.258402362533,0.413762238022,5,229
195,1,3.47197659034,1.0,14.0,0.016016016016,0,-0.528349138911,0.0570240070751,5,507
196,1,1.74991299821,,4.0,0.016016016016,0,-0.900709498224,-0.547958507114,5,210
197,1,2.87999227336,2.0,9.0,0.015015015015,0,-0.50617257379,-0.601490005267,5,390
198,1,1.30976700481,,2.0,0.013013013013,0,0.447404779255,-5.03244733295,5,171
199,1,3.46073195472,3.0,6.0,0.017017017017,0,0.00470029796243,-1.55336893917,5,184
200,1,10.7974553922,6.0,15.0,0.018018018018,0,1.43784772536,1.48391221608,5,486
201,1,7.42406118251,7.0,10.0,0.017017017017,0,0.0477635865567,2.28077042284,5,410
202,1,8.26757434356,6.0,9.0,0.015015015015,0,1.67024426532,-1.74315845239,5,404
203,1,8.97521862665,8.0,9.0,0.016016016016,1,1.50087704198,-0.527412499283,5,396
204,1,7.68044553003,5.0,16.0,0.016016016016,0,0.235832844325,1.97294699706,5,594
205,1,-1.26446202163,,0.0,0.017017017017,1,-1.65721918435,-1.2928044686,5,29
206,1,2.87874876417,2.0,3.0,0.017017017017,1,-0.461395949758,-0.737063386552,5,180
207,1,4.92129669904,1.0,6.0,0.016016016016,0,0.34945628245,-1.12707214831,5,356
208,1,1.86342858907,0.0,2.0,0.015015015015,0,-0.996706273589,-0.146452590165,5,295
209,1,7.21971648873,6.0,8.0,0.014014014014,0,0.250559780393,1.46803714756,5,461
210,1,6.38662542457,2.0,7.0,0.015015015015,0,-0.634388183825,3.28978997604,5,441
211,1,0.498576429036,0.0,2.0,0.017017017017,0,-0.688047728996,-2.43728038398,5,336
212,1,8.49585088892,4.0,9.0,0.017017017017,0,1.34322018307,-0.5338096603,5,519
213,1,2.36996763423,1.0,3.0,0.016016016016,0,-1.45052656783,1.72154733772,5,215
214,1,4.12603840915,,11.0,0.018018018018,0,-0.22632629343,-0.194982710554,5,534
215,1,4.28482562211,4.0,14.0,0.016016016016,0,-0.232903977331,-0.016462445897,5,766
216,1,5.08918859383,0.0,15.0,0.016016016016,0,-0.205421917899,0.705454347526,5,777
217,1,4.6418426554,2.0,12.0,0.016016016016,0,-0.293567760744,0.522545937634,5,602
218,1,6.21884607631,3.0,9.0,0.016016016016,0,0.788160724054,-1.14563609585,5,555
219,1,2.54540647613,2.0,7.0,0.016016016016,0,-0.138898598244,-2.03789772914,5,545
220,1,2.62996800739,2.0,5.0,0.017017017017,0,-0.00795472329758,-2.34616782272,5,526
221,1,0.832902361917,0.0,3.0,0.015015015015,0,-0.600318066023,-2.36614344001,5,423
222,1,8.07763698411,8.0,10.0,0.016016016016,0,0.817038450771,0.626521631792,5,616
223,1,7.66909037584,5.0,9.0,0.016016016016,0,0.428757255685,1.38281860878,5,559
224,1,6.29365634699,0.0,10.0,0.015015015015,0,1.02070096514,-1.76844654842,5,590
225,1,12.9216340479,6.0,14.0,0.016016016016,0,2.48992153467,0.451869443882,5,675
226,1,4.96305583174,3.0,10.0,0.014014014014,0,-0.449113077203,1.31039506335,5,628
227,1,6.1338105455,4.0,7.0,0.016016016016,0,0.653489699545,-0.826658553133,5,528
228,1,0.942185852402,0.0,2.0,0.015015015015,0,-1.20673757999,-0.437601407616,5,231
229,1,3.7760968271,3.0,7.0,0.016016016016,0,-0.0525583566948,-1.06622810282,5,406
230,1,8.94068588395,8.0,16.0,0.016016016016,0,0.817345756109,1.48864861563,5,813
231,1,1.6502944373,1.0,2.0,0.015015015015,1,-0.645983337576,-1.41175554997,5,230
232,1,1.80962236818,0.0,2.0,0.019019019019,0,-0.90357649831,-0.479648136887,5,216
233,1,4.27162373651,0.0,12.0,0.017017017017,0,0.981263303264,-3.67216617329,5,550
234,1,8.00538231282,2.0,17.0,0.018018018018,0,1.23524643821,-0.700357001809,5,691
235,1,5.73866956645,5.0,6.0,0.018018018018,1,0.0859034865987,0.480959106655,5,327
236,1,6.43491639634,5.0,7.0,0.016016016016,0,0.763412057745,-0.855319776898,5,260
237,1,3.26908537856,2.0,6.0,0.016016016016,0,0.0537209732165,-1.89207754109,5,307
238,1,1.56744951024,,2.0,0.016016016016,0,-0.859990214929,-0.852579844975,5,181
239,1,-5.02154530175,,0.0,0.014014014014,1,-1.55034899557,-5.37049831502,5,38
240,1,7.70672750461,2.0,11.0,0.016016016016,0,1.3880569618,-1.45744338078,5,476
241,1,5.13920724305,3.0,12.0,0.017017017017,0,1.21721858283,-3.51244850543,5,481
242,1,7.40454392513,1.0,9.0,0.019019019019,0,0.344598956525,1.37074705556,5,376
243,1,6.78544402534,2.0,7.0,0.017017017017,0,0.105881307268,1.46780010354,5,393
244,1,-0.78548776242,,1.0,0.016016016016,0,-1.36561412861,-1.68864537658,5,130
245,1,3.01135274758,3.0,7.0,0.017017017017,0,-0.69373967396,0.0925717694567,5,419
246,1,5.37765606762,1.0,6.0,0.017017017017,0,0.533222104789,-1.22201024675,5,407
247,1,6.74193799516,4.0,14.0,0.017017017017,0,0.662337331153,-0.245073998299,5,686
248,1,8.34402447263,1.0,14.0,0.015015015015,0,0.79453522981,0.960418783204,5,711
249,1,4.32277570728,4.0,8.0,0.016016016016,0,-0.236112583431,0.0311134575727,5,487
250,1,8.51613994801,0.0,15.0,0.017017017017,0,1.24035260244,-0.204917859315,5,801
251,1,6.80861091778,,13.0,0.016016016016,0,0.227165064704,1.12711572367,5,607
252,1,4.36009683763,2.0,11.0,0.015015015015,0,0.288394292268,-1.50508603917,5,553
253,1,5.93591022087,3.0,7.0,0.018018018018,0,0.018730032458,0.879720123497,5,493
254,1,4.6728715196,3.0,9.0,0.016016016016,0,-0.807890811692,2.09654395468,5,606
255,1,-1.08496202988,,0.0,0.014014014014,1,-1.22004018676,-2.42484146961,5,52
256,1,2.95774151142,1.0,7.0,0.018018018018,0,-0.286761351624,-1.18197443371,5,436
257,1,2.3176728654,1.0,4.0,0.013013013013,0,-0.567146724222,-0.980886961932,5,218
258,1,7.98564114253,6.0,10.0,0.014014014014,0,0.679294236817,0.947758432082,5,579
259,1,6.41566080386,6.0,7.0,0.015015015015,1,1.08817453082,-1.84886278861,5,430
260,1,5.68335872551,,11.0,0.015015015015,0,0.120039853271,0.323239165693,5,499
261,1,2.00785416817,2.0,3.0,0.018018018018,1,-0.897041312504,-0.301021894319,5,112
262,1,8.13374007713,5.0,10.0,0.018018018018,0,1.21393502836,-0.508065007962,5,416
263,1,3.71246734331,3.0,4.0,0.016016016016,1,-0.748940994959,0.959290328186,5,147
264,1,0.919640326666,,2.0,0.016016016016,0,-0.654217837058,-2.11770616216,5,183
265,1,10.0092290113,5.0,13.0,0.015015015015,0,1.77544799722,-0.317114980307,5,822
266,1,2.44527750602,,4.0,0.016016016016,0,-1.19513680394,1.03068791785,5,238
267,1,8.40141330419,6.0,14.0,0.018018018018,0,1.21221957671,-0.235245425949,5,640
268,1,1.49889537579,,4.0,0.015015015015,0,0.134001646059,-3.90310956238,5,279
269,1,-1.62247030658,,0.0,0.015015015015,1,-1.84820940955,-1.07784207791,5,35
270,1,9.94513082755,7.0,14.0,0.016016016016,0,2.1004149497,-1.35611402155,5,769
271,1,5.71062864753,2.0,7.0,0.017017017017,0,-0.0518770313066,0.866259741453,5,450
272,1,10.0514453724,8.0,16.0,0.017017017017,0,0.774318195681,2.72849078534,5,790
273,1,5.95353648604,4.0,7.0,0.013013013013,0,-0.128029655996,1.33762545403,5,618
274,1,5.27672498348,0.0,8.0,0.017017017017,0,-1.09111984406,3.55008451565,5,574
275,1,3.7711751683,2.0,12.0,0.014014014014,0,-0.56576090532,0.46845788426,5,641
276,1,4.2216659689,4.0,8.0,0.015015015015,0,0.100125128588,-1.07870941686,5,581
277,1,7.06761417239,7.0,12.0,0.014014014014,0,0.545877583694,0.429981421304,5,755
278,1,8.86396266444,8.0,16.0,0.02002002002,0,0.858751921578,1.2877068997,5,624
279,1,-0.808248904233,,0.0,0.015015015015,1,-2.38783940514,1.35526931119,5,19
280,1,6.69730042552,3.0,11.0,0.015015015015,0,-0.0220468507418,1.76344097775,5,575
281,1,6.46956716232,6.0,9.0,0.016016016016,0,0.434447141188,0.166225738756,5,500
282,1,4.31550904675,2.0,9.0,0.015015015015,0,0.351370958762,-1.73860382953,5,464
283,1,2.7480145838,2.0,7.0,0.015015015015,0,0.119071709435,-2.60920054451,5,440
284,1,-1.12635590406,,2.0,0.016016016016,0,-1.36703357096,-2.02525519117,5,250
285,1,5.7765710116,2.0,9.0,0.015015015015,0,1.41475604778,-3.46769713174,5,447
286,1,4.902017618,2.0,7.0,0.016016016016,0,-0.443527080042,1.23259885812,5,281
287,1,3.47470435525,2.0,9.0,0.016016016016,0,-0.123928409791,-1.15351041538,5,317
288,1,7.69892739189,5.0,8.0,0.017017017017,0,0.262521224827,1.91136371741,5,285
289,1,0.515003318434,,1.0,0.015015015015,0,-0.359673721067,-3.40597551836,5,39
290,1,2.21281077495,,5.0,0.013013013013,0,-0.421395262547,-1.52300343741,5,265
291,1,2.6544229917,,4.0,0.016016016016,0,-0.0406372966748,-2.22366511827,5,123
292,1,4.55852172551,4.0,7.0,0.016016016016,0,-0.674819327032,1.5829797066,5,261
293,1,12.7873812502,12.0,13.0,0.015015015015,1,1.52869135722,3.20130717856,5,753
294,1,3.29848069244,3.0,4.0,0.016016016016,1,-0.812504235015,0.735993397483,5,170
295,1,3.20010613014,3.0,11.0,0.015015015015,0,-0.662116632195,0.186456026723,5,578
296,1,6.00200088132,4.0,7.0,0.015015015015,0,-0.0389000586562,1.11870105729,5,179
297,1,-1.5287669089,,0.0,0.016016016016,1,-1.48732273963,-2.06679869001,5,4
298,1,1.85077695003,,11.0,0.017017017017,0,-0.728308198218,-0.964298455317,5,373
299,1,1.54427283631,0.0,2.0,0.014014014014,0,-2.0765054555,2.77378920281,5,89
300,1,10.3348047306,8.0,17.0,0.017017017017,0,1.64526357117,0.399014017135,5,756
301,1,6.36149658921,4.0,7.0,0.015015015015,0,0.43414299779,0.0590675958367,5,316
302,1,5.94028284002,3.0,6.0,0.016016016016,0,0.55309031899,-0.718988116948,5,166
303,1,6.3757875126,5.0,7.0,0.014014014014,0,-0.504097076451,2.88807874196,5,344
304,1,-1.03179660994,,1.0,0.016016016016,0,-1.72877465355,-0.845472649277,5,9
305,1,1.70614063152,,2.0,0.016016016016,0,-0.0884246340015,-3.02858546648,5,83
306,1,3.84585807131,3.0,14.0,0.015015015015,0,-0.557546513095,0.518497610598,5,521
307,1,9.86085059108,5.0,13.0,0.015015015015,0,1.25576353377,1.09355998978,5,431
308,1,5.44810569595,2.0,10.0,0.014014014014,0,-0.433647599003,1.74904849296,5,382
309,1,5.96287513419,3.0,6.0,0.015015015015,0,0.111648080856,0.62793089162,5,197
310,1,-0.818054043704,,2.0,0.014014014014,0,-2.29814943198,1.07639425224,5,86
311,1,6.66482756389,,8.0,0.015015015015,0,0.00167562443284,1.65980069059,5,331
312,1,6.86643529507,3.0,7.0,0.019019019019,0,-0.231346275674,2.5604741221,5,266
313,1,7.73725400239,0.0,12.0,0.017017017017,0,1.0068373143,-0.283257940507,5,420
314,1,10.3070943285,7.0,15.0,0.017017017017,0,0.915760092965,2.55981404963,5,478
315,1,1.04928471197,,2.0,0.016016016016,0,-0.827295263588,-1.46882949727,5,168
316,1,2.35823180605,1.0,8.0,0.018018018018,0,-0.193711634519,-2.0606332904,5,297
317,1,2.8585934818,,3.0,0.016016016016,0,-0.725144863166,0.034028071301,5,196
318,1,7.14622045739,7.0,12.0,0.015015015015,0,0.127946652686,1.76238049933,5,340
319,1,5.41769818073,3.0,6.0,0.014014014014,0,-0.0198144662172,0.477141579381,5,274
320,1,-3.75891265168,,2.0,0.017017017017,0,-2.0183983847,-2.70371749757,5,75
321,1,9.84622494355,3.0,11.0,0.014014014014,0,1.34517140938,0.810710715411,5,360
322,1,6.51013044117,3.0,10.0,0.019019019019,0,-0.160283600324,1.99098124214,5,291
323,1,2.34874272222,,12.0,0.015015015015,0,-0.361782154231,-1.56591081509,5,306
324,1,5.77990174674,,8.0,0.014014014014,0,-0.280009343717,1.61992977789,5,289
325,1,5.91324408494,4.0,7.0,0.017017017017,0,-0.105606208765,1.23006271124,5,199
326,1,-0.283051102983,,0.0,0.018018018018,1,-0.844589014523,-2.74928405942,5,47
327,1,3.85143569579,1.0,4.0,0.017017017017,0,-1.09628999726,2.14030568756,5,85
328,1,5.25201427311,1.0,7.0,0.017017017017,0,-0.212794734059,0.890398475293,5,240
329,1,6.2471163404,4.0,14.0,0.016016016016,0,-0.841804015822,3.77252838786,5,439
330,1,9.31162093179,,10.0,0.014014014014,0,1.72096536889,-0.851275174885,5,409
331,1,1.04739707262,0.0,3.0,0.019019019019,0,-1.58871610971,0.813545401758,5,77
332,1,-1.72533925295,,3.0,0.016016016016,0,-1.24496516691,-2.99044375222,5,101
333,1,0.0962312247127,0.0,1.0,0.016016016016,1,-1.54281116809,-0.275335271017,5,68
334,1,10.2338381716,6.0,11.0,0.015015015015,0,1.2658466567,1.4362982015,5,412
335,1,2.17770900005,0.0,16.0,0.016016016016,0,-0.123051805539,-2.45313558333,5,784
336,1,4.8780693034,0.0,9.0,0.015015015015,0,-0.411649511642,1.11301783833,5,242
337,1,8.58244537465,8.0,11.0,0.016016016016,0,0.393078316588,2.40321042488,5,424
338,1,9.98213119078,8.0,11.0,0.017017017017,0,0.333143301163,3.98270128729,5,270
339,1,4.12962512403,0.0,5.0,0.015015015015,0,-0.077605204096,-0.63755926368,5,105
340,1,5.65955150739,,7.0,0.017017017017,0,-0.959534412542,3.53815474502,5,161
341,1,7.02140505689,5.0,13.0,0.015015015015,0,0.875178156768,-0.604129413414,5,457
342,1,0.159527738443,,1.0,0.016016016016,0,-2.06476004743,1.35380788073,5,74
343,1,0.662415818825,0.0,1.0,0.015015015015,1,-1.70414077793,0.774838152613,5,56
344,1,5.57294872877,4.0,6.0,0.017017017017,0,-0.568813545031,2.27938936387,5,194
345,1,5.93975591518,0.0,6.0,0.017017017017,0,-0.00258812582881,0.947520292666,5,116
346,1,4.99115095826,0.0,5.0,0.016016016016,0,-0.766814380421,2.29159409952,5,90
347,1,8.52170468357,6.0,9.0,0.017017017017,0,1.51045714476,-1.00966675072,5,202
348,1,6.43502602449,,12.0,0.017017017017,0,1.07701584767,-1.79602151852,5,308
349,1,-0.782325491751,,0.0,0.016016016016,1,-2.04273518365,0.345880059193,5,55
350,1,5.80115173835,,8.0,0.019019019019,0,-0.242781243424,1.52949546862,5,132
351,1,2.10304594473,0.0,3.0,0.016016016016,0,-0.647915734685,-0.953206851214,5,70
352,1,11.5679708822,7.0,14.0,0.015015015015,0,0.0562271776086,6.39928934937,5,541
353,1,5.71076122839,0.0,12.0,0.016016016016,0,-0.136820647765,1.12122317169,5,346
354,1,14.7718381754,11.0,15.0,0.016016016016,0,2.44343648514,2.44152872,5,425
355,1,6.09447965191,4.0,12.0,0.016016016016,0,0.234380535942,0.391338044088,5,349
356,1,1.82391496361,1.0,4.0,0.016016016016,0,-0.1687129761,-2.66994610809,5,121
357,1,2.30598618878,1.0,11.0,0.015015015015,0,-1.59418925481,2.08855395322,5,421
358,1,1.85849049615,1.0,8.0,0.017017017017,0,-0.443484855593,-1.81105493708,5,259
359,1,0.862727237636,,1.0,0.018018018018,0,-1.03848153417,-1.02182815984,5,46
360,1,4.91288442439,,6.0,0.015015015015,0,-0.343242585982,0.942612182339,5,193
361,1,0.386944093852,,3.0,0.018018018018,0,-1.44964888094,-0.264109263342,5,62
362,1,4.79445733966,,5.0,0.016016016016,0,-0.891860748837,2.47003958617,5,173
363,1,6.28954380662,2.0,11.0,0.016016016016,0,-0.205750634595,1.9067957104,5,462
364,1,7.57383737245,4.0,15.0,0.017017017017,0,-0.112536466619,2.91144677231,5,597
365,1,9.85560596955,8.0,13.0,0.014014014014,0,1.81003594429,-0.57450186332,5,629
366,1,-1.34707673654,,0.0,0.015015015015,1,-0.978953323291,-3.41021676667,5,11
367,1,1.32531163214,1.0,6.0,0.015015015015,0,-0.97192429739,-0.758915475691,5,276
368,1,0.492907020542,,2.0,0.016016016016,0,-1.74726018057,0.734687562266,5,63
369,1,5.61548686027,2.0,6.0,0.014014014014,0,-0.97722227415,3.54715368272,5,472
370,1,0.4928717864,,2.0,0.018018018018,0,-1.51864722588,0.0488134640468,5,114
371,1,2.32998870227,,4.0,0.018018018018,0,-0.953056590907,0.189158474991,5,324
372,1,7.45986899819,7.0,15.0,0.015015015015,0,-0.0161586957519,2.50834508544,5,985
373,1,3.43689382879,1.0,12.0,0.016016016016,0,0.145011356224,-1.99814023989,5,619
374,1,5.00366781554,3.0,7.0,0.016016016016,0,0.610348887504,-1.82737884697,5,530
375,1,6.33817147063,0.0,7.0,0.019019019019,0,0.002277421116,1.33133920728,5,485
376,1,5.12561196169,0.0,6.0,0.017017017017,0,1.18723505648,-3.43609320775,5,551
377,1,5.50376925399,1.0,7.0,0.016016016016,0,0.774952961516,-1.82108963056,5,599
378,1,3.04401956784,2.0,6.0,0.017017017017,0,-0.344449002063,-0.922633425967,5,560
379,1,8.28362336352,7.0,15.0,0.018018018018,0,0.242439237231,2.55630565183,5,789
380,1,7.21369105698,7.0,10.0,0.014014014014,0,1.16386813119,-1.27791333659,5,761
381,1,3.2774864061,2.0,11.0,0.016016016016,0,-0.287828728545,-0.859027408268,5,685
382,1,5.83859427551,5.0,8.0,0.017017017017,0,0.629931118705,-1.0511990806,5,626
383,1,2.5026200784,0.0,4.0,0.016016016016,0,0.182850075015,-3.04593014664,5,610
384,1,8.8309457633,7.0,13.0,0.015015015015,0,1.5961358519,-0.957461792411,5,826
385,1,3.60924498964,3.0,13.0,0.016016016016,0,-0.870327722902,1.22022815835,5,819
386,1,7.27012087831,7.0,9.0,0.016016016016,0,0.435360271216,0.964040064662,5,714
387,1,5.77865908514,3.0,6.0,0.014014014014,0,-0.0945352097944,1.06226471452,5,721
388,1,4.40554605674,2.0,5.0,0.015015015015,0,0.281564668553,-1.43914794892,5,653
389,1,5.58502438103,5.0,6.0,0.018018018018,1,-0.0632438535019,0.774755941537,5,614
390,1,7.39641695509,7.0,10.0,0.018018018018,0,0.22631430297,1.71747404618,5,731
391,1,5.57809052316,3.0,15.0,0.018018018018,0,0.188664440534,0.0120972015605,5,857
392,1,9.5140118724,9.0,14.0,0.016016016016,0,1.87008434316,-1.09624115707,5,869
393,1,2.03017807118,2.0,3.0,0.015015015015,1,-1.33100338267,1.02318821918,5,401
394,1,11.633617032,10.0,12.0,0.014014014014,0,1.9644203924,0.740355854795,5,874
395,1,3.20605836737,3.0,6.0,0.015015015015,0,-0.505325800721,-0.277964230465,5,727
396,1,-2.8169202127,,0.0,0.013013013013,1,-1.93610547038,-2.00860380156,5,30
397,1,-1.51560538903,,1.0,0.015015015015,0,-0.776452427921,-4.18624810527,5,42
398,1,4.27834922494,3.0,5.0,0.017017017017,0,-0.566058863231,0.976525814629,5,807
399,1,3.88876996883,3.0,4.0,0.013013013013,1,-0.620404825021,0.749984443894,5,861
400,1,8.1027142004,6.0,16.0,0.016016016016,0,0.498527227344,1.60713251836,5,975
401,1,8.95128440219,6.0,9.0,0.016016016016,0,0.998448994712,0.955937418049,5,891
402,1,6.60980425724,4.0,8.0,0.017017017017,0,-0.37814421704,2.74423690837,5,910
403,1,11.5506335126,11.0,14.0,0.017017017017,0,1.35116685766,2.49713293963,5,948
404,1,8.53281913137,6.0,9.0,0.015015015015,0,0.61832173141,1.67785393714,5,922
405,1,9.20160757504,9.0,12.0,0.017017017017,0,0.453800533351,2.84020597499,5,929
406,1,4.82947804859,3.0,5.0,0.014014014014,0,0.0251921376499,-0.246098364359,5,877
407,1,8.69161067117,7.0,12.0,0.017017017017,0,1.47101427275,-0.721432147072,5,927
408,1,8.04529226727,6.0,11.0,0.015015015015,0,0.140718765691,2.62313597019,5,930
409,1,6.99975077453,4.0,14.0,0.014014014014,0,0.267644805105,1.19681635921,5,969
410,1,7.22757221591,7.0,17.0,0.019019019019,0,0.489757475899,0.758299788212,5,950
411,1,-1.00886384399,,3.0,0.015015015015,0,-2.26361759316,0.781988935492,5,97
412,1,9.21279605979,8.0,11.0,0.016016016016,0,0.676683344281,2.18274602695,5,926
413,1,7.57466069194,6.0,8.0,0.016016016016,0,1.12186541349,-0.790935548532,5,125
414,1,-1.3086866821,,0.0,0.017017017017,1,-2.26095231545,0.474170264249,5,12
415,1,2.12896522157,,3.0,0.014014014014,0,0.270221856071,-3.68170034664,5,22
416,1,6.7294258706,3.0,8.0,0.014014014014,0,-0.0916606260119,2.00440774864,5,290
417,1,9.59595552049,9.0,10.0,0.014014014014,1,-0.0284378126216,4.68126895835,5,900
418,1,-0.498684932615,,1.0,0.016016016016,0,-1.24447191638,-1.76526918348,5,13
419,1,6.9043681208,,10.0,0.017017017017,0,0.176384515492,1.37521457432,5,102
420,1,2.91128909717,0.0,3.0,0.015015015015,0,-0.127904985824,-1.70499594536,5,27
421,1,0.0158454427732,,4.0,0.017017017017,0,-0.846253236655,-2.44539484726,5,67
422,1,12.5222907621,12.0,13.0,0.016016016016,1,1.24091321152,3.79955112756,5,543
423,1,2.00673194996,0.0,3.0,0.015015015015,0,-0.971711092047,-0.0781347739021,5,58
424,1,5.17331948159,2.0,6.0,0.017017017017,0,-1.13588409801,3.58097177563,5,91
425,1,7.4903996301,3.0,9.0,0.015015015015,0,-0.517657054719,4.04337079426,5,143
426,1,2.78588754391,,8.0,0.019019019019,0,-1.09749085286,1.07836010248,5,93
427,1,-0.990685186618,,1.0,0.016016016016,0,-2.06942266904,0.217582820497,5,34
428,1,10.0531677848,10.0,12.0,0.015015015015,0,0.974823923015,2.12869601579,5,477
429,1,3.71030003914,0.0,9.0,0.017017017017,0,-0.487012552927,0.171337697924,5,254
430,1,1.51468993074,0.0,2.0,0.016016016016,0,-1.49600588877,1.00270759704,5,61
431,1,14.3408899421,14.0,16.0,0.016016016016,0,2.09668610232,3.05083163519,5,872
432,1,4.5293089066,0.0,10.0,0.02002002002,0,-0.0862834882336,-0.211840628703,5,369
433,1,9.83230947395,9.0,14.0,0.017017017017,0,1.6260012839,-0.0456943777322,5,660
434,1,-4.90026442514,,3.0,0.017017017017,0,-2.80192480684,-1.49449000464,5,69
435,1,1.32698598662,,2.0,0.015015015015,0,-0.685249617618,-1.61726516053,5,73
436,1,6.09507743964,6.0,7.0,0.016016016016,1,0.72813168766,-1.08931762334,5,394
437,1,0.540289879454,0.0,5.0,0.02002002002,0,-0.620947849875,-2.59686657092,5,137
438,1,2.34359026194,0.0,3.0,0.017017017017,0,-1.57406714021,2.06579168259,5,117
439,1,6.37089296105,6.0,11.0,0.015015015015,0,0.645750767367,-0.56635934105,5,751
440,1,9.52926434777,7.0,10.0,0.016016016016,0,-0.217461622242,5.1816492145,5,689
441,1,10.3770304901,4.0,14.0,0.014014014014,0,0.77350620946,3.05651186175,5,832
442,1,6.36556519467,6.0,8.0,0.017017017017,0,0.464029927583,-0.0265245880733,5,673
443,1,2.04612330113,,10.0,0.015015015015,0,-0.5194359974,-1.39556870667,5,779
444,1,7.65502284205,5.0,13.0,0.016016016016,0,0.507302847765,1.13311429875,5,818
445,1,8.46609027137,6.0,11.0,0.018018018018,0,1.27643852585,-0.363225306179,5,749
446,1,3.82928822956,3.0,7.0,0.015015015015,0,0.100563066597,-1.47240097023,5,707
447,1,4.6272719171,2.0,6.0,0.016016016016,0,0.656328418039,-2.34171333702,5,668
448,1,7.66307603451,1.0,13.0,0.014014014014,0,0.690105554343,0.592759371481,5,835
449,1,-0.549016263713,,3.0,0.016016016016,0,-0.646058139828,-3.61084184423,5,622
450,1,14.0336934366,12.0,16.0,0.017017017017,0,2.1178516598,2.68013845718,5,894
451,1,7.25560386791,3.0,13.0,0.017017017017,0,0.00926686016153,2.22780328742,5,811
452,1,-2.8283496795,,0.0,0.014014014014,1,-1.81157622745,-2.39362099717,5,28
453,1,1.03502561416,1.0,5.0,0.017017017017,0,-0.624661002858,-2.09099137727,5,666
454,1,11.8924399574,11.0,12.0,0.018018018018,1,1.36766303929,2.78945083955,5,709
455,1,5.66170696116,5.0,6.0,0.017017017017,1,-0.132640622563,1.05962882885,5,621
456,1,7.56020099985,7.0,12.0,0.016016016016,0,0.122164405157,2.19370778438,5,815
457,1,2.66083320945,0.0,3.0,0.015015015015,0,-0.185304014409,-1.78325474733,5,605
458,1,7.90820093581,2.0,10.0,0.016016016016,0,0.83779931217,0.394802999296,5,713
459,1,1.94973893238,,2.0,0.018018018018,0,-0.339336628141,-2.0322511832,5,33
460,1,4.42616882774,3.0,17.0,0.017017017017,0,1.14719887496,-4.01542779714,5,817
461,1,8.77682555418,5.0,11.0,0.016016016016,0,1.59967389317,-1.02219612534,5,687
462,1,9.09898187189,2.0,10.0,0.017017017017,0,2.09644626983,-2.19035693759,5,639
463,1,9.87149843854,6.0,15.0,0.017017017017,0,0.829726724928,2.38231826375,5,732
464,1,4.02357334347,2.0,6.0,0.017017017017,0,-0.331910786052,0.0193057016277,5,565
465,1,7.64035822203,5.0,10.0,0.018018018018,0,1.70870738066,-2.48576391995,5,627
466,1,10.0444917552,10.0,12.0,0.017017017017,0,1.24556331962,1.30780179631,5,670
467,1,-1.22102557157,,0.0,0.015015015015,1,-1.34525622763,-2.18525688868,5,21
468,1,3.08574961886,3.0,8.0,0.016016016016,0,-0.331136026579,-0.920842301404,5,623
469,1,-0.521006105598,,1.0,0.015015015015,0,-0.447192872969,-4.17942748669,5,214
470,1,9.83938413312,3.0,12.0,0.017017017017,0,0.425347877394,3.56334050094,5,631
471,1,3.46785724309,3.0,5.0,0.017017017017,0,0.55377054966,-3.19345440589,5,558
472,1,12.1404034011,6.0,14.0,0.014014014014,0,2.31591049026,0.192671930356,5,830
473,1,5.42230838919,1.0,8.0,0.016016016016,0,-0.16562764205,0.919191315344,5,595
474,1,7.87621869068,6.0,11.0,0.016016016016,0,1.04613189806,-0.262177003486,5,604
475,1,8.63516235429,6.0,9.0,0.016016016016,0,0.342697913256,2.60706861452,5,585
476,1,8.90919724015,4.0,10.0,0.017017017017,0,0.356675191908,2.83917166442,5,570
477,1,8.72234805655,8.0,9.0,0.016016016016,1,0.717513473475,1.56980763613,5,562
478,1,6.58681308134,0.0,9.0,0.015015015015,0,0.197426523002,0.994533512334,5,426
479,1,9.64196035453,9.0,15.0,0.016016016016,0,0.852252078189,2.08520411996,5,781
480,1,1.66498853225,,3.0,0.016016016016,0,0.205262184468,-3.95079802115,5,208
481,1,3.3668265745,1.0,4.0,0.015015015015,0,-1.18849569185,1.93231365004,5,190
482,1,4.83117231894,0.0,5.0,0.016016016016,0,-0.00761343794046,-0.145987367237,5,271
483,1,6.89609069374,5.0,10.0,0.015015015015,0,1.55318164154,-2.76345423088,5,473
484,1,5.30897349307,2.0,9.0,0.016016016016,0,0.490637979096,-1.16294044422,5,313
485,1,1.79104702783,,4.0,0.018018018018,0,-1.45240227128,1.14825384167,5,139
486,1,2.71677211468,0.0,4.0,0.017017017017,0,-1.06919727375,0.92436393592,5,167
487,1,2.49474726525,1.0,11.0,0.017017017017,0,-0.908079510422,0.218985796516,5,359
488,1,1.01872179269,,6.0,0.016016016016,0,-0.978294684479,-1.04639415388,5,298
489,1,0.123919394522,0.0,2.0,0.015015015015,0,-0.926026559292,-2.0980009276,5,120
490,1,7.70726914335,5.0,14.0,0.017017017017,0,0.102763788006,2.39897777933,5,489
491,1,4.87668467977,1.0,7.0,0.017017017017,0,-0.112723380309,0.214854820697,5,305
492,1,-1.62165987657,,1.0,0.016016016016,0,-2.0644123028,-0.428422968164,5,118
493,1,-1.13561514001,,0.0,0.017017017017,1,-1.10014574363,-2.83517790913,5,37
494,1,-0.234464019043,,8.0,0.017017017017,0,-0.716627131677,-3.08458262401,5,329
495,1,8.29268588498,5.0,13.0,0.017017017017,0,1.36548494684,-0.80376895555,5,681
496,1,10.8210100161,3.0,11.0,0.016016016016,0,1.43546331422,1.51462007343,5,522
497,1,4.34837289423,3.0,5.0,0.015015015015,0,0.456481153356,-2.02107056584,5,332
498,1,5.2750708398,5.0,11.0,0.014014014014,0,-0.600055176828,2.07523637029,5,699
499,1,16.5354976737,6.0,17.0,0.019019019019,0,1.85946249407,5.95711019147,5,741
500,1,2.94199934139,1.0,6.0,0.016016016016,0,-0.0809206430569,-1.81523872944,5,508
501,1,1.54671019656,1.0,4.0,0.016016016016,0,-1.31183791353,0.482223937153,5,468
502,1,8.37454506766,1.0,11.0,0.018018018018,0,0.205012295921,2.7595081799,5,650
503,1,7.2443788412,2.0,10.0,0.015015015015,0,-0.0716797794352,2.45941817951,5,715
504,1,7.54989185152,7.0,11.0,0.019019019019,0,1.08477586749,-0.704435750939,5,672
505,1,6.7211637701,3.0,15.0,0.017017017017,0,-0.356421431604,2.79042806491,5,762
506,1,5.37245159846,3.0,7.0,0.016016016016,0,0.0799762914881,0.132522723997,5,647
507,1,6.08149572023,1.0,9.0,0.019019019019,0,0.473544424826,-0.339137554251,5,642
508,1,2.62200606134,1.0,4.0,0.016016016016,0,-0.241878868378,-1.65235733352,5,366
509,1,6.15720368934,6.0,17.0,0.017017017017,0,0.345680694235,0.120161606632,5,780
510,1,8.34943981244,6.0,10.0,0.013013013013,0,0.818782524782,0.893092238091,5,695
511,1,11.4858424434,9.0,15.0,0.018018018018,0,1.01555935904,3.4391643663,5,746
512,1,0.940658762161,0.0,1.0,0.017017017017,1,-0.621442670664,-2.19501322585,5,258
513,1,4.67630044713,2.0,7.0,0.016016016016,0,-0.0207094311213,-0.261571259507,5,434
514,1,2.19419954713,0.0,3.0,0.017017017017,0,-0.0408206597674,-2.68333847356,5,286
515,1,2.6760113592,1.0,7.0,0.015015015015,0,-0.629999320191,-0.433990680223,5,388
516,1,8.18612011349,5.0,12.0,0.018018018018,0,0.144397887776,2.75292645017,5,469
517,1,2.85337476326,1.0,6.0,0.017017017017,0,-1.0247158407,0.927522285351,5,320
518,1,8.6763580216,6.0,10.0,0.015015015015,0,1.21117021566,0.0428473746281,5,484
519,1,6.29616215145,1.0,7.0,0.014014014014,0,0.580088031035,-0.444101941659,5,367
520,1,6.42121175533,3.0,8.0,0.015015015015,0,0.553312396887,-0.238725435334,5,408
521,1,6.04457312608,4.0,15.0,0.016016016016,0,0.10612536109,0.726197042806,5,520
522,1,0.0418929953339,,1.0,0.016016016016,0,-1.8829239518,0.690664850743,5,80
523,1,3.04078335246,2.0,4.0,0.017017017017,0,-1.12179097588,1.40615628008,5,303
524,1,8.27978523782,6.0,13.0,0.018018018018,0,0.515099601698,1.73448643273,5,456
525,1,3.80510949546,,5.0,0.016016016016,0,-0.687906078008,0.868827729481,5,134
526,1,5.92477087426,5.0,7.0,0.015015015015,0,-0.15128005351,1.37861103479,5,157
527,1,9.00835155092,9.0,10.0,0.016016016016,1,0.446405100186,2.66913625036,5,364
528,1,9.57033590706,8.0,13.0,0.015015015015,0,1.07266567494,1.35233888222,5,505
529,1,-0.739801982522,,2.0,0.016016016016,0,-0.885366568396,-3.08370227733,5,53
530,1,3.59600570047,,5.0,0.016016016016,0,0.149278765229,-1.85183059522,5,126
531,1,1.66619973286,1.0,3.0,0.015015015015,0,0.0890880094547,-3.6010642955,5,57
532,1,-1.44236414464,,0.0,0.016016016016,1,-1.31089944881,-2.50966579821,5,5
533,1,6.01514983676,2.0,7.0,0.016016016016,0,0.627691133735,-0.867923564448,5,159
534,1,-2.60538759386,,1.0,0.018018018018,0,-1.71694912444,-2.45454022055,5,41
535,1,5.86331717076,3.0,6.0,0.016016016016,0,-0.25259284661,1.62109571059,5,212
536,1,1.26365465642,,6.0,0.017017017017,0,-0.941977912872,-0.910411604959,5,128
537,1,7.82036604109,7.0,9.0,0.015015015015,0,2.47376926738,-4.60094176105,5,380
538,0,14.240992357,14.0,,0.015015015015,0,2.42536246647,1.96490495764,5,788
539,1,-0.235287392617,,6.0,0.016016016016,0,-1.37504815342,-1.11014293236,5,217
540,1,6.85124683893,4.0,7.0,0.017017017017,0,0.0835408462447,1.6006243002,5,296
541,0,13.9412126088,13.0,,0.014014014014,0,1.38905266456,4.77405461516,5,918
542,1,4.3891707436,2.0,9.0,0.016016016016,0,0.0285249645927,-0.696404150182,5,433
543,1,2.7030959524,1.0,10.0,0.015015015015,0,-0.565415159172,-0.600658570087,5,415
544,1,0.108250751054,,2.0,0.017017017017,0,-1.20011105041,-1.29141609772,5,246
545,1,4.06956246909,2.0,5.0,0.016016016016,0,0.273155444598,-1.7499038647,5,403
546,1,5.46451548458,3.0,7.0,0.016016016016,0,0.315696669252,-0.482574523177,5,542
547,1,7.32736144345,7.0,11.0,0.015015015015,0,0.363544633728,1.23672754226,5,662
548,1,5.01194158791,3.0,8.0,0.016016016016,0,0.504196516976,-1.50064796302,5,556
549,1,2.83271302242,0.0,3.0,0.015015015015,0,-0.148035737654,-1.72317976462,5,397
550,1,7.46992094422,4.0,10.0,0.016016016016,0,0.677145342716,0.438484916074,5,561
551,1,8.78232586962,,16.0,0.016016016016,0,-0.58931047113,5.55025728301,5,947
552,1,2.65543156162,2.0,5.0,0.014014014014,0,-0.79474864338,0.0396774917586,5,547
553,1,10.5417424262,3.0,12.0,0.016016016016,0,1.70109496942,0.438457517903,5,742
554,1,8.91794625245,8.0,11.0,0.016016016016,0,0.863420681007,1.32768420943,5,800
555,1,1.81004395674,0.0,3.0,0.016016016016,0,-0.53443490821,-1.58665131863,5,163
556,1,10.8128760056,9.0,11.0,0.015015015015,0,0.378252564945,4.67811831072,5,901
557,1,-0.14874376447,,0.0,0.015015015015,1,-0.524102956294,-3.57643489559,5,31
558,1,-1.06622696781,,1.0,0.016016016016,0,-1.3195130672,-2.1076877662,5,32
559,1,7.15584506401,4.0,8.0,0.014014014014,0,1.01647095976,-0.893567815274,5,804
560,1,3.31840982657,2.0,5.0,0.018018018018,0,-0.818748674239,0.774655849291,5,598
561,1,11.4129566178,10.0,12.0,0.015015015015,0,2.30334148426,-0.497067834946,5,956
562,1,5.71074516001,5.0,7.0,0.014014014014,0,1.32780096,-3.27265772,5,744
563,1,11.1422806919,10.0,16.0,0.016016016016,0,0.375137458447,5.0168683166,5,978
564,1,6.00274702975,6.0,7.0,0.015015015015,1,-0.437406141819,2.31496545521,5,905
565,1,3.65400650137,2.0,4.0,0.019019019019,0,-0.589695914788,0.423094245735,5,176
566,1,7.14851635427,7.0,9.0,0.017017017017,0,0.261587476407,1.36375392504,5,899
567,1,7.27201746356,4.0,11.0,0.015015015015,0,0.489990406702,0.802046243455,5,939
568,1,5.5353808226,5.0,14.0,0.016016016016,0,-0.555347938615,2.20142463844,5,957
569,1,4.94682701558,4.0,14.0,0.015015015015,0,0.101108999858,-0.356499983998,5,961
570,1,-2.85447285203,,0.0,0.017017017017,1,-2.33241324323,-0.857233122332,5,92
571,1,5.22383432453,5.0,8.0,0.016016016016,0,-0.283448080174,1.07417856505,5,911
572,1,7.91439307962,7.0,10.0,0.016016016016,0,0.321574205537,1.94967046301,5,932
573,1,6.28488383473,5.0,8.0,0.015015015015,0,-0.159847835559,1.7644273414,5,937
574,1,3.44896630607,2.0,7.0,0.016016016016,0,-0.11424606087,-1.20829551132,5,923
575,1,3.07347283552,3.0,4.0,0.017017017017,1,-0.0511214824463,-1.77316271714,5,885
576,1,6.96715444385,5.0,10.0,0.016016016016,0,0.788645739805,-0.398782775566,5,943
577,1,1.96931279581,1.0,2.0,0.016016016016,1,-0.332261065069,-2.03390400898,5,704
578,1,7.93879211896,2.0,8.0,0.016016016016,0,0.425741310818,1.6615681865,5,931
579,1,8.38406699229,2.0,13.0,0.015015015015,0,0.268373704689,2.57894587823,5,979
580,1,2.74858824169,2.0,13.0,0.015015015015,0,-0.331160892641,-1.25792908039,5,945
581,1,3.25529614342,3.0,15.0,0.016016016016,0,-1.69748097662,3.34773907327,5,989
582,1,3.70750204394,3.0,5.0,0.015015015015,0,-0.0884393346517,-1.0271799521,5,883
583,1,5.67845856456,4.0,10.0,0.015015015015,0,-1.24436713168,4.4115599596,5,942
584,1,4.00152394379,3.0,15.0,0.015015015015,0,-0.0936347895194,-0.717571687652,5,997
585,1,7.78680415564,4.0,9.0,0.015015015015,0,1.06689910035,-0.413893145415,5,913
586,1,2.87935260581,2.0,3.0,0.016016016016,1,0.00726697614465,-2.14244832262,5,853
587,1,6.56196228769,4.0,8.0,0.016016016016,0,-0.611265302646,3.39575819563,5,903
588,1,6.48881195264,5.0,7.0,0.015015015015,0,1.4025655012,-2.71888455096,5,907
589,1,3.45039460891,3.0,4.0,0.015015015015,1,-0.839456586782,0.968764369256,5,866
590,1,5.45369201512,2.0,14.0,0.016016016016,0,-0.300584263807,1.35544480654,5,954
591,1,4.59188986556,3.0,10.0,0.015015015015,0,-0.445093518679,0.927170421594,5,938
592,1,2.19156270715,0.0,3.0,0.016016016016,0,-0.453508444371,-1.44791195973,5,701
593,1,3.76131982334,3.0,4.0,0.016016016016,1,-0.294735608723,-0.354473350494,5,870
594,1,0.495450804692,0.0,2.0,0.017017017017,0,-1.24197112955,-0.778635806653,5,669
595,1,5.50148645888,5.0,8.0,0.015015015015,0,0.404102576168,-0.710821269621,5,946
596,1,4.38149779826,4.0,6.0,0.016016016016,0,-0.710450313068,1.51284873747,5,893
597,1,6.25994235324,5.0,13.0,0.015015015015,0,0.0021448502276,1.25350780256,5,988
598,1,6.46608764483,4.0,7.0,0.016016016016,0,0.382273362161,0.319267558347,5,924
599,1,4.20371622231,3.0,5.0,0.014014014014,0,0.15322395514,-1.25595564311,5,952
600,1,13.5406473639,10.0,16.0,0.016016016016,0,1.97971803602,2.60149325582,5,996
601,1,8.1725086327,7.0,10.0,0.016016016016,0,0.536323213864,1.56353899111,5,965
602,1,5.29583680267,5.0,10.0,0.017017017017,0,-0.399343830588,1.49386829444,5,967
603,1,6.43989293874,5.0,12.0,0.017017017017,0,0.544538118234,-0.193721415961,5,980
604,1,10.5627957829,6.0,13.0,0.016016016016,0,2.00831059201,-0.462135993147,5,990
605,1,6.44215906837,6.0,13.0,0.017017017017,0,0.424300787923,0.169256704603,5,982
606,1,10.0201203819,9.0,15.0,0.016016016016,0,0.67622135134,2.99145632793,5,994
607,1,7.42014720789,7.0,10.0,0.017017017017,0,0.24359150165,1.68937270294,5,964
608,1,10.5185401438,8.0,12.0,0.014014014014,0,0.783593635958,3.1677592359,5,991
609,1,2.84495396304,2.0,4.0,0.015015015015,0,0.655460734623,-4.12142824083,5,794
610,1,7.50638129987,3.0,9.0,0.016016016016,0,0.697013495653,0.415340812916,5,921
611,1,8.55419888297,8.0,9.0,0.017017017017,1,1.66505396869,-1.44096302309,5,882
612,1,6.82304243185,6.0,10.0,0.018018018018,0,0.272989626065,1.00407355365,5,879
613,1,9.8635448991,5.0,15.0,0.019019019019,0,1.04130166886,1.73963989253,5,936
614,1,4.34414403354,4.0,6.0,0.017017017017,0,-0.270062665173,0.154332029055,5,702
615,1,0.80320143828,,1.0,0.017017017017,0,-1.73661725823,1.01305321296,5,26
616,1,-1.75959735094,,0.0,0.015015015015,1,-2.37581267464,0.36784067297,5,23
617,1,5.4739039588,2.0,8.0,0.016016016016,0,-0.0526230678112,0.631773162232,5,694
618,1,9.84376031417,9.0,12.0,0.015015015015,0,0.291413070732,3.96952110198,5,843
619,1,9.48805665032,7.0,12.0,0.016016016016,0,0.802999735368,2.07905744421,5,796
620,1,4.49700257429,2.0,7.0,0.015015015015,0,-1.29036728086,3.36810441685,5,458
621,1,3.89482254714,2.0,5.0,0.016016016016,0,0.322891811526,-2.07385288744,5,342
622,1,5.86569492052,5.0,6.0,0.017017017017,1,-0.115824256352,1.21316768957,5,325
623,1,1.66938779428,,2.0,0.015015015015,0,-1.086398329,-0.0714172187117,5,36
624,1,5.32722653706,5.0,6.0,0.018018018018,1,-1.14670376754,3.76733783967,5,272
625,1,2.94338117248,2.0,7.0,0.015015015015,0,-0.080565043614,-1.81492369668,5,361
626,1,4.99731345469,4.0,14.0,0.017017017017,0,0.804673822092,-2.41670801159,5,506
627,1,12.6845469624,2.0,14.0,0.015015015015,0,1.34857895658,3.63881009262,5,586
628,1,4.98325851378,0.0,8.0,0.015015015015,0,-0.111653833543,0.318220014412,5,386
629,1,0.0427052723871,,1.0,0.014014014014,0,-0.858696472016,-2.38120531157,5,98
630,1,1.85786982052,0.0,10.0,0.013013013013,0,-0.18547319472,-2.58571059532,5,398
631,1,5.6646468199,0.0,12.0,0.016016016016,0,0.880193390123,-1.97593335047,5,405
632,1,2.01810985375,,6.0,0.015015015015,0,-1.03898942146,0.135078118145,5,169
633,1,4.7189879791,4.0,13.0,0.015015015015,0,-0.131334469352,0.112991387153,5,432
634,1,2.73626245558,0.0,10.0,0.017017017017,0,-0.442807579675,-0.935314805391,5,347
635,1,7.18382959566,6.0,8.0,0.016016016016,0,0.152874574855,1.72520587109,5,201
636,1,4.02502131213,4.0,6.0,0.016016016016,0,0.142543647737,-1.40260963109,5,160
637,1,3.79399752527,,11.0,0.017017017017,0,-1.2354506074,2.50034934746,5,280
638,1,-0.531236153384,,2.0,0.017017017017,0,-1.02759526556,-2.44845035671,5,108
639,1,-2.80273672384,,1.0,0.017017017017,0,-1.46898624989,-3.39577797417,5,17
640,1,-2.40971271156,,0.0,0.017017017017,1,-1.91476409416,-1.66542042907,5,10
641,1,3.47614761582,1.0,6.0,0.016016016016,0,-0.555687594655,0.14321039978,5,182
642,1,8.96140127375,8.0,11.0,0.014014014014,0,0.464730579669,2.56720953474,5,235
643,1,4.43645771449,3.0,5.0,0.018018018018,0,-0.468146871859,0.840898330065,5,155
644,1,2.37897359822,2.0,5.0,0.015015015015,0,-0.0930208440494,-2.34196386963,5,144
645,1,7.50732663505,6.0,9.0,0.018018018018,0,0.898019904472,-0.186733078368,5,206
646,1,4.05265416682,2.0,10.0,0.016016016016,0,0.028481975863,-1.03279176077,5,228
647,1,-1.2052331356,,2.0,0.016016016016,0,-1.0863683973,-2.9461279437,5,71
648,1,4.47250764195,2.0,5.0,0.016016016016,0,0.151366077415,-0.981590590296,5,164
649,1,0.331119063025,,2.0,0.016016016016,0,-1.3773899358,-0.536711129561,5,124
650,1,5.59709391732,5.0,10.0,0.016016016016,0,0.633711015958,-1.30403913056,5,333
651,1,6.44462482801,,8.0,0.016016016016,0,0.574926391852,-0.280154347544,5,302
652,1,2.72432711801,1.0,5.0,0.015015015015,0,-0.533951875186,-0.67381725643,5,252
653,1,4.53817717203,,8.0,0.017017017017,0,-1.3029125365,3.44691478152,5,358
654,1,4.00493234286,2.0,15.0,0.018018018018,0,0.11151520083,-1.32961325963,5,583
655,1,7.65844651897,7.0,8.0,0.016016016016,1,0.900112410872,-0.0418907136414,5,392
656,1,8.36429609224,8.0,12.0,0.017017017017,0,0.0349528482265,3.25943754756,5,516
657,1,7.6028636191,6.0,10.0,0.015015015015,0,0.629089690953,0.715594546241,5,524
658,1,4.6347338467,3.0,7.0,0.016016016016,0,0.0593302111044,-0.543256786613,5,512
659,1,4.37871030498,2.0,5.0,0.016016016016,0,0.296041025811,-1.50941277246,5,496
660,1,0.643245806704,0.0,4.0,0.017017017017,0,-1.91424424481,1.38597854115,5,460
661,1,9.70446599626,,15.0,0.016016016016,0,1.52233484687,0.137461455637,5,823
662,1,10.3077983669,3.0,11.0,0.017017017017,0,1.28782424348,1.44432563645,5,580
663,1,7.06718508809,1.0,9.0,0.016016016016,0,1.43779871126,-2.24621104569,5,569
664,1,1.80688029145,1.0,6.0,0.016016016016,0,-0.808943158849,-0.766290231998,5,557
665,1,3.87930243494,2.0,6.0,0.017017017017,0,-1.33360194391,2.88010826666,5,536
666,1,9.15487417767,9.0,15.0,0.017017017017,0,1.35998513837,0.074918762558,5,878
667,1,8.10483645864,3.0,10.0,0.016016016016,0,1.73336464404,-2.09525747347,5,703
668,1,4.49670047605,4.0,5.0,0.015015015015,1,-0.514026332721,1.03877947421,5,584
669,1,7.69676370313,7.0,12.0,0.016016016016,0,-0.142363188086,3.12385326739,5,771
670,1,2.28468770912,1.0,7.0,0.015015015015,0,-0.559551922089,-1.03665652461,5,646
671,1,6.17879350542,2.0,14.0,0.019019019019,0,-0.104919831082,1.49355299867,5,728
672,1,2.94646256626,1.0,3.0,0.017017017017,0,-0.151008871043,-1.60051082061,5,566
673,1,2.99473549342,2.0,15.0,0.016016016016,0,-1.02775269989,1.07799359307,5,898
674,1,5.05537129107,2.0,8.0,0.017017017017,0,-0.87298379446,2.67432267445,5,658
675,1,5.85782898916,3.0,12.0,0.017017017017,0,0.82488466528,-1.61682500667,5,745
676,1,5.50340663581,5.0,11.0,0.016016016016,0,-0.256456921648,1.27277740075,5,720
677,1,14.1105045984,14.0,15.0,0.015015015015,1,1.16162869678,5.62561850808,5,958
678,1,4.2448958487,3.0,5.0,0.016016016016,0,-1.18427940387,2.79773406031,5,533
679,1,4.52218787294,3.0,9.0,0.017017017017,0,-0.197049393512,0.113336053479,5,625
680,1,1.11517790584,,3.0,0.013013013013,0,-0.438778963896,-2.56848520247,5,172
681,1,-0.527933467062,,0.0,0.015015015015,1,-1.64886095627,-0.581350598254,5,44
682,1,10.334111009,10.0,12.0,0.017017017017,0,2.83070611891,-3.15800734775,5,663
683,1,3.69778417281,3.0,6.0,0.015015015015,0,-0.121826518399,-0.936736271994,5,427
684,1,6.3541214811,3.0,8.0,0.014014014014,0,0.398239586897,0.159402720405,5,535
685,1,0.957468246788,,1.0,0.013013013013,0,-1.20331259728,-0.432593961382,5,131
686,1,2.87303751944,1.0,4.0,0.017017017017,0,0.599079409788,-3.92420070993,5,309
687,1,3.9995504908,2.0,7.0,0.016016016016,0,-0.593872435011,0.781167795836,5,402
688,1,7.80798774878,5.0,14.0,0.016016016016,0,0.0538613841938,2.6464035962,5,765
689,1,3.60330538418,2.0,12.0,0.013013013013,0,0.594670512087,-3.18070615208,5,708
690,1,5.35910530019,3.0,7.0,0.016016016016,0,0.614542302954,-1.48452160867,5,379
691,1,1.96269905469,1.0,2.0,0.018018018018,1,0.71030098633,-5.1682039043,5,135
692,1,-0.172407351956,,2.0,0.016016016016,0,-0.902803749779,-2.46399610262,5,174
693,1,5.51522067066,5.0,16.0,0.016016016016,0,0.282553465034,-0.332439724442,5,783
694,1,10.0040135552,10.0,12.0,0.015015015015,0,0.789525447318,2.63543721323,5,537
695,1,2.82885928608,0.0,8.0,0.016016016016,0,-0.0301060890721,-2.0808224467,5,348
696,1,9.03370163769,3.0,10.0,0.016016016016,0,1.48617542086,-0.424824624892,5,355
697,1,7.02663471369,7.0,8.0,0.016016016016,1,2.01677610158,-4.02369359104,5,322
698,1,10.6446962727,5.0,13.0,0.019019019019,0,1.1468211263,2.20423289381,5,362
699,1,3.10639971996,1.0,8.0,0.014014014014,0,-0.273760812679,-1.072317842,5,315
700,1,4.80671933643,,5.0,0.016016016016,0,0.136939430097,-0.604098953858,5,191
701,1,2.01369836498,1.0,5.0,0.016016016016,0,-2.05467455913,3.17772204239,5,192
702,1,2.22452725454,,4.0,0.017017017017,0,-1.22244200827,0.891853279332,5,175
703,1,1.79199082867,,3.0,0.016016016016,0,-0.534543713736,-1.60437803012,5,149
704,1,1.53485086659,1.0,2.0,0.016016016016,1,-1.34317769009,0.564383936856,5,96
705,1,5.66444524917,2.0,14.0,0.019019019019,0,-0.972614642176,3.5822891757,5,381
706,1,6.58157856026,5.0,8.0,0.014014014014,0,0.344513175636,0.548039033353,5,262
707,1,1.99633312641,1.0,6.0,0.015015015015,0,0.371403637807,-4.11787778701,5,150
708,1,4.71707974804,,12.0,0.014014014014,0,-0.209365650878,0.345176700672,5,413
709,1,11.4173470281,11.0,12.0,0.014014014014,1,0.781198808348,4.07375060307,5,540
710,1,0.561436038929,,3.0,0.017017017017,0,-0.574469870924,-2.7151543483,5,81
711,1,6.97571931417,1.0,7.0,0.015015015015,0,0.876810448779,-0.654712032171,5,153
712,1,1.27074897863,,3.0,0.015015015015,0,-0.456802987805,-2.35884205796,5,66
713,1,-0.599914539472,,1.0,0.017017017017,0,-0.267035883828,-4.79880688799,5,60
714,1,-3.77257138037,,0.0,0.015015015015,1,-1.880455234,-3.13120567838,5,2
715,1,5.01204347622,5.0,9.0,0.018018018018,0,-0.441415412487,1.33628971368,5,253
716,1,7.36870659118,7.0,8.0,0.014014014014,1,0.451959907462,1.01282686879,5,442
717,1,10.0245826536,10.0,13.0,0.016016016016,0,1.63869297685,0.108503723023,5,717
718,1,-0.220911724407,,9.0,0.018018018018,0,-1.26408913956,-1.42864430572,5,186
719,1,10.3718863986,10.0,12.0,0.017017017017,0,0.50235643551,3.86481709208,5,601
720,1,-0.0797357305047,,1.0,0.016016016016,0,-1.28382454948,-1.22826208206,5,8
721,1,3.98754712216,,5.0,0.017017017017,0,-0.887228035717,1.64923122931,5,107
722,1,6.53207519873,5.0,7.0,0.014014014014,0,0.386838855309,0.371558632803,5,451
723,1,9.56943730438,9.0,11.0,0.015015015015,0,0.980039137809,1.62931989095,5,630
724,1,6.99119333366,6.0,9.0,0.02002002002,0,1.08498419904,-1.26375926344,5,501
725,1,2.86863264923,1.0,3.0,0.019019019019,0,0.388695974751,-3.29745527502,5,127
726,1,9.79250637394,8.0,12.0,0.016016016016,0,1.01899717552,1.73551484737,5,696
727,1,6.30257865521,2.0,13.0,0.013013013013,0,0.773625863656,-1.01829893576,5,836
728,1,4.59479896917,4.0,7.0,0.016016016016,0,-0.765455090689,1.89116424124,5,654
729,1,2.07147804807,2.0,10.0,0.015015015015,0,-0.954419466867,-0.0652635513332,5,724
730,1,4.05613005828,2.0,11.0,0.015015015015,0,0.473814222043,-2.36531260785,5,743
731,1,2.73159729352,2.0,3.0,0.015015015015,1,-0.537482638184,-0.655954791925,5,571
732,1,6.31607180466,2.0,13.0,0.016016016016,0,0.526926081553,-0.264706439996,5,812
733,1,3.53587120224,3.0,8.0,0.016016016016,0,0.452426479783,-2.82140823711,5,683
734,1,6.00266690501,3.0,8.0,0.017017017017,0,0.0780572667853,0.768495104653,5,684
735,1,3.10977784665,1.0,4.0,0.017017017017,0,-0.039126093032,-1.77284387426,5,638
736,1,7.21846050228,4.0,12.0,0.012012012012,0,0.140980595322,1.79551871631,5,917
737,1,12.4644331948,11.0,15.0,0.02002002002,0,1.81487839353,2.01979801424,5,799
738,1,-1.07405820386,,0.0,0.016016016016,1,-2.20550498485,0.542456750691,5,111
739,1,2.36449003443,2.0,3.0,0.018018018018,1,-0.987039455099,0.325608399724,5,634
740,1,10.2999173387,8.0,12.0,0.015015015015,0,0.855045022731,2.73478227046,5,816
741,1,5.55205215788,4.0,7.0,0.017017017017,0,-0.0569827030966,0.723000267167,5,665
742,1,7.79319825548,2.0,8.0,0.016016016016,0,0.397049374548,1.60205013184,5,719
743,1,8.36564297522,6.0,9.0,0.018018018018,0,1.47664595731,-1.06429489669,5,768
744,1,5.34803996921,2.0,9.0,0.015015015015,0,0.83497068415,-2.15687208324,5,828
745,1,4.10672480578,4.0,5.0,0.017017017017,1,-1.07130996818,2.32065471033,5,652
746,1,5.15883265841,4.0,10.0,0.018018018018,0,-0.00535466874134,0.174896664637,5,810
747,1,9.66298057663,6.0,10.0,0.016016016016,0,0.866426083757,2.06370232536,5,890
748,1,4.85640979201,4.0,11.0,0.017017017017,0,0.220071793948,-0.803805589837,5,941
749,1,2.24806960982,0.0,3.0,0.017017017017,0,-1.03231254638,0.345007248961,5,395
750,1,3.16029634416,3.0,8.0,0.017017017017,0,-0.566997997333,-0.138709663836,5,849
751,1,3.7374285991,2.0,16.0,0.016016016016,0,-1.2328964339,2.4361179008,5,995
752,1,8.05403873697,8.0,16.0,0.017017017017,0,0.503439647841,1.54371979345,5,993
753,1,7.19041275525,6.0,12.0,0.016016016016,0,0.580178343406,0.449877725027,5,981
754,1,8.9173597092,6.0,11.0,0.015015015015,0,0.811663677856,1.48236867564,5,984
755,1,7.00966463035,5.0,12.0,0.017017017017,0,0.589603093553,0.240855349693,5,983
756,1,5.26549279546,4.0,6.0,0.017017017017,0,0.12821366924,-0.119148212258,5,955
757,1,-1.25743872463,,0.0,0.012012012012,1,-2.25831516331,0.5175067653,5,59
758,1,5.46494369318,3.0,7.0,0.016016016016,0,-0.733068777064,2.66415002437,5,973
759,1,7.87318733507,3.0,8.0,0.016016016016,0,1.27554820497,-0.953457279831,5,974
760,1,5.09407522451,5.0,8.0,0.017017017017,0,0.972849787947,-2.82447413933,5,959
761,1,11.1136799612,6.0,17.0,0.017017017017,0,1.32376310247,2.14239065381,5,992
762,1,9.12088591569,6.0,14.0,0.015015015015,0,0.5467613118,2.48060198029,5,987
763,1,6.22392679114,6.0,7.0,0.015015015015,1,-0.715850705669,3.37147890815,5,960
764,1,9.520039698,9.0,12.0,0.017017017017,0,1.27688226338,0.689392907866,5,970
765,1,11.517244257,8.0,13.0,0.014014014014,0,1.67026625651,1.50644548743,5,977
766,1,-1.89081039627,,0.0,0.017017017017,1,-1.35352998758,-2.83022043353,5,6
767,1,0.690175643794,,3.0,0.016016016016,0,-0.845270473611,-1.77401293537,5,221
768,1,-1.12747396048,,1.0,0.015015015015,0,-1.33642381689,-2.11820250982,5,7
769,1,6.12558753067,6.0,8.0,0.015015015015,0,0.978125322424,-1.80878843661,5,748
770,1,12.8224599533,12.0,13.0,0.017017017017,1,1.38238924276,3.67529222504,5,962
771,1,0.256966891452,,2.0,0.016016016016,0,-1.03752441521,-1.63045986293,5,40
772,1,0.590805305657,,7.0,0.015015015015,0,-1.24986739092,-0.659592521571,5,354
773,1,7.11693715637,7.0,9.0,0.016016016016,0,0.179294408285,1.57905393152,5,648
774,1,5.28487554565,3.0,9.0,0.016016016016,0,-0.478077568231,1.71910825035,5,503
775,1,15.2310612674,15.0,16.0,0.017017017017,1,1.83562605047,4.72418311605,5,968
776,1,11.0023560753,11.0,14.0,0.015015015015,0,1.31133995695,2.06833620446,5,912
777,1,10.5405761552,4.0,12.0,0.016016016016,0,1.91078704182,-0.191784970307,5,725
778,1,2.91777938835,1.0,3.0,0.017017017017,0,-0.533780780068,-0.480878271446,5,256
779,1,5.50277664968,4.0,7.0,0.016016016016,0,0.153904854075,0.0410620874551,5,437
780,1,-0.352820807954,,1.0,0.015015015015,0,-1.11729618441,-2.00093225473,5,158
781,1,8.83273155313,7.0,13.0,0.017017017017,0,0.473592600418,2.41195375187,5,693
782,1,2.96619885488,2.0,4.0,0.017017017017,0,0.062052547573,-2.21995878783,5,269
783,1,5.27043621342,1.0,8.0,0.017017017017,0,-0.587413889815,2.03267788287,5,319
784,1,3.47194395958,3.0,6.0,0.015015015015,0,-0.818242089538,0.926670228192,5,389
785,1,4.16933340448,1.0,10.0,0.017017017017,0,0.248511591951,-1.57620137137,5,491
786,1,1.95771417237,1.0,3.0,0.018018018018,0,-1.63993715106,1.87752562554,5,178
787,1,11.4715047402,11.0,12.0,0.015015015015,1,0.64695576469,4.53063744614,5,617
788,1,0.995049632382,,1.0,0.019019019019,0,-1.41292867687,0.233835662978,5,113
789,1,7.81764118228,3.0,8.0,0.015015015015,0,1.12787654194,-0.565988443544,5,301
790,1,6.83381712562,1.0,12.0,0.017017017017,0,0.24194208095,1.10799088277,5,504
791,1,4.33267110031,3.0,6.0,0.017017017017,0,-0.634322196384,1.23563768946,5,245
792,1,6.7468788789,1.0,10.0,0.016016016016,0,1.23105696055,-1.94629200275,5,438
793,1,-1.56196520888,,0.0,0.016016016016,1,-1.10560144129,-3.24516088502,5,3
794,1,10.7748033415,9.0,13.0,0.017017017017,0,1.66528573332,0.778946141493,5,531
795,1,7.3148022366,4.0,14.0,0.015015015015,0,0.694394633155,0.231618337129,5,842
796,1,4.12033784074,1.0,6.0,0.016016016016,0,-0.424247634428,0.39308074403,5,234
797,1,-0.93541570821,,1.0,0.014014014014,0,-0.771654073418,-3.62045348796,5,110
798,1,8.70119101286,,11.0,0.015015015015,0,2.52021075881,-3.85944126356,5,444
799,1,2.67325959706,2.0,4.0,0.015015015015,0,-0.863689500536,0.264328098666,5,226
800,1,7.25942463506,2.0,10.0,0.015015015015,0,0.217314263358,1.60748184499,5,335
801,1,3.74948516719,1.0,4.0,0.016016016016,0,0.859729590115,-3.82970360316,5,195
802,1,3.48206881949,,15.0,0.019019019019,0,-0.0543160444504,-1.35498304716,5,603
803,1,-1.88043204891,,4.0,0.017017017017,0,-2.15713753839,-0.40901943374,5,204
804,1,0.599378954892,,1.0,0.016016016016,0,-0.808967513447,-1.97371850477,5,133
805,1,7.39306587625,3.0,8.0,0.016016016016,0,0.713230669566,0.253373867549,5,287
806,1,9.89993251902,9.0,10.0,0.017017017017,1,0.964694241485,2.00584979456,5,387
807,1,3.72415890226,1.0,4.0,0.015015015015,0,-0.615179339409,0.569696920489,5,273
808,1,-0.50676102996,,0.0,0.017017017017,1,-1.76414986215,-0.214311443501,5,1
809,1,10.3217960606,2.0,13.0,0.018018018018,0,1.48696852654,0.860890481023,5,655
810,1,4.73116513913,3.0,5.0,0.015015015015,0,-1.05220876109,2.88779142241,5,384
811,1,5.32342572182,1.0,6.0,0.016016016016,0,-0.361398966082,1.40762262006,5,304
812,1,5.65403036725,3.0,8.0,0.016016016016,0,0.0515019312466,0.499524573515,5,523
813,1,7.76820685074,1.0,10.0,0.014014014014,0,0.636806279415,0.857788012495,5,873
814,1,4.91191398348,4.0,6.0,0.015015015015,0,0.0542361008546,-0.250794319082,5,517
815,1,9.04778490224,9.0,10.0,0.016016016016,1,0.435497492922,2.74129242348,5,868
816,1,7.41870643565,4.0,8.0,0.018018018018,0,0.78789451897,0.0550228787436,5,833
817,1,8.80908175402,2.0,12.0,0.015015015015,0,0.505893948936,2.29139990721,5,895
818,1,8.67558984586,6.0,12.0,0.017017017017,0,0.65862589228,1.69971216902,5,889
819,1,7.17212651399,4.0,12.0,0.015015015015,0,0.822741118918,-0.296096842766,5,914
820,1,5.1017242166,0.0,16.0,0.016016016016,0,-0.631265178228,1.99551975129,5,963
821,1,-1.00268437443,,1.0,0.017017017017,0,-1.01778427547,-2.94933154801,5,227
822,1,12.5007882891,11.0,13.0,0.015015015015,0,1.61752198292,2.64822234032,5,934
823,1,5.4691234007,3.0,6.0,0.015015015015,0,-0.0330664423068,0.568322727617,5,847
824,1,4.44357999912,4.0,11.0,0.017017017017,0,-0.423512522395,0.714117566304,5,876
825,1,3.76381054882,3.0,4.0,0.017017017017,1,0.0725174464878,-1.45374179064,5,792
826,1,8.72573580472,5.0,10.0,0.016016016016,0,0.942979754824,0.896796540254,5,864
827,1,4.01343312977,4.0,5.0,0.017017017017,1,-0.503714179487,0.524575668229,5,844
828,1,4.32684044825,4.0,9.0,0.017017017017,0,-0.0720410660315,-0.457036353659,5,856
829,1,6.00508980616,6.0,7.0,0.017017017017,1,0.495680107339,-0.481950515861,5,845
830,1,6.66539236599,6.0,17.0,0.017017017017,0,1.07732733371,-1.56658963514,5,935
831,1,-1.26634944489,,0.0,0.016016016016,1,-0.998181774396,-3.2718041217,5,65
832,1,10.7187580027,4.0,16.0,0.017017017017,0,1.26402437987,1.92668486306,5,884
833,1,2.18877030132,2.0,4.0,0.018018018018,0,-1.12737879902,0.570906698386,5,600
834,1,7.04926867168,5.0,9.0,0.017017017017,0,0.595612833779,0.262430170346,5,855
835,1,7.52447321276,4.0,8.0,0.015015015015,0,0.909805417444,-0.204943039569,5,852
836,1,9.89940382145,3.0,12.0,0.016016016016,0,2.32592124723,-2.07835992025,5,859
837,1,2.81551664148,2.0,5.0,0.016016016016,0,-0.414064108835,-0.942291032015,5,757
838,1,4.78439785189,,5.0,0.015015015015,0,-0.344240753135,0.817120111294,5,752
839,1,10.703187022,10.0,16.0,0.017017017017,0,0.284114946334,4.85084218296,5,875
840,1,2.76146817258,2.0,3.0,0.015015015015,1,-0.30160196898,-1.33372592048,5,513
841,1,9.77409093684,9.0,10.0,0.016016016016,1,2.20210243199,-1.83221635914,5,851
842,1,9.13217387933,9.0,12.0,0.015015015015,0,0.953750983257,1.27092092956,5,871
843,1,8.49142235689,8.0,10.0,0.015015015015,0,1.11342750098,0.151139853954,5,850
844,1,5.46674243648,1.0,8.0,0.016016016016,0,0.0876630985371,0.203753140867,5,538
845,1,11.3449107016,4.0,15.0,0.016016016016,0,2.1438624411,-0.0866766216671,5,916
846,1,4.23417644282,3.0,6.0,0.015015015015,0,0.643911111955,-2.69755689305,5,463
847,1,8.17934175498,7.0,10.0,0.015015015015,0,1.35374050576,-0.88187976231,5,739
848,1,2.74342464577,2.0,5.0,0.016016016016,0,-1.2889093949,1.61015283048,5,330
849,1,-2.50402097289,,0.0,0.015015015015,1,-0.541606886263,-5.87920031411,5,51
850,1,7.9370609831,,9.0,0.017017017017,0,1.31098842484,-0.995904291402,5,532
851,1,1.79047052625,1.0,7.0,0.015015015015,0,-0.720531800076,-1.04793407352,5,326
852,1,5.83700463292,3.0,7.0,0.012012012012,0,0.903287191275,-1.87285694091,5,422
853,1,4.4061680257,1.0,7.0,0.018018018018,0,-0.421181665899,0.6697130234,5,292
854,1,-0.0494648138642,,3.0,0.016016016016,0,-1.2812907412,-1.20559259028,5,239
855,1,12.7805634327,8.0,17.0,0.018018018018,0,1.76363688749,2.48965277024,5,657
856,1,2.72930911198,,3.0,0.017017017017,0,-1.09155705921,1.00398028963,5,148
857,1,5.23224632403,4.0,12.0,0.017017017017,0,-0.0456105256762,0.369077901061,5,377
858,1,2.49135659917,0.0,6.0,0.016016016016,0,-0.485045241495,-1.05350767635,5,268
859,1,2.18021000453,2.0,7.0,0.019019019019,0,0.282114505544,-3.6661335121,5,278
860,1,-0.0921072876228,,0.0,0.017017017017,1,-0.563441497078,-3.40178279639,5,25
861,1,4.39667493425,,10.0,0.016016016016,0,-0.274730399272,0.220866132062,5,371
862,1,2.94792909403,1.0,12.0,0.015015015015,0,0.517726515689,-3.60525045304,5,400
863,1,2.68039541392,1.0,6.0,0.017017017017,0,0.0530670742663,-2.47880580888,5,236
864,1,-1.90439342804,,1.0,0.016016016016,0,-1.54871206764,-2.25825722511,5,79
865,1,5.77490177797,1.0,6.0,0.018018018018,0,0.472285165989,-0.641953719993,5,198
866,1,4.85598853739,1.0,18.0,0.018018018018,0,0.581182759003,-1.88755973961,5,710
867,1,9.44581446224,8.0,12.0,0.016016016016,0,1.53825032328,-0.168936507605,5,341
868,1,11.9151935916,10.0,12.0,0.013013013013,0,0.966494163505,4.01571110104,5,514
869,1,1.96065994515,0.0,8.0,0.017017017017,0,-0.360370454311,-1.95822869192,5,136
870,1,5.36686922022,5.0,7.0,0.016016016016,0,0.466432870104,-1.03242939009,5,248
871,1,2.8724165245,1.0,5.0,0.017017017017,0,-0.492021288053,-0.651519611337,5,106
872,1,1.45056650289,,4.0,0.015015015015,0,-0.890842927594,-0.876904714324,5,82
873,1,3.74915784716,,4.0,0.016016016016,0,-0.0459918773876,-1.11286652067,5,88
874,1,-0.763316636862,,0.0,0.015015015015,1,-2.20517358652,0.852204122713,5,43
875,1,-2.8334893024,,1.0,0.016016016016,0,-1.23025861139,-4.14271346823,5,64
876,1,-2.13270089233,,2.0,0.015015015015,0,-1.58863601812,-2.36679283798,5,76
877,1,2.52817440625,,5.0,0.014014014014,0,-0.486280746353,-1.01298335469,5,109
878,1,2.77639113858,0.0,13.0,0.016016016016,0,-1.40612568499,1.99476819354,5,435
879,1,1.78128561127,,6.0,0.015015015015,0,-0.701733359112,-1.11351431139,5,115
880,1,6.97937719125,2.0,9.0,0.016016016016,0,1.49790628895,-2.5143416756,5,205
881,1,4.62167881676,4.0,5.0,0.013013013013,1,-0.776399657907,1.95087779048,5,177
882,1,10.6928224396,9.0,14.0,0.016016016016,0,1.41325119752,1.453068847,5,750
883,1,4.94170239592,2.0,16.0,0.017017017017,0,0.179979757851,-0.59823687763,5,767
884,1,3.4529946603,2.0,13.0,0.015015015015,0,-0.823375536369,0.923121269407,5,808
885,1,1.41188225212,0.0,2.0,0.015015015015,0,-0.562161228682,-1.90163406183,5,129
886,1,1.32126157148,0.0,3.0,0.015015015015,0,-0.907261789826,-0.956953059041,5,203
887,1,4.7306003303,0.0,7.0,0.014014014014,0,-0.209051844814,0.357755864738,5,328
888,1,0.84005193267,0.0,5.0,0.016016016016,0,-0.684745189248,-2.10571249959,5,233
889,1,9.39058529487,0.0,11.0,0.017017017017,0,0.536633609914,2.78068446512,5,697
890,1,7.68672991091,1.0,14.0,0.017017017017,0,0.201423421251,2.08245964716,5,737
891,1,2.3792172631,2.0,5.0,0.013013013013,0,0.0827520564341,-2.8690389062,5,275
892,1,10.7522079734,10.0,11.0,0.016016016016,1,2.84104553933,-2.77092864456,5,620
893,1,3.53798875958,0.0,4.0,0.016016016016,0,-0.584207358777,0.290610835914,5,237
894,1,2.31398031749,0.0,5.0,0.017017017017,0,0.477019233404,-4.11707738273,5,288
895,1,2.61698841087,0.0,9.0,0.017017017017,0,-0.554249169071,-0.720264081918,5,378
896,1,4.39435038664,2.0,11.0,0.014014014014,0,-0.791030595545,1.76744217327,5,587
897,1,6.56511952767,1.0,7.0,0.018018018018,0,0.110379101352,1.23398222361,5,318
898,1,10.7077799122,10.0,12.0,0.015015015015,0,0.883869004909,3.0561728975,5,680
899,1,2.30971541372,2.0,3.0,0.015015015015,1,-1.1526828959,0.767764101409,5,232
900,1,3.08934974252,2.0,5.0,0.015015015015,0,-1.52559346201,2.66613012855,5,243
901,1,-1.48289804477,,11.0,0.017017017017,0,-1.43587736724,-2.17526594304,5,494
902,1,4.92421511386,2.0,17.0,0.017017017017,0,-0.465979620805,1.32215397628,5,785
903,1,3.01185476264,2.0,6.0,0.015015015015,0,-0.978609651311,0.947683716568,5,251
904,1,3.48921460016,3.0,4.0,0.015015015015,1,-0.113345090259,-1.17075012907,5,200
905,1,-6.6730198415,,0.0,0.016016016016,1,-2.084396123,-5.41983147249,5,72
906,1,3.07115744934,,10.0,0.015015015015,0,-0.807886177292,0.494815981219,5,568
907,1,-0.920978956008,,1.0,0.016016016016,0,-1.50898171484,-1.39403381148,5,84
908,1,7.38350700096,5.0,15.0,0.016016016016,0,1.3579236144,-1.69026384224,5,635
909,1,3.1980730757,0.0,7.0,0.019019019019,0,-1.19238862585,1.77523895324,5,211
910,1,5.14701085321,0.0,7.0,0.017017017017,0,0.888110124125,-2.51731951916,5,189
911,1,6.89339373419,6.0,13.0,0.014014014014,0,1.0922989812,-1.38350320942,5,632
912,1,8.52883874252,3.0,12.0,0.019019019019,0,1.64659372009,-1.41094241775,5,357
913,1,4.27770795494,3.0,5.0,0.016016016016,0,1.05740292372,-3.89450081621,5,156
914,1,5.27734451188,0.0,14.0,0.016016016016,0,-0.311707101141,1.21246581531,5,554
915,1,-0.520412566494,,2.0,0.017017017017,0,-2.30215638404,1.38605658564,5,151
916,1,1.84171434726,0.0,2.0,0.016016016016,0,-1.39829554383,1.03660097876,5,152
917,1,3.24024028104,1.0,7.0,0.017017017017,0,0.804161927725,-4.17224550214,5,249
918,1,2.68182131778,,12.0,0.016016016016,0,0.52279739457,-3.88657086593,5,350
919,1,-1.46426371504,,0.0,0.014014014014,1,-0.950950082185,-3.61141346849,5,119
920,1,0.185817955687,0.0,5.0,0.015015015015,0,-1.95143645087,1.0401273083,5,209
921,1,7.91630870241,6.0,9.0,0.014014014014,0,0.527656993195,1.33333772282,5,334
922,1,1.33087784043,0.0,7.0,0.017017017017,0,-1.02363960386,-0.598203347979,5,264
923,1,4.80895766673,0.0,15.0,0.015015015015,0,0.0544208408755,-0.354304855894,5,774
924,1,7.04060822411,4.0,8.0,0.015015015015,0,0.659582721367,0.0618600600105,5,277
925,1,0.522716861289,0.0,1.0,0.014014014014,1,-1.42257952655,-0.209544559069,5,146
926,1,4.06359727304,3.0,5.0,0.015015015015,0,-0.342794140064,0.091979693232,5,263
927,1,12.9444457831,12.0,14.0,0.015015015015,0,1.9076805397,2.22140416401,5,763
928,1,8.89093490943,8.0,13.0,0.017017017017,0,0.580958521133,2.14805934603,5,643
929,1,8.40386229707,8.0,11.0,0.013013013013,0,0.803189505707,0.994293779945,5,688
930,1,3.7186723013,3.0,6.0,0.014014014014,0,-0.839100323428,1.23597327158,5,294
931,1,0.956812608576,0.0,2.0,0.016016016016,0,-1.45559950098,0.323611111522,5,187
932,1,0.231962005997,,7.0,0.016016016016,0,-0.599293379239,-2.97015785628,5,338
933,1,-1.4640237464,,0.0,0.016016016016,1,-1.99426767311,-0.481220727054,5,145
934,1,7.82440228938,7.0,10.0,0.016016016016,0,-0.320963319047,3.78729224652,5,659
935,1,0.376276409491,0.0,3.0,0.017017017017,0,-1.65414370402,0.338707521559,5,219
936,1,4.01372201581,4.0,6.0,0.016016016016,0,-0.393555541918,0.194388641568,5,374
937,1,7.2517008652,6.0,11.0,0.017017017017,0,0.123025636466,1.8826239558,5,661
938,1,12.663048304,8.0,13.0,0.015015015015,0,2.26842613003,0.857769913886,5,676
939,1,6.81205198412,5.0,8.0,0.015015015015,0,-0.536345335051,3.42108798927,5,466
940,1,5.71101007321,2.0,8.0,0.017017017017,0,-0.352114513217,1.76735361286,5,454
941,1,-0.696899778034,,8.0,0.015015015015,0,-1.29757728946,-1.80416790965,5,572
942,1,5.01754974833,1.0,15.0,0.018018018018,0,-0.409530646839,1.24614168885,5,700
943,1,-0.527875035947,,0.0,0.014014014014,1,-1.6073062554,-0.705956269744,5,50
944,1,4.48201405043,4.0,8.0,0.018018018018,0,-0.225379278646,0.158151886365,5,518
945,1,2.80573068281,2.0,8.0,0.016016016016,0,-0.489701468397,-0.725164912,5,548
946,1,3.9095013065,2.0,17.0,0.017017017017,0,-0.671544529634,0.924134895401,5,814
947,1,6.92855680712,3.0,12.0,0.013013013013,0,1.69714141706,-3.16286744406,5,824
948,1,6.35117730908,3.0,12.0,0.016016016016,0,0.458370711969,-0.0239348268268,5,592
949,1,4.52676349768,4.0,5.0,0.016016016016,1,-0.334617586508,0.530616257204,5,365
950,1,9.08131128599,4.0,11.0,0.016016016016,0,1.42602471167,-0.196762849016,5,589
951,1,1.54173693459,1.0,5.0,0.017017017017,0,-1.1543912031,0.00491054387976,5,87
952,1,5.21939544198,5.0,6.0,0.017017017017,1,0.367688395837,-0.883669745526,5,323
953,1,6.30550580328,6.0,10.0,0.019019019019,0,1.47646867493,-3.12390022152,5,448
954,1,2.94896458875,,16.0,0.017017017017,0,-0.886395276272,0.608150417566,5,837
955,1,3.37206767926,3.0,5.0,0.018018018018,0,-0.386754452366,-0.467668963648,5,244
956,1,6.80538908514,,9.0,0.017017017017,0,-0.278822480518,2.64185652669,5,474
957,1,-1.85138833941,,0.0,0.016016016016,1,-1.40093590317,-2.6485806299,5,14
958,1,4.72765730277,4.0,6.0,0.015015015015,0,0.257821631161,-1.04580759072,5,188
959,1,1.46359186806,,2.0,0.016016016016,0,-0.396024534339,-2.34833452892,5,20
960,1,0.232826187293,,2.0,0.015015015015,0,-0.891530887343,-2.09258115068,5,141
961,1,9.45843835256,9.0,10.0,0.016016016016,1,0.835986166882,1.95047985192,5,798
962,1,11.8689856277,8.0,13.0,0.014014014014,0,1.93614819514,1.06054104229,5,915
963,1,5.42220587523,4.0,7.0,0.015015015015,0,0.0459624149401,0.284318630414,5,312
964,1,10.3006890217,9.0,15.0,0.016016016016,0,0.228880573908,4.61404730001,5,920
965,1,-0.615036716324,,1.0,0.017017017017,0,-1.10539719153,-2.29884514175,5,16
966,1,5.46460603423,5.0,8.0,0.016016016016,0,-0.151240220528,0.918326695812,5,860
967,1,7.42676805207,7.0,14.0,0.015015015015,0,1.13591037399,-0.980963069894,5,949
968,1,6.6939795023,6.0,11.0,0.018018018018,0,0.103369640703,1.38387058019,5,906
969,1,7.02845765717,5.0,11.0,0.016016016016,0,0.38448402039,0.875005596004,5,908
970,1,3.89502663646,3.0,9.0,0.017017017017,0,-0.208434719708,-0.479669204415,5,904
971,1,2.41751208978,2.0,3.0,0.015015015015,1,-1.50290999119,1.92624206335,5,854
972,1,2.77265274038,2.0,5.0,0.016016016016,0,-0.8873584024,0.43472794758,5,886
973,1,6.74294584331,6.0,7.0,0.017017017017,1,0.825253679292,-0.732815194562,5,787
974,1,8.65319570665,5.0,11.0,0.014014014014,0,1.31500130784,-0.291808216867,5,951
975,1,1.46247176523,1.0,4.0,0.016016016016,0,-1.72253356572,1.63007246239,5,896
976,1,7.27199466071,4.0,14.0,0.018018018018,0,0.612079920648,0.435754898765,5,944
977,1,8.93019002814,4.0,12.0,0.015015015015,0,1.36463452234,-0.163713538867,5,966
978,1,5.85807559084,5.0,6.0,0.02002002002,1,-0.390411506744,2.02931011107,5,880
979,1,8.62193543603,6.0,19.0,0.019019019019,0,0.507784984921,2.09858048127,5,986
980,1,2.52032298867,1.0,4.0,0.016016016016,0,0.21130698264,-3.11359795925,5,909
981,1,4.41172849343,4.0,7.0,0.016016016016,0,0.155022846633,-1.05334004647,5,918
982,1,11.2047605199,3.0,15.0,0.016016016016,0,1.47169045992,1.78968914018,5,972
983,1,6.16455392325,2.0,10.0,0.016016016016,0,0.511063501526,-0.368636581332,5,933
984,1,7.73474782656,2.0,10.0,0.015015015015,0,-0.467557346084,4.13741986481,5,940
985,1,3.9339053737,3.0,14.0,0.017017017017,0,0.545116417447,-2.70144387864,5,971
986,1,6.30633951965,3.0,11.0,0.017017017017,0,0.0212523952206,1.24258233399,5,928
987,1,4.00756723649,1.0,8.0,0.015015015015,0,0.280429519566,-1.83372132221,5,919
988,1,1.731970906,,2.0,0.017017017017,0,-0.0499853835471,-3.11807294336,5,370
989,1,5.72156149108,2.0,7.0,0.016016016016,0,0.683001368929,-1.32744261571,5,897
990,1,5.20356958091,3.0,8.0,0.015015015015,0,0.302757176426,-0.70470194837,5,887
991,1,10.9968929848,8.0,18.0,0.018018018018,0,0.568788867652,4.29052638186,5,976
992,1,5.34299222036,5.0,6.0,0.017017017017,1,0.00641446276845,0.323748832053,5,846
993,1,3.94663865524,2.0,4.0,0.017017017017,0,-0.801432083589,1.35093490601,5,679
994,1,11.2594602558,6.0,13.0,0.015015015015,0,1.12544240432,2.88313304282,5,925
995,1,6.25619833746,1.0,9.0,0.014014014014,0,0.791641060455,-1.1187248439,5,863
996,1,8.50809778796,6.0,9.0,0.015015015015,0,0.172261996741,2.99131179774,5,840
997,1,5.96829451778,3.0,6.0,0.017017017017,0,0.0339092664193,0.866566718524,5,788
998,1,4.46257024301,4.0,7.0,0.015015015015,0,0.859869771052,-3.11703907014,5,802
999,1,6.1835598662,4.0,11.0,0.016016016016,0,-0.418503144706,2.43906930032,5,862
