name,activated,threshold,before_activation_alters,after_activation_alters,degree,observed,var1,epsilon,constant,activation_order
0,1,0.683413532619,,1,0.015015015015,0,-1.66811532502,0.687759507674,5,67
1,1,5.78344573767,5.0,13,0.016016016016,0,0.141920847999,0.357683193677,5,438
2,1,4.65312844652,4.0,6,0.015015015015,0,-0.0796048495532,-0.108057004819,5,346
3,1,5.36210765949,3.0,9,0.016016016016,0,-0.389879761069,1.5317469427,5,379
4,1,1.81038443881,,3,0.015015015015,0,-1.45151457281,1.16492815725,5,246
5,1,4.73819866223,3.0,6,0.017017017017,0,0.266837789862,-1.06231470735,5,355
6,1,4.35363301256,2.0,8,0.017017017017,0,-0.171626907002,-0.13148626644,5,386
7,1,7.76840904661,3.0,13,0.016016016016,0,1.07759296555,-0.464369850043,5,570
8,1,2.44204636001,2.0,4,0.018018018018,0,-1.09448663788,0.725506273642,5,309
9,1,0.383680700456,,1,0.016016016016,0,-1.24446447322,-0.882925879899,5,57
10,1,5.43619895668,5.0,9,0.016016016016,0,0.00603473855481,0.418094741015,5,530
11,1,7.06642093689,5.0,11,0.016016016016,0,0.754752583719,-0.197836814267,5,580
12,1,7.51992195796,6.0,8,0.016016016016,0,1.15505140562,-0.945232258909,5,506
13,1,5.90933921293,4.0,13,0.015015015015,0,0.507044781582,-0.611795131812,5,593
14,1,10.7734652207,0.0,12,0.014014014014,0,1.71201772644,0.637412041425,5,678
15,1,5.65053029229,2.0,7,0.016016016016,0,0.232909983931,-0.0481996595028,5,550
16,1,3.33244227095,3.0,4,0.02002002002,1,-0.610900031982,0.165142366894,5,485
17,1,6.22460102912,6.0,8,0.015015015015,0,0.553572433022,-0.436116269943,5,588
18,1,8.23865140486,7.0,16,0.017017017017,0,1.02649118276,0.159177856587,5,764
19,1,9.60381999868,8.0,13,0.016016016016,0,1.72913069717,-0.583572092833,5,649
20,1,2.46103479592,2.0,3,0.019019019019,1,-0.402514934258,-1.3314204013,5,358
21,1,4.39602808488,4.0,5,0.016016016016,1,-0.146190634958,-0.165400010249,5,498
22,1,8.80797525755,6.0,10,0.017017017017,0,1.53797330061,-0.80594464427,5,590
23,1,5.05462129543,3.0,15,0.016016016016,0,0.650685723734,-1.89743587577,5,690
24,1,8.80559423708,7.0,13,0.014014014014,0,1.74459732498,-1.42819773786,5,776
25,1,0.738946993055,0.0,2,0.015015015015,0,-1.14685018336,-0.820502456867,5,210
26,1,3.95684414427,2.0,13,0.017017017017,0,-0.806913223481,1.37758381472,5,639
27,1,8.19876100816,7.0,9,0.016016016016,0,0.896654033785,0.508798906807,5,411
28,1,3.31695821071,0.0,4,0.015015015015,0,-0.360167378289,-0.602539654424,5,232
29,1,6.05576329543,6.0,8,0.013013013013,0,0.398116979058,-0.138587641742,5,372
30,1,9.08625392735,3.0,10,0.015015015015,0,1.36424307004,-0.00647528276631,5,335
31,1,0.772924373966,0.0,3,0.016016016016,0,-1.42471475128,0.0470686278047,5,168
32,1,0.458070109583,0.0,1,0.016016016016,1,-1.53376975411,0.0593793719235,5,143
33,1,2.62625582894,1.0,3,0.016016016016,0,-0.321398412257,-1.40954893429,5,148
34,1,6.49415571759,3.0,8,0.016016016016,0,0.218367201603,0.839054112777,5,267
35,1,7.25104734274,7.0,11,0.017017017017,0,0.731315758365,0.0571000676419,5,315
36,1,5.07645323761,5.0,12,0.016016016016,0,0.149389713877,-0.371715904022,5,330
37,1,2.71961688396,1.0,6,0.016016016016,0,-0.92727950552,0.501455400522,5,188
38,1,-0.877218556026,,1,0.016016016016,0,-1.95158502429,-0.0224634831662,5,140
39,1,7.50277742404,7.0,8,0.014014014014,1,1.06715555758,-0.698689248709,5,272
40,1,6.37878462123,6.0,7,0.015015015015,1,0.0219396588254,1.31296564475,5,257
41,1,-2.39697434836,,0,0.014014014014,1,-2.08740310239,-1.13476504117,5,12
42,1,5.50083850586,3.0,13,0.017017017017,0,-0.0469878387547,0.641802022122,5,342
43,1,8.12431604992,8.0,11,0.016016016016,0,1.09829635032,-0.170573001033,5,313
44,1,3.99674082798,2.0,4,0.019019019019,0,-0.491030530949,0.469832420832,5,149
45,1,5.29392510382,5.0,7,0.018018018018,0,0.291868432511,-0.581680193716,5,201
46,1,1.82783229654,0.0,2,0.016016016016,0,-0.890735448491,-0.499961357989,5,44
47,1,7.0925289537,5.0,18,0.018018018018,0,0.185096109598,1.53724062491,5,440
48,1,6.28673199051,5.0,10,0.016016016016,0,0.55759778188,-0.386061355133,5,268
49,1,9.47389358418,9.0,14,0.015015015015,0,1.07594212292,1.24606721541,5,338
50,1,6.92117532387,6.0,8,0.017017017017,0,0.874957734126,-0.703697878513,5,181
51,1,9.16343237496,7.0,12,0.016016016016,0,1.25291843758,0.404677062213,5,212
52,1,5.30418842335,,6,0.018018018018,0,0.213285000666,-0.335666578651,5,82
53,1,4.40981292377,4.0,7,0.016016016016,0,-0.2637796614,0.20115190797,5,93
54,1,-1.34072641919,,1,0.014014014014,0,-2.05123815237,-0.187011962086,5,11
55,1,6.6773812636,,10,0.016016016016,0,0.348637525952,0.631468685743,5,189
56,1,-1.00183259829,,2,0.017017017017,0,-2.04608017738,0.136407933864,5,58
57,1,5.09437524391,3.0,6,0.016016016016,0,0.125860154084,-0.283205218347,5,84
58,1,5.84682191328,4.0,10,0.015015015015,0,0.0427681194266,0.718517554999,5,132
59,1,0.853200225211,,3,0.018018018018,0,-0.994287851341,-1.16393622077,5,18
60,1,-3.33290453196,,0,0.015015015015,1,-2.83060537573,0.158911595234,5,2
61,1,7.85940518736,4.0,8,0.016016016016,0,0.271428065838,2.04512098985,5,127
62,1,2.98011911178,,6,0.015015015015,0,-0.38926034401,-0.852099856189,5,65
63,1,3.14117812025,3.0,6,0.014014014014,0,-0.487190742415,-0.397249652505,5,96
64,1,5.09962297032,2.0,8,0.015015015015,0,-0.295606662602,0.986442958126,5,135
65,1,4.56210159453,1.0,5,0.018018018018,0,0.253704189078,-1.1990109727,5,85
66,1,3.98591425185,3.0,10,0.016016016016,0,-0.175476688481,-0.487655682706,5,247
67,1,1.57201652018,,2,0.019019019019,0,-1.35373751629,0.633229069041,5,16
68,1,3.73654448578,2.0,5,0.014014014014,0,-0.621403067375,0.600753687907,5,136
69,1,8.16968639906,8.0,10,0.015015015015,0,0.713582550858,1.02893874649,5,449
70,1,4.41451377745,4.0,7,0.017017017017,0,-0.554985206307,1.07946939637,5,360
71,1,6.26879533045,6.0,17,0.019019019019,0,-0.0646393113334,1.46271326445,5,691
72,1,8.01736652845,6.0,10,0.017017017017,0,0.824695499275,0.543280030627,5,493
73,1,7.10109386052,7.0,8,0.019019019019,1,0.539599134746,0.48229645628,5,418
74,1,6.43799713266,6.0,15,0.016016016016,0,0.164397450502,0.944804781151,5,773
75,1,11.4689273578,10.0,12,0.016016016016,0,1.32919756324,2.48133466806,5,674
76,1,1.09429090625,1.0,2,0.017017017017,1,-1.09722151278,-0.614044555412,5,414
77,1,4.12258430395,3.0,14,0.016016016016,0,-0.582587311337,0.870346237961,5,781
78,1,2.19722506314,0.0,3,0.016016016016,0,-0.444349396193,-1.46972674828,5,479
79,1,5.47285164861,4.0,8,0.016016016016,0,0.636164015109,-1.43564039672,5,576
80,1,3.88976733844,3.0,6,0.015015015015,0,0.157514745776,-1.58277689889,5,546
81,1,5.51910684516,2.0,6,0.016016016016,0,0.212946170894,-0.119731667524,5,555
82,1,5.13857490136,4.0,10,0.017017017017,0,-0.0419433965724,0.264405091075,5,643
83,1,5.02880375175,2.0,9,0.017017017017,0,0.23574390814,-0.678427972672,5,602
84,1,7.12689475887,5.0,14,0.016016016016,0,0.616122874633,0.278526134967,5,822
85,1,2.78518129705,2.0,15,0.015015015015,0,-0.477723225033,-0.781649027854,5,910
86,1,7.03136073409,4.0,8,0.017017017017,0,0.805414865593,-0.384883862693,5,627
87,1,-2.24130635606,,2,0.016016016016,0,-1.85431136352,-1.67837226551,5,63
88,1,3.90436160683,3.0,4,0.015015015015,1,-0.462674377445,0.292384739166,5,436
89,1,10.0914479276,8.0,11,0.016016016016,0,1.49728175158,0.599602672866,5,831
90,1,7.06582324608,7.0,8,0.015015015015,1,0.528438525402,0.480507669873,5,753
91,1,-1.87187819165,,0,0.016016016016,1,-2.16691445935,-0.371134813602,5,52
92,1,2.24914437151,2.0,4,0.015015015015,0,-1.04285277724,0.377702703225,5,684
93,1,6.41761431006,3.0,10,0.017017017017,0,0.637448254226,-0.494730452621,5,840
94,1,10.543988646,9.0,13,0.015015015015,0,1.20121867067,1.94033263396,5,889
95,1,9.72581077586,5.0,11,0.015015015015,0,1.19264119325,1.14788719611,5,871
96,1,10.41881568,8.0,13,0.016016016016,0,1.71161237965,0.28397854106,5,884
97,1,2.54670191396,2.0,3,0.014014014014,1,-0.335607793228,-1.44647470635,5,671
98,1,10.3593498978,3.0,11,0.018018018018,0,1.32773867133,1.37613388377,5,770
99,1,10.6794140698,6.0,16,0.017017017017,0,1.52732853956,1.09742845107,5,953
100,1,8.40770001841,7.0,9,0.016016016016,0,1.08820541183,0.143083782925,5,864
101,1,6.13119971501,4.0,17,0.017017017017,0,0.0313704211795,1.03708845147,5,971
102,1,-1.28608409731,,0,0.015015015015,1,-1.98170714614,-0.340962658892,5,83
103,1,6.27932227366,3.0,7,0.017017017017,0,0.574160710857,-0.443159858913,5,818
104,1,2.84883727812,1.0,3,0.017017017017,0,-0.235870398818,-1.44355152543,5,607
105,1,6.18549921199,3.0,9,0.014014014014,0,0.371693104514,0.0704198984476,5,925
106,1,2.19840053473,2.0,4,0.014014014014,0,-1.16922409916,0.706072832216,5,744
107,1,2.89015135015,2.0,3,0.016016016016,1,-0.709410010297,0.0183813810391,5,552
108,1,3.84893375206,1.0,5,0.015015015015,0,-0.429980192393,0.138874329239,5,887
109,1,8.3087537154,8.0,12,0.015015015015,0,1.07064871148,0.0968075809777,5,963
110,1,6.18381640808,5.0,7,0.015015015015,0,0.206016380717,0.565767265933,5,920
111,1,3.02223541113,2.0,9,0.017017017017,0,-0.0309873193486,-1.88480263083,5,936
112,1,4.98706304604,4.0,13,0.016016016016,0,-0.149639317366,0.435980998139,5,976
113,1,3.5250072117,3.0,4,0.017017017017,1,-0.467614647081,-0.0721488470539,5,913
114,1,0.944389497578,0.0,10,0.014014014014,0,-1.04921066431,-0.907978509478,5,965
115,1,4.11540038969,1.0,17,0.018018018018,0,-0.264237917426,-0.0918858580359,5,985
116,1,6.55540422914,2.0,7,0.017017017017,0,0.761169734254,-0.728104973622,5,931
117,1,6.5156886471,6.0,8,0.016016016016,0,0.258962529844,0.738801057566,5,942
118,1,13.6996363527,4.0,15,0.017017017017,0,2.71662277545,0.549768026366,5,984
119,1,5.38543189791,3.0,15,0.015015015015,0,-0.0960212396597,0.673495616892,5,988
120,1,7.08845593024,5.0,12,0.016016016016,0,0.761246709013,-0.195284196802,5,968
121,1,8.50430617417,5.0,10,0.017017017017,0,1.53984355178,-1.11522448118,5,927
122,1,6.78328305971,6.0,11,0.017017017017,0,0.518216691707,0.228632984588,5,946
123,1,6.23569062572,5.0,8,0.016016016016,0,-0.0475600478595,1.3783707693,5,907
124,1,1.04454911835,1.0,2,0.015015015015,1,-1.00909027911,-0.928180044321,5,311
125,1,4.90100366073,3.0,5,0.015015015015,0,-0.0612133097406,0.084643589947,5,725
126,1,2.57407329437,1.0,6,0.014014014014,0,-0.783646763893,-0.0749864139549,5,609
127,1,10.6929494711,5.0,14,0.016016016016,0,1.94400065955,-0.139052507599,5,899
128,1,7.07747803115,7.0,9,0.016016016016,0,0.586267959505,0.318674152633,5,782
129,1,1.79958068397,1.0,3,0.017017017017,0,-1.49884115533,1.29610414994,5,332
130,1,10.0132776417,9.0,11,0.016016016016,0,1.55814473001,0.338843451706,5,793
131,1,4.63475864971,3.0,6,0.017017017017,0,-0.374563625797,0.758449527105,5,472
132,1,1.77531378348,1.0,2,0.017017017017,1,-0.882101397674,-0.578382023501,5,245
133,1,5.69144015149,4.0,7,0.016016016016,0,0.602076261425,-1.11478863278,5,538
134,1,5.40953099773,0.0,6,0.015015015015,0,0.11486608713,0.0649327363399,5,525
135,1,6.90587126002,4.0,11,0.014014014014,0,0.459222880374,0.528202618898,5,610
136,1,9.51085823953,9.0,16,0.016016016016,0,1.68360044558,-0.539943097222,5,878
137,1,3.37406523681,3.0,11,0.015015015015,0,-0.566244475861,0.0727986643903,5,573
138,1,1.66686853003,1.0,2,0.015015015015,1,-0.911228717476,-0.599445317537,5,444
139,1,5.85190133266,1.0,8,0.016016016016,0,0.435893729266,-0.455779855141,5,509
140,1,1.69333321857,1.0,3,0.015015015015,0,-0.189371380397,-2.73855264024,5,483
141,1,6.36007336084,2.0,15,0.016016016016,0,0.418944317165,0.103240409349,5,775
142,1,3.42331000347,0.0,8,0.015015015015,0,-0.947703574717,1.26642072762,5,551
143,1,5.59044453862,2.0,6,0.014014014014,0,-0.0180221852791,0.644511094453,5,521
144,1,6.75517903232,2.0,8,0.018018018018,0,0.658292663628,-0.219698958566,5,505
145,1,8.5828952547,2.0,11,0.019019019019,0,1.67422877723,-1.43979107698,5,513
146,1,0.558460215585,,2,0.017017017017,0,-1.58526130457,0.314244129287,5,430
147,1,2.67103977331,0.0,4,0.016016016016,0,-0.72178795373,-0.163596365497,5,496
148,1,2.37281927645,0.0,13,0.014014014014,0,-0.54387615972,-0.995552244391,5,682
149,1,4.38025334838,4.0,13,0.017017017017,0,-0.270121038601,0.190616464186,5,631
150,1,9.96309452899,2.0,15,0.018018018018,0,1.19318279849,1.38354613352,5,665
151,1,3.36422387976,3.0,10,0.015015015015,0,-0.730620952472,0.55608673718,5,534
152,1,7.33580476703,7.0,8,0.017017017017,1,0.704880367256,0.221163665262,5,504
153,1,12.4956869894,8.0,13,0.016016016016,0,2.10558136998,1.17894287946,5,606
154,1,3.82002871896,0.0,4,0.016016016016,0,0.397487365658,-2.37243337801,5,424
155,1,4.57472792844,1.0,6,0.017017017017,0,-0.0309649044534,-0.3323773582,5,425
156,1,5.94649753055,2.0,12,0.016016016016,0,0.173225000782,0.426822528208,5,566
157,1,3.78466327509,1.0,10,0.016016016016,0,-0.376088119888,-0.0870723652494,5,450
158,1,0.645782591304,0.0,2,0.015015015015,0,-1.31652694342,-0.404636578438,5,225
159,1,5.2713682516,3.0,6,0.016016016016,0,0.0232711618742,0.201554765976,5,273
160,1,5.57576946551,3.0,9,0.015015015015,0,0.179967960418,0.035865584254,5,391
161,1,4.03886552431,2.0,7,0.016016016016,0,-0.584303255754,0.791775291567,5,275
162,1,2.19357084788,2.0,9,0.014014014014,0,-0.750244523962,-0.555695580232,5,297
163,1,5.62889817355,,7,0.016016016016,0,0.428084917957,-0.655356580322,5,240
164,1,1.70380415657,1.0,8,0.017017017017,0,-1.47820670391,1.13842426832,5,258
165,1,2.587342302,0.0,3,0.014014014014,0,-0.836578727198,0.0970784835923,5,163
166,1,4.85925944674,1.0,5,0.016016016016,0,0.118318335543,-0.495695559893,5,182
167,1,5.92849315929,5.0,8,0.017017017017,0,0.214349084265,0.285445906491,5,197
168,1,2.14227867898,2.0,14,0.015015015015,0,-0.804059085787,-0.445544063658,5,301
169,1,3.76203637488,3.0,7,0.016016016016,0,-0.644031224267,0.694130047685,5,126
170,1,9.52780803148,5.0,10,0.017017017017,0,1.08430640616,1.27488881299,5,249
171,1,6.62395248064,5.0,7,0.017017017017,0,0.975042037643,-1.30117363229,5,156
172,1,3.87424471408,3.0,4,0.015015015015,1,-0.212579295722,-0.488017398758,5,103
173,1,5.81610028771,0.0,8,0.016016016016,0,0.17046533037,0.304704296603,5,124
174,1,6.22141247296,5.0,7,0.015015015015,0,0.257128815293,0.450026027084,5,105
175,1,0.723059867938,0.0,3,0.017017017017,0,-1.35110049055,-0.223638660423,5,45
176,1,-0.208511174225,,4,0.017017017017,0,-1.46366339764,-0.817520981296,5,55
177,1,1.30501730998,1.0,2,0.018018018018,1,-1.272487834,0.12248081199,5,37
178,1,5.52858308238,0.0,13,0.015015015015,0,-0.461751519477,1.91383764081,5,284
179,1,3.23234158624,2.0,12,0.017017017017,0,-0.240644168868,-1.04572590716,5,110
180,1,2.65136168976,1.0,8,0.017017017017,0,-0.69575989079,-0.261358637871,5,100
181,1,1.47417091932,0.0,2,0.015015015015,0,-1.1461688372,-0.0873225690656,5,26
182,1,2.34431017265,0.0,8,0.017017017017,0,-1.01669870414,0.394406285061,5,92
183,1,2.12140751465,,4,0.016016016016,0,-1.00532118775,0.13737107789,5,30
184,1,6.93216438864,1.0,12,0.015015015015,0,0.335798775724,0.924768061471,5,145
185,1,7.14365898143,,11,0.015015015015,0,0.0662036757387,1.94504795422,5,109
186,1,2.39376085698,,10,0.014014014014,0,-0.446612644658,-1.26640120905,5,97
187,1,-1.14201360407,,0,0.017017017017,1,-1.84303277111,-0.612915290745,5,13
188,1,2.5623993549,,7,0.017017017017,0,-0.749662410914,-0.188613412354,5,39
189,1,0.643224980516,,1,0.017017017017,0,-1.4575887946,0.0159913643304,5,23
190,1,-0.373087626942,,5,0.015015015015,0,-1.40104802914,-1.16994353952,5,32
191,1,2.82220741791,,7,0.016016016016,0,-1.01492860046,0.866993219288,5,35
192,1,0.0333604107919,,3,0.016016016016,0,-1.5558899267,-0.298969809103,5,21
193,1,7.27487626315,,8,0.016016016016,0,0.60458877958,0.461109924407,5,41
194,1,0.62895674901,,2,0.019019019019,0,-1.34314635098,-0.34160419805,5,20
195,1,0.22693585371,,13,0.017017017017,0,-2.0124937575,1.26441712621,5,122
196,1,8.26660787512,8.0,9,0.016016016016,1,1.08684249065,0.00608040317796,5,161
197,1,7.84512495318,,8,0.014014014014,0,0.987488315982,-0.117339994762,5,106
198,1,-0.281213054708,,0,0.016016016016,1,-1.81343783429,0.159100448149,5,5
199,1,8.24301647879,8.0,11,0.016016016016,0,1.4181479306,-1.01142731301,5,199
200,1,6.82180834862,6.0,9,0.017017017017,0,0.393201879327,0.642202710639,5,196
201,1,7.14040565785,6.0,13,0.017017017017,0,0.744498202102,-0.0930889484561,5,237
202,1,1.29691368575,,2,0.015015015015,0,-1.33924003085,0.314633778297,5,46
203,1,1.99037025645,0.0,2,0.015015015015,0,-0.608937073402,-1.18281852334,5,69
204,1,-0.564286373983,,6,0.013013013013,0,-2.05698514741,0.60666906826,5,184
205,1,7.00648740461,6.0,11,0.016016016016,0,0.804273286801,-0.406332455792,5,206
206,1,1.87311962676,,11,0.016016016016,0,-1.10893642982,0.199928916214,5,204
207,1,6.15295001461,5.0,11,0.016016016016,0,0.181096191565,0.609661439915,5,270
208,1,6.35442640048,,15,0.016016016016,0,0.258513567625,0.57888569761,5,337
209,1,3.64388549254,0.0,9,0.015015015015,0,-0.378755097602,-0.219849214654,5,98
210,1,13.4668135694,12.0,14,0.014014014014,0,2.55014694204,0.816372743249,5,455
211,1,-1.37382816328,,3,0.016016016016,0,-1.94890544478,-0.527111828953,5,54
212,1,0.317452017958,,1,0.016016016016,0,-1.76863956143,0.623370702251,5,24
213,1,1.59717035436,,3,0.016016016016,0,-1.17668419538,0.127222940497,5,60
214,1,-0.905483393669,,2,0.013013013013,0,-1.93325027248,-0.105732576234,5,48
215,1,-3.87809267371,,0,0.015015015015,1,-2.67011730826,-0.86774074893,5,22
216,1,6.47080995359,5.0,7,0.017017017017,0,0.346250223033,0.432059284491,5,88
217,1,2.26963174811,2.0,6,0.016016016016,0,-0.8051343049,-0.314965337191,5,95
218,1,5.55331316737,,6,0.016016016016,0,-0.0424250735092,0.680588387898,5,75
219,1,6.76290359952,6.0,16,0.016016016016,0,0.605549377595,-0.0537445332655,5,200
220,1,8.36141142286,,9,0.016016016016,0,1.09951658203,0.062861676778,5,133
221,1,9.88996145715,9.0,12,0.017017017017,0,1.1386157813,1.47411411324,5,174
222,1,10.4758796937,9.0,14,0.017017017017,0,1.86563688024,-0.12103094697,5,185
223,1,0.98341391719,0.0,3,0.015015015015,0,-1.06207766135,-0.830353098763,5,78
224,1,5.91009608072,,10,0.017017017017,0,0.0641073627199,0.717773992556,5,170
225,1,4.76034934511,2.0,8,0.018018018018,0,-0.13069553035,0.152435936161,5,142
226,1,-1.9906179392,,0,0.015015015015,1,-1.85750186144,-1.41811235489,5,31
227,1,2.80498139623,2.0,3,0.016016016016,1,-0.859686299445,0.384040294561,5,112
228,1,4.95650915399,1.0,14,0.016016016016,0,-0.0270049012308,0.0375238576808,5,215
229,1,5.26053185716,3.0,6,0.015015015015,0,0.411384102809,-0.973620451272,5,131
230,1,5.25662707429,5.0,8,0.016016016016,0,0.191908787884,-0.319099289364,5,139
231,1,8.58040921028,4.0,13,0.015015015015,0,1.28913332845,-0.286990775063,5,255
232,1,2.12997161301,0.0,6,0.015015015015,0,-0.692727089549,-0.791847118343,5,123
233,1,2.16405910561,2.0,4,0.017017017017,0,-0.636861058458,-0.925357719014,5,111
234,1,8.07010169608,3.0,9,0.016016016016,0,0.838059631504,0.555922801569,5,191
235,1,9.53056409968,8.0,11,0.014014014014,0,1.69239299449,-0.546614883798,5,219
236,1,5.90883747185,2.0,6,0.016016016016,0,0.49399669452,-0.573152611707,5,116
237,1,-2.980057007,,2,0.015015015015,0,-2.37804155442,-0.845932343729,5,49
238,1,5.35668421976,0.0,9,0.016016016016,0,0.107897481518,0.0329917752069,5,178
239,1,10.948208098,3.0,12,0.013013013013,0,2.01502256427,-0.0968595948433,5,392
240,1,0.844635459766,,1,0.018018018018,0,-1.28219307434,-0.308785317215,5,14
241,1,-0.386389686,,0,0.017017017017,1,-1.87400369903,0.235621411085,5,4
242,1,8.37370339843,8.0,12,0.017017017017,0,0.956709750092,0.50357414815,5,250
243,1,2.66288415466,0.0,4,0.018018018018,0,-0.819849940143,0.122433975088,5,90
244,1,3.60168468832,3.0,4,0.014014014014,1,-0.496000011581,0.0896847230605,5,104
245,1,5.55803045517,5.0,7,0.016016016016,0,0.210353100557,-0.0730288465013,5,202
246,1,7.13604189252,4.0,12,0.014014014014,0,1.11971851917,-1.22311366499,5,308
247,1,3.66114283309,2.0,9,0.015015015015,0,-0.630667191086,0.553144406351,5,252
248,1,9.01032436046,5.0,12,0.019019019019,0,1.50354848525,-0.500321095305,5,288
249,1,1.37996787536,1.0,2,0.015015015015,1,-0.849109666829,-1.07270312415,5,99
250,1,5.62462420813,4.0,10,0.015015015015,0,0.101059605865,0.321445390538,5,291
251,1,3.4568493404,0.0,5,0.016016016016,0,0.0361260990523,-1.65152895675,5,236
252,1,3.11295550772,3.0,4,0.018018018018,1,-0.957616840801,0.985806030124,5,195
253,1,5.7050084951,0.0,6,0.015015015015,0,0.405884688911,-0.512645571635,5,276
254,1,3.0682117192,3.0,5,0.017017017017,0,-0.330194676772,-0.94120425048,5,271
255,1,5.73538220131,1.0,11,0.016016016016,0,0.419659334008,-0.523595800713,5,348
256,1,5.19939143838,4.0,12,0.016016016016,0,0.264015835805,-0.592656069037,5,344
257,1,7.57752428566,7.0,9,0.014014014014,0,0.489622457715,1.10865691252,5,389
258,1,7.31203431935,3.0,16,0.017017017017,0,0.655281314315,0.346190376402,5,473
259,1,1.75846367989,0.0,7,0.016016016016,0,-1.37551489918,0.88500837743,5,328
260,1,5.02397550572,5.0,14,0.016016016016,0,0.319286541554,-0.933884118941,5,447
261,1,1.11808230588,0.0,2,0.014014014014,0,-0.929766221553,-1.09261902946,5,259
262,1,6.49864370387,1.0,11,0.016016016016,0,0.312774954975,0.560318838944,5,381
263,1,0.702356709336,,1,0.013013013013,0,-1.3377715587,-0.284328614567,5,228
264,1,9.10007347065,7.0,12,0.015015015015,0,1.38536208452,-0.0560127829097,5,427
265,1,6.68685338345,2.0,8,0.015015015015,0,0.525845864733,0.109315789253,5,364
266,1,4.76924181345,2.0,5,0.017017017017,0,-0.0895540168906,0.0379038641173,5,230
267,1,7.86331078872,7.0,9,0.015015015015,0,0.656578510551,0.893575257063,5,310
268,1,5.6543784016,4.0,10,0.013013013013,0,-0.118300089217,1.00927866925,5,383
269,1,3.27533824087,3.0,8,0.015015015015,0,-0.273167822896,-0.905158290442,5,279
270,1,4.12950497179,3.0,5,0.017017017017,0,-0.328837999898,0.116018971486,5,229
271,1,2.99388385369,0.0,4,0.018018018018,0,-0.398013929983,-0.812074356356,5,226
272,1,3.84453117029,,8,0.015015015015,0,-0.434698751241,0.148627424015,5,307
273,1,4.78891973986,4.0,9,0.016016016016,0,-0.112352705698,0.125977856959,5,306
274,1,-0.932637585509,,2,0.018018018018,0,-1.96952066951,-0.0240755769892,5,101
275,1,0.173144997039,0.0,1,0.016016016016,1,-1.14365200047,-1.39589900154,5,80
276,1,11.6871139449,11.0,16,0.016016016016,0,1.8700299215,1.07702418038,5,861
277,1,-0.449207651567,,0,0.016016016016,1,-1.74035338352,-0.228147500998,5,53
278,1,12.2501282534,11.0,15,0.017017017017,0,1.98308904793,1.30086110963,5,434
279,1,2.98928136454,2.0,3,0.016016016016,1,-0.31452711413,-1.06713729307,5,125
280,1,7.00199245953,7.0,10,0.015015015015,0,0.834210012555,-0.500637578135,5,366
281,1,5.16374002029,5.0,7,0.018018018018,0,0.154557681563,-0.2999330244,5,205
282,1,2.56428283936,0.0,5,0.015015015015,0,-0.801836877119,-0.0302065292788,5,223
283,1,4.46916380182,4.0,8,0.015015015015,0,-0.701419134489,1.57342120529,5,261
284,1,2.49876969244,2.0,4,0.016016016016,0,-0.966835913803,0.399277433847,5,173
285,1,6.62594596218,2.0,8,0.018018018018,0,0.589100515082,-0.141355583064,5,290
286,1,3.75094193664,3.0,4,0.015015015015,1,-0.576026169195,0.479020444224,5,238
287,1,0.254672737038,0.0,1,0.016016016016,1,-1.42209637893,-0.479038126176,5,159
288,1,9.9288429094,7.0,14,0.017017017017,0,1.40042867615,0.727556880944,5,516
289,1,3.89920169324,2.0,6,0.014014014014,0,-0.118813795232,-0.74435692106,5,323
290,1,5.30599898152,5.0,7,0.014014014014,0,0.040291484888,0.185124526859,5,377
291,1,4.53720500778,3.0,5,0.016016016016,0,0.715962239532,-2.61068171082,5,356
292,1,7.3412903889,3.0,8,0.016016016016,0,0.459416725818,0.96304021145,5,401
293,1,10.6181508674,9.0,15,0.015015015015,0,1.76342525047,0.327875116041,5,711
294,1,2.22579453079,2.0,3,0.016016016016,1,-0.885164260187,-0.118712688647,5,361
295,1,4.59391266848,2.0,10,0.015015015015,0,-0.0929574340493,-0.127215029368,5,480
296,1,10.8007295589,2.0,12,0.016016016016,0,1.9212184386,0.0370742431607,5,482
297,1,5.5215770706,4.0,10,0.017017017017,0,0.586550397334,-1.2380741214,5,422
298,1,6.56672223138,0.0,7,0.017017017017,0,0.58812269407,-0.197645850831,5,405
299,1,8.73691398795,7.0,12,0.015015015015,0,0.99555723583,0.750242280463,5,664
300,1,3.97925627527,2.0,13,0.015015015015,0,-0.59717001681,0.770766325702,5,578
301,1,7.47447769074,1.0,8,0.016016016016,0,0.413970658341,1.23256571571,5,461
302,1,4.8227579733,1.0,8,0.016016016016,0,-0.448382213176,1.16790461283,5,441
303,1,-0.179678972896,,0,0.014014014014,1,-2.08334337594,1.07035115492,5,118
304,1,4.42231539061,2.0,5,0.016016016016,0,-0.0296922424867,-0.48860788193,5,398
305,1,10.1239101378,9.0,13,0.014014014014,0,1.5533461193,0.463871779857,5,685
306,1,5.15355515687,5.0,16,0.016016016016,0,0.355588972403,-0.913211760334,5,838
307,1,5.69142710668,4.0,6,0.019019019019,0,0.0602617995915,0.510641707906,5,302
308,1,5.6706143335,1.0,6,0.016016016016,0,0.638573808986,-1.24510709345,5,395
309,1,8.57248046518,5.0,12,0.017017017017,0,0.880559632519,0.930801567619,5,667
310,1,4.68730404678,2.0,12,0.015015015015,0,-0.118901003872,0.0440070583935,5,448
311,1,5.19294242908,5.0,12,0.015015015015,0,0.115796432192,-0.154446867498,5,464
312,1,4.60325689489,1.0,6,0.016016016016,0,-0.446748531421,0.943502489151,5,376
313,1,2.25365244736,1.0,5,0.016016016016,0,-0.987302045331,0.215558583352,5,341
314,1,3.91577414885,2.0,4,0.018018018018,0,-0.523725678185,0.486951183406,5,303
315,1,2.24779044952,0.0,3,0.016016016016,0,-0.41267390928,-1.51418782264,5,283
316,1,3.11163074913,3.0,10,0.016016016016,0,0.0832182223325,-2.13802391787,5,396
317,1,7.84531321534,3.0,9,0.015015015015,0,1.27431012993,-0.977617174431,5,403
318,1,5.74647694506,3.0,12,0.015015015015,0,0.654657722046,-1.21749622108,5,419
319,1,7.29733751736,7.0,9,0.015015015015,0,0.785035996877,-0.05777047327,5,368
320,1,2.58001557809,2.0,3,0.017017017017,1,-0.607896515428,-0.59629487563,5,221
321,1,5.369798395,5.0,7,0.018018018018,0,0.176451522553,-0.159556172657,5,318
322,1,2.69282356271,1.0,3,0.014014014014,0,-0.875194869202,0.318408170312,5,220
323,1,5.43416682034,5.0,8,0.017017017017,0,-0.0663922618605,0.633343605919,5,231
324,1,0.410043851032,,16,0.017017017017,0,-1.163113218,-1.10061649496,5,508
325,1,10.8636037203,10.0,13,0.016016016016,0,1.99110144814,-0.109700624131,5,410
326,1,4.22895466453,1.0,5,0.016016016016,0,-0.400973569776,0.431875373855,5,211
327,1,7.24827725471,1.0,13,0.017017017017,0,0.371340988728,1.13425428853,5,326
328,1,6.77657962441,1.0,7,0.016016016016,0,0.629393945035,-0.111602210692,5,183
329,1,2.53311400644,2.0,3,0.019019019019,1,-0.747473175383,-0.22446646741,5,144
330,1,2.07453479962,,10,0.015015015015,0,-0.443736662024,-1.59425521431,5,222
331,1,1.85456417173,1.0,2,0.015015015015,1,-1.02465298693,-0.0714768674714,5,153
332,1,4.48081197317,3.0,6,0.017017017017,0,-0.197697774604,0.0739052969767,5,172
333,1,0.910103194097,,1,0.015015015015,0,-0.918165451843,-1.33540045037,5,9
334,1,5.49664191462,3.0,6,0.016016016016,0,0.621446433087,-1.36769738464,5,164
335,1,2.25904420144,2.0,4,0.016016016016,0,-0.592610284857,-0.963124943987,5,157
336,1,5.61767321526,2.0,7,0.017017017017,0,0.380979376082,-0.525264912986,5,176
337,1,-1.09179467656,,0,0.017017017017,1,-1.62110516503,-1.22847918145,5,1
338,1,6.94122378096,2.0,12,0.014014014014,0,0.807736088831,-0.481984485529,5,285
339,1,4.25965368176,3.0,11,0.018018018018,0,-0.487959275211,0.723531507396,5,265
340,1,6.61993358434,3.0,8,0.016016016016,0,0.585664491587,-0.137059890423,5,187
341,1,-0.0454422895838,,1,0.015015015015,0,-1.64083862357,-0.122926418885,5,38
342,1,3.94169270836,2.0,4,0.015015015015,0,-0.164230974987,-0.565614366683,5,175
343,1,5.48192422503,4.0,12,0.015015015015,0,0.0911359082878,0.208516500168,5,378
344,1,5.87759161429,2.0,10,0.016016016016,0,0.528593258581,-0.708188161452,5,340
345,1,1.70773871485,1.0,2,0.015015015015,1,-1.02608040425,-0.214020072387,5,224
346,1,2.54268962012,0.0,5,0.014014014014,0,-1.08781223536,0.806126326216,5,277
347,1,4.12325443102,1.0,6,0.015015015015,0,-0.24283124975,-0.148251819724,5,287
348,1,2.97541507573,2.0,5,0.018018018018,0,-0.599275219174,-0.226759266747,5,266
349,1,4.06897220863,4.0,7,0.017017017017,0,0.113968403123,-1.27293300074,5,327
350,1,6.94468195475,2.0,8,0.015015015015,0,0.89116720866,-0.728819671231,5,352
351,1,4.17165974478,3.0,11,0.016016016016,0,-0.158428960754,-0.35305337296,5,446
352,1,9.71968348456,7.0,13,0.017017017017,0,1.41477173629,0.475368275678,5,489
353,1,6.19603207516,1.0,7,0.017017017017,0,0.382463599133,0.0486412777629,5,367
354,1,2.63359559406,1.0,4,0.017017017017,0,-0.925747385377,0.410837750189,5,293
355,1,9.17093039532,7.0,11,0.018018018018,0,1.90730387422,-1.55098122733,5,499
356,1,6.46780291724,5.0,13,0.016016016016,0,0.567652683335,-0.235155132764,5,705
357,1,6.73130196386,1.0,11,0.016016016016,0,0.402256588713,0.524532197722,5,635
358,1,1.94771385163,1.0,2,0.016016016016,1,-1.19506968966,0.532922920596,5,296
359,1,4.79142164843,4.0,5,0.014014014014,1,0.0244924006713,-0.282055553582,5,453
360,1,8.44651757024,7.0,13,0.015015015015,0,1.24176614217,-0.278780856271,5,898
361,1,7.63198671467,5.0,10,0.017017017017,0,0.301555236862,1.72732100408,5,600
362,1,-1.41207680144,,0,0.015015015015,1,-2.25316663332,0.347423098523,5,121
363,1,10.0886306496,9.0,15,0.017017017017,0,1.35608213178,1.02038425423,5,778
364,1,4.84508446824,4.0,10,0.016016016016,0,0.226027641525,-0.832998456332,5,721
365,1,4.88440057571,4.0,6,0.015015015015,0,0.480293788911,-1.55648079102,5,710
366,1,8.00846932584,7.0,10,0.015015015015,0,0.96636454163,0.109375700955,5,727
367,1,3.99758309535,3.0,4,0.014014014014,1,-0.181344126929,-0.45838452386,5,300
368,1,2.45710069878,2.0,14,0.016016016016,0,-0.969237798557,0.364814094445,5,863
369,1,2.61704295417,1.0,3,0.017017017017,0,-0.532432999605,-0.785658047015,5,500
370,1,6.28891189801,5.0,9,0.015015015015,0,0.211478888744,0.654475231781,5,723
371,1,7.86105100003,4.0,10,0.014014014014,0,0.669936916444,0.8512402507,5,734
372,1,3.44093759814,3.0,6,0.018018018018,0,-0.226297270562,-0.880170590173,5,601
373,1,5.08484696595,5.0,13,0.017017017017,0,-0.247205291771,0.826462841257,5,805
374,1,4.92641451685,1.0,7,0.015015015015,0,-0.305713326374,0.843554495969,5,693
375,1,3.85671812608,1.0,9,0.017017017017,0,-0.743735617647,1.08792497902,5,719
376,1,4.83840800169,2.0,16,0.016016016016,0,-0.209948091325,0.46825227567,5,869
377,1,2.958922407,2.0,3,0.017017017017,1,-0.612258134018,-0.20430319095,5,456
378,1,0.576019605397,0.0,1,0.017017017017,1,-1.2742542132,-0.601217754997,5,545
379,1,4.13044228001,3.0,12,0.015015015015,0,-0.0755927786189,-0.642779384133,5,749
380,1,5.632197134,5.0,6,0.016016016016,1,0.229790109953,-0.0571731958543,5,688
381,1,3.61201848831,1.0,5,0.016016016016,0,-0.332329415041,-0.390993266569,5,672
382,1,8.93391501315,1.0,9,0.016016016016,0,1.00381521059,0.922469381382,5,680
383,1,2.76876497249,1.0,10,0.015015015015,0,-1.08892946586,1.03555337005,5,699
384,1,4.23570836046,4.0,13,0.015015015015,0,-0.157595742435,-0.291504412238,5,748
385,1,6.23622278978,3.0,14,0.016016016016,0,-0.138982116016,1.65316913783,5,743
386,1,8.46783781639,6.0,12,0.016016016016,0,0.966935126402,0.567032437183,5,698
387,1,4.30398033413,4.0,5,0.019019019019,1,-0.158653183189,-0.220060116304,5,478
388,1,6.46807651775,5.0,7,0.015015015015,0,0.772861722857,-0.850508650818,5,630
389,1,5.94215821649,3.0,10,0.016016016016,0,0.431505775653,-0.352359110466,5,655
390,1,7.71546208174,5.0,8,0.015015015015,0,0.954847922315,-0.149081685208,5,584
391,1,3.93699715343,3.0,10,0.016016016016,0,-0.244840925117,-0.32848007122,5,640
392,1,-0.567210321479,,0,0.018018018018,1,-1.26524666064,-1.77147033956,5,87
393,1,6.50221733186,5.0,8,0.015015015015,0,0.747305812069,-0.739700104351,5,577
394,1,9.90473015653,6.0,12,0.016016016016,0,1.36254557839,0.817093421349,5,579
395,1,4.56248337994,4.0,6,0.016016016016,0,-0.207115619184,0.183830237493,5,416
396,1,3.74895129348,2.0,9,0.014014014014,0,-0.497775274793,0.242277117865,5,490
397,1,4.61179622901,3.0,11,0.015015015015,0,0.528667143975,-1.97420520291,5,465
398,1,4.00461941989,3.0,5,0.013013013013,0,-0.22335811586,-0.325306232534,5,278
399,1,4.36585501458,3.0,6,0.016016016016,0,-0.283491925488,0.216330791041,5,295
400,1,9.98681542727,8.0,10,0.02002002002,0,1.65831766623,0.0118624285957,5,451
401,1,0.48499254515,0.0,1,0.016016016016,1,-1.10775345156,-1.19174710016,5,114
402,1,2.67194231433,2.0,4,0.015015015015,0,-0.765762971021,-0.0307687726074,5,243
403,1,2.25791945759,2.0,3,0.016016016016,1,-1.12785714798,0.641490901531,5,120
404,1,5.35738900602,2.0,6,0.015015015015,0,-0.152471686867,0.814804066617,5,324
405,1,5.03861756456,4.0,6,0.018018018018,0,-0.214960762441,0.683499851883,5,253
406,1,6.00023209445,5.0,9,0.018018018018,0,0.0963412262856,0.711208415596,5,432
407,1,4.02188183992,4.0,14,0.019019019019,0,-0.400158334092,0.222356842192,5,654
408,1,11.2931525402,8.0,13,0.016016016016,0,2.67362985414,-1.72773702216,5,737
409,1,0.618318564751,,1,0.015015015015,0,-1.69204041405,0.694439806895,5,72
410,1,-0.507873625484,,0,0.015015015015,1,-1.98615820001,0.450600974541,5,8
411,1,7.5647471295,7.0,8,0.014014014014,1,0.46252095956,1.17718425082,5,695
412,1,2.63910252421,2.0,3,0.014014014014,1,-0.786604602877,-0.00108366716124,5,331
413,1,5.95067918741,5.0,14,0.017017017017,0,0.564799695329,-0.743719898573,5,827
414,1,8.68161639017,4.0,15,0.016016016016,0,1.2242671112,0.00881505656845,5,900
415,1,3.99691652481,3.0,4,0.016016016016,1,-0.473126723511,0.416296695345,5,670
416,1,4.36616701554,4.0,7,0.016016016016,0,-0.362468741785,0.453573240892,5,738
417,1,8.54282194649,8.0,9,0.016016016016,1,1.33192758564,-0.452960810423,5,823
418,1,5.21814059116,5.0,7,0.017017017017,0,-0.321039138196,1.18125800575,5,726
419,1,6.87933880557,5.0,8,0.016016016016,0,0.244267528481,1.14653622013,5,812
420,1,5.47698943439,4.0,12,0.016016016016,0,-0.302163549166,1.38348008189,5,877
421,1,9.99961551035,9.0,14,0.016016016016,0,1.78696404964,-0.361276638581,5,947
422,1,9.28022579791,6.0,11,0.015015015015,0,1.83134187712,-1.21379983344,5,860
423,1,2.36624303063,2.0,9,0.014014014014,0,-0.877946838353,8.35456918692e-05,5,849
424,1,5.39029104109,4.0,8,0.017017017017,0,0.0455908741427,0.253518418665,5,790
425,1,9.03290896386,3.0,17,0.018018018018,0,1.41094296602,-0.19991993421,5,969
426,1,4.71339209391,2.0,5,0.016016016016,0,-0.0022821938477,-0.279761324543,5,779
427,1,0.872574745128,0.0,2,0.015015015015,0,-0.990163924645,-1.15693348094,5,435
428,1,5.51938928398,4.0,14,0.014014014014,0,-0.307966845436,1.44328982029,5,974
429,1,10.5210830798,10.0,11,0.016016016016,1,2.02076234139,-0.541203944349,5,853
430,1,7.51857845325,2.0,8,0.015015015015,0,0.735999070785,0.310581240899,5,625
431,1,10.2803673039,10.0,11,0.015015015015,1,1.60256641586,0.472668056259,5,791
432,1,7.54445413415,7.0,9,0.014014014014,0,0.45013329598,1.19405424621,5,763
433,1,6.07144749758,6.0,7,0.015015015015,1,0.217913339141,0.417707480153,5,503
434,1,8.82291501623,8.0,16,0.017017017017,0,1.7083030482,-1.30199412836,5,897
435,1,4.60860561006,3.0,6,0.015015015015,0,0.266028361364,-1.18947947403,5,388
436,1,1.61412257406,,3,0.015015015015,0,-0.916364752229,-0.636783169254,5,294
437,1,9.7414896736,5.0,12,0.017017017017,0,1.00311781436,1.73213623052,5,514
438,1,4.90434487969,4.0,5,0.014014014014,1,-0.0212242763169,-0.0319822913619,5,334
439,1,-0.0437185914873,,0,0.017017017017,1,-1.60891119344,-0.216985011164,5,94
440,1,8.50953906564,5.0,10,0.016016016016,0,1.44528787577,-0.826324561663,5,375
441,1,9.73313519084,9.0,11,0.016016016016,0,0.662015147059,2.74708974966,5,363
442,1,4.6516394143,4.0,5,0.017017017017,1,0.0967260407575,-0.638538707976,5,217
443,1,10.43364997,10.0,12,0.017017017017,0,1.47102574406,1.02057273781,5,362
444,1,0.873157560789,0.0,2,0.015015015015,0,-1.05731671618,-0.954892290674,5,128
445,1,0.907904827027,,1,0.016016016016,0,-0.761712170198,-1.80695866238,5,119
446,1,2.8255522183,2.0,6,0.018018018018,0,-0.917135082213,0.576957464942,5,216
447,1,1.91637841463,1.0,4,0.015015015015,0,-1.17872562469,0.452555288705,5,155
448,1,6.15550663958,3.0,7,0.015015015015,0,0.391985369806,-0.0204494698359,5,260
449,1,10.7405600008,2.0,13,0.015015015015,0,1.79494844255,0.355714673101,5,321
450,1,5.1116277144,4.0,8,0.016016016016,0,0.591294368162,-1.66225539009,5,233
451,1,6.2275056155,4.0,9,0.015015015015,0,0.566281563873,-0.471339076123,5,262
452,1,0.827777885216,0.0,2,0.015015015015,0,-1.66558816704,0.824542386326,5,146
453,1,6.44967044784,0.0,13,0.017017017017,0,0.282391689348,0.602495379796,5,286
454,1,4.57686565499,2.0,15,0.016016016016,0,0.00432373273008,-0.436105543199,5,563
455,1,1.01102061784,0.0,3,0.015015015015,0,-1.53137382819,0.605142102419,5,186
456,1,3.94858750381,3.0,4,0.017017017017,1,-0.683583326619,0.999337483669,5,190
457,1,3.78235806042,3.0,8,0.015015015015,0,-0.309178217773,-0.290107286262,5,248
458,1,-0.104342946324,,2,0.016016016016,0,-1.74422018082,0.128317596143,5,137
459,1,7.0833587521,4.0,12,0.017017017017,0,0.940440638696,-0.737963163992,5,380
460,1,3.03144260244,3.0,7,0.015015015015,0,-0.752969860347,0.29035218348,5,241
461,1,5.7662533273,2.0,7,0.016016016016,0,0.24424712311,0.0335119579714,5,193
462,1,10.4088512527,6.0,13,0.018018018018,0,1.74430224833,0.175944507655,5,274
463,1,2.63495978877,1.0,3,0.016016016016,0,-0.898250122708,0.32971015689,5,74
464,1,8.54186931572,8.0,10,0.017017017017,0,0.908216666201,0.817219317119,5,428
465,1,6.16290064119,5.0,10,0.016016016016,0,0.218415085743,0.507655383959,5,486
466,1,2.49219521143,2.0,4,0.015015015015,0,-0.452205583069,-1.15118803936,5,70
467,1,-0.153384044709,,0,0.016016016016,1,-1.94512766015,0.681998935734,5,28
468,1,7.71016879071,7.0,10,0.017017017017,0,0.607780270994,0.886827977724,5,518
469,1,0.523716214108,0.0,1,0.014014014014,1,-0.767852521401,-2.17272622169,5,59
470,1,3.5486247993,3.0,4,0.014014014014,1,-0.478608814814,-0.015548756261,5,459
471,1,6.11933859191,4.0,10,0.016016016016,0,0.405694922674,-0.097746176113,5,605
472,1,8.15236157797,5.0,9,0.014014014014,0,1.56505346772,-1.54279882519,5,686
473,1,3.65450340423,3.0,6,0.014014014014,0,-0.498134386448,0.148906563572,5,535
474,1,6.24920292202,5.0,13,0.016016016016,0,0.534486432092,-0.354256374252,5,718
475,1,7.31088602007,4.0,12,0.015015015015,0,0.905207542305,-0.404736606842,5,689
476,1,6.06244237702,5.0,16,0.016016016016,0,0.535703519098,-0.544668180273,5,950
477,1,4.13093570982,3.0,5,0.016016016016,0,-0.899342195635,1.82896229672,5,574
478,1,2.25447503117,1.0,9,0.016016016016,0,-0.71369076363,-0.604452677941,5,661
479,1,6.60794131507,4.0,16,0.017017017017,0,0.360039206801,0.527823694671,5,804
480,1,-1.27775258746,,0,0.016016016016,1,-1.89503584444,-0.592645054151,5,64
481,1,5.01238568829,5.0,15,0.017017017017,0,0.198205273998,-0.582230133702,5,733
482,1,5.43038412173,4.0,6,0.016016016016,0,-0.466823820467,1.83085558313,5,599
483,1,4.2335574293,3.0,6,0.016016016016,0,-0.508311494739,0.758491913518,5,650
484,1,5.22083890463,4.0,7,0.017017017017,0,0.0411069186809,0.0975181485823,5,591
485,1,7.98988148387,5.0,12,0.017017017017,0,0.714327098512,0.846900188335,5,660
486,1,5.61825371061,2.0,13,0.018018018018,0,0.0785503802876,0.382602569749,5,707
487,1,3.99167133589,2.0,5,0.015015015015,0,-0.395166766968,0.177171636798,5,437
488,1,4.79001019291,1.0,5,0.015015015015,0,0.01090970362,-0.242718917946,5,470
489,1,8.31026368441,8.0,13,0.018018018018,0,1.11718149547,-0.0412808020085,5,658
490,1,4.25307059342,1.0,5,0.017017017017,0,-0.0549038576128,-0.582217833742,5,373
491,1,2.38856849081,1.0,4,0.014014014014,0,-1.02508584416,0.463826023299,5,351
492,1,8.654095821,1.0,13,0.016016016016,0,1.32520565882,-0.321521155454,5,634
493,1,11.7415749428,9.0,18,0.018018018018,0,2.17058243368,0.229827641755,5,768
494,1,9.92814424382,8.0,10,0.014014014014,0,1.00059136904,1.9263701367,5,619
495,1,5.29733188286,3.0,6,0.017017017017,0,0.335572333314,-0.709385117088,5,299
496,1,8.21616877252,5.0,10,0.015015015015,0,1.02956607169,0.127470557432,5,474
497,1,5.22897091843,3.0,8,0.015015015015,0,-0.273478953271,1.04940777824,5,317
498,1,5.70980527351,5.0,6,0.015015015015,1,0.599004333734,-1.08720772769,5,282
499,1,0.196067890245,0.0,1,0.016016016016,1,-1.56382421284,-0.112459471226,5,71
500,1,5.85470181686,0.0,12,0.016016016016,0,0.316848189731,-0.0958427523328,5,353
501,1,6.66294357683,5.0,11,0.018018018018,0,0.196389188416,1.07377601158,5,292
502,1,5.10334727759,1.0,8,0.017017017017,0,-0.193834647065,0.684851218787,5,263
503,1,3.62616155528,3.0,4,0.017017017017,1,-0.533973197067,0.228081146485,5,151
504,1,2.59481048194,2.0,5,0.014014014014,0,-0.914069764641,0.33701977586,5,165
505,1,8.19007152981,8.0,11,0.017017017017,0,0.811975360678,0.754145447776,5,281
506,1,-0.791399889991,,1,0.016016016016,0,-2.04787680042,0.352230511264,5,51
507,1,2.64948553498,1.0,3,0.015015015015,0,-0.299926751581,-1.45073421028,5,89
508,1,6.24505444442,5.0,8,0.019019019019,0,0.626081949961,-0.633191405465,5,179
509,1,-0.243823379429,,0,0.017017017017,1,-1.59522059828,-0.45816158459,5,15
510,1,3.19600125155,3.0,4,0.016016016016,1,-0.656016847119,0.164051792909,5,130
511,1,9.13620701722,9.0,10,0.015015015015,1,1.5313778038,-0.457926394189,5,408
512,1,5.24559408201,5.0,8,0.015015015015,0,0.319045830272,-0.711543408804,5,213
513,1,11.5221174943,11.0,16,0.017017017017,0,2.34212544255,-0.504258833394,5,757
514,1,3.20179903523,2.0,6,0.017017017017,0,-0.326193704974,-0.81961984985,5,147
515,1,0.622305285945,,2,0.016016016016,0,-1.71496371685,0.767196436491,5,113
516,1,3.47028422756,3.0,6,0.017017017017,0,-0.884772982075,1.12460317379,5,234
517,1,6.84133836568,6.0,7,0.017017017017,1,0.578037884439,0.107224712364,5,382
518,1,9.58428386772,4.0,12,0.016016016016,0,1.4406658133,0.262286427818,5,589
519,1,7.6472277048,6.0,12,0.015015015015,0,0.802305628949,0.240310817958,5,715
520,1,11.3286025889,8.0,15,0.016016016016,0,2.10665697415,0.00863166648421,5,815
521,1,6.09976784773,3.0,8,0.014014014014,0,0.0688589669143,0.89319094699,5,648
522,1,6.80610467496,6.0,9,0.017017017017,0,0.405030973769,0.591011753652,5,522
523,1,6.36829359147,5.0,14,0.017017017017,0,0.419818947967,0.108836747572,5,675
524,1,2.30231290619,2.0,3,0.013013013013,1,-1.06538741686,0.498475156753,5,495
525,1,3.99490882896,1.0,7,0.016016016016,0,-0.574050822886,0.717061297619,5,571
526,1,2.97759936642,0.0,3,0.015015015015,0,-0.345843113021,-0.984871294516,5,519
527,1,6.00380542122,1.0,11,0.016016016016,0,0.627290192477,-0.878065156205,5,652
528,1,6.75263615417,4.0,15,0.016016016016,0,0.546288987302,0.113769192266,5,694
529,1,2.57503825522,2.0,3,0.016016016016,1,-0.30712567403,-1.50358472269,5,494
530,1,4.50100534096,2.0,6,0.017017017017,0,-0.249474018581,0.249427396706,5,507
531,1,3.4684591025,3.0,10,0.017017017017,0,-0.477204123119,-0.0999285281369,5,540
532,1,6.7501092725,6.0,12,0.015015015015,0,0.734926932285,-0.454671524359,5,592
533,1,1.86000661672,1.0,15,0.016016016016,0,-1.0779245585,0.0937802922314,5,666
534,1,1.87077674161,1.0,3,0.014014014014,0,-0.434699783366,-1.82512390829,5,394
535,1,7.98803600069,1.0,12,0.015015015015,0,0.683513524417,0.937495427443,5,629
536,1,1.15459729375,1.0,2,0.017017017017,1,-1.70869956887,1.28069600037,5,402
537,1,4.42059380439,0.0,5,0.017017017017,0,-0.389787860848,0.589957386934,5,458
538,1,5.62763063188,1.0,6,0.015015015015,0,0.244304494238,-0.105282850838,5,469
539,1,2.34425286198,0.0,7,0.015015015015,0,-1.16777424412,0.847575594346,5,501
540,1,4.32888575836,4.0,9,0.015015015015,0,-0.127625930703,-0.28823644953,5,549
541,1,3.64056391166,0.0,6,0.016016016016,0,-0.480743716355,0.0827950607291,5,492
542,1,1.09626843527,1.0,2,0.016016016016,1,-1.25562336819,-0.136861460164,5,347
543,1,1.4892421329,1.0,2,0.017017017017,1,-0.811039368049,-1.07763976296,5,412
544,1,2.98527046986,2.0,4,0.017017017017,0,-0.786501310951,0.344774402711,5,415
545,1,7.63434385254,5.0,12,0.016016016016,0,0.633942428582,0.732516566789,5,558
546,1,5.69098755808,2.0,9,0.017017017017,0,0.148114638478,0.246643642648,5,517
547,1,8.26135242376,7.0,10,0.018018018018,0,0.512995846984,1.72236488281,5,572
548,1,7.94548069194,7.0,15,0.015015015015,0,0.832026470723,0.449401279774,5,722
549,1,2.48650593998,1.0,3,0.014014014014,0,-1.04678446305,0.62685932913,5,515
550,1,4.6055017315,4.0,10,0.016016016016,0,-0.481948300005,1.05134663151,5,628
551,1,6.05311543267,3.0,11,0.014014014014,0,0.113461299606,0.712731533852,5,676
552,1,6.91202647273,6.0,9,0.015015015015,0,0.492969247619,0.433118729872,5,611
553,1,-0.545428524113,,0,0.014014014014,1,-1.6372625172,-0.633640972513,5,3
554,1,7.1454543281,3.0,10,0.016016016016,0,0.630364835942,0.254359820275,5,644
555,1,5.03420757664,3.0,12,0.017017017017,0,0.397931895794,-1.15958811074,5,673
556,1,3.71489204796,3.0,12,0.015015015015,0,-0.299956488312,-0.385238487109,5,700
557,1,8.88571261885,3.0,14,0.014014014014,0,1.07642056699,0.656450917874,5,958
558,1,5.52442511223,5.0,6,0.018018018018,1,0.875075167862,-2.10080039136,5,557
559,1,1.18329834263,1.0,3,0.018018018018,0,-1.35516061751,0.248780195144,5,345
560,1,4.91486739045,4.0,8,0.015015015015,0,0.103615626482,-0.395979488992,5,597
561,1,9.83702741041,4.0,15,0.017017017017,0,1.43356295638,0.536338541276,5,731
562,1,5.83515106371,3.0,9,0.016016016016,0,0.157293804074,0.363269651488,5,604
563,1,3.89801221215,2.0,8,0.016016016016,0,-0.374918575934,0.0227679399485,5,565
564,1,6.94508036582,4.0,13,0.017017017017,0,0.891894417931,-0.730602887971,5,626
565,1,0.607622122039,0.0,1,0.016016016016,1,-1.45203066362,-0.0362858870903,5,314
566,1,2.60506072334,1.0,12,0.016016016016,0,-0.434104177448,-1.09262674432,5,587
567,1,4.5806178724,2.0,6,0.018018018018,0,-0.305482377105,0.497065003714,5,384
568,1,6.00384242423,6.0,9,0.015015015015,0,0.403154325919,-0.205620553532,5,560
569,1,6.79044392798,1.0,9,0.016016016016,0,0.356322576624,0.721476198106,5,523
570,1,5.52505956281,5.0,6,0.016016016016,1,-0.344688483288,1.55912501267,5,471
571,1,3.41715680669,2.0,4,0.018018018018,0,-1.12032612028,1.77813516753,5,457
572,1,0.335897114957,0.0,1,0.016016016016,1,-1.18738609577,-1.10194459774,5,312
573,1,2.46924084487,1.0,3,0.017017017017,0,-0.938796157863,0.285629318464,5,374
574,1,3.63573189581,0.0,7,0.015015015015,0,-0.512055193777,0.17189747714,5,520
575,1,2.88027913168,0.0,4,0.017017017017,0,-0.463503605553,-0.729210051665,5,406
576,1,9.46500678324,6.0,13,0.015015015015,0,1.39571940737,0.277848561146,5,677
577,1,8.28210763811,7.0,16,0.016016016016,0,0.988867013283,0.315506598265,5,728
578,1,7.82368972515,6.0,9,0.016016016016,0,0.784138140913,0.47127530241,5,537
579,1,2.95942700865,1.0,4,0.016016016016,0,-0.901655240147,0.664392729089,5,476
580,1,10.1833032707,3.0,12,0.016016016016,0,1.82521922651,-0.292354408789,5,647
581,1,3.61854967378,1.0,8,0.015015015015,0,-0.923426196277,1.38882826261,5,620
582,1,1.58638754006,0.0,2,0.016016016016,0,-1.54276679877,1.21468793637,5,510
583,1,4.04505730681,1.0,6,0.017017017017,0,0.31037866943,-1.88607870148,5,582
584,1,8.02963321353,2.0,12,0.015015015015,0,1.24061615249,-0.692215243941,5,687
585,1,2.27445111451,2.0,10,0.017017017017,0,-1.24784234417,1.01797814703,5,642
586,1,2.5877144697,2.0,4,0.018018018018,0,-0.603561598616,-0.601600734453,5,536
587,1,7.09454270303,5.0,8,0.017017017017,0,0.503333339729,0.584542683846,5,621
588,1,4.1145901903,0.0,14,0.017017017017,0,-0.105450479192,-0.569058372123,5,835
589,1,7.76210326652,4.0,8,0.016016016016,0,0.38169091974,1.6170305073,5,662
590,1,8.8658319851,6.0,15,0.017017017017,0,0.982912507968,0.917094461194,5,892
591,1,3.47851099169,0.0,5,0.017017017017,0,-0.417706458495,-0.26836963282,5,612
592,1,4.72274622043,4.0,7,0.014014014014,0,-0.679140865505,1.76016881695,5,624
593,1,5.79996083513,4.0,13,0.016016016016,0,0.480632751949,-0.64193742072,5,739
594,1,4.1773857161,4.0,5,0.015015015015,1,0.101530737442,-1.12720649622,5,539
595,1,4.86456848913,4.0,10,0.016016016016,0,-0.28309331504,0.71384843425,5,641
596,1,14.3683195403,13.0,16,0.016016016016,0,2.7351523629,1.16286245163,5,959
597,1,5.47747208389,5.0,11,0.015015015015,0,-0.210510804532,1.10900449748,5,697
598,1,6.48569774023,6.0,7,0.016016016016,1,0.28776306637,0.622408541119,5,477
599,1,8.85295344135,7.0,10,0.015015015015,0,1.23770150153,0.139848936767,5,618
600,1,3.89372602985,0.0,6,0.016016016016,0,-0.60472559443,0.70790281314,5,242
601,1,5.50154207079,3.0,6,0.015015015015,0,-0.0166934699735,0.551622480713,5,298
602,1,-0.19252161958,,0,0.016016016016,1,-1.72803589724,-0.00841392785693,5,79
603,1,9.72747583449,9.0,11,0.015015015015,0,1.3514178272,0.673222352876,5,409
604,1,1.74102952167,1.0,2,0.016016016016,1,-0.75860267556,-0.983162451649,5,102
605,1,4.46737824063,2.0,5,0.016016016016,0,-0.457472022812,0.83979430907,5,154
606,1,2.79456004801,,3,0.016016016016,0,-0.91189025919,0.530230825582,5,108
607,1,-1.80569302003,,7,0.017017017017,0,-1.76836473223,-1.50059882335,5,209
608,1,7.92807862505,7.0,8,0.017017017017,1,0.970558782253,0.0164022782898,5,227
609,1,3.75581611519,3.0,10,0.015015015015,0,-0.0371856561851,-1.13262691625,5,400
610,1,2.64049546733,1.0,4,0.017017017017,0,-1.06606522176,0.838691132617,5,117
611,1,-4.58780000196,,0,0.015015015015,1,-3.10113305591,-0.284400834237,5,17
612,1,1.24800808909,,11,0.019019019019,0,-0.85118410285,-1.19843960236,5,369
613,1,4.97877843712,2.0,6,0.016016016016,0,0.511765866975,-1.5565191638,5,251
614,1,6.17271726468,3.0,12,0.016016016016,0,-0.0019866901751,1.17867733521,5,421
615,1,5.01499974148,5.0,8,0.016016016016,0,-0.529960377095,1.60488087277,5,371
616,1,7.87799896884,6.0,8,0.015015015015,0,1.00070117751,-0.124104563677,5,413
617,1,3.92405966029,3.0,4,0.016016016016,1,-0.316836382727,-0.12543119153,5,304
618,1,5.07084137491,4.0,6,0.017017017017,0,0.176934310122,-0.459961555456,5,305
619,1,6.68046646507,5.0,12,0.015015015015,0,0.71560194321,-0.466339364562,5,645
620,1,6.6255220359,4.0,8,0.013013013013,0,0.761035401048,-0.657584167246,5,541
621,1,4.74974577611,3.0,5,0.015015015015,0,-0.1320736935,0.145966856607,5,488
622,1,1.43883471503,0.0,6,0.017017017017,0,-1.20724650103,0.0605742181284,5,491
623,1,7.13690842199,7.0,11,0.016016016016,0,0.803649412163,-0.274039814499,5,714
624,1,3.16328401192,2.0,6,0.015015015015,0,-0.323268718332,-0.866909833085,5,533
625,1,1.06922223297,0.0,4,0.016016016016,0,-0.787140271098,-1.56935695373,5,524
626,1,8.35161115073,6.0,10,0.015015015015,0,0.977581350014,0.418867100685,5,679
627,1,5.67455348743,2.0,7,0.015015015015,0,0.191561953628,0.0998676265455,5,646
628,1,5.49273427457,5.0,12,0.017017017017,0,0.286449177779,-0.366613258768,5,729
629,1,5.71751999321,4.0,14,0.016016016016,0,0.975270312062,-2.20829094297,5,759
630,1,2.78921768894,0.0,12,0.015015015015,0,-0.622987120237,-0.341820950351,5,750
631,1,2.12193746619,1.0,10,0.014014014014,0,-1.30469767621,1.03603049482,5,741
632,1,2.86099116417,2.0,5,0.015015015015,0,-0.319166236099,-1.18151012753,5,608
633,1,6.96551275799,3.0,8,0.017017017017,0,0.653606905995,0.00469204000265,5,692
634,1,4.4394922575,4.0,5,0.018018018018,1,0.103536919279,-0.871118500336,5,632
635,1,4.38739223866,2.0,6,0.015015015015,0,-0.440935483679,0.710198689702,5,696
636,1,9.85252306876,7.0,13,0.015015015015,0,1.57252636868,0.134943962733,5,824
637,1,7.4537011002,4.0,14,0.017017017017,0,0.670357932654,0.442627302238,5,786
638,1,5.67696723535,5.0,13,0.014014014014,0,-0.117801140721,1.03037065751,5,845
639,1,4.28251668206,3.0,5,0.015015015015,0,-0.165672172941,-0.220466799113,5,194
640,1,1.27538269949,1.0,2,0.016016016016,1,-1.18793779531,-0.160803914587,5,66
641,1,7.57768999812,7.0,10,0.015015015015,0,0.779479463267,0.239251608319,5,724
642,1,11.0651643584,8.0,13,0.018018018018,0,2.1245432367,-0.308465351683,5,730
643,1,9.93294773155,9.0,15,0.015015015015,0,1.72537725107,-0.243184021663,5,911
644,1,-0.382050381242,,0,0.017017017017,1,-1.33607298441,-1.37383142801,5,10
645,1,-1.24298739024,,4,0.016016016016,0,-1.745284401,-1.00713418723,5,162
646,1,1.0736695957,0.0,2,0.015015015015,0,-0.761694261778,-1.64124761896,5,43
647,1,4.04908918725,4.0,5,0.016016016016,1,-0.234357799832,-0.247837413248,5,167
648,1,4.59577666565,2.0,8,0.017017017017,0,0.0432295756676,-0.533912061355,5,433
649,1,-2.32758564916,,2,0.02002002002,0,-2.228156709,-0.643115522172,5,25
650,1,3.69171233167,3.0,6,0.015015015015,0,-0.333797859751,-0.306894089078,5,357
651,1,9.90138198491,7.0,10,0.014014014014,0,1.75788914936,-0.372285463167,5,594
652,1,9.1925583958,9.0,10,0.015015015015,1,1.47920159622,-0.245046392859,5,548
653,1,4.57991436794,2.0,7,0.018018018018,0,-0.720490238347,1.74138508298,5,289
654,1,7.94330111882,4.0,16,0.018018018018,0,1.17486268217,-0.581286927696,5,712
655,1,2.02199582423,2.0,5,0.013013013013,0,-1.26119917346,0.805593344596,5,487
656,1,6.3482081513,6.0,8,0.016016016016,0,0.366762607717,0.247920328147,5,663
657,1,2.94017097374,1.0,3,0.015015015015,0,-0.827658385585,0.423146130499,5,370
658,1,5.67019520572,5.0,6,0.016016016016,1,0.364101990356,-0.422110765346,5,603
659,1,9.52321774476,8.0,10,0.014014014014,0,1.65573277859,-0.44398059101,5,903
660,1,4.51887445893,2.0,7,0.015015015015,0,0.203868343731,-1.09273057226,5,709
661,1,2.55081988594,2.0,15,0.015015015015,0,-0.36573451936,-1.35197655599,5,937
662,1,10.1105782764,10.0,13,0.015015015015,0,1.43804548474,0.796441822172,5,846
663,1,6.54902675682,5.0,11,0.016016016016,0,0.557645712909,-0.12391038191,5,806
664,1,6.2225399842,5.0,9,0.015015015015,0,0.759987244812,-1.05742175023,5,814
665,1,10.0512786808,3.0,14,0.015015015015,0,1.59476389539,0.266986994623,5,926
666,1,5.25674748629,4.0,7,0.017017017017,0,-0.10270139336,0.564851666371,5,780
667,1,1.50990656052,1.0,3,0.015015015015,0,-1.20018418653,0.110459120124,5,745
668,1,3.35899721577,3.0,4,0.017017017017,1,-0.809606447048,0.787816556909,5,736
669,1,4.05709608241,3.0,6,0.018018018018,0,-0.332778476523,0.0554315119839,5,796
670,1,2.96858918916,2.0,3,0.018018018018,1,-0.707005150444,0.0896046404929,5,329
671,1,11.7593788072,4.0,13,0.014014014014,0,1.913990248,1.01740806315,5,997
672,1,3.99004991981,2.0,5,0.015015015015,0,-0.141212153331,-0.586313620192,5,829
673,1,3.26646229999,3.0,6,0.016016016016,0,-0.825828008118,0.743946324347,5,842
674,1,9.50250233604,9.0,11,0.015015015015,0,1.98121396593,-1.44113956176,5,995
675,1,11.2540125687,10.0,15,0.017017017017,0,1.66011248334,1.27367511867,5,998
676,1,6.18851513092,2.0,7,0.016016016016,0,0.299011946615,0.291479291073,5,885
677,1,2.77046235642,2.0,5,0.017017017017,0,-0.664749795833,-0.235288256085,5,879
678,1,7.04233170859,7.0,10,0.017017017017,0,0.796692724468,-0.34774646481,5,993
679,1,7.23093573701,7.0,9,0.018018018018,0,0.94632038184,-0.608025408514,5,990
680,1,10.8425236196,9.0,16,0.016016016016,0,2.23071828581,-0.849631237868,5,1000
681,1,6.55228383469,6.0,15,0.016016016016,0,0.704098736459,-0.560012374689,5,999
682,1,2.95583094036,1.0,7,0.017017017017,0,-0.381883531138,-0.898518466224,5,982
683,1,3.05472563411,2.0,9,0.014014014014,0,-0.343172003156,-0.915758356417,5,991
684,1,4.20497797696,3.0,8,0.018018018018,0,-0.237215934991,-0.0833742180628,5,977
685,1,6.15621599075,4.0,15,0.017017017017,0,0.426046348073,-0.121923053467,5,996
686,1,6.86619039135,5.0,15,0.017017017017,0,1.00249435805,-1.1412926828,5,994
687,1,5.09230420971,3.0,7,0.017017017017,0,0.126939607458,-0.288514612669,5,980
688,1,9.91832734359,7.0,11,0.014014014014,0,1.74025598458,-0.302440610149,5,992
689,1,1.40759232077,1.0,2,0.015015015015,1,-1.47563205685,0.834488491318,5,954
690,1,7.78876676417,7.0,10,0.017017017017,0,0.735559354172,0.582088701655,5,981
691,1,11.3234421719,9.0,12,0.016016016016,0,1.71571857453,1.17628644826,5,987
692,1,2.287872101,2.0,4,0.016016016016,0,-0.900079491419,-0.0118894247396,5,948
693,1,6.74429122001,6.0,13,0.016016016016,0,0.943227709973,-1.08539190991,5,986
694,1,5.96241293051,4.0,10,0.016016016016,0,0.147379571287,0.520274216645,5,978
695,1,1.66261886325,1.0,2,0.016016016016,1,-0.945946404624,-0.499541922882,5,932
696,1,4.79076400505,2.0,10,0.015015015015,0,-0.113849270059,0.132311815224,5,956
697,1,4.00068973238,1.0,12,0.016016016016,0,-0.590133977706,0.771091665495,5,964
698,1,4.10330599773,3.0,6,0.017017017017,0,-0.163337938716,-0.406680186123,5,945
699,1,4.92627269475,4.0,10,0.015015015015,0,0.137218236624,-0.485382015121,5,957
700,1,7.53110485189,2.0,8,0.015015015015,0,0.684718769065,0.476948544697,5,955
701,1,1.59043915072,1.0,2,0.018018018018,1,-1.28740121587,0.452642798348,5,481
702,1,3.26136721514,3.0,6,0.016016016016,0,-0.528167755262,-0.15412951907,5,929
703,1,8.04693961752,8.0,9,0.017017017017,1,0.698813774492,0.950498294048,5,938
704,1,5.581148759,5.0,6,0.016016016016,1,-0.0672124066654,0.782785979,5,902
705,1,8.62225987663,6.0,11,0.014014014014,0,0.863790045761,1.03088973934,5,961
706,1,9.0665725318,7.0,11,0.016016016016,0,1.50376167752,-0.444712500775,5,951
707,1,7.45381522218,6.0,15,0.015015015015,0,0.56266627408,0.76581639994,5,989
708,1,8.50091280418,6.0,12,0.014014014014,0,0.968624200375,0.595040203051,5,967
709,1,-1.05556964583,,0,0.017017017017,1,-1.85398496664,-0.493614745898,5,29
710,1,10.7198264046,3.0,12,0.017017017017,0,1.70540749611,0.603603916243,5,943
711,1,3.82544652197,3.0,8,0.016016016016,0,-0.101553600515,-0.869892676488,5,875
712,1,5.36850898456,2.0,7,0.016016016016,0,0.0221262324088,0.302130287332,5,851
713,1,3.31653556787,3.0,6,0.015015015015,0,-1.15844393848,1.79186738329,5,830
714,1,6.96739032262,2.0,7,0.017017017017,0,0.734905112508,-0.2373250149,5,817
715,1,5.34690713297,0.0,13,0.016016016016,0,-0.121554849032,0.711571680065,5,970
716,1,4.49925575219,4.0,9,0.017017017017,0,0.155321999279,-0.966710245649,5,837
717,1,2.91228529148,1.0,3,0.016016016016,0,-0.509324759539,-0.559740429903,5,766
718,1,3.74681497852,1.0,6,0.017017017017,0,-0.398192015192,-0.058608975904,5,807
719,1,4.28750756705,4.0,11,0.014014014014,0,-0.189582827224,-0.143743951282,5,894
720,1,6.07025170558,3.0,9,0.018018018018,0,0.58163770718,-0.674661415962,5,813
721,1,2.39087418191,0.0,3,0.016016016016,0,-0.80435893096,-0.196049025209,5,747
722,1,8.28685532795,3.0,9,0.018018018018,0,0.836263459209,0.778064950324,5,811
723,1,2.52474521835,1.0,11,0.015015015015,0,-0.865532004208,0.121341230978,5,868
724,1,5.70510912394,5.0,15,0.016016016016,0,-0.269573640573,1.51383004566,5,901
725,1,1.77757680443,1.0,2,0.018018018018,1,-1.04942226491,-0.0741564008449,5,708
726,1,3.71636625895,2.0,6,0.017017017017,0,0.00490239861329,-1.29834093689,5,784
727,1,2.46461081512,1.0,16,0.016016016016,0,-0.903670446416,0.175622154369,5,941
728,1,10.3191580726,7.0,13,0.015015015015,0,1.88365313036,-0.331801318441,5,825
729,1,1.40232633236,1.0,8,0.018018018018,0,-1.12148981336,-0.23320422756,5,756
730,1,5.92152347637,2.0,12,0.016016016016,0,0.802397895053,-1.48567020879,5,816
731,1,6.30514051964,4.0,12,0.017017017017,0,0.469639512035,-0.103778016465,5,798
732,1,2.01431084891,1.0,4,0.015015015015,0,-1.19009352958,0.584591437659,5,586
733,1,7.35992139713,3.0,10,0.017017017017,0,1.18385622096,-1.19164726574,5,758
734,1,8.38722059333,7.0,10,0.016016016016,0,1.24976545087,-0.36207575929,5,797
735,1,4.74519467757,4.0,9,0.016016016016,0,-0.754130211167,2.00758531107,5,732
736,1,1.38761468526,0.0,5,0.017017017017,0,-1.30033883312,0.288631184614,5,543
737,1,3.20164610896,0.0,8,0.014014014014,0,-1.01475146653,1.24590050857,5,596
738,1,9.646952671,0.0,12,0.015015015015,0,1.2906348468,0.775048130603,5,761
739,1,3.01187256766,0.0,6,0.016016016016,0,-1.03756855769,1.12457824072,5,568
740,1,2.67934349961,2.0,3,0.018018018018,1,-0.377472135582,-1.18824009364,5,497
741,1,3.77976214111,3.0,4,0.016016016016,1,-0.18702253143,-0.659170264597,5,484
742,1,2.748869092,2.0,5,0.015015015015,0,-1.1027651975,1.05716468452,5,529
743,1,4.40877512356,2.0,5,0.016016016016,0,-0.110964794103,-0.258330494133,5,542
744,1,2.47767810952,1.0,13,0.016016016016,0,-0.695351500035,-0.436267390378,5,656
745,1,4.19841250161,1.0,6,0.017017017017,0,-0.229312386056,-0.113650340223,5,512
746,1,2.60740550025,2.0,9,0.016016016016,0,-1.02521388357,0.683047150961,5,633
747,1,8.72626844307,8.0,10,0.015015015015,0,1.22203736897,0.0601563361743,5,636
748,1,6.13260433819,2.0,7,0.015015015015,0,0.119517940223,0.774050517516,5,547
749,1,-3.758906348,,0,0.016016016016,1,-3.05784455593,0.414627319798,5,33
750,1,10.7676489491,8.0,13,0.016016016016,0,1.65895693528,0.79077814329,5,760
751,1,3.23012520324,2.0,17,0.017017017017,0,-0.764760235479,0.524405909675,5,983
752,1,7.48883526952,3.0,8,0.018018018018,0,0.137023891716,2.07776359437,5,614
753,1,3.72382814035,3.0,16,0.017017017017,0,-0.732497910659,0.921321872321,5,808
754,1,7.08611165653,6.0,12,0.015015015015,0,0.74498444602,-0.148841681533,5,702
755,1,5.97965580811,4.0,6,0.015015015015,0,0.369926275896,-0.130123019578,5,528
756,1,0.420242120549,,1,0.017017017017,0,-1.08322133043,-1.33009388816,5,203
757,1,7.14501607896,7.0,12,0.016016016016,0,0.685623134065,0.0881466767656,5,717
758,1,1.46390478664,1.0,2,0.016016016016,1,-1.40880805786,0.69032896022,5,365
759,1,1.90663898727,1.0,4,0.017017017017,0,-0.599545834844,-1.2947235082,5,527
760,1,5.34379771333,3.0,7,0.015015015015,0,0.0936396606148,0.0628787314889,5,583
761,1,3.43835913203,0.0,10,0.016016016016,0,-0.470266296167,-0.15084197947,5,585
762,1,4.19023488,4.0,5,0.017017017017,1,-0.161636892827,-0.324854441524,5,502
763,1,6.28939308523,5.0,8,0.016016016016,0,0.0684498265763,1.0840436055,5,569
764,1,2.87733257916,2.0,3,0.018018018018,1,-0.748055800147,0.121499979602,5,442
765,1,3.99051421932,3.0,13,0.016016016016,0,0.143000900891,-1.43848848335,5,765
766,1,11.3803516295,1.0,16,0.017017017017,0,2.37554015794,-0.746268844285,5,867
767,1,3.15000855876,0.0,5,0.016016016016,0,-0.804107089311,0.562329826691,5,559
768,1,5.31848374869,2.0,8,0.015015015015,0,0.0333312680872,0.21848994443,5,637
769,1,2.29082614796,1.0,3,0.014014014014,0,-0.849252351247,-0.161416798299,5,553
770,1,6.01907512715,0.0,8,0.014014014014,0,0.29971669196,0.119925051274,5,783
771,1,3.52833480489,1.0,5,0.016016016016,0,-0.400622664245,-0.26979720237,5,703
772,1,2.30660783155,2.0,10,0.016016016016,0,-0.82173578192,-0.228184822688,5,826
773,1,6.32226261364,1.0,8,0.017017017017,0,0.515007024151,-0.222758458815,5,788
774,1,2.41977993903,2.0,4,0.015015015015,0,-0.653966378172,-0.618320926456,5,657
775,1,6.55444752339,6.0,14,0.015015015015,0,0.379490890055,0.415974853221,5,922
776,1,6.49079476476,6.0,9,0.015015015015,0,0.26891857533,0.684039038768,5,859
777,1,5.72792617787,5.0,7,0.016016016016,0,0.33835039459,-0.287125005896,5,839
778,1,8.68475923249,8.0,9,0.015015015015,1,1.34727641018,-0.357069998035,5,909
779,1,7.94987645451,6.0,8,0.018018018018,0,0.983409454247,-0.000351908234466,5,857
780,1,7.46760622916,7.0,13,0.016016016016,0,1.07727110383,-0.764207082336,5,930
781,1,3.88478877051,3.0,14,0.015015015015,0,-0.748381393362,1.12993295059,5,962
782,1,9.18565414822,8.0,15,0.018018018018,0,1.10613627718,0.867245316689,5,928
783,1,3.62706114317,3.0,9,0.017017017017,0,-0.251363812668,-0.618847418821,5,905
784,1,-2.64446925072,,0,0.015015015015,1,-2.48088154472,-0.201824616571,5,475
785,1,6.15517310108,2.0,12,0.017017017017,0,0.574371267329,-0.567940700904,5,919
786,1,9.2205268286,8.0,16,0.016016016016,0,1.2486234193,0.474656570694,5,972
787,1,5.8234974441,3.0,7,0.018018018018,0,0.0255204607527,0.746936061842,5,866
788,1,13.1797224056,0.0,14,0.017017017017,0,3.00631020324,-0.839208204155,5,949
789,1,6.9806731576,5.0,8,0.016016016016,0,0.545333796433,0.344671768303,5,886
790,1,8.12320281086,3.0,9,0.017017017017,0,0.620379121424,1.26206544659,5,880
791,1,4.73379967447,1.0,5,0.018018018018,0,-0.0365261421971,-0.156621898938,5,828
792,1,9.37992187066,5.0,12,0.015015015015,0,1.43508024572,0.0746811334962,5,917
793,1,7.41608332013,1.0,12,0.016016016016,0,0.817892882052,-0.0375953260295,5,890
794,1,4.18556067822,4.0,8,0.017017017017,0,-0.0207982176205,-0.752044668916,5,833
795,1,1.84648828056,0.0,4,0.016016016016,0,-1.34063821103,0.868402913653,5,809
796,1,9.11026978327,5.0,11,0.016016016016,0,0.989531425541,1.14167550665,5,854
797,1,12.3844899677,12.0,15,0.017017017017,0,2.1326914446,0.986415633873,5,906
798,1,5.44713002117,5.0,10,0.017017017017,0,-0.0264198498398,0.52638957069,5,841
799,1,5.51091382924,4.0,6,0.015015015015,0,0.57668485292,-1.21914072952,5,740
800,1,5.1019199434,5.0,7,0.016016016016,0,0.0217955198132,0.0365333839649,5,789
801,1,6.7377399799,4.0,7,0.017017017017,0,0.762658512052,-0.550235556257,5,742
802,1,7.19851335917,6.0,10,0.017017017017,0,0.516478498267,0.649077864374,5,821
803,1,5.52742674554,4.0,6,0.015015015015,0,0.39617721384,-0.661104895975,5,716
804,1,3.9980735859,2.0,4,0.015015015015,0,-0.166469604186,-0.502517601536,5,598
805,1,3.12117584536,3.0,4,0.015015015015,1,-0.622593873681,-0.0110425335925,5,561
806,1,11.3191330131,7.0,13,0.014014014014,0,1.92931436264,0.531189925183,5,891
807,1,5.99031172392,5.0,9,0.016016016016,0,0.234784427631,0.285958441024,5,623
808,1,1.18529588625,1.0,4,0.016016016016,0,-1.09464546291,-0.530767725035,5,526
809,1,5.79992238731,3.0,6,0.016016016016,0,0.659683527652,-1.17912819565,5,564
810,1,2.08354503443,2.0,3,0.015015015015,1,-0.817656680907,-0.463484922852,5,443
811,1,0.683571036463,0.0,1,0.014014014014,1,-1.1684175056,-0.811176446729,5,50
812,1,6.26274135819,5.0,14,0.016016016016,0,0.38662673647,0.102861148782,5,771
813,1,12.0880943319,12.0,17,0.017017017017,0,1.89779592288,1.39470656324,5,908
814,1,-4.19826913726,,0,0.016016016016,1,-2.37343674721,-2.07795889563,5,6
815,1,5.26389646922,5.0,6,0.018018018018,1,0.475638602166,-1.16301933727,5,532
816,1,6.1187019015,2.0,13,0.016016016016,0,0.111561989825,0.784015932026,5,706
817,1,6.27670598528,2.0,7,0.017017017017,0,0.580228085264,-0.463978270509,5,622
818,1,6.21127094487,6.0,9,0.015015015015,0,0.433781761626,-0.0900743400021,5,668
819,1,8.03908911953,5.0,13,0.016016016016,0,1.23350884757,-0.661437423187,5,794
820,1,4.45978828747,1.0,10,0.017017017017,0,-0.214497917744,0.103282040697,5,681
821,1,2.45193733057,2.0,3,0.017017017017,1,-0.466401617987,-1.14885781547,5,460
822,1,5.01166961683,2.0,6,0.017017017017,0,-0.191824694307,0.58714369975,5,613
823,1,8.360987876,5.0,14,0.017017017017,0,0.953514894731,0.500443191811,5,772
824,1,2.63377329456,0.0,3,0.017017017017,0,-0.733289285312,-0.166358849506,5,468
825,1,5.61936525861,2.0,11,0.015015015015,0,0.102944418294,0.31053200373,5,762
826,1,4.24096233196,1.0,6,0.017017017017,0,0.0231260481266,-0.828415812417,5,615
827,1,6.79902611664,3.0,17,0.018018018018,0,0.544250211573,0.166275481923,5,935
828,1,1.84339437585,1.0,2,0.017017017017,1,-0.938595661059,-0.340818640975,5,445
829,1,7.14935504607,0.0,9,0.018018018018,0,0.613096867493,0.310064443593,5,651
830,1,4.26759946832,3.0,5,0.016016016016,0,-0.611900358652,1.10330054428,5,511
831,1,7.18412575911,7.0,15,0.015015015015,0,0.332843179032,1.18559622202,5,952
832,1,3.28510743097,0.0,4,0.014014014014,0,-0.709218783332,0.41276378097,5,616
833,1,5.5311869495,3.0,6,0.015015015015,0,0.121536719988,0.166576789538,5,704
834,1,2.32595468195,0.0,6,0.016016016016,0,-0.806021949733,-0.255979468855,5,810
835,1,3.26783623235,3.0,6,0.016016016016,0,-0.892275962062,0.94466411854,5,820
836,1,6.22780881116,3.0,13,0.015015015015,0,0.752010243984,-1.02822192079,5,895
837,1,10.7864569602,10.0,12,0.015015015015,0,2.48318615606,-1.663101508,5,872
838,1,8.52600632191,6.0,9,0.015015015015,0,1.1089739256,0.199084545107,5,847
839,1,9.65403459748,4.0,15,0.017017017017,0,1.14534600974,1.21799656825,5,914
840,1,5.08996768215,3.0,7,0.016016016016,0,0.0808730329173,-0.152651416605,5,836
841,1,7.32141453402,2.0,10,0.013013013013,0,0.480150939269,0.880961716211,5,882
842,1,3.96941774012,3.0,9,0.016016016016,0,-0.379214633628,0.107061641007,5,865
843,1,6.03629786213,5.0,12,0.016016016016,0,0.6626202403,-0.95156285877,5,881
844,1,3.56846176653,3.0,4,0.017017017017,1,-0.480251459808,0.00921614595481,5,774
845,1,-0.755074144824,,0,0.016016016016,1,-1.97556349746,0.171616347565,5,34
846,1,6.25149284841,4.0,7,0.016016016016,0,0.72841579745,-0.933754543943,5,858
847,1,5.04216957333,4.0,13,0.015015015015,0,0.111068705468,-0.291036543074,5,934
848,1,0.846282844458,,1,0.017017017017,0,-0.981276709108,-1.20988702822,5,129
849,1,4.64651580953,4.0,5,0.017017017017,1,-0.221865521215,0.312112373178,5,795
850,1,6.75330064038,5.0,15,0.016016016016,0,0.528879428295,0.166662355495,5,960
851,1,8.86399717368,2.0,9,0.017017017017,0,1.41112201628,-0.369368875164,5,896
852,1,1.04838990476,1.0,3,0.015015015015,0,-1.06159761757,-0.766817242517,5,832
853,1,7.41054534455,5.0,10,0.016016016016,0,1.03877604523,-0.705782791151,5,924
854,1,7.38044021103,7.0,10,0.013013013013,0,0.57044413467,0.669107807025,5,944
855,1,7.6546492041,4.0,13,0.017017017017,0,1.26865056449,-1.15130248939,5,940
856,1,9.82257265853,5.0,15,0.016016016016,0,1.68253193254,-0.225023139082,5,975
857,1,8.82625238994,6.0,16,0.016016016016,0,1.4457071355,-0.510869016567,5,979
858,1,5.0979140628,1.0,7,0.016016016016,0,-0.0884235552365,0.363184728509,5,912
859,1,5.43229891834,2.0,6,0.015015015015,0,0.354626654327,-0.631581044642,5,888
860,1,4.72099409125,0.0,10,0.015015015015,0,-0.249344525319,0.469027667204,5,933
861,1,9.12824518539,3.0,10,0.017017017017,0,1.03962405275,1.00937302715,5,918
862,1,6.87059937771,6.0,9,0.013013013013,0,1.03265798826,-1.22737458708,5,916
863,1,3.42024031333,3.0,15,0.019019019019,0,-0.00229929254325,-1.57286180904,5,921
864,1,4.40428526664,2.0,5,0.016016016016,0,-0.249630630483,0.153177158092,5,856
865,1,3.71317308447,3.0,5,0.016016016016,0,0.011275485643,-1.32065337246,5,850
866,1,4.72118011386,1.0,8,0.015015015015,0,0.431051827677,-1.57197536917,5,874
867,1,3.64231301615,3.0,6,0.017017017017,0,-0.617439754378,0.494632279289,5,843
868,1,7.2821711964,7.0,11,0.016016016016,0,1.27507875797,-1.54306507752,5,904
869,1,5.20653110948,4.0,11,0.015015015015,0,-0.0377851966598,0.319886699456,5,876
870,1,5.47758194512,4.0,9,0.016016016016,0,-0.306102380617,1.39588908697,5,852
871,1,5.14721438965,3.0,7,0.017017017017,0,-0.719018032913,2.30426848839,5,799
872,1,2.66489229729,1.0,4,0.018018018018,0,-0.508531096246,-0.809514413967,5,683
873,1,-1.83479514902,,0,0.016016016016,1,-1.94968229883,-0.985748252527,5,81
874,1,3.01346426897,3.0,5,0.017017017017,0,-0.657852215901,-0.0129790833313,5,754
875,1,6.41178073315,6.0,7,0.014014014014,1,0.489609392639,-0.0570474447693,5,801
876,1,6.9860948665,5.0,17,0.018018018018,0,0.517775350382,0.432768815355,5,939
877,1,9.49851752536,7.0,11,0.017017017017,0,1.07851881863,1.26296106946,5,848
878,1,4.93721579143,4.0,5,0.017017017017,1,0.440262616444,-1.3835720579,5,735
879,1,5.77081173484,5.0,9,0.017017017017,0,-0.0591616367949,0.948296645223,5,785
880,1,5.49468696496,5.0,9,0.016016016016,0,0.128511860209,0.109151384329,5,769
881,1,0.586864688748,0.0,1,0.018018018018,1,-1.19800925065,-0.819107559313,5,141
882,1,4.1555474619,3.0,14,0.015015015015,0,-0.350724590937,0.207721234712,5,923
883,1,5.35676420851,3.0,14,0.017017017017,0,-0.659982731778,2.33671240384,5,873
884,1,9.33924124453,9.0,12,0.015015015015,0,1.03260107332,1.24143802456,5,834
885,1,6.89613975582,5.0,12,0.017017017017,0,0.705247034323,-0.219601347144,5,803
886,1,6.17450442619,2.0,7,0.016016016016,0,0.43179936723,-0.120893675497,5,751
887,1,3.29145981385,2.0,6,0.017017017017,0,-0.564136897021,-0.0161294950843,5,767
888,1,4.10568257982,1.0,5,0.017017017017,0,-0.476534989978,0.535287549753,5,669
889,1,5.00297190172,5.0,8,0.018018018018,0,0.0282574328768,-0.08180039691,5,746
890,1,6.19909101069,1.0,7,0.015015015015,0,0.476969897795,-0.231818682699,5,792
891,1,3.65369495312,3.0,4,0.017017017017,1,-0.237794144626,-0.632922613002,5,653
892,1,4.39441051534,4.0,6,0.016016016016,0,-0.157313472054,-0.133649068495,5,713
893,1,7.069035585,6.0,13,0.016016016016,0,0.955224760984,-0.796638697957,5,862
894,1,10.35194092,4.0,12,0.014014014014,0,1.93844549579,-0.463395567429,5,915
895,1,8.23082290307,7.0,11,0.012012012012,0,1.25272611544,-0.527355443234,5,966
896,1,4.21828761829,4.0,6,0.017017017017,0,-0.476030426812,0.646378898729,5,531
897,1,8.05825421182,8.0,12,0.015015015015,0,1.31756868561,-0.89445184502,5,893
898,1,8.27019963463,8.0,10,0.016016016016,0,0.730134706302,1.07979551572,5,855
899,1,3.21875375273,3.0,4,0.018018018018,1,-0.289819782261,-0.911786900488,5,244
900,1,3.62333306544,3.0,6,0.016016016016,0,-0.540584903792,0.245087776821,5,431
901,1,8.44654418581,8.0,16,0.016016016016,0,0.699416698433,1.34829409051,5,973
902,1,0.419030217998,0.0,1,0.015015015015,1,-1.98657179165,1.37874559295,5,62
903,1,-0.902845485729,,0,0.016016016016,1,-2.14164750548,0.522097030721,5,56
904,1,3.61931531954,2.0,4,0.017017017017,0,0.0467132638772,-1.5208244721,5,319
905,1,9.8176658613,9.0,14,0.016016016016,0,1.43903865692,0.500549890539,5,883
906,1,5.65701870239,5.0,6,0.018018018018,1,-0.0489758564458,0.803946271729,5,320
907,1,-3.61129180792,,2,0.016016016016,0,-2.78612528241,-0.252915960702,5,169
908,1,6.07128816285,5.0,13,0.015015015015,0,0.41091488295,-0.161456486004,5,819
909,1,8.39514272586,8.0,10,0.015015015015,0,1.12218631439,0.0285837826741,5,787
910,1,5.79195893994,5.0,6,0.015015015015,1,0.398884515475,-0.404694606483,5,554
911,1,6.54150295969,6.0,7,0.018018018018,1,0.703347783004,-0.568540389324,5,544
912,1,3.81930780757,3.0,13,0.015015015015,0,-0.445561032609,0.1559909054,5,802
913,1,3.94799962902,3.0,9,0.017017017017,0,-0.592881692063,0.726644705213,5,755
914,1,5.30498290724,2.0,9,0.015015015015,0,0.00797839777995,0.281047713905,5,777
915,1,9.46386016586,7.0,13,0.016016016016,0,1.85098720979,-1.08910146351,5,800
916,1,3.36156667941,2.0,5,0.017017017017,0,-0.417831032363,-0.384940223501,5,575
917,1,5.60534412011,2.0,16,0.016016016016,0,0.0967329708849,0.315145207457,5,870
918,1,4.05331833997,3.0,7,0.017017017017,0,-0.2593537143,-0.16862051713,5,581
919,1,1.09388066319,1.0,2,0.016016016016,1,-1.51623364093,0.642581585976,5,280
920,1,6.48966651018,5.0,7,0.015015015015,0,0.600532500154,-0.311930990281,5,617
921,1,6.65899650454,5.0,12,0.017017017017,0,0.548944368674,0.0121633985165,5,752
922,1,6.46863332558,2.0,11,0.016016016016,0,0.43030373661,0.177722115752,5,701
923,1,7.64381220623,6.0,12,0.017017017017,0,0.493374589689,1.16368843717,5,659
924,1,7.66102914831,2.0,8,0.017017017017,0,0.868645084042,0.0550938961872,5,562
925,1,7.22939974088,6.0,8,0.016016016016,0,1.19702524483,-1.36167599362,5,467
926,1,-4.69303696583,,0,0.016016016016,1,-2.84299591999,-1.16404920585,5,42
927,1,7.47005633808,5.0,9,0.016016016016,0,0.958265904017,-0.404741373973,5,423
928,1,8.28330872215,8.0,12,0.014014014014,0,0.832226483676,0.786629271123,5,638
929,1,8.62576035273,7.0,9,0.016016016016,0,1.24615386103,-0.112701230353,5,404
930,1,7.58542332836,5.0,8,0.015015015015,0,0.910726258564,-0.146755447337,5,350
931,1,4.35889077118,0.0,10,0.017017017017,0,-0.578016802384,1.09294117833,5,316
932,1,2.35272632849,1.0,4,0.018018018018,0,-0.852258259654,-0.0904988925483,5,68
933,1,5.62491375333,,9,0.016016016016,0,0.104548565859,0.311268055754,5,152
934,1,0.3857095222,,4,0.018018018018,0,-1.62474913274,0.259956920434,5,61
935,1,4.47362866098,2.0,5,0.017017017017,0,-0.702994369109,1.58261176831,5,76
936,1,-4.72529913305,,1,0.016016016016,0,-2.93849361762,-0.909818280179,5,19
937,1,2.60946506979,1.0,13,0.018018018018,0,-0.31427365028,-1.44771397937,5,239
938,1,1.28906280583,1.0,8,0.017017017017,0,-1.25780697175,0.0624837210732,5,134
939,1,0.862498199992,,7,0.016016016016,0,-1.4411726881,0.18601626428,5,77
940,1,-0.0935087781487,,0,0.015015015015,1,-1.90501069145,0.6215232962,5,7
941,1,1.9684884845,,2,0.016016016016,0,-1.25347473402,0.728912686564,5,47
942,1,3.98186651629,2.0,7,0.017017017017,0,-0.348915216392,0.0286121654683,5,91
943,1,3.77441835468,,8,0.016016016016,0,-0.368847778303,-0.119038310412,5,158
944,1,7.33415437901,6.0,11,0.017017017017,0,0.18867092797,1.7681415951,5,218
945,1,1.89593890971,1.0,2,0.017017017017,1,-1.03598585022,0.00389646037149,5,73
946,1,5.91293222682,4.0,7,0.015015015015,0,0.713628677291,-1.22795380505,5,208
947,1,9.78283315228,9.0,12,0.013013013013,0,1.67974402073,-0.256398909898,5,439
948,1,3.61373818637,1.0,4,0.015015015015,0,-0.270480991902,-0.574818837925,5,171
949,1,4.10716953374,3.0,14,0.016016016016,0,-0.104219623694,-0.580171595177,5,407
950,1,6.77658726876,2.0,12,0.015015015015,0,0.368329051879,0.67160011312,5,399
951,1,8.84876436417,2.0,9,0.016016016016,0,1.27930179097,0.0108589912695,5,322
952,1,1.78530703294,1.0,3,0.017017017017,0,-1.47741181269,1.217542471,5,180
953,1,11.3018898763,5.0,15,0.016016016016,0,1.93485653534,0.497320270315,5,556
954,1,9.46958740052,7.0,10,0.016016016016,0,1.1263298259,1.09059792282,5,387
955,1,6.12489684023,6.0,7,0.015015015015,1,0.619060724973,-0.732285334693,5,336
956,1,2.77194713708,2.0,4,0.017017017017,0,-0.761664501039,0.0569406401943,5,192
957,1,1.15821764748,1.0,2,0.015015015015,1,-1.58215289024,0.904676318216,5,177
958,1,7.45400876525,5.0,15,0.018018018018,0,0.602791676937,0.645633734443,5,462
959,1,2.6981583589,0.0,14,0.019019019019,0,-0.838825174773,0.214633883218,5,397
960,1,7.53388270119,3.0,16,0.019019019019,0,0.918761529551,-0.222401887467,5,454
961,1,6.26970538071,6.0,9,0.014014014014,0,0.430774244636,-0.0226173532006,5,354
962,1,1.40317822664,1.0,2,0.016016016016,1,-1.37018211778,0.513724579974,5,166
963,1,6.27858559625,6.0,9,0.019019019019,0,0.624440229282,-0.594735091598,5,325
964,1,7.85187270196,2.0,9,0.016016016016,0,0.938952246378,0.0350159628261,5,349
965,1,0.734823039745,,1,0.015015015015,0,-1.27202466153,-0.449102975678,5,107
966,1,4.10283790064,2.0,6,0.016016016016,0,-0.489494757873,0.571322174255,5,269
967,1,3.29276744588,1.0,4,0.016016016016,0,-0.335873864342,-0.6996109611,5,198
968,1,4.92859701506,3.0,5,0.017017017017,0,-0.451948654534,1.28444297866,5,214
969,1,6.35594505368,6.0,14,0.016016016016,0,0.660893623543,-0.626735816955,5,595
970,1,0.458353693801,,1,0.018018018018,0,-1.88881108559,1.12478695057,5,27
971,1,5.31433118625,5.0,11,0.017017017017,0,0.146696223935,-0.125757485555,5,417
972,1,4.45534173127,4.0,5,0.014014014014,1,-0.00136609861271,-0.540559972892,5,385
973,1,6.82149515064,4.0,7,0.016016016016,0,0.906635517352,-0.898411401411,5,393
974,1,1.68622895201,,2,0.017017017017,0,-0.738452223344,-1.09841437795,5,115
975,1,5.17267103036,5.0,8,0.016016016016,0,-0.020561505142,0.234355545783,5,426
976,1,5.37051909027,4.0,10,0.015015015015,0,0.237673759551,-0.342502188388,5,452
977,1,7.37109626053,4.0,14,0.015015015015,0,1.08840611235,-0.89412207653,5,567
978,1,4.29608206666,3.0,11,0.015015015015,0,-0.362364189081,0.383174633907,5,466
979,1,6.34120669498,5.0,7,0.015015015015,0,0.72675580724,-0.839060726737,5,390
980,1,5.83101756589,5.0,17,0.018018018018,0,0.240751032623,0.108764468019,5,720
981,1,8.77720187592,6.0,10,0.016016016016,0,1.27263285282,-0.040696682538,5,429
982,1,1.52513379949,,3,0.015015015015,0,-1.10775633133,-0.151597206506,5,138
983,1,6.30106641362,5.0,12,0.017017017017,0,0.37199397471,0.185084489488,5,463
984,1,2.81886978553,2.0,3,0.015015015015,1,-1.24670096017,1.55897266605,5,150
985,1,3.65262966645,,8,0.015015015015,0,-0.511150025105,0.186079741769,5,343
986,1,3.04090124171,3.0,4,0.016016016016,1,-0.371377452608,-0.844966400468,5,160
987,1,5.28029413257,5.0,6,0.016016016016,1,0.0235423739753,0.209667010643,5,235
988,1,4.54948984262,2.0,5,0.016016016016,0,0.0102869155797,-0.481370904117,5,207
989,1,-2.1414012915,,1,0.016016016016,0,-2.1494449814,-0.693066347315,5,40
990,1,6.05984400505,6.0,12,0.019019019019,0,0.719178047054,-1.09769013611,5,333
991,1,5.09753882138,2.0,6,0.015015015015,0,-0.0862993032712,0.356436731193,5,254
992,1,0.825723138158,0.0,3,0.017017017017,0,-0.907150389833,-1.45282569234,5,86
993,1,5.75278057849,5.0,9,0.016016016016,0,0.166179910339,0.254240847474,5,264
994,1,5.05732365456,4.0,7,0.017017017017,0,-0.138521249589,0.472887403327,5,256
995,1,4.80560759045,4.0,8,0.014014014014,0,0.256290892287,-0.963265086409,5,339
996,1,5.7038187944,3.0,16,0.016016016016,0,0.264566718234,-0.0898813602967,5,844
997,1,-0.629660092023,,0,0.014014014014,1,-1.6981532817,-0.535200246924,5,36
998,1,7.66661556525,4.0,15,0.017017017017,0,0.827418442716,0.184360237098,5,420
999,1,9.355267149,8.0,10,0.016016016016,0,1.42775709275,0.071995870742,5,359
