name,activated,threshold,before_activation_alters,after_activation_alters,degree,observed,var1,epsilon,constant,activation_order
0,0,8.0695949508,0.0,,0.012012012012,0,0.93381470284,0.268150842283,5,124
1,0,5.8638747708,2.0,,0.012012012012,0,0.430817558395,-0.428577904386,5,132
2,0,4.79074921759,2.0,,0.011011011011,0,0.139209832574,-0.626880280127,5,33
3,0,10.9234471676,3.0,,0.012012012012,0,1.88125493078,0.279682375275,5,134
4,0,4.51471883146,4.0,,0.012012012012,0,0.335188519561,-1.49084672722,5,245
5,0,4.17697570061,4.0,,0.01001001001,0,-0.481075301015,0.620201603657,5,234
6,0,5.4423462794,3.0,,0.013013013013,0,0.232372778488,-0.254772056064,5,103
7,1,-3.21009445738,,0.0,0.012012012012,1,-2.50603563595,-0.691987549527,5,74
8,1,-0.0905907379203,,1.0,0.012012012012,0,-1.70580914188,0.0268366877311,5,102
9,1,2.81312591398,2.0,4.0,0.011011011011,0,-0.803975469682,0.22505232303,5,209
10,1,6.4818105512,6.0,7.0,0.011011011011,1,0.58996533482,-0.288085453256,5,222
11,0,14.3074528475,9.0,,0.011011011011,0,3.25686969186,-0.463156228031,5,223
12,1,6.96461262758,4.0,9.0,0.012012012012,0,0.227137634607,1.28319972376,5,245
13,1,5.69072894552,3.0,6.0,0.011011011011,0,0.0439379944807,0.558914962081,5,203
14,1,4.45934414908,4.0,5.0,0.011011011011,1,-0.626942554647,1.34017181302,5,199
15,1,6.97170903589,6.0,8.0,0.01001001001,0,0.166300246938,1.47280829507,5,205
16,1,1.91084630779,0.0,2.0,0.013013013013,0,-0.666389648613,-1.08998474637,5,112
17,1,3.55225558214,3.0,4.0,0.011011011011,1,-0.482128017718,-0.00136036470669,5,201
18,1,3.17514797346,3.0,6.0,0.012012012012,0,-0.989098315617,1.14244292031,5,175
19,1,2.32500825208,1.0,3.0,0.014014014014,0,-0.0858093635677,-2.41756365722,5,108
20,1,1.72782437987,1.0,2.0,0.011011011011,1,-0.570846859372,-1.55963504202,5,94
21,1,3.31653920594,3.0,5.0,0.012012012012,0,-0.143897463457,-1.25176840368,5,138
22,1,6.9587613407,6.0,9.0,0.011011011011,0,0.497476863299,0.466330750805,5,215
23,1,0.857453272286,,2.0,0.014014014014,0,-0.919410319058,-1.38431577054,5,84
24,1,6.27722128204,,9.0,0.012012012012,0,0.237946489192,0.563381814461,5,141
25,1,3.36050894275,3.0,6.0,0.011011011011,0,-0.505938146978,-0.121676616318,5,103
26,1,-3.0774483223,,2.0,0.015015015015,0,-2.38488435313,-0.922795262922,5,53
27,1,-0.0337482228147,,2.0,0.011011011011,0,-1.96663551234,0.866158314211,5,35
28,1,5.7945231772,2.0,10.0,0.011011011011,0,0.475478343542,-0.631911853429,5,194
29,1,4.98925623667,,5.0,0.014014014014,0,-0.147932171354,0.433052750738,5,55
30,1,-2.94210907739,,8.0,0.014014014014,0,-2.43479042481,-0.63773780295,5,92
31,1,0.342451321751,,1.0,0.013013013013,0,-1.28873738967,-0.791336509246,5,18
32,1,2.26800460609,0.0,9.0,0.013013013013,0,-1.08496122538,0.522888282217,5,115
33,1,-0.978769900061,,0.0,0.012012012012,1,-2.09961504636,0.320075239028,5,13
34,1,1.71467312349,1.0,3.0,0.011011011011,0,-1.28039286836,0.555851728579,5,58
35,1,1.61405948951,0.0,2.0,0.011011011011,0,-0.845205105775,-0.850325193164,5,49
36,1,5.72436968189,,6.0,0.012012012012,0,0.552791318711,-0.934004274247,5,81
37,1,3.20611113828,,5.0,0.013013013013,0,-0.887563816908,0.868802589007,5,77
38,1,3.89047040412,1.0,7.0,0.012012012012,0,-0.479041614388,0.327595247285,5,85
39,0,10.0428261546,5.0,,0.01001001001,0,1.41474542931,0.798589866622,5,285
40,0,8.25258554861,6.0,,0.012012012012,0,1.37064164493,-0.859339386175,5,1
41,0,8.45331027549,5.0,,0.012012012012,0,1.10104650666,0.150170755492,5,291
42,1,-0.38204896717,,0.0,0.013013013013,1,-1.96964848261,0.526896480651,5,42
43,0,4.74617937678,3.0,,0.013013013013,0,-0.569174729113,1.45370356412,5,124
44,0,3.89557328594,2.0,,0.011011011011,0,-0.401165884755,0.099070940201,5,112
45,0,5.86184236842,2.0,,0.014014014014,0,-0.149807342609,1.31126439625,5,77
46,0,4.48235966261,1.0,,0.012012012012,0,0.648848656586,-2.46418630714,5,178
47,0,3.20516359272,2.0,,0.011011011011,0,-0.741010199618,0.428194191573,5,227
48,0,9.07761107881,2.0,,0.012012012012,0,0.818311069446,1.62267787047,5,127
49,0,7.24293440262,2.0,,0.012012012012,0,0.531880696419,0.647292313367,5,40
50,0,2.31992067211,1.0,,0.014014014014,0,-1.17790726336,0.853642462199,5,224
51,1,-0.017693476989,,0.0,0.012012012012,1,-2.12575077935,1.35955886106,5,154
52,0,7.59839359869,2.0,,0.01001001001,0,0.79030311456,0.227484255006,5,228
53,0,10.3170920611,2.0,,0.011011011011,0,1.68443276466,0.263793767142,5,183
54,0,5.94330291005,1.0,,0.011011011011,0,0.470824904168,-0.469171802457,5,177
55,0,2.80014270069,2.0,,0.012012012012,0,-0.5678058746,-0.496439675508,5,188
56,0,2.80772497013,2.0,,0.012012012012,0,-0.160165931258,-1.71177723609,5,200
57,1,0.948734620283,0.0,2.0,0.011011011011,0,-1.75935795205,1.22680847642,5,235
58,0,3.99113958488,1.0,,0.011011011011,0,0.0180302506653,-1.06295116712,5,167
59,0,9.55626894871,1.0,,0.011011011011,0,0.979840836724,1.61674643854,5,203
60,0,7.71993347285,1.0,,0.011011011011,0,1.03005160923,-0.370221354846,5,134
61,0,4.38757873385,1.0,,0.013013013013,0,-0.79566753497,1.77458133876,5,29
62,0,9.62327294921,1.0,,0.012012012012,0,0.94668632148,1.78321398477,5,1
63,0,2.98805045639,2.0,,0.012012012012,0,-1.26741376668,1.79029175644,5,138
64,0,2.32827159357,0.0,,0.013013013013,0,-0.694532650723,-0.588130454265,5,48
65,0,3.45504272727,1.0,,0.013013013013,0,-0.333383150216,-0.544807822077,5,165
66,0,3.37659165247,1.0,,0.01001001001,0,-0.793146764505,0.756031945985,5,30
67,0,8.09313228679,1.0,,0.013013013013,0,0.50634586651,1.57409468726,5,26
68,0,1.14379455869,0.0,,0.011011011011,0,-1.75016576722,1.39429186034,5,119
69,0,2.57721758759,0.0,,0.011011011011,0,-0.639011148262,-0.505748967629,5,41
70,0,7.85388536821,0.0,,0.013013013013,0,0.963955826356,-0.0379821108539,5,109
71,0,5.12343177637,1.0,,0.013013013013,0,-0.0598487429115,0.302978005105,5,107
72,0,9.44352572345,0.0,,0.011011011011,0,1.25313213225,0.684129326709,5,40
73,0,3.39221891015,2.0,,0.013013013013,0,-0.654472360146,0.355635990584,5,65
74,0,2.30470393672,1.0,,0.012012012012,0,-0.728844309053,-0.508763136117,5,59
75,0,7.32033540773,1.0,,0.012012012012,0,0.653668982249,0.359328460979,5,28
76,0,9.21927341278,2.0,,0.013013013013,0,1.44959818253,-0.129521134802,5,81
77,0,3.98129634326,1.0,,0.012012012012,0,-0.270732875403,-0.206505030535,5,44
78,0,2.1971256819,1.0,,0.012012012012,0,-1.06768216501,0.400172176924,5,47
79,1,1.4062235288,1.0,2.0,0.013013013013,1,-1.077720117,-0.360616120191,5,97
80,0,2.26894192534,2.0,,0.012012012012,0,-0.730669012645,-0.539051036729,5,45
81,0,8.8693046738,2.0,,0.011011011011,0,1.6040389457,-0.942812163313,5,49
82,0,9.03606561476,2.0,,0.012012012012,0,1.42556474165,-0.240628610193,5,17
83,0,6.04216212078,1.0,,0.01001001001,0,0.514094486489,-0.500121338691,5,63
84,1,-1.42598756345,,0.0,0.01001001001,1,-1.73692691013,-1.21520683306,5,60
85,0,3.10405908491,3.0,,0.012012012012,0,-1.12586250451,1.48164659843,5,7
86,0,2.97537814753,2.0,,0.014014014014,0,-0.491946839981,-0.548781332528,5,231
87,0,3.89961559937,2.0,,0.012012012012,0,-0.424454800217,0.172980000023,5,70
88,0,5.55482627676,2.0,,0.013013013013,0,0.0467577749389,0.41455295194,5,32
89,0,11.0429206721,1.0,,0.012012012012,0,2.13570074205,-0.364181554036,5,87
90,1,-4.77401047199,,0.0,0.011011011011,1,-3.13141771358,-0.379757331247,5,7
91,0,5.09826832826,1.0,,0.012012012012,0,-0.0277508162273,0.181520776947,5,26
92,0,5.65505760371,4.0,,0.013013013013,0,-0.0960353979938,0.943163797695,5,194
93,0,4.54912777889,1.0,,0.011011011011,0,0.622187023045,-2.31743329024,5,92
94,0,3.19599680909,2.0,,0.012012012012,0,-0.408784740411,-0.57764896968,5,89
95,0,9.3319361931,3.0,,0.014014014014,0,1.18583669994,0.774426093279,5,195
96,0,8.7311511342,1.0,,0.013013013013,0,1.09840641666,0.435931884207,5,331
97,0,7.45680867088,0.0,,0.011011011011,0,0.394384177861,1.2736561373,5,284
98,0,2.52519329771,1.0,,0.012012012012,0,-0.498346080466,-0.979768460891,5,375
99,0,2.98897170003,0.0,,0.012012012012,0,-1.01988000028,1.04861170086,5,389
100,0,7.46281641562,1.0,,0.012012012012,0,0.671468827803,0.448409932211,5,362
101,0,4.54681346631,2.0,,0.012012012012,0,-0.206974691998,0.167737542304,5,131
102,0,4.39287922886,3.0,,0.012012012012,0,-0.0475767280196,-0.464390587081,5,345
103,0,3.18889124241,2.0,,0.011011011011,0,-0.55525510273,-0.145343449398,5,109
104,0,6.9140607347,2.0,,0.012012012012,0,0.629449357766,0.025712661401,5,90
105,0,9.07795745245,1.0,,0.01001001001,0,1.16321399821,0.588315457837,5,69
106,1,0.275560052016,0.0,1.0,0.012012012012,1,-0.969422478928,-1.8161725112,5,69
107,1,-3.89764031854,,0.0,0.012012012012,1,-2.2735237741,-2.07706899623,5,51
108,0,9.0645462692,1.0,,0.012012012012,0,1.55781953721,-0.608912342427,5,23
109,0,3.97444895899,3.0,,0.012012012012,0,-0.340170618069,-0.00503918680029,5,87
110,0,8.48968076141,3.0,,0.012012012012,0,0.694286305654,1.40682184445,5,101
111,0,8.76555726735,3.0,,0.012012012012,0,1.17321631711,0.245908316018,5,19
112,0,6.08166199452,3.0,,0.013013013013,0,0.158643407558,0.605731771847,5,6
113,0,4.02730042275,2.0,,0.013013013013,0,-0.25519124583,-0.207125839759,5,14
114,0,7.97990643741,2.0,,0.013013013013,0,0.662647616032,0.991963589319,5,94
115,1,-0.196880990187,,0.0,0.012012012012,1,-1.26524750452,-1.40113847664,5,5
116,0,11.3092284847,2.0,,0.011011011011,0,2.20818933301,-0.315339514308,5,210
117,0,5.64438414101,3.0,,0.012012012012,0,0.400741187384,-0.557839421139,5,138
118,0,6.32318567748,2.0,,0.013013013013,0,0.52381721691,-0.248265973249,5,175
119,0,7.87315959231,2.0,,0.012012012012,0,-0.266862513191,3.67374713188,5,157
120,0,3.59814725133,3.0,,0.012012012012,0,0.0555451923594,-1.56848832575,5,148
121,0,12.9127133378,2.0,,0.012012012012,0,2.45355441961,0.552050078998,5,108
122,1,1.98614365215,1.0,2.0,0.013013013013,1,-0.663169763096,-1.02434705856,5,223
123,0,2.64370191322,1.0,,0.011011011011,0,-0.411572803216,-1.12157967714,5,99
124,0,2.97468572065,1.0,,0.011011011011,0,-0.485325586933,-0.569337518555,5,151
125,0,11.9751136833,1.0,,0.012012012012,0,2.38008724655,-0.165148056356,5,155
126,0,7.86649641143,1.0,,0.012012012012,0,1.02316018252,-0.202984136144,5,150
127,0,4.04897327315,1.0,,0.011011011011,0,-0.469746085819,0.458211530607,5,119
128,0,6.42309876141,1.0,,0.013013013013,0,0.187535465205,0.860492365799,5,19
129,0,6.20098082354,2.0,,0.011011011011,0,0.498116657386,-0.29336914862,5,173
130,0,3.36767726664,3.0,,0.012012012012,0,-1.03298557768,1.46663399968,5,179
131,0,8.77191729384,2.0,,0.011011011011,0,1.1964345548,0.182613629435,5,68
132,0,7.09901090811,2.0,,0.011011011011,0,0.680133866741,0.0586093078894,5,140
133,1,0.0581353583213,,2.0,0.013013013013,0,-1.10701128444,-1.62083078836,5,40
134,0,6.27371467983,5.0,,0.013013013013,0,0.071919919053,1.05795492267,5,56
135,1,-0.139111348757,,0.0,0.011011011011,1,-0.853009782566,-2.58008200106,5,22
136,1,-0.238016488055,,1.0,0.013013013013,0,-1.85301696735,0.321034413985,5,27
137,0,14.0047241705,4.0,,0.012012012012,0,2.95890534831,0.12800812561,5,407
138,0,6.08998068461,5.0,,0.013013013013,0,0.477541626408,-0.342644194611,5,122
139,1,2.37913683328,1.0,3.0,0.013013013013,0,-0.910217530292,0.109789424153,5,59
140,0,5.12209380433,4.0,,0.013013013013,0,-0.033051457905,0.221248178049,5,411
141,0,4.51828750281,3.0,,0.012012012012,0,-0.541791475209,1.14366192844,5,338
142,0,10.0475179773,5.0,,0.013013013013,0,1.36090045367,0.964816616259,5,333
143,0,1.72787343066,1.0,,0.012012012012,0,-1.10169617717,0.0329619621549,5,337
144,0,10.8217820974,2.0,,0.011011011011,0,1.53081923742,1.22932438516,5,344
145,1,0.777514482363,0.0,1.0,0.014014014014,1,-1.7019169048,0.883265196761,5,82
146,0,7.57164723382,1.0,,0.011011011011,0,0.528014461779,0.987603848486,5,347
147,0,2.45812190451,1.0,,0.012012012012,0,-0.915760295899,0.205402792211,5,335
148,0,4.41039118645,1.0,,0.012012012012,0,-0.620746498736,1.27263068266,5,116
149,0,3.89434744128,1.0,,0.014014014014,0,-0.45989992258,0.274047209024,5,248
150,0,4.31783038206,1.0,,0.012012012012,0,-0.316959352121,0.268708438425,5,317
151,0,4.20840298791,1.0,,0.012012012012,0,-0.00780042758969,-0.768195729323,5,327
152,0,4.64854069221,0.0,,0.013013013013,0,0.0673693611434,-0.55356739122,5,330
153,0,4.27396543851,0.0,,0.01001001001,0,-0.301155820719,0.177432900667,5,333
154,0,2.3782761162,1.0,,0.012012012012,0,-1.32176979675,1.34358550646,5,329
155,0,0.691798385303,0.0,,0.012012012012,0,-1.57039071593,0.40297053308,5,325
156,0,2.3104105971,1.0,,0.012012012012,0,-0.550450830797,-1.03823691051,5,170
157,0,3.55934768153,0.0,,0.01001001001,0,-0.173264559192,-0.920858640895,5,140
158,0,5.98618248193,0.0,,0.012012012012,0,0.49771258681,-0.506955278502,5,310
159,0,7.63618780293,1.0,,0.01001001001,0,1.22466210138,-1.0377985012,5,279
160,0,0.96037612269,0.0,,0.013013013013,0,-1.12733229699,-0.65762698635,5,118
161,0,5.25748271974,0.0,,0.012012012012,0,-0.27175656006,1.07275239992,5,188
162,0,2.02778614794,1.0,,0.011011011011,0,-0.482060982264,-1.52603090527,5,61
163,0,5.97223737373,1.0,,0.013013013013,0,0.440787259015,-0.350124403309,5,38
164,0,4.01691369646,1.0,,0.014014014014,0,-0.600404588053,0.818127460623,5,6
165,0,8.73045284286,1.0,,0.012012012012,0,0.965310955279,0.83451997702,5,271
166,0,7.98799634724,1.0,,0.011011011011,0,0.879545593163,0.34935956775,5,76
167,0,6.68078770191,1.0,,0.013013013013,0,1.08977225943,-1.58852907638,5,274
168,0,6.38559304152,1.0,,0.014014014014,0,0.543014589233,-0.243450726182,5,5
169,0,4.46285621947,3.0,,0.013013013013,0,0.53464598347,-2.14108173094,5,258
170,0,8.22252070829,2.0,,0.00900900900901,0,1.38988927531,-0.947147117639,5,280
171,0,2.61910797323,2.0,,0.012012012012,0,-1.15594823987,1.08695269283,5,269
172,0,3.48902479024,2.0,,0.012012012012,0,-0.0657525387273,-1.31371759358,5,276
173,1,0.405813117678,0.0,1.0,0.013013013013,1,-1.01819937487,-1.5395887577,5,105
174,0,2.83643633888,1.0,,0.012012012012,0,-0.406081635336,-0.945318755114,5,61
175,1,-5.44852353267,,0.0,0.013013013013,1,-2.88739138459,-1.78634937891,5,83
176,0,6.015585645,3.0,,0.012012012012,0,-0.0219080269428,1.08130972582,5,76
177,0,5.5028242528,2.0,,0.011011011011,0,0.341661461542,-0.522160131828,5,11
178,0,4.24476370065,2.0,,0.012012012012,0,-0.141991863621,-0.329260708486,5,9
179,0,7.85265920892,2.0,,0.011011011011,0,0.603116821581,1.04330874417,5,298
180,0,5.68993169709,1.0,,0.012012012012,0,-0.260850261438,1.4724824814,5,55
181,0,3.35787581608,2.0,,0.012012012012,0,-0.670804075807,0.370288043505,5,1
182,0,4.09553660323,0.0,,0.012012012012,0,-0.207927885717,-0.280679739622,5,52
183,0,2.63689138067,0.0,,0.01001001001,0,-0.900471763574,0.338306671387,5,42
184,0,9.75967413944,0.0,,0.012012012012,0,1.7110665062,-0.373525379161,5,81
185,0,7.10135005163,1.0,,0.012012012012,0,0.238977503351,1.38441754157,5,250
186,0,5.99341974995,0.0,,0.01001001001,0,-0.265229725167,1.78910892546,5,244
187,0,8.2299682749,0.0,,0.012012012012,0,0.776614768723,0.900123968727,5,33
188,0,4.71626414544,0.0,,0.013013013013,0,0.30230410823,-1.19064817925,5,260
189,0,1.54845709389,0.0,,0.012012012012,0,-0.562992943758,-1.76256407483,5,243
190,0,10.747470336,0.0,,0.011011011011,0,2.12827905218,-0.637366820502,5,18
191,0,8.45686088983,0.0,,0.012012012012,0,1.00678536574,0.436504792622,5,151
192,0,1.9622633854,0.0,,0.011011011011,0,-0.798350396672,-0.642685424588,5,82
193,0,4.40533295891,0.0,,0.013013013013,0,-0.796645863969,1.79527055082,5,239
194,0,2.119146369,2.0,,0.013013013013,0,-0.798636729276,-0.484943443168,5,164
195,0,4.45623411533,0.0,,0.014014014014,0,-0.464274213548,0.84905675597,5,162
196,0,9.86613606139,1.0,,0.013013013013,0,1.52716906036,0.284628880314,5,91
197,0,7.31499864249,0.0,,0.011011011011,0,0.742529349727,0.0874105933094,5,158
198,0,7.48896645102,1.0,,0.014014014014,0,0.376691836948,1.35889094018,5,31
199,0,3.17128200451,1.0,,0.012012012012,0,-1.28682961897,2.03177086143,5,16
200,0,1.02271392479,1.0,,0.012012012012,0,-1.41768340662,0.275764144658,5,218
201,0,4.57356593717,0.0,,0.013013013013,0,-0.759737477056,1.85277836834,5,98
202,0,3.97653230501,0.0,,0.013013013013,0,-0.594216120274,0.75918066583,5,180
203,0,6.35951729582,0.0,,0.013013013013,0,0.436134743714,0.0511130646747,5,6
204,0,2.80500867348,0.0,,0.013013013013,0,0.0513537591062,-2.34905260384,5,193
205,0,4.13875772173,0.0,,0.013013013013,0,-0.60532071572,0.954719868895,5,223
206,0,5.27200480667,0.0,,0.011011011011,0,-0.0705911599957,0.483778286653,5,209
207,0,5.85246500599,0.0,,0.012012012012,0,0.348840346721,-0.194056034174,5,197
208,0,6.57842500535,1.0,,0.013013013013,0,0.191038370441,1.00530989403,5,204
209,0,6.9404139254,1.0,,0.013013013013,0,0.815660874729,-0.506568698788,5,225
210,0,11.69942593,0.0,,0.013013013013,0,1.85054364233,1.14779500304,5,244
211,0,3.09220210511,0.0,,0.012012012012,0,-0.151162916844,-1.45430914436,5,246
212,0,6.62681443172,0.0,,0.012012012012,0,0.650680873364,-0.325228188369,5,265
213,0,0.418184613007,0.0,,0.012012012012,0,-1.33836497344,-0.566720466664,5,242
214,0,6.93015169982,0.0,,0.012012012012,0,0.918845548288,-0.826384945043,5,207
215,0,10.0717426438,0.0,,0.012012012012,0,1.25155812335,1.31706827374,5,256
216,0,9.86093278411,1.0,,0.012012012012,0,1.84754677117,-0.681707529394,5,237
217,0,5.42190927519,1.0,,0.011011011011,0,0.262534357718,-0.365693797969,5,239
218,0,10.2485030916,1.0,,0.012012012012,0,1.66539933893,0.252305074829,5,15
219,0,4.12161395363,2.0,,0.012012012012,0,-0.906595090968,1.84139922653,5,39
220,0,8.80879868187,2.0,,0.011011011011,0,1.06673059438,0.608606898724,5,254
221,0,8.64967004112,3.0,,0.013013013013,0,1.03809386898,0.535388434168,5,108
222,1,-0.739689257342,,0.0,0.013013013013,1,-1.58519051155,-0.984117722692,5,41
223,0,7.67472965389,1.0,,0.012012012012,0,0.923245947148,-0.0950081875487,5,91
224,0,5.03827034937,1.0,,0.013013013013,0,0.295932045298,-0.849525786525,5,128
225,0,9.59259429604,1.0,,0.012012012012,0,1.27751178759,0.760058933284,5,295
226,0,2.17987320096,1.0,,0.011011011011,0,-0.798455804597,-0.424759385245,5,75
227,0,7.4287781018,2.0,,0.011011011011,0,0.479908369858,0.98905299223,5,255
228,0,7.48245235677,1.0,,0.01001001001,0,1.25171746903,-1.27270005033,5,304
229,0,3.86140360496,0.0,,0.012012012012,0,-0.217718545858,-0.485440757472,5,129
230,0,7.33424489845,0.0,,0.014014014014,0,0.515910485144,0.786513443014,5,216
231,0,6.51074180745,0.0,,0.012012012012,0,0.925415881857,-1.26550583812,5,219
232,0,4.54904555015,0.0,,0.011011011011,0,-0.220639336317,0.210963559098,5,263
233,0,8.21798070402,2.0,,0.013013013013,0,0.612810092687,1.37955042596,5,181
234,0,9.64693016844,0.0,,0.012012012012,0,1.85917660745,-0.930599653897,5,102
235,0,6.39000063597,0.0,,0.011011011011,0,0.464943202723,-0.00482897219825,5,260
236,0,6.01736534263,0.0,,0.011011011011,0,-0.138722000776,1.43353134495,5,202
237,0,6.55474734016,1.0,,0.012012012012,0,0.37863616277,0.418838851847,5,146
238,0,6.04432400112,1.0,,0.012012012012,0,0.147130246823,0.602933260648,5,79
239,0,1.50078903988,1.0,,0.012012012012,0,-1.37229135935,0.617663117918,5,247
240,0,1.61001356525,0.0,,0.012012012012,0,-1.11026687221,-0.0591858181302,5,12
241,0,0.0474730084521,0.0,,0.012012012012,0,-1.66831677244,0.0524233257779,5,143
242,0,1.28146919907,0.0,,0.013013013013,0,-1.26908339608,0.0887193873118,5,169
243,0,8.58425845045,0.0,,0.01001001001,0,0.999712311838,0.585121514931,5,190
244,0,4.58504333908,0.0,,0.012012012012,0,-0.364381702498,0.678188446576,5,193
245,0,5.60174829327,0.0,,0.011011011011,0,0.453796478873,-0.759641143348,5,192
246,0,8.73325974615,1.0,,0.012012012012,0,1.04691395379,0.592517884777,5,52
247,0,8.09729861072,0.0,,0.01001001001,0,1.52271936933,-1.47085949729,5,194
248,0,0.70432546969,0.0,,0.014014014014,0,-1.39699874255,-0.104678302671,5,46
249,0,5.19710100559,0.0,,0.012012012012,0,-0.0875617527958,0.459786263982,5,37
250,0,6.10621172897,0.0,,0.012012012012,0,0.970979567651,-1.80672697399,5,197
251,0,5.34641176518,0.0,,0.01001001001,0,0.290208083465,-0.524212485212,5,35
252,0,6.2967762101,1.0,,0.012012012012,0,0.455816412695,-0.0706730279802,5,43
253,0,2.31055003597,0.0,,0.013013013013,0,-0.532445774414,-1.09211264079,5,70
254,0,7.65850413228,0.0,,0.013013013013,0,0.753074927679,0.39927934924,5,163
255,0,7.82485447466,0.0,,0.013013013013,0,0.550766325556,1.17255549799,5,62
256,0,1.29507542547,1.0,,0.012012012012,0,-0.843639685079,-1.1740055193,5,75
257,0,8.06963923176,0.0,,0.012012012012,0,0.958242431119,0.194911938402,5,19
258,0,4.89121063008,0.0,,0.012012012012,0,-0.29160496862,0.766025535938,5,31
259,0,6.73681120877,0.0,,0.012012012012,0,0.559696625314,0.0577213328304,5,8
260,0,0.287958314729,0.0,,0.012012012012,0,-1.62077870105,0.150294417874,5,51
261,0,6.24645230137,0.0,,0.013013013013,0,-0.233747103437,1.94769361168,5,111
262,0,0.0252748069123,0.0,,0.011011011011,0,-1.86819793224,0.629868603647,5,68
263,0,4.03864785994,0.0,,0.012012012012,0,-0.549676978563,0.687678795627,5,125
264,0,3.57939432017,0.0,,0.012012012012,0,-0.423106697167,-0.151285588334,5,142
265,0,8.7850288409,1.0,,0.013013013013,0,1.3295862142,-0.203729801712,5,100
266,0,2.4043836869,0.0,,0.011011011011,0,-1.05991774783,0.584136930396,5,113
267,0,3.46702332344,0.0,,0.013013013013,0,0.595659303043,-3.31995458569,5,89
268,0,6.36920904128,1.0,,0.012012012012,0,0.416847348875,0.118666994652,5,215
269,0,7.96344830888,1.0,,0.012012012012,0,1.01666182445,-0.0865371644682,5,144
270,0,12.5579959438,1.0,,0.012012012012,0,1.97188108113,1.64235270045,5,173
271,0,6.38104472737,2.0,,0.012012012012,0,0.471927442385,-0.0347375997877,5,150
272,0,9.96667241676,1.0,,0.011011011011,0,1.20862505902,1.3407972397,5,170
273,0,10.7446006439,0.0,,0.012012012012,0,1.73690108294,0.533897395023,5,230
274,0,6.19227077278,2.0,,0.015015015015,0,0.0950288617126,0.907184187646,5,185
275,0,12.9226991277,1.0,,0.012012012012,0,1.98801301299,1.95866008877,5,171
276,1,-0.497877487326,,0.0,0.012012012012,1,-1.53676731159,-0.887575552557,5,6
277,0,6.27324697682,1.0,,0.00900900900901,0,0.436732608104,-0.0369508474952,5,88
278,0,8.26909989764,1.0,,0.012012012012,0,0.892931605983,0.590305079689,5,232
279,0,5.21623636615,2.0,,0.013013013013,0,0.318893454608,-0.740443997668,5,235
280,0,2.40120242607,2.0,,0.012012012012,0,-0.223066576135,-1.92959784553,5,61
281,0,4.02085386385,3.0,,0.014014014014,0,-0.163128815378,-0.48975969002,5,234
282,0,2.15884308065,2.0,,0.012012012012,0,-1.01562878776,0.205729443922,5,63
283,0,1.62374433455,1.0,,0.012012012012,0,-0.584446998942,-1.62291466863,5,69
284,0,11.7161559023,1.0,,0.011011011011,0,1.95777333222,0.842835905694,5,350
285,0,7.08071029655,2.0,,0.017017017017,0,1.11780498921,-1.27270467108,5,370
286,1,-1.65575512545,,0.0,0.00900900900901,1,-1.76179348292,-1.37037467669,5,23
287,0,7.01254657246,3.0,,0.012012012012,0,0.568922938989,0.305777755496,5,352
288,0,6.45776894187,4.0,,0.011011011011,0,0.649844247884,-0.491763801777,5,372
289,0,7.65166345524,5.0,,0.011011011011,0,0.993822207481,-0.329803167198,5,22
290,1,2.06203134851,2.0,3.0,0.011011011011,1,-0.931060813509,-0.144786210962,5,177
291,1,4.334897104,3.0,5.0,0.013013013013,0,-0.351601682506,0.38970215152,5,217
292,0,8.91106086199,8.0,,0.011011011011,0,1.34016584205,-0.10943666415,5,77
293,1,6.72455529813,6.0,7.0,0.012012012012,1,0.989129921433,-1.24283446616,5,221
294,0,8.28260799127,7.0,,0.011011011011,0,1.7900735691,-2.08761271602,5,67
295,1,2.95099785904,2.0,3.0,0.012012012012,1,-0.597567897174,-0.256298449441,5,149
296,1,4.16500348436,2.0,7.0,0.014014014014,0,-0.0163101574462,-0.786066043296,5,173
297,1,3.9374266531,3.0,4.0,0.011011011011,1,-0.276007170616,-0.234551835054,5,151
298,1,-1.58357390745,,1.0,0.013013013013,0,-1.72242099265,-1.41631092949,5,52
299,1,2.39593314366,2.0,3.0,0.013013013013,1,-0.754641515819,-0.340142308881,5,136
300,0,7.11469643579,7.0,,0.013013013013,0,0.251914600267,1.35895263499,5,157
301,1,1.47584497448,0.0,2.0,0.012012012012,0,-0.887967280257,-0.860253184747,5,116
302,1,2.94239492643,2.0,6.0,0.013013013013,0,-0.764011623317,0.234429796376,5,158
303,0,6.05166097748,6.0,,0.012012012012,0,0.525438831813,-0.524655517956,5,62
304,1,-0.482805998438,,0.0,0.011011011011,1,-1.50839117208,-0.957632482183,5,37
305,0,8.78301662883,4.0,,0.012012012012,0,0.979182390169,0.845469458329,5,81
306,0,5.17213438089,3.0,,0.012012012012,0,0.401245455658,-1.03160198608,5,91
307,0,4.45219112185,3.0,,0.012012012012,0,-0.380409833762,0.593420623134,5,40
308,0,7.86772556452,2.0,,0.013013013013,0,0.983821422228,-0.0837387021611,5,131
309,0,6.42625590524,1.0,,0.012012012012,0,0.544352771396,-0.206802408952,5,67
310,0,8.6340059142,1.0,,0.013013013013,0,0.751087106407,1.38074459497,5,118
311,0,9.01861220096,1.0,,0.013013013013,0,1.34156962915,-0.00609668650387,5,52
312,0,8.61395495034,0.0,,0.012012012012,0,1.51018777032,-0.916608360608,5,84
313,0,5.25009698413,0.0,,0.011011011011,0,-0.0484073440609,0.395319016315,5,46
314,0,7.09255290201,0.0,,0.011011011011,0,0.47071176094,0.68041761919,5,41
315,0,4.55173760553,0.0,,0.012012012012,0,0.281402673105,-1.29247041379,5,46
316,0,5.53336314708,0.0,,0.012012012012,0,0.479768178039,-0.905941387036,5,450
317,0,10.5263660173,0.0,,0.012012012012,0,1.63826662711,0.611566135998,5,126
318,0,5.82545224824,0.0,,0.011011011011,0,0.54995332061,-0.824407713591,5,29
319,0,0.979282796344,0.0,,0.011011011011,0,-0.899447855319,-1.3223736377,5,181
320,0,4.15153299863,0.0,,0.015015015015,0,-0.650615848312,1.10338054356,5,83
321,0,2.08342527858,0.0,,0.011011011011,0,-0.795377682045,-0.530441675284,5,14
322,0,7.14578665979,0.0,,0.011011011011,0,0.927366405269,-0.636312556017,5,172
323,0,5.20108816865,0.0,,0.012012012012,0,0.410416508628,-1.03016135724,5,58
324,0,7.99744475932,1.0,,0.013013013013,0,0.73968532554,0.778388782696,5,41
325,0,0.411899773095,0.0,,0.012012012012,0,-1.24236106908,-0.861017019652,5,37
326,0,8.37420848984,1.0,,0.012012012012,0,1.50351962335,-1.13635038022,5,111
327,0,1.02723031129,1.0,,0.011011011011,0,-1.41277458098,0.265554054228,5,351
328,0,5.26381655162,1.0,,0.012012012012,0,0.0847210300076,0.00965346159635,5,334
329,0,4.47561205831,2.0,,0.013013013013,0,-0.0846131444175,-0.270548508437,5,289
330,0,5.66975545496,1.0,,0.012012012012,0,0.33808256682,-0.344492245498,5,297
331,0,11.1759733734,2.0,,0.012012012012,0,1.98405072146,0.223821209056,5,324
332,1,-0.368027406978,,0.0,0.012012012012,1,-1.71834191596,-0.213001659094,5,50
333,0,1.33770823824,1.0,,0.013013013013,0,-0.875751855773,-1.03503619444,5,329
334,0,3.92766530851,2.0,,0.012012012012,0,-0.0224185536254,-1.00507903061,5,278
335,0,5.20296108343,2.0,,0.013013013013,0,-0.00719831792874,0.224556037216,5,189
336,0,6.63567123834,1.0,,0.012012012012,0,0.834851087698,-0.868882024755,5,8
337,0,4.61093089374,1.0,,0.012012012012,0,-0.175450471859,0.137282309313,5,209
338,0,5.63120495415,1.0,,0.013013013013,0,0.182827177218,0.0827234224934,5,206
339,0,9.23330640603,0.0,,0.012012012012,0,1.32639853091,0.254110813284,5,7
340,0,7.460047546,0.0,,0.014014014014,0,0.711212378961,0.326410409123,5,299
341,0,9.14414738637,0.0,,0.011011011011,0,1.27446043639,0.320766077202,5,145
342,0,7.79204475493,0.0,,0.012012012012,0,0.42096449895,1.52915125808,5,364
343,0,2.46308018186,0.0,,0.01001001001,0,-0.910326218466,0.194058837256,5,366
344,0,9.15706113261,0.0,,0.013013013013,0,1.45828489297,-0.217793546298,5,107
345,0,6.17642524645,0.0,,0.013013013013,0,-0.596023666744,2.96449624668,5,126
346,0,6.8443859996,1.0,,0.013013013013,0,0.600912948364,0.0416471545029,5,51
347,0,5.58792609751,0.0,,0.012012012012,0,0.299546302602,-0.310712810298,5,24
348,0,2.47862808857,0.0,,0.012012012012,0,-0.873580456082,0.0993694568184,5,16
349,0,7.22576401709,0.0,,0.012012012012,0,0.542100887734,0.599461353889,5,105
350,0,7.34585528953,0.0,,0.012012012012,0,0.510903051378,0.813146135398,5,172
351,0,6.18735982161,0.0,,0.012012012012,0,0.55490268176,-0.477348223671,5,243
352,0,5.34346076894,0.0,,0.012012012012,0,-0.135301139599,0.749364187737,5,378
353,0,7.29277424732,1.0,,0.014014014014,0,0.145997821875,1.85478078169,5,377
354,0,11.3110328581,0.0,,0.011011011011,0,2.15294469377,-0.147801223192,5,143
355,0,4.01019795633,2.0,,0.012012012012,0,-0.875952917152,1.63805670779,5,120
356,0,9.31016067721,1.0,,0.014014014014,0,1.26506341859,0.514970421458,5,35
357,0,5.93804235627,1.0,,0.011011011011,0,0.18657952441,0.378303783041,5,242
358,0,4.67907118961,1.0,,0.011011011011,0,0.334923527279,-1.32569939223,5,76
359,0,4.73881047506,0.0,,0.011011011011,0,-0.152256528296,0.195580059943,5,247
360,0,9.62681441961,0.0,,0.013013013013,0,1.24056484848,0.905119874177,5,161
361,0,0.427507712629,0.0,,0.011011011011,0,-1.66937787721,0.435641344248,5,335
362,0,4.98166286038,1.0,,0.012012012012,0,0.15247284225,-0.475755666373,5,279
363,0,9.43360641182,1.0,,0.012012012012,0,1.39986511705,0.234011060663,5,241
364,0,2.78442556216,2.0,,0.013013013013,0,-0.758906223756,0.0611442334232,5,177
365,0,5.45342742104,2.0,,0.011011011011,0,-0.448053422634,1.79758768894,5,226
366,0,9.22993027962,2.0,,0.013013013013,0,0.941511259427,1.40539650134,5,232
367,0,5.68643636588,4.0,,0.011011011011,0,0.24795812631,-0.057438013052,5,576
368,0,7.43470511522,4.0,,0.01001001001,0,0.612056500655,0.598535613259,5,33
369,0,6.99514212744,4.0,,0.011011011011,0,1.21632121563,-1.65382151944,5,20
370,1,-0.0818156404784,,0.0,0.012012012012,1,-1.63202460058,-0.185741838742,5,29
371,0,8.35036643456,6.0,,0.011011011011,0,1.71749277726,-1.80211189722,5,321
372,1,0.46826571771,,2.0,0.011011011011,0,-2.01896751909,1.52516827498,5,86
373,1,2.54631350695,,5.0,0.011011011011,0,-0.036887993491,-2.34302251257,5,135
374,1,5.12062342143,5.0,7.0,0.012012012012,0,-0.699330113267,2.21861376123,5,187
375,1,2.53975966398,1.0,3.0,0.012012012012,0,-0.531592195741,-0.865463748799,5,98
376,1,5.26036873193,5.0,7.0,0.012012012012,0,-0.029065915621,0.347566478797,5,237
377,1,6.40738249721,6.0,7.0,0.013013013013,1,0.760365341895,-0.873713528477,5,198
378,1,-0.553508027103,,0.0,0.012012012012,1,-1.49228472778,-1.07665384377,5,73
379,1,1.80065234312,0.0,2.0,0.014014014014,0,-0.613050099302,-1.36019735897,5,104
380,1,1.92340945054,1.0,4.0,0.012012012012,0,-0.962564123147,-0.188898180023,5,122
381,0,12.898414202,7.0,,0.015015015015,0,2.15707524341,1.42718847175,5,249
382,0,6.02033299912,5.0,,0.011011011011,0,-0.0689914236043,1.22730726993,5,308
383,0,5.42443030869,5.0,,0.011011011011,0,-0.0990499094584,0.721580037066,5,300
384,1,2.12891390373,0.0,3.0,0.014014014014,0,-0.539952825186,-1.25122762071,5,121
385,0,3.3843592466,3.0,,0.01001001001,0,-0.784018156868,0.736413717209,5,164
386,0,6.59361562388,2.0,,0.012012012012,0,0.359382853568,0.515467063175,5,44
387,0,7.35220168328,2.0,,0.013013013013,0,0.480004147354,0.912189241214,5,82
388,0,4.15715387614,2.0,,0.012012012012,0,0.046298381778,-0.981741269191,5,255
389,0,7.62957289939,4.0,,0.013013013013,0,0.610912460588,0.796835517625,5,39
390,0,6.15676434406,2.0,,0.01001001001,0,0.0570320357397,0.985668236838,5,224
391,0,7.37175103427,2.0,,0.012012012012,0,0.396932303968,1.18095412236,5,15
392,0,1.97480221886,1.0,,0.013013013013,0,-0.952947548855,-0.166355134571,5,88
393,0,9.68473735872,3.0,,0.012012012012,0,1.54820092638,0.0401345795771,5,62
394,1,-0.990266484723,,0.0,0.013013013013,1,-2.24838108029,0.754876756155,5,46
395,0,4.92461187939,4.0,,0.012012012012,0,0.422420514057,-1.34264966278,5,38
396,0,8.68605408136,5.0,,0.011011011011,0,1.4176762661,-0.566974716939,5,241
397,1,1.18415174744,,2.0,0.012012012012,0,-0.750545911919,-1.56421051681,5,67
398,0,7.11527750068,7.0,,0.012012012012,0,0.87645988125,-0.514102143068,5,280
399,1,3.3688869154,3.0,4.0,0.012012012012,1,0.291443027021,-2.50544216566,5,162
400,1,6.14306545333,5.0,7.0,0.012012012012,0,0.610257544693,-0.68770718075,5,163
401,0,11.2893860049,7.0,,0.01001001001,0,1.78475770853,0.935112879322,5,331
402,1,-5.83729760407,,0.0,0.013013013013,1,-2.87984028723,-2.19777674238,5,8
403,1,4.85973107878,4.0,5.0,0.012012012012,1,-0.177449938813,0.392080895215,5,100
404,1,2.6745417447,2.0,7.0,0.012012012012,0,-0.263889576846,-1.53378952476,5,161
405,0,10.3922193037,9.0,,0.012012012012,0,1.83570503467,-0.114895800261,5,56
406,1,1.35729740767,,3.0,0.013013013013,0,-1.07982815555,-0.403218125667,5,79
407,1,4.07801501417,1.0,5.0,0.012012012012,0,-0.429812517715,0.367452567318,5,96
408,1,6.21173615386,5.0,8.0,0.012012012012,0,0.34072109165,0.189572878912,5,156
409,1,1.85482345458,1.0,3.0,0.011011011011,0,-0.666799417712,-1.14477829229,5,88
410,1,4.9447120413,3.0,5.0,0.012012012012,0,0.688447031694,-2.12062905378,5,95
411,1,0.0414189328301,,1.0,0.012012012012,0,-0.830047141814,-2.46843964173,5,36
412,1,8.17974997117,8.0,10.0,0.012012012012,0,0.510697791116,1.64765659782,5,176
413,1,6.20526470462,6.0,7.0,0.013013013013,1,0.70410124198,-0.907039021318,5,165
414,1,-0.849931769683,,0.0,0.012012012012,1,-1.93792903672,-0.0361446595108,5,16
415,1,4.23251497308,4.0,5.0,0.011011011011,1,-0.432767289111,0.530816840413,5,170
416,1,-1.54280054408,,2.0,0.013013013013,0,-2.04089704997,-0.420109394169,5,71
417,0,9.9061588503,6.0,,0.013013013013,0,1.65727974709,-0.0656803909715,5,255
418,0,9.71846797672,6.0,,0.012012012012,0,0.907197168082,1.99687647248,5,223
419,0,7.35325414555,5.0,,0.012012012012,0,0.459169479626,0.97574570667,5,233
420,1,2.1057893082,2.0,3.0,0.012012012012,1,-0.537299806214,-1.28231127316,5,184
421,0,3.45804268764,3.0,,0.014014014014,0,-0.523964889251,0.0299373553981,5,236
422,0,5.16512515392,2.0,,0.012012012012,0,0.00170049771072,0.160023660785,5,66
423,0,3.24529260178,1.0,,0.013013013013,0,-1.04553161716,1.38188745327,5,171
424,0,3.24573619516,1.0,,0.011011011011,0,-0.55875602149,-0.0779957403748,5,194
425,0,5.87088719467,1.0,,0.013013013013,0,0.0413827380746,0.746738980448,5,205
426,0,6.06832895957,1.0,,0.012012012012,0,-0.0029513289646,1.07718294646,5,188
427,0,8.87827555069,0.0,,0.012012012012,0,0.810243981367,1.44754360659,5,110
428,0,5.87808423953,0.0,,0.012012012012,0,0.173087269396,0.358822431344,5,169
429,0,11.4659562074,0.0,,0.012012012012,0,1.98915605755,0.498488034758,5,196
430,0,7.44901724749,1.0,,0.012012012012,0,0.546944930501,0.808182455988,5,23
431,0,3.01298214755,1.0,,0.012012012012,0,-0.52188190386,-0.421372140867,5,119
432,0,4.32210071666,0.0,,0.012012012012,0,0.211686038941,-1.31295740016,5,43
433,0,3.22098788803,0.0,,0.012012012012,0,-0.344067065387,-0.746810915811,5,76
434,0,2.63587330044,0.0,,0.011011011011,0,-0.82361505009,0.106718450715,5,103
435,0,1.48397165124,0.0,,0.012012012012,0,-0.899555397691,-0.817362155687,5,32
436,0,5.44482545323,1.0,,0.011011011011,0,0.391835552947,-0.730681205614,5,49
437,0,5.94592490942,2.0,,0.012012012012,0,0.180993099038,0.40294561231,5,107
438,0,5.1965156568,2.0,,0.012012012012,0,0.241160488086,-0.526965807463,5,126
439,0,2.31170638489,2.0,,0.012012012012,0,-0.710480416576,-0.556852365385,5,88
440,0,6.08992045661,2.0,,0.013013013013,0,0.776991985964,-1.24105550128,5,99
441,0,9.1691427681,4.0,,0.013013013013,0,1.12689859111,0.788446994767,5,5
442,1,1.14353382861,1.0,2.0,0.011011011011,1,-1.01163575983,-0.821558891913,5,66
443,1,-1.00016391753,,0.0,0.012012012012,1,-1.85243870756,-0.442847794845,5,20
444,0,6.52060479759,5.0,,0.013013013013,0,0.409888977776,0.290937864256,5,101
445,0,7.19674470661,3.0,,0.011011011011,0,0.29158252466,1.32199713263,5,157
446,1,4.00110685608,4.0,5.0,0.013013013013,1,-0.374697767434,0.125200158382,5,155
447,1,0.500887774972,,1.0,0.012012012012,0,-1.08637649534,-1.239982739,5,64
448,1,3.31041127233,1.0,4.0,0.011011011011,0,-0.348342866042,-0.644560129548,5,146
449,0,9.52121406833,8.0,,0.014014014014,0,1.25242273162,0.763945873481,5,14
450,0,9.96532967519,9.0,,0.013013013013,0,1.32600567727,0.987312643391,5,274
451,1,6.27912323835,5.0,7.0,0.011011011011,0,0.502905598134,-0.229593556054,5,197
452,1,0.908647967761,,1.0,0.013013013013,0,-1.59385669927,0.690218065563,5,76
453,1,7.15036279386,7.0,10.0,0.013013013013,0,0.975855998356,-0.777205201209,5,212
454,1,1.85348507688,0.0,2.0,0.011011011011,0,-0.952807866856,-0.288091322554,5,107
455,1,1.29677437994,0.0,3.0,0.013013013013,0,-0.998269281669,-0.708417775055,5,118
456,1,-1.64119365255,,1.0,0.012012012012,0,-2.1961047169,-0.0528795018626,5,90
457,1,5.02245214609,4.0,6.0,0.011011011011,0,-0.152399528261,0.479650730874,5,191
458,1,4.10961525424,3.0,7.0,0.011011011011,0,-0.123852049178,-0.518828598224,5,202
459,1,3.38069399105,3.0,6.0,0.012012012012,0,-0.286786416678,-0.758946758917,5,196
460,1,1.30177310668,0.0,3.0,0.012012012012,0,-1.21226373978,-0.0614356739866,5,126
461,1,3.41097885249,3.0,4.0,0.012012012012,1,-0.513101923559,-0.0497153768353,5,181
462,1,0.409642745785,0.0,1.0,0.011011011011,1,-1.97873824539,1.34585748195,5,167
463,0,9.20845186722,7.0,,0.012012012012,0,1.14310109749,0.779148574753,5,221
464,0,6.27026354595,6.0,,0.012012012012,0,-0.204005666744,1.88228054618,5,191
465,0,9.5733064466,5.0,,0.012012012012,0,1.08422658477,1.32062669228,5,225
466,1,2.27591864163,2.0,3.0,0.012012012012,1,-0.988546592949,0.241558420474,5,182
467,0,6.50421787837,3.0,,0.012012012012,0,-0.309762992021,2.43350685444,5,229
468,0,6.62438424332,3.0,,0.012012012012,0,0.401277586302,0.420551484413,5,220
469,0,5.30550111549,2.0,,0.011011011011,0,0.16355121729,-0.185152536377,5,205
470,0,9.15689862482,1.0,,0.012012012012,0,0.958500143271,1.28139819501,5,162
471,0,6.7925808921,2.0,,0.012012012012,0,0.828499387697,-0.692917270994,5,236
472,0,7.56523955346,3.0,,0.013013013013,0,1.13527794326,-0.840594276307,5,237
473,0,9.59049097147,1.0,,0.012012012012,0,1.36925303434,0.482731868468,5,224
474,1,-1.68309040724,,0.0,0.012012012012,1,-1.55729656004,-2.01120072713,5,44
475,0,0.994323643408,0.0,,0.00900900900901,0,-1.36643688856,0.0936343090775,5,11
476,0,8.26481511594,1.0,,0.011011011011,0,0.788700801182,0.898712712392,5,40
477,0,2.3524798728,2.0,,0.013013013013,0,-1.29088257736,1.22512760489,5,48
478,0,6.98529571806,1.0,,0.011011011011,0,0.550152601163,0.334837914568,5,10
479,0,6.59522237624,1.0,,0.012012012012,0,0.49944398427,0.0968904234243,5,42
480,0,3.71001651081,1.0,,0.013013013013,0,0.204768293202,-1.9042883688,5,34
481,0,1.45416543045,1.0,,0.014014014014,0,-1.25975745435,0.233437793497,5,265
482,0,4.94451800244,0.0,,0.012012012012,0,0.392579524287,-1.23322057042,5,312
483,0,3.93422879792,0.0,,0.014014014014,0,-0.801953381063,1.34008894111,5,287
484,0,8.77903130845,0.0,,0.011011011011,0,1.02042541202,0.717755072376,5,8
485,0,3.02528899313,0.0,,0.011011011011,0,-0.765984257073,0.32324176435,5,57
486,0,6.51657706736,0.0,,0.01001001001,0,0.628966425365,-0.370322208739,5,16
487,0,10.6248440796,1.0,,0.014014014014,0,1.31828381923,1.66999262189,5,47
488,0,7.647823869,0.0,,0.014014014014,0,0.467166905405,1.24632315278,5,67
489,0,6.3587982068,0.0,,0.013013013013,0,0.358024805395,0.284723790611,5,123
490,0,3.00146556063,0.0,,0.013013013013,0,-1.06200421987,1.18747822023,5,102
491,0,3.90022650076,0.0,,0.014014014014,0,-0.135138420799,-0.694358236843,5,334
492,0,3.96097159165,0.0,,0.013013013013,0,0.0187018052617,-1.09513382413,5,74
493,0,5.36413678284,0.0,,0.012012012012,0,0.301528094541,-0.540447500779,5,214
494,0,9.10537718962,1.0,,0.013013013013,0,1.5166164475,-0.444472152895,5,91
495,0,2.14555908476,0.0,,0.011011011011,0,-1.00053981212,0.147178521121,5,211
496,0,9.99665662163,2.0,,0.014014014014,0,1.55315879777,0.337180228309,5,109
497,0,7.92923938391,1.0,,0.013013013013,0,-0.394119085307,4.11159663983,5,118
498,0,3.36870652646,0.0,,0.015015015015,0,-0.791011590561,0.741741298143,5,45
499,0,4.0134301003,1.0,,0.011011011011,0,-0.259337219907,-0.208558239978,5,133
500,0,3.66748066915,0.0,,0.012012012012,0,-0.14009436663,-0.91223623096,5,120
501,0,4.91764508292,1.0,,0.00900900900901,0,1.18060823218,-3.62417961361,5,169
502,0,4.48887227128,0.0,,0.011011011011,0,0.00217914967346,-0.517665177736,5,81
503,0,10.8195031867,0.0,,0.013013013013,0,1.66909055347,0.812231526251,5,98
504,0,5.08280646247,0.0,,0.013013013013,0,0.16306669079,-0.406393609897,5,196
505,0,4.91296892098,1.0,,0.012012012012,0,-0.242203641861,0.639579846567,5,130
506,0,3.85181590283,1.0,,0.012012012012,0,-0.205927417307,-0.530401845248,5,2
507,0,3.87435656605,1.0,,0.011011011011,0,-0.173406056219,-0.60542526529,5,158
508,0,4.26845153458,1.0,,0.013013013013,0,-0.123616337097,-0.360699454132,5,90
509,0,5.56641841378,1.0,,0.011011011011,0,0.272942772241,-0.252409902939,5,326
510,1,-0.0714771271176,,0.0,0.011011011011,1,-1.52853382477,-0.485875652798,5,14
511,0,3.54466371766,1.0,,0.012012012012,0,-0.550911668857,0.197398724233,5,349
512,0,6.81972004021,1.0,,0.012012012012,0,0.979293095583,-1.11815924654,5,34
513,0,1.26778837562,1.0,,0.011011011011,0,-1.06939739148,-0.524019449933,5,106
514,0,7.82158008996,1.0,,0.012012012012,0,1.12986340519,-0.568010125601,5,125
515,0,3.2933413186,0.0,,0.012012012012,0,-0.156965087771,-1.23576341808,5,167
516,0,6.09955514366,1.0,,0.013013013013,0,0.0676891512048,0.896487690045,5,81
517,0,6.0239444473,1.0,,0.012012012012,0,0.745893201736,-1.21373515791,5,36
518,0,9.24779905594,1.0,,0.012012012012,0,1.52784551881,-0.335737500487,5,267
519,0,5.10870860311,1.0,,0.012012012012,0,0.173914901528,-0.413036101471,5,31
520,0,2.05959220703,1.0,,0.012012012012,0,-0.320794955523,-1.9780229264,5,249
521,0,9.78186414236,1.0,,0.012012012012,0,1.3492102123,0.734233505457,5,2
522,0,7.73699580895,1.0,,0.012012012012,0,0.528834100158,1.15049350848,5,59
523,1,-0.99035788968,,0.0,0.013013013013,1,-1.76296839224,-0.701452712955,5,19
524,0,1.74968172529,1.0,,0.012012012012,0,-1.41104561944,0.982818583608,5,45
525,0,5.57951521951,1.0,,0.012012012012,0,0.00077283221657,0.577196722859,5,20
526,0,1.44254302863,1.0,,0.011011011011,0,-1.2622843841,0.229396180929,5,376
527,0,1.55031673982,0.0,,0.011011011011,0,-0.728262799846,-1.26489486064,5,17
528,0,4.50667373362,0.0,,0.01001001001,0,0.0312392277629,-0.587043949671,5,42
529,0,4.93846277835,2.0,,0.012012012012,0,0.0418958372143,-0.187224733289,5,245
530,0,2.64510990248,1.0,,0.013013013013,0,-0.025897390539,-2.27719792591,5,86
531,0,3.3375531705,2.0,,0.011011011011,0,-0.251193417968,-0.908866575598,5,232
532,0,5.41500535763,0.0,,0.011011011011,0,0.40903580875,-0.812102068616,5,242
533,0,5.88381026243,1.0,,0.011011011011,0,0.173593687856,0.363029198862,5,209
534,0,8.48641410232,1.0,,0.012012012012,0,1.1861904082,-0.0721571222672,5,166
535,1,-1.37629026112,,0.0,0.01001001001,1,-1.85122904958,-0.822603112395,5,70
536,0,5.67044743601,2.0,,0.011011011011,0,-0.0437146492619,0.801591383795,5,141
537,0,8.3277352089,1.0,,0.012012012012,0,1.28902417281,-0.539337309534,5,106
538,0,3.38024749672,2.0,,0.012012012012,0,-0.087605753155,-1.35693524382,5,119
539,0,10.0524068502,3.0,,0.016016016016,0,1.4704636147,0.641016006093,5,57
540,0,6.05779475475,1.0,,0.011011011011,0,0.718752463503,-1.09846263576,5,89
541,0,8.86674391288,1.0,,0.012012012012,0,1.65886184844,-1.10984163245,5,68
542,0,3.64877089559,1.0,,0.015015015015,0,0.362845446726,-2.43976544459,5,116
543,0,3.85962662654,0.0,,0.011011011011,0,-0.313087776189,-0.201110044893,5,20
544,0,3.10606611171,2.0,,0.014014014014,0,-0.690145567539,0.176502814331,5,65
545,0,5.47613072343,0.0,,0.013013013013,0,-0.0496296991965,0.625019821024,5,428
546,0,1.58532502361,0.0,,0.011011011011,0,-0.738365215441,-1.19957933007,5,50
547,0,8.81589305945,0.0,,0.01001001001,0,0.966744695626,0.915658972577,5,56
548,0,4.93929525633,0.0,,0.011011011011,0,-0.191014992288,0.512340233197,5,163
549,0,2.09011821286,1.0,,0.011011011011,0,-0.611121885516,-1.07651613059,5,14
550,0,3.98639853964,0.0,,0.012012012012,0,-0.276269456779,-0.184793090021,5,159
551,0,7.54307289928,0.0,,0.012012012012,0,0.871619971716,-0.0717870158703,5,214
552,0,4.38348334334,0.0,,0.012012012012,0,-0.683108685772,1.43280940065,5,35
553,0,4.46512194838,0.0,,0.012012012012,0,0.0596399740136,-0.71379797366,5,26
554,0,7.47776313025,1.0,,0.013013013013,0,0.473750986,1.05651017225,5,30
555,0,3.25922087077,1.0,,0.013013013013,0,0.132143946164,-2.13721096773,5,176
556,0,9.12520704881,0.0,,0.012012012012,0,1.07360489616,0.904392360334,5,69
557,0,6.73709661379,2.0,,0.012012012012,0,0.750329418349,-0.513891641255,5,261
558,0,5.87307595491,1.0,,0.012012012012,0,0.0710966002604,0.659786154126,5,34
559,0,6.57249262117,3.0,,0.012012012012,0,0.380819666665,0.430033621174,5,40
560,1,-0.500338746813,,0.0,0.00900900900901,1,-1.50612289701,-0.981970055785,5,11
561,0,6.02891139269,2.0,,0.012012012012,0,0.327696104104,0.0458230803746,5,64
562,0,6.42825933967,2.0,,0.012012012012,0,0.185128229922,0.8728746499,5,18
563,1,0.961210057616,,1.0,0.012012012012,0,-1.23319582433,-0.339202469407,5,63
564,0,2.16079154719,2.0,,0.013013013013,0,-0.896950262373,-0.14835766569,5,10
565,0,6.82660613935,3.0,,0.01001001001,0,0.470211366838,0.415972038838,5,83
566,0,2.52777432296,2.0,,0.012012012012,0,-1.1168981376,0.878468735756,5,86
567,0,1.81967854462,1.0,,0.012012012012,0,-1.31228626893,0.756537351415,5,33
568,0,3.12512717324,1.0,,0.012012012012,0,-0.616688248372,-0.0248080816459,5,137
569,0,2.8772412063,1.0,,0.012012012012,0,-0.51346030875,-0.582377867444,5,39
570,0,8.07100611058,0.0,,0.013013013013,0,1.0967285443,-0.219179522326,5,135
571,0,3.43102823445,1.0,,0.01001001001,0,-0.506630287745,-0.0490809023189,5,141
572,0,2.76453378219,1.0,,0.014014014014,0,-0.867811264835,0.3679675767,5,112
573,0,10.3033955732,1.0,,0.013013013013,0,1.97775870143,-0.629880531115,5,216
574,0,9.79823250016,3.0,,0.013013013013,0,1.52736811273,0.216128161963,5,172
575,0,4.63040812183,2.0,,0.014014014014,0,-0.290217843971,0.501061653749,5,190
576,0,6.04226630888,2.0,,0.012012012012,0,-0.172966882014,1.56116695492,5,157
577,0,5.12508648391,3.0,,0.012012012012,0,0.12425464925,-0.247677463841,5,149
578,1,-0.761385140934,,0.0,0.01001001001,1,-2.43118538158,1.5321710038,5,24
579,0,6.50468133777,3.0,,0.012012012012,0,0.0532002632827,1.34508054793,5,154
580,0,6.68997047858,1.0,,0.011011011011,0,1.02967179543,-1.39904490771,5,25
581,0,6.33328425257,2.0,,0.011011011011,0,0.76208582729,-0.952973229298,5,153
582,0,6.41942850738,1.0,,0.012012012012,0,0.282763612457,0.571137670012,5,117
583,0,4.64098842007,2.0,,0.011011011011,0,-0.763655427816,1.93195470352,5,27
584,0,3.98475345685,0.0,,0.012012012012,0,-0.584424179934,0.738025996655,5,156
585,0,4.21129612369,0.0,,0.011011011011,0,-0.303475993733,0.121724104894,5,32
586,0,4.88670665411,0.0,,0.011011011011,0,-0.178480043641,0.422146785034,5,113
587,0,6.17000879816,1.0,,0.013013013013,0,0.334678898927,0.165972101375,5,80
588,0,6.10101229832,0.0,,0.012012012012,0,-0.225358233867,1.77708699992,5,158
589,0,7.93312880152,1.0,,0.012012012012,0,1.25176740793,-0.822173422282,5,131
590,0,3.03153173042,1.0,,0.012012012012,0,-0.39182821247,-0.792983632176,5,213
591,0,1.99338961014,1.0,,0.012012012012,0,-0.994711140605,-0.0224769680484,5,51
592,0,2.78787942864,2.0,,0.012012012012,0,-0.532064708505,-0.615926445846,5,41
593,0,4.48281759277,3.0,,0.011011011011,0,-0.330587567859,0.474580296347,5,55
594,0,5.667513314,4.0,,0.011011011011,0,0.366559262365,-0.432164473095,5,57
595,1,-1.58075509147,,0.0,0.012012012012,1,-1.80172974255,-1.17556586382,5,129
596,0,7.26017549748,6.0,,0.012012012012,0,0.501384857437,0.756020925173,5,60
597,0,8.64143099859,3.0,,0.01001001001,0,1.01242580468,0.604153584552,5,221
598,1,2.94061793411,2.0,5.0,0.012012012012,0,-1.06083755016,1.12313058459,5,248
599,1,4.66814968986,4.0,5.0,0.011011011011,1,0.0684903896512,-0.537321479092,5,246
600,1,6.83073815349,6.0,7.0,0.014014014014,1,1.00589135716,-1.18693591799,5,247
601,1,2.50814313406,0.0,3.0,0.01001001001,0,-0.407733176098,-1.26865733764,5,189
602,1,4.35809099572,2.0,5.0,0.013013013013,0,-0.312527557241,0.295673667445,5,238
603,1,0.40148568589,0.0,1.0,0.01001001001,1,-0.975023315092,-1.67344436883,5,160
604,1,8.93450709147,8.0,12.0,0.012012012012,0,1.31922684672,-0.023173448699,5,251
605,1,8.7863499103,7.0,9.0,0.013013013013,0,0.995525830545,0.799772418668,5,216
606,1,4.06958513837,4.0,5.0,0.014014014014,1,0.107685961374,-1.25347274575,5,169
607,1,7.18304399913,6.0,8.0,0.012012012012,0,1.54519056065,-2.45252768281,5,204
608,1,7.12504577672,6.0,8.0,0.013013013013,0,0.737625186124,-0.0878297816561,5,200
609,1,4.02484134647,3.0,6.0,0.014014014014,0,-0.173371592438,-0.455043876213,5,133
610,1,-0.812411604647,,0.0,0.012012012012,1,-1.47133183238,-1.39841610751,5,1
611,1,-1.29284027989,,1.0,0.011011011011,0,-2.16830146643,0.212064119414,5,26
612,1,3.20265603976,,6.0,0.012012012012,0,-0.947181745717,1.04420127691,5,123
613,1,5.26797939083,3.0,8.0,0.013013013013,0,0.150814741519,-0.184464833733,5,125
614,1,2.47216258915,,3.0,0.011011011011,0,-0.554263772168,-0.865046094343,5,28
615,1,3.64030791917,,5.0,0.012012012012,0,-0.0183431387145,-1.30466266469,5,75
616,1,5.53166877953,5.0,7.0,0.01001001001,0,-0.188225256788,1.09634454989,5,137
617,1,2.50394858844,2.0,3.0,0.011011011011,1,-0.377576948958,-1.36332056469,5,57
618,1,1.23173336669,1.0,2.0,0.013013013013,1,-0.582225909056,-2.02158890614,5,56
619,1,4.7023516157,,7.0,0.011011011011,0,0.189513638343,-0.866189299332,5,101
620,1,-3.47677669207,,0.0,0.012012012012,1,-2.76638655683,-0.177617021587,5,2
621,1,5.47716614527,1.0,8.0,0.013013013013,0,0.243729840305,-0.254023375647,5,150
622,1,8.7848590309,8.0,9.0,0.012012012012,1,1.44501537587,-0.550187096698,5,153
623,1,3.57997545811,3.0,4.0,0.011011011011,1,0.0609347725742,-1.60282885961,5,89
624,1,2.11496398134,,3.0,0.012012012012,0,-0.651977560406,-0.929103337447,5,80
625,1,5.72882185349,4.0,6.0,0.014014014014,0,0.139858756154,0.309245585023,5,132
626,1,4.62222603659,4.0,7.0,0.012012012012,0,-0.451091088,0.97549930059,5,159
627,1,5.99799684644,2.0,6.0,0.011011011011,0,-0.0976868102121,1.29105727707,5,172
628,1,8.02159871316,8.0,9.0,0.013013013013,1,0.458201793692,1.64699333208,5,210
629,1,4.93797041049,3.0,6.0,0.012012012012,0,-0.147699290652,0.381068282444,5,190
630,1,-0.453473852524,,0.0,0.013013013013,1,-1.78744808433,-0.0911295995415,5,65
631,1,6.53076998897,6.0,7.0,0.011011011011,1,0.419951888151,0.270914324512,5,213
632,1,10.5451453415,10.0,12.0,0.013013013013,0,1.66801035463,0.541114277568,5,239
633,1,3.47984513992,3.0,5.0,0.013013013013,0,-0.346281214559,-0.481311216402,5,207
634,1,6.51657023532,6.0,9.0,0.012012012012,0,0.620926345107,-0.346208799996,5,229
635,1,5.05715537375,5.0,7.0,0.013013013013,0,0.428310251721,-1.22777538141,5,214
636,1,2.64410054333,1.0,3.0,0.012012012012,0,-0.649232332126,-0.408202460289,5,91
637,1,3.39630094418,3.0,6.0,0.012012012012,0,-0.00692290507314,-1.5829303406,5,243
638,1,4.34871073519,4.0,5.0,0.01001001001,1,0.343816139062,-1.682737682,5,233
639,1,-0.492945685731,,0.0,0.012012012012,1,-1.58813710901,-0.728534358707,5,54
640,1,1.97212356382,0.0,2.0,0.014014014014,0,-1.54022602646,1.5928016432,5,87
641,1,5.4065435661,4.0,8.0,0.011011011011,0,0.384340790188,-0.746478804461,5,253
642,1,4.97021792929,3.0,5.0,0.012012012012,0,0.296186181271,-0.918340614525,5,249
643,1,4.21812468073,3.0,5.0,0.011011011011,0,-0.429887045407,0.507785816952,5,252
644,1,5.00795205056,3.0,7.0,0.012012012012,0,-0.0755483711207,0.234597163919,5,255
645,1,5.91139069676,3.0,8.0,0.012012012012,0,0.397039898639,-0.279728999157,5,266
646,1,1.71747882902,1.0,2.0,0.012012012012,1,-0.680384129149,-1.24136878354,5,250
647,1,4.24189064038,1.0,6.0,0.012012012012,0,-0.884035768175,1.8939979449,5,257
648,0,7.47600481908,6.0,,0.011011011011,0,0.47505586465,1.05083722513,5,92
649,0,9.71208290284,6.0,,0.012012012012,0,2.05478288138,-1.4522657413,5,102
650,1,3.28802319563,3.0,4.0,0.013013013013,1,-0.464887767499,-0.317313501875,5,272
651,0,7.97634846002,5.0,,0.012012012012,0,1.25179094433,-0.779024372974,5,12
652,0,5.52036498089,4.0,,0.011011011011,0,-0.197655302609,1.11333088871,5,77
653,0,5.32420118664,2.0,,0.011011011011,0,-0.0945160203035,0.607749247552,5,178
654,0,4.97898241433,3.0,,0.013013013013,0,-0.0105369524601,0.010593271708,5,44
655,0,9.58998576695,2.0,,0.013013013013,0,1.47808477917,0.15573142943,5,140
656,1,-0.755815552499,,0.0,0.012012012012,1,-1.65609075931,-0.787543274562,5,3
657,0,3.97840114168,0.0,,0.01001001001,0,-0.849706104634,1.52751945558,5,35
658,0,5.52265753062,1.0,,0.012012012012,0,0.0222718186582,0.455842074646,5,84
659,0,4.93970898237,0.0,,0.011011011011,0,-0.435555212856,1.24637462093,5,190
660,0,5.31342332276,1.0,,0.01001001001,0,-0.00417404843376,0.325945468063,5,60
661,0,2.8707300933,2.0,,0.012012012012,0,-0.335918391851,-1.12151473115,5,21
662,0,12.1690558431,2.0,,0.014014014014,0,2.215966563,0.521156154143,5,74
663,0,8.73650907624,2.0,,0.012012012012,0,1.3424003923,-0.290692100668,5,98
664,0,6.04433824013,2.0,,0.012012012012,0,-0.219786294207,1.70369712275,5,312
665,0,6.3703259995,1.0,,0.00900900900901,0,0.294198370526,0.487730887921,5,34
666,1,-0.212635296289,,0.0,0.012012012012,1,-1.57232716119,-0.495653812713,5,10
667,0,3.99578102342,1.0,,0.013013013013,0,-0.46703823012,0.396895713776,5,20
668,0,7.32105743707,1.0,,0.012012012012,0,0.516866744266,0.770457204269,5,61
669,0,5.89432644767,2.0,,0.012012012012,0,0.868594252988,-1.7114563113,5,58
670,0,3.15419363592,2.0,,0.013013013013,0,-0.141649064691,-1.42085917,5,63
671,0,10.1994645564,0.0,,0.013013013013,0,1.30712315105,1.27809510328,5,80
672,0,2.79819202757,1.0,,0.011011011011,0,-0.994160769455,0.780674335936,5,112
673,0,0.313158568224,0.0,,0.012012012012,0,-1.96302038107,1.20221971144,5,27
674,0,9.01964947948,0.0,,0.013013013013,0,1.28023995024,0.178929628751,5,211
675,0,0.826410901319,0.0,,0.012012012012,0,-1.27448509988,-0.350133799052,5,202
676,0,2.3621092342,1.0,,0.012012012012,0,-0.869980724023,-0.0279485937315,5,111
677,0,10.0948259071,0.0,,0.012012012012,0,0.861822962734,2.50935701894,5,163
678,0,7.51038358356,1.0,,0.014014014014,0,0.865091929288,-0.0848922043076,5,302
679,0,3.98430233854,1.0,,0.013013013013,0,-0.692275991967,1.06113031444,5,147
680,0,5.16843658042,1.0,,0.012012012012,0,0.60183265607,-1.63706138779,5,303
681,0,3.42854968516,1.0,,0.012012012012,0,-0.706046287646,0.546688548101,5,168
682,0,9.15011970831,2.0,,0.012012012012,0,1.67157118653,-0.86459385128,5,70
683,0,7.52418333714,1.0,,0.012012012012,0,0.837854719628,0.0106191782579,5,299
684,1,0.79860743505,0.0,1.0,0.012012012012,1,-0.99835702767,-1.20632148194,5,140
685,0,3.56723214756,1.0,,0.012012012012,0,-0.55433522906,0.230237834742,5,335
686,0,3.8458219653,0.0,,0.011011011011,0,-0.211626960526,-0.519297153116,5,298
687,0,3.82776640032,1.0,,0.012012012012,0,-0.24501474464,-0.437189365759,5,316
688,0,6.95663515608,1.0,,0.013013013013,0,0.828623263074,-0.529234633143,5,318
689,0,5.4561782016,1.0,,0.011011011011,0,0.373632255375,-0.664718564522,5,20
690,0,5.94068243411,1.0,,0.012012012012,0,0.675259054967,-1.08509473079,5,321
691,0,4.34515688215,1.0,,0.014014014014,0,-0.122744061601,-0.286610933047,5,330
692,0,4.03152223361,2.0,,0.013013013013,0,0.126389724569,-1.34764694009,5,13
693,0,8.52327838055,0.0,,0.011011011011,0,1.00546873776,0.506872167278,5,229
694,0,7.47142850102,3.0,,0.015015015015,0,0.755736866208,0.204217902393,5,286
695,0,5.93346463115,1.0,,0.012012012012,0,0.55037815397,-0.717669830758,5,294
696,0,2.2357220421,1.0,,0.012012012012,0,-0.782732424232,-0.416080685205,5,311
697,0,3.19039345957,0.0,,0.01001001001,0,-0.0820949261531,-1.56332176197,5,116
698,0,3.38217735411,0.0,,0.012012012012,0,0.159619602603,-2.0966814537,5,118
699,0,5.62017516034,0.0,,0.013013013013,0,0.117014893364,0.269130480251,5,256
700,0,7.17669586569,0.0,,0.012012012012,0,0.268249982912,1.37194591695,5,21
701,0,4.50356081303,0.0,,0.013013013013,0,0.293860928844,-1.3780219735,5,14
702,0,6.14861759069,1.0,,0.012012012012,0,0.171112371602,0.635280475885,5,111
703,0,6.41882318967,0.0,,0.012012012012,0,0.131744233239,1.02359048995,5,112
704,0,1.9608461244,0.0,,0.011011011011,0,-0.835120107134,-0.533793554194,5,114
705,0,1.18827007084,0.0,,0.012012012012,0,-0.63745710977,-1.89935859985,5,103
706,0,5.66401680405,0.0,,0.013013013013,0,-0.0756380536991,0.890930965152,5,9
707,0,3.40017813415,0.0,,0.011011011011,0,-1.6541405833,3.36259988405,5,96
708,0,4.6295795862,0.0,,0.011011011011,0,0.444680422497,-1.70446168129,5,104
709,0,7.68701768693,1.0,,0.012012012012,0,0.38765972682,1.52403850647,5,80
710,0,2.86703030598,0.0,,0.012012012012,0,-0.247720146741,-1.3898092538,5,7
711,0,7.10201906681,1.0,,0.014014014014,0,0.856763688594,-0.468271998973,5,187
712,0,5.14751500284,1.0,,0.012012012012,0,0.105916761206,-0.170235280782,5,152
713,0,3.81234228082,1.0,,0.012012012012,0,-0.0987779918841,-0.891323743526,5,115
714,0,4.10898445207,2.0,,0.012012012012,0,-0.077572047497,-0.658299405443,5,156
715,0,6.27932896946,3.0,,0.011011011011,0,0.552805381532,-0.379087175136,5,161
716,0,5.47169547755,5.0,,0.012012012012,0,0.13792409787,0.0579231839363,5,66
717,0,3.81626228459,2.0,,0.012012012012,0,-0.435323789343,0.122233652623,5,166
718,1,0.310162004784,0.0,1.0,0.012012012012,1,-1.4520014137,-0.33383375413,5,31
719,0,4.1033076178,2.0,,0.011011011011,0,-0.71231343205,1.24024791395,5,84
720,1,-1.42745676704,,0.0,0.012012012012,1,-2.04882987826,-0.28096713226,5,15
721,0,6.25709337003,2.0,,0.00900900900901,0,0.104843209319,0.942563742069,5,168
722,0,11.8198547056,3.0,,0.012012012012,0,2.3607297804,-0.262334635603,5,275
723,0,5.60006125658,3.0,,0.012012012012,0,0.327286617778,-0.381798596755,5,282
724,0,6.17473227647,2.0,,0.012012012012,0,0.745304361262,-1.06118080732,5,298
725,0,2.89035560577,1.0,,0.013013013013,0,-0.731459721071,0.0847347689811,5,291
726,0,6.20689002479,2.0,,0.013013013013,0,0.45625521578,-0.161875622545,5,285
727,0,2.2481839922,1.0,,0.012012012012,0,-0.483771924535,-1.30050023419,5,292
728,0,4.20804365276,0.0,,0.013013013013,0,0.32484834995,-1.76650139709,5,284
729,0,4.89263344535,0.0,,0.014014014014,0,-0.158658614639,0.368609289265,5,287
730,0,0.40209753507,0.0,,0.012012012012,0,-1.76490272975,0.69680572433,5,294
731,0,2.34888868667,2.0,,0.012012012012,0,-0.585489133645,-0.894643912393,5,104
732,0,5.17907120299,5.0,,0.014014014014,0,0.283317336206,-0.670880805628,5,281
733,0,5.52816610188,3.0,,0.011011011011,0,-0.40095583493,1.73103360667,5,277
734,0,6.36218265049,5.0,,0.013013013013,0,0.413305618649,0.122265794543,5,13
735,0,9.03285861629,4.0,,0.011011011011,0,1.08038230561,0.791711699455,5,258
736,1,5.50446277502,5.0,6.0,0.01001001001,1,0.152519738638,0.0469035591016,5,259
737,1,0.936849734924,,1.0,0.013013013013,0,-1.33612691783,-0.0547695115947,5,33
738,1,5.4641359269,5.0,6.0,0.011011011011,1,0.283699824791,-0.386963547473,5,254
739,1,5.69840492023,5.0,6.0,0.012012012012,1,0.946041031029,-2.13971817286,5,231
740,1,3.92906810996,3.0,4.0,0.012012012012,1,-0.532723424147,0.527238382405,5,157
741,1,0.156557988431,0.0,1.0,0.015015015015,1,-2.34885012392,2.2031083602,5,38
742,1,3.43142077346,2.0,4.0,0.012012012012,0,-0.858903869865,1.00813238306,5,178
743,1,9.51360246133,9.0,10.0,0.012012012012,1,1.38910476159,0.346288176564,5,244
744,1,8.39997928509,6.0,9.0,0.011011011011,0,0.584341171647,1.64695577015,5,236
745,1,3.44969146054,3.0,4.0,0.012012012012,1,-0.928407093459,1.23491274092,5,188
746,1,5.97319882192,5.0,6.0,0.014014014014,1,0.200616018175,0.371350767398,5,183
747,1,7.59058120942,6.0,9.0,0.012012012012,0,0.897973951755,-0.103340645842,5,234
748,1,2.10913749383,2.0,3.0,0.011011011011,1,-0.824730585047,-0.416670751034,5,117
749,1,5.25820236496,5.0,6.0,0.01001001001,1,-0.613534631583,2.0988062597,5,228
750,1,5.55420629172,3.0,6.0,0.012012012012,0,-0.450184227829,1.90475897521,5,218
751,1,1.74329243406,1.0,2.0,0.013013013013,1,-1.02212759427,-0.190324783118,5,78
752,1,1.39578482374,1.0,3.0,0.012012012012,0,-0.922997290611,-0.835223304426,5,109
753,1,5.35807773536,5.0,7.0,0.013013013013,0,0.291202510356,-0.515529795712,5,230
754,1,-0.110000249506,,2.0,0.012012012012,0,-1.77891445123,0.226743104182,5,62
755,1,5.53211796124,5.0,7.0,0.013013013013,0,-0.201179694168,1.13565704374,5,256
756,1,4.03533883926,4.0,5.0,0.00900900900901,1,0.000274297708361,-0.96548405387,5,260
757,1,-0.0814333763323,,0.0,0.013013013013,1,-1.02375667253,-2.01016335873,5,30
758,1,6.45203248567,6.0,9.0,0.014014014014,0,0.2506969535,0.699941625173,5,263
759,0,6.50446537307,5.0,,0.00800800800801,0,0.787824309056,-0.859007554099,5,80
760,1,3.36174907116,3.0,5.0,0.012012012012,0,-0.281779595266,-0.79291214304,5,261
761,0,10.6646220456,8.0,,0.012012012012,0,1.62242736574,0.797339948368,5,191
762,1,6.12641742036,6.0,7.0,0.012012012012,1,0.438539842746,-0.189202107881,5,269
763,0,12.4955381401,8.0,,0.012012012012,0,2.5185507725,-0.0601141774455,5,101
764,1,-0.254347529762,,0.0,0.011011011011,1,-1.4570210375,-0.883284417271,5,34
765,1,2.89920629262,2.0,3.0,0.011011011011,1,-0.475639933458,-0.673873907001,5,262
766,0,8.55858729795,7.0,,0.012012012012,0,1.10263826501,0.250672502906,5,106
767,1,5.49597629563,5.0,6.0,0.00900900900901,1,0.1890837275,-0.0712748868727,5,268
768,1,4.26948487676,3.0,5.0,0.012012012012,0,-0.0238111133555,-0.659081783173,5,267
769,0,10.8523882629,6.0,,0.011011011011,0,2.03230886754,-0.244538339688,5,195
770,1,2.66219153121,2.0,3.0,0.013013013013,1,-0.620582706478,-0.476060349352,5,264
771,1,2.3026343489,1.0,3.0,0.014014014014,0,-0.970607216639,0.214455998818,5,186
772,0,4.75790991337,4.0,,0.01001001001,0,-0.00467334057557,-0.228070064902,5,20
773,1,3.54852461915,3.0,4.0,0.014014014014,1,-0.243414153793,-0.72123291947,5,265
774,0,7.17826064577,7.0,,0.012012012012,0,0.50303569523,0.669153560078,5,221
775,0,4.9800775392,4.0,,0.012012012012,0,0.293800343669,-0.901323491805,5,58
776,0,6.65359838425,4.0,,0.013013013013,0,0.963301343448,-1.23630564609,5,21
777,0,7.67341757884,3.0,,0.011011011011,0,1.03102153712,-0.419647032511,5,122
778,0,6.38069550343,5.0,,0.013013013013,0,0.432181280489,0.0841516619606,5,145
779,1,0.203440926956,0.0,1.0,0.013013013013,1,-1.5398421386,-0.177032657247,5,148
780,0,4.62429505081,3.0,,0.012012012012,0,0.468682856115,-1.78175351754,5,182
781,0,8.76350385171,4.0,,0.012012012012,0,0.647286471033,1.82164443862,5,136
782,0,10.9874445857,5.0,,0.012012012012,0,1.67737163578,0.955329678405,5,129
783,1,1.69657968303,0.0,3.0,0.012012012012,0,-0.390822955171,-2.13095145146,5,219
784,1,0.911629115934,0.0,2.0,0.012012012012,0,-1.51370380434,0.452740528964,5,143
785,0,11.8797847373,7.0,,0.011011011011,0,1.74309372987,1.6505035477,5,201
786,0,8.38529304997,7.0,,0.013013013013,0,0.9790414626,0.44816866217,5,152
787,1,5.51111048174,5.0,6.0,0.012012012012,1,0.21070837188,-0.1210146339,5,224
788,1,0.860934315823,0.0,2.0,0.011011011011,0,-1.41129459669,0.0948181058948,5,130
789,1,2.56081321953,2.0,4.0,0.012012012012,0,-0.31830644658,-1.48426744073,5,131
790,1,0.640896642068,0.0,1.0,0.011011011011,1,-1.72807289966,0.825115341056,5,127
791,0,10.0603817548,8.0,,0.012012012012,0,1.24792123828,1.31661803999,5,117
792,1,1.64997220399,1.0,3.0,0.012012012012,0,-1.47961618713,1.08882076538,5,128
793,0,8.90560500825,8.0,,0.011011011011,0,0.71703898781,1.75448804482,5,170
794,1,1.8533257768,1.0,7.0,0.012012012012,0,-0.465246489489,-1.75093475474,5,145
795,1,-1.42005931967,,0.0,0.011011011011,1,-1.63261101771,-1.52222626655,5,99
796,1,4.58399912011,0.0,9.0,0.014014014014,0,0.120428471737,-0.777286295096,5,185
797,1,1.58476416784,1.0,2.0,0.012012012012,1,-1.37208713516,0.701025573318,5,114
798,1,5.07222317272,5.0,6.0,0.012012012012,1,-0.436267029781,1.38102426206,5,147
799,1,1.7065670591,1.0,3.0,0.013013013013,0,-1.07036356959,-0.0823422321241,5,111
800,1,4.97300239122,3.0,6.0,0.014014014014,0,0.00289477895398,-0.0356819456405,5,152
801,1,6.68215747196,5.0,9.0,0.012012012012,0,-0.0458059355538,1.81957527863,5,232
802,1,5.70561329433,1.0,6.0,0.012012012012,0,0.276104302441,-0.122699612993,5,168
803,1,9.75016982145,9.0,10.0,0.012012012012,1,1.96607090947,-1.14804290697,5,258
804,1,7.22517036016,7.0,8.0,0.012012012012,1,1.14518243926,-1.21037695763,5,174
805,1,-3.87172181426,,0.0,0.013013013013,1,-1.82015320973,-3.41126218508,5,12
806,1,1.33574448941,,3.0,0.013013013013,0,-1.29071069641,0.207876578636,5,106
807,1,7.99999082703,7.0,8.0,0.012012012012,1,1.63966574482,-1.91900640744,5,241
808,1,10.4656540513,9.0,11.0,0.012012012012,0,1.71088766925,0.332991043555,5,273
809,1,-0.935476098659,,0.0,0.011011011011,1,-1.9234233412,-0.165206075067,5,25
810,1,3.08455554764,3.0,4.0,0.012012012012,1,-0.584788272233,-0.161079635661,5,113
811,1,5.53105711777,5.0,6.0,0.013013013013,1,0.142169247136,0.104549376359,5,208
812,1,7.002127928,7.0,8.0,0.013013013013,1,0.744501465558,-0.231376468674,5,240
813,1,8.46884037957,8.0,9.0,0.014014014014,1,1.36289342966,-0.619839909424,5,270
814,1,4.40439695912,4.0,5.0,0.013013013013,1,-0.230778954845,0.0967338236559,5,271
815,1,0.77299345165,,1.0,0.011011011011,0,-1.23540958952,-0.520777779791,5,32
816,1,4.99204836793,4.0,5.0,0.011011011011,1,0.106736525593,-0.328161208846,5,242
817,0,9.01511363059,5.0,,0.013013013013,0,1.36077186779,-0.067201972798,5,173
818,1,-5.35767139641,,2.0,0.012012012012,0,-2.7764095145,-2.0284428529,5,39
819,0,4.36152004863,3.0,,0.01001001001,0,0.215670517625,-1.28549150424,5,167
820,0,10.6613693158,4.0,,0.012012012012,0,1.48238826285,1.21420452729,5,146
821,0,6.38315779535,2.0,,0.011011011011,0,-0.124717310031,1.75730972544,5,210
822,0,4.67161487459,2.0,,0.012012012012,0,-0.177140237929,0.20303558838,5,9
823,0,2.42113872215,2.0,,0.012012012012,0,-0.764556165646,-0.285192780911,5,172
824,0,8.89118979206,1.0,,0.012012012012,0,1.2165425297,0.241562202966,5,179
825,0,7.39017901905,0.0,,0.013013013013,0,0.497606524985,0.897359444093,5,43
826,0,3.74362817776,0.0,,0.012012012012,0,-0.589779485664,0.512966634753,5,148
827,0,5.86782705992,1.0,,0.013013013013,0,0.290675827759,-0.00420042335804,5,85
828,0,7.47735815129,0.0,,0.012012012012,0,1.0106807583,-0.554684123616,5,221
829,0,4.99787882503,0.0,,0.015015015015,0,0.331528273629,-0.996705995863,5,141
830,0,3.88066981432,1.0,,0.012012012012,0,-0.0715076180368,-0.904807331565,5,166
831,0,6.04009979085,3.0,,0.01001001001,0,0.434957523108,-0.264772778472,5,201
832,0,7.56650382711,2.0,,0.013013013013,0,1.0415434495,-0.558126521406,5,144
833,0,6.9118983404,3.0,,0.012012012012,0,0.893014336295,-0.767144668488,5,195
834,0,6.70933661149,5.0,,0.012012012012,0,0.748458036591,-0.536037498285,5,139
835,0,6.24180007942,5.0,,0.01001001001,0,0.48292382341,-0.206971390809,5,219
836,1,3.69845259859,2.0,5.0,0.013013013013,0,-0.370839400931,-0.189029198621,5,226
837,1,4.2948339676,3.0,5.0,0.011011011011,0,0.245770734553,-1.44247823606,5,225
838,0,7.81952793557,7.0,,0.011011011011,0,1.05621133621,-0.349106073058,5,77
839,1,0.307073238696,0.0,1.0,0.014014014014,1,-1.405210428,-0.477295477313,5,120
840,1,4.99932135174,4.0,5.0,0.012012012012,1,-0.285707921364,0.856445115836,5,206
841,1,0.4716427355,0.0,1.0,0.012012012012,1,-0.929040803255,-1.74123485473,5,110
842,1,3.98530851221,3.0,6.0,0.013013013013,0,-0.756858235381,1.25588321835,5,220
843,1,4.19098038194,3.0,5.0,0.013013013013,0,-0.369560695575,0.299662468669,5,166
844,1,8.57316216262,8.0,9.0,0.012012012012,1,1.6081370438,-1.2512489688,5,227
845,1,7.91260281991,3.0,9.0,0.011011011011,0,0.749239484327,0.664884366927,5,193
846,1,4.35273659491,0.0,6.0,0.012012012012,0,0.0401834805384,-0.767813846706,5,171
847,1,0.690854987409,0.0,1.0,0.011011011011,1,-1.91715764263,1.44232791531,5,124
848,1,1.34725914385,0.0,2.0,0.011011011011,0,-0.89323922923,-0.973023168463,5,139
849,1,1.68573992098,0.0,3.0,0.011011011011,0,-0.598283863822,-1.51940848756,5,144
850,1,1.4201280437,0.0,4.0,0.012012012012,0,-0.70512169596,-1.46450686842,5,142
851,1,7.85796128882,2.0,8.0,0.012012012012,0,1.09240457633,-0.419252440186,5,180
852,1,4.7060417376,2.0,6.0,0.013013013013,0,0.0461233155591,-0.43232820908,5,164
853,1,2.7831142705,2.0,4.0,0.014014014014,0,-0.623425279575,-0.346609890776,5,134
854,1,6.80983679874,2.0,7.0,0.011011011011,0,0.476003454211,0.38182643611,5,195
855,1,4.49655244815,2.0,10.0,0.011011011011,0,0.221492825985,-1.1679260298,5,211
856,1,7.62148313213,7.0,9.0,0.012012012012,0,1.47583836384,-1.80603195938,5,192
857,1,2.14917366703,2.0,3.0,0.013013013013,1,-1.19750926547,0.741701463425,5,119
858,1,5.31696470768,4.0,6.0,0.011011011011,0,-0.278763808695,1.15325613376,5,179
859,1,0.680258007283,,1.0,0.013013013013,0,-1.35189143192,-0.264067696972,5,68
860,1,1.88312572578,1.0,2.0,0.01001001001,1,-0.526803942614,-1.53646244637,5,72
861,0,6.59761422593,6.0,,0.011011011011,0,0.664776742684,-0.39671600212,5,96
862,1,-0.374889226107,,0.0,0.012012012012,1,-1.55882055096,-0.698427573224,5,17
863,0,9.14016169225,5.0,,0.011011011011,0,1.08886909167,0.873554417248,5,215
864,0,7.28095894566,4.0,,0.012012012012,0,1.08335950379,-0.969119565698,5,104
865,0,16.7756358017,3.0,,0.015015015015,0,3.47105141396,1.36248155985,5,286
866,0,9.64078849973,3.0,,0.013013013013,0,1.30162346228,0.735918112872,5,232
867,0,6.5487746532,1.0,,0.013013013013,0,0.112455182383,1.21140910605,5,121
868,0,2.53669756464,1.0,,0.012012012012,0,-0.563726931764,-0.772121640071,5,249
869,0,4.81866608368,1.0,,0.01001001001,0,-0.227489727443,0.501135266009,5,73
870,0,7.64922963621,0.0,,0.011011011011,0,1.23467903552,-1.05480747036,5,96
871,0,2.2618467443,0.0,,0.012012012012,0,-1.25533853098,1.02786233724,5,258
872,0,4.3722571907,2.0,,0.014014014014,0,-0.400544963536,0.573892081303,5,12
873,0,4.75235539228,0.0,,0.011011011011,0,0.485512229777,-1.70418129705,5,224
874,0,3.41525772145,1.0,,0.013013013013,0,-0.0576817635746,-1.41169698783,5,242
875,0,5.68344201612,1.0,,0.012012012012,0,-0.0939772045206,0.96537362968,5,136
876,0,4.67730255074,1.0,,0.011011011011,0,0.051304597601,-0.476611242068,5,237
877,0,6.06271396013,1.0,,0.013013013013,0,0.32937893478,0.0745771557912,5,253
878,0,1.60073022342,1.0,,0.013013013013,0,-1.3910310076,0.77382324621,5,295
879,0,8.23431984175,1.0,,0.012012012012,0,0.469414855374,1.82607527563,5,8
880,0,5.68558833564,1.0,,0.011011011011,0,0.136227060083,0.276907155392,5,16
881,1,-1.13297506095,,0.0,0.012012012012,1,-1.10011681858,-2.8326246052,5,9
882,0,5.17232525501,1.0,,0.012012012012,0,-0.276909216926,1.00305290579,5,364
883,0,6.21861270527,1.0,,0.013013013013,0,0.837307014912,-1.29330833947,5,279
884,0,1.90399145819,1.0,,0.01001001001,0,-0.702282492548,-0.989161064164,5,380
885,0,4.30581400311,1.0,,0.013013013013,0,0.301767896292,-1.59948968577,5,306
886,0,4.32459888417,1.0,,0.01001001001,0,-0.00732168199517,-0.653436069848,5,316
887,0,4.4473123175,3.0,,0.012012012012,0,-0.348683211524,0.493361952069,5,85
888,0,6.389668683,3.0,,0.013013013013,0,0.341929372667,0.363880564995,5,5
889,0,2.34714783916,2.0,,0.012012012012,0,-0.860111077772,-0.0725189275213,5,76
890,0,6.20029855007,3.0,,0.011011011011,0,0.679094624526,-0.836985323513,5,301
891,0,7.82724463555,4.0,,0.012012012012,0,0.348233936564,1.78254282586,5,25
892,1,-0.549649587804,,0.0,0.011011011011,1,-1.3353875882,-1.54348682319,5,4
893,1,1.92177265662,,2.0,0.011011011011,0,-1.1521457172,0.378209808235,5,48
894,1,1.6639489764,,2.0,0.013013013013,0,-0.853304316212,-0.776138074968,5,47
895,0,6.38839512311,5.0,,0.013013013013,0,0.105955236228,1.07052941442,5,139
896,0,5.4399073716,5.0,,0.013013013013,0,0.151850445949,-0.0156439662457,5,297
897,1,3.79106612062,,4.0,0.012012012012,0,-0.304858897429,-0.294357187091,5,93
898,0,5.75003323992,4.0,,0.011011011011,0,0.330782739709,-0.242314979208,5,178
899,0,6.24262772147,4.0,,0.013013013013,0,-0.220567996118,1.90433170982,5,56
900,1,-1.1924736947,,0.0,0.011011011011,1,-1.39995906622,-1.99259649604,5,21
901,0,9.88701471857,1.0,,0.011011011011,0,1.27808443828,1.05276140373,5,67
902,0,5.19942014153,1.0,,0.011011011011,0,0.394440152933,-0.983900317267,5,38
903,0,4.10352282064,2.0,,0.01001001001,0,-0.00207544162959,-0.890250854466,5,273
904,0,4.22804665482,1.0,,0.011011011011,0,-0.41061478628,0.459891013662,5,205
905,0,1.71391795322,1.0,,0.012012012012,0,-0.864173915022,-0.693560301717,5,271
906,0,5.14977133925,4.0,,0.014014014014,0,-0.299280317141,1.04761229067,5,95
907,0,2.5048975821,0.0,,0.011011011011,0,-0.807790863021,-0.071729828838,5,273
908,0,4.82927792233,2.0,,0.012012012012,0,0.239324786055,-0.888696435836,5,131
909,0,8.12832201331,1.0,,0.013013013013,0,1.51909940712,-1.42897620806,5,9
910,0,5.3234639549,1.0,,0.011011011011,0,0.0243570582964,0.25039278001,5,231
911,0,7.72338518695,0.0,,0.01001001001,0,0.78442361238,0.370114349812,5,86
912,0,8.01713769286,2.0,,0.012012012012,0,0.352059876016,1.96095806481,5,46
913,0,1.93209948431,0.0,,0.011011011011,0,-0.687802322455,-1.00449354832,5,303
914,0,6.10385574517,0.0,,0.01001001001,0,0.629276776143,-0.783974583262,5,38
915,1,-0.409119181672,,0.0,0.00900900900901,1,-1.71501256655,-0.264081482035,5,43
916,0,3.09192329004,1.0,,0.013013013013,0,-0.929722225171,0.881089965549,5,184
917,0,4.14427882107,2.0,,0.012012012012,0,-0.151208226848,-0.40209649839,5,359
918,0,2.2782940158,1.0,,0.011011011011,0,-1.0064347741,0.297598338112,5,312
919,0,5.43056753675,1.0,,0.012012012012,0,0.0838888417438,0.178901011515,5,399
920,0,7.71549387869,2.0,,0.013013013013,0,0.89652385454,0.0259223150662,5,149
921,0,8.4200319712,2.0,,0.012012012012,0,0.186254329048,2.86126898405,5,190
922,0,3.26168685136,0.0,,0.011011011011,0,-0.82978619466,0.751045435336,5,4
923,0,6.0594180048,1.0,,0.012012012012,0,0.273687196254,0.238356416035,5,73
924,0,6.45819225931,0.0,,0.012012012012,0,0.162600710106,0.970390128989,5,394
925,0,7.97481434099,0.0,,0.01001001001,0,1.22778237459,-0.708532782773,5,401
926,0,4.09495748881,0.0,,0.011011011011,0,-0.381943375562,0.240787615497,5,106
927,0,9.59059331599,0.0,,0.01001001001,0,1.44073389879,0.268391619634,5,3
928,0,3.93666495212,1.0,,0.014014014014,0,-0.344920629791,-0.0285731585092,5,135
929,0,9.66905429777,0.0,,0.012012012012,0,1.3182176368,0.714401387357,5,57
930,0,5.83253567709,1.0,,0.013013013013,0,-0.653979548978,2.79447432402,5,114
931,0,8.88706660126,1.0,,0.011011011011,0,0.983778884428,0.935729947972,5,90
932,0,11.0674310681,1.0,,0.013013013013,0,1.65177118622,1.11211750941,5,110
933,0,4.31309550056,1.0,,0.011011011011,0,-0.17467011674,-0.162894149218,5,117
934,0,5.07144056871,1.0,,0.012012012012,0,0.474402805038,-1.3517678464,5,54
935,0,7.26434083217,2.0,,0.014014014014,0,1.37899177144,-1.87263448213,5,23
936,1,-3.52570140861,,0.0,0.012012012012,1,-3.06936821133,0.682403225369,5,45
937,0,4.44173871858,1.0,,0.012012012012,0,-0.14667169535,-0.118246195372,5,73
938,0,1.45973861901,0.0,,0.011011011011,0,-0.535625434044,-1.93338507886,5,68
939,0,3.5434331962,1.0,,0.012012012012,0,-0.238113958566,-0.742224928101,5,51
940,0,2.54308499408,1.0,,0.012012012012,0,-0.337292677755,-1.44503697265,5,60
941,0,6.94053102882,1.0,,0.013013013013,0,0.215090895381,1.29525834267,5,75
942,0,8.43463985876,4.0,,0.013013013013,0,1.07359112795,0.213866474901,5,34
943,0,6.16095031186,0.0,,0.012012012012,0,0.59351852509,-0.619605263415,5,139
944,0,8.37768476936,0.0,,0.012012012012,0,1.25018561822,-0.372872085298,5,126
945,0,8.44397184692,0.0,,0.011011011011,0,1.06264399535,0.256039860856,5,189
946,0,4.52328955431,1.0,,0.011011011011,0,0.14774329805,-0.919940339841,5,521
947,0,3.14963573626,0.0,,0.01001001001,0,-0.519445987367,-0.292026301642,5,114
948,0,6.93774492453,1.0,,0.011011011011,0,0.507904294136,0.414032042116,5,102
949,0,4.97681254919,0.0,,0.011011011011,0,0.373469486261,-1.14359590959,5,176
950,0,4.94880638927,0.0,,0.01001001001,0,0.247669734837,-0.794202815238,5,153
951,0,9.04800018104,0.0,,0.00900900900901,0,1.43324634076,-0.251738841238,5,105
952,0,3.25992880833,1.0,,0.012012012012,0,-0.816071988614,0.708144774175,5,78
953,0,4.64963658848,1.0,,0.012012012012,0,-0.552435127234,1.30694197018,5,160
954,0,4.12130522206,1.0,,0.014014014014,0,-0.265405062512,-0.082479590406,5,74
955,0,4.8401213977,0.0,,0.012012012012,0,-0.0266266512226,-0.0799986486338,5,132
956,0,6.42121526688,0.0,,0.011011011011,0,0.423307427559,0.1512929842,5,110
957,0,7.37887733506,0.0,,0.012012012012,0,0.933455023808,-0.421487736361,5,127
958,0,6.94919714209,0.0,,0.012012012012,0,0.748356772349,-0.295873174957,5,123
959,0,8.57603385841,0.0,,0.012012012012,0,1.22318522994,-0.0935218314042,5,82
960,0,6.46836649874,1.0,,0.012012012012,0,0.232906772924,0.769646179963,5,124
961,0,8.3533776635,0.0,,0.011011011011,0,0.998958716215,0.356501514856,5,206
962,0,5.36184559985,0.0,,0.012012012012,0,-0.198848470919,0.958391012604,5,192
963,0,6.09365020649,1.0,,0.013013013013,0,0.12071918797,0.731492642579,5,198
964,0,0.672027540335,0.0,,0.011011011011,0,-1.49325465072,0.151791492491,5,164
965,0,2.79691836209,0.0,,0.013013013013,0,-0.381651917839,-1.05812588439,5,121
966,0,4.58621914942,0.0,,0.011011011011,0,-0.44236079707,0.913301540626,5,151
967,0,9.0632425538,0.0,,0.011011011011,0,1.82704689592,-1.41789813395,5,11
968,0,10.2220107373,2.0,,0.014014014014,0,1.42842494271,0.9367359092,5,103
969,0,5.95255239819,0.0,,0.011011011011,0,0.475369743281,-0.473556831653,5,129
970,0,2.49583576758,0.0,,0.011011011011,0,-0.976071675938,0.424050795395,5,60
971,0,2.89474971894,0.0,,0.012012012012,0,-0.939293571422,0.712630433206,5,92
972,0,7.11529323673,0.0,,0.014014014014,0,0.897444457342,-0.577040135295,5,175
973,0,4.22890348042,0.0,,0.011011011011,0,-0.349415716651,0.277150630376,5,50
974,0,1.69144427796,0.0,,0.011011011011,0,-1.65046998779,1.64285424133,5,53
975,0,8.98072194172,2.0,,0.013013013013,0,1.18683152762,0.420227358861,5,94
976,0,6.0211500444,0.0,,0.01001001001,0,0.915759186889,-1.72612751627,5,155
977,0,1.53709412563,0.0,,0.012012012012,0,-0.911486395649,-0.728446687426,5,342
978,0,9.77341170822,0.0,,0.012012012012,0,1.86048402636,-0.808040370868,5,181
979,0,0.383099622126,0.0,,0.011011011011,0,-1.76063570214,0.665006728536,5,343
980,0,8.40973182,0.0,,0.013013013013,0,0.911415543175,0.675485190471,5,211
981,0,9.07938866873,0.0,,0.013013013013,0,1.67374828793,-0.941856195071,5,204
982,0,8.32085756642,0.0,,0.013013013013,0,1.52922383877,-1.26681394989,5,86
983,0,7.9643729423,0.0,,0.011011011011,0,0.44793340228,1.62057273546,5,186
984,0,8.42431195748,0.0,,0.012012012012,0,1.11359663375,0.0835220562406,5,88
985,0,7.59318245078,1.0,,0.012012012012,0,0.607433736194,0.770881242195,5,47
986,0,8.74125031256,1.0,,0.012012012012,0,1.38990018491,-0.428450242172,5,24
987,0,4.38241308274,3.0,,0.013013013013,0,-0.285562073241,0.239099302458,5,197
988,0,7.9024767349,1.0,,0.013013013013,0,0.78460793563,0.54865292801,5,190
989,0,4.41764799612,2.0,,0.013013013013,0,-0.644911751759,1.3523832514,5,228
990,0,1.16446289807,1.0,,0.012012012012,0,-1.45536136017,0.530546978576,5,79
991,1,-0.914066015774,,0.0,0.014014014014,1,-2.12902076518,0.472996279754,5,61
992,0,7.78780441215,1.0,,0.012012012012,0,0.72595703805,0.609933298,5,10
993,0,9.01966134818,1.0,,0.013013013013,0,1.25578245318,0.252313988651,5,264
994,0,2.19738086627,1.0,,0.012012012012,0,-1.37134865931,1.3114268442,5,6
995,0,3.65702443124,1.0,,0.012012012012,0,-0.661838618857,0.642540287807,5,213
996,0,3.49099521152,1.0,,0.012012012012,0,0.0231612351846,-1.57848849404,5,18
997,0,2.93094320355,2.0,,0.013013013013,0,-0.573392577542,-0.348879063823,5,28
998,0,2.74902449234,0.0,,0.012012012012,0,-0.834322796582,0.251992882082,5,129
999,0,4.39587929533,1.0,,0.011011011011,0,-0.532845564386,0.994415988492,5,131
