name,activated,threshold,before_activation_alters,after_activation_alters,degree,observed,var1,epsilon,constant,activation_order
0,0,6.31496631899,0.0,,0.012012012012,0,-0.0481578827839,1.45943996734,5,124
1,0,5.74664952926,0.0,,0.012012012012,0,0.0620942665811,0.560366729519,5,132
2,0,5.47675428665,0.0,,0.011011011011,0,-0.380946569392,1.61959399483,5,254
3,0,7.14016319179,1.0,,0.012012012012,0,0.366429513026,1.04087465271,5,134
4,0,3.18373502124,2.0,,0.012012012012,0,-0.805209417018,0.599363272293,5,245
5,0,7.03738616417,1.0,,0.01001001001,0,0.811961093889,-0.398497117501,5,234
6,0,3.75787218723,2.0,,0.013013013013,0,-0.287695739992,-0.379040592798,5,103
7,0,5.76495697509,2.0,,0.012012012012,0,-0.272905201054,1.58367257825,5,278
8,0,9.85314903611,3.0,,0.012012012012,0,0.951449847769,1.9987994928,5,228
9,0,4.60982324581,4.0,,0.011011011011,0,0.0503751925662,-0.541302331884,5,263
10,1,3.45856812052,2.0,4.0,0.011011011011,0,-0.681666795947,0.503568508363,5,259
11,0,8.68656627022,6.0,,0.011011011011,0,1.02048521627,0.625110621399,5,223
12,0,7.99837958607,6.0,,0.012012012012,0,0.844241874034,0.465653963973,5,100
13,1,2.78644415942,1.0,3.0,0.011011011011,0,-0.24316137063,-1.48407172868,5,201
14,1,4.12155683514,2.0,5.0,0.011011011011,0,-0.234735379836,-0.174237025354,5,214
15,1,3.68978173589,2.0,5.0,0.01001001001,0,-0.0741119733675,-1.08788234401,5,180
16,1,3.91457630014,3.0,4.0,0.013013013013,1,-0.433459063499,0.214953490642,5,176
17,1,0.516262665352,0.0,1.0,0.011011011011,1,-1.25421244955,-0.721099986002,5,44
18,1,5.17329474646,4.0,6.0,0.012012012012,0,0.53734644391,-1.43874458527,5,178
19,1,7.58756549222,7.0,11.0,0.014014014014,0,0.598781354093,0.791221429935,5,217
20,1,3.82549585328,3.0,4.0,0.011011011011,1,-0.20670559758,-0.554387353983,5,107
21,1,5.14414634442,5.0,6.0,0.012012012012,1,0.370293920405,-0.966735416798,5,161
22,1,0.585744142985,,1.0,0.011011011011,0,-1.03187747873,-1.31862342083,5,27
23,1,-0.617905363803,,0.0,0.014014014014,1,-1.91432594826,0.125072480984,5,13
24,1,3.63447924114,2.0,4.0,0.012012012012,0,-0.310160726685,-0.435038578807,5,103
25,1,5.24249402644,5.0,7.0,0.011011011011,0,-0.345163243728,1.27798375763,5,109
26,1,-1.85306526167,,1.0,0.015015015015,0,-2.1311785618,-0.459529576271,5,42
27,1,5.25361090254,4.0,7.0,0.011011011011,0,0.23909736711,-0.46368119879,5,128
28,1,2.45610553922,1.0,4.0,0.011011011011,0,-0.52774873902,-0.960648243719,5,70
29,1,5.25514415204,5.0,7.0,0.014014014014,0,0.253449432479,-0.505204145402,5,118
30,1,1.24172695302,,2.0,0.014014014014,0,-1.24791507227,-0.0145278301651,5,59
31,0,6.15237675856,6.0,,0.013013013013,0,0.481726238842,-0.292801957968,5,34
32,0,7.94484914323,7.0,,0.013013013013,0,1.36500001914,-1.15015091419,5,33
33,0,11.5789864371,4.0,,0.012012012012,0,1.81244680436,1.14164602405,5,179
34,1,-0.875931452157,,0.0,0.011011011011,1,-1.92091482461,-0.11318697834,5,9
35,0,7.39813263389,3.0,,0.011011011011,0,0.652960414056,0.439251391721,5,118
36,0,10.3357783022,2.0,,0.012012012012,0,1.94430002308,-0.49712176704,5,46
37,0,8.4734553175,2.0,,0.013013013013,0,0.735330559156,1.26746364003,5,223
38,0,2.68794638435,1.0,,0.012012012012,0,-0.645168284079,-0.376548763407,5,98
39,0,7.71428958376,1.0,,0.01001001001,0,0.592224750763,0.93761533147,5,77
40,0,3.5744099923,1.0,,0.012012012012,0,-0.221469560512,-0.761181326159,5,15
41,0,5.26381221478,0.0,,0.012012012012,0,-0.316415647893,1.21305915846,5,2
42,0,6.84185754368,0.0,,0.013013013013,0,0.537141133571,0.230434142965,5,118
43,0,1.32525459703,0.0,,0.013013013013,0,-0.995193385449,-0.689165246621,5,37
44,0,8.36431473879,1.0,,0.011011011011,0,0.877046732999,0.733174539796,5,85
45,0,3.42421158043,1.0,,0.014014014014,0,-0.774228436628,0.746896890314,5,262
46,0,4.61409158215,0.0,,0.012012012012,0,-0.166670000033,0.114101582247,5,178
47,0,6.97837062848,3.0,,0.011011011011,0,0.732860028969,-0.22020945843,5,201
48,0,1.76262030095,0.0,,0.012012012012,0,-0.581186490612,-1.49382022721,5,123
49,0,1.57081436875,1.0,,0.012012012012,0,-0.866664931166,-0.829190837751,5,59
50,0,3.77556427711,3.0,,0.014014014014,0,-0.55206677652,0.431764606673,5,108
51,0,4.47255862066,0.0,,0.012012012012,0,-0.620881953619,1.33520448152,5,133
52,0,7.22293008363,0.0,,0.01001001001,0,0.723086705997,0.0536699656356,5,13
53,0,3.97342113212,0.0,,0.011011011011,0,-0.272918354305,-0.207823804967,5,64
54,0,3.23506932296,1.0,,0.011011011011,0,-0.521168101173,-0.201426373523,5,81
55,0,4.97849050001,0.0,,0.012012012012,0,-0.099299370388,0.276388611171,5,39
56,0,2.14184316507,1.0,,0.012012012012,0,-0.893842123874,-0.176630463308,5,119
57,0,9.15324517627,0.0,,0.011011011011,0,0.889333669881,1.48524416663,5,179
58,0,3.38686049003,1.0,,0.011011011011,0,-0.616762315742,0.237147437259,5,60
59,0,4.87461377965,2.0,,0.011011011011,0,-0.0539197984259,0.0363731749294,5,37
60,0,5.52767718878,1.0,,0.011011011011,0,-0.59090877086,2.30040350136,5,42
61,0,12.2138001425,2.0,,0.013013013013,0,2.36748691618,0.111339393971,5,48
62,0,5.15400457329,2.0,,0.012012012012,0,0.00427052370875,0.141193002159,5,169
63,0,8.57339819465,3.0,,0.012012012012,0,0.866750578434,0.973146459349,5,153
64,1,-0.42414626096,,0.0,0.013013013013,1,-1.98781194766,0.539289582008,5,30
65,0,6.7363346459,3.0,,0.013013013013,0,0.0307759399902,1.64400682593,5,151
66,0,11.0673589125,4.0,,0.01001001001,0,1.75600730644,0.799336993181,5,273
67,0,6.00679241339,3.0,,0.013013013013,0,-0.139391629996,1.42496730338,5,148
68,0,3.23068866785,3.0,,0.011011011011,0,-0.485679723737,-0.312272160941,5,155
69,1,3.78674950904,2.0,4.0,0.011011011011,0,-0.144604491771,-0.779437015643,5,254
70,0,7.89663763629,6.0,,0.013013013013,0,1.49201954248,-1.57942099115,5,92
71,1,1.28689640491,1.0,3.0,0.013013013013,0,-1.50316998427,0.796406357724,5,206
72,0,8.54517414465,5.0,,0.011011011011,0,0.618296594762,1.69028436037,5,41
73,0,7.70429470911,6.0,,0.013013013013,0,0.710272996762,0.573475718826,5,182
74,1,0.97953760584,0.0,4.0,0.012012012012,0,-1.27423434794,-0.197759350331,5,177
75,1,2.75259305539,0.0,3.0,0.012012012012,0,-0.759410487443,0.0308245177238,5,150
76,0,8.35183382655,7.0,,0.013013013013,0,0.864416814857,0.758583381977,5,306
77,0,9.20328486215,9.0,,0.012012012012,0,1.38430458685,0.0503711015987,5,295
78,1,1.89227994903,1.0,2.0,0.012012012012,1,-0.785591932283,-0.750944254123,5,144
79,1,1.83969034636,1.0,4.0,0.013013013013,0,-1.0054331139,-0.144010311928,5,145
80,1,0.419473004266,,1.0,0.012012012012,0,-0.945007303779,-1.7455050844,5,140
81,1,5.3281201687,1.0,8.0,0.011011011011,0,0.372153266421,-0.788339630567,5,156
82,1,-0.194536501401,,0.0,0.012012012012,1,-1.12868438774,-1.80848333817,5,18
83,1,1.64469110624,0.0,3.0,0.01001001001,0,-0.649185395796,-1.40775270637,5,154
84,1,1.76734766965,1.0,2.0,0.01001001001,1,-1.41824226049,1.02207445112,5,143
85,1,3.71939267521,1.0,4.0,0.012012012012,0,-0.849693386158,1.26847283368,5,149
86,1,1.84425952518,1.0,6.0,0.014014014014,0,-1.68825401346,1.90902156555,5,183
87,1,6.53171559307,6.0,7.0,0.012012012012,1,0.520651553394,-0.0302390671114,5,187
88,1,5.08050884542,5.0,7.0,0.013013013013,0,0.288561350094,-0.785175204866,5,191
89,1,2.63848761834,0.0,3.0,0.012012012012,0,-0.41198951851,-1.12554382613,5,168
90,1,4.9163064855,2.0,9.0,0.011011011011,0,-0.162458782152,0.403682831952,5,264
91,1,6.94294617368,6.0,7.0,0.012012012012,1,0.679754961682,-0.096318711366,5,227
92,1,4.2530529307,4.0,5.0,0.013013013013,1,0.191730182063,-1.32213761549,5,220
93,1,5.83302210455,5.0,8.0,0.011011011011,0,0.189740057531,0.263801931955,5,288
94,1,4.56292009288,4.0,5.0,0.012012012012,1,0.0544039910374,-0.600291880234,5,239
95,1,1.74275901568,1.0,2.0,0.014014014014,1,-0.425681286559,-1.98019712465,5,195
96,1,7.23614024591,7.0,8.0,0.013013013013,1,1.00378187558,-0.775205380841,5,331
97,1,2.99213978395,1.0,4.0,0.011011011011,0,-0.363968498437,-0.915954720734,5,284
98,1,10.826990784,9.0,11.0,0.012012012012,0,1.52584413545,1.24945837764,5,375
99,1,7.84452989938,6.0,11.0,0.012012012012,0,0.961436002278,-0.0397781074541,5,389
100,1,7.18262134067,3.0,9.0,0.012012012012,0,0.526705055756,0.602506173402,5,362
101,1,6.93700869469,6.0,8.0,0.012012012012,0,0.720869988833,-0.225601271804,5,360
102,1,5.50201797091,5.0,7.0,0.012012012012,0,0.0760761560757,0.273789502685,5,345
103,1,1.27830352754,1.0,3.0,0.011011011011,0,-1.29821534852,0.172949573096,5,337
104,1,5.75075691687,2.0,6.0,0.012012012012,0,0.00303528370244,0.741651065761,5,350
105,1,8.0643344143,5.0,9.0,0.01001001001,0,1.53163296904,-1.5305644928,5,387
106,1,4.88624258121,3.0,5.0,0.012012012012,0,-0.158927568683,0.363025287258,5,336
107,1,0.653259963841,0.0,1.0,0.012012012012,1,-1.39391687816,-0.164989401681,5,182
108,1,9.77313949567,8.0,10.0,0.012012012012,0,2.10040474393,-1.52807473611,5,356
109,1,4.90568528906,4.0,7.0,0.012012012012,0,0.14647476888,-0.533739017581,5,335
110,1,2.6547887817,2.0,4.0,0.012012012012,0,-0.166869753151,-1.84460195884,5,285
111,1,3.26458594788,3.0,4.0,0.012012012012,1,0.0686125979098,-1.94125184585,5,197
112,1,7.87017027592,6.0,8.0,0.013013013013,0,0.908603100339,0.144360974898,5,326
113,1,5.6950631606,5.0,6.0,0.013013013013,1,0.190036950526,0.124952309022,5,302
114,1,-2.05529477117,,0.0,0.013013013013,1,-1.86241616593,-1.46804627339,5,11
115,1,-1.93756446454,,1.0,0.012012012012,0,-2.09914905261,-0.640117306714,5,20
116,1,4.73524993348,3.0,5.0,0.011011011011,0,-0.247366625435,0.47734980978,5,312
117,1,5.85245239896,5.0,6.0,0.012012012012,1,-0.0378335879054,0.965953162672,5,317
118,1,7.86538474126,5.0,9.0,0.013013013013,0,0.492260422578,1.38860347353,5,349
119,1,1.53353659175,0.0,2.0,0.012012012012,0,-1.30947595438,0.461964454886,5,32
120,1,4.55234382126,3.0,6.0,0.012012012012,0,-0.20483847683,0.16685925175,5,330
121,1,3.47096674855,2.0,4.0,0.012012012012,0,-0.432104188386,-0.232720686289,5,323
122,1,3.82063259891,3.0,8.0,0.013013013013,0,0.0756025577672,-1.40617507439,5,354
123,1,6.13733968195,5.0,7.0,0.011011011011,0,0.316492106076,0.187863363721,5,408
124,1,6.66981944382,6.0,7.0,0.011011011011,1,-0.712094602602,3.80610325163,5,400
125,1,3.24309905837,2.0,4.0,0.012012012012,0,-0.699310223916,0.341029730115,5,376
126,1,0.381530103521,0.0,4.0,0.012012012012,0,-0.990830994833,-1.64597691198,5,398
127,1,6.22796807212,5.0,8.0,0.011011011011,0,0.467925241668,-0.175807652882,5,417
128,1,10.0011219703,5.0,11.0,0.013013013013,0,1.21388646281,1.35946258186,5,421
129,1,4.98610642191,4.0,6.0,0.011011011011,0,0.420729152095,-1.27608103438,5,413
130,1,2.76066188957,1.0,3.0,0.012012012012,0,-0.287690620044,-1.3762662503,5,403
131,1,9.98020064049,9.0,10.0,0.011011011011,1,1.86287027439,-0.608410182693,5,430
132,1,2.3625223171,2.0,5.0,0.011011011011,0,-1.01888967203,0.419191333187,5,415
133,1,10.2729716512,2.0,11.0,0.013013013013,0,1.73402001731,0.0709115992814,5,423
134,1,2.11096334498,1.0,4.0,0.013013013013,0,-0.794158772699,-0.506560336924,5,409
135,1,1.58989809521,1.0,2.0,0.011011011011,1,-1.02411468325,-0.337757855033,5,406
136,1,6.84240274877,3.0,10.0,0.013013013013,0,0.712665994017,-0.295595233285,5,418
137,1,3.33358052741,3.0,4.0,0.012012012012,1,-0.640796706602,0.255970647213,5,407
138,1,-1.36300071481,,0.0,0.013013013013,1,-1.45429298498,-2.00012175987,5,33
139,1,4.20805636595,4.0,10.0,0.013013013013,0,0.10240466718,-1.09915763559,5,420
140,1,6.67151197228,5.0,8.0,0.013013013013,0,-0.143117918221,2.10086572694,5,411
141,1,5.42596766504,5.0,7.0,0.012012012012,0,0.652863260514,-1.5326221165,5,412
142,1,3.11310302673,3.0,4.0,0.013013013013,1,-0.648265408093,0.0578992510117,5,333
143,1,5.90947397007,2.0,6.0,0.012012012012,0,-0.253605004814,1.67028898451,5,384
144,1,8.57299247393,7.0,11.0,0.011011011011,0,0.743298188871,1.34309790731,5,426
145,1,-0.272237859741,,0.0,0.014014014014,1,-1.43178586646,-0.976880260361,5,1
146,1,7.48975779738,6.0,8.0,0.011011011011,0,0.926736413029,-0.290451441712,5,416
147,1,1.25244358348,1.0,2.0,0.012012012012,1,-0.836274174146,-1.23873389408,5,315
148,1,4.43724217153,2.0,6.0,0.012012012012,0,0.578487580391,-2.29822056964,5,328
149,1,5.87366161306,2.0,9.0,0.014014014014,0,0.229644564884,0.184727918405,5,332
150,1,4.44009881287,1.0,9.0,0.012012012012,0,-0.121876970417,-0.194270275876,5,374
151,1,4.13903394148,1.0,6.0,0.012012012012,0,-1.02605258537,2.2171916976,5,327
152,1,1.61254565723,0.0,2.0,0.013013013013,0,-0.833932896402,-0.885655653559,5,313
153,1,2.13385741585,0.0,4.0,0.01001001001,0,-0.958781127092,0.010200797131,5,320
154,1,1.4325974926,1.0,2.0,0.012012012012,1,-1.05444436473,-0.404069413201,5,311
155,1,5.50956290296,3.0,7.0,0.012012012012,0,0.000899642392301,0.506863975786,5,325
156,1,7.09721572734,6.0,11.0,0.012012012012,0,0.968128324684,-0.80716924671,5,373
157,1,5.74169640794,5.0,9.0,0.01001001001,0,-0.186915285988,1.30244226591,5,343
158,1,4.6502099555,4.0,6.0,0.012012012012,0,0.121592299826,-0.714566943981,5,310
159,1,2.88706934949,1.0,4.0,0.01001001001,0,-0.00530218648749,-2.09702409104,5,279
160,1,1.6516247415,1.0,3.0,0.013013013013,0,-1.13408749727,0.0538872333239,5,222
161,1,0.598741180043,0.0,1.0,0.012012012012,1,-1.56278978882,0.287110546512,5,188
162,1,4.719555873,3.0,5.0,0.011011011011,0,-0.158267182064,0.194357419194,5,253
163,1,4.89390784142,2.0,5.0,0.013013013013,0,-0.250994168817,0.646890347875,5,251
164,1,11.9175225064,8.0,12.0,0.014014014014,0,2.55056458457,-0.734171247347,5,303
165,1,5.28747389483,5.0,6.0,0.012012012012,1,0.222879644846,-0.381165039707,5,271
166,1,2.60694308326,2.0,3.0,0.011011011011,1,-1.16068382285,1.08899455181,5,248
167,1,5.23919299792,2.0,8.0,0.013013013013,0,0.635524936072,-1.66738181029,5,274
168,1,-1.12519727166,,0.0,0.014014014014,1,-2.18327257469,0.424620452422,5,92
169,1,3.44246267161,2.0,4.0,0.013013013013,0,-0.4669699054,-0.156627612194,5,258
170,1,1.61800715472,1.0,6.0,0.00900900900901,0,-0.162238151291,-2.89527839141,5,280
171,1,2.9665113003,1.0,3.0,0.012012012012,0,-0.991698008762,0.941605326584,5,269
172,1,4.6236582664,3.0,5.0,0.012012012012,0,-0.37045750401,0.735030778431,5,276
173,1,3.81606611081,3.0,6.0,0.013013013013,0,-0.597495504722,0.608552624972,5,277
174,0,11.062504311,9.0,,0.012012012012,0,2.21703545071,-0.588602041131,5,61
175,1,7.28246865281,3.0,8.0,0.013013013013,0,0.445238423513,0.946753382269,5,283
176,1,2.74615352361,2.0,7.0,0.012012012012,0,-1.06038808076,0.927317765884,5,287
177,0,8.23791695724,8.0,,0.011011011011,0,0.0445748581581,3.10419238277,5,49
178,1,6.00895460018,6.0,9.0,0.012012012012,0,0.622595699461,-0.8588324982,5,309
179,1,4.63017580547,4.0,7.0,0.011011011011,0,-0.176530278915,0.159766642212,5,298
180,1,1.34663058756,1.0,2.0,0.012012012012,1,-0.99368221364,-0.672322771514,5,55
181,1,-0.790345332385,,1.0,0.012012012012,0,-2.12919856309,0.59725035687,5,43
182,1,-2.26156464102,,1.0,0.012012012012,0,-2.65744249998,0.710762858911,5,52
183,0,4.77167262196,4.0,,0.01001001001,0,0.0546365164011,-0.392236927244,5,254
184,1,2.53524235453,0.0,3.0,0.012012012012,0,-1.00347054029,0.545653975411,5,81
185,0,7.01202561052,6.0,,0.012012012012,0,0.724470935344,-0.161387195517,5,250
186,0,5.99672144238,2.0,,0.01001001001,0,0.156794651821,0.526337486917,5,244
187,0,8.21295012815,3.0,,0.012012012012,0,1.1698595783,-0.296628606735,5,33
188,0,6.607934928,3.0,,0.013013013013,0,0.830005474273,-0.882081494823,5,260
189,0,6.61965504491,1.0,,0.012012012012,0,1.03155708399,-1.47501620705,5,243
190,0,8.00093221592,1.0,,0.011011011011,0,0.603441720857,1.19060705336,5,51
191,0,5.53836578158,0.0,,0.012012012012,0,-0.00391812933529,0.550120169591,5,151
192,0,5.83855608812,0.0,,0.011011011011,0,0.635252826049,-1.06720239003,5,246
193,0,7.19764725325,0.0,,0.013013013013,0,0.232459839726,1.50026773407,5,239
194,0,4.83894081763,2.0,,0.013013013013,0,0.599980204601,-1.96099979617,5,164
195,0,2.15477471289,0.0,,0.014014014014,0,-0.573910086682,-1.12349502706,5,221
196,0,2.57408348339,2.0,,0.013013013013,0,-0.602866854522,-0.617315953044,5,86
197,0,7.20550285919,0.0,,0.011011011011,0,-0.00534037828265,2.22152399403,5,158
198,0,2.84176733628,1.0,,0.014014014014,0,-0.432676732989,-0.860202464754,5,227
199,0,5.14903248505,0.0,,0.012012012012,0,-0.161230688676,0.632724551081,5,215
200,0,0.967387243706,0.0,,0.012012012012,0,-1.75226353106,1.22417783688,5,211
201,0,8.5859907108,0.0,,0.013013013013,0,0.666770558759,1.58567903453,5,93
202,0,5.66543188303,1.0,,0.013013013013,0,0.0837393677413,0.414213779807,5,49
203,0,4.59260096226,0.0,,0.013013013013,0,-0.429438412271,0.880916199072,5,167
204,0,6.30174033643,0.0,,0.013013013013,0,0.273725125434,0.480564960126,5,179
205,0,7.46834683579,1.0,,0.013013013013,0,0.383600297416,1.31754594354,5,170
206,0,2.11670759135,0.0,,0.011011011011,0,-0.979327147076,0.0546890325743,5,2
207,0,0.246958421427,0.0,,0.012012012012,0,-1.13324132506,-1.35331760341,5,62
208,0,8.53340647305,1.0,,0.013013013013,0,1.41311709005,-0.705944797113,5,138
209,0,7.47236797556,0.0,,0.013013013013,0,1.03565314029,-0.634591445308,5,190
210,0,4.31868497869,1.0,,0.013013013013,0,-0.320034463872,0.278788370309,5,65
211,0,3.05948171549,1.0,,0.012012012012,0,-0.45940397719,-0.562306352943,5,89
212,0,1.68617408818,1.0,,0.012012012012,0,-0.653805642925,-1.35240898304,5,17
213,0,9.63737800587,1.0,,0.012012012012,0,1.44052446503,0.315804610782,5,103
214,0,8.38680828906,1.0,,0.012012012012,0,1.02047765574,0.325375321836,5,196
215,0,6.34281440956,2.0,,0.012012012012,0,0.831357555872,-1.15125825805,5,91
216,0,9.65212044597,1.0,,0.012012012012,0,1.48291000763,0.203390423095,5,77
217,0,5.63014961216,2.0,,0.011011011011,0,0.120250387254,0.269398450398,5,396
218,1,-3.9297023884,,0.0,0.012012012012,1,-2.57976708494,-1.19040113358,5,7
219,0,6.45932258215,4.0,,0.012012012012,0,-0.0446803902315,1.59336375285,5,354
220,0,7.49888027255,3.0,,0.011011011011,0,0.857090662418,-0.0723917147047,5,356
221,0,6.1411936336,2.0,,0.013013013013,0,-0.227057287144,1.82236549504,5,383
222,0,4.58310989412,4.0,,0.013013013013,0,0.164033428204,-0.908990390494,5,393
223,1,1.42192730932,1.0,2.0,0.012012012012,1,-1.08498261401,-0.323124848638,5,130
224,1,3.62339481658,3.0,4.0,0.013013013013,1,0.0467697214735,-1.51691434784,5,228
225,0,11.7036903254,4.0,,0.012012012012,0,2.73721313903,-1.50794909164,5,237
226,0,7.18457233206,6.0,,0.011011011011,0,0.449031696689,0.837477241998,5,229
227,0,6.32685567558,6.0,,0.011011011011,0,0.886051628223,-1.33129920908,5,395
228,1,4.18032437418,4.0,5.0,0.01001001001,1,-0.259886224912,-0.0400169510861,5,226
229,1,2.75729470694,0.0,3.0,0.012012012012,0,-0.815288041701,0.203158832039,5,129
230,1,5.0730464499,5.0,6.0,0.014014014014,1,0.0593395343151,-0.104972153041,5,216
231,0,11.264450017,9.0,,0.012012012012,0,2.5384632788,-1.35093981936,5,219
232,1,1.80372016384,1.0,2.0,0.011011011011,1,-0.92596535025,-0.418383785412,5,84
233,1,0.0752965586658,0.0,3.0,0.013013013013,0,-1.48729172425,-0.462828268571,5,110
234,1,0.943339812773,0.0,1.0,0.012012012012,1,-1.1226051138,-0.688844845838,5,102
235,1,5.18283053499,4.0,10.0,0.011011011011,0,0.0732887931348,-0.0370358444114,5,260
236,1,4.43836758402,4.0,6.0,0.011011011011,0,-0.636686024216,1.34842565666,5,202
237,1,3.59371498079,3.0,6.0,0.012012012012,0,-0.398647090751,-0.210343746961,5,194
238,1,0.690702892404,0.0,1.0,0.012012012012,1,-1.56835363398,0.395763794333,5,79
239,1,8.51294881017,8.0,9.0,0.012012012012,1,1.38143755451,-0.631363853373,5,247
240,1,5.66913017996,3.0,7.0,0.012012012012,0,0.264019031012,-0.122926913073,5,218
241,1,5.26372034538,4.0,6.0,0.012012012012,0,0.104168358958,-0.0487847314931,5,193
242,1,3.78342495593,3.0,4.0,0.013013013013,1,-0.0733882098101,-0.996410414638,5,169
243,1,4.42306730283,4.0,5.0,0.01001001001,1,-0.338269425151,0.437875578286,5,190
244,1,0.0355834834362,,2.0,0.012012012012,0,-1.56802374348,-0.260345286136,5,22
245,1,5.99788382834,5.0,6.0,0.011011011011,1,0.103551263747,0.687230037096,5,192
246,1,8.96544625819,6.0,11.0,0.012012012012,0,1.25564154832,0.198521613232,5,244
247,1,4.46810691787,4.0,5.0,0.01001001001,1,-0.17956889516,0.00681360335165,5,78
248,1,-2.05365801102,,0.0,0.014014014014,1,-2.08948440423,-0.785204798332,5,8
249,1,0.865131495733,0.0,1.0,0.012012012012,1,-1.01470546263,-1.09075211638,5,21
250,1,3.19467546459,,4.0,0.012012012012,0,-0.65603145884,0.162769841108,5,39
251,0,10.2309306954,8.0,,0.01001001001,0,1.52146529698,0.666534804498,5,243
252,1,4.99783225253,1.0,5.0,0.012012012012,0,0.373113551322,-1.12150840143,5,66
253,1,5.43684790692,,8.0,0.013013013013,0,0.752460782128,-1.82053443947,5,95
254,1,0.0508312750136,,2.0,0.013013013013,0,-1.30474164418,-1.03494379245,5,23
255,0,8.06991350414,8.0,,0.013013013013,0,0.962902837984,0.181204990189,5,241
256,1,4.0871715852,3.0,6.0,0.012012012012,0,0.0521045056643,-1.0691419318,5,123
257,0,7.11207558026,7.0,,0.012012012012,0,0.831252160317,-0.381680900696,5,231
258,1,0.762622731243,,1.0,0.012012012012,0,-1.74270579333,0.99074011122,5,56
259,1,1.6525298941,1.0,2.0,0.012012012012,1,-1.57399619745,1.37451848645,5,85
260,0,6.49202236969,5.0,,0.012012012012,0,-0.0806532459948,1.73398210767,5,67
261,1,4.07408953381,4.0,5.0,0.013013013013,1,0.202340003774,-1.53293047751,5,355
262,0,7.67491932039,4.0,,0.011011011011,0,0.992149333354,-0.301528679667,5,137
263,0,5.94252705023,4.0,,0.012012012012,0,0.412682930852,-0.295521742325,5,235
264,0,10.7994271128,4.0,,0.012012012012,0,1.93187140351,0.00381290223366,5,3
265,0,10.1434966818,4.0,,0.013013013013,0,2.19072010593,-1.42866363605,5,9
266,1,-0.92287023887,,0.0,0.011011011011,1,-1.86633366146,-0.323869254492,5,53
267,0,7.18331491623,3.0,,0.013013013013,0,0.515132215745,0.637918268996,5,220
268,0,5.85805661728,1.0,,0.012012012012,0,0.241479916194,0.133616868693,5,303
269,0,5.63273382623,2.0,,0.012012012012,0,0.477893902833,-0.800947882268,5,94
270,0,4.29541889838,1.0,,0.012012012012,0,-0.210626884639,-0.0727004477005,5,217
271,0,9.53716519539,1.0,,0.012012012012,0,1.45585958171,0.169586450275,5,262
272,0,9.30633561921,2.0,,0.011011011011,0,1.5638094514,-0.385092734979,5,107
273,0,1.37204372755,1.0,,0.012012012012,0,-1.44761026723,0.71487452923,5,283
274,0,2.88172085044,2.0,,0.015015015015,0,-0.767446070965,0.184059063333,5,34
275,0,1.5733971309,0.0,,0.012012012012,0,-0.811963634887,-0.990711964435,5,238
276,0,6.42417975945,1.0,,0.012012012012,0,0.163378655616,0.934043792602,5,224
277,0,7.16090613331,0.0,,0.00900900900901,0,0.783260840819,-0.188876389148,5,282
278,0,5.92600730138,0.0,,0.012012012012,0,-0.227141172801,1.60743081978,5,214
279,0,4.08460603721,1.0,,0.013013013013,0,-0.440412776338,0.405844366224,5,11
280,0,2.04827025106,0.0,,0.012012012012,0,-1.34751137567,1.09080437808,5,98
281,0,7.57731719058,1.0,,0.014014014014,0,0.725859504895,0.399738675896,5,217
282,0,5.07845378265,2.0,,0.012012012012,0,0.446111244541,-1.25987995097,5,213
283,0,7.23413142854,2.0,,0.012012012012,0,1.00477336065,-0.780188653406,5,269
284,0,6.58899819445,3.0,,0.011011011011,0,0.716733527507,-0.561202388068,5,20
285,0,6.29529775819,3.0,,0.017017017017,0,0.87909091253,-1.3419749794,5,38
286,0,8.25761503953,2.0,,0.00900900900901,0,0.901025165564,0.55453954284,5,220
287,1,1.77847200492,1.0,2.0,0.012012012012,1,-0.658758473631,-1.24525257419,5,359
288,1,-1.12728571701,,0.0,0.011011011011,1,-1.69367214755,-1.04626927437,5,46
289,0,5.32329402592,1.0,,0.011011011011,0,-0.511002467751,1.85630142917,5,55
290,0,1.87277573666,1.0,,0.011011011011,0,-1.83211912058,2.3691330984,5,112
291,0,9.35537657356,3.0,,0.013013013013,0,1.23737001682,0.643266523104,5,66
292,0,6.12187550604,1.0,,0.011011011011,0,-0.0196787403362,1.18091172705,5,77
293,0,2.56473193475,1.0,,0.012012012012,0,-1.03357015904,0.665442411878,5,35
294,0,5.0028425038,1.0,,0.011011011011,0,0.43508931633,-1.30242544519,5,141
295,0,9.0366941094,0.0,,0.012012012012,0,1.01051247006,1.00515669922,5,106
296,0,10.8818843872,0.0,,0.014014014014,0,1.35859197353,1.80610846658,5,350
297,0,7.02456646432,0.0,,0.011011011011,0,1.02153374349,-1.04003476613,5,168
298,0,5.51849773243,1.0,,0.013013013013,0,-0.0363049649883,0.627412627392,5,27
299,0,6.28380754582,0.0,,0.013013013013,0,0.61230873444,-0.553118657499,5,122
300,0,11.167516831,1.0,,0.013013013013,0,1.87875718361,0.531245280166,5,157
301,0,8.99071887906,0.0,,0.012012012012,0,1.06200674136,0.804698654971,5,86
302,0,3.31621265258,0.0,,0.013013013013,0,-0.294242045533,-0.80106121082,5,155
303,0,5.63277658822,1.0,,0.012012012012,0,0.479430216433,-0.805514061077,5,62
304,0,7.64913688336,0.0,,0.011011011011,0,0.924940889649,-0.125685785582,5,127
305,0,2.98215411268,0.0,,0.012012012012,0,-0.372534232361,-0.900243190232,5,81
306,0,6.21035575163,1.0,,0.012012012012,0,0.33689117756,0.199682218952,5,91
307,0,10.1866626772,0.0,,0.012012012012,0,1.65448635113,0.223203623793,5,40
308,0,3.55338028816,1.0,,0.013013013013,0,0.0137543644786,-1.48788280527,5,5
309,0,6.06579358528,1.0,,0.012012012012,0,0.439345726234,-0.252243593422,5,67
310,0,6.59162059503,1.0,,0.013013013013,0,0.134096008444,1.1893325697,5,118
311,0,3.90003798457,3.0,,0.013013013013,0,-0.227049138826,-0.418814598955,5,81
312,0,6.79388696225,2.0,,0.012012012012,0,0.575377028509,0.0677558767237,5,60
313,0,11.6953594152,3.0,,0.011011011011,0,2.24257711244,-0.0323719220956,5,191
314,1,0.198963905705,0.0,1.0,0.011011011011,1,-2.19131074222,1.77289613237,5,301
315,0,8.06360751231,3.0,,0.012012012012,0,0.655984856944,1.09565294148,5,46
316,0,3.23195552068,3.0,,0.012012012012,0,-0.0665994232744,-1.5682462095,5,450
317,0,2.68151691712,2.0,,0.012012012012,0,-0.703796357339,-0.207094010861,5,126
318,1,1.81543771316,1.0,2.0,0.011011011011,1,-0.958009007834,-0.310535263336,5,268
319,1,1.5982503952,1.0,2.0,0.011011011011,1,-0.517072674543,-1.85053158117,5,181
320,0,6.39408802683,6.0,,0.015015015015,0,0.645959754691,-0.543791237246,5,331
321,0,8.28262755009,4.0,,0.011011011011,0,1.45333032631,-1.07736342883,5,14
322,0,7.08527837721,6.0,,0.011011011011,0,0.729922406518,-0.104488842338,5,172
323,0,9.92675932042,7.0,,0.012012012012,0,1.11448410824,1.58330699572,5,58
324,1,1.17284157534,1.0,2.0,0.013013013013,1,-1.46111329782,0.556181468794,5,173
325,1,-2.32300959976,,0.0,0.012012012012,1,-1.66496729537,-2.32810771366,5,37
326,0,9.14308740159,8.0,,0.012012012012,0,0.915335456282,1.39708103274,5,111
327,1,5.57167612399,3.0,7.0,0.011011011011,0,0.25398387801,-0.190275510036,5,351
328,1,7.47960901352,2.0,8.0,0.012012012012,0,0.810607864052,0.047785421365,5,334
329,1,4.99867416066,3.0,5.0,0.013013013013,0,-0.834414387381,2.5019173228,5,289
330,1,4.79185875837,4.0,5.0,0.012012012012,1,-0.188161083412,0.356342008602,5,297
331,1,4.09710538778,2.0,9.0,0.012012012012,0,-0.160294585205,-0.422010856604,5,324
332,1,1.03243171014,1.0,2.0,0.012012012012,1,-1.21020716443,-0.336946796561,5,282
333,1,7.88716060179,2.0,10.0,0.013013013013,0,0.920186426812,0.126601321351,5,329
334,1,0.00785368838548,0.0,1.0,0.012012012012,1,-1.39229192571,-0.815270534493,5,278
335,1,3.496811871,2.0,5.0,0.013013013013,0,-0.633707560304,0.397934551913,5,299
336,1,5.6969637189,5.0,7.0,0.012012012012,0,0.243007208623,-0.0320579069695,5,322
337,1,2.87090555596,1.0,4.0,0.012012012012,0,-0.884362693226,0.523993635633,5,319
338,1,0.491985888484,0.0,1.0,0.013013013013,1,-1.60608186964,0.310231497417,5,263
339,0,9.30407649432,9.0,,0.012012012012,0,1.76412032034,-0.988284466707,5,107
340,1,3.18902736198,3.0,4.0,0.014014014014,1,-0.4474471596,-0.468631159222,5,316
341,0,6.99049293657,6.0,,0.011011011011,0,0.585027344382,0.235410903426,5,145
342,1,2.38634393616,2.0,5.0,0.012012012012,0,-0.629535168769,-0.725050557536,5,364
343,1,4.56102280263,4.0,5.0,0.01001001001,1,-0.183700457114,0.112124173976,5,366
344,1,0.154443296192,0.0,1.0,0.013013013013,1,-1.75068799435,0.40650727924,5,235
345,0,7.30077262241,5.0,,0.013013013013,0,0.971176238215,-0.612756092239,5,126
346,0,10.8931357528,5.0,,0.013013013013,0,1.31382330549,1.95166583635,5,51
347,0,3.45186553879,3.0,,0.012012012012,0,-0.693419946405,0.532125378001,5,125
348,0,5.87998630619,3.0,,0.012012012012,0,0.0162084801543,0.831360865727,5,38
349,0,7.72634730607,2.0,,0.012012012012,0,0.937838533494,-0.0871682944126,5,105
350,0,4.75597305863,1.0,,0.012012012012,0,-0.41448078845,0.99941542398,5,172
351,0,5.35238305327,0.0,,0.012012012012,0,0.0133005798437,0.312481313742,5,73
352,0,2.62636586616,1.0,,0.012012012012,0,-0.760496163715,-0.0921456426895,5,141
353,0,2.93468446246,1.0,,0.014014014014,0,-0.547747922778,-0.422071769203,5,74
354,0,1.45293204736,0.0,,0.011011011011,0,-1.23868606465,0.168990241305,5,170
355,0,5.76203650601,3.0,,0.012012012012,0,0.293179718244,-0.117502648719,5,120
356,0,9.00280720958,2.0,,0.014014014014,0,0.813444636336,1.56247330057,5,175
357,0,4.68924769399,1.0,,0.011011011011,0,-0.349367740491,0.737350915466,5,149
358,0,5.42602881227,1.0,,0.011011011011,0,0.538833017349,-1.19047023978,5,89
359,0,8.16840814337,1.0,,0.011011011011,0,1.26209822329,-0.617886526488,5,180
360,0,10.9380325155,0.0,,0.013013013013,0,1.36840115904,1.83282903832,5,138
361,0,4.07070323579,0.0,,0.011011011011,0,-0.441772353547,0.396020296434,5,184
362,0,6.59237127417,2.0,,0.012012012012,0,0.381120494955,0.449009789307,5,205
363,0,5.72601367095,0.0,,0.012012012012,0,-0.0668879256627,0.926677447941,5,30
364,0,4.53006642588,3.0,,0.013013013013,0,-0.018934693146,-0.413129494677,5,181
365,0,10.4953134801,1.0,,0.011011011011,0,1.51631672991,0.946363290422,5,140
366,0,7.05748082255,0.0,,0.013013013013,0,0.701994323007,-0.0485021464705,5,64
367,0,11.9609229364,1.0,,0.011011011011,0,2.20732819563,0.338938349484,5,576
368,0,7.62143680187,0.0,,0.01001001001,0,0.793932565321,0.239639105909,5,88
369,0,7.60651604421,1.0,,0.011011011011,0,0.379835343378,1.46701001407,5,20
370,0,5.14170915752,0.0,,0.012012012012,0,0.238883919805,-0.574942601897,5,26
371,0,3.22995191909,1.0,,0.011011011011,0,-0.280544001886,-0.928416075255,5,321
372,0,7.6581721522,0.0,,0.011011011011,0,0.711970554585,0.522260488445,5,465
373,0,3.64898887388,1.0,,0.011011011011,0,-0.27954589069,-0.51237345405,5,7
374,0,6.02377751346,0.0,,0.012012012012,0,-0.0150228467636,1.06884605375,5,642
375,0,7.79744084691,0.0,,0.012012012012,0,0.712921003619,0.658677836054,5,328
376,0,0.717963610162,0.0,,0.012012012012,0,-1.7260637435,0.896154840664,5,437
377,0,3.36052235577,0.0,,0.013013013013,0,-0.578481071339,0.0959655697878,5,290
378,0,3.38748773052,0.0,,0.012012012012,0,-0.903950392234,1.09933890722,5,338
379,0,5.30005930305,1.0,,0.014014014014,0,-0.160166783857,0.780559654626,5,180
380,0,3.46317160436,1.0,,0.012012012012,0,-0.489532229831,-0.068231706151,5,275
381,0,4.76680671991,4.0,,0.015015015015,0,0.187447593195,-0.795536059678,5,249
382,0,6.29816779617,1.0,,0.011011011011,0,0.92804393695,-1.48596401468,5,308
383,0,3.87197988635,2.0,,0.011011011011,0,-0.36096569864,-0.0451230177353,5,195
384,0,4.23197337661,2.0,,0.014014014014,0,-1.17872505473,2.76814854079,5,258
385,0,2.283436914,2.0,,0.01001001001,0,-0.776690431624,-0.386491791124,5,164
386,1,-1.15850935543,,0.0,0.012012012012,1,-1.66852001225,-1.15294931869,5,65
387,0,11.0465720716,4.0,,0.013013013013,0,1.80074075803,0.644349797525,5,82
388,0,4.50718001337,4.0,,0.012012012012,0,-0.781390650957,1.85135196624,5,255
389,0,8.96214416481,5.0,,0.013013013013,0,0.952181628576,1.10559927909,5,189
390,0,4.31770598491,3.0,,0.01001001001,0,-0.431814752235,0.61315024161,5,224
391,0,8.41303024197,3.0,,0.012012012012,0,1.24979609337,-0.336358038142,5,54
392,1,1.95483348383,1.0,2.0,0.013013013013,1,-1.02985966552,0.0444124803785,5,88
393,1,0.752208871609,0.0,1.0,0.012012012012,1,-1.85946112674,1.33059225182,5,62
394,0,4.20453196502,3.0,,0.013013013013,0,-0.423679344664,0.475569999015,5,268
395,0,4.36233972179,2.0,,0.012012012012,0,-0.0873041721935,-0.375747761633,5,279
396,0,2.1249589885,2.0,,0.011011011011,0,-0.107485133872,-2.55258560989,5,241
397,0,7.46907273258,2.0,,0.012012012012,0,0.646302603709,0.53016492145,5,293
398,0,11.4805225013,3.0,,0.012012012012,0,2.416778408,-0.769812722704,5,280
399,0,6.22831233762,4.0,,0.012012012012,0,0.519553328209,-0.33034764701,5,325
400,0,5.82704726102,3.0,,0.012012012012,0,-0.217837529007,1.48055984804,5,285
401,0,4.79466796552,4.0,,0.01001001001,0,0.295463049608,-1.09172118331,5,331
402,0,5.16070399724,5.0,,0.013013013013,0,0.429126720181,-1.1266761633,5,287
403,0,9.02172463502,6.0,,0.012012012012,0,1.17117682397,0.508194163118,5,313
404,1,5.18804704872,5.0,6.0,0.012012012012,1,0.0192394902719,0.1303285779,5,213
405,1,3.8000336621,3.0,4.0,0.012012012012,1,-0.300514658979,-0.298422360967,5,158
406,1,-3.33278838622,,0.0,0.013013013013,1,-2.92732743829,0.449193928649,5,24
407,1,6.79880878612,6.0,7.0,0.012012012012,1,0.526606919521,0.218988027558,5,203
408,1,1.74040493899,,2.0,0.012012012012,0,-0.741656862009,-1.03462447498,5,71
409,1,1.63449327464,1.0,3.0,0.011011011011,0,-1.09960459732,-0.0666929334062,5,41
410,1,2.79703175721,2.0,3.0,0.012012012012,1,-0.472482805292,-0.785519826917,5,126
411,1,9.31703412957,9.0,10.0,0.012012012012,1,1.26021200224,0.536398122854,5,358
412,1,0.875800934634,,1.0,0.012012012012,0,-0.94591138852,-1.28646489981,5,26
413,1,3.89919499363,3.0,4.0,0.013013013013,1,0.116371949339,-1.44992085438,5,165
414,1,6.26051917553,6.0,8.0,0.012012012012,0,0.331166370127,0.267020065148,5,386
415,1,3.49298181733,3.0,4.0,0.011011011011,1,-0.419001236408,-0.250014473444,5,205
416,1,4.4460945216,4.0,6.0,0.013013013013,0,-0.368488378201,0.551559656198,5,344
417,1,1.84680648987,1.0,3.0,0.013013013013,0,-0.876374423384,-0.524070239974,5,219
418,1,5.160605702,5.0,7.0,0.012012012012,0,0.235966166785,-0.547292798355,5,390
419,1,7.56397914136,5.0,10.0,0.012012012012,0,0.244746110322,1.82974081039,5,427
420,1,5.28872123037,5.0,6.0,0.012012012012,1,0.775515007819,-2.03782379309,5,395
421,1,3.99273606331,3.0,4.0,0.014014014014,1,-0.723853528322,1.16429664828,5,363
422,1,7.33957422986,7.0,8.0,0.012012012012,1,0.852583651537,-0.218176724753,5,435
423,1,3.07289363624,3.0,5.0,0.013013013013,0,-0.898439941683,0.768213461288,5,396
424,1,2.63561613587,0.0,3.0,0.011011011011,0,-0.998061417138,0.62980038728,5,405
425,1,5.62117445369,5.0,6.0,0.013013013013,1,0.0828311124845,0.37268111624,5,434
426,0,5.49826704449,4.0,,0.012012012012,0,0.672457676479,-1.51910598494,5,31
427,0,5.49761607342,5.0,,0.012012012012,0,0.665024438362,-1.49745724167,5,136
428,0,11.4990572796,4.0,,0.012012012012,0,1.78021216635,1.15842078055,5,152
429,0,5.58692363621,3.0,,0.012012012012,0,0.269032407695,-0.220173586875,5,155
430,0,5.89883841248,3.0,,0.012012012012,0,0.724498627359,-1.2746574696,5,74
431,0,10.8366414322,3.0,,0.012012012012,0,1.89177255988,0.161323752543,5,142
432,0,3.90540329617,2.0,,0.012012012012,0,-0.0184842536753,-1.0391439428,5,144
433,0,7.85565147794,2.0,,0.012012012012,0,0.684852802416,0.801093070692,5,48
434,0,4.32961251254,2.0,,0.011011011011,0,-0.413386482539,0.569771960158,5,105
435,0,2.86648984587,2.0,,0.012012012012,0,-0.599299682134,-0.335611107729,5,147
436,1,0.62194072152,0.0,1.0,0.011011011011,1,-1.11174363184,-1.04282838295,5,87
437,0,4.16656076265,4.0,,0.012012012012,0,-0.0770759973236,-0.602211245375,5,7
438,1,-3.23769524874,,0.0,0.012012012012,1,-2.39156476643,-1.06300094946,5,75
439,0,11.6682780983,4.0,,0.012012012012,0,1.66353348842,1.67767763299,5,111
440,0,4.01446537428,4.0,,0.013013013013,0,-0.408540509892,0.240086903954,5,6
441,0,6.21209059916,4.0,,0.013013013013,0,0.35370682706,0.150970117982,5,3
442,1,0.526350006546,0.0,3.0,0.011011011011,0,-1.63158629263,0.421108884434,5,106
443,1,0.443877705867,0.0,1.0,0.012012012012,1,-1.51981604756,0.00332584855837,5,97
444,0,3.03075174837,3.0,,0.013013013013,0,-0.871068183254,0.643956298136,5,229
445,0,4.75685692578,2.0,,0.011011011011,0,-0.331771093349,0.752170205832,5,241
446,0,6.75444250754,2.0,,0.013013013013,0,0.524498413995,0.180947265558,5,197
447,0,7.35730231656,2.0,,0.012012012012,0,0.281116854713,1.51395175242,5,186
448,0,4.19983251354,3.0,,0.011011011011,0,-0.0856802794066,-0.543126648241,5,65
449,0,5.8439651762,2.0,,0.014014014014,0,0.409896016202,-0.385722872404,5,15
450,0,5.04083458053,1.0,,0.013013013013,0,0.271115008899,-0.772510446167,5,228
451,0,7.53799657036,0.0,,0.011011011011,0,1.12817513056,-0.846528821338,5,22
452,0,5.16889206813,0.0,,0.013013013013,0,0.19148207541,-0.405554158095,5,33
453,0,6.91293592973,2.0,,0.013013013013,0,0.318116420913,0.958586666996,5,18
454,0,5.45455948559,1.0,,0.011011011011,0,0.172971443065,-0.064354843605,5,25
455,0,6.80598224767,1.0,,0.013013013013,0,0.993824487586,-1.17549121509,5,332
456,0,3.85838489752,1.0,,0.012012012012,0,0.139126664772,-1.55899509679,5,255
457,0,6.47652924349,0.0,,0.011011011011,0,0.968339245656,-1.42848849347,5,50
458,0,1.87452660296,1.0,,0.011011011011,0,-0.771710019282,-0.810343339199,5,160
459,0,6.29116131221,1.0,,0.012012012012,0,0.265600599186,0.494359514651,5,131
460,0,5.31032880941,0.0,,0.012012012012,0,0.111600292497,-0.0244720680839,5,261
461,0,7.11939993246,0.0,,0.012012012012,0,0.791780819045,-0.255942524677,5,186
462,0,4.26265238245,0.0,,0.011011011011,0,-0.372465719868,0.380049542051,5,29
463,0,3.12056853479,0.0,,0.012012012012,0,-1.38549621042,2.27705716606,5,228
464,0,3.99773228817,0.0,,0.012012012012,0,-0.552952753908,0.656590549891,5,11
465,0,5.75353058643,0.0,,0.012012012012,0,0.563947518486,-0.938311969029,5,296
466,0,3.03186825566,0.0,,0.012012012012,0,-0.80655868908,0.451544322899,5,281
467,0,11.5369616868,1.0,,0.012012012012,0,2.28781114444,-0.326471746523,5,248
468,0,4.55306596431,0.0,,0.012012012012,0,-0.494475730785,1.03649315667,5,264
469,0,8.04549868186,0.0,,0.011011011011,0,1.11604383534,-0.30263282417,5,330
470,0,7.48461304338,1.0,,0.012012012012,0,0.204067722306,1.87240987646,5,33
471,0,7.11200213665,0.0,,0.012012012012,0,0.636264641047,0.203208213505,5,271
472,0,3.55505555758,1.0,,0.013013013013,0,-0.703323672268,0.665026574381,5,326
473,0,1.84677814585,0.0,,0.012012012012,0,-0.963910881072,-0.26148921093,5,280
474,0,6.17048574754,0.0,,0.012012012012,0,0.585696143216,-0.586602682108,5,325
475,0,8.07747290335,0.0,,0.00900900900901,0,0.814211487716,0.6348384402,5,414
476,0,4.90452307082,0.0,,0.011011011011,0,0.568108252876,-1.7998016878,5,262
477,0,7.02107237712,3.0,,0.013013013013,0,0.665207633291,0.0254494772501,5,47
478,0,6.15870477755,2.0,,0.011011011011,0,0.184305632996,0.605787878559,5,323
479,0,5.86734665236,3.0,,0.012012012012,0,0.81896284013,-1.58954186803,5,264
480,0,14.2476653406,2.0,,0.013013013013,0,2.32319911155,2.27806800599,5,3
481,0,9.50585016847,3.0,,0.014014014014,0,1.33729669663,0.49396007859,5,265
482,0,11.8919721888,4.0,,0.012012012012,0,1.80396280609,1.48008377054,5,312
483,1,1.62458473068,0.0,2.0,0.014014014014,0,-1.07848150988,-0.139970739678,5,61
484,0,7.85833935164,6.0,,0.011011011011,0,0.832509017502,0.360812299131,5,18
485,1,0.55817050246,0.0,1.0,0.011011011011,1,-1.07972591981,-1.20265173812,5,57
486,0,8.97742711599,7.0,,0.01001001001,0,1.39563854118,-0.209488507544,5,238
487,1,0.69062394046,,1.0,0.014014014014,0,-1.49299383805,0.169605454599,5,47
488,1,5.57270408245,0.0,6.0,0.014014014014,0,0.130686715636,0.180643935543,5,115
489,1,7.24164189288,7.0,8.0,0.013013013013,1,-0.0513662132956,2.39574053277,5,230
490,1,1.99617237434,1.0,3.0,0.013013013013,0,-0.787951693976,-0.639972543731,5,63
491,1,3.59427434818,3.0,4.0,0.014014014014,1,-0.186256382094,-0.846956505538,5,101
492,1,-1.6662255306,,0.0,0.013013013013,1,-2.12768819031,-0.283160959661,5,17
493,1,7.29627701492,7.0,9.0,0.012012012012,0,0.388799553978,1.12987835299,5,266
494,0,10.0029706343,10.0,,0.013013013013,0,1.80260238279,-0.404836514072,5,250
495,0,10.972208406,10.0,,0.011011011011,0,2.18047647054,-0.569221005621,5,247
496,1,6.8738974909,6.0,7.0,0.014014014014,1,0.653537865025,-0.086716104179,5,256
497,1,3.70421620634,3.0,4.0,0.013013013013,1,-0.280353787731,-0.45472243047,5,236
498,1,2.65104797497,1.0,3.0,0.015015015015,0,-0.774092701302,-0.0266739211248,5,185
499,1,1.85299867039,1.0,2.0,0.011011011011,1,-1.59008293196,1.62324746626,5,262
500,1,7.20702300868,7.0,8.0,0.012012012012,1,0.552491512351,0.549548471628,5,432
501,1,4.69131772255,4.0,5.0,0.00900900900901,1,0.192619333946,-0.886540279287,5,368
502,1,8.90139104838,8.0,9.0,0.011011011011,1,1.19301250516,0.3223535329,5,371
503,1,5.49743522673,5.0,7.0,0.013013013013,0,0.218404984978,-0.157779728204,5,370
504,1,2.77255168375,2.0,4.0,0.013013013013,0,0.210842122979,-2.85997468518,5,272
505,1,4.33421465538,2.0,5.0,0.012012012012,0,-0.11908724553,-0.308523608034,5,340
506,0,7.47896160204,7.0,,0.012012012012,0,0.765955380068,0.181095461837,5,182
507,0,11.550338219,5.0,,0.011011011011,0,2.4703960951,-0.860850066269,5,230
508,1,0.298453505954,0.0,1.0,0.013013013013,1,-0.746152088431,-2.46309022875,5,174
509,0,7.48603652278,3.0,,0.011011011011,0,0.895111363215,-0.199297566861,5,326
510,0,8.27492917815,2.0,,0.011011011011,0,1.3835161389,-0.875619238536,5,26
511,0,7.79011654646,2.0,,0.012012012012,0,0.937890117111,-0.0235538048731,5,349
512,0,6.24604291879,1.0,,0.012012012012,0,-0.154638045235,1.70995705449,5,34
513,0,8.39369950515,1.0,,0.011011011011,0,1.38902788112,-0.77338413822,5,106
514,0,4.21060532151,2.0,,0.012012012012,0,0.205652385665,-1.40635183548,5,125
515,0,6.20381312072,1.0,,0.012012012012,0,0.897523810252,-1.48875831004,5,167
516,0,1.451672569,1.0,,0.013013013013,0,-0.986214298009,-0.58968453697,5,81
517,0,5.107176979,2.0,,0.012012012012,0,0.192149219905,-0.469270680714,5,36
518,0,10.7269673369,2.0,,0.012012012012,0,1.54186978056,1.10135799518,5,267
519,0,4.77433801757,2.0,,0.012012012012,0,0.184300261429,-0.778562766713,5,76
520,1,-0.501953690485,,0.0,0.012012012012,1,-1.97667120441,0.428059922759,5,25
521,0,10.9036433419,2.0,,0.012012012012,0,2.76515498735,-2.39182162015,5,2
522,0,7.36686608883,2.0,,0.012012012012,0,0.856781465275,-0.203478306999,5,59
523,1,0.135306329777,,2.0,0.013013013013,0,-0.906752105557,-2.14443735355,5,49
524,0,10.3244288681,3.0,,0.012012012012,0,1.72070213361,0.162322467294,5,45
525,0,5.60147588013,4.0,,0.012012012012,0,-0.0739513189755,0.823329837059,5,196
526,0,11.2913083735,2.0,,0.011011011011,0,1.43887043511,1.97469706814,5,376
527,0,4.66589410557,3.0,,0.011011011011,0,0.0431536302542,-0.463566785193,5,188
528,0,9.05307005476,1.0,,0.01001001001,0,1.81351524094,-1.38747566807,5,42
529,0,6.57966474555,3.0,,0.012012012012,0,0.552913260124,-0.0790750348249,5,372
530,1,-2.98185421751,,0.0,0.013013013013,1,-2.54744269015,-0.339526147075,5,69
531,0,5.95561482223,3.0,,0.011011011011,0,0.296073551427,0.0673941679485,5,455
532,0,4.0552919487,3.0,,0.011011011011,0,-0.0582464152369,-0.769968805592,5,180
533,0,4.50514295037,2.0,,0.011011011011,0,0.0897151299613,-0.764002439512,5,140
534,0,8.35362360602,2.0,,0.012012012012,0,1.45403850079,-1.00849189634,5,133
535,0,2.3296248685,2.0,,0.01001001001,0,-0.821350391196,-0.206323957914,5,63
536,0,6.30894239337,5.0,,0.011011011011,0,0.715303522862,-0.836968175216,5,24
537,1,1.49020709705,1.0,2.0,0.012012012012,1,-0.930013342931,-0.719752874161,5,419
538,0,4.81501670647,3.0,,0.012012012012,0,0.0788060399455,-0.421401413365,5,173
539,0,5.14450127937,5.0,,0.016016016016,0,-0.117059532796,0.495679877763,5,119
540,0,4.91463381095,4.0,,0.011011011011,0,-0.176938745915,0.445450048692,5,167
541,1,3.22938392522,3.0,4.0,0.012012012012,1,-0.454938718771,-0.40579991847,5,431
542,1,3.38154103877,3.0,4.0,0.015015015015,1,-0.284064528647,-0.766265375288,5,414
543,0,9.12358560829,4.0,,0.011011011011,0,1.67525140727,-0.902168613517,5,20
544,0,7.44067925918,5.0,,0.014014014014,0,0.399600845646,1.24187672224,5,139
545,1,0.838964931809,0.0,1.0,0.013013013013,1,-1.18243006988,-0.613744858557,5,428
546,0,2.41718059501,2.0,,0.011011011011,0,-0.928831104399,0.203673908205,5,50
547,0,9.69296058047,2.0,,0.01001001001,0,1.67392021207,-0.328800055742,5,75
548,0,6.59121090125,2.0,,0.011011011011,0,0.5301873929,0.000648722548482,5,163
549,0,6.56124178137,2.0,,0.011011011011,0,0.582404474992,-0.185971643602,5,192
550,0,9.77130495217,1.0,,0.012012012012,0,1.16078262794,1.28895706835,5,159
551,0,4.75347816517,1.0,,0.012012012012,0,-0.243666326464,0.484477144562,5,214
552,0,4.58533425563,0.0,,0.012012012012,0,-0.411514498555,0.819877751299,5,274
553,0,0.721406215714,0.0,,0.012012012012,0,-1.42819984317,0.00600574520928,5,26
554,0,10.0713621794,1.0,,0.013013013013,0,1.2708931606,1.25868269755,5,211
555,0,1.36824358107,0.0,,0.013013013013,0,-1.5168608133,0.918826020975,5,176
556,0,7.04583252929,1.0,,0.012012012012,0,0.843738330708,-0.485382462834,5,69
557,0,5.38089571902,0.0,,0.012012012012,0,-0.0357253214753,0.488071683443,5,261
558,0,4.86230558798,0.0,,0.012012012012,0,0.15144135711,-0.592018483355,5,253
559,0,13.2741237343,2.0,,0.012012012012,0,2.53320687395,0.674503112473,5,40
560,0,6.0450023669,0.0,,0.00900900900901,0,0.804759029057,-1.36927472027,5,29
561,0,8.47564729504,1.0,,0.012012012012,0,1.24888079732,-0.270995096914,5,202
562,0,4.52209889643,0.0,,0.012012012012,0,-0.5152086858,1.06772495383,5,129
563,0,12.3897701358,0.0,,0.012012012012,0,2.52484355768,-0.184760537198,5,273
564,0,6.55636254856,2.0,,0.013013013013,0,0.477530583678,0.123770797527,5,245
565,0,6.83474615303,1.0,,0.01001001001,0,0.322223115287,0.868076807172,5,28
566,0,2.50150520221,0.0,,0.012012012012,0,-0.612537437838,-0.66088248428,5,131
567,0,3.83925986149,0.0,,0.012012012012,0,-0.472675517595,0.257286414274,5,39
568,0,6.04872803714,0.0,,0.012012012012,0,0.0870576306354,0.787555145233,5,145
569,0,6.81473979095,0.0,,0.012012012012,0,1.11822042052,-1.53992147062,5,80
570,0,5.12321232782,1.0,,0.013013013013,0,0.248873725591,-0.623408848954,5,318
571,0,8.60495191394,0.0,,0.01001001001,0,1.04163907202,0.48003469787,5,10
572,0,4.89412523013,0.0,,0.014014014014,0,-0.602229998723,1.7008152263,5,291
573,0,5.14344907587,1.0,,0.013013013013,0,-0.330778367815,1.13578417931,5,311
574,0,3.72859949063,3.0,,0.013013013013,0,0.384388520215,-2.42456607001,5,29
575,0,8.67862278839,1.0,,0.014014014014,0,1.03272283303,0.580454289311,5,299
576,0,7.93305896396,1.0,,0.012012012012,0,1.13993425277,-0.486743794344,5,334
577,0,8.87737823998,0.0,,0.012012012012,0,0.870580049054,1.26563809281,5,283
578,0,3.76756327612,2.0,,0.01001001001,0,-0.546923960473,0.408335157539,5,184
579,0,3.63463130747,0.0,,0.012012012012,0,-0.538197837466,0.249224819867,5,171
580,0,3.87554583109,1.0,,0.011011011011,0,-0.494581335194,0.359289836674,5,43
581,0,3.50769311148,1.0,,0.011011011011,0,-0.833036694523,1.00680319505,5,109
582,0,5.89441196087,1.0,,0.012012012012,0,0.193291815393,0.314536514691,5,22
583,0,2.02256517223,2.0,,0.011011011011,0,-0.698618923925,-0.881578055994,5,308
584,0,9.79768617883,0.0,,0.012012012012,0,1.38004523244,0.657550481503,5,27
585,0,2.79497104771,0.0,,0.011011011011,0,-0.401360777192,-1.00094662072,5,68
586,0,9.54046207001,0.0,,0.011011011011,0,1.24865130737,0.794508147912,5,55
587,0,9.41988926803,0.0,,0.013013013013,0,0.892908948577,1.7411624223,5,46
588,0,6.25625134275,2.0,,0.012012012012,0,0.274276889568,0.433420674044,5,29
589,0,7.63362881689,3.0,,0.012012012012,0,1.2608720649,-1.14898737779,5,10
590,0,7.66177588269,3.0,,0.012012012012,0,0.804000260348,0.249775101647,5,244
591,0,5.93726299219,3.0,,0.012012012012,0,0.360964916212,-0.145631756446,5,249
592,0,8.44929568279,4.0,,0.012012012012,0,1.36165830733,-0.635679239206,5,215
593,1,-0.146079189073,,3.0,0.011011011011,0,-1.91899281365,0.610899251877,5,93
594,1,-1.44379260705,,1.0,0.011011011011,0,-1.55306321892,-1.7846029503,5,73
595,1,1.21386901888,1.0,2.0,0.012012012012,1,-1.46309148213,0.603143465282,5,77
596,0,6.32448623794,5.0,,0.012012012012,0,0.886274298389,-1.33433665723,5,25
597,0,2.59740528823,2.0,,0.01001001001,0,-0.190496982545,-1.83110376414,5,221
598,0,10.1977843115,5.0,,0.012012012012,0,1.92040657284,-0.563435406978,5,237
599,1,-0.691979758479,,0.0,0.011011011011,1,-1.73839874584,-0.476783520945,5,2
600,0,4.53480907776,4.0,,0.014014014014,0,0.0874187021542,-0.727447028698,5,256
601,0,5.76822192612,3.0,,0.01001001001,0,0.177019015327,0.237164880141,5,21
602,0,4.57262535494,4.0,,0.013013013013,0,0.115121114643,-0.772737988986,5,88
603,0,6.18303487775,4.0,,0.01001001001,0,0.963083265907,-1.70621491997,5,174
604,0,10.18591165,5.0,,0.012012012012,0,1.58834682429,0.420871177076,5,179
605,0,6.36483857332,6.0,,0.013013013013,0,-0.0022927372301,1.37171678501,5,114
606,0,8.98099231909,5.0,,0.014014014014,0,1.46703757263,-0.4201203988,5,79
607,1,0.0189811547953,0.0,1.0,0.012012012012,1,-1.50246455763,-0.473625172324,5,83
608,1,2.85092047163,2.0,4.0,0.013013013013,0,-0.568424878183,-0.443804893817,5,275
609,1,0.521822730959,0.0,1.0,0.014014014014,1,-1.71346805902,0.662226908004,5,91
610,1,6.80965240775,5.0,7.0,0.012012012012,0,0.849858635639,-0.739923499166,5,296
611,0,8.8600889338,7.0,,0.011011011011,0,1.18607198154,0.301872989169,5,216
612,1,5.38610288851,5.0,7.0,0.012012012012,0,0.19380405736,-0.195309283566,5,281
613,1,6.18417612034,6.0,7.0,0.013013013013,1,0.319821660625,0.224711138468,5,265
614,0,9.08445064334,8.0,,0.011011011011,0,0.9869732847,1.12353078924,5,217
615,1,7.28872195035,6.0,9.0,0.012012012012,0,0.744919805262,0.0539625345623,5,292
616,1,0.74988765489,0.0,2.0,0.01001001001,0,-1.43806403866,0.0640797708624,5,162
617,1,1.75152111668,1.0,2.0,0.011011011011,1,-0.457666955537,-1.87547801671,5,157
618,1,4.68451525732,4.0,6.0,0.013013013013,0,-0.628841916289,1.57104100619,5,232
619,1,0.393695449766,,1.0,0.011011011011,0,-1.28714311417,-0.744875207724,5,14
620,1,1.57292454215,,2.0,0.012012012012,0,-1.5008289923,1.07541151906,5,142
621,1,6.46630723783,5.0,9.0,0.013013013013,0,0.668084545708,-0.537946399296,5,267
622,1,4.74748538517,3.0,5.0,0.012012012012,0,-0.0491451797566,-0.105079075561,5,208
623,1,8.37966814147,6.0,9.0,0.011011011011,0,1.00993623191,0.349859445734,5,306
624,1,3.10333483236,3.0,4.0,0.012012012012,1,-1.13961856967,1.52219054136,5,211
625,1,-2.14421219569,,0.0,0.014014014014,1,-2.23064088509,-0.452289540433,5,4
626,1,10.3786590938,10.0,12.0,0.012012012012,0,1.44835827567,1.03358426675,5,372
627,1,3.2881017277,3.0,4.0,0.011011011011,1,-0.127389701704,-1.32972916719,5,305
628,1,2.48385381987,1.0,3.0,0.013013013013,0,-0.701610536902,-0.41131456942,5,304
629,1,2.10290386387,2.0,5.0,0.012012012012,0,-1.18751285607,0.665442432079,5,342
630,1,8.33943139451,8.0,9.0,0.013013013013,1,1.14461810683,-0.0944229259939,5,365
631,1,2.5538679761,1.0,4.0,0.011011011011,0,-0.639094226368,-0.528849344799,5,314
632,1,3.00809903317,3.0,6.0,0.013013013013,0,-1.16031461582,1.48904288063,5,361
633,1,8.32624555083,4.0,9.0,0.013013013013,0,0.945080182418,0.491005003575,5,369
634,1,2.87586603139,2.0,3.0,0.012012012012,1,-0.36887170029,-1.01751886774,5,346
635,1,4.88318145217,4.0,8.0,0.013013013013,0,0.443134148215,-1.44622099248,5,410
636,1,2.51555544102,1.0,3.0,0.012012012012,0,-0.310552422966,-1.55278729008,5,348
637,1,4.48510725821,4.0,5.0,0.012012012012,1,-0.0211493424577,-0.451444714418,5,429
638,0,8.23121454294,6.0,,0.01001001001,0,0.563380731073,1.54107234972,5,369
639,1,6.072141719,6.0,7.0,0.012012012012,1,0.577148897827,-0.659304974481,5,433
640,1,4.1186621681,4.0,5.0,0.014014014014,1,-0.497175816217,0.610189616756,5,422
641,0,7.49583888946,4.0,,0.011011011011,0,0.166916257048,1.99509011832,5,373
642,0,4.71128117909,4.0,,0.012012012012,0,-0.353485322281,0.771737145935,5,371
643,0,9.44811907521,2.0,,0.011011011011,0,1.15091641442,0.995369831965,5,17
644,0,8.45150853431,2.0,,0.012012012012,0,1.25049698112,-0.299982409062,5,359
645,0,3.46752740971,2.0,,0.012012012012,0,-0.529677032233,0.0565585064098,5,344
646,0,5.58565627094,1.0,,0.012012012012,0,0.511567544662,-0.949046363045,5,368
647,0,6.34076916949,1.0,,0.012012012012,0,0.406212022776,0.122133101163,5,360
648,0,9.7024629109,0.0,,0.011011011011,0,1.85766484517,-0.870531624595,5,352
649,0,6.17058650168,0.0,,0.012012012012,0,0.695325125056,-0.915388873489,5,336
650,0,5.63455558458,2.0,,0.013013013013,0,0.350838747545,-0.41796065805,5,355
651,0,7.36164344872,0.0,,0.012012012012,0,0.48638457989,0.902489709049,5,342
652,0,7.65343399811,1.0,,0.011011011011,0,0.665378634849,0.657298093564,5,337
653,0,9.09467900603,0.0,,0.011011011011,0,0.868313102809,1.4897396976,5,323
654,0,5.96248914225,0.0,,0.013013013013,0,0.376603983633,-0.167322808652,5,345
655,0,4.48849385987,0.0,,0.013013013013,0,-0.599036925697,1.28560463696,5,315
656,0,10.8523826355,1.0,,0.012012012012,0,2.31041649152,-1.07886683901,5,320
657,0,0.813138671544,0.0,,0.01001001001,0,-1.30064498752,-0.284926365893,5,333
658,0,6.41907960324,0.0,,0.012012012012,0,0.668787189302,-0.587281964663,5,236
659,0,1.30275889104,0.0,,0.011011011011,0,-1.38054152724,0.444383472757,5,227
660,0,8.85190376608,0.0,,0.01001001001,0,1.9409499596,-1.97094611273,5,297
661,0,4.08563953819,1.0,,0.012012012012,0,0.107054053096,-1.2355226211,5,305
662,0,5.5243087226,1.0,,0.014014014014,0,0.346741673928,-0.515916299186,5,226
663,0,1.4100297981,1.0,,0.012012012012,0,-1.02445847732,-0.516594769951,5,203
664,0,2.67993572178,1.0,,0.012012012012,0,-0.628698808997,-0.433967851231,5,312
665,0,5.31266330164,2.0,,0.00900900900901,0,0.332064677495,-0.683530730841,5,324
666,0,4.28572602138,3.0,,0.012012012012,0,-0.0250593295228,-0.639095990047,5,270
667,0,9.46485535317,4.0,,0.013013013013,0,1.12202019635,1.09879476411,5,110
668,0,6.94378549669,3.0,,0.012012012012,0,0.372444367408,0.826452394466,5,118
669,0,5.1231065116,3.0,,0.012012012012,0,0.22667563506,-0.556920393582,5,143
670,1,3.13054640772,3.0,4.0,0.013013013013,1,-0.709936773121,0.260356727083,5,425
671,1,1.61089708853,0.0,2.0,0.013013013013,0,-0.594075151002,-1.60687745846,5,113
672,1,-2.43479377614,,0.0,0.011011011011,1,-2.21101227793,-0.801756942365,5,67
673,0,12.1709719742,8.0,,0.012012012012,0,2.44514839314,-0.164473205208,5,139
674,0,11.5977104002,10.0,,0.013013013013,0,2.22077126297,-0.0646033887478,5,212
675,1,1.20316837448,1.0,2.0,0.012012012012,1,-0.888788171148,-1.13046711208,5,105
676,1,8.08817565656,8.0,9.0,0.012012012012,1,0.720768102134,0.925871350156,5,424
677,1,3.54378413252,3.0,8.0,0.012012012012,0,-0.120272605156,-1.09539805201,5,155
678,1,4.25692804911,2.0,5.0,0.014014014014,0,-0.110573732746,-0.411350752651,5,141
679,1,4.71848671579,4.0,6.0,0.013013013013,0,-0.00789880844437,-0.257816858878,5,153
680,1,-2.2623361084,,1.0,0.012012012012,0,-2.29355823805,-0.381661394256,5,28
681,1,2.1388783698,2.0,4.0,0.012012012012,0,-1.10963932292,0.467796338554,5,133
682,1,2.30010043982,2.0,3.0,0.012012012012,1,-0.779857595987,-0.360326772225,5,122
683,1,8.06706836339,7.0,10.0,0.012012012012,0,1.51826876582,-1.48773793407,5,160
684,1,3.56435078409,3.0,5.0,0.012012012012,0,-0.474284125617,-0.0127968390555,5,147
685,1,5.57461356475,4.0,8.0,0.012012012012,0,0.268838133585,-0.231900836007,5,159
686,1,-1.85381524956,,0.0,0.011011011011,1,-2.30684585355,0.066722311108,5,6
687,1,7.7546142839,3.0,9.0,0.012012012012,0,-0.26970775699,3.56373755487,5,207
688,1,7.76689746011,6.0,8.0,0.013013013013,0,1.08041535962,-0.474348618758,5,172
689,1,0.237822153051,,1.0,0.011011011011,0,-1.1858638849,-1.20458619225,5,40
690,1,5.42583811243,2.0,8.0,0.012012012012,0,-0.191233043716,0.999537243575,5,189
691,1,1.56006492882,1.0,2.0,0.014014014014,1,-1.3040484099,0.472210158516,5,48
692,1,2.25714677436,,4.0,0.013013013013,0,-1.29316411945,1.13663913271,5,90
693,1,9.47738687827,7.0,10.0,0.011011011011,0,1.60064690544,-0.324553838056,5,229
694,1,6.51041967667,6.0,10.0,0.015015015015,0,0.401017778788,0.307366340307,5,209
695,1,2.11392700251,1.0,3.0,0.012012012012,0,-1.04024587794,0.23466463633,5,94
696,1,4.93426176149,1.0,5.0,0.012012012012,0,-0.0662938357003,0.133143268588,5,99
697,0,11.3206774477,10.0,,0.01001001001,0,2.16593745745,-0.177134924615,5,69
698,1,0.185492919207,0.0,1.0,0.012012012012,1,-1.21351626162,-1.17395829592,5,80
699,1,3.82839039083,1.0,5.0,0.013013013013,0,-0.0892775533338,-0.903776949165,5,134
700,1,4.52004470053,2.0,8.0,0.012012012012,0,0.0668439205272,-0.680487061052,5,152
701,1,3.4939497904,1.0,4.0,0.013013013013,0,-0.62516253086,0.369437382985,5,108
702,1,0.919139498508,,1.0,0.012012012012,0,-1.68564424153,0.976072223087,5,64
703,1,3.05017610578,3.0,7.0,0.012012012012,0,-0.610562895788,-0.118135206856,5,196
704,1,2.98951276759,2.0,3.0,0.011011011011,1,-0.466869629448,-0.609878344071,5,146
705,1,1.83296529779,1.0,3.0,0.012012012012,0,-1.0841054647,0.0852816918829,5,151
706,1,4.5944050298,4.0,5.0,0.013013013013,1,-0.395861936218,0.78199083845,5,200
707,1,3.40661223089,3.0,10.0,0.011011011011,0,-1.02748634388,1.48907126252,5,291
708,1,6.90153463949,4.0,9.0,0.011011011011,0,0.494231918816,0.418838883039,5,286
709,0,8.97101059781,8.0,,0.012012012012,0,0.640937527544,2.04819801518,5,150
710,1,2.84774402385,1.0,4.0,0.012012012012,0,-0.623413880788,-0.282014333786,5,224
711,1,5.59991587583,5.0,7.0,0.014014014014,0,-0.259059470481,1.37709428728,5,257
712,1,2.45440924236,1.0,4.0,0.012012012012,0,-0.46077590681,-1.16326303721,5,255
713,1,2.30560224009,1.0,5.0,0.012012012012,0,-1.03182502453,0.401077313682,5,261
714,1,2.33187396938,1.0,6.0,0.012012012012,0,-0.868831133984,-0.0616326286638,5,270
715,0,12.3905698502,7.0,,0.011011011011,0,2.62257492142,-0.477154914032,5,211
716,1,-0.0945283733565,,0.0,0.012012012012,1,-1.84123720174,0.429183231852,5,51
717,1,0.921192137353,0.0,1.0,0.012012012012,1,-0.782018432133,-1.73275256625,5,245
718,0,6.96703929711,5.0,,0.012012012012,0,1.24638381628,-1.77211215172,5,97
719,0,8.33720285377,4.0,,0.011011011011,0,0.914300119839,0.594302494257,5,154
720,0,12.2582242454,3.0,,0.012012012012,0,2.28197948237,0.412285798273,5,71
721,0,2.24067897325,2.0,,0.00900900900901,0,-0.682009723123,-0.71329185738,5,137
722,0,11.2484967482,3.0,,0.012012012012,0,2.32658904135,-0.731270375884,5,111
723,0,14.0067496022,3.0,,0.012012012012,0,2.61494428716,1.16191674069,5,128
724,0,4.56236353663,1.0,,0.012012012012,0,0.136927415675,-0.848418710392,5,115
725,0,5.55285577354,1.0,,0.013013013013,0,-0.527587214453,2.1356174169,5,15
726,0,2.01418128814,2.0,,0.013013013013,0,-0.789060338085,-0.618637697607,5,13
727,0,7.21732045157,1.0,,0.012012012012,0,1.03728661951,-0.89453940695,5,136
728,0,9.45424963766,2.0,,0.013013013013,0,1.2136746579,0.813225663969,5,18
729,1,-0.763056831762,,2.0,0.014014014014,0,-2.02130581137,0.300860602352,5,125
730,0,6.50507209585,2.0,,0.012012012012,0,0.663269074003,-0.484735126155,5,508
731,0,8.87039622781,1.0,,0.012012012012,0,0.885515534637,1.2138496239,5,454
732,0,6.84144954668,2.0,,0.014014014014,0,0.433551266306,0.540795747762,5,230
733,0,2.97617763232,1.0,,0.011011011011,0,-0.538284759869,-0.408968088069,5,221
734,0,4.77887637356,2.0,,0.013013013013,0,0.0685740328336,-0.42684572494,5,225
735,0,5.83538442765,2.0,,0.011011011011,0,0.413775942127,-0.405943398735,5,174
736,0,8.03493606712,0.0,,0.01001001001,0,0.841074933358,0.511711267051,5,218
737,0,10.4199297786,1.0,,0.013013013013,0,1.42693989789,1.13911008496,5,24
738,0,6.66404768115,0.0,,0.011011011011,0,0.23389554109,0.96236105788,5,260
739,0,6.01082951385,1.0,,0.012012012012,0,0.528741718843,-0.575395642677,5,256
740,0,3.49099640513,0.0,,0.012012012012,0,-0.917388865802,1.24316300254,5,110
741,0,4.77972245376,2.0,,0.015015015015,0,0.513778291405,-1.76161242045,5,188
742,0,2.93453976972,1.0,,0.012012012012,0,-1.03751213992,1.04707618949,5,257
743,0,2.99840539321,1.0,,0.012012012012,0,-0.801690084136,0.40347564562,5,400
744,0,2.47437553075,1.0,,0.011011011011,0,-0.902560656151,0.1820574992,5,408
745,0,3.68480597585,3.0,,0.012012012012,0,-0.509574811482,0.213530410296,5,398
746,0,4.92350747046,1.0,,0.014014014014,0,-0.160444155974,0.404839938382,5,265
747,0,6.43029282416,0.0,,0.012012012012,0,0.90665102034,-1.28966023686,5,409
748,0,3.6850704436,1.0,,0.011011011011,0,-0.962726086497,1.57324870309,5,392
749,0,9.22696757004,0.0,,0.01001001001,0,1.34570165733,0.189862598054,5,405
750,0,6.5484115398,2.0,,0.012012012012,0,0.711792952646,-0.58696731814,5,407
751,0,2.46925689824,1.0,,0.013013013013,0,-0.882681205322,0.117300514202,5,397
752,0,4.58625576416,2.0,,0.012012012012,0,0.0408539867312,-0.536306196038,5,391
753,0,4.97479273884,3.0,,0.013013013013,0,0.247636370405,-0.768116372375,5,404
754,0,15.0966143782,5.0,,0.012012012012,0,2.56145809325,2.41224009842,5,401
755,0,5.69644011154,5.0,,0.013013013013,0,0.0417368426116,0.571229583708,5,394
756,0,5.57697590174,5.0,,0.00900900900901,0,0.919287026061,-2.18088517644,5,346
757,1,1.79036441832,1.0,3.0,0.013013013013,0,-1.05149762975,-0.0551426924205,5,199
758,1,0.107914740855,0.0,1.0,0.014014014014,1,-1.29327285742,-1.01226668688,5,124
759,1,0.716728238804,0.0,1.0,0.00800800800801,1,-1.47333420781,0.136730862233,5,138
760,1,4.04766587962,4.0,5.0,0.012012012012,1,-0.739224661134,1.26533986302,5,186
761,1,6.43640106645,6.0,8.0,0.012012012012,0,0.511836604705,-0.0991087476606,5,238
762,1,3.22898803559,2.0,5.0,0.012012012012,0,-0.637636681674,0.141898080616,5,175
763,1,5.52067473368,3.0,8.0,0.012012012012,0,0.267563516658,-0.28201581629,5,221
764,1,2.41609386515,2.0,4.0,0.011011011011,0,-1.25159731032,1.1708857961,5,166
765,1,8.94944066383,5.0,9.0,0.011011011011,0,1.53123442156,-0.64426260086,5,234
766,1,5.70958987915,5.0,6.0,0.012012012012,1,0.667540384179,-1.29303127338,5,184
767,1,-4.52081074282,,0.0,0.00900900900901,1,-2.26823717797,-2.71609920892,5,31
768,1,2.841215578,1.0,3.0,0.012012012012,0,-1.04798160588,0.985160395643,5,76
769,0,8.51209478431,8.0,,0.011011011011,0,0.941911461271,0.686360400491,5,243
770,1,0.68494162296,,1.0,0.013013013013,0,-1.5033766578,0.19507159636,5,58
771,1,2.90131774465,2.0,4.0,0.014014014014,0,-0.411983756701,-0.862730985245,5,100
772,1,-0.349741318311,,1.0,0.01001001001,0,-1.83945390223,0.168620388385,5,38
773,0,12.0928397432,7.0,,0.014014014014,0,1.91707427024,1.34161693246,5,168
774,0,7.43407907713,6.0,,0.012012012012,0,0.685388459715,0.37791369799,5,302
775,0,6.93807684414,3.0,,0.012012012012,0,0.82368586214,-0.532980742283,5,281
776,0,5.61756668179,3.0,,0.013013013013,0,0.285838778496,-0.2399496537,5,272
777,0,4.07450568409,4.0,,0.011011011011,0,-0.531546771105,0.669145997405,5,238
778,0,7.98835337062,2.0,,0.013013013013,0,0.71591563699,0.840606459653,5,251
779,0,1.21298087417,1.0,,0.013013013013,0,-1.32064242689,0.174908154856,5,181
780,0,3.15232870175,1.0,,0.012012012012,0,-1.29271010025,2.03045900251,5,162
781,0,5.06966268377,2.0,,0.012012012012,0,-0.164829670981,0.564151696709,5,235
782,0,8.30256306921,2.0,,0.012012012012,0,0.751549556993,1.04791439823,5,220
783,1,-0.1674502464,,0.0,0.012012012012,1,-2.19923361133,1.43025058758,5,54
784,0,2.53658882069,1.0,,0.012012012012,0,-0.679148798076,-0.425964785078,5,217
785,0,6.52756923343,1.0,,0.011011011011,0,-0.0129548111043,1.56643366674,5,142
786,0,5.41450148617,1.0,,0.013013013013,0,0.234992597331,-0.29047630582,5,250
787,0,5.12708297956,1.0,,0.012012012012,0,-0.295562928428,1.01377176484,5,317
788,0,5.22826003475,0.0,,0.011011011011,0,0.139607854545,-0.190563528887,5,301
789,0,4.84249475783,2.0,,0.012012012012,0,-0.19289115945,0.421168236184,5,117
790,0,7.07487915933,2.0,,0.011011011011,0,1.18734095014,-1.48714369108,5,327
791,0,4.02218286933,2.0,,0.012012012012,0,-0.0400086778219,-0.857791097201,5,83
792,0,9.02716101849,4.0,,0.012012012012,0,1.12593615413,0.64935255611,5,173
793,0,5.75752477782,5.0,,0.011011011011,0,0.171919664512,0.241765784283,5,340
794,0,10.9621038906,7.0,,0.012012012012,0,2.24725593319,-0.779663908927,5,131
795,1,2.47801457123,0.0,3.0,0.011011011011,0,-1.04484521059,0.612550202999,5,50
796,1,0.349968067183,,1.0,0.014014014014,0,-1.42978488127,-0.360677288994,5,19
797,1,-0.360651676877,,0.0,0.012012012012,1,-1.77798267324,-0.0267036571509,5,15
798,1,7.22469591203,4.0,9.0,0.012012012012,0,1.06436813285,-0.968408486527,5,139
799,1,3.08867600693,3.0,6.0,0.013013013013,0,-0.863332482765,0.678673455222,5,127
800,1,3.90762127741,3.0,4.0,0.014014014014,1,-0.286979855019,-0.231439157535,5,82
801,1,7.04925269031,3.0,10.0,0.012012012012,0,1.16644602476,-1.45008538397,5,137
802,1,5.28120198186,4.0,7.0,0.012012012012,0,-0.123449934886,0.651551786518,5,117
803,1,4.42753882434,1.0,5.0,0.012012012012,0,-0.244719996978,0.16169881527,5,112
804,1,1.50691617059,1.0,3.0,0.012012012012,0,-1.54401750595,1.13896868843,5,111
805,1,5.00111333095,5.0,6.0,0.013013013013,1,-0.132295653944,0.398000292783,5,121
806,1,0.475600480222,,1.0,0.013013013013,0,-1.53926192049,0.0933862417001,5,89
807,1,0.146561564485,0.0,1.0,0.012012012012,1,-1.81040367257,0.577772582207,5,104
808,1,3.4228524593,3.0,5.0,0.012012012012,0,-1.01225276076,1.45961074159,5,120
809,0,11.5058644619,10.0,,0.011011011011,0,1.89176437868,0.830571325835,5,298
810,1,7.42565273473,7.0,11.0,0.012012012012,0,1.01211411098,-0.610689598214,5,352
811,1,9.31079490021,9.0,10.0,0.013013013013,1,1.32843224309,0.325498170926,5,246
812,1,5.47663357068,5.0,7.0,0.013013013013,0,0.274834467614,-0.347869832161,5,243
813,1,3.52839988642,1.0,4.0,0.014014014014,0,-0.328982075132,-0.484653888182,5,163
814,1,4.84262761537,4.0,8.0,0.013013013013,0,-0.20777712992,0.465959005129,5,308
815,1,1.85034514307,0.0,4.0,0.011011011011,0,-1.26464706052,0.644286324624,5,215
816,1,0.0130794603518,,1.0,0.011011011011,0,-1.34636650883,-0.94782101317,5,114
817,1,-1.29394053507,,0.0,0.013013013013,1,-2.30389285986,0.617738044523,5,29
818,1,6.89154838496,2.0,8.0,0.012012012012,0,0.272083763932,1.07529709316,5,225
819,1,3.39928850618,3.0,4.0,0.01001001001,1,-0.495321151634,-0.114748038918,5,164
820,1,1.73998219622,1.0,2.0,0.012012012012,1,-0.581066287995,-1.51681893979,5,116
821,1,9.57971446964,3.0,10.0,0.011011011011,0,1.71299331293,-0.559265469148,5,233
822,1,4.28110913909,4.0,5.0,0.012012012012,1,0.237215962031,-1.430538747,5,170
823,1,3.01441620799,2.0,4.0,0.012012012012,0,-0.451032396052,-0.632486603851,5,167
824,1,2.62302496031,2.0,6.0,0.012012012012,0,-0.670929603422,-0.364186229421,5,198
825,1,2.29580317288,1.0,4.0,0.013013013013,0,-0.29583018366,-1.81670627614,5,179
826,1,5.76794149589,2.0,9.0,0.012012012012,0,0.172175896523,0.251413806326,5,273
827,1,5.60568457791,4.0,6.0,0.013013013013,0,0.061668410511,0.420679346379,5,223
828,1,-1.66379258135,,0.0,0.012012012012,1,-1.84904170526,-1.11666746555,5,45
829,1,2.42285111008,1.0,7.0,0.015015015015,0,-0.246580421093,-1.83740762665,5,237
830,0,11.4435573871,9.0,,0.012012012012,0,1.94392892567,0.611770610114,5,152
831,0,9.88460079547,6.0,,0.01001001001,0,1.79118624651,-0.488957944044,5,169
832,0,10.1191104067,10.0,,0.013013013013,0,1.80523108098,-0.296582836184,5,75
833,1,2.93839468782,1.0,3.0,0.012012012012,0,-1.13278407577,1.33674691514,5,204
834,1,3.45297638146,3.0,7.0,0.012012012012,0,-0.714120056512,0.595336550992,5,241
835,0,9.37606799971,8.0,,0.01001001001,0,0.892995997389,1.69708000755,5,214
836,1,0.42484203678,0.0,1.0,0.013013013013,1,-1.96335189273,1.31489771497,5,132
837,1,0.461080979727,0.0,2.0,0.011011011011,0,-1.71237329904,0.598200876843,5,171
838,1,2.47417823172,2.0,5.0,0.011011011011,0,-0.48574315536,-1.0685923022,5,231
839,1,4.73203789453,4.0,5.0,0.014014014014,1,0.343547870952,-1.29860571832,5,210
840,1,1.74776071481,1.0,2.0,0.012012012012,1,-0.902581337059,-0.544495274015,5,136
841,1,4.67301323543,4.0,5.0,0.012012012012,1,-0.351651991401,0.727969209637,5,212
842,1,8.48244411293,8.0,9.0,0.013013013013,1,0.796174551193,1.09392045936,5,307
843,1,6.14496063116,6.0,8.0,0.013013013013,0,0.341237685873,0.121247573542,5,250
844,1,5.03760194887,5.0,7.0,0.012012012012,0,0.308697788519,-0.888491416686,5,240
845,1,-0.278879314204,,0.0,0.011011011011,1,-1.34105068663,-1.25572725432,5,72
846,1,4.63513168134,3.0,6.0,0.012012012012,0,0.195724289721,-0.952041187821,5,252
847,1,7.09043209718,7.0,9.0,0.011011011011,0,0.624412264757,0.217195302915,5,318
848,1,5.0342805617,3.0,6.0,0.011011011011,0,-0.0986952155944,0.330366208488,5,295
849,1,6.21527953032,2.0,7.0,0.011011011011,0,0.495492572113,-0.271198186016,5,300
850,1,3.04245656192,3.0,4.0,0.012012012012,1,-0.58380801224,-0.206119401363,5,293
851,1,1.56785140684,1.0,2.0,0.012012012012,1,-0.445227381616,-2.09646644831,5,290
852,1,1.97463406052,1.0,8.0,0.013013013013,0,-1.23484474874,0.679168306738,5,339
853,1,0.549207074718,0.0,6.0,0.014014014014,0,-0.908149997418,-1.72634293303,5,338
854,1,0.561579208786,0.0,1.0,0.011011011011,1,-1.31228055164,-0.501579136307,5,294
855,0,9.37939383221,8.0,,0.011011011011,0,0.930313522068,1.58845326601,5,379
856,1,2.0615473211,0.0,6.0,0.012012012012,0,-1.2141334259,0.703947598809,5,379
857,0,7.47843867874,7.0,,0.013013013013,0,0.801517030049,0.0738875885958,5,362
858,1,1.6895688535,0.0,2.0,0.011011011011,0,-0.859917454301,-0.730678783596,5,367
859,0,6.25528486835,5.0,,0.013013013013,0,0.63787468993,-0.658339201436,5,378
860,0,5.84362273448,4.0,,0.01001001001,0,0.0634282593297,0.653337956491,5,139
861,0,6.13875731174,4.0,,0.011011011011,0,0.0334442183506,1.03842465669,5,150
862,0,6.97486269185,5.0,,0.012012012012,0,1.19558053229,-1.61187890503,5,47
863,0,11.5118588835,6.0,,0.011011011011,0,1.49305976367,2.03267959246,5,215
864,0,6.26778311463,6.0,,0.012012012012,0,0.0731970176731,1.04819206161,5,18
865,0,6.00203174677,5.0,,0.015015015015,0,0.683804674925,-1.04938227801,5,286
866,1,0.829207309346,,1.0,0.013013013013,0,-1.47814873384,0.26365351086,5,34
867,1,1.98087656158,,2.0,0.013013013013,0,-1.04975593372,0.130144362748,5,35
868,1,5.95074865637,5.0,6.0,0.012012012012,1,0.965185333558,-1.9448073443,5,249
869,1,1.19489675058,,2.0,0.01001001001,0,-1.09979938316,-0.505705099925,5,68
870,1,1.32164229391,,2.0,0.011011011011,0,-1.48403703172,0.773753389062,5,96
871,0,7.54356743432,6.0,,0.012012012012,0,0.89179373417,-0.131813768194,5,258
872,1,-3.84478459869,,0.0,0.014014014014,1,-2.62583505565,-0.967279431744,5,12
873,0,8.96759946166,5.0,,0.011011011011,0,0.754714791843,1.70345508613,5,224
874,1,4.01403747524,4.0,5.0,0.013013013013,1,-0.415966237646,0.261936188183,5,242
875,0,11.6826069636,4.0,,0.012012012012,0,1.72430343449,1.50969666008,5,290
876,0,5.66667504368,3.0,,0.011011011011,0,0.607415587192,-1.1555717179,5,237
877,0,5.58496942143,5.0,,0.013013013013,0,0.369336770752,-0.523040890828,5,253
878,0,6.92062764807,4.0,,0.013013013013,0,0.697241834311,-0.171097854864,5,84
879,0,3.67731996958,2.0,,0.012012012012,0,-0.808972498684,1.10423746563,5,8
880,1,-2.04739126367,,0.0,0.011011011011,1,-2.41446934974,0.196016785549,5,16
881,0,7.63622538357,1.0,,0.012012012012,0,1.4228842818,-1.63242746182,5,390
882,0,2.96119870676,2.0,,0.012012012012,0,-0.879120650798,0.598560659156,5,364
883,0,2.78746741805,2.0,,0.013013013013,0,-1.0017730022,0.792786424662,5,377
884,0,1.21035435309,1.0,,0.01001001001,0,-1.1627890334,-0.301278546706,5,380
885,0,5.00475929313,1.0,,0.013013013013,0,0.380681284362,-1.13728455996,5,348
886,0,6.80561006712,1.0,,0.01001001001,0,0.0480242950414,1.661537182,5,367
887,0,7.8789165011,0.0,,0.012012012012,0,1.13835173585,-0.536138706449,5,361
888,0,6.38807614336,0.0,,0.013013013013,0,0.37402243384,0.266008841838,5,375
889,0,7.06200356806,1.0,,0.012012012012,0,0.67157455936,0.0472798899761,5,374
890,0,7.6579323754,0.0,,0.011011011011,0,0.969616855491,-0.250918191074,5,358
891,0,1.05375751031,1.0,,0.012012012012,0,-1.89604074306,1.7418797395,5,347
892,0,5.71996707782,2.0,,0.011011011011,0,0.586053915645,-1.03819466912,5,366
893,0,7.17320200274,1.0,,0.011011011011,0,0.962525211596,-0.71437363205,5,365
894,0,4.55755034838,1.0,,0.013013013013,0,0.00396986216376,-0.454359238109,5,351
895,0,3.70559411086,2.0,,0.013013013013,0,0.178244613653,-1.8291397301,5,343
896,0,5.54279135353,3.0,,0.013013013013,0,-0.282918127446,1.39154573587,5,363
897,1,0.380996373778,0.0,1.0,0.012012012012,1,-1.07751153085,-1.38646903366,5,357
898,0,5.78456022999,5.0,,0.011011011011,0,0.0949809498795,0.49961738035,5,385
899,0,6.55582595629,6.0,,0.013013013013,0,0.487125148128,0.0944505119069,5,189
900,0,8.99887866147,6.0,,0.011011011011,0,1.51149554745,-0.535607980878,5,63
901,1,3.79532121707,3.0,5.0,0.011011011011,0,0.164958811723,-1.6995552181,5,385
902,1,0.0787238642035,,1.0,0.011011011011,0,-1.44485065679,-0.586724165413,5,36
903,1,4.74102593395,4.0,5.0,0.01001001001,1,-0.0462195796386,-0.120315327134,5,397
904,1,4.77213422455,4.0,5.0,0.011011011011,1,-0.583724136803,1.52330663496,5,383
905,1,7.26255341717,7.0,9.0,0.012012012012,0,0.670976988561,0.249622451491,5,388
906,1,-1.24632038462,,0.0,0.014014014014,1,-1.96930353762,-0.338409771773,5,5
907,1,7.18637820107,6.0,9.0,0.011011011011,0,0.319069676375,1.22916917194,5,392
908,1,3.64549035275,3.0,5.0,0.012012012012,0,-0.229437095503,-0.666198360737,5,347
909,1,6.75835058636,3.0,7.0,0.013013013013,0,0.596569243625,-0.0313571445134,5,378
910,1,5.37881248493,5.0,6.0,0.011011011011,1,0.204725858193,-0.235365089653,5,353
911,1,1.17087228837,1.0,2.0,0.01001001001,1,-1.71930512737,1.32878767049,5,86
912,1,4.14875005914,4.0,5.0,0.012012012012,1,-1.35201499495,3.204795044,5,321
913,1,5.98307655552,3.0,8.0,0.011011011011,0,0.861342595578,-1.60095123121,5,402
914,1,3.57767350432,3.0,4.0,0.01001001001,1,-0.212755756539,-0.784059226067,5,341
915,1,-0.0692904179705,,0.0,0.00900900900901,1,-1.81078309904,0.363058879149,5,60
916,1,0.954938870775,0.0,1.0,0.013013013013,1,-0.939585026234,-1.22630605052,5,74
917,1,5.23973281267,3.0,7.0,0.012012012012,0,-0.173907389833,0.761454982165,5,391
918,1,3.75762135643,3.0,4.0,0.011011011011,1,-0.344563919633,-0.20868688467,5,377
919,1,6.78687910078,6.0,9.0,0.012012012012,0,0.0501706415408,1.63636717616,5,399
920,1,3.16729215973,2.0,4.0,0.013013013013,0,-1.13424089507,1.57001484495,5,131
921,1,4.03371884447,4.0,5.0,0.012012012012,1,-0.364433154035,0.127018306571,5,381
922,1,3.36703302871,2.0,7.0,0.011011011011,0,-0.416598648346,-0.383171026252,5,393
923,1,2.56228467842,2.0,3.0,0.012012012012,1,-0.286037711523,-1.57960218701,5,380
924,1,3.04026438429,3.0,7.0,0.012012012012,0,-0.09346240142,-1.67934841145,5,394
925,1,4.23235041769,1.0,5.0,0.01001001001,0,-0.311622743196,0.167218647277,5,401
926,1,3.90577386678,2.0,4.0,0.011011011011,0,-0.559358349132,0.583848914177,5,382
927,1,-0.152471786098,,0.0,0.01001001001,1,-1.93521576247,0.6531755013,5,3
928,0,9.46513521316,8.0,,0.014014014014,0,1.52415750866,-0.107337312832,5,43
929,0,8.1253307947,6.0,,0.012012012012,0,0.549427342303,1.47704876779,5,57
930,1,3.35704322809,2.0,5.0,0.013013013013,0,-0.388605927684,-0.477138988859,5,404
931,0,6.20783359102,5.0,,0.011011011011,0,0.499407664624,-0.290389402854,5,119
932,0,8.5553069177,5.0,,0.013013013013,0,1.09022419896,0.284634320808,5,32
933,0,6.62645382149,3.0,,0.011011011011,0,0.276104016305,0.798141772569,5,74
934,0,6.00256480457,2.0,,0.012012012012,0,0.192428477449,0.425279372225,5,60
935,0,9.72084786294,3.0,,0.014014014014,0,1.40883820201,0.494333256897,5,2
936,0,4.54037001166,2.0,,0.012012012012,0,0.107578067431,-0.782364190633,5,3
937,1,0.431942843269,0.0,1.0,0.012012012012,1,-1.89854443327,1.12757614308,5,119
938,0,4.59854066464,1.0,,0.011011011011,0,-0.0503070044272,-0.250538322079,5,95
939,0,6.40381360511,1.0,,0.012012012012,0,0.263930084754,0.612023350842,5,89
940,0,8.62382247439,1.0,,0.012012012012,0,1.38191382905,-0.521919012755,5,134
941,0,7.74849538764,1.0,,0.013013013013,0,0.548380302148,1.1033544812,5,21
942,0,5.91512251606,3.0,,0.013013013013,0,0.769189548754,-1.39244613021,5,34
943,0,6.29302366898,1.0,,0.012012012012,0,0.3166631752,0.343034143383,5,139
944,0,3.73110228891,0.0,,0.012012012012,0,-0.53983279804,0.350600683031,5,129
945,0,8.2917596272,1.0,,0.011011011011,0,1.09734825756,-0.000285145476853,5,137
946,0,5.76302143241,2.0,,0.011011011011,0,0.452079577227,-0.59321729927,5,521
947,0,5.93001102442,1.0,,0.01001001001,0,0.549659779024,-0.718968312647,5,530
948,0,6.3282046956,1.0,,0.011011011011,0,0.445983610825,-0.00974613687171,5,529
949,0,6.5663009648,2.0,,0.011011011011,0,0.267269976671,0.76449103479,5,600
950,0,4.04139007968,2.0,,0.01001001001,0,-0.377657137157,0.174361491156,5,606
951,1,-2.24126189856,,0.0,0.00900900900901,1,-2.29114273608,-0.367833690313,5,98
952,0,8.13234968854,4.0,,0.012012012012,0,0.89466583852,0.448352172981,5,95
953,0,4.85732968065,4.0,,0.012012012012,0,-0.245649162275,0.594277167477,5,62
954,1,1.74023597962,1.0,2.0,0.014014014014,1,-0.792442613198,-0.88243618079,5,135
955,1,1.42963637294,1.0,3.0,0.012012012012,0,-1.25146866184,0.184042358462,5,148
956,0,7.08037186864,2.0,,0.011011011011,0,0.580814531929,0.337928272856,5,72
957,0,5.7048393498,3.0,,0.012012012012,0,-0.175156964826,1.23031024428,5,67
958,0,10.964344427,3.0,,0.012012012012,0,1.3640125152,1.87230688136,5,111
959,0,12.5148580832,3.0,,0.012012012012,0,2.07910430397,1.27754517129,5,1
960,0,6.24673582149,2.0,,0.012012012012,0,0.179781077522,0.707392588926,5,208
961,0,3.60081401511,1.0,,0.011011011011,0,-0.288578298291,-0.533451090021,5,63
962,0,5.39297714262,0.0,,0.012012012012,0,-0.533751121685,1.99423050767,5,46
963,0,5.25219307993,2.0,,0.013013013013,0,0.560940051195,-1.43062707366,5,288
964,0,10.8649150613,1.0,,0.011011011011,0,1.57996408808,1.12502279711,5,14
965,0,6.64387264195,0.0,,0.013013013013,0,0.366960159875,0.542992162322,5,83
966,0,9.32084017657,0.0,,0.011011011011,0,1.01204460631,1.28470635765,5,546
967,0,2.90661821303,0.0,,0.011011011011,0,-0.251431105251,-1.33908847122,5,211
968,0,5.27703203283,2.0,,0.014014014014,0,-0.0787212175788,0.513195685564,5,198
969,0,4.58699931077,1.0,,0.011011011011,0,-0.237464486802,0.299392771176,5,73
970,0,4.48788653344,0.0,,0.011011011011,0,-0.414988823794,0.732853004822,5,68
971,0,4.04270050728,1.0,,0.012012012012,0,-0.217356259908,-0.305230712993,5,162
972,0,8.47448854958,1.0,,0.014014014014,0,1.28432538994,-0.378487620252,5,214
973,0,5.22785635539,0.0,,0.011011011011,0,-0.0920822446661,0.504103089388,5,185
974,0,8.06619541721,0.0,,0.011011011011,0,1.02504926633,-0.00895238178637,5,178
975,0,1.23297644548,0.0,,0.013013013013,0,-1.05593187599,-0.599227926547,5,167
976,0,0.761064932595,0.0,,0.01001001001,0,-1.08398189132,-0.986989393445,5,176
977,0,8.38553829137,0.0,,0.012012012012,0,0.791459292324,1.01116041439,5,44
978,0,3.53304396155,0.0,,0.012012012012,0,-0.219940799879,-0.807133638817,5,126
979,0,5.23799368331,0.0,,0.011011011011,0,0.481726617147,-1.20718616813,5,248
980,0,1.30296194008,1.0,,0.013013013013,0,-0.742786977892,-1.46867712625,5,50
981,0,6.22323597275,1.0,,0.013013013013,0,0.270884537475,0.410582360328,5,107
982,0,12.192584126,1.0,,0.013013013013,0,2.22722729425,0.510902243236,5,99
983,0,5.25854428458,1.0,,0.011011011011,0,0.280686529988,-0.583515305386,5,140
984,0,3.23664764,1.0,,0.012012012012,0,-0.653825811118,0.198125073352,5,319
985,0,5.18580313086,1.0,,0.012012012012,0,-0.285658295462,1.04277801725,5,310
986,0,5.94671455204,1.0,,0.012012012012,0,0.845213355056,-1.58892551313,5,36
987,0,6.15865015778,2.0,,0.013013013013,0,0.372194242711,0.0420674296448,5,12
988,1,-0.191070147594,,0.0,0.013013013013,1,-1.37634192608,-1.06204436934,5,10
989,0,2.04455174476,2.0,,0.013013013013,0,-0.879466158547,-0.317049779599,5,244
990,0,3.99556633339,2.0,,0.012012012012,0,-0.193552408183,-0.423776442061,5,294
991,0,1.0178022523,1.0,,0.014014014014,0,-1.48184070945,0.463324380644,5,304
992,0,10.8861253016,1.0,,0.012012012012,0,1.97178924451,-0.029242431925,5,289
993,0,6.29960842501,1.0,,0.013013013013,0,0.718730239694,-0.85658229407,5,264
994,0,10.2721070127,1.0,,0.012012012012,0,1.74649205427,0.0326308499002,5,6
995,0,2.54564217486,0.0,,0.012012012012,0,-0.75018572145,-0.203800660792,5,213
996,0,6.11983241404,0.0,,0.012012012012,0,0.316917131516,0.169081019495,5,130
997,0,3.41090826079,1.0,,0.013013013013,0,-0.685250529147,0.466659848229,5,125
998,0,2.3503299996,0.0,,0.012012012012,0,-1.14009746249,0.770622387087,5,129
999,0,9.73325906121,0.0,,0.011011011011,0,1.26533447897,0.937255624308,5,131
