name,activated,threshold,before_activation_alters,after_activation_alters,degree,observed,var1,epsilon,constant,activation_order
0,1,4.13955647828,4.0,16,0.02002002002,0,-0.427107049852,0.420877627841,5,451
1,1,5.92045173426,2.0,9,0.018018018018,0,0.495775805253,-0.5668756815,5,237
2,1,5.05706125646,4.0,17,0.021021021021,0,0.0714514944577,-0.157293226916,5,475
3,1,7.84443791541,1.0,15,0.022022022022,0,1.00317415859,-0.165084560373,5,353
4,1,-0.200828848785,,0,0.02002002002,1,-1.61323269646,-0.361130759409,5,49
5,1,2.85697725282,,8,0.019019019019,0,-0.723758042373,0.0282513799351,5,198
6,1,3.25566208647,,4,0.02002002002,0,-0.608829569964,0.0821507963632,5,148
7,1,7.55771129163,3.0,9,0.021021021021,0,0.821156570794,0.0942415792497,5,239
8,1,2.80443400578,0.0,9,0.019019019019,0,-0.603399567292,-0.385367292341,5,257
9,1,2.40269232088,1.0,3,0.021021021021,0,-0.981844977962,0.348227254766,5,133
10,1,6.99656813372,2.0,10,0.018018018018,0,0.554833251635,0.332068378813,5,280
11,1,7.08143834743,3.0,8,0.019019019019,0,0.828457729321,-0.403934840532,5,272
12,1,8.4636516403,4.0,16,0.021021021021,0,1.177916435,-0.0700976646907,5,408
13,1,8.72760771532,4.0,15,0.019019019019,0,1.02031490255,0.666663007658,5,464
14,1,4.52286952144,3.0,6,0.019019019019,0,-0.45419979101,0.885468894472,5,269
15,1,11.8991289969,5.0,19,0.021021021021,0,1.94301863438,1.07007309378,5,761
16,1,-1.74214683559,,0,0.02002002002,1,-2.05845290788,-0.566788111946,5,71
17,1,4.0005754005,3.0,6,0.019019019019,0,-0.638990579506,0.917547139017,5,274
18,1,3.5163564227,0.0,5,0.018018018018,0,-0.457038995639,-0.11252659038,5,279
19,1,4.81480141172,1.0,22,0.022022022022,0,-0.150870388902,0.267412578425,5,943
20,1,1.39472058153,1.0,19,0.021021021021,0,-1.23262804115,0.0926047049802,5,722
21,1,4.29567360373,,11,0.018018018018,0,-0.109642164772,-0.375399901955,5,382
22,1,2.05451533055,2.0,4,0.021021021021,0,-1.1080413396,0.37863934936,5,278
23,1,1.7664982255,1.0,6,0.021021021021,0,-1.01572566353,-0.186324783911,5,339
24,1,5.22611363262,0.0,6,0.02002002002,0,0.0248173403586,0.151661611539,5,291
25,1,3.41180765558,2.0,6,0.018018018018,0,-0.567105723859,0.113124827155,5,379
26,1,10.2336884402,2.0,13,0.021021021021,0,1.70490339753,0.11897824758,5,512
27,1,2.17998397733,1.0,6,0.022022022022,0,-0.880603126045,-0.178206644533,5,364
28,1,9.490995862,5.0,10,0.021021021021,0,1.45864281372,0.115067420829,5,434
29,1,1.7655225525,1.0,13,0.021021021021,0,-1.0395256575,-0.115900475005,5,519
30,1,3.50935509339,2.0,7,0.02002002002,0,-0.459182325969,-0.113097928703,5,425
31,1,5.93025672586,5.0,15,0.022022022022,0,0.401191129283,-0.273316661984,5,720
32,1,3.54619468925,2.0,16,0.02002002002,0,-0.383758666193,-0.302529312174,5,804
33,1,5.80527184502,1.0,18,0.021021021021,0,0.291234953612,-0.0684330158118,5,941
34,1,4.75595451036,1.0,9,0.022022022022,0,0.00313706725346,-0.2534566914,5,538
35,1,0.949837557901,0.0,1,0.023023023023,1,-1.67653378903,0.979438925001,5,27
36,1,11.0786974952,5.0,19,0.019019019019,0,2.05132695246,-0.0752833621894,5,989
37,1,0.310585489056,0.0,6,0.019019019019,0,-1.4433158402,-0.359466990344,5,674
38,1,7.41770244327,3.0,18,0.02002002002,0,0.957617978175,-0.455151491257,5,954
39,1,2.35267655951,2.0,3,0.019019019019,1,-0.692527714895,-0.569740295803,5,462
40,1,6.92706383622,5.0,8,0.019019019019,0,0.629263871336,0.0392722222077,5,758
41,1,3.1683085312,2.0,20,0.021021021021,0,-0.773076110512,0.487536862734,5,956
42,1,4.64158497246,4.0,9,0.02002002002,0,-0.572177731078,1.3581181657,5,813
43,1,7.67751341335,5.0,10,0.021021021021,0,0.791326155976,0.303534945422,5,836
44,1,6.6375551608,6.0,15,0.021021021021,0,0.455636883799,0.270644509402,5,891
45,1,5.00936410911,3.0,15,0.019019019019,0,0.00114568558419,0.00592705235705,5,893
46,1,0.534595707457,0.0,4,0.019019019019,0,-1.49026088405,0.00537835961244,5,762
47,1,1.53574022591,0.0,2,0.018018018018,0,-1.13989512417,-0.0445744015849,5,746
48,1,7.14780780741,1.0,17,0.021021021021,0,0.585398867145,0.391611205979,5,908
49,1,4.83576669646,1.0,5,0.019019019019,0,0.153509039734,-0.624760422743,5,772
50,1,1.56431916401,0.0,8,0.019019019019,0,-1.15219647376,0.020908585297,5,843
51,1,5.17545323372,0.0,9,0.021021021021,0,-0.182208980018,0.722080173769,5,859
52,1,6.60963820601,2.0,17,0.023023023023,0,0.685715205481,-0.447507410429,5,873
53,1,5.89428406197,5.0,17,0.021021021021,0,0.452247088895,-0.462457204715,5,918
54,1,5.82734034751,0.0,12,0.019019019019,0,0.453949301023,-0.534507555556,5,890
55,1,5.82712011288,0.0,7,0.019019019019,0,0.462930638987,-0.561671804076,5,857
56,1,1.85252625277,0.0,5,0.019019019019,0,-1.20598477577,0.470480580077,5,827
57,1,0.951214024673,0.0,1,0.02002002002,1,-1.65447136188,0.914628110318,5,744
58,1,7.82403129983,7.0,18,0.02002002002,0,1.0950995429,-0.461267328888,5,945
59,1,7.05112170618,0.0,19,0.02002002002,0,0.523963508075,0.479231181953,5,949
60,1,9.68736136356,6.0,14,0.021021021021,0,1.70438427081,-0.425791448877,5,874
61,1,5.76668008307,2.0,11,0.021021021021,0,0.123554253801,0.396017321665,5,867
62,1,10.2315115402,4.0,21,0.021021021021,0,1.84742298319,-0.31075740939,5,1000
63,1,4.96021451617,0.0,11,0.021021021021,0,-0.182024008142,0.506286540594,5,866
64,1,6.69176459011,6.0,10,0.022022022022,0,0.567823826343,-0.0117068889192,5,832
65,1,4.23403976212,1.0,7,0.021021021021,0,-0.145285928678,-0.33010245185,5,800
66,1,0.383414003735,0.0,1,0.018018018018,1,-1.30331654241,-0.706636369048,5,546
67,1,2.45253579513,2.0,7,0.021021021021,0,-0.890175261108,0.123061578455,5,780
68,1,10.2481447611,6.0,16,0.018018018018,0,1.59410255008,0.465837110895,5,935
69,1,0.155002045207,0.0,2,0.02002002002,0,-1.65386742921,0.116604332852,5,646
70,1,9.0418440972,6.0,19,0.021021021021,0,1.72574282022,-1.13538436347,5,957
71,1,2.10985711322,2.0,7,0.021021021021,0,-0.780299195751,-0.549245299523,5,802
72,1,7.74742343608,5.0,13,0.019019019019,0,1.02221983384,-0.319236065438,5,917
73,1,3.60217598604,2.0,6,0.021021021021,0,-0.287344731433,-0.535789819661,5,763
74,1,4.67845961704,0.0,18,0.023023023023,0,-0.0773380006621,-0.0895263809749,5,933
75,1,1.17024127175,1.0,2,0.019019019019,1,-1.00122420389,-0.826086116564,5,641
76,1,7.2747979821,1.0,19,0.019019019019,0,0.872180341268,-0.341743041707,5,995
77,1,5.38424430061,0.0,8,0.019019019019,0,0.0657413196242,0.187020341733,5,851
78,1,4.8842120003,3.0,14,0.02002002002,0,-0.118354469876,0.239275409932,5,928
79,1,6.34948207983,2.0,12,0.022022022022,0,0.659004144497,-0.627530353664,5,903
80,1,4.82176911157,0.0,7,0.019019019019,0,-0.206768404028,0.442074323657,5,886
81,1,8.00930994051,2.0,19,0.02002002002,0,0.944078002321,0.177075933553,5,988
82,1,0.804380493574,0.0,2,0.02002002002,0,-1.47223565746,0.221087465952,5,644
83,1,6.17098020371,3.0,7,0.023023023023,0,0.147072484352,0.729762750658,5,779
84,1,6.22611077922,0.0,9,0.02002002002,0,0.451140977477,-0.127312153211,5,889
85,1,6.2828058018,2.0,17,0.02002002002,0,0.514416524235,-0.260443770907,5,934
86,1,8.11092736054,8.0,10,0.02002002002,0,1.42876098407,-1.17535559167,5,906
87,1,4.04913638383,4.0,5,0.023023023023,1,-0.412564837337,0.286830895843,5,748
88,1,6.45218496767,3.0,14,0.021021021021,0,0.493190111703,-0.027385367436,5,925
89,1,2.974389253,0.0,7,0.023023023023,0,-0.596686236391,-0.235552037829,5,844
90,1,2.67492242348,1.0,11,0.019019019019,0,-0.571538523667,-0.610462005515,5,919
91,1,1.47007484487,1.0,8,0.018018018018,0,-1.05021583542,-0.379277648868,5,898
92,1,4.3990320186,0.0,5,0.02002002002,0,-0.228397083663,0.0842232695926,5,833
93,1,7.62010732749,0.0,12,0.021021021021,0,0.69972550663,0.520930807597,5,907
94,1,5.95499908084,1.0,18,0.021021021021,0,0.141548274399,0.530354257642,5,940
95,1,6.81305471266,4.0,17,0.018018018018,0,0.527812563786,0.229617021306,5,963
96,1,7.29444486177,1.0,18,0.02002002002,0,0.767137746025,-0.00696837629917,5,948
97,1,1.75211582627,1.0,8,0.02002002002,0,-1.38043223272,0.893412524426,5,872
98,1,5.26558826341,4.0,14,0.02002002002,0,0.181371888799,-0.278527402988,5,936
99,1,5.05529079197,2.0,6,0.018018018018,0,-0.0532715070238,0.215105313042,5,865
100,1,8.90806662447,6.0,20,0.021021021021,0,1.32185221287,-0.0574900141304,5,972
101,1,5.8058452288,5.0,7,0.019019019019,0,0.0321727838199,0.709326877339,5,825
102,1,2.57995307343,1.0,4,0.019019019019,0,-0.66125443858,-0.436283610832,5,783
103,1,3.51280466686,1.0,14,0.02002002002,0,-0.908759986703,1.23908462697,5,939
104,1,4.35589303176,3.0,7,0.02002002002,0,-0.255572338784,0.122610048113,5,788
105,1,8.12638415437,1.0,14,0.019019019019,0,0.771774812865,0.81105971577,5,946
106,1,7.72964457349,7.0,20,0.02002002002,0,0.952746818153,-0.128595880971,5,994
107,1,6.63716931624,0.0,13,0.018018018018,0,0.511449311809,0.102821380812,5,895
108,1,2.33523068663,2.0,11,0.021021021021,0,-1.07112911159,0.548618021406,5,860
109,1,3.60940960374,3.0,4,0.02002002002,1,-0.453748546974,-0.0293447553413,5,718
110,1,0.4480655476,,2,0.022022022022,0,-1.52801817165,0.0321200625472,5,433
111,1,5.44483459837,4.0,9,0.02002002002,0,0.267126436014,-0.356544709673,5,842
112,1,3.95560208303,2.0,4,0.021021021021,0,0.0431085133147,-1.17372345692,5,715
113,1,5.56892179743,2.0,11,0.02002002002,0,0.377761607564,-0.564363025261,5,869
114,1,2.19342295464,1.0,18,0.019019019019,0,-1.0106803927,0.225464132727,5,947
115,1,10.6573503222,8.0,12,0.019019019019,0,1.693196154,0.577761860164,5,881
116,1,5.45645226497,3.0,8,0.022022022022,0,-0.203718375161,1.06760739046,5,782
117,1,10.4347912099,8.0,13,0.02002002002,0,1.98964519136,-0.534144364123,5,861
118,1,3.66425799037,3.0,6,0.019019019019,0,-0.410336834087,-0.104731507363,5,729
119,1,4.56362550921,3.0,20,0.022022022022,0,-0.345451323939,0.599979481032,5,915
120,1,-0.168906565561,,0,0.02002002002,1,-1.56860134882,-0.463102519104,5,21
121,1,10.0412792163,8.0,14,0.023023023023,0,1.53644458931,0.431945448347,5,856
122,1,5.30542755183,2.0,19,0.019019019019,0,-0.0167907801471,0.355799892268,5,916
123,1,10.3315679823,8.0,16,0.019019019019,0,1.90427351448,-0.381252561171,5,897
124,1,7.95679656487,7.0,15,0.018018018018,0,0.691092312229,0.883519628187,5,894
125,1,2.83916831361,2.0,7,0.02002002002,0,-0.556680276934,-0.490790855592,5,688
126,1,6.09798999738,1.0,13,0.021021021021,0,0.042967915878,0.969086249743,5,776
127,1,3.39842419682,2.0,7,0.02002002002,0,-0.46386823782,-0.209971089717,5,678
128,1,6.28849305181,5.0,7,0.021021021021,0,0.423433423961,0.018192779923,5,636
129,1,8.87110172836,3.0,14,0.019019019019,0,1.19518434855,0.285548682723,5,824
130,1,-0.760907450343,,2,0.021021021021,0,-2.21628547296,0.887948968525,5,63
131,1,3.16791831228,3.0,14,0.023023023023,0,-0.776521704098,0.497483424576,5,691
132,1,3.92727868279,2.0,7,0.021021021021,0,-0.189088413535,-0.505456076608,5,629
133,1,1.96821448383,1.0,6,0.021021021021,0,-0.753735653662,-0.770578555182,5,534
134,1,9.82855079966,2.0,13,0.019019019019,0,1.63465230633,-0.075406119331,5,806
135,1,4.11960174726,2.0,5,0.02002002002,0,-0.453471927285,0.480017529121,5,508
136,1,3.13000706252,1.0,15,0.02002002002,0,-0.78900784749,0.497030604992,5,756
137,1,4.31986653022,2.0,8,0.019019019019,0,-0.329929105123,0.309653845591,5,581
138,1,3.95526116069,1.0,16,0.017017017017,0,-0.412204006688,0.19187318075,5,883
139,1,2.91900052226,2.0,5,0.02002002002,0,-0.505339218014,-0.564981823697,5,486
140,1,5.0883718183,,6,0.021021021021,0,-0.00628433696248,0.107224829192,5,474
141,1,3.59093316037,3.0,9,0.021021021021,0,-0.517116478441,0.142282595694,5,549
142,1,6.02859859301,2.0,21,0.021021021021,0,-0.00650413426998,1.04811099582,5,926
143,1,8.67945063464,5.0,17,0.019019019019,0,1.32055753354,-0.282221965978,5,816
144,1,3.67839791205,2.0,5,0.019019019019,0,-0.626951966395,0.559253811234,5,489
145,1,4.00438094821,2.0,16,0.022022022022,0,-0.0546264313773,-0.831739757658,5,692
146,1,13.7264649313,9.0,15,0.02002002002,0,2.85632751442,0.157482388005,5,734
147,1,-0.548205356471,,0,0.019019019019,1,-2.00247405632,0.459216812487,5,17
148,1,2.73431266212,2.0,3,0.019019019019,1,-0.753387228778,-0.00552565154268,5,355
149,1,7.30767479775,4.0,16,0.024024024024,0,0.826986989071,-0.173286169468,5,593
150,1,4.32964703295,3.0,14,0.02002002002,0,-0.257775584783,0.102973787298,5,585
151,1,4.74036256051,3.0,5,0.019019019019,0,-0.0473367581346,-0.117627165082,5,370
152,1,7.54512185213,2.0,9,0.019019019019,0,0.807419466208,0.122863453511,5,453
153,1,5.33641851816,5.0,14,0.019019019019,0,0.167494816472,-0.166065931256,5,625
154,1,5.0208299317,4.0,8,0.021021021021,0,-0.030850503981,0.113381443644,5,377
155,1,2.22936735523,2.0,3,0.02002002002,1,-1.02942695751,0.31764822776,5,333
156,1,8.41473253802,4.0,15,0.023023023023,0,0.871761566733,0.799447837826,5,478
157,1,7.38280018519,4.0,13,0.02002002002,0,0.896876424675,-0.307829088831,5,556
158,1,1.67929785461,1.0,2,0.018018018018,1,-0.943164513016,-0.491208606342,5,211
159,1,-0.845474363634,,0,0.02002002002,1,-1.90946598327,-0.117076413819,5,6
160,1,2.89151204051,1.0,12,0.019019019019,0,-0.734891292102,0.0961859168211,5,572
161,1,2.98990673131,2.0,15,0.017017017017,0,-0.731333265711,0.183906528447,5,880
162,1,3.51851304109,2.0,4,0.019019019019,0,-0.464564049598,-0.0877948101123,5,344
163,1,10.787180886,6.0,16,0.02002002002,0,1.85578692149,0.21982012151,5,716
164,1,4.27514071772,3.0,7,0.02002002002,0,-0.474134942834,0.697545546219,5,458
165,1,6.99413912708,5.0,12,0.02002002002,0,0.671020443013,-0.0189222019554,5,574
166,1,0.588138814786,,2,0.019019019019,0,-1.65921932612,0.565796793161,5,176
167,1,4.6656668625,4.0,7,0.022022022022,0,0.207040857801,-0.955455710898,5,480
168,1,4.56572160388,1.0,17,0.018018018018,0,-0.15281839355,0.024176784528,5,854
169,1,3.39495014559,2.0,6,0.02002002002,0,-0.498946721622,-0.10820968954,5,545
170,1,6.67608199238,3.0,17,0.022022022022,0,0.623049531381,-0.193066601766,5,754
171,1,6.84904096972,1.0,19,0.02002002002,0,0.861766899064,-0.736259727476,5,902
172,1,5.39057622882,2.0,8,0.022022022022,0,-0.088824050892,0.657048381495,5,642
173,1,2.88884585078,2.0,4,0.02002002002,0,-0.851975046134,0.444770989179,5,533
174,1,5.60425910065,4.0,12,0.017017017017,0,0.672255537729,-1.41250751253,5,727
175,1,6.23818845565,3.0,8,0.021021021021,0,0.123744353013,0.866955396612,5,589
176,1,6.65119688724,2.0,12,0.018018018018,0,0.572309214629,-0.0657307566468,5,749
177,1,8.30302997227,0.0,21,0.021021021021,0,1.34337111404,-0.727083369842,5,944
178,1,6.17162592847,2.0,9,0.02002002002,0,0.262512776723,0.384087598297,5,668
179,1,1.02266130867,1.0,4,0.02002002002,0,-0.951324253192,-1.12336593176,5,622
180,1,1.63166904631,1.0,8,0.02002002002,0,-1.05107724541,-0.215099217458,5,726
181,1,2.86699948991,0.0,14,0.021021021021,0,-0.631352855499,-0.238941943595,5,759
182,1,5.66875071794,0.0,6,0.019019019019,0,0.37643261273,-0.460547120248,5,624
183,1,4.30748199083,0.0,5,0.02002002002,0,-0.258563859554,0.0831735694942,5,614
184,1,9.53387807414,0.0,16,0.02002002002,0,1.7892305038,-0.833813437262,5,811
185,1,3.35963797742,0.0,8,0.021021021021,0,-0.279581181629,-0.801618477694,5,698
186,1,11.2293734994,2.0,20,0.023023023023,0,2.148111349,-0.214960547576,5,927
187,1,3.94326357296,3.0,11,0.02002002002,0,-0.232245621328,-0.359999563056,5,742
188,1,3.65827782992,2.0,18,0.021021021021,0,-0.533437192901,0.258589408621,5,924
189,1,3.71355316912,0.0,20,0.021021021021,0,-0.436218837366,0.0222096812212,5,974
190,1,9.22503348571,8.0,15,0.019019019019,0,1.34136492041,0.200938724478,5,900
191,1,0.808268933734,0.0,1,0.022022022022,1,-1.27859619845,-0.35594247093,5,473
192,1,2.3767062057,0.0,3,0.019019019019,0,-0.494417385998,-1.14004163631,5,592
193,1,2.14847169033,1.0,12,0.019019019019,0,-1.02406607154,0.220669904951,5,875
194,1,6.67196200572,3.0,10,0.019019019019,0,0.387339611379,0.509943171584,5,785
195,1,1.70303333262,0.0,3,0.02002002002,0,-1.11024312425,0.0337627053785,5,618
196,1,2.83308650363,0.0,9,0.018018018018,0,-0.607005982482,-0.345895548924,5,741
197,1,5.99592515755,0.0,20,0.02002002002,0,0.16370223539,0.50481845138,5,982
198,1,5.73186540933,2.0,12,0.018018018018,0,0.167933643844,0.228064477802,5,888
199,1,6.22987408254,1.0,19,0.021021021021,0,0.478323769486,-0.205097225917,5,952
200,1,6.0555343729,0.0,10,0.02002002002,0,0.255126353493,0.290155312425,5,675
201,1,9.37384993232,5.0,14,0.021021021021,0,1.72039637799,-0.787339201662,5,784
202,1,0.640045634914,0.0,9,0.02002002002,0,-1.59927184479,0.437861169285,5,703
203,1,6.57653767963,6.0,10,0.019019019019,0,0.142225183817,1.14986212818,5,721
204,1,4.07788404574,0.0,5,0.018018018018,0,-0.204044096296,-0.309983665374,5,597
205,1,5.78314878259,5.0,9,0.021021021021,0,0.439810260262,-0.536281998193,5,661
206,1,4.36802776339,1.0,19,0.022022022022,0,-0.400669499123,0.57003626076,5,904
207,1,7.22211580838,2.0,14,0.019019019019,0,0.820776784983,-0.240214546568,5,760
208,1,3.77837756716,2.0,7,0.022022022022,0,-0.849615814343,1.32722501019,5,524
209,1,7.97174798195,0.0,10,0.02002002002,0,0.857475675557,0.399320955281,5,580
210,1,3.93039963251,0.0,11,0.018018018018,0,-0.640460233185,0.851780332067,5,660
211,1,4.09899504506,4.0,8,0.021021021021,0,-0.310218920555,0.0296518067222,5,520
212,1,5.2437068818,5.0,9,0.018018018018,0,0.197861249905,-0.349876867921,5,562
213,1,9.01143069134,6.0,18,0.019019019019,0,1.24584398328,0.27389874151,5,923
214,1,7.83633211731,5.0,8,0.021021021021,0,0.921823150532,0.0708626657127,5,417
215,1,9.98329590376,7.0,10,0.02002002002,0,1.33124984755,0.989546361107,5,463
216,1,5.37517939654,5.0,8,0.021021021021,0,0.227739614397,-0.308039446649,5,242
217,1,7.4445507015,7.0,9,0.022022022022,0,1.1493221609,-1.00341578121,5,260
218,1,6.06572735686,0.0,12,0.022022022022,0,0.193908311001,0.484002423858,5,428
219,1,5.19253255921,4.0,7,0.019019019019,0,-0.0486914921732,0.338607035734,5,155
220,1,5.452141878,0.0,9,0.02002002002,0,0.166947647188,-0.0487010635625,5,227
221,1,1.16833958046,,3,0.02002002002,0,-1.06168690997,-0.646599689621,5,94
222,1,9.37385863013,2.0,17,0.019019019019,0,1.23599726354,0.665866839496,5,712
223,1,0.847776939339,0.0,1,0.022022022022,1,-1.53186273628,0.443365148188,5,58
224,1,6.07074316288,5.0,15,0.019019019019,0,0.300726102783,0.168564854532,5,285
225,1,3.82478540809,,9,0.022022022022,0,-0.0117503416419,-1.13996356699,5,121
226,1,0.307965687803,0.0,5,0.021021021021,0,-1.55383624666,-0.0305255722124,5,60
227,1,6.0368456736,,14,0.021021021021,0,0.440236739826,-0.283864545877,5,153
228,1,-0.799661077024,,2,0.022022022022,0,-1.80075240829,-0.397403852155,5,38
229,1,2.43384798237,,11,0.018018018018,0,-0.837041243441,-0.0550282873098,5,140
230,1,7.11465281328,1.0,12,0.021021021021,0,0.593480730601,0.334210621478,5,135
231,1,1.92776487945,0.0,6,0.019019019019,0,-1.0247759434,0.00209270964382,5,101
232,1,4.28171609758,0.0,5,0.018018018018,0,-0.21255389095,-0.080622229571,5,73
233,1,0.690283165697,,5,0.021021021021,0,-1.20656488639,-0.690022175146,5,64
234,1,-2.38916826998,,2,0.019019019019,0,-2.35552628623,-0.322589411298,5,39
235,1,0.49462559858,0.0,2,0.018018018018,0,-1.62488946918,0.369294006117,5,50
236,1,-0.250691684591,,0,0.017017017017,1,-1.91299463284,0.488292213933,5,23
237,1,5.20056647809,5.0,11,0.02002002002,0,-0.0212615813489,0.264351222139,5,149
238,1,3.0628070358,,9,0.021021021021,0,-0.685136716443,0.118217185132,5,104
239,1,0.355181596547,,10,0.018018018018,0,-1.31220786659,-0.708194803683,5,157
240,1,6.31377943801,3.0,14,0.021021021021,0,0.230957395878,0.62090725038,5,311
241,1,4.2244399241,,5,0.022022022022,0,-0.124600145016,-0.401759640852,5,85
242,1,7.15888837176,0.0,16,0.02002002002,0,0.637960040029,0.245008251675,5,468
243,1,4.87301785264,1.0,5,0.02002002002,0,0.0146893207937,-0.171050109742,5,97
244,1,4.37980581446,2.0,12,0.021021021021,0,-0.287967781747,0.243709159699,5,241
245,1,6.36347924059,2.0,14,0.02002002002,0,0.658851590694,-0.61307553149,5,400
246,1,7.6604521527,7.0,20,0.021021021021,0,0.994497735897,-0.32304105499,5,752
247,1,0.661194974101,,5,0.019019019019,0,-1.20371372899,-0.727663838915,5,158
248,1,7.04443534237,7.0,14,0.021021021021,0,0.883146967057,-0.605005558799,5,414
249,1,4.8857605985,0.0,5,0.019019019019,0,0.0378343267842,-0.227742381851,5,225
250,1,8.84567878024,4.0,16,0.02002002002,0,1.5171711461,-0.705834658069,5,680
251,1,0.943447298795,0.0,2,0.019019019019,0,-1.03340232069,-0.956345739133,5,122
252,1,4.74644314936,1.0,16,0.018018018018,0,0.229949933331,-0.943406650635,5,704
253,1,5.90069682365,3.0,20,0.02002002002,0,0.319653103774,-0.0582624876708,5,969
254,1,4.21226230878,0.0,5,0.02002002002,0,-0.294067393249,0.0944644885297,5,247
255,1,3.06263178243,3.0,5,0.021021021021,0,-0.412542005929,-0.699742199781,5,251
256,1,8.43501681123,1.0,11,0.019019019019,0,1.07552124768,0.208453068203,5,484
257,1,3.95952841416,3.0,8,0.02002002002,0,-0.00960008155383,-1.01167134118,5,264
258,1,3.12670870302,0.0,11,0.019019019019,0,-0.79506758372,0.511911454176,5,497
259,1,4.84705843329,0.0,9,0.019019019019,0,-0.172304893545,0.363973113925,5,325
260,1,3.02475946881,1.0,10,0.02002002002,0,-0.448150744039,-0.630788299075,5,385
261,1,0.372927223925,,16,0.019019019019,0,-1.45619759721,-0.258479984457,5,684
262,1,5.69416575054,0.0,16,0.02002002002,0,0.370204916904,-0.41644900017,5,579
263,1,5.44117181264,0.0,14,0.02002002002,0,0.288070269995,-0.423038997343,5,532
264,1,4.62363345501,0.0,18,0.021021021021,0,-0.0710683592397,-0.163161467266,5,559
265,1,2.51063114278,,6,0.019019019019,0,-0.865247064354,0.106372335836,5,318
266,1,4.25434051206,4.0,5,0.021021021021,1,-0.561589014733,0.939107556264,5,276
267,1,3.28729208923,0.0,5,0.021021021021,0,-0.659149629516,0.264740977776,5,246
268,1,1.33771227068,0.0,2,0.021021021021,0,-1.08252533774,-0.414711716109,5,217
269,1,6.557840204,6.0,9,0.022022022022,0,0.585701195751,-0.199263383252,5,327
270,1,4.87791844558,4.0,11,0.018018018018,0,-0.0766537316256,0.107879640453,5,516
271,1,6.30127583914,3.0,10,0.022022022022,0,0.218103302812,0.6469659307,5,397
272,1,0.617123642545,0.0,1,0.021021021021,1,-1.19660299849,-0.793067361979,5,138
273,1,8.51778398521,8.0,16,0.021021021021,0,0.980881921737,0.575138220003,5,527
274,1,5.93329680014,0.0,11,0.02002002002,0,0.360174569144,-0.147226907292,5,352
275,1,2.93943067066,0.0,5,0.021021021021,0,-0.803955163093,0.351296159936,5,144
276,1,3.12306504144,0.0,19,0.02002002002,0,-0.666974601569,0.123988846146,5,595
277,1,7.34179514516,3.0,14,0.022022022022,0,0.912029997111,-0.394294846174,5,422
278,1,9.04524462087,9.0,14,0.019019019019,0,1.09485456648,0.760680921421,5,427
279,1,4.39394606823,4.0,5,0.022022022022,1,0.0228036175438,-0.6744647844,5,143
280,1,4.99827263781,0.0,18,0.02002002002,0,0.153689077592,-0.462794594966,5,681
281,1,4.40667453314,3.0,9,0.02002002002,0,-0.337797534153,0.420067135601,5,232
282,1,3.96463777746,,4,0.02002002002,0,-0.374424633882,0.0879116791082,5,96
283,1,1.43119212542,,10,0.021021021021,0,-1.17167756009,-0.0537751943061,5,163
284,1,4.57614533741,,11,0.019019019019,0,0.0165740959631,-0.473576950477,5,170
285,1,4.72929835995,0.0,5,0.021021021021,0,-0.0838434813848,-0.0191711959,5,117
286,1,2.01557715502,0.0,3,0.021021021021,0,-0.873648993822,-0.36347586351,5,80
287,1,5.82748850064,2.0,18,0.018018018018,0,0.168871930042,0.320872710512,5,884
288,1,0.746571226328,0.0,1,0.021021021021,1,-1.33975949956,-0.234150274996,5,65
289,1,4.65448494325,0.0,6,0.02002002002,0,-0.17889238185,0.191162088799,5,107
290,1,10.1054915512,8.0,12,0.019019019019,0,1.4265725638,0.825773859813,5,243
291,1,0.565505193171,0.0,1,0.02002002002,1,-1.40363764231,-0.223581879886,5,67
292,1,2.5072439092,0.0,4,0.02002002002,0,-0.574673798456,-0.768734695431,5,83
293,1,1.11915148513,0.0,2,0.019019019019,0,-1.1854112418,-0.324614789489,5,77
294,1,1.03332407771,0.0,14,0.017017017017,0,-1.43166681401,0.328324519747,5,358
295,1,5.25922318516,0.0,10,0.019019019019,0,-0.0547454583,0.423459560059,5,216
296,1,5.75138065849,,12,0.019019019019,0,0.400535809368,-0.450226769617,5,351
297,1,3.82139789369,3.0,15,0.019019019019,0,-0.42662062953,0.101259782286,5,365
298,1,4.33333302839,,5,0.019019019019,0,-0.0203485527088,-0.605621313488,5,160
299,1,5.25914528579,3.0,13,0.021021021021,0,-0.184950046451,0.813995425141,5,283
300,1,3.23644409009,1.0,6,0.02002002002,0,-0.694236225381,0.319152766231,5,205
301,1,6.96085721447,3.0,19,0.023023023023,0,0.714795596507,-0.183529575053,5,483
302,1,0.646492588904,0.0,3,0.021021021021,0,-1.17418566988,-0.830950401445,5,169
303,1,0.709726922682,0.0,2,0.018018018018,0,-1.39234813387,-0.113228675709,5,195
304,1,2.075386093,2.0,10,0.021021021021,0,-0.85553349337,-0.358013426892,5,316
305,1,3.5947010535,1.0,5,0.019019019019,0,-0.188805636269,-0.838882037691,5,212
306,1,6.64965348407,0.0,15,0.02002002002,0,0.65320849768,-0.309972008974,5,479
307,1,3.0143113943,0.0,4,0.019019019019,0,-0.708432732548,0.139609591948,5,230
308,1,10.4747273698,5.0,17,0.019019019019,0,1.53707969304,0.863488290693,5,528
309,1,5.01931785025,5.0,13,0.017017017017,0,-0.151145930639,0.472755642165,5,601
310,1,7.83112682279,5.0,9,0.02002002002,0,1.22507553143,-0.844099771497,5,448
311,1,6.35069451171,4.0,7,0.019019019019,0,0.224033727461,0.678593329328,5,393
312,1,4.20326551639,1.0,10,0.023023023023,0,0.0820840019098,-1.04298648934,5,411
313,1,3.23462677942,3.0,4,0.021021021021,1,-0.389123145215,-0.598003784931,5,373
314,1,4.01080903015,4.0,6,0.021021021021,0,-0.258281662801,-0.214345981449,5,426
315,1,5.15488756341,2.0,14,0.02002002002,0,-0.184589401654,0.708655768372,5,591
316,1,7.09062997767,3.0,10,0.02002002002,0,0.679314287855,0.0526871141045,5,506
317,1,6.04810304545,0.0,17,0.019019019019,0,0.499726319649,-0.451075913493,5,770
318,1,6.97219299249,0.0,7,0.02002002002,0,0.688474558393,-0.0932306826927,5,500
319,1,8.61732082772,5.0,18,0.019019019019,0,1.12756106176,0.234637642456,5,822
320,1,7.60486725192,1.0,14,0.016016016016,0,0.758280775963,0.330024924032,5,878
321,1,6.45558586715,1.0,14,0.021021021021,0,0.573458173054,-0.264788652012,5,738
322,1,9.08468824123,1.0,10,0.022022022022,0,1.30277757541,0.176355515,5,575
323,1,4.16273701222,3.0,9,0.021021021021,0,-0.359465873963,0.241134634111,5,557
324,1,5.63144599154,2.0,13,0.021021021021,0,0.378691629091,-0.504628895727,5,755
325,1,1.89091801815,0.0,3,0.02002002002,0,-0.844818885084,-0.574625326599,5,514
326,1,0.836042509384,0.0,1,0.021021021021,1,-1.42992162467,0.125807383392,5,442
327,1,8.04830161515,2.0,12,0.019019019019,0,1.10679866032,-0.272094365798,5,768
328,1,4.24107924983,4.0,9,0.02002002002,0,-0.286856295046,0.10164813497,5,664
329,1,9.95800524757,7.0,17,0.02002002002,0,1.61750062095,0.105503384719,5,901
330,1,8.63132392066,6.0,16,0.018018018018,0,1.41160642202,-0.6034953454,5,991
331,1,-0.542366605184,,0,0.019019019019,1,-2.05966060623,0.636615213512,5,1
332,1,7.37345178552,6.0,18,0.021021021021,0,0.66954064049,0.364829864051,5,986
333,1,2.55083153441,1.0,4,0.021021021021,0,-0.894355539271,0.233898152218,5,312
334,1,6.66064716136,2.0,15,0.02002002002,0,0.651416976908,-0.293603769359,5,846
335,1,9.75002655882,1.0,14,0.019019019019,0,1.96938186375,-1.15811903242,5,841
336,1,3.86928327363,3.0,13,0.021021021021,0,-0.126371199016,-0.751603129319,5,764
337,1,3.68629179172,2.0,6,0.021021021021,0,-0.29055192745,-0.442052425933,5,441
338,1,5.28102604159,3.0,17,0.018018018018,0,0.0515343952671,0.126422855789,5,996
339,1,3.85623899549,3.0,5,0.019019019019,0,-0.619902567788,0.715946698853,5,429
340,1,3.04245464008,2.0,20,0.02002002002,0,-0.597303884291,-0.165633707045,5,998
341,1,5.86175258675,2.0,12,0.018018018018,0,0.31784071363,-0.0917695541384,5,700
342,1,1.96456002405,1.0,7,0.021021021021,0,-1.05844851931,0.139905581987,5,457
343,1,1.26724605161,1.0,8,0.017017017017,0,-1.43088103469,0.559889155667,5,525
344,1,2.76646402275,0.0,5,0.019019019019,0,-0.712015855274,-0.0974884114256,5,461
345,1,4.56171520507,4.0,5,0.019019019019,1,-0.0443520921255,-0.305228518552,5,439
346,1,-0.646204434531,,0,0.02002002002,1,-1.80198782971,-0.24024094539,5,5
347,1,6.23491876866,6.0,8,0.019019019019,0,0.385607466905,0.0780963679448,5,472
348,1,2.06249631357,2.0,4,0.019019019019,0,-0.987783742372,0.0258475406839,5,218
349,1,5.71945714342,4.0,21,0.021021021021,0,0.444338607401,-0.613558678782,5,960
350,1,8.54054407853,8.0,9,0.021021021021,1,1.39040548949,-0.630672389944,5,491
351,1,4.23905112373,4.0,14,0.019019019019,0,-0.415972984815,0.486970078174,5,647
352,1,4.23234232605,4.0,12,0.018018018018,0,-0.0465299653321,-0.628067777958,5,558
353,1,8.83040544721,3.0,14,0.021021021021,0,1.22675396181,0.150143561787,5,621
354,1,3.85755034005,3.0,5,0.017017017017,0,-0.442119536133,0.183908948448,5,496
355,1,5.19626861051,2.0,7,0.023023023023,0,0.0900945407105,-0.0740150116216,5,548
356,1,6.16176323573,3.0,7,0.019019019019,0,0.257127199592,0.390381636951,5,551
357,1,-0.944925838712,,0,0.02002002002,1,-1.56685603987,-1.24435771909,5,15
358,1,4.67718130158,1.0,14,0.018018018018,0,0.169486903966,-0.831279410321,5,739
359,1,1.70533332985,1.0,8,0.021021021021,0,-1.17748298585,0.237782287408,5,602
360,1,9.02493961919,1.0,17,0.019019019019,0,1.45107825781,-0.328295154225,5,961
361,1,2.47886035822,2.0,19,0.021021021021,0,-0.805462328016,-0.104752657727,5,920
362,1,5.2352744608,5.0,16,0.023023023023,0,-0.0465876474958,0.375037403286,5,735
363,1,7.77456859759,1.0,11,0.021021021021,0,1.07174287934,-0.440660040442,5,687
364,1,4.8192070657,1.0,5,0.02002002002,0,-0.215950397211,0.467058257331,5,606
365,1,7.22063856913,6.0,8,0.023023023023,0,0.588881715373,0.453993423012,5,607
366,1,4.04077629177,1.0,14,0.017017017017,0,-0.540445605422,0.662113108032,5,751
367,1,1.73170856414,1.0,19,0.019019019019,0,-1.1043583747,0.0447836882454,5,976
368,1,2.55138616658,0.0,10,0.019019019019,0,-0.629809518735,-0.559185277215,5,658
369,1,7.65073948453,3.0,10,0.022022022022,0,1.10968778632,-0.678323874439,5,655
370,1,4.94798164734,1.0,14,0.02002002002,0,0.200496865286,-0.653508948518,5,789
371,1,3.29337348559,0.0,17,0.018018018018,0,-0.473201759617,-0.287021235561,5,834
372,1,5.01347241178,2.0,16,0.022022022022,0,-0.0948702796982,0.298083250876,5,706
373,1,5.83770718019,1.0,7,0.02002002002,0,0.0628649241795,0.649112407655,5,639
374,1,7.24326579128,5.0,9,0.023023023023,0,0.7775300519,-0.089324364417,5,640
375,1,4.7884705828,3.0,5,0.021021021021,0,0.0307850416965,-0.303884542285,5,631
376,1,1.37499258772,1.0,2,0.019019019019,1,-1.15093020792,-0.172216788523,5,498
377,1,7.45172018759,4.0,8,0.018018018018,0,0.937301872525,-0.360185429982,5,653
378,1,5.71689093989,2.0,6,0.022022022022,0,0.1245001587,0.343390463792,5,634
379,1,8.23658132064,7.0,18,0.023023023023,0,1.05708803719,0.0653172090629,5,819
380,1,5.21221708475,2.0,11,0.019019019019,0,0.00859687756896,0.186426452039,5,730
381,1,6.70128118819,2.0,12,0.018018018018,0,0.661799354691,-0.284116875883,5,724
382,1,1.39872590533,1.0,13,0.023023023023,0,-1.18664981907,-0.0413246374671,5,652
383,1,1.84698310637,1.0,2,0.022022022022,1,-0.888438716951,-0.487700742774,5,395
384,1,-3.47119441821,,0,0.018018018018,1,-2.80004041674,-0.0710731679979,5,28
385,1,5.85210209022,4.0,17,0.018018018018,0,0.573912398976,-0.869635106709,5,885
386,1,2.74154328641,1.0,14,0.021021021021,0,-0.498038830548,-0.764340221949,5,737
387,1,7.85189159444,1.0,20,0.02002002002,0,0.441059718893,1.52871243776,5,965
388,1,2.42461540508,1.0,4,0.018018018018,0,-0.967484828896,0.327069891767,5,594
389,1,3.47349079338,3.0,16,0.02002002002,0,-0.48454845776,-0.0728638333448,5,781
390,1,7.54650049582,2.0,15,0.018018018018,0,0.876588922302,-0.0832662710831,5,850
391,1,13.3397951323,1.0,16,0.02002002002,0,2.43221679717,1.04314474079,5,809
392,1,5.15198170535,5.0,11,0.019019019019,0,0.0673786253255,-0.0501541706277,5,702
393,1,4.45298254332,2.0,11,0.02002002002,0,0.0597689299262,-0.726324246459,5,637
394,1,7.89791198133,4.0,9,0.022022022022,0,1.05455844431,-0.265763351618,5,633
395,1,3.9510145943,2.0,5,0.021021021021,0,-0.498264481657,0.445808039274,5,560
396,1,9.09306109592,3.0,11,0.019019019019,0,1.15151060915,0.638529268468,5,635
397,1,8.30683174192,7.0,11,0.019019019019,0,1.03169660142,0.211741937651,5,656
398,1,2.37536354072,,5,0.02002002002,0,-0.72851990266,-0.439076751295,5,510
399,1,0.598325220968,,1,0.02002002002,0,-0.943460694774,-1.57129269471,5,204
400,1,7.2564785196,4.0,21,0.021021021021,0,0.625376252589,0.380349761829,5,892
401,1,2.3140057035,2.0,15,0.018018018018,0,-1.03821199888,0.428641700143,5,808
402,1,4.75093825276,2.0,10,0.021021021021,0,-0.0953689631799,0.0370451422964,5,586
403,1,3.29808007611,1.0,5,0.019019019019,0,-0.369500975109,-0.593416998569,5,466
404,1,6.6806551918,2.0,16,0.021021021021,0,0.200928631013,1.07786929876,5,728
405,1,3.84738040872,3.0,4,0.019019019019,1,0.103389876731,-1.46278922147,5,454
406,1,4.78251887285,3.0,9,0.021021021021,0,-0.215799353995,0.429916934831,5,569
407,1,2.95371161262,2.0,3,0.02002002002,1,-0.692058466143,0.0298870110435,5,424
408,1,-0.212958207394,,0,0.02002002002,1,-1.45909173537,-0.835683001282,5,2
409,1,5.77612404486,3.0,7,0.021021021021,0,0.271538728976,-0.0384921420686,5,568
410,1,6.65735670938,1.0,18,0.019019019019,0,0.64319821589,-0.272237938291,5,868
411,1,7.57515030662,4.0,12,0.02002002002,0,0.788618361448,0.209295222272,5,666
412,1,4.10883479318,2.0,5,0.02002002002,0,-0.182367887799,-0.344061543423,5,499
413,1,4.82559357494,2.0,19,0.021021021021,0,0.187153051431,-0.735865579353,5,812
414,1,5.70178321438,3.0,14,0.019019019019,0,-0.0311536044895,0.795244027845,5,766
415,1,7.03890154976,4.0,15,0.021021021021,0,0.427191705515,0.757326433213,5,671
416,1,5.86888396306,3.0,8,0.019019019019,0,0.0369934899294,0.757903493277,5,539
417,1,9.29611486868,5.0,17,0.02002002002,0,1.44103594091,-0.0269929540574,5,803
418,1,7.96729757418,6.0,11,0.02002002002,0,0.837810690798,0.453865501789,5,611
419,1,6.48607121737,6.0,15,0.018018018018,0,0.247574294908,0.743348332649,5,774
420,1,4.17637014188,4.0,8,0.02002002002,0,0.0373984446581,-0.935825192097,5,503
421,1,8.20858230941,7.0,21,0.021021021021,0,1.08135211382,-0.0354740320542,5,835
422,1,8.99183528448,6.0,10,0.019019019019,0,1.5845987002,-0.761960816113,5,552
423,1,-2.06444209152,,1,0.02002002002,0,-1.98994294126,-1.09461326776,5,36
424,1,1.74056258698,,3,0.017017017017,0,-1.09806732156,0.0347645516531,5,37
425,1,1.4831714361,0.0,11,0.019019019019,0,-0.99308731632,-0.537566614939,5,403
426,1,5.25800217315,0.0,13,0.02002002002,0,0.17611425666,-0.270340596829,5,387
427,1,-2.86961321275,,0,0.021021021021,1,-2.42448378336,-0.596161862676,5,24
428,1,3.1932115047,3.0,5,0.018018018018,0,-0.845548996911,0.729858495431,5,52
429,1,5.34860245876,2.0,7,0.022022022022,0,0.365773878922,-0.748719178008,5,55
430,1,0.817580468404,0.0,3,0.019019019019,0,-1.45100073326,0.170582668174,5,40
431,1,-0.898356377315,,4,0.019019019019,0,-1.96030196213,-0.0174504909377,5,44
432,1,6.010021053,0.0,14,0.02002002002,0,0.00948910355707,0.981553742329,5,229
433,1,3.82736136306,,12,0.02002002002,0,-0.298740455427,-0.276417270661,5,126
434,1,10.3329717584,0.0,12,0.021021021021,0,1.47935173244,0.894916561044,5,124
435,1,0.351308819586,,2,0.02002002002,0,-1.51516054997,-0.103209530489,5,43
436,1,5.1923392898,4.0,17,0.023023023023,0,0.146792579593,-0.248038448981,5,172
437,1,4.69168525467,4.0,9,0.022022022022,0,-0.227157108781,0.373156581014,5,86
438,1,5.01026913262,,6,0.021021021021,0,-0.0469072090749,0.150990759845,5,75
439,1,6.99784134306,6.0,10,0.018018018018,0,0.781658756686,-0.347134926999,5,150
440,1,7.13374250137,0.0,17,0.02002002002,0,0.592444495244,0.356409015633,5,254
441,1,3.88166507746,0.0,5,0.018018018018,0,-0.336212318049,-0.109697968388,5,115
442,1,4.98732487651,4.0,7,0.018018018018,0,0.0451755653584,-0.148201819561,5,129
443,1,3.77795020378,0.0,5,0.02002002002,0,-0.436779613655,0.0882890447455,5,120
444,1,1.84018787033,,3,0.017017017017,0,-1.03367574885,-0.0587848831108,5,91
445,1,0.720776028973,0.0,1,0.021021021021,1,-1.532754801,0.31904043196,5,47
446,1,5.4481127234,5.0,11,0.021021021021,0,0.247033285062,-0.292987131789,5,186
447,1,6.78364366554,2.0,16,0.017017017017,0,0.392956238286,0.604774950681,5,609
448,1,6.24642836045,6.0,13,0.021021021021,0,0.203960891735,0.634545685239,5,356
449,1,5.21168607003,0.0,7,0.02002002002,0,-0.0982354242195,0.506392342688,5,179
450,1,4.05281211652,0.0,12,0.021021021021,0,-0.306935897484,-0.0263801910265,5,388
451,1,5.3910402656,1.0,11,0.02002002002,0,-0.031117070648,0.484391477541,5,361
452,1,7.11250566664,7.0,8,0.021021021021,1,0.660093718659,0.132224510657,5,310
453,1,3.51061756043,1.0,5,0.019019019019,0,-0.195041284566,-0.904258585874,5,192
454,1,2.53113384932,2.0,6,0.022022022022,0,-0.960465455399,0.412530215515,5,207
455,1,5.57005557876,2.0,11,0.016016016016,0,-0.0341420875234,0.672481841326,5,599
456,1,1.76781774586,,15,0.021021021021,0,-1.07760995277,0.000647604168286,5,577
457,1,4.45458299173,4.0,22,0.023023023023,0,-0.129678071465,-0.156382793871,5,709
458,1,6.29390018096,4.0,9,0.019019019019,0,0.534678546408,-0.310135458258,5,436
459,1,9.84387570185,9.0,19,0.02002002002,0,1.79520529302,-0.541740177226,5,693
460,1,5.76761096655,2.0,10,0.018018018018,0,0.219325874391,0.109633343373,5,505
461,1,-2.84728643651,,4,0.021021021021,0,-2.60420124482,-0.0346827020592,5,340
462,1,6.39240124741,5.0,10,0.019019019019,0,0.523925948404,-0.1793765978,5,531
463,1,4.34865451191,1.0,14,0.02002002002,0,0.00937708609086,-0.679476746365,5,643
464,1,4.0753125239,2.0,16,0.019019019019,0,-0.415495725157,0.321799699371,5,651
465,1,6.10379688412,3.0,10,0.018018018018,0,0.133424786761,0.703522523834,5,553
466,1,5.06218119297,4.0,9,0.017017017017,0,-0.126688691057,0.442247266144,5,482
467,1,-0.734284840987,,0,0.019019019019,1,-1.69967557413,-0.635258118588,5,32
468,1,1.35811951616,0.0,3,0.018018018018,0,-1.03219237636,-0.545303354756,5,357
469,1,4.43661341576,3.0,9,0.021021021021,0,-0.212135285356,0.0730192718287,5,477
470,1,7.43801496251,2.0,8,0.02002002002,0,0.648546182766,0.492376414212,5,469
471,1,2.7735934467,2.0,9,0.02002002002,0,-0.696438994887,-0.137089568634,5,452
472,1,5.42058851601,5.0,19,0.02002002002,0,-0.0337258502399,0.521766066733,5,823
473,1,7.12130541652,2.0,18,0.02002002002,0,0.781686388943,-0.223753750311,5,697
474,1,7.77264430802,3.0,9,0.019019019019,0,0.87406848496,0.150438853141,5,456
475,1,5.75298509167,4.0,16,0.02002002002,0,0.265062551337,-0.0422025623357,5,495
476,1,0.730648550584,0.0,1,0.021021021021,1,-1.18700536817,-0.708335344895,5,46
477,1,4.46533577306,3.0,7,0.022022022022,0,-0.221491023124,0.129808842429,5,321
478,1,5.33867241756,2.0,18,0.019019019019,0,-0.138215461727,0.753318802744,5,799
479,1,1.05521084812,1.0,6,0.02002002002,0,-1.34745025694,0.0975616189288,5,371
480,1,1.29963010407,1.0,3,0.017017017017,0,-1.14684697106,-0.259828982749,5,299
481,1,4.69886447209,1.0,6,0.018018018018,0,-0.376897428943,0.829556758924,5,323
482,1,6.05283482831,3.0,12,0.019019019019,0,0.154742332042,0.58860783218,5,493
483,1,3.37777730163,2.0,5,0.021021021021,0,-0.385372635037,-0.466104793262,5,302
484,1,0.288456786231,0.0,2,0.021021021021,0,-1.45029799137,-0.360649239656,5,250
485,1,5.42444810858,2.0,13,0.019019019019,0,0.0423296239015,0.297459236879,5,521
486,1,9.69661521685,2.0,21,0.021021021021,0,1.47814513237,0.262179819747,5,967
487,1,9.82284345126,2.0,12,0.02002002002,0,1.35472737765,0.758661318315,5,432
488,1,3.26619390865,3.0,4,0.022022022022,1,-0.656220466742,0.234855308879,5,282
489,1,10.1644576281,6.0,11,0.02002002002,0,1.92889616525,-0.622230867701,5,470
490,1,7.30030330312,3.0,9,0.021021021021,0,0.770365869901,-0.0107943065787,5,410
491,1,10.656145983,10.0,17,0.024024024024,0,1.60536482028,0.840051522156,5,541
492,1,13.9943648581,5.0,17,0.021021021021,0,2.89955405533,0.295702692081,5,632
493,1,1.80194740138,1.0,2,0.02002002002,1,-1.31304363678,0.74107831173,5,62
494,1,6.89413214051,4.0,16,0.019019019019,0,0.927619663434,-0.888726849796,5,662
495,1,10.9070865574,8.0,14,0.021021021021,0,1.87984961046,0.267537725986,5,540
496,1,3.72887057969,3.0,4,0.019019019019,1,-0.629115539054,0.616217196851,5,343
497,1,0.445173688677,,2,0.019019019019,0,-1.22940743114,-0.8666040179,5,154
498,1,0.702794759772,0.0,1,0.02002002002,1,-1.37664635921,-0.167266162587,5,34
499,1,10.31280246,3.0,18,0.018018018018,0,1.87210201954,-0.303503598663,5,950
500,1,5.89537535245,5.0,7,0.019019019019,0,-0.0298480267592,0.984919432725,5,413
501,1,6.04574743446,5.0,21,0.022022022022,0,0.379875758955,-0.0938798424032,5,913
502,1,2.62654301213,2.0,9,0.02002002002,0,-0.50019585801,-0.872869413835,5,465
503,1,3.47126414486,3.0,4,0.021021021021,1,-0.61704442027,0.322397405669,5,398
504,1,5.35992174496,2.0,7,0.02002002002,0,-0.0941593281369,0.642399729375,5,431
505,1,2.64338038022,2.0,3,0.02002002002,1,-0.448250154974,-1.01186915486,5,406
506,1,7.97711104463,2.0,10,0.019019019019,0,0.876606080897,0.347292801935,5,481
507,1,3.5477062356,3.0,13,0.02002002002,0,-0.450461991908,-0.10090778867,5,733
508,1,7.17843436033,2.0,9,0.02002002002,0,0.497045600536,0.687297558721,5,502
509,1,6.16946544432,1.0,10,0.02002002002,0,0.12419990127,0.796865740511,5,690
510,1,3.68627341646,1.0,18,0.019019019019,0,-0.211587041896,-0.678965457848,5,882
511,1,6.58332238185,,17,0.021021021021,0,0.784098023806,-0.768971689568,5,839
512,1,7.72370752131,1.0,16,0.02002002002,0,0.94007427065,-0.0965152906342,5,821
513,1,2.35353627214,1.0,4,0.023023023023,0,-1.17763813828,0.886450686997,5,409
514,1,7.15691573074,0.0,10,0.019019019019,0,0.728118537849,-0.0274398828083,5,701
515,1,11.584934613,6.0,19,0.02002002002,0,1.76955148985,1.27628014347,5,855
516,1,-2.08106978466,,0,0.019019019019,1,-2.37319214658,0.0385066550836,5,10
517,1,7.17554071563,2.0,14,0.022022022022,0,0.727631026581,-0.00735236411453,5,743
518,1,2.3326194192,1.0,4,0.019019019019,0,-0.991906393619,0.308338600058,5,600
519,1,9.86388982128,1.0,16,0.018018018018,0,1.82067657891,-0.598139915463,5,858
520,1,2.6916654555,2.0,8,0.02002002002,0,-0.695942998863,-0.220505547908,5,627
521,1,6.18908040879,3.0,12,0.021021021021,0,0.414964004229,-0.0558116038931,5,714
522,1,5.19194513023,0.0,11,0.019019019019,0,-0.068903320031,0.398655090322,5,683
523,1,3.92208198982,2.0,9,0.02002002002,0,-0.474335578943,0.345088726653,5,619
524,1,7.46211405753,5.0,10,0.021021021021,0,0.873153334751,-0.157345946723,5,605
525,1,6.70496068423,1.0,16,0.018018018018,0,0.44740257026,0.362752973452,5,777
526,1,7.09616011394,2.0,8,0.02002002002,0,0.680676876134,0.0541294855394,5,561
527,1,8.90346841929,6.0,19,0.02002002002,0,1.399627607,-0.295414401708,5,922
528,1,6.20870134087,5.0,9,0.02002002002,0,0.353151158349,0.149247865823,5,515
529,1,4.49719710151,4.0,15,0.019019019019,0,-0.230066409808,0.187396330929,5,685
530,1,3.74127552053,3.0,4,0.022022022022,1,-0.31027871587,-0.327888331864,5,368
531,1,7.66735967273,3.0,8,0.02002002002,0,0.884612726629,0.0135214928446,5,513
532,1,-0.972139910692,,0,0.02002002002,1,-2.09175674249,0.30313031677,5,30
533,1,4.37759891911,1.0,19,0.019019019019,0,-0.102386637733,-0.315241167688,5,955
534,1,6.70900433954,3.0,9,0.022022022022,0,0.499654102209,0.210042032911,5,402
535,1,3.67311243951,1.0,4,0.021021021021,0,-0.824564374755,1.14680556377,5,295
536,1,2.56802264179,1.0,3,0.02002002002,0,-0.689534737274,-0.363373146388,5,234
537,1,5.85664696044,4.0,13,0.019019019019,0,0.321219178863,-0.107010576147,5,507
538,1,5.16195950337,0.0,9,0.019019019019,0,0.108409468019,-0.163268900684,5,366
539,1,3.42812110878,2.0,4,0.016016016016,0,-0.282358265432,-0.724804094922,5,262
540,1,5.57493815085,1.0,18,0.019019019019,0,0.24904940305,-0.172210058302,5,657
541,1,6.71678062689,5.0,12,0.021021021021,0,0.547097532345,0.0754880298518,5,363
542,1,1.11609836548,1.0,5,0.021021021021,0,-1.10533924799,-0.567883890539,5,209
543,1,0.265436007364,0.0,1,0.021021021021,1,-1.60665763202,0.0854089034322,5,114
544,1,6.1937010029,2.0,19,0.02002002002,0,0.360533630527,0.112100111317,5,616
545,1,4.37461939889,3.0,17,0.021021021021,0,-0.167739157918,-0.122163127358,5,390
546,1,10.6958657724,8.0,11,0.022022022022,0,1.75377675646,0.434535503024,5,267
547,1,5.30140759973,1.0,13,0.022022022022,0,-0.121198330776,0.665002592062,5,335
548,1,5.35148515677,,9,0.018018018018,0,0.284818673538,-0.502970863846,5,235
549,1,3.36138316509,3.0,16,0.02002002002,0,-0.620708381704,0.223508310201,5,383
550,1,6.53480964628,,7,0.021021021021,0,0.576349102941,-0.19423766254,5,134
551,1,4.79492713264,4.0,6,0.02002002002,0,-0.398832730097,0.991425322932,5,100
552,1,0.837891514632,,12,0.022022022022,0,-1.52749938307,0.420389663837,5,185
553,1,5.51005229488,4.0,10,0.019019019019,0,0.168315190751,0.00510672262779,5,173
554,1,2.05273838993,2.0,3,0.021021021021,1,-0.913133002742,-0.207862601842,5,59
555,1,1.72489012685,0.0,2,0.02002002002,0,-1.29649083235,0.614362623894,5,26
556,1,5.77184348926,4.0,12,0.02002002002,0,0.380654918476,-0.370121266166,5,180
557,1,3.92455225047,0.0,4,0.018018018018,0,-0.371667808844,0.0395556769999,5,72
558,1,7.21240615489,7.0,10,0.02002002002,0,0.733488382594,0.0119410071085,5,93
559,1,5.39649736986,4.0,8,0.02002002002,0,-0.171837935956,0.912011177732,5,81
560,1,-2.22924104842,,1,0.021021021021,0,-2.32592504736,-0.251465906351,5,11
561,1,4.73622600864,,11,0.018018018018,0,0.211327300261,-0.897755892138,5,105
562,1,4.031352472,,19,0.019019019019,0,-0.362967298756,0.120254368266,5,187
563,1,6.56659005742,5.0,18,0.02002002002,0,0.237151998757,0.855134061144,5,181
564,1,1.48286111335,1.0,2,0.02002002002,1,-1.15864214552,-0.0412124500855,5,13
565,1,2.93800195103,,9,0.022022022022,0,-0.592762116557,-0.2837116993,5,79
566,1,0.327172755929,,3,0.022022022022,0,-1.59528142659,0.113017035697,5,29
567,1,4.13062681338,3.0,13,0.02002002002,0,-0.0470395087814,-0.728254660271,5,82
568,1,3.23432686249,2.0,6,0.02002002002,0,-0.713402646049,0.37453480064,5,74
569,1,-0.161061357475,,0,0.018018018018,1,-1.90552172317,0.555503812038,5,3
570,1,2.70170269491,,4,0.018018018018,0,-0.70265265551,-0.190339338564,5,48
571,1,2.83782071201,1.0,3,0.019019019019,0,-0.773570756682,0.15853298206,5,31
572,1,5.99685266305,,7,0.02002002002,0,0.291730475987,0.121661235087,5,70
573,1,9.40169173204,6.0,19,0.021021021021,0,1.48454269106,-0.0519363411315,5,175
574,1,5.59573643085,,8,0.018018018018,0,0.333736753065,-0.405473828346,5,78
575,1,5.1992158862,5.0,14,0.02002002002,0,-0.0288917635547,0.285891176864,5,147
576,1,5.87313903086,3.0,6,0.02002002002,0,0.188260741171,0.308356807343,5,68
577,1,1.92814419789,1.0,8,0.02002002002,0,-0.711634403641,-0.936952591192,5,84
578,1,6.26707542922,3.0,9,0.018018018018,0,0.331514359473,0.272532350797,5,89
579,1,4.36521193758,,15,0.021021021021,0,-0.0253671258222,-0.558686684956,5,152
580,1,1.34443704101,,2,0.019019019019,0,-0.982606460531,-0.707743577396,5,41
581,1,5.57812619285,3.0,13,0.02002002002,0,-0.0711999698255,0.791726102325,5,164
582,1,8.43843570942,6.0,9,0.02002002002,0,1.16996565631,-0.0714612595075,5,127
583,1,0.442900401306,,2,0.018018018018,0,-1.37518378123,-0.431548255008,5,45
584,1,4.99420484357,,17,0.02002002002,0,-0.0604137944656,0.175446226965,5,412
585,1,4.87684417184,4.0,15,0.02002002002,0,-0.343107620142,0.906167032269,5,219
586,1,3.02472510491,1.0,6,0.019019019019,0,-0.710853834136,0.157286607319,5,118
587,1,6.80889793501,3.0,7,0.019019019019,0,0.409384216355,0.580745285942,5,131
588,1,-0.000209801940297,,0,0.018018018018,1,-1.66803963983,0.00390911755776,5,18
589,1,7.08464437528,1.0,8,0.018018018018,0,0.768061711217,-0.219540758367,5,183
590,1,8.03001962791,8.0,15,0.016016016016,0,0.987919521727,0.0662610627282,5,676
591,1,10.3022744029,10.0,18,0.019019019019,0,1.72063818917,0.140359835397,5,571
592,1,3.3444059737,1.0,5,0.022022022022,0,-0.582100865468,0.0907085701004,5,130
593,1,4.60365901195,,7,0.021021021021,0,-0.0340054652172,-0.294324592403,5,213
594,1,8.03147773687,1.0,12,0.02002002002,0,1.05466575014,-0.132519513545,5,314
595,1,1.73770024945,1.0,4,0.02002002002,0,-0.834825246157,-0.757824012081,5,162
596,1,6.04971464432,5.0,8,0.02002002002,0,0.357549557477,-0.0229340281157,5,245
597,1,4.39468541408,1.0,18,0.02002002002,0,-0.391263242319,0.568475141036,5,438
598,1,0.218032489105,,6,0.018018018018,0,-1.68680263806,0.278440403296,5,268
599,1,5.43836145246,5.0,6,0.019019019019,1,-0.0240809774313,0.510604384756,5,270
600,1,7.02063780377,1.0,14,0.02002002002,0,0.465561360162,0.623953723288,5,430
601,1,4.48088049001,2.0,5,0.021021021021,0,0.171550217731,-1.03377016319,5,300
602,1,4.17854973675,0.0,16,0.017017017017,0,-0.274389075956,0.00171696461839,5,583
603,1,4.25672126725,1.0,10,0.02002002002,0,0.0342522627456,-0.846035520989,5,334
604,1,1.1762849279,0.0,14,0.018018018018,0,-1.14138638582,-0.399555914649,5,423
605,1,4.53108151487,2.0,6,0.021021021021,0,-0.441837208702,0.856593140981,5,315
606,1,4.690413393,0.0,8,0.02002002002,0,-0.291835641678,0.565920318031,5,341
607,1,1.13910686678,0.0,3,0.021021021021,0,-1.32933892538,0.127123642924,5,305
608,1,6.3899478675,6.0,7,0.017017017017,1,0.484654853942,-0.0640166943278,5,372
609,1,4.32582610825,1.0,7,0.021021021021,0,-0.21908426038,-0.0169211106131,5,350
610,1,2.91510643503,2.0,16,0.02002002002,0,-0.721983562193,0.0810571216059,5,564
611,1,1.85890184779,0.0,4,0.021021021021,0,-1.11403481389,0.201006289458,5,313
612,1,6.89363643913,0.0,16,0.018018018018,0,0.544786485555,0.259276982462,5,630
613,1,6.47751794981,1.0,11,0.02002002002,0,0.540744989605,-0.144717019009,5,467
614,1,8.08571145926,2.0,9,0.021021021021,0,1.01632816688,0.0367269586385,5,392
615,1,0.743203966788,0.0,11,0.018018018018,0,-1.5296995238,0.332302538177,5,550
616,1,8.43576659226,1.0,14,0.019019019019,0,1.37015818336,-0.67470795781,5,570
617,1,3.4549091144,1.0,18,0.021021021021,0,-0.434936511291,-0.240281351731,5,753
618,1,9.07964802065,9.0,11,0.021021021021,0,1.25976494893,0.300353173855,5,537
619,1,8.43617726277,5.0,10,0.02002002002,0,1.10723830238,0.114462355612,5,492
620,1,5.92534098481,3.0,19,0.02002002002,0,0.219453196391,0.266981395643,5,767
621,1,1.11707583733,1.0,3,0.02002002002,0,-1.33061497346,0.108920757707,5,240
622,1,6.55043796497,5.0,12,0.023023023023,0,0.376050422333,0.422286697968,5,542
623,1,1.17511863948,1.0,5,0.019019019019,0,-1.37735801104,0.307192672595,5,259
624,1,4.48830522788,0.0,5,0.022022022022,0,-0.334104888976,0.490619894811,5,288
625,1,8.41763608385,4.0,15,0.02002002002,0,1.50841213342,-1.10760031641,5,707
626,1,1.29217514058,,3,0.022022022022,0,-1.27863189634,0.128070829605,5,233
627,1,5.05272753307,1.0,19,0.019019019019,0,0.104985752274,-0.262229723752,5,990
628,1,1.50795360838,0.0,2,0.02002002002,0,-0.670086889652,-1.48178572267,5,200
629,1,9.01066306018,1.0,19,0.024024024024,0,1.41330116755,-0.229240442454,5,613
630,1,8.8093904462,8.0,15,0.022022022022,0,1.34442387038,-0.223881164931,5,650
631,1,0.380795604864,,1,0.019019019019,0,-1.40587038297,-0.401593246234,5,88
632,1,5.86277024444,3.0,8,0.02002002002,0,0.237228114114,0.151085902101,5,523
633,1,4.03863568813,3.0,7,0.019019019019,0,-0.188251709439,-0.396609183551,5,536
634,1,5.05215425603,1.0,8,0.021021021021,0,0.0471509107644,-0.0892984762661,5,565
635,1,2.69602974955,2.0,15,0.022022022022,0,-0.661342615873,-0.319942402829,5,790
636,1,2.35312788012,2.0,3,0.018018018018,1,-1.07233964658,0.570146819854,5,309
637,1,6.48908963427,5.0,8,0.021021021021,0,0.612519779624,-0.348469704603,5,582
638,1,15.7306373651,12.0,19,0.02002002002,0,3.63043482877,-0.160667121213,5,876
639,1,6.22030111469,6.0,7,0.02002002002,1,0.546384029835,-0.418850974818,5,612
640,1,5.26275552724,2.0,10,0.021021021021,0,-0.153890615812,0.724427374682,5,623
641,1,8.072269666,4.0,16,0.022022022022,0,0.912777572602,0.333936948192,5,817
642,1,3.16493546456,0.0,12,0.019019019019,0,-0.604515317393,-0.0215185832558,5,796
643,1,5.69530811516,3.0,9,0.019019019019,0,-0.0899670694624,0.965209323551,5,689
644,1,8.30370614583,3.0,17,0.021021021021,0,0.940083867564,0.483454543135,5,830
645,1,1.74851357111,1.0,19,0.019019019019,0,-0.988305132658,-0.286571030919,5,930
646,1,5.84521584013,4.0,14,0.021021021021,0,0.259293432244,0.0673355434031,5,801
647,1,3.0282283747,3.0,11,0.02002002002,0,-0.432488055471,-0.674307458885,5,791
648,1,1.65004461405,1.0,4,0.02002002002,0,-0.988434749741,-0.384651136729,5,587
649,1,9.46986666511,0.0,13,0.019019019019,0,1.45961751707,0.0910141138968,5,807
650,1,1.94135238303,1.0,2,0.023023023023,1,-1.03057113767,0.0330657960416,5,132
651,1,8.0463053538,2.0,18,0.02002002002,0,0.505946442941,1.52846602498,5,852
652,1,6.06395824933,4.0,18,0.019019019019,0,0.582055255352,-0.682207516726,5,896
653,1,9.6894354418,5.0,10,0.021021021021,0,1.84629397599,-0.849446486176,5,719
654,1,8.01884653347,4.0,10,0.018018018018,0,0.827531632615,0.536251635627,5,769
655,1,2.78080255521,1.0,3,0.02002002002,0,-0.756922361555,0.0515696398767,5,381
656,1,7.21043620146,6.0,10,0.02002002002,0,0.924760788379,-0.56384616368,5,731
657,1,5.35012662957,5.0,17,0.019019019019,0,0.0328596324819,0.25154773212,5,838
658,1,5.41552496074,5.0,11,0.019019019019,0,0.0562439497355,0.246793111535,5,710
659,1,3.11926193973,0.0,5,0.02002002002,0,-0.758429480297,0.394550380624,5,490
660,1,1.99745185252,0.0,3,0.019019019019,0,-0.930421943376,-0.211282317355,5,328
661,1,5.15686288759,0.0,10,0.019019019019,0,0.121642536793,-0.208064722791,5,649
662,1,7.41028452654,1.0,17,0.018018018018,0,0.77704651786,0.0791449729611,5,849
663,1,8.63739903429,6.0,15,0.022022022022,0,1.16091620281,0.154650425865,5,708
664,1,4.85879466306,1.0,8,0.02002002002,0,0.0914375782669,-0.415518071738,5,518
665,1,8.1566132307,6.0,13,0.021021021021,0,0.922526810182,0.389032800157,5,576
666,1,5.0894850335,2.0,16,0.019019019019,0,0.230351159144,-0.60156844393,5,828
667,1,1.72586106456,1.0,2,0.021021021021,1,-1.1362656398,0.134657983977,5,128
668,1,2.30902687299,,4,0.019019019019,0,-0.84614020089,-0.152552524339,5,256
669,1,8.45661283604,7.0,12,0.021021021021,0,1.09522307593,0.170943608237,5,522
670,1,6.84149388928,3.0,11,0.019019019019,0,0.337485907648,0.829036166334,5,517
671,1,7.91487593114,7.0,8,0.019019019019,1,0.838123022595,0.400506863354,5,386
672,1,3.17190590204,0.0,11,0.019019019019,0,-0.566251432434,-0.129339800657,5,437
673,1,8.05481136163,3.0,19,0.019019019019,0,1.1035217228,-0.255753806772,5,921
674,1,7.09344094247,7.0,10,0.021021021021,0,0.657336214265,0.121432299676,5,329
675,1,8.55289529548,4.0,9,0.021021021021,0,1.19723611764,-0.0388130574485,5,261
676,1,2.92550067221,2.0,3,0.02002002002,1,-0.348029642242,-1.03041040106,5,112
677,1,4.50984463262,4.0,7,0.017017017017,0,-0.0150829590915,-0.444906490103,5,197
678,1,5.04073970716,1.0,21,0.022022022022,0,0.270354758605,-0.770324568657,5,750
679,1,3.2681830693,1.0,7,0.019019019019,0,-0.75425551756,0.530949621982,5,191
680,1,-0.0794869583205,,1,0.02002002002,0,-1.48908502038,-0.61223189718,5,87
681,1,3.96930537994,,4,0.022022022022,0,-0.500090021012,0.469575442977,5,109
682,1,4.87241092453,3.0,8,0.018018018018,0,-0.082455719903,0.119778084243,5,196
683,1,5.40944345022,1.0,8,0.02002002002,0,0.0615134300824,0.224903159972,5,188
684,1,-0.658583345928,,2,0.019019019019,0,-1.81225930968,-0.221805416873,5,76
685,1,7.2051611623,1.0,9,0.017017017017,0,0.761560687807,-0.0795209011206,5,145
686,1,2.11663335011,1.0,13,0.018018018018,0,-0.907935442393,-0.159560322712,5,332
687,1,2.20663411973,,16,0.019019019019,0,-0.817676730785,-0.340335687911,5,578
688,1,-1.74915442739,,0,0.02002002002,1,-2.18232979316,-0.202165047906,5,4
689,1,7.1084102297,2.0,10,0.019019019019,0,0.722637918562,-0.0595035259841,5,171
690,1,5.38681419145,1.0,7,0.021021021021,0,0.148778006148,-0.0595198269948,5,142
691,1,4.9582786881,4.0,17,0.02002002002,0,-0.137132701078,0.369676791335,5,487
692,1,4.47780765175,,7,0.02002002002,0,-0.238096079027,0.192095888832,5,113
693,1,3.20513939562,2.0,5,0.019019019019,0,-0.472878364235,-0.376225511676,5,103
694,1,3.86508216867,1.0,19,0.02002002002,0,-0.278722209356,-0.298751203263,5,848
695,1,4.95463250606,1.0,16,0.019019019019,0,-0.15480027724,0.41903333778,5,404
696,1,3.42083723401,,7,0.019019019019,0,-0.272518383716,-0.761607614846,5,159
697,1,0.221846173889,0.0,1,0.019019019019,1,-1.35511418178,-0.71281128078,5,7
698,1,6.65428542855,4.0,10,0.02002002002,0,0.42314936229,0.384837341676,5,178
699,1,0.68365578579,,14,0.021021021021,0,-1.35327243499,-0.256526909253,5,362
700,1,2.00649414605,1.0,3,0.02002002002,0,-1.20561738584,0.623346303557,5,56
701,1,-1.61124585123,,1,0.021021021021,0,-2.15482675123,-0.14676559753,5,53
702,1,8.92710753938,,14,0.02002002002,0,1.41489320493,-0.317572075406,5,317
703,1,4.82066682468,1.0,17,0.02002002002,0,-0.1632513695,0.310420933182,5,494
704,1,8.08416122926,0.0,12,0.02002002002,0,1.33010949005,-0.906167240889,5,248
705,1,9.70421061829,7.0,11,0.021021021021,0,1.88214550732,-0.942225903656,5,255
706,1,2.18064296875,1.0,3,0.021021021021,0,-0.824653007399,-0.345398009056,5,95
707,1,6.10197172034,2.0,9,0.022022022022,0,0.077816341381,0.868522696201,5,190
708,1,1.32561045982,,7,0.021021021021,0,-1.15338641349,-0.214230299704,5,174
709,1,10.553520674,8.0,11,0.021021021021,0,2.09064378465,-0.718410679971,5,238
710,1,0.929251494208,0.0,1,0.02002002002,1,-1.12416897254,-0.698241588169,5,54
711,1,1.5058675529,1.0,19,0.019019019019,0,-1.04362322584,-0.363262769583,5,682
712,1,1.86544040522,0.0,17,0.02002002002,0,-1.04885556199,0.0120070911851,5,604
713,1,5.88425982504,5.0,15,0.02002002002,0,0.287371545382,0.0221451888976,5,359
714,1,5.22393463413,1.0,6,0.02002002002,0,0.182172398028,-0.322582559955,5,193
715,1,2.94725546403,2.0,3,0.02002002002,1,-0.819401760454,0.405460745397,5,98
716,1,8.76873457234,3.0,9,0.018018018018,0,1.35483210699,-0.295761748629,5,210
717,1,0.85847570973,,2,0.019019019019,0,-1.27529993489,-0.31562448559,5,99
718,1,3.46721917813,0.0,4,0.022022022022,0,-0.550228913589,0.117905918902,5,146
719,1,9.24018903416,9.0,16,0.021021021021,0,1.49957016104,-0.258521448975,5,547
720,1,6.80674551794,3.0,11,0.021021021021,0,0.618217868266,-0.0479080868561,5,374
721,1,5.75620332285,0.0,7,0.021021021021,0,0.337036095822,-0.254904964616,5,301
722,1,3.06953135185,3.0,4,0.018018018018,1,-0.7032939343,0.179413154751,5,199
723,1,5.86976361888,4.0,6,0.02002002002,0,0.376738135333,-0.260450787117,5,236
724,1,3.99594802969,3.0,7,0.018018018018,0,-0.554824036656,0.660420139659,5,271
725,1,7.92745519371,4.0,18,0.022022022022,0,0.881621512963,0.282590654819,5,590
726,1,4.42534457437,,16,0.019019019019,0,-0.135148616415,-0.169209576386,5,732
727,1,7.64837297421,1.0,12,0.019019019019,0,0.784617612176,0.294520137679,5,449
728,1,6.41569412752,1.0,10,0.019019019019,0,0.240967609241,0.692791299798,5,401
729,1,6.48162021698,0.0,7,0.021021021021,0,0.371397406549,0.367427997333,5,347
730,1,6.28762870291,2.0,9,0.024024024024,0,0.732993702806,-0.911352405508,5,338
731,1,4.78107919335,4.0,8,0.021021021021,0,-0.0348154091828,-0.114474579098,5,391
732,1,7.00109681605,2.0,15,0.02002002002,0,0.729643514167,-0.187833726449,5,638
733,1,-0.699532088766,,0,0.022022022022,1,-2.11840457244,0.655681628558,5,19
734,1,1.77987786088,1.0,2,0.019019019019,1,-1.01355434141,-0.179459114899,5,304
735,1,6.46498224776,4.0,12,0.021021021021,0,0.455599547783,0.0981836044074,5,757
736,1,9.04736992032,7.0,19,0.022022022022,0,1.22759272154,0.364591755715,5,864
737,1,7.13921355029,1.0,18,0.02002002002,0,0.817851319855,-0.31434040927,5,887
738,1,6.92590971682,4.0,11,0.02002002002,0,0.620305606743,0.0649928965872,5,745
739,1,8.30378553208,5.0,16,0.018018018018,0,1.05275023872,0.145534815911,5,877
740,1,5.24400611639,5.0,10,0.021021021021,0,0.33771001022,-0.769123914267,5,818
741,1,4.03895356202,2.0,5,0.019019019019,0,-0.371012301203,0.151990465631,5,615
742,1,2.77795998922,1.0,3,0.02002002002,0,-1.04699080181,0.918932394648,5,554
743,1,6.0708594945,6.0,8,0.018018018018,0,0.30891152143,0.144124930205,5,829
744,1,7.3299466815,2.0,17,0.02002002002,0,1.03307887294,-0.769289937333,5,912
745,1,4.68866430112,0.0,10,0.021021021021,0,-0.257573841536,0.46138582573,5,826
746,1,0.915222612562,0.0,3,0.022022022022,0,-1.22216500937,-0.418282359322,5,672
747,1,6.81330921417,4.0,7,0.019019019019,0,0.663212215395,-0.176327432013,5,845
748,1,4.68513018539,2.0,12,0.02002002002,0,-0.120869490356,0.0477386564596,5,899
749,1,7.47107850244,4.0,8,0.02002002002,0,0.596173629349,0.682557614398,5,847
750,1,10.1683990809,6.0,19,0.022022022022,0,1.61074126147,0.336175296509,5,973
751,1,8.28245946658,8.0,11,0.02002002002,0,1.0630361875,0.093350904067,5,911
752,1,4.00890230686,4.0,12,0.02002002002,0,-0.0180484426988,-0.936952365049,5,914
753,1,4.33495225138,3.0,20,0.02002002002,0,-0.0821067208096,-0.418727586188,5,997
754,1,7.08458902282,7.0,14,0.022022022022,0,0.641886769715,0.158928713673,5,931
755,1,6.713357621,5.0,8,0.021021021021,0,0.588483006303,-0.0520913979101,5,905
756,1,6.05869422596,4.0,15,0.019019019019,0,0.323483850332,0.08824267496,5,979
757,1,5.41836750807,4.0,6,0.02002002002,0,0.0884925927726,0.152889729751,5,910
758,1,3.12810121447,1.0,7,0.02002002002,0,-0.772800312083,0.44650215072,5,929
759,1,8.57557715287,4.0,13,0.02002002002,0,1.18416506738,0.0230819507268,5,975
760,1,8.59193540448,7.0,9,0.02002002002,0,1.16253004749,0.104345262007,5,938
761,1,2.82823859821,1.0,9,0.019019019019,0,-0.645749394697,-0.234513217697,5,966
762,1,3.42278424861,3.0,4,0.018018018018,1,-0.604320871453,0.235746862967,5,795
763,1,4.27223748287,2.0,17,0.02002002002,0,-0.0714515825728,-0.513407769414,5,984
764,1,6.92133242478,4.0,19,0.019019019019,0,0.792317165671,-0.455619072231,5,993
765,1,5.3685004655,3.0,13,0.021021021021,0,0.0263230812563,0.289531221732,5,977
766,1,7.02019205129,7.0,16,0.019019019019,0,0.975837984087,-0.907321900967,5,983
767,1,3.12068402556,3.0,15,0.019019019019,0,-0.498012241743,-0.385279249214,5,980
768,1,1.48683413548,1.0,3,0.021021021021,0,-1.0094343389,-0.484862847813,5,909
769,1,8.05793957807,3.0,16,0.019019019019,0,1.34957778925,-0.990793789682,5,985
770,1,10.641856327,5.0,11,0.017017017017,0,1.47165978068,1.22687698498,5,971
771,1,6.71630191741,1.0,10,0.019019019019,0,0.778517325932,-0.619250060385,5,978
772,1,5.08613188868,2.0,8,0.019019019019,0,-0.0414021109211,0.210338221441,5,964
773,1,6.88019529458,3.0,17,0.02002002002,0,0.578522930729,0.144626502392,5,987
774,1,4.49681514558,2.0,7,0.019019019019,0,-0.164198345322,-0.0105898184512,5,962
775,1,2.17862198506,2.0,10,0.019019019019,0,-0.872024443902,-0.205304683236,5,970
776,1,8.3945264554,6.0,18,0.018018018018,0,0.882679580342,0.746487714377,5,999
777,1,3.83199482981,2.0,11,0.021021021021,0,-0.391657074281,0.00696605265287,5,959
778,1,7.70915870875,7.0,10,0.02002002002,0,0.941202771439,-0.114449605567,5,958
779,1,5.55583954009,4.0,9,0.018018018018,0,0.456082326133,-0.812407438307,5,953
780,1,10.347773042,8.0,13,0.016016016016,0,1.660375229,0.366647354998,5,981
781,1,7.10325313269,7.0,19,0.019019019019,0,0.425390589985,0.827081362738,5,992
782,1,7.94759046454,4.0,10,0.02002002002,0,0.976949682256,0.0167414177717,5,951
783,1,6.5623042015,5.0,9,0.018018018018,0,0.507526253153,0.0397254420434,5,786
784,1,6.02326013686,2.0,9,0.019019019019,0,0.162908615031,0.534534291768,5,863
785,1,4.89074288955,1.0,5,0.021021021021,0,0.142912765525,-0.537995407024,5,725
786,1,6.73467902685,0.0,11,0.019019019019,0,0.674774876356,-0.289645602214,5,879
787,1,5.56755442355,5.0,16,0.023023023023,0,0.267837833651,-0.235959077403,5,942
788,1,5.00437157056,4.0,10,0.023023023023,0,0.0562534423036,-0.164388756351,5,723
789,1,3.52258668006,3.0,6,0.019019019019,0,-0.391967011023,-0.301512286871,5,713
790,1,5.08294293092,5.0,7,0.018018018018,0,0.0462587554037,-0.055833335287,5,673
791,1,5.77643257768,3.0,13,0.017017017017,0,0.439525850723,-0.542144974492,5,840
792,1,8.01793746707,6.0,14,0.019019019019,0,1.02610716025,-0.0603840136808,5,820
793,1,6.44861723805,6.0,7,0.023023023023,1,0.581409069588,-0.295609970715,5,705
794,1,5.38480567107,5.0,10,0.019019019019,0,0.0036983478179,0.373710627617,5,771
795,1,1.7866509862,1.0,15,0.02002002002,0,-1.16591355706,0.284391657393,5,814
796,1,1.26038272904,0.0,2,0.02002002002,0,-1.02384012418,-0.668096898411,5,330
797,1,2.61985892175,2.0,4,0.017017017017,0,-0.59872662294,-0.583961209428,5,529
798,1,2.71844040997,2.0,3,0.02002002002,1,-0.963701788413,0.609545775205,5,450
799,1,2.87610360152,2.0,8,0.02002002002,0,-0.821686221829,0.341162267011,5,648
800,1,2.75515566208,2.0,6,0.021021021021,0,-0.647578794725,-0.302107953745,5,573
801,1,10.9378501841,7.0,15,0.02002002002,0,1.77459520714,0.614064562716,5,805
802,1,7.39343208875,0.0,16,0.022022022022,0,0.830268086241,-0.09737216997,5,775
803,1,12.1629618874,9.0,19,0.021021021021,0,2.44456805266,-0.170742270564,5,837
804,1,1.40368751438,,2,0.017017017017,0,-1.41165513154,0.638652909016,5,303
805,1,0.811464083084,0.0,1,0.021021021021,1,-1.6394860885,0.729922348597,5,202
806,1,10.3850444424,0.0,14,0.021021021021,0,1.51003216207,0.854947956238,5,747
807,1,6.99334605325,5.0,17,0.02002002002,0,0.570383430963,0.28219576036,5,787
808,1,12.8108315619,10.0,14,0.019019019019,0,2.29903310329,0.913732252027,5,773
809,1,5.24021867848,0.0,7,0.022022022022,0,-0.0103381300059,0.271233068498,5,588
810,1,6.51381365378,5.0,17,0.021021021021,0,0.577075597982,-0.217413140165,5,778
811,1,1.17051853008,1.0,3,0.021021021021,0,-1.30511160843,0.0858533553798,5,471
812,1,1.16440322521,0.0,3,0.022022022022,0,-1.03919950515,-0.717998259337,5,287
813,1,5.20083234674,0.0,20,0.02002002002,0,0.108791215866,-0.125541300859,5,937
814,1,4.74443258737,4.0,6,0.02002002002,0,0.170164245989,-0.766060150597,5,566
815,1,4.72914298355,2.0,7,0.019019019019,0,-0.215406638037,0.375362897658,5,603
816,1,6.10305697856,1.0,8,0.02002002002,0,0.523029089948,-0.466030291281,5,626
817,1,7.92219652756,1.0,11,0.02002002002,0,0.739365217323,0.704100875592,5,665
818,1,1.99978456043,1.0,3,0.019019019019,0,-0.7757839447,-0.672863605466,5,511
819,1,7.89657652803,2.0,8,0.02002002002,0,0.801665994512,0.491578544496,5,608
820,1,7.52074941604,5.0,9,0.019019019019,0,0.722099702862,0.354450307458,5,667
821,1,8.11631300655,2.0,13,0.022022022022,0,0.901089131657,0.413045611574,5,686
822,1,-1.23521126705,,6,0.022022022022,0,-2.08068999879,0.00685872931229,5,535
823,1,4.62472031777,0.0,19,0.02002002002,0,-0.326455876327,0.604087946748,5,870
824,1,3.80332170954,0.0,10,0.018018018018,0,-0.489905174177,0.27303723207,5,669
825,1,6.30647586971,4.0,14,0.021021021021,0,0.41206902639,0.0702687905378,5,670
826,1,5.34758149861,5.0,14,0.021021021021,0,0.355565714404,-0.719115644603,5,694
827,1,3.04497225299,2.0,6,0.019019019019,0,-0.64831648886,-0.0100782804323,5,617
828,1,8.67976029232,0.0,19,0.021021021021,0,0.978064061862,0.745568106734,5,862
829,1,6.78895177927,3.0,15,0.019019019019,0,0.153092826249,1.32967330052,5,695
830,1,5.47407295116,0.0,19,0.022022022022,0,0.208724389546,-0.152100217473,5,792
831,1,4.73770038382,0.0,17,0.02002002002,0,-0.223380081825,0.407840629289,5,794
832,1,3.10673875735,2.0,6,0.019019019019,0,-0.617597780189,-0.0404679020864,5,526
833,1,7.19255226436,3.0,9,0.021021021021,0,0.79829934077,-0.20234575795,5,598
834,1,2.65061413738,2.0,3,0.022022022022,1,-0.598167177943,-0.554884328795,5,281
835,1,7.93591884882,2.0,15,0.022022022022,0,0.902622207109,0.228052227492,5,620
836,1,5.25101528531,1.0,9,0.017017017017,0,-0.183287298834,0.800877181811,5,446
837,1,4.46165927116,2.0,6,0.02002002002,0,0.0592705744104,-0.716152452071,5,348
838,1,7.06122324677,3.0,10,0.02002002002,0,0.603355469241,0.251156839044,5,443
839,1,5.02248575886,3.0,12,0.021021021021,0,0.0324193100602,-0.0747721713206,5,530
840,1,6.80941496554,2.0,7,0.02002002002,0,0.508301473641,0.284510544618,5,419
841,1,3.1819966655,3.0,8,0.019019019019,0,-0.697197748994,0.273589912481,5,416
842,1,6.36006973167,1.0,17,0.018018018018,0,0.464866756285,-0.0345305371822,5,815
843,1,-0.385750659044,,0,0.022022022022,1,-1.65773838354,-0.412535508431,5,35
844,1,5.15470383088,0.0,9,0.02002002002,0,0.235938968143,-0.553113073551,5,345
845,1,4.31077838892,1.0,9,0.021021021021,0,-0.258234761944,0.0854826747517,5,389
846,1,6.03455848485,3.0,15,0.019019019019,0,0.349791839341,-0.0148170331697,5,444
847,1,2.06420983244,,3,0.021021021021,0,-0.802765259754,-0.527494388299,5,177
848,1,8.87560626809,3.0,14,0.018018018018,0,1.21482545677,0.231129897777,5,460
849,1,10.534354776,1.0,21,0.022022022022,0,1.83628846239,0.0254893888382,5,853
850,1,6.62091447376,,10,0.023023023023,0,0.298776146646,0.724586033822,5,275
851,1,5.77659355176,4.0,9,0.018018018018,0,0.248070219009,0.0323828947361,5,208
852,1,1.08236086862,,7,0.02002002002,0,-1.20849990218,-0.292139424847,5,182
853,1,4.85367131334,4.0,5,0.022022022022,1,0.181753069677,-0.691587895695,5,108
854,1,8.68243984113,5.0,13,0.02002002002,0,0.975646614775,0.755499996802,5,342
855,1,6.5416880011,1.0,12,0.023023023023,0,0.523642679237,-0.0292400366083,5,223
856,1,0.930300044477,0.0,1,0.019019019019,1,-1.21447628867,-0.426271089499,5,14
857,1,7.7874480125,5.0,13,0.022022022022,0,0.866444717624,0.188113859631,5,360
858,1,-0.92432668632,,0,0.018018018018,1,-1.95971633212,-0.0451776899674,5,8
859,1,3.06072096217,,7,0.019019019019,0,-0.750819183228,0.313178511856,5,151
860,1,4.81249992841,,13,0.023023023023,0,-0.181892805828,0.358178345899,5,206
861,1,2.14040410156,2.0,3,0.019019019019,1,-0.809701249807,-0.430492149016,5,25
862,1,10.9159225846,4.0,18,0.02002002002,0,1.73154036661,0.721301484723,5,378
863,1,1.78952683106,,3,0.019019019019,0,-1.37068902283,0.901593899562,5,106
864,1,8.18538814947,7.0,10,0.019019019019,0,1.14627644644,-0.253441189841,5,203
865,1,2.0726868985,,16,0.021021021021,0,-0.862225304045,-0.340637189367,5,228
866,1,-0.672252982048,,3,0.02002002002,0,-1.754107847,-0.409929441033,5,22
867,1,-0.460874090967,,1,0.021021021021,0,-1.69988195504,-0.361228225844,5,16
868,1,6.73728855141,4.0,9,0.019019019019,0,0.591284995573,-0.0365664353123,5,156
869,1,7.4829103418,4.0,11,0.021021021021,0,0.720695805335,0.320822925797,5,184
870,1,7.35909636832,0.0,14,0.022022022022,0,0.660908872719,0.376369750161,5,224
871,1,6.70645104642,5.0,7,0.019019019019,0,0.657870843023,-0.267161482647,5,119
872,1,0.762621924267,,1,0.019019019019,0,-1.38262056695,-0.08951637487,5,33
873,1,1.58632725679,0.0,3,0.018018018018,0,-1.04378677694,-0.282312412387,5,111
874,1,7.14289886814,5.0,18,0.021021021021,0,0.900556366317,-0.558770230806,5,584
875,1,6.1441998664,4.0,11,0.021021021021,0,0.331310141551,0.150269441748,5,252
876,1,13.2454322759,10.0,18,0.019019019019,0,2.51816827898,0.690927438907,5,765
877,1,1.07473348402,0.0,2,0.019019019019,0,-1.13057272203,-0.533548349877,5,57
878,1,4.87348247012,4.0,16,0.019019019019,0,-0.0638821680151,0.0651289741632,5,380
879,1,3.58486385415,0.0,13,0.018018018018,0,-0.272572202509,-0.597419538322,5,322
880,1,6.0516771115,0.0,7,0.02002002002,0,0.620653390467,-0.810283059901,5,265
881,1,1.38500819272,0.0,6,0.02002002002,0,-1.19264713903,-0.0370503901803,5,222
882,1,4.259699394,3.0,6,0.021021021021,0,0.14367866017,-1.17133658651,5,266
883,1,3.00262784672,1.0,6,0.019019019019,0,-0.530934276799,-0.404569322886,5,289
884,1,7.86303494471,0.0,10,0.017017017017,0,0.864313702482,0.270093837262,5,336
885,1,7.30555253945,6.0,8,0.02002002002,0,0.596928405306,0.514767323533,5,290
886,1,3.91822416383,1.0,4,0.02002002002,0,-0.2819477892,-0.235932468566,5,286
887,1,2.03876274342,0.0,5,0.018018018018,0,-1.09796147581,0.332647170841,5,294
888,1,2.4669259555,0.0,10,0.019019019019,0,-1.00608953993,0.485194575295,5,396
889,1,6.87006877851,0.0,10,0.018018018018,0,0.607637167684,0.0471572754544,5,405
890,1,4.46421575391,0.0,7,0.02002002002,0,-0.284751730678,0.318470945942,5,297
891,1,6.34836798841,0.0,14,0.017017017017,0,0.488520656509,-0.11719398112,5,740
892,1,8.16526037081,0.0,15,0.021021021021,0,1.08542925981,-0.0910274086349,5,654
893,1,10.2328952294,10.0,12,0.021021021021,0,1.67091006686,0.22016502876,5,645
894,1,3.1161650111,0.0,5,0.019019019019,0,-0.865912105952,0.713901328951,5,326
895,1,4.42018523194,0.0,19,0.021021021021,0,-0.304177565576,0.332717928671,5,810
896,1,5.64986684602,5.0,10,0.022022022022,0,0.239289554736,-0.0680018181868,5,567
897,1,6.03609982464,0.0,14,0.02002002002,0,0.593113391385,-0.743240349517,5,696
898,1,3.19895926862,1.0,17,0.021021021021,0,-0.569107459678,-0.093718352345,5,798
899,1,2.08649423213,1.0,6,0.019019019019,0,-0.783534221292,-0.562903103993,5,435
900,1,7.0021316271,1.0,21,0.021021021021,0,0.914976508748,-0.742797899146,5,932
901,1,4.79909809596,4.0,15,0.02002002002,0,0.156487979833,-0.670365843542,5,717
902,1,9.45795091663,1.0,12,0.019019019019,0,1.6518016385,-0.497453998881,5,610
903,1,6.46051486532,6.0,7,0.021021021021,1,0.306072977853,0.542295931762,5,445
904,1,2.8461475662,1.0,16,0.018018018018,0,-0.951976883595,0.702078216989,5,831
905,1,5.74153611799,5.0,7,0.02002002002,0,0.201655520255,0.136569557229,5,544
906,1,9.34967546047,3.0,14,0.019019019019,0,1.31470685237,0.405554903354,5,628
907,1,6.07728119988,4.0,12,0.019019019019,0,0.433393426351,-0.222899079176,5,563
908,1,7.08709212611,6.0,9,0.021021021021,0,0.499494603726,0.588608314931,5,394
909,1,0.567770721974,0.0,1,0.021021021021,1,-1.34383256957,-0.400731569322,5,165
910,1,3.47003671679,3.0,5,0.02002002002,0,-0.28784369088,-0.666432210567,5,349
911,1,3.62960659684,1.0,10,0.02002002002,0,-0.59804022461,0.42372727067,5,447
912,1,7.37482381262,7.0,9,0.022022022022,0,0.666429986106,0.375533854304,5,376
913,1,-2.35416726459,,0,0.019019019019,1,-2.2949058838,-0.469449613205,5,12
914,1,6.49894535831,1.0,22,0.022022022022,0,0.641861433271,-0.426638941499,5,968
915,1,2.58019270233,2.0,7,0.021021021021,0,-0.618164145518,-0.565314861112,5,337
916,1,2.892023356,1.0,3,0.02002002002,0,-0.662057701035,-0.121803540891,5,249
917,1,0.171913475134,0.0,3,0.021021021021,0,-1.45676093434,-0.457803721846,5,189
918,1,5.08142680079,0.0,14,0.019019019019,0,0.0643379036318,-0.11158691011,5,663
919,1,2.46598525212,1.0,4,0.019019019019,0,-0.963485719308,0.356442410048,5,277
920,1,7.15728360838,7.0,12,0.021021021021,0,0.719220347519,-0.000377434175136,5,476
921,1,5.42238900984,3.0,21,0.022022022022,0,-0.258103474551,1.19669943349,5,797
922,1,3.13162339169,1.0,15,0.021021021021,0,-0.641612613029,0.0564612307799,5,679
923,1,2.46691138223,1.0,4,0.02002002002,0,-0.801869370811,-0.127480505341,5,263
924,1,4.65267003877,2.0,8,0.021021021021,0,0.271165751607,-1.16082721605,5,324
925,1,4.14668982793,1.0,5,0.02002002002,0,-0.390019980189,0.316749768501,5,298
926,1,4.60485245773,0.0,15,0.02002002002,0,-0.0332620401531,-0.295361421811,5,504
927,1,4.99866356014,4.0,17,0.019019019019,0,-0.0420413948514,0.124787744693,5,793
928,1,8.12332362165,3.0,17,0.018018018018,0,0.958010802145,0.249291215218,5,711
929,1,2.70550088844,0.0,10,0.021021021021,0,-0.827093329618,0.1867808773,5,354
930,1,4.89849898656,0.0,5,0.02002002002,0,0.0140825368278,-0.143748623927,5,308
931,1,5.48029225644,3.0,10,0.022022022022,0,-0.0574939062856,0.652773975297,5,331
932,1,9.05619575123,1.0,12,0.02002002002,0,1.04453659763,0.922585958342,5,369
933,1,6.49915687386,3.0,19,0.021021021021,0,0.339259690202,0.481377803253,5,699
934,1,2.31060268179,2.0,4,0.021021021021,0,-0.458183405306,-1.31484710229,5,244
935,1,2.78938481132,2.0,7,0.02002002002,0,-0.69906259991,-0.113427388949,5,320
936,1,3.95839921712,3.0,5,0.025025025025,0,-0.447564784098,0.301093569417,5,215
937,1,5.51112185121,1.0,9,0.018018018018,0,0.318156285616,-0.443347005642,5,415
938,1,2.90234259415,2.0,17,0.021021021021,0,-0.688069449738,-0.0334490566369,5,485
939,1,1.79757660797,1.0,2,0.021021021021,1,-1.05734985606,-0.0303738238495,5,201
940,1,8.23797614025,5.0,12,0.02002002002,0,0.946479300753,0.398538237988,5,384
941,1,0.960263947241,,1,0.018018018018,0,-1.37167127865,0.075277783199,5,42
942,1,2.43604913614,1.0,6,0.02002002002,0,-0.508225084114,-1.03927561152,5,306
943,1,4.02632097208,3.0,18,0.02002002002,0,-0.547011434841,0.667355276602,5,677
944,1,9.27757850812,1.0,14,0.02002002002,0,1.4272422649,-0.00414828658908,5,418
945,1,3.5172299444,0.0,16,0.019019019019,0,-0.546676212286,0.157258581256,5,596
946,1,5.53483126114,4.0,9,0.02002002002,0,0.219982215416,-0.125115385112,5,375
947,1,7.18836835353,7.0,14,0.022022022022,0,0.774962841788,-0.136520171839,5,420
948,1,0.510719103155,,1,0.02002002002,0,-1.32496337208,-0.514390780605,5,110
949,1,7.20838195806,0.0,9,0.02002002002,0,0.731499544644,0.0138833241239,5,407
950,1,2.64413290243,2.0,6,0.021021021021,0,-0.613126190285,-0.516488526718,5,319
951,1,3.92523908602,1.0,6,0.022022022022,0,-0.326598889388,-0.0949642458109,5,292
952,1,11.7223306318,2.0,13,0.019019019019,0,2.3591411744,-0.355092891435,5,455
953,1,0.898765957471,0.0,4,0.02002002002,0,-1.45694719045,0.269607528827,5,284
954,1,4.82635531665,4.0,15,0.022022022022,0,-0.127515995552,0.208903303311,5,488
955,1,7.54822643745,1.0,12,0.02002002002,0,0.823623394998,0.0773562524621,5,421
956,1,8.20318819681,1.0,9,0.022022022022,0,0.901700523294,0.498086626927,5,367
957,1,7.01751880127,6.0,19,0.021021021021,0,0.787491989315,-0.344957166676,5,659
958,1,3.68128820306,2.0,19,0.02002002002,0,-0.309141580769,-0.391287054633,5,871
959,1,1.0584710454,0.0,3,0.019019019019,0,-1.25153742635,-0.186916675558,5,123
960,1,3.05712995295,1.0,4,0.019019019019,0,-0.786330247006,0.416120693964,5,226
961,1,6.96478974001,2.0,17,0.018018018018,0,0.550742137606,0.312563327194,5,736
962,1,5.17000604247,5.0,13,0.019019019019,0,0.105870714035,-0.147606099637,5,459
963,1,0.302428984928,0.0,1,0.022022022022,1,-1.49186657804,-0.221971280942,5,66
964,1,5.20368011365,2.0,16,0.021021021021,0,0.155948490774,-0.264165358667,5,543
965,1,5.83564844454,4.0,8,0.021021021021,0,0.257736058278,0.0624402697016,5,253
966,1,5.50808198907,5.0,10,0.02002002002,0,0.116613966097,0.158240090779,5,273
967,1,2.3771722776,0.0,16,0.021021021021,0,-0.892155664208,0.0536392702291,5,555
968,1,7.2681767471,3.0,14,0.02002002002,0,0.627609906338,0.385347028082,5,399
969,1,1.51368430003,0.0,2,0.02002002002,0,-1.0891760714,-0.218787485787,5,90
970,1,5.42974171221,4.0,8,0.023023023023,0,0.350529176478,-0.621845817221,5,167
971,1,6.29912686226,0.0,9,0.021021021021,0,0.376829378038,0.168638728142,5,231
972,1,3.97838094916,,4,0.017017017017,0,-0.341378479018,0.00251638621461,5,137
973,1,-0.370159490055,,1,0.021021021021,0,-1.80497947917,0.0447789474659,5,61
974,1,2.33028383677,0.0,3,0.021021021021,0,-0.805117881788,-0.254362517863,5,125
975,1,9.97164245975,8.0,17,0.023023023023,0,1.71495119453,-0.173211123845,5,307
976,1,6.37731688362,5.0,17,0.02002002002,0,0.481695529111,-0.0677697037121,5,346
977,1,7.59712869337,1.0,10,0.019019019019,0,0.82851086819,0.1115960888,5,166
978,1,4.17970436005,3.0,18,0.019019019019,0,-0.153692602275,-0.359217833125,5,501
979,1,3.42392851344,1.0,4,0.02002002002,0,-0.402797735731,-0.367678279371,5,92
980,1,8.97077227744,5.0,9,0.02002002002,0,1.22502407307,0.295700058233,5,139
981,1,3.51834855991,1.0,4,0.02002002002,0,-0.49584641761,0.00588781274299,5,102
982,1,4.31143225002,,14,0.019019019019,0,-0.151903767401,-0.232856447781,5,221
983,1,-0.628423696915,,0,0.021021021021,1,-1.68868454854,-0.562370051295,5,9
984,1,3.74782188772,3.0,6,0.019019019019,0,-0.343621226409,-0.221314433049,5,136
985,1,5.17851407492,4.0,13,0.019019019019,0,0.00607363513429,0.160293169522,5,258
986,1,1.11574674014,,3,0.023023023023,0,-1.40866974223,0.341755966839,5,51
987,1,4.7580143977,2.0,10,0.021021021021,0,0.0648464501415,-0.436524952726,5,214
988,1,6.60685787854,,7,0.021021021021,0,0.67017404995,-0.403664271309,5,116
989,1,6.59579978129,5.0,14,0.022022022022,0,0.566749799395,-0.104449616899,5,220
990,1,5.5816608051,5.0,8,0.022022022022,0,0.214364731668,-0.0614333899038,5,141
991,1,6.81281459242,5.0,14,0.019019019019,0,0.729622508052,-0.37605293174,5,293
992,1,-0.202079256606,,1,0.022022022022,0,-1.78187136842,0.143534848663,5,20
993,1,8.86186186881,6.0,14,0.019019019019,0,1.4709128303,-0.550876622089,5,440
994,1,7.94784578756,5.0,14,0.021021021021,0,1.13692383813,-0.462925726843,5,296
995,1,9.26551858107,8.0,20,0.02002002002,0,1.48030716258,-0.175402906687,5,509
996,1,1.34917054869,0.0,6,0.022022022022,0,-0.880157465957,-1.01035705344,5,168
997,1,2.99957045759,2.0,3,0.02002002002,1,-0.403896459539,-0.788740163792,5,69
998,1,4.41308906587,,6,0.019019019019,0,-0.225315268732,0.0890348720688,5,161
999,1,4.67107685219,3.0,7,0.02002002002,0,-0.550452239854,1.32243357175,5,194
