name,activated,threshold,before_activation_alters,after_activation_alters,degree,observed,var1,epsilon,constant,activation_order
0,1,4.85583543682,4.0,5,0.016016016016,1,-0.0436414008666,-0.0132403605772,5,316
1,1,5.3094888769,2.0,7,0.016016016016,0,-0.0345452808983,0.413124719596,5,348
2,1,3.09269533296,2.0,11,0.015015015015,0,-0.738826172523,0.309173850533,5,594
3,1,6.42241763601,4.0,16,0.016016016016,0,0.487029670341,-0.0386713750124,5,757
4,1,8.72652811383,8.0,12,0.015015015015,0,0.985412437091,0.770290802552,5,619
5,1,7.05909291261,3.0,8,0.017017017017,0,0.448549722201,0.713443746011,5,405
6,1,2.00110132227,1.0,4,0.014014014014,0,-0.959167657807,-0.121395704313,5,299
7,1,1.30330308069,,2,0.016016016016,0,-1.19774763686,-0.103454008719,5,73
8,1,3.96379167038,2.0,4,0.015015015015,0,-0.463487847339,0.354255212393,5,119
9,1,2.59134690217,1.0,3,0.016016016016,0,-0.69801504102,-0.314607974768,5,94
10,1,9.31686562157,7.0,15,0.017017017017,0,1.29942612008,0.418587261323,5,730
11,1,7.18916264167,7.0,8,0.016016016016,1,0.53945390338,0.570800931531,5,448
12,1,-0.0243284648384,,0,0.014014014014,1,-1.79022949036,0.346360006242,5,8
13,1,6.63191422294,6.0,7,0.015015015015,1,0.373852393494,0.510357042459,5,341
14,1,8.25712689367,8.0,9,0.016016016016,1,1.03930503796,0.139211779784,5,458
15,1,-1.2804546621,,1,0.016016016016,0,-1.74078536758,-1.05809855936,5,48
16,1,7.16783727669,5.0,8,0.016016016016,0,0.75144720357,-0.0865043340225,5,488
17,1,2.64419361081,0.0,3,0.017017017017,0,-0.734679093631,-0.151769108297,5,164
18,1,8.82434055775,7.0,14,0.015015015015,0,1.31912680797,-0.133039866158,5,771
19,1,3.62654075628,3.0,9,0.015015015015,0,-0.25210651206,-0.617139707541,5,542
20,1,9.35419976789,5.0,13,0.017017017017,0,1.72519691774,-0.821390985329,5,566
21,1,5.1135336467,1.0,7,0.016016016016,0,0.251062252851,-0.639653111854,5,536
22,1,9.8005551653,3.0,12,0.016016016016,0,1.46040265167,0.419347210289,5,568
23,1,6.83012755639,4.0,13,0.016016016016,0,0.478097451934,0.395835200582,5,729
24,1,3.88162199416,1.0,4,0.017017017017,0,-0.372008504312,-0.0023524929013,5,501
25,1,10.4920206956,1.0,16,0.016016016016,0,2.09154700354,-0.782620315027,5,852
26,1,3.33900921764,0.0,7,0.016016016016,0,-0.508718505819,-0.134835264905,5,545
27,1,4.02774572962,1.0,7,0.017017017017,0,-0.473771191204,0.449059303232,5,508
28,1,2.6765435001,0.0,14,0.018018018018,0,-0.56484211955,-0.628930141245,5,670
29,1,3.49478350501,0.0,10,0.016016016016,0,-0.761834759061,0.780287782196,5,607
30,1,2.28358950974,2.0,4,0.017017017017,0,-0.896083331804,-0.0281604948531,5,496
31,1,4.24520723199,3.0,6,0.014014014014,0,-0.303416930776,0.15545802432,5,518
32,1,4.03216492599,1.0,5,0.016016016016,0,-0.36569670387,0.129255037601,5,469
33,1,4.48898410604,1.0,15,0.018018018018,0,-0.175186838697,0.0145446221274,5,741
34,1,5.2335984925,2.0,10,0.012012012012,0,0.0762205525815,0.00493683475915,5,668
35,1,3.76359691831,2.0,4,0.015015015015,0,-0.115185491532,-0.890846607089,5,382
36,1,7.73890468817,7.0,13,0.017017017017,0,0.869439640764,0.130585765875,5,614
37,1,3.14837373509,2.0,5,0.02002002002,0,-0.509154820347,-0.324161803865,5,345
38,1,-1.23508937933,,0,0.016016016016,1,-1.94795835463,-0.391214315427,5,14
39,1,6.96921644921,1.0,11,0.017017017017,0,0.605349497487,0.153167956748,5,447
40,1,11.5916597385,3.0,16,0.016016016016,0,2.391717435,-0.583492566537,5,897
41,1,2.09375242542,2.0,3,0.016016016016,1,-0.828296256449,-0.421358805237,5,233
42,1,8.15407469548,5.0,10,0.018018018018,0,1.33611447769,-0.854268737607,5,406
43,1,1.47106431449,1.0,3,0.016016016016,0,-1.18163554081,0.0159709369189,5,184
44,1,1.08870813607,1.0,2,0.016016016016,1,-1.23291372189,-0.212550698275,5,148
45,1,7.43442305258,3.0,11,0.016016016016,0,0.694672616649,0.350405202632,5,420
46,1,7.00022893865,7.0,9,0.018018018018,0,0.653329746794,0.0402396982619,5,377
47,1,5.47991822153,5.0,6,0.015015015015,1,0.0918863089386,0.204259294713,5,240
48,1,3.0655635878,0.0,9,0.017017017017,0,-0.920341965584,0.826589484555,5,395
49,1,4.57007837427,0.0,5,0.016016016016,0,-0.176273197364,0.0988979663604,5,374
50,1,8.28617924846,3.0,12,0.016016016016,0,0.996189740307,0.297610027543,5,425
51,1,3.68128884308,3.0,5,0.016016016016,0,-0.664073775591,0.67351016985,5,285
52,1,10.5986874931,1.0,14,0.016016016016,0,2.13338596614,-0.801470405321,5,485
53,1,0.581798754997,0.0,1,0.017017017017,1,-1.14076749972,-0.995898745856,5,97
54,1,2.8417415864,2.0,6,0.015015015015,0,-0.751792254721,0.0971183505617,5,415
55,1,10.7097082312,3.0,13,0.017017017017,0,2.06561332077,-0.487131731125,5,497
56,1,9.38438437742,3.0,10,0.017017017017,0,1.19873143206,0.788190081244,5,443
57,1,6.69530712742,5.0,8,0.017017017017,0,0.38876739033,0.529004956434,5,456
58,1,0.613177010034,0.0,1,0.014014014014,1,-1.21731845998,-0.734867610017,5,67
59,1,8.25482190316,7.0,9,0.016016016016,0,1.2836534795,-0.596138535337,5,561
60,1,2.72510161882,0.0,4,0.016016016016,0,-0.855205680419,0.290718660079,5,314
61,1,6.60522834265,3.0,10,0.018018018018,0,0.360199195851,0.524630755099,5,562
62,1,4.13718546214,2.0,11,0.015015015015,0,-0.299547255603,0.0358272289528,5,627
63,1,4.61669772642,4.0,9,0.016016016016,0,-0.176977712914,0.147630865157,5,584
64,1,-0.0913670046026,,0,0.015015015015,1,-1.65413553109,-0.128960411341,5,53
65,1,7.75094577918,7.0,17,0.017017017017,0,0.90569174009,0.0338705589057,5,921
66,1,10.136891218,4.0,13,0.018018018018,0,1.58745417615,0.374528689515,5,663
67,1,5.7441149976,5.0,7,0.014014014014,0,-0.0913849811426,1.01826994102,5,583
68,1,3.5932972434,3.0,15,0.017017017017,0,-0.0418046666762,-1.28128875657,5,761
69,1,5.31101364153,1.0,11,0.013013013013,0,0.158433558079,-0.164287032709,5,726
70,1,4.16348954335,1.0,8,0.015015015015,0,-0.410376673758,0.394619564624,5,601
71,1,5.63847406124,1.0,6,0.015015015015,0,0.161481952085,0.154028204983,5,549
72,1,8.10021434836,2.0,14,0.017017017017,0,0.758611391843,0.824380172826,5,713
73,1,0.316779795507,0.0,3,0.02002002002,0,-1.44605662878,-0.345050318167,5,474
74,1,3.17497069319,1.0,6,0.017017017017,0,-0.693434798305,0.255275088102,5,524
75,1,6.25994785242,3.0,8,0.015015015015,0,0.676680461266,-0.770093531373,5,534
76,1,9.88801618932,5.0,13,0.016016016016,0,1.76827421606,-0.416806458847,5,635
77,1,3.48241559773,2.0,6,0.015015015015,0,-0.435585591915,-0.210827626529,5,504
78,1,9.15484551173,2.0,13,0.018018018018,0,1.39603541231,-0.0332607252143,5,537
79,1,-0.413345474337,,1,0.016016016016,0,-1.78759784494,-0.0505519395207,5,34
80,1,4.11312259765,3.0,5,0.019019019019,0,-0.0500999721935,-0.736577485767,5,475
81,1,7.12387982399,3.0,10,0.016016016016,0,0.631845576149,0.228343095543,5,514
82,1,3.62546252237,2.0,7,0.016016016016,0,-0.453928576384,-0.0127517484748,5,486
83,1,-0.0264341143586,,0,0.016016016016,1,-1.80263034374,0.38145691687,5,9
84,1,6.29713847882,3.0,9,0.015015015015,0,0.381789438303,0.151770163915,5,516
85,1,3.81598400848,2.0,5,0.018018018018,0,-0.194814238809,-0.599573275094,5,473
86,1,3.57131897856,3.0,4,0.015015015015,1,-0.244370417594,-0.69556976866,5,482
87,1,6.45831223502,3.0,7,0.015015015015,0,0.32299111856,0.489338879336,5,484
88,1,6.66554014426,2.0,10,0.015015015015,0,0.69877448621,-0.430783314368,5,531
89,1,4.01862314876,0.0,10,0.013013013013,0,-0.625014180762,0.893665691045,5,582
90,1,4.37540195878,3.0,5,0.016016016016,0,-0.337930613545,0.389193799419,5,483
91,1,10.2695500691,1.0,13,0.016016016016,0,1.74875901018,0.0232730385445,5,592
92,1,9.55736012346,3.0,12,0.016016016016,0,1.20896002809,0.930480039178,5,552
93,1,2.99445072671,,4,0.017017017017,0,-0.52525370175,-0.429788168042,5,263
94,1,10.6478736337,7.0,11,0.017017017017,0,1.86262273926,0.0600054158836,5,527
95,1,5.13139505093,5.0,11,0.017017017017,0,0.324588998861,-0.842371945654,5,544
96,1,9.60810839948,7.0,14,0.016016016016,0,1.54978401118,-0.041243634057,5,701
97,1,10.1170164302,9.0,16,0.017017017017,0,1.80891307271,-0.309722787962,5,749
98,1,4.30502834357,1.0,5,0.018018018018,0,-0.224720733622,-0.0208094555665,5,268
99,1,6.85734714179,3.0,8,0.015015015015,0,0.435470515311,0.550935595859,5,358
100,1,1.42992722878,1.0,2,0.016016016016,1,-1.07781280268,-0.336634363192,5,118
101,1,2.12333121626,1.0,3,0.015015015015,0,-0.927013328192,-0.0956287991617,5,175
102,1,5.85200010173,4.0,6,0.013013013013,0,0.361996552254,-0.233989555026,5,197
103,1,7.99336621856,6.0,9,0.015015015015,0,0.84779252961,0.449988629725,5,216
104,1,1.67110150717,1.0,2,0.016016016016,1,-1.1241489954,0.043548493371,5,75
105,1,5.31539847041,1.0,6,0.017017017017,0,0.199827989778,-0.284085498921,5,149
106,1,9.0580359435,0.0,14,0.015015015015,0,1.10601260882,0.739998117045,5,293
107,1,7.08029754792,7.0,10,0.017017017017,0,0.851116858451,-0.473053027431,5,194
108,1,4.24537624199,4.0,5,0.017017017017,1,-0.158148318098,-0.280178803712,5,127
109,1,5.01900729303,2.0,14,0.017017017017,0,-0.110708878814,0.35113392947,5,250
110,1,1.86072822518,0.0,4,0.016016016016,0,-1.09524031789,0.146449178846,5,79
111,1,0.981433952405,0.0,2,0.015015015015,0,-1.51286581882,0.520031408855,5,68
112,1,7.51598125931,7.0,8,0.016016016016,1,0.523861854382,0.944395696169,5,171
113,1,9.15682828926,9.0,10,0.016016016016,1,1.2866223346,0.296961285462,5,172
114,1,2.91108007495,2.0,4,0.017017017017,0,-0.479554962043,-0.650255038921,5,84
115,1,-3.31208802811,,0,0.018018018018,1,-2.62139444186,-0.447904702524,5,43
116,1,5.20965539504,4.0,6,0.017017017017,0,-0.00710829601265,0.23098028308,5,93
117,1,7.40997512775,0.0,10,0.017017017017,0,0.966922258757,-0.490791648524,5,126
118,1,1.23023390235,0.0,2,0.018018018018,0,-1.62255146497,1.09788829726,5,64
119,1,4.97832720744,4.0,16,0.017017017017,0,0.224079087492,-0.693910055033,5,427
120,1,4.92206147811,4.0,6,0.014014014014,0,-0.0805661566134,0.163759947946,5,122
121,1,7.51070225086,0.0,8,0.014014014014,0,1.01801559974,-0.543344548356,5,140
122,1,1.89274965552,0.0,13,0.017017017017,0,-1.03539666072,-0.00106036232851,5,396
123,1,6.87340239634,6.0,11,0.014014014014,0,0.571998658993,0.157406419359,5,370
124,1,0.552763096034,,2,0.017017017017,0,-1.52854549471,0.138399580155,5,87
125,1,-0.621990249608,,3,0.016016016016,0,-1.79918707086,-0.224429037018,5,92
126,1,-0.678515863506,,0,0.015015015015,1,-2.06623262455,0.52018201015,5,60
127,1,6.84178543496,0.0,12,0.016016016016,0,0.663319931973,-0.148174360957,5,278
128,1,11.8993525877,11.0,15,0.016016016016,0,2.26971180046,0.0902171862861,5,505
129,1,7.42082133197,2.0,11,0.017017017017,0,0.392649779953,1.24287199211,5,208
130,1,7.36720794007,,8,0.017017017017,0,0.825686828468,-0.109852545337,5,182
131,1,1.98314552928,0.0,3,0.017017017017,0,-0.751461592375,-0.762469693593,5,100
132,1,1.73666190395,1.0,4,0.018018018018,0,-1.13085257605,0.129219632102,5,120
133,1,8.33731783022,8.0,11,0.014014014014,0,1.13250176773,-0.060187472979,5,201
134,1,8.16123586295,3.0,13,0.017017017017,0,1.11175167462,-0.174019160926,5,256
135,1,7.86308805442,3.0,8,0.016016016016,0,1.0018952901,-0.142597815874,5,168
136,1,2.70054143836,0.0,5,0.017017017017,0,-0.506364646607,-0.780364621822,5,124
137,1,1.76447004848,1.0,3,0.017017017017,0,-1.03690672555,-0.124809774877,5,101
138,1,6.46255812539,1.0,9,0.019019019019,0,0.335948475944,0.454712697558,5,161
139,1,-0.214341090528,,7,0.017017017017,0,-1.81624580057,0.234396311182,5,145
140,1,2.62905456346,,13,0.015015015015,0,-0.846400057314,0.1682547354,5,328
141,1,4.90104831578,0.0,5,0.017017017017,0,-0.0388487727637,0.0175946340736,5,131
142,1,5.13678701896,4.0,11,0.015015015015,0,-0.132353483127,0.533847468337,5,223
143,1,-0.781616886671,,0,0.015015015015,1,-1.97394585994,0.140220693141,5,39
144,1,1.53252910213,1.0,2,0.018018018018,1,-1.19332419715,0.112501693588,5,91
145,1,3.64211539949,1.0,16,0.016016016016,0,-0.596459620144,0.431494259922,5,455
146,1,3.25299007037,3.0,9,0.018018018018,0,-0.566848746628,-0.0464636897422,5,173
147,1,9.06382580799,7.0,14,0.016016016016,0,1.20758370408,0.44107469576,5,340
148,1,2.93302830971,0.0,5,0.018018018018,0,-0.855926787835,0.500808673219,5,128
149,1,4.34792513246,2.0,5,0.018018018018,0,-0.432285394096,0.644781314746,5,116
150,1,6.22240078177,1.0,12,0.015015015015,0,0.240502855109,0.500892216442,5,408
151,1,0.621112775287,0.0,1,0.016016016016,1,-1.40435011883,-0.165836868224,5,70
152,1,3.1538801012,2.0,5,0.016016016016,0,-0.92053321057,0.91547973291,5,160
153,1,0.0850405677766,0.0,1,0.014014014014,1,-1.51060277846,-0.383151096834,5,85
154,1,0.977782925812,0.0,7,0.017017017017,0,-1.46483934188,0.372300951464,5,226
155,1,4.31836058073,4.0,9,0.015015015015,0,-0.299613582585,0.217201328485,5,270
156,1,3.20674313031,2.0,6,0.016016016016,0,-0.639285981038,0.124601073425,5,174
157,1,2.53197352931,2.0,4,0.018018018018,0,-0.267485735793,-1.66556926331,5,117
158,1,6.49797882946,4.0,15,0.015015015015,0,0.358995132381,0.420993432316,5,421
159,1,4.86419663934,4.0,8,0.013013013013,0,-0.0918897363546,0.139865848405,5,272
160,1,7.56851978066,2.0,8,0.014014014014,0,0.726430520785,0.3892282183,5,308
161,1,5.79405483948,2.0,8,0.015015015015,0,0.476293227008,-0.634824841542,5,294
162,1,5.57590545391,0.0,9,0.014014014014,0,0.112502576621,0.238397724044,5,366
163,1,-0.470591548283,,2,0.017017017017,0,-1.91858729047,0.285170323121,5,246
164,1,3.58725495245,1.0,5,0.016016016016,0,-0.0912149918131,-1.13910007211,5,269
165,1,4.60597828543,3.0,13,0.016016016016,0,-0.272438469925,0.423293695202,5,412
166,1,0.802082645869,0.0,2,0.016016016016,0,-1.37913988232,-0.060497707183,5,258
167,1,5.76787663515,0.0,11,0.016016016016,0,0.0560544669868,0.599713234191,5,353
168,1,6.92588939066,0.0,14,0.015015015015,0,1.03396370754,-1.17600173195,5,441
169,1,3.35316413961,0.0,16,0.017017017017,0,-0.498729416874,-0.150647609764,5,506
170,1,6.79614158698,4.0,9,0.016016016016,0,0.308950708361,0.869289461894,5,286
171,1,2.32866074154,1.0,6,0.017017017017,0,-0.849732697623,-0.122141165589,5,262
172,1,4.51944277432,0.0,11,0.016016016016,0,-0.623780425852,1.39078405188,5,332
173,1,2.67726032686,0.0,5,0.016016016016,0,-0.786999748803,0.0382595732698,5,255
174,1,2.96399029405,0.0,11,0.016016016016,0,-0.669912714082,-0.0262715636993,5,284
175,1,0.893192455697,,4,0.016016016016,0,-1.20335550228,-0.496741037461,5,237
176,1,6.19277891127,5.0,13,0.015015015015,0,0.440990903301,-0.130193798637,5,411
177,1,4.78231608505,3.0,5,0.017017017017,0,-0.124133540212,0.154716705689,5,210
178,1,9.33584898135,5.0,11,0.015015015015,0,1.5249500434,-0.239001148861,5,265
179,1,0.0539348861183,0.0,2,0.017017017017,0,-1.10031672232,-1.64511494692,5,57
180,1,6.92606430212,6.0,7,0.017017017017,1,0.867879782782,-0.677575046232,5,183
181,1,9.30121050054,9.0,10,0.017017017017,1,1.5319066417,-0.294509424548,5,241
182,1,4.88672005004,,5,0.016016016016,0,0.0855908058097,-0.370052367388,5,72
183,1,13.1533040929,10.0,14,0.017017017017,0,2.67279383682,0.134922582489,5,251
184,1,1.35318740889,1.0,8,0.017017017017,0,-1.06164011403,-0.461892249026,5,141
185,1,2.53468437091,0.0,3,0.016016016016,0,-0.716432427559,-0.316018346408,5,49
186,1,3.96413069413,,5,0.015015015015,0,-0.416844355213,0.214663759772,5,58
187,1,-0.016914385084,,0,0.019019019019,1,-1.5242803352,-0.444073379498,5,4
188,1,4.16373654518,2.0,5,0.015015015015,0,-0.330202830309,0.154345036109,5,59
189,1,1.57702856339,1.0,2,0.015015015015,1,-1.33932159177,0.594993338697,5,23
190,1,7.42126211666,6.0,9,0.016016016016,0,0.526934493239,0.840458636938,5,81
191,1,11.1360303275,5.0,13,0.017017017017,0,1.97092077054,0.223268015895,5,115
192,1,4.61749854097,,9,0.016016016016,0,-0.199752402388,0.216755748128,5,88
193,1,-0.201981439682,,1,0.015015015015,0,-1.74238962039,0.025187421482,5,16
194,1,7.52457605489,5.0,9,0.016016016016,0,0.735101983499,0.319270104392,5,108
195,1,1.15620148096,,3,0.017017017017,0,-1.32238834489,0.123366515629,5,38
196,1,8.68733339096,,12,0.015015015015,0,1.16952551882,0.178756834494,5,289
197,1,-1.07307565231,,3,0.016016016016,0,-1.80975850353,-0.643800141708,5,40
198,1,5.01117022569,1.0,8,0.015015015015,0,0.0854972191465,-0.245321431746,5,207
199,1,8.04043352394,8.0,9,0.016016016016,1,0.938043465847,0.226303126402,5,221
200,1,3.73365263397,0.0,8,0.016016016016,0,-0.286825361128,-0.405871282648,5,147
201,1,4.88536174914,4.0,5,0.016016016016,1,-0.199809166252,0.484789247897,5,130
202,1,4.85747043932,2.0,5,0.016016016016,0,0.0798931910877,-0.382209133941,5,132
203,1,3.78662055711,0.0,12,0.018018018018,0,-0.496214959141,0.275265434534,5,391
204,1,7.57754668455,5.0,8,0.016016016016,0,1.02881486738,-0.508897917581,5,231
205,1,3.53101708413,2.0,15,0.016016016016,0,-0.720420494385,0.69227856728,5,644
206,1,6.18009809866,5.0,7,0.017017017017,0,0.540631713537,-0.441797041948,5,298
207,1,6.97036916145,3.0,13,0.015015015015,0,0.595162749384,0.1848809133,5,460
208,1,5.47410141614,1.0,9,0.015015015015,0,-0.00273134354797,0.482295446787,5,414
209,1,-2.45795586217,,0,0.016016016016,1,-2.40966444301,-0.228962533129,5,42
210,1,3.88646967318,3.0,12,0.017017017017,0,-0.150339556301,-0.662511657915,5,428
211,1,4.49711383879,4.0,10,0.016016016016,0,-0.0549035032571,-0.338175651436,5,432
212,1,2.91990769554,2.0,7,0.017017017017,0,-0.919211062282,0.677540882382,5,325
213,1,3.19658478638,3.0,4,0.018018018018,1,-0.585401672741,-0.0472101954025,5,228
214,1,5.01754013363,2.0,15,0.015015015015,0,-0.0239609376332,0.089422946528,5,634
215,1,4.79997747142,3.0,6,0.015015015015,0,0.135700740728,-0.607124750761,5,368
216,1,5.47958985302,5.0,6,0.014014014014,1,0.134007927473,0.0775660706008,5,416
217,1,3.74908415097,3.0,4,0.014014014014,1,-0.471273040586,0.162903272726,5,323
218,1,-0.189879969573,,0,0.016016016016,1,-1.5741398178,-0.467460516167,5,156
219,1,5.91754901661,3.0,9,0.016016016016,0,0.250028227625,0.167464333736,5,440
220,1,3.84204059409,2.0,5,0.015015015015,0,-0.30540502381,-0.241744334485,5,347
221,1,2.77937945433,1.0,3,0.017017017017,0,-0.963473438602,0.66979977013,5,317
222,1,9.27058533507,1.0,10,0.017017017017,0,1.24978178095,0.521239992211,5,513
223,1,9.86350643783,8.0,11,0.017017017017,0,1.99565129692,-1.12344745292,5,539
224,1,4.50968633566,3.0,7,0.016016016016,0,-0.51752190229,1.06225204253,5,468
225,1,9.52510878969,9.0,13,0.015015015015,0,1.44479944996,0.190710439805,5,683
226,1,3.22941902331,3.0,4,0.015015015015,1,-0.386199854228,-0.611981414001,5,356
227,1,8.52036345001,2.0,9,0.015015015015,0,1.18242363874,-0.0269074662024,5,646
228,1,7.00466233694,0.0,13,0.016016016016,0,0.712847350531,-0.133879714653,5,687
229,1,4.15619440971,3.0,6,0.015015015015,0,-0.249722806598,-0.0946371704988,5,664
230,1,5.09320443866,1.0,7,0.016016016016,0,0.0659499942363,-0.104645544052,5,629
231,1,5.79451950293,3.0,9,0.017017017017,0,0.232828105387,0.0960351867633,5,673
232,1,1.34422603612,1.0,2,0.015015015015,1,-1.10738867965,-0.333607924918,5,481
233,1,4.70586987462,4.0,6,0.017017017017,0,0.057284841162,-0.465984648866,5,658
234,1,5.09708601467,2.0,9,0.015015015015,0,0.191076519094,-0.476143542611,5,769
235,1,1.38377863077,1.0,8,0.015015015015,0,-0.961901069284,-0.730518161379,5,728
236,1,3.17743134451,1.0,6,0.017017017017,0,-0.869220879195,0.785093982091,5,712
237,1,5.56255523833,5.0,13,0.015015015015,0,0.160286956203,0.0816943697205,5,981
238,1,3.32824554436,3.0,9,0.017017017017,0,-0.506500644066,-0.152252523437,5,873
239,1,1.59098230371,1.0,15,0.015015015015,0,-0.697738045872,-1.31580355867,5,991
240,1,11.9883064854,10.0,16,0.018018018018,0,2.24725177469,0.246551161337,5,986
241,1,9.06777640805,8.0,12,0.016016016016,0,1.30052989424,0.166186725319,5,949
242,1,6.43997317527,5.0,10,0.015015015015,0,0.654710046669,-0.524156964738,5,974
243,1,5.30285486296,5.0,13,0.015015015015,0,0.218516972422,-0.352696054303,5,987
244,1,2.19453323865,1.0,4,0.016016016016,0,-1.05648627106,0.363992051817,5,940
245,1,5.53519557485,1.0,6,0.017017017017,0,-0.112745122847,0.873430943396,5,942
246,1,7.54081105637,2.0,11,0.017017017017,0,0.864429589597,-0.0524777124251,5,962
247,1,7.58121014596,4.0,12,0.017017017017,0,0.689634708754,0.512306019697,5,976
248,1,8.15728121817,6.0,10,0.019019019019,0,1.04491462568,0.0225373411379,5,947
249,1,12.5505785399,11.0,16,0.016016016016,0,2.39240798343,0.373354589579,5,995
250,1,5.06830884531,5.0,6,0.016016016016,1,-0.0210842949141,0.13156173005,5,933
251,1,3.94207985625,2.0,7,0.014014014014,0,-0.292445269745,-0.180584334519,5,928
252,1,5.72227865602,4.0,13,0.017017017017,0,0.468655089143,-0.683686611411,5,948
253,1,3.44997059991,3.0,4,0.016016016016,1,-0.386652744002,-0.39007116808,5,844
254,1,5.66471864183,3.0,8,0.016016016016,0,0.102504439169,0.357205324325,5,888
255,1,7.63973389224,0.0,14,0.015015015015,0,0.83870299586,0.123624904663,5,988
256,1,2.96518110456,1.0,9,0.017017017017,0,-0.80229096093,0.372053987348,5,868
257,1,8.41264858395,8.0,9,0.015015015015,1,1.6592078648,-1.56497501045,5,874
258,1,4.21542211652,2.0,5,0.016016016016,0,-0.394859216817,0.399999766969,5,770
259,1,3.74068530086,2.0,11,0.016016016016,0,-0.481216920135,0.184336061263,5,872
260,1,5.09434433207,4.0,9,0.017017017017,0,-0.049535561304,0.242951015984,5,826
261,1,4.81235081992,3.0,5,0.017017017017,0,-0.106697693483,0.13244390037,5,758
262,1,6.38354863199,2.0,11,0.016016016016,0,0.510570255092,-0.148162133292,5,853
263,1,3.87172350252,1.0,8,0.014014014014,0,-0.00149691553296,-1.12378575088,5,783
264,1,2.64051576742,2.0,3,0.017017017017,1,-0.804615030118,0.0543608577706,5,630
265,1,3.90926309044,1.0,7,0.014014014014,0,-0.460268004809,0.290067104865,5,765
266,1,0.732718392997,0.0,3,0.015015015015,0,-1.72759733146,0.915510387377,5,653
267,1,8.53480291533,4.0,13,0.015015015015,0,1.02822455403,0.450129253246,5,798
268,1,8.80951607571,6.0,9,0.017017017017,0,1.28339848652,-0.0406793838436,5,754
269,1,4.36461887311,1.0,5,0.015015015015,0,0.0102573743814,-0.666153250031,5,710
270,1,4.59287879894,2.0,9,0.018018018018,0,0.0684172123568,-0.612372838132,5,752
271,1,10.8028835939,9.0,12,0.015015015015,0,1.75643486567,0.533578996935,5,774
272,1,6.02560060402,0.0,9,0.013013013013,0,0.367166707403,-0.0758995181909,5,766
273,1,2.5133455777,2.0,6,0.017017017017,0,-0.798109938923,-0.0923246055326,5,679
274,1,10.9915142929,5.0,14,0.017017017017,0,1.80581308847,0.574075027513,5,791
275,1,2.40347919508,0.0,5,0.018018018018,0,-0.711187149238,-0.462959357208,5,617
276,1,5.61698973909,5.0,6,0.016016016016,1,0.188698523371,0.050894168979,5,640
277,1,3.3649906998,3.0,10,0.016016016016,0,-0.509047932176,-0.107865503675,5,764
278,1,4.66995085752,3.0,5,0.016016016016,0,-0.0293388774867,-0.242032510018,5,573
279,1,9.60370432405,7.0,10,0.015015015015,0,1.44030980693,0.282774903278,5,763
280,1,7.41007985284,6.0,18,0.018018018018,0,0.668968605235,0.40317403714,5,938
281,1,2.4705381209,0.0,5,0.016016016016,0,-0.674920598631,-0.504700083211,5,397
282,1,10.548038569,10.0,12,0.014014014014,0,1.93679989283,-0.262361109451,5,785
283,1,6.75836504324,3.0,10,0.017017017017,0,0.517463107653,0.20597572028,5,560
284,1,6.28811040483,3.0,9,0.016016016016,0,0.570080903441,-0.422132305488,5,290
285,1,3.64761397962,0.0,5,0.016016016016,0,-0.674804210914,0.672026612368,5,167
286,1,5.22561731226,5.0,9,0.015015015015,0,-0.0257035748624,0.302728036849,5,276
287,1,5.33152907583,5.0,9,0.017017017017,0,-0.174681646151,0.855574014283,5,205
288,1,1.11213444498,0.0,4,0.017017017017,0,-0.547079982576,-2.24662560729,5,114
289,1,7.13683556267,6.0,9,0.019019019019,0,0.594346036526,0.353797453092,5,200
290,1,-0.954917731401,,2,0.016016016016,0,-2.1536673243,0.506084241494,5,52
291,1,0.464756561958,,1,0.015015015015,0,-1.44366460279,-0.204249629667,5,41
292,1,1.96304407412,,2,0.017017017017,0,-1.0293790802,0.0511813147121,5,55
293,1,5.41605836023,1.0,7,0.017017017017,0,0.108084834399,0.0918038570327,5,135
294,1,6.2875765551,5.0,10,0.015015015015,0,0.429910712936,-0.00215558370943,5,180
295,1,8.80565090553,2.0,13,0.014014014014,0,1.25327481809,0.0458264512593,5,238
296,1,2.67897105827,1.0,6,0.015015015015,0,-0.818696818362,0.135061513354,5,109
297,1,-2.25582159014,,0,0.015015015015,1,-2.63080065764,0.636580382795,5,13
298,1,1.11971863681,1.0,5,0.016016016016,0,-0.773380824761,-1.5601388889,5,86
299,1,4.28680344931,3.0,5,0.017017017017,0,-0.48674453578,0.74703705665,5,106
300,1,4.96071539636,3.0,10,0.017017017017,0,-0.368809690753,1.06714446862,5,137
301,1,8.84340648103,1.0,11,0.017017017017,0,1.39857509145,-0.352318793319,5,189
302,1,0.0693243418425,,1,0.017017017017,0,-1.88986339748,0.738914534294,5,61
303,1,6.70284361792,6.0,7,0.019019019019,1,0.654683441984,-0.261206708033,5,144
304,1,5.83420561075,1.0,9,0.017017017017,0,0.134354244924,0.431142875977,5,225
305,1,8.22772205083,6.0,9,0.013013013013,0,1.21841907933,-0.427535187148,5,333
306,1,9.49822996573,7.0,14,0.015015015015,0,1.25306329285,0.739040087164,5,711
307,1,1.91343993467,0.0,2,0.016016016016,0,-0.819197532675,-0.628967467307,5,89
308,1,4.40919423348,4.0,6,0.015015015015,0,0.180077957348,-1.13103963856,5,229
309,1,0.773239834607,,1,0.016016016016,0,-1.06683892409,-1.02624339311,5,69
310,1,9.31616230097,9.0,10,0.016016016016,1,1.27419124835,0.493588555917,5,380
311,1,5.0134194933,0.0,14,0.017017017017,0,0.343046946374,-1.01572134582,5,643
312,1,4.07159015015,1.0,5,0.016016016016,0,-0.316304619699,0.0205040092496,5,260
313,1,8.14265517112,7.0,14,0.018018018018,0,1.01208514559,0.106399734358,5,662
314,1,3.52483033456,0.0,5,0.017017017017,0,-0.566682100067,0.224876634764,5,277
315,1,5.3812528018,5.0,6,0.014014014014,1,0.220878722337,-0.281383365214,5,402
316,1,3.59475666502,3.0,9,0.016016016016,0,-0.305118333699,-0.489888333885,5,547
317,1,0.470864485461,0.0,1,0.016016016016,1,-1.1734476239,-1.00879264283,5,77
318,1,4.44239003373,4.0,9,0.018018018018,0,-0.236766713431,0.152690174019,5,639
319,1,8.4808978552,8.0,11,0.017017017017,0,1.08650314028,0.22138843436,5,675
320,1,4.92474674014,4.0,5,0.018018018018,1,0.0613365435597,-0.259262890541,5,476
321,1,9.3770401622,5.0,15,0.016016016016,0,1.42429599987,0.104152162592,5,737
322,1,7.76335631766,5.0,17,0.02002002002,0,0.967994690223,-0.140627753005,5,735
323,1,1.85469284422,1.0,3,0.017017017017,0,-0.686234453111,-1.08660379645,5,470
324,1,4.68845046197,4.0,9,0.017017017017,0,0.0201665412538,-0.37204916179,5,681
325,1,10.3564103489,7.0,12,0.016016016016,0,1.604137858,0.543996774887,5,733
326,1,4.15197564424,0.0,13,0.015015015015,0,-0.146282052104,-0.40917819945,5,817
327,1,7.68041223957,5.0,8,0.017017017017,0,1.08521715216,-0.575239216924,5,689
328,1,4.26357546601,4.0,5,0.016016016016,1,-0.17517702775,-0.210893450741,5,586
329,1,4.95185696947,3.0,6,0.016016016016,0,-0.281950317538,0.797707922083,5,684
330,1,5.92479668305,5.0,10,0.017017017017,0,0.602762045555,-0.883489453614,5,732
331,1,3.33833889271,3.0,4,0.015015015015,1,-0.70120839014,0.441964063128,5,589
332,1,4.94258784709,1.0,14,0.015015015015,0,0.0464701401413,-0.196822573335,5,818
333,1,6.67956747431,3.0,18,0.018018018018,0,0.812191787266,-0.757007887494,5,878
334,1,5.4191564047,2.0,7,0.014014014014,0,0.0387643742394,0.302863281977,5,706
335,1,4.73053723936,2.0,13,0.016016016016,0,0.114179331315,-0.61200075458,5,792
336,1,4.01255775453,4.0,5,0.016016016016,1,-0.3546539723,0.0765196714245,5,575
337,1,8.58892238021,4.0,12,0.016016016016,0,1.07718271992,0.357374220449,5,779
338,1,10.4528820492,6.0,11,0.018018018018,0,1.76507366549,0.157661052773,5,677
339,1,2.97507671071,1.0,5,0.016016016016,0,-0.784535685481,0.328683767154,5,563
340,1,3.44524857892,1.0,5,0.016016016016,0,-0.379429871603,-0.416461806277,5,224
341,1,2.29797259407,2.0,4,0.015015015015,0,-1.098081731,0.592217787068,5,178
342,1,11.2515419772,7.0,15,0.015015015015,0,1.7429603417,1.02266095206,5,802
343,1,10.5385256263,10.0,11,0.017017017017,1,2.09000610216,-0.731492680211,5,579
344,1,3.91627932302,0.0,9,0.015015015015,0,-0.400495303586,0.117765233778,5,312
345,1,3.44330102208,2.0,4,0.015015015015,0,-0.316064052912,-0.608506819184,5,143
346,1,5.8160387067,3.0,11,0.016016016016,0,0.0878095220301,0.552610140605,5,253
347,1,-0.845301841766,,0,0.016016016016,1,-1.89523793036,-0.159588050694,5,22
348,1,0.363215925373,,1,0.016016016016,0,-1.36240984853,-0.549554529033,5,35
349,1,3.84282725518,3.0,4,0.016016016016,1,-0.305827877403,-0.239689112615,5,133
350,1,1.57299146729,1.0,2,0.016016016016,1,-1.45921842093,0.950646730069,5,47
351,1,4.1549057177,4.0,11,0.016016016016,0,-0.150053163543,-0.39493479167,5,259
352,1,4.82901936691,4.0,8,0.017017017017,0,0.0892957186494,-0.438867789039,5,158
353,1,5.87199066877,5.0,6,0.017017017017,1,0.307891195163,-0.051682916719,5,142
354,1,5.92677363523,4.0,6,0.016016016016,0,0.292167805722,0.0502702180621,5,138
355,1,2.95155923747,1.0,4,0.016016016016,0,-0.694611843924,0.0353947692461,5,111
356,1,10.4780693246,10.0,13,0.017017017017,0,1.60838960293,0.652900515801,5,437
357,1,8.95061595982,2.0,9,0.016016016016,0,0.980091810251,1.01034052907,5,291
358,1,0.615385580693,0.0,1,0.014014014014,1,-1.38696135432,-0.223730356356,5,54
359,1,9.77419870248,6.0,10,0.017017017017,0,1.24243820494,1.04688408768,5,365
360,1,7.89294977973,6.0,8,0.015015015015,0,0.856359326683,0.323871799684,5,364
361,1,2.93100410907,1.0,3,0.016016016016,0,-0.694790142215,0.0153745357195,5,162
362,1,3.71099814972,3.0,6,0.015015015015,0,-0.789577302346,1.07973005676,5,346
363,1,3.76796283338,3.0,4,0.014014014014,1,-0.346960776282,-0.191154837776,5,321
364,1,7.10913027378,6.0,12,0.017017017017,0,0.658204619235,0.134516416071,5,553
365,1,5.71696060528,2.0,7,0.017017017017,0,0.127356785604,0.334890248472,5,452
366,1,5.44798229821,3.0,10,0.016016016016,0,0.00989956140852,0.418283613989,5,540
367,1,11.1613913374,10.0,12,0.016016016016,0,1.9629875549,0.272428672697,5,743
368,1,6.16361426133,1.0,10,0.016016016016,0,0.127063970382,0.782422350179,5,655
369,1,4.20703577943,3.0,5,0.017017017017,0,-0.108952110126,-0.466107890194,5,538
370,1,5.97610597591,4.0,9,0.017017017017,0,0.402791482743,-0.232268472324,5,621
371,1,1.74495770954,1.0,2,0.016016016016,1,-0.929901898387,-0.465336595298,5,480
372,1,3.6659183147,2.0,14,0.014014014014,0,-0.514649073713,0.20986553584,5,890
373,1,4.09386062659,2.0,9,0.015015015015,0,-0.406930148266,0.314651071393,5,685
374,1,2.74739009205,0.0,7,0.015015015015,0,-0.407320842548,-1.03064738031,5,704
375,1,6.34824417839,1.0,9,0.015015015015,0,0.258203915321,0.573632432428,5,753
376,1,6.05745226699,2.0,12,0.019019019019,0,0.21350463221,0.416938370362,5,759
377,1,1.94781733149,1.0,3,0.016016016016,0,-1.15467034786,0.411828375074,5,541
378,1,5.5232644147,2.0,6,0.015015015015,0,0.356236922081,-0.545446351539,5,707
379,1,1.68582833583,1.0,3,0.015015015015,0,-1.17527862467,0.211664209832,5,633
380,1,3.77493972869,3.0,6,0.014014014014,0,-0.319490275288,-0.26658944544,5,776
381,1,6.44434651622,3.0,12,0.015015015015,0,0.279951950629,0.60449066433,5,839
382,1,3.91134097487,1.0,17,0.017017017017,0,-0.488712794241,0.377479357589,5,944
383,1,5.65103002173,3.0,13,0.016016016016,0,0.14263666766,0.223120018746,5,813
384,1,6.8431519907,5.0,11,0.018018018018,0,0.506703762837,0.323040702187,5,829
385,1,1.19082323167,0.0,2,0.015015015015,0,-1.32402548365,0.162899682623,5,717
386,1,4.9421352641,0.0,6,0.015015015015,0,0.0949025255988,-0.342572312701,5,780
387,1,3.78320871988,1.0,11,0.017017017017,0,-0.245538902197,-0.480174573529,5,857
388,1,4.00431406795,3.0,8,0.015015015015,0,-0.182307621118,-0.448763068695,5,840
389,1,6.8593710173,3.0,7,0.015015015015,0,0.524673693536,0.285349936696,5,848
390,1,10.1656741001,5.0,13,0.017017017017,0,1.79062232496,-0.206192874782,5,894
391,1,3.86541330644,1.0,4,0.017017017017,0,-0.0238037571061,-1.06317542225,5,777
392,1,4.21577313515,1.0,7,0.015015015015,0,-0.293006852457,0.0947936925234,5,865
393,1,4.52549479713,1.0,9,0.017017017017,0,-0.187759472642,0.08877321506,5,866
394,1,1.22531257479,1.0,3,0.016016016016,0,-1.39044378121,0.396643918428,5,838
395,1,4.9010960917,4.0,9,0.017017017017,0,0.088592228781,-0.364680594645,5,892
396,1,8.4918382673,8.0,13,0.014014014014,0,0.451671657795,2.13682329391,5,968
397,1,3.36217270631,1.0,9,0.016016016016,0,-0.548282196662,0.00701929629247,5,946
398,1,2.99938781117,2.0,16,0.016016016016,0,-0.390836655228,-0.828102223149,5,996
399,1,9.37210844632,5.0,15,0.016016016016,0,1.61303391302,-0.466993292741,5,992
400,1,8.84058551192,1.0,10,0.016016016016,0,1.10524367674,0.524854481697,5,953
401,1,9.58696412163,9.0,13,0.016016016016,0,1.51277074862,0.0486518757602,5,965
402,1,3.34475842783,3.0,4,0.016016016016,1,-0.781434222901,0.689061096533,5,902
403,1,8.74865176657,4.0,14,0.018018018018,0,1.34098152219,-0.274292800004,5,961
404,1,6.77771408279,5.0,12,0.015015015015,0,0.66461844813,-0.216141261604,5,967
405,1,3.5887786319,3.0,4,0.015015015015,1,-0.299064436115,-0.514028059751,5,877
406,1,6.69354224657,1.0,7,0.015015015015,0,0.485771574581,0.236227522831,5,937
407,1,4.44258053446,3.0,8,0.018018018018,0,-0.182008308747,-0.0113945392935,5,932
408,1,-2.9004701869,,0,0.016016016016,1,-2.66364780295,0.0904732219626,5,20
409,1,9.44495196539,9.0,13,0.016016016016,0,1.31173811452,0.509737621824,5,952
410,1,7.09339970027,5.0,11,0.017017017017,0,0.417447979441,0.841055761946,5,914
411,1,4.46408857894,3.0,5,0.016016016016,0,-0.0295795770131,-0.44717269002,5,862
412,1,3.83227090892,3.0,14,0.016016016016,0,-0.32206894664,-0.201522251159,5,951
413,1,2.63414980188,2.0,3,0.016016016016,1,-0.624856831486,-0.49127970366,5,819
414,1,6.99561544007,3.0,12,0.014014014014,0,0.523513434377,0.425075136939,5,945
415,1,0.994413337544,,1,0.015015015015,0,-1.24392832745,-0.273801680101,5,24
416,1,6.72788101538,2.0,8,0.014014014014,0,0.640072250919,-0.192335737378,5,883
417,1,6.08548516882,4.0,10,0.019019019019,0,0.409145710711,-0.14195196331,5,895
418,1,5.94967470321,5.0,11,0.016016016016,0,0.0677237652756,0.746503407388,5,913
419,1,2.63056838245,2.0,4,0.017017017017,0,-1.13210080712,1.0268708038,5,796
420,1,6.45052837141,5.0,10,0.015015015015,0,0.426423051456,0.171259217037,5,906
421,1,4.17986644823,3.0,9,0.013013013013,0,-0.0760346153014,-0.592029705866,5,893
422,1,10.8396344319,10.0,15,0.016016016016,0,1.89932783893,0.14165091515,5,971
423,1,5.52139554664,3.0,8,0.018018018018,0,-0.0273798267919,0.603535027014,5,803
424,1,5.30326556113,5.0,8,0.018018018018,0,0.24963648311,-0.445643888196,5,727
425,1,6.46038945901,1.0,16,0.016016016016,0,0.475092513413,0.0351119187659,5,998
426,1,6.92401447097,6.0,7,0.017017017017,1,0.808702092505,-0.502091806542,5,787
427,1,7.09242197378,6.0,11,0.016016016016,0,0.550650748802,0.440469727377,5,845
428,1,4.78497708616,2.0,5,0.016016016016,0,0.275818395137,-1.04247809925,5,695
429,1,5.33903433867,0.0,9,0.014014014014,0,0.199236398846,-0.258674857865,5,833
430,1,4.2913399816,3.0,6,0.018018018018,0,-0.195555796885,-0.121992627744,5,680
431,1,5.26328755661,5.0,7,0.018018018018,0,0.102009305538,-0.0427403600018,5,674
432,1,0.835511746482,0.0,1,0.015015015015,1,-0.99732731232,-1.17250631656,5,558
433,1,5.1247983093,4.0,13,0.013013013013,0,-0.00763791711446,0.14771206064,5,931
434,1,3.57885048227,1.0,11,0.018018018018,0,-0.402902843871,-0.212440986115,5,716
435,1,1.76174114333,0.0,2,0.015015015015,0,-1.41546840257,1.00814635105,5,648
436,1,5.44756647576,0.0,11,0.015015015015,0,0.00716438110742,0.426073332437,5,738
437,1,6.00344651773,6.0,14,0.018018018018,0,0.363952020915,-0.0884095450105,5,815
438,1,0.872600163372,0.0,1,0.016016016016,1,-1.35827284373,-0.0525813054334,5,528
439,1,5.38643692184,0.0,6,0.018018018018,0,0.220397056275,-0.274754246989,5,657
440,1,4.39139444278,2.0,5,0.015015015015,0,0.364854122944,-1.70316792605,5,678
441,1,2.93591243917,2.0,4,0.015015015015,0,-0.552675163051,-0.406062071673,5,656
442,1,6.62952101301,1.0,7,0.017017017017,0,0.529133552299,0.0421203561173,5,697
443,1,7.15569245247,5.0,8,0.015015015015,0,0.710897781764,0.0229991071789,5,700
444,1,5.22536805889,5.0,14,0.016016016016,0,0.211744695605,-0.409866027922,5,869
445,1,2.28085930223,1.0,5,0.017017017017,0,-0.874512650211,-0.0956027471383,5,686
446,1,10.9257211357,9.0,12,0.017017017017,0,2.02719760847,-0.155871689724,5,835
447,1,1.90530121531,1.0,2,0.015015015015,1,-1.02459792785,-0.0209050011303,5,660
448,1,6.86185529182,3.0,9,0.019019019019,0,0.718814514102,-0.294588250489,5,784
449,1,9.19401305643,3.0,12,0.016016016016,0,1.32630425542,0.21510029018,5,920
450,1,1.99719766145,0.0,6,0.017017017017,0,-1.01135039979,0.0312488608242,5,800
451,1,6.85349747816,2.0,11,0.015015015015,0,0.52102953914,0.290408860745,5,925
452,1,11.8020758815,7.0,14,0.016016016016,0,2.24282260883,0.0736080550316,5,936
453,1,3.8972176275,0.0,4,0.016016016016,0,-0.418158172513,0.151692145037,5,808
454,1,9.84423103257,5.0,17,0.02002002002,0,1.83434820022,-0.6588135681,5,927
455,1,8.39265965567,4.0,16,0.016016016016,0,1.26698930082,-0.408308246779,5,983
456,1,2.30434808321,0.0,6,0.015015015015,0,-1.02925023275,0.392098781466,5,903
457,1,2.7259588001,1.0,8,0.017017017017,0,-0.811471913481,0.160374540547,5,907
458,1,11.6694976092,5.0,15,0.017017017017,0,2.2491230883,-0.0778716556646,5,973
459,1,5.36643924565,4.0,8,0.015015015015,0,0.305712460431,-0.550698135649,5,918
460,1,5.32267356056,3.0,8,0.017017017017,0,-0.0360584480774,0.430848904794,5,898
461,1,2.66885572916,1.0,7,0.015015015015,0,-0.774360630462,-0.00806237944973,5,881
462,1,3.402731556,2.0,14,0.017017017017,0,-0.385164224176,-0.441775771468,5,926
463,1,5.64829185648,2.0,6,0.015015015015,0,-0.0969487798857,0.939138196135,5,823
464,1,7.46357561767,1.0,11,0.015015015015,0,0.535325042705,0.85760048956,5,924
465,1,5.85905758458,3.0,8,0.017017017017,0,0.600291986943,-0.941818376244,5,806
466,1,4.3375010183,3.0,14,0.015015015015,0,-0.130129213146,-0.272111342257,5,970
467,1,5.85055523792,5.0,6,0.016016016016,1,-0.101478960357,1.15499211899,5,755
468,1,5.64089280548,5.0,7,0.016016016016,0,0.268428252253,-0.164391951278,5,772
469,1,3.53905139527,3.0,9,0.017017017017,0,-0.430809812856,-0.168519166158,5,778
470,1,0.0210270685404,0.0,1,0.014014014014,1,-1.65547234465,-0.0125558975086,5,511
471,1,0.64383661858,0.0,1,0.015015015015,1,-1.25786331714,-0.582573430014,5,533
472,1,3.41781276562,3.0,5,0.016016016016,0,-0.393260377889,-0.402406100709,5,577
473,1,6.71768737088,5.0,9,0.015015015015,0,0.732900886411,-0.481015288349,5,794
474,1,4.2094641186,2.0,6,0.015015015015,0,-0.213290849352,-0.150663333348,5,688
475,1,0.200949123971,0.0,1,0.015015015015,1,-1.39459517201,-0.615265360011,5,465
476,1,9.41854432751,8.0,16,0.016016016016,0,1.55825286556,-0.256214269156,5,977
477,1,10.9217333514,7.0,11,0.016016016016,0,1.89698975736,0.230764079356,5,805
478,1,9.19017799034,3.0,13,0.016016016016,0,0.977944350509,1.25634493881,5,849
479,1,8.13541347115,5.0,14,0.016016016016,0,1.06488008621,-0.059226787468,5,886
480,1,3.41235699915,2.0,4,0.015015015015,0,-0.750926115021,0.665135344217,5,150
481,1,8.95951718499,7.0,9,0.017017017017,0,1.47653096338,-0.470075705155,5,786
482,1,8.59610395715,7.0,12,0.016016016016,0,1.11127967867,0.262264921139,5,843
483,1,5.94060397492,5.0,9,0.017017017017,0,0.456782738981,-0.429744242027,5,691
484,1,-0.0380767429624,,0,0.015015015015,1,-1.46404124798,-0.645952999037,5,17
485,1,6.42349750037,4.0,16,0.016016016016,0,0.447332023957,0.0815014285032,5,990
486,1,3.21159459232,2.0,7,0.013013013013,0,-0.446796913696,-0.448014666594,5,651
487,1,8.96642091568,7.0,10,0.018018018018,0,1.38195649146,-0.179448558704,5,618
488,1,0.229770830723,0.0,1,0.015015015015,1,-1.88665095862,0.889723706569,5,36
489,1,2.46160939287,2.0,7,0.016016016016,0,-0.859258131436,0.0393837871813,5,519
490,1,-2.55590913717,,2,0.015015015015,0,-2.17466615342,-1.03191067691,5,249
491,1,1.69087782843,1.0,2,0.016016016016,1,-1.15520607539,0.156496054602,5,261
492,1,4.56549106378,3.0,8,0.016016016016,0,-0.296562377845,0.455178197318,5,478
493,1,5.34298937167,5.0,9,0.016016016016,0,0.0133190256827,0.303032294624,5,574
494,1,1.8559170689,1.0,3,0.017017017017,0,-1.13430413943,0.258829487198,5,280
495,1,5.86261079399,4.0,6,0.016016016016,0,0.463762956916,-0.528678076757,5,393
496,1,8.25103934475,2.0,12,0.016016016016,0,0.96940685914,0.342818767332,5,588
497,1,4.72737956693,1.0,14,0.015015015015,0,-0.221472908893,0.391798293604,5,768
498,1,4.30842990905,2.0,14,0.015015015015,0,-0.189764411847,-0.122276855404,5,708
499,1,6.65375757888,5.0,7,0.015015015015,0,0.331529312486,0.659169641425,5,512
500,1,8.19404582308,5.0,11,0.014014014014,0,0.791815797182,0.818598431534,5,608
501,1,5.47079532459,1.0,6,0.014014014014,0,0.0467945151924,0.330411779014,5,439
502,1,1.58071691889,0.0,2,0.017017017017,0,-0.993941245404,-0.437459344901,5,337
503,1,8.97523490843,8.0,15,0.018018018018,0,1.38298771355,-0.173728232207,5,631
504,1,1.26437356901,1.0,3,0.017017017017,0,-0.926566104685,-0.955928116938,5,410
505,1,0.340503359292,,1,0.016016016016,0,-1.78005167096,0.680658372169,5,90
506,1,8.01274306138,3.0,11,0.018018018018,0,1.09201656746,-0.263306641013,5,523
507,1,8.22065321116,7.0,11,0.015015015015,0,1.01961555029,0.16180656029,5,602
508,1,3.53085784993,2.0,6,0.017017017017,0,-0.498427741976,0.0261410758583,5,449
509,1,3.80736044935,1.0,4,0.018018018018,0,-0.476331702462,0.236355556736,5,386
510,1,-2.7578772701,,0,0.014014014014,1,-2.35910828815,-0.68055240567,5,31
511,1,8.47357402594,8.0,13,0.016016016016,0,1.16442138034,-0.0196901150643,5,606
512,1,6.35811741407,2.0,7,0.017017017017,0,0.682010712233,-0.687914722632,5,479
513,1,7.68622228581,3.0,10,0.016016016016,0,0.919844910978,-0.0733124471273,5,555
514,1,3.01037004063,2.0,10,0.017017017017,0,-0.898531071973,0.705963256551,5,530
515,1,7.98061616021,2.0,15,0.017017017017,0,1.0724769698,-0.236814749199,5,722
516,1,5.25958875937,5.0,11,0.014014014014,0,-0.162032606111,0.745686577702,5,591
517,1,4.44850436896,3.0,8,0.017017017017,0,0.0114363223647,-0.585804598136,5,424
518,1,2.49510674381,2.0,4,0.017017017017,0,-0.791234428598,-0.131189970399,5,385
519,1,2.95136244117,2.0,8,0.013013013013,0,-0.588249690835,-0.283888486327,5,507
520,1,4.82714465729,2.0,15,0.016016016016,0,-0.11683296799,0.17764356126,5,702
521,1,1.71389272371,,2,0.016016016016,0,-1.06517279207,-0.0905889000682,5,19
522,1,3.33310177789,3.0,5,0.019019019019,0,-0.666427249115,0.33238352524,5,384
523,1,4.08778651077,4.0,8,0.017017017017,0,-0.0458056648329,-0.774796494727,5,400
524,1,6.10685042654,3.0,12,0.015015015015,0,0.192707727811,0.528727243111,5,503
525,1,-0.637413776975,,1,0.013013013013,0,-1.98265542722,0.310552504678,5,11
526,1,7.93652334882,5.0,11,0.015015015015,0,1.29782351901,-0.956947208199,5,445
527,1,6.4793726585,4.0,10,0.016016016016,0,0.815035639846,-0.965734261043,5,417
528,1,1.79610962475,,4,0.017017017017,0,-1.26392422675,0.587882305004,5,65
529,1,-3.06320845278,,0,0.016016016016,1,-2.80839518703,0.361977108316,5,10
530,1,3.96920383011,3.0,6,0.018018018018,0,-0.577540194649,0.701824414059,5,326
531,1,3.79863737346,3.0,4,0.016016016016,1,-0.398859235068,-0.0047849213363,5,254
532,1,8.9136224726,7.0,12,0.015015015015,0,1.25565656184,0.146652787097,5,571
533,1,8.45450452269,5.0,12,0.017017017017,0,1.1885364125,-0.111104714819,5,515
534,1,2.11919905045,1.0,3,0.015015015015,0,-0.748756367909,-0.634531845821,5,222
535,1,5.7176297103,4.0,7,0.016016016016,0,0.356473506707,-0.351790809818,5,371
536,1,4.41469958382,1.0,7,0.013013013013,0,-0.193337662155,-0.00528742971792,5,422
537,1,9.04179840416,4.0,10,0.014014014014,0,1.28417604382,0.189270272691,5,500
538,1,5.11310424056,3.0,10,0.016016016016,0,0.0392678133877,-0.0046991996036,5,457
539,1,3.26716092147,3.0,4,0.015015015015,1,-0.368581119109,-0.627095721206,5,352
540,1,2.88859933054,0.0,17,0.018018018018,0,-0.558765476946,-0.435104238617,5,642
541,1,4.89552144262,3.0,12,0.015015015015,0,0.108893661294,-0.431159541265,5,599
542,1,0.781597888163,0.0,1,0.016016016016,1,-1.42836754734,0.0667005301882,5,349
543,1,10.4980222082,10.0,11,0.014014014014,1,1.59989450317,0.698338698662,5,612
544,1,1.87276943087,0.0,2,0.014014014014,0,-0.933650032612,-0.326280471297,5,295
545,1,3.6254840108,3.0,8,0.016016016016,0,-0.429860442478,-0.0849346617692,5,444
546,1,1.6599841035,0.0,2,0.015015015015,0,-1.3457372077,0.697195726611,5,320
547,1,3.89821672567,0.0,6,0.016016016016,0,-0.569931929273,0.608012513489,5,390
548,1,7.96108045126,7.0,15,0.019019019019,0,1.140830557,-0.461411219741,5,638
549,1,5.13144155877,2.0,7,0.016016016016,0,0.419079620007,-1.12579730125,5,430
550,1,11.8548261295,10.0,14,0.015015015015,0,2.17343843762,0.334510816699,5,641
551,1,1.53752102349,1.0,2,0.015015015015,1,-1.19272348244,0.115691470809,5,267
552,1,9.50529890795,1.0,13,0.017017017017,0,1.37017251745,0.394781355588,5,520
553,1,4.74214692821,3.0,5,0.015015015015,0,-0.0467133615777,-0.117712987058,5,423
554,1,4.32551338416,4.0,8,0.015015015015,0,-0.372294063145,0.442395573592,5,436
555,1,1.79113353423,1.0,2,0.02002002002,1,-0.99577138471,-0.221552311642,5,220
556,1,3.89068161268,3.0,9,0.014014014014,0,-0.341516103233,-0.0847700776226,5,550
557,1,3.97286583333,3.0,16,0.017017017017,0,-0.441791326475,0.298239812757,5,864
558,1,5.78350706434,5.0,7,0.017017017017,0,0.116614806534,0.433662644742,5,426
559,1,0.727771161311,0.0,1,0.016016016016,1,-1.44472655623,0.0619508299931,5,46
560,1,4.04501056586,4.0,9,0.016016016016,0,-0.450875448897,0.39763691255,5,462
561,1,5.76474034736,2.0,6,0.018018018018,0,0.576077486069,-0.963492110849,5,435
562,1,7.97843424362,3.0,15,0.017017017017,0,1.14494806147,-0.456409940785,5,637
563,1,8.60078014689,5.0,13,0.017017017017,0,1.01018996504,0.570210251774,5,585
564,1,-1.30189052093,,0,0.015015015015,1,-1.94475113646,-0.467637111563,5,45
565,1,10.4509300316,5.0,11,0.016016016016,0,1.79768795617,0.0578661631193,5,567
566,1,3.26125501488,3.0,4,0.017017017017,1,-0.54506782201,-0.103541519094,5,388
567,1,1.82079482314,1.0,5,0.015015015015,0,-1.2256241111,0.497667156453,5,493
568,1,3.8902165165,3.0,4,0.015015015015,1,-0.365220153051,-0.0141230243463,5,459
569,1,3.42168209967,2.0,8,0.016016016016,0,-0.298051212886,-0.684164261668,5,517
570,1,6.15015833631,6.0,9,0.018018018018,0,0.392576388628,-0.0275708295708,5,564
571,1,7.83433835791,5.0,15,0.017017017017,0,1.04666990518,-0.305671357635,5,828
572,1,8.78141164048,7.0,13,0.016016016016,0,1.09802048517,0.487350184985,5,698
573,1,4.77618424407,2.0,7,0.014014014014,0,-0.0565136635944,-0.0542747651487,5,565
574,1,9.14924722382,5.0,10,0.014014014014,0,1.45190177037,-0.206458087284,5,659
575,1,1.64300347846,0.0,2,0.016016016016,0,-0.86340278143,-0.766788177255,5,509
576,1,5.5431287842,2.0,8,0.015015015015,0,0.211248041581,-0.0906153405457,5,580
577,1,8.27100870358,3.0,15,0.015015015015,0,1.20288081082,-0.337633728869,5,912
578,1,3.84491941121,0.0,7,0.018018018018,0,-0.460733338374,0.227119426327,5,578
579,1,2.57647354457,2.0,5,0.015015015015,0,-0.811640511007,0.0113950775858,5,521
580,1,7.39917243643,0.0,11,0.015015015015,0,0.809187040889,-0.0283886862355,5,775
581,1,3.90694432846,1.0,4,0.015015015015,0,-0.364271413778,-0.000241430204712,5,557
582,1,5.80140384864,4.0,7,0.014014014014,0,0.00380776344161,0.789980558315,5,587
583,1,6.63765366853,5.0,12,0.014014014014,0,0.50335079687,0.127601277921,5,782
584,1,5.91996197352,4.0,10,0.016016016016,0,0.168856401234,0.413392769815,5,598
585,1,7.40708124627,5.0,10,0.018018018018,0,0.496819551385,0.916622592113,5,596
586,1,1.53490474993,0.0,2,0.016016016016,0,-1.29360105034,0.415707900942,5,247
587,1,1.21448083251,1.0,2,0.015015015015,1,-1.03186687752,-0.689918534912,5,307
588,1,3.51941212052,2.0,4,0.015015015015,0,-0.357949502685,-0.406739371427,5,433
589,1,6.38992834572,5.0,10,0.016016016016,0,0.377754608001,0.256664521718,5,597
590,1,1.03277727018,1.0,3,0.015015015015,0,-1.20379774075,-0.355829507577,5,310
591,1,6.11506606775,6.0,16,0.018018018018,0,0.535487276314,-0.491395761191,5,816
592,1,5.75364920198,5.0,17,0.017017017017,0,0.196513497063,0.164108710792,5,851
593,1,5.0187397507,5.0,8,0.016016016016,0,0.23654176689,-0.690885549971,5,569
594,1,-1.19922445961,,0,0.016016016016,1,-2.08594871045,0.058621671748,5,18
595,1,5.32997725586,4.0,6,0.015015015015,0,-0.0278739325033,0.413599053372,5,554
596,1,7.22696479695,1.0,10,0.014014014014,0,0.786682144616,-0.133081636902,5,636
597,1,8.32952699513,3.0,13,0.015015015015,0,0.953685229268,0.468471307321,5,705
598,1,7.79089829343,4.0,13,0.016016016016,0,1.05335804351,-0.369175837109,5,692
599,1,4.50844966688,3.0,9,0.016016016016,0,0.102770694526,-0.799862416699,5,604
600,1,3.065918607,2.0,4,0.013013013013,0,-0.597835901999,-0.140573686999,5,495
601,1,-0.0335300007018,,1,0.016016016016,0,-1.71964438575,0.125403156553,5,110
602,1,4.83512618767,4.0,7,0.018018018018,0,0.00680281432322,-0.185282255296,5,498
603,1,4.8157004633,4.0,12,0.016016016016,0,-0.102110598574,0.122032259025,5,616
604,1,5.57742173393,1.0,6,0.016016016016,0,0.270316709139,-0.233528393483,5,490
605,1,6.2376400483,4.0,10,0.018018018018,0,0.347190987363,0.196067086215,5,529
606,1,3.45881782691,3.0,4,0.016016016016,1,-0.281406124663,-0.696963799102,5,387
607,1,9.0914828865,0.0,13,0.016016016016,0,1.32113195863,0.128087010619,5,615
608,1,5.3129017503,4.0,10,0.014014014014,0,0.0218806263583,0.247259871224,5,522
609,1,1.81328510025,1.0,2,0.014014014014,1,-0.855272061122,-0.620898716384,5,136
610,1,4.22122930207,3.0,7,0.016016016016,0,-0.197192517948,-0.187193144089,5,491
611,1,1.49918111895,1.0,4,0.018018018018,0,-1.29682536416,0.389657211416,5,252
612,1,7.88847901694,7.0,13,0.017017017017,0,0.942330246085,0.0614882786805,5,548
613,1,10.0256094598,6.0,13,0.015015015015,0,1.50476117589,0.511325932186,5,654
614,1,7.56667570153,5.0,10,0.018018018018,0,0.845615478277,0.0298292666988,5,446
615,1,1.61741224628,1.0,2,0.015015015015,1,-0.969006242723,-0.475569025553,5,107
616,1,7.69901084991,6.0,12,0.015015015015,0,0.807024703398,0.277936739712,5,671
617,1,7.72519304599,6.0,10,0.016016016016,0,0.69780683748,0.631772533549,5,610
618,1,5.99407867405,5.0,6,0.018018018018,1,0.322616703241,0.0262285643296,5,296
619,1,1.55241299245,,2,0.016016016016,0,-1.15862607062,0.0282912043075,5,62
620,1,4.21530363998,3.0,5,0.016016016016,0,-0.3129524072,0.15416086158,5,273
621,1,6.97971629743,5.0,8,0.016016016016,0,0.99185282872,-0.995842188727,5,650
622,1,7.21186632024,3.0,9,0.015015015015,0,0.6003856508,0.41070936784,5,628
623,1,6.84652412153,5.0,11,0.014014014014,0,0.385548357402,0.689879049318,5,745
624,1,8.94609162676,6.0,12,0.016016016016,0,1.31573530611,-0.00111429157603,5,724
625,1,3.6806442878,0.0,4,0.016016016016,0,-0.279825019818,-0.479880652742,5,244
626,1,10.1707952058,4.0,12,0.015015015015,0,1.86296685825,-0.418105368988,5,793
627,1,-1.03345981204,,0,0.018018018018,1,-2.07237879404,0.183676570073,5,28
628,1,7.58683893027,2.0,13,0.017017017017,0,0.744633300314,0.352939029325,5,863
629,1,6.8737733576,5.0,8,0.014014014014,0,0.862572749826,-0.713944891882,5,756
630,1,2.2632080962,2.0,3,0.019019019019,1,-0.980426288648,0.204486962143,5,472
631,1,3.8840127505,3.0,4,0.016016016016,1,-0.278687185813,-0.27992569206,5,546
632,1,4.0074281283,3.0,8,0.016016016016,0,-0.355476951385,0.0738589824569,5,709
633,1,11.0407916678,9.0,13,0.015015015015,0,2.30756902098,-0.88191539516,5,876
634,1,5.79070261058,2.0,11,0.015015015015,0,0.34798249697,-0.253244880327,5,860
635,1,7.6397822195,4.0,15,0.017017017017,0,0.962753059047,-0.248476957641,5,884
636,1,6.12637671018,5.0,8,0.016016016016,0,0.434790553377,-0.177994949952,5,760
637,1,2.39186334939,1.0,6,0.016016016016,0,-0.744052074413,-0.375980427376,5,581
638,1,5.36709128004,2.0,7,0.017017017017,0,-0.00588571000741,0.384748410062,5,669
639,1,2.01586542383,2.0,3,0.016016016016,1,-1.12257041353,0.383576664433,5,559
640,1,3.16923125676,3.0,4,0.015015015015,1,-0.928412540578,0.954468878499,5,703
641,1,10.1296604038,9.0,16,0.016016016016,0,1.57750006367,0.397160212751,5,979
642,1,6.11662619346,6.0,7,0.015015015015,1,0.35690555866,0.0459095174783,5,831
643,1,7.78589498513,5.0,12,0.015015015015,0,0.996141018896,-0.202528071554,5,889
644,1,7.52246903746,6.0,12,0.016016016016,0,0.956306083792,-0.346449213916,5,887
645,1,4.72649813626,4.0,7,0.017017017017,0,-0.0928828921428,0.00514681268375,5,825
646,1,10.5566952414,5.0,11,0.014014014014,0,1.65079445205,0.604311885265,5,959
647,1,0.21915949248,0.0,2,0.015015015015,0,-1.54673676099,-0.140630224539,5,748
648,1,4.64040389949,4.0,9,0.015015015015,0,0.274135179017,-1.18200163756,5,908
649,1,4.7445367485,2.0,5,0.016016016016,0,-0.131452615397,0.138894594695,5,834
650,1,5.52784877974,2.0,15,0.016016016016,0,0.315648504013,-0.419096732304,5,985
651,1,3.98069141989,3.0,5,0.016016016016,0,-0.326418383631,-0.0400534292145,5,836
652,1,8.52753423443,6.0,9,0.017017017017,0,1.08088015111,0.284893781086,5,875
653,1,8.78166673378,8.0,10,0.015015015015,0,1.01131619279,0.74771815542,5,950
654,1,12.6033544966,11.0,16,0.016016016016,0,2.31055555619,0.671687828003,5,994
655,1,8.93104430628,7.0,12,0.014014014014,0,1.44050000195,-0.390455699575,5,972
656,1,12.3614072598,10.0,13,0.016016016016,0,2.42599690754,0.0834165371743,5,969
657,1,8.00265589346,7.0,12,0.017017017017,0,1.17431882066,-0.520300568507,5,917
658,1,1.09227525473,1.0,5,0.016016016016,0,-1.4239886161,0.364241103025,5,623
659,1,4.2366802932,3.0,7,0.014014014014,0,-0.311551486046,0.171334751342,5,499
660,1,4.84182105197,3.0,5,0.015015015015,0,-0.151834670198,0.297325062559,5,466
661,1,11.640997943,10.0,12,0.018018018018,0,2.33195703282,-0.354873155446,5,672
662,1,8.14527913195,6.0,11,0.016016016016,0,0.957772620232,0.271961271252,5,600
663,1,3.46936879018,3.0,9,0.016016016016,0,-0.510660354325,0.00134985315187,5,489
664,1,5.272258772,3.0,7,0.015015015015,0,0.032727465623,0.17407637513,5,407
665,1,1.1844779079,0.0,4,0.016016016016,0,-0.981835887058,-0.870014430925,5,283
666,1,6.03015994898,1.0,8,0.016016016016,0,0.253572459438,0.269442570662,5,389
667,1,6.75528174525,5.0,9,0.014014014014,0,0.655884203632,-0.212370865643,5,342
668,1,-0.619810808837,,0,0.014014014014,1,-1.57330469851,-0.899896713318,5,1
669,1,4.9604137283,2.0,6,0.017017017017,0,-0.116429970945,0.309703641129,5,192
670,1,1.58245941059,1.0,11,0.014014014014,0,-1.13997621228,0.00238804743542,5,399
671,1,4.12933307668,2.0,9,0.016016016016,0,-0.24004183912,-0.150541405958,5,311
672,1,4.91481738574,2.0,5,0.017017017017,0,-0.0510281599819,0.0679018656861,5,155
673,1,3.30712444746,2.0,8,0.016016016016,0,-0.32503278067,-0.717777210525,5,190
674,1,4.23976491778,1.0,5,0.015015015015,0,-0.374404407174,0.362978139301,5,153
675,1,2.81556137735,1.0,5,0.016016016016,0,-0.654204776409,-0.221824293419,5,102
676,1,1.48191716386,1.0,10,0.018018018018,0,-1.19484611738,0.0664555159904,5,212
677,1,5.31092212764,5.0,8,0.016016016016,0,-0.0352723852185,0.416739283297,5,169
678,1,-2.22533530054,,1,0.016016016016,0,-2.2322246145,-0.528661457045,5,63
679,1,7.88955514286,4.0,9,0.012012012012,0,0.934955381407,0.0846889986404,5,218
680,1,-0.644910013655,,2,0.015015015015,0,-2.00511069403,0.370422068435,5,80
681,1,1.55705231326,0.0,2,0.016016016016,0,-1.33359787977,0.55784595256,5,95
682,1,-0.829896576017,,1,0.015015015015,0,-2.0285389654,0.255720320178,5,50
683,1,2.88924333028,2.0,16,0.016016016016,0,-0.440609760039,-0.788927389607,5,804
684,1,8.36922251499,4.0,13,0.016016016016,0,0.868910433485,0.76249121453,5,331
685,1,5.98050851859,1.0,6,0.016016016016,0,0.0954911838762,0.694034966964,5,129
686,1,0.894903367605,0.0,9,0.016016016016,0,-1.60607563421,0.713130270222,5,203
687,1,5.76921159144,3.0,6,0.016016016016,0,0.217999792364,0.115212214352,5,104
688,1,4.04466836262,2.0,12,0.016016016016,0,-0.276423079298,-0.126062399484,5,363
689,1,-1.46502517142,,1,0.015015015015,0,-2.4050459026,0.750112536379,5,32
690,1,6.84219541244,6.0,11,0.016016016016,0,0.772027323496,-0.473886558045,5,357
691,1,7.56742797719,6.0,8,0.017017017017,0,0.578974190674,0.83050540517,5,243
692,1,4.68179442736,,6,0.016016016016,0,-0.0663922563533,-0.119028803585,5,176
693,1,2.84306753775,2.0,3,0.015015015015,1,-0.764845984559,0.137605491423,5,98
694,1,7.45038399363,3.0,9,0.015015015015,0,0.860469025289,-0.131023082234,5,217
695,1,-1.20394146951,,0,0.016016016016,1,-2.1660512071,0.294212151799,5,6
696,1,3.54997300794,3.0,13,0.015015015015,0,-0.358366793011,-0.374926613031,5,453
697,1,3.08621661497,3.0,4,0.016016016016,1,-0.453583305241,-0.553033469311,5,146
698,1,11.0143172039,6.0,13,0.014014014014,0,2.08635547037,-0.244749207185,5,718
699,1,6.63494246663,5.0,11,0.017017017017,0,0.446637414357,0.295030223563,5,324
700,1,2.05969220826,,4,0.016016016016,0,-1.17362733311,0.580574207605,5,121
701,1,8.92374830038,8.0,11,0.015015015015,0,1.11453870973,0.580132171179,5,343
702,1,6.68326899379,6.0,8,0.016016016016,0,0.504782409368,0.168921765687,5,292
703,1,3.1287429596,3.0,6,0.017017017017,0,-0.546705281525,-0.231141195824,5,215
704,1,3.69954453435,2.0,14,0.015015015015,0,-0.406071666131,-0.0822404672568,5,736
705,1,3.76028573741,2.0,7,0.017017017017,0,-0.466966554446,0.161185400747,5,264
706,1,-0.0346832086222,,1,0.017017017017,0,-1.48899284167,-0.567704683609,5,82
707,1,4.21633792788,3.0,7,0.017017017017,0,-0.31826539377,0.171134109186,5,300
708,1,-0.0355431680654,,0,0.015015015015,1,-1.6678767935,-0.0319127875662,5,25
709,1,4.94532055295,3.0,9,0.015015015015,0,-0.0235627939738,0.0160089348764,5,676
710,1,9.00422078677,8.0,10,0.017017017017,0,1.09530535948,0.718304708329,5,715
711,1,1.56895415342,1.0,2,0.017017017017,1,-0.953444868567,-0.570711240885,5,170
712,1,7.87316580701,7.0,15,0.02002002002,0,0.803310277746,0.463234973768,5,750
713,1,8.38586626692,3.0,13,0.014014014014,0,1.19522622895,-0.199812419922,5,846
714,1,4.31849807576,4.0,6,0.017017017017,0,-0.214823517067,-0.0370313730404,5,624
715,1,10.7465196541,9.0,15,0.017017017017,0,1.61781954433,0.893061021096,5,809
716,1,5.45902504616,5.0,7,0.016016016016,0,-0.0436174609432,0.589877428993,5,734
717,1,4.49607338794,4.0,11,0.017017017017,0,-0.22712848644,0.17745884726,5,747
718,1,6.50968344581,6.0,9,0.016016016016,0,0.439424504492,0.191409932339,5,739
719,1,7.24336292193,6.0,8,0.02002002002,0,0.809674842954,-0.185661606935,5,605
720,1,7.97379086218,7.0,16,0.016016016016,0,1.12762001072,-0.40906916998,5,909
721,1,3.78808717209,3.0,5,0.015015015015,0,-0.543671274484,0.419100995538,5,694
722,1,7.97251069211,3.0,13,0.016016016016,0,1.07241258464,-0.244727061825,5,773
723,1,6.74086505522,4.0,11,0.016016016016,0,0.433093633141,0.441584155796,5,751
724,1,7.92132128027,7.0,8,0.015015015015,1,0.965240349662,0.0256002312862,5,696
725,1,2.75566756698,2.0,3,0.017017017017,1,-0.708878850033,-0.11769588292,5,330
726,1,0.852974207279,0.0,1,0.014014014014,1,-1.23796765641,-0.433122823477,5,327
727,1,0.707144240732,0.0,1,0.015015015015,1,-1.47707951288,0.138382779378,5,125
728,1,6.69559471561,6.0,8,0.016016016016,0,0.731199452821,-0.498003642849,5,731
729,1,5.99090417809,3.0,12,0.015015015015,0,0.554955739407,-0.673963040134,5,801
730,1,5.83900621179,3.0,9,0.016016016016,0,0.249360200685,0.0909256097354,5,767
731,1,4.3772503087,4.0,5,0.016016016016,1,-0.287853907543,0.240812031331,5,699
732,1,5.70216678386,4.0,15,0.016016016016,0,-0.0292781243276,0.790001156846,5,910
733,1,3.73099013108,3.0,6,0.016016016016,0,-0.249460477046,-0.520628437777,5,721
734,1,5.10470999147,3.0,14,0.017017017017,0,0.671037910169,-1.90840373904,5,880
735,1,3.36798253969,3.0,4,0.016016016016,1,-0.285630183347,-0.775126910265,5,720
736,1,7.05049708666,2.0,16,0.016016016016,0,0.67620105058,0.0218939349167,5,957
737,1,3.07791438998,1.0,6,0.015015015015,0,-0.846728346891,0.618099430649,5,742
738,1,10.4634013672,7.0,11,0.015015015015,0,1.58784870029,0.699855266293,5,824
739,1,4.72500669154,3.0,12,0.017017017017,0,-0.134099263783,0.127304482893,5,781
740,1,8.58926813954,4.0,9,0.014014014014,0,1.06761292701,0.386429358497,5,797
741,1,7.53002400645,1.0,11,0.018018018018,0,1.0050689707,-0.485182905661,5,762
742,1,9.78039539642,9.0,15,0.016016016016,0,1.20904186971,1.15326978729,5,954
743,1,1.64818165448,0.0,7,0.016016016016,0,-1.00068090918,-0.349775617963,5,667
744,1,2.48285297682,1.0,3,0.016016016016,0,-0.678540373839,-0.481525901667,5,593
745,1,5.82462808576,3.0,7,0.017017017017,0,0.411604383462,-0.41018506463,5,666
746,1,6.44054988024,5.0,7,0.016016016016,0,0.428377104443,0.155418566912,5,682
747,1,4.32672463511,2.0,5,0.017017017017,0,-0.0378617335997,-0.559690164092,5,613
748,1,10.1074935836,10.0,15,0.016016016016,0,1.87421152665,-0.515140996375,5,856
749,1,4.63793507818,2.0,7,0.015015015015,0,-0.490181985229,1.10848103387,5,543
750,1,5.14752748869,2.0,6,0.016016016016,0,0.253704169207,-0.613585018932,5,535
751,1,5.22995421999,2.0,11,0.015015015015,0,-0.00704061659522,0.251076069771,5,725
752,1,8.07749326377,8.0,11,0.011011011011,0,0.892658426668,0.399517983771,5,871
753,1,0.460868572546,0.0,1,0.014014014014,1,-1.26694502899,-0.738296340495,5,451
754,1,0.617823982757,0.0,13,0.016016016016,0,-1.24148258543,-0.657728260953,5,693
755,1,7.30831060869,2.0,11,0.016016016016,0,0.901556806224,-0.396359809986,5,665
756,1,2.29532530439,2.0,4,0.017017017017,0,-0.69099932813,-0.631676711218,5,442
757,1,9.42852592687,9.0,11,0.017017017017,0,1.48660323205,-0.0312837692856,5,525
758,1,4.28053534496,3.0,10,0.016016016016,0,-0.154102872635,-0.25715603714,5,603
759,1,5.60221831017,3.0,9,0.016016016016,0,0.0606827614324,0.420170025872,5,502
760,1,1.05768875541,1.0,9,0.017017017017,0,-1.47677529226,0.488014632173,5,487
761,1,8.51348803811,6.0,13,0.016016016016,0,0.960707104418,0.631366724853,5,625
762,1,1.39879565554,1.0,2,0.017017017017,1,-1.42678128736,0.679139517628,5,213
763,1,0.0911138756675,0.0,1,0.019019019019,1,-1.62644039878,-0.0295649279894,5,179
764,1,5.72359449012,1.0,6,0.014014014014,0,0.253283366896,-0.0362556105681,5,429
765,1,1.84313527423,0.0,7,0.016016016016,0,-0.881960593582,-0.510982945019,5,351
766,1,4.35227402103,2.0,11,0.018018018018,0,-0.237373381229,0.0643941647169,5,464
767,1,-3.15133920147,,0,0.015015015015,1,-2.42987260296,-0.861721392587,5,99
768,1,5.15003654821,0.0,13,0.017017017017,0,0.400119182346,-1.05032099883,5,492
769,1,1.66064332356,1.0,5,0.014014014014,0,-1.07338486173,-0.119202091248,5,322
770,1,3.62503237895,2.0,5,0.016016016016,0,-0.4252766202,-0.0991377604503,5,271
771,1,7.63843996358,3.0,10,0.018018018018,0,1.08222978035,-0.60824937748,5,338
772,1,4.20701017067,4.0,11,0.017017017017,0,-0.513985393044,0.7489663498,5,404
773,1,4.8581304026,1.0,9,0.016016016016,0,-0.401005662286,1.06114738946,5,334
774,1,4.10480735332,3.0,6,0.016016016016,0,-0.227664714272,-0.212198503865,5,235
775,1,5.86093005811,4.0,12,0.015015015015,0,0.406542348936,-0.358696988697,5,394
776,1,6.0277683481,4.0,9,0.016016016016,0,0.24700835945,0.286743269754,5,304
777,1,13.5844385258,7.0,18,0.019019019019,0,2.98846392161,-0.380953238985,5,647
778,1,5.04356228328,4.0,6,0.017017017017,0,-0.202121081815,0.649925528729,5,204
779,1,3.09040470655,3.0,4,0.016016016016,1,-0.415507277011,-0.663073462415,5,74
780,1,2.42500825004,2.0,3,0.017017017017,1,-1.00915970711,0.452487371369,5,66
781,1,8.08509726837,6.0,9,0.017017017017,0,0.730349907449,0.894047546023,5,202
782,1,-0.0403426162939,,0,0.015015015015,1,-1.60013658808,-0.239932852059,5,7
783,1,-2.45327145557,,2,0.015015015015,0,-2.0555950451,-1.28648632027,5,30
784,1,10.831677349,3.0,11,0.014014014014,0,2.24235988925,-0.895402318732,5,257
785,1,5.94838734749,5.0,10,0.017017017017,0,0.422644455899,-0.319546020209,5,105
786,1,3.91243132082,0.0,4,0.017017017017,0,-0.258466352317,-0.312169622224,5,56
787,1,5.72598973119,4.0,13,0.016016016016,0,0.145821579688,0.28852499213,5,185
788,1,1.43430346585,,2,0.017017017017,0,-1.43480696829,0.738724370735,5,29
789,1,5.62266002428,5.0,7,0.016016016016,0,0.330892182398,-0.370016522911,5,78
790,1,6.21124814338,4.0,7,0.015015015015,0,0.669514843674,-0.797296387643,5,83
791,1,-1.47014245571,,0,0.016016016016,1,-2.16490043103,0.0245588373721,5,27
792,1,1.71500455309,,4,0.016016016016,0,-1.06190828032,-0.0992706059362,5,76
793,1,7.20525366569,2.0,13,0.014014014014,0,0.905080479911,-0.509987774047,5,329
794,1,7.16534310642,0.0,11,0.016016016016,0,0.430465548594,0.873946460642,5,157
795,1,4.64837492232,,7,0.016016016016,0,0.070017173652,-0.561676598634,5,134
796,1,1.82108514657,,2,0.016016016016,0,-1.08372336585,0.0722552441038,5,71
797,1,7.44742575613,1.0,11,0.016016016016,0,0.572324656965,0.730451785233,5,279
798,1,6.13605348099,5.0,16,0.017017017017,0,0.588373925332,-0.629068295001,5,360
799,1,0.996748087105,0.0,3,0.017017017017,0,-1.52106156256,0.559932774777,5,96
800,1,2.42911678201,0.0,3,0.017017017017,0,-0.847384820708,-0.0287287558695,5,112
801,1,7.79373140256,1.0,9,0.016016016016,0,0.949084614549,-0.0535224410843,5,214
802,1,4.21257538051,1.0,5,0.016016016016,0,-0.360436803275,0.293885790333,5,152
803,1,4.52627153627,3.0,5,0.016016016016,0,0.0120907045807,-0.510000577472,5,165
804,1,8.26610138917,2.0,14,0.016016016016,0,1.0938022635,-0.0153054013252,5,288
805,1,9.75734799534,7.0,15,0.015015015015,0,1.5448391515,0.122830540852,5,383
806,1,1.61628551725,1.0,8,0.018018018018,0,-0.981374426102,-0.439591204448,5,181
807,1,2.21166729599,,4,0.016016016016,0,-0.933857310382,0.0132392271376,5,139
808,1,3.52607717899,2.0,12,0.016016016016,0,-0.565843732256,0.223608375753,5,234
809,1,4.57237017529,1.0,7,0.015015015015,0,-0.593716243412,1.35351890553,5,188
810,1,7.92268136128,2.0,9,0.017017017017,0,0.982023266486,-0.0233884381763,5,191
811,1,3.55281308937,2.0,10,0.015015015015,0,-0.462842421622,-0.0586596457608,5,242
812,1,-1.55417458493,,0,0.018018018018,1,-2.23254095357,0.143448275788,5,2
813,1,2.93981687791,2.0,3,0.016016016016,1,-0.365895907792,-0.96249539871,5,163
814,1,3.98147725641,2.0,4,0.017017017017,0,-0.371755336564,0.0967432661045,5,166
815,1,-0.489857219177,,2,0.017017017017,0,-1.46596320465,-1.09196760521,5,37
816,1,7.98026793339,7.0,9,0.016016016016,0,1.18614499643,-0.578167055908,5,471
817,1,6.07874734712,4.0,10,0.016016016016,0,0.425954548579,-0.199116298616,5,494
818,1,2.74712854854,2.0,4,0.015015015015,0,-0.789143343443,0.114558578872,5,236
819,1,5.94266222669,2.0,6,0.016016016016,0,0.362553771846,-0.144999088848,5,297
820,1,7.58612456022,7.0,10,0.02002002002,0,0.724531379023,0.412530423146,5,556
821,1,9.99259470436,6.0,10,0.016016016016,0,1.72337220831,-0.177521920582,5,611
822,1,4.28230002098,3.0,6,0.015015015015,0,0.0582168341281,-0.892350481402,5,570
823,1,5.82441008752,5.0,7,0.016016016016,0,0.0151977972008,0.778816695915,5,576
824,1,10.2063440899,0.0,12,0.015015015015,0,1.51583424059,0.658841368163,5,811
825,1,4.45833739602,2.0,10,0.016016016016,0,0.0158477402126,-0.589205824617,5,744
826,1,9.16827835442,7.0,11,0.015015015015,0,1.34138566881,0.144121347998,5,827
827,1,2.59249719357,1.0,6,0.017017017017,0,-0.561213811247,-0.723861372687,5,622
828,1,5.49997341495,2.0,7,0.018018018018,0,0.15128483225,0.0461189181949,5,740
829,1,2.29230531097,2.0,4,0.017017017017,0,-0.882136452426,-0.0612853317482,5,609
830,1,2.33067025253,1.0,14,0.016016016016,0,-0.752483707193,-0.411878625893,5,891
831,1,7.67761542121,6.0,14,0.014014014014,0,0.521070490872,1.1144039486,5,941
832,1,2.97159743788,0.0,4,0.015015015015,0,-0.698651112903,0.0675507765848,5,746
833,1,5.54284095701,1.0,12,0.015015015015,0,0.332355376232,-0.454225171683,5,861
834,1,5.90046889959,1.0,10,0.017017017017,0,0.179600080985,0.361668656638,5,842
835,1,8.48619535782,8.0,14,0.014014014014,0,1.36955512531,-0.622470018116,5,964
836,1,7.62122791557,7.0,15,0.017017017017,0,1.08207748682,-0.625004544882,5,899
837,1,7.9312025719,2.0,9,0.015015015015,0,1.31269015487,-1.00686789271,5,850
838,1,5.12995350078,5.0,6,0.015015015015,1,0.128755333466,-0.256312499613,5,799
839,1,4.39378907094,3.0,7,0.016016016016,0,-0.21421602306,0.0364371401207,5,810
840,1,4.43408762253,4.0,7,0.017017017017,0,-0.450194412492,0.784670860009,5,795
841,1,2.16300856598,2.0,4,0.014014014014,0,-0.980815284138,0.105454418389,5,661
842,1,-1.63095616093,,0,0.015015015015,1,-2.24054479775,0.090678232311,5,15
843,1,11.798725194,6.0,14,0.018018018018,0,2.40945962174,-0.429653671234,5,882
844,1,5.93908673778,4.0,7,0.015015015015,0,0.537936997911,-0.67472425595,5,723
845,1,5.46248630542,3.0,15,0.016016016016,0,-0.0106637707501,0.494477617675,5,885
846,1,9.72550498069,9.0,10,0.016016016016,1,1.62978696466,-0.16385591329,5,847
847,1,2.92256567035,2.0,4,0.015015015015,0,-0.731133092046,0.115964946489,5,645
848,1,4.33777662171,4.0,5,0.015015015015,1,-0.296609478004,0.227605055718,5,690
849,1,1.99550261185,1.0,2,0.016016016016,1,-1.14676890117,0.435809315367,5,198
850,1,2.95072933865,1.0,3,0.015015015015,0,-0.873181949913,0.570275188389,5,281
851,1,6.54954020422,6.0,13,0.014014014014,0,0.899144296805,-1.14789268619,5,916
852,1,6.58243491814,6.0,15,0.017017017017,0,0.455673287016,0.215415057093,5,904
853,1,6.19835316669,4.0,11,0.017017017017,0,0.190470385631,0.626942009797,5,859
854,1,10.9515474088,5.0,16,0.016016016016,0,1.96847150881,0.0461328824106,5,984
855,1,-0.130728595437,,0,0.015015015015,1,-1.74430826552,0.102196201132,5,154
856,1,3.97944209,3.0,5,0.016016016016,0,-0.76064678502,1.26138244506,5,789
857,1,3.53742117494,3.0,4,0.016016016016,1,-0.483648250006,-0.0116340750411,5,788
858,1,10.1032078944,4.0,12,0.016016016016,0,1.72455827808,-0.0704669398349,5,896
859,1,1.4648090121,1.0,6,0.016016016016,0,-0.834982108454,-1.03024466254,5,821
860,1,4.70705159898,2.0,6,0.016016016016,0,-0.101991612015,0.0130264350278,5,814
861,1,9.77955402614,9.0,10,0.014014014014,1,1.36448288993,0.686105356355,5,879
862,1,5.10367757207,4.0,6,0.018018018018,0,-0.0943855734834,0.386834292524,5,790
863,1,6.36402852304,4.0,11,0.014014014014,0,0.383154088249,0.214566258294,5,955
864,1,7.51883022471,2.0,8,0.015015015015,0,0.748189690169,0.274261154202,5,822
865,1,3.63253761555,0.0,5,0.015015015015,0,-0.472292114907,0.0494139602749,5,841
866,1,5.89234561079,2.0,7,0.017017017017,0,0.276177137212,0.0638141991547,5,855
867,1,8.70833683735,3.0,9,0.016016016016,0,1.39485847184,-0.47623857817,5,900
868,1,2.07490610819,2.0,3,0.016016016016,1,-1.13484987098,0.479455721135,5,812
869,1,8.22588758435,6.0,15,0.015015015015,0,1.08458594649,-0.0278702551167,5,1000
870,1,5.29186118868,2.0,12,0.017017017017,0,0.00187306776946,0.286241985376,5,982
871,1,7.24852463436,3.0,11,0.015015015015,0,0.692158597077,0.172048843126,5,989
872,1,4.10439911918,0.0,14,0.016016016016,0,-0.356621609299,0.174263947081,5,997
873,1,6.96337053564,2.0,13,0.016016016016,0,0.758663083507,-0.312618714879,5,993
874,1,6.80577213628,5.0,9,0.015015015015,0,0.371654947625,0.690807293409,5,966
875,1,5.12713218451,4.0,7,0.015015015015,0,0.218617843305,-0.528721345406,5,963
876,1,5.2084566819,4.0,14,0.015015015015,0,0.0402238046161,0.0877852680552,5,999
877,1,7.0966512081,6.0,8,0.015015015015,0,0.28708242748,1.23540392566,5,960
878,1,4.6710786394,3.0,6,0.016016016016,0,-0.0612736645498,-0.145100366953,5,939
879,1,3.4514717069,1.0,8,0.017017017017,0,-0.845971872709,0.989387325024,5,943
880,1,5.33590794534,0.0,7,0.013013013013,0,0.147258212699,-0.105866692758,5,956
881,1,3.80894987567,3.0,13,0.015015015015,0,-0.28182221443,-0.345583481038,5,978
882,1,1.26632953117,1.0,2,0.015015015015,1,-1.28839252844,0.131507116501,5,905
883,1,2.51080951903,2.0,8,0.016016016016,0,-0.64015422507,-0.568727805757,5,930
884,1,5.40482397405,3.0,15,0.017017017017,0,-0.153953132455,0.866683371415,5,958
885,1,1.31658373748,1.0,6,0.014014014014,0,-1.06985911832,-0.473838907568,5,929
886,1,3.19769904795,1.0,4,0.018018018018,0,-0.902968210527,0.90660367953,5,911
887,1,4.26875914181,2.0,6,0.017017017017,0,-0.0714884651515,-0.516775462735,5,915
888,1,7.65642284912,3.0,8,0.016016016016,0,0.961825254892,-0.22905291556,5,922
889,1,1.23671434303,0.0,2,0.017017017017,0,-1.36202661986,0.322794202604,5,867
890,1,7.11898040624,5.0,13,0.016016016016,0,0.873288976659,-0.500886523737,5,935
891,1,6.5740189644,1.0,8,0.017017017017,0,0.492669299129,0.096011067012,5,923
892,1,7.68843337176,2.0,9,0.014014014014,0,1.04192173114,-0.437331821652,5,919
893,1,6.06576682555,1.0,16,0.017017017017,0,0.383424738129,-0.0845073888384,5,975
894,1,7.1499916494,2.0,16,0.016016016016,0,1.03811790225,-0.964362057365,5,980
895,1,4.04294702502,2.0,7,0.016016016016,0,-0.0964473874122,-0.66771081274,5,901
896,1,3.88400434076,3.0,6,0.017017017017,0,-0.586908261961,0.644729126644,5,837
897,1,2.57139816246,1.0,3,0.015015015015,0,-0.414278035517,-1.18576773099,5,820
898,1,5.21908565118,3.0,10,0.016016016016,0,0.0239531112674,0.147226317381,5,870
899,1,10.3053868449,9.0,15,0.017017017017,0,1.67202617187,0.289308329257,5,934
900,1,5.42895059395,4.0,10,0.014014014014,0,-0.0721579755713,0.645424520668,5,858
901,1,4.58990964641,1.0,7,0.016016016016,0,-0.130427890537,-0.0188066819749,5,830
902,1,9.57476474581,8.0,10,0.015015015015,0,1.4540980859,0.212470488102,5,832
903,1,4.49296256092,3.0,5,0.015015015015,0,-0.00394956248431,-0.495188751628,5,632
904,1,9.86849305287,7.0,13,0.017017017017,0,1.95192045642,-0.987268316397,5,854
905,1,3.51420336281,0.0,9,0.016016016016,0,-0.441670533772,-0.160785035873,5,719
906,1,3.34158476746,1.0,4,0.015015015015,0,-0.605604526793,0.158398347837,5,418
907,1,4.49423929017,2.0,8,0.017017017017,0,-0.00608930618938,-0.487492791266,5,590
908,1,5.71794076955,5.0,9,0.013013013013,0,0.27969754476,-0.121151864729,5,652
909,1,4.81404576456,3.0,7,0.015015015015,0,0.190493293047,-0.757434114578,5,463
910,1,3.8508630979,3.0,4,0.018018018018,1,-0.305030785508,-0.234044545577,5,359
911,1,3.16212347932,2.0,4,0.017017017017,0,-0.432678096852,-0.539842230119,5,401
912,1,4.5250078235,4.0,9,0.016016016016,0,-0.296602588935,0.414815590303,5,454
913,1,9.60185982769,7.0,14,0.016016016016,0,1.3223064662,0.634940429094,5,714
914,1,-2.62836499643,,0,0.017017017017,1,-2.61134433488,0.205668008224,5,5
915,1,4.12041292298,3.0,11,0.016016016016,0,-0.229519935343,-0.191027270991,5,450
916,1,4.68720429874,2.0,5,0.017017017017,0,-0.193640401687,0.268125503801,5,375
917,1,0.83899745105,,1,0.015015015015,0,-1.48373240047,0.290194652453,5,12
918,1,1.25474555908,1.0,4,0.014014014014,0,-1.17920549348,-0.207637960472,5,199
919,1,9.6116283657,8.0,17,0.017017017017,0,1.38073898023,0.46941142501,5,807
920,1,9.00330287056,8.0,11,0.016016016016,0,1.20537743301,0.387170571531,5,419
921,1,4.33580487618,4.0,6,0.015015015015,0,-0.326652104866,0.315761190772,5,211
922,1,2.80164017242,,3,0.016016016016,0,-0.614426065297,-0.355081631691,5,123
923,1,7.8081592414,6.0,12,0.016016016016,0,1.17007290508,-0.70205947385,5,381
924,1,3.00378113236,,4,0.015015015015,0,-0.727632972749,0.186680050611,5,187
925,1,9.29738129939,6.0,11,0.015015015015,0,1.43677966108,-0.0129576838314,5,318
926,1,1.19099685701,1.0,2,0.015015015015,1,-1.45466987498,0.555006481953,5,103
927,1,2.44390258227,,4,0.019019019019,0,-0.702623880494,-0.448225776251,5,159
928,1,2.06844919673,2.0,7,0.016016016016,0,-0.916012998242,-0.183511808543,5,245
929,1,7.70351700673,4.0,8,0.016016016016,0,1.01508298766,-0.341731956251,5,275
930,1,6.27846689659,6.0,8,0.015015015015,0,0.455599781443,-0.0883324477386,5,282
931,1,6.51597570249,5.0,8,0.015015015015,0,0.130075450688,1.12574935042,5,287
932,1,5.73292255666,3.0,10,0.016016016016,0,0.288436130801,-0.132385835746,5,301
933,1,9.01130893397,8.0,16,0.017017017017,0,1.17175934808,0.496030889744,5,392
934,1,0.000698223354115,,1,0.018018018018,0,-1.84934292407,0.548726995565,5,21
935,1,7.91113743025,6.0,11,0.016016016016,0,1.19194583432,-0.664700072723,5,306
936,1,-0.630114689243,,0,0.016016016016,1,-1.93439602748,0.173073393202,5,3
937,1,6.757932861,3.0,11,0.015015015015,0,0.577766221751,0.0246341957498,5,369
938,1,-3.82822075173,,2,0.017017017017,0,-3.12886600384,0.558377259775,5,51
939,1,3.94278114597,2.0,10,0.013013013013,0,-0.153309020076,-0.597291793803,5,376
940,1,4.5826121348,3.0,5,0.015015015015,0,0.112991963067,-0.756363754396,5,274
941,1,5.65993402759,2.0,8,0.015015015015,0,0.234840711461,-0.0445881067917,5,319
942,1,7.02294058772,7.0,8,0.018018018018,1,0.503219988994,0.513280620735,5,335
943,1,6.30406242706,3.0,14,0.015015015015,0,0.270993966504,0.491080527545,5,409
944,1,5.00608863716,3.0,14,0.016016016016,0,0.388820131109,-1.16037175617,5,403
945,1,3.00177114363,1.0,7,0.014014014014,0,-0.674010200852,0.0238017461888,5,313
946,1,1.99251424503,1.0,3,0.014014014014,0,-0.897010532161,-0.316454158488,5,248
947,1,7.93463059773,0.0,11,0.018018018018,0,1.38357183783,-1.21608491577,5,354
948,1,4.61797820438,3.0,5,0.015015015015,0,-0.392851013149,0.796531243832,5,302
949,1,5.88593548757,5.0,8,0.019019019019,0,0.196265442424,0.2971391603,5,305
950,1,4.3399279336,3.0,12,0.015015015015,0,-0.10701254604,-0.339034428276,5,626
951,1,0.3071222436,0.0,2,0.017017017017,0,-1.36425915905,-0.600100279262,5,193
952,1,1.31514267509,1.0,4,0.016016016016,0,-1.144093175,-0.252577799906,5,266
953,1,6.33736040771,4.0,8,0.017017017017,0,0.203712597958,0.726222613838,5,303
954,1,2.15019485126,0.0,16,0.016016016016,0,-1.20555534418,0.766860883816,5,649
955,1,2.71894862778,2.0,3,0.018018018018,1,-0.643245132671,-0.351315974212,5,186
956,1,1.38398661549,1.0,11,0.016016016016,0,-1.15422995309,-0.153323525223,5,350
957,1,4.32290420762,2.0,5,0.017017017017,0,-0.25157475559,0.0776284743894,5,195
958,1,9.16864508229,8.0,10,0.016016016016,0,1.09616028803,0.880164218189,5,361
959,1,1.2869685712,1.0,3,0.015015015015,0,-1.12714086531,-0.331608832865,5,177
960,1,4.33995484514,3.0,5,0.015015015015,0,-0.153439922564,-0.199725387164,5,206
961,1,6.8608442423,3.0,7,0.014014014014,0,0.507620922389,0.337981475136,5,219
962,1,4.42185116643,2.0,6,0.019019019019,0,-0.334576842721,0.425581694594,5,196
963,1,-1.70327913085,,0,0.016016016016,1,-2.24103979418,0.0198402516867,5,44
964,1,9.72096403811,8.0,13,0.018018018018,0,1.59960710429,-0.0778572747597,5,413
965,1,6.79687325684,2.0,8,0.015015015015,0,0.762881850932,-0.491772295954,5,309
966,1,3.56988722613,1.0,9,0.017017017017,0,-0.764266357433,0.86268629843,5,378
967,1,1.58192579586,1.0,2,0.016016016016,1,-1.46032726669,0.962907595926,5,151
968,1,4.72867528934,1.0,5,0.018018018018,0,0.220432786391,-0.932623069836,5,230
969,1,4.84764013481,4.0,8,0.013013013013,0,-0.0778670874275,0.0812413970963,5,398
970,1,4.90520214322,4.0,12,0.017017017017,0,-0.104834774858,0.219706467795,5,438
971,1,7.5863386118,7.0,14,0.018018018018,0,0.86148100948,0.00189558336012,5,467
972,1,6.28347233188,1.0,13,0.014014014014,0,0.328123139189,0.299102914311,5,572
973,1,5.95673284678,5.0,6,0.016016016016,1,0.175347569823,0.430690137307,5,367
974,1,8.86066082249,2.0,14,0.016016016016,0,1.50795562176,-0.663206042781,5,510
975,1,5.45575625658,1.0,7,0.016016016016,0,0.417003050634,-0.795252895317,5,372
976,1,2.89403474243,0.0,3,0.018018018018,0,-0.71587588692,0.0416624031948,5,344
977,1,0.918661460864,0.0,1,0.014014014014,1,-1.16634206291,-0.582312350395,5,113
978,1,6.99475970867,3.0,13,0.017017017017,0,0.347016824635,0.953709234762,5,477
979,1,6.45208915753,5.0,8,0.017017017017,0,0.370184505483,0.341535641082,5,373
980,1,6.47078312444,6.0,11,0.019019019019,0,0.387040805552,0.309660707787,5,379
981,1,6.37176419387,1.0,13,0.014014014014,0,0.325824217983,0.394291539921,5,551
982,1,2.97481381092,2.0,4,0.017017017017,0,-0.673414369248,-0.00494308133723,5,227
983,1,-0.527130073094,,0,0.016016016016,1,-1.84634634147,0.0119089513125,5,26
984,1,7.25722313436,6.0,11,0.014014014014,0,0.634891106041,0.352549816234,5,434
985,1,3.29214063403,2.0,6,0.016016016016,0,-0.449777111357,-0.358528031904,5,315
986,1,7.72663910298,7.0,12,0.015015015015,0,0.869313648517,0.118698157424,5,620
987,1,3.37842438693,2.0,4,0.016016016016,0,-0.633307272424,0.278346204201,5,239
988,1,2.12334448054,2.0,3,0.015015015015,1,-0.990922436763,0.0961117908332,5,209
989,1,8.16781488081,2.0,9,0.017017017017,0,1.1368963648,-0.242874213605,5,339
990,1,6.02197895596,4.0,11,0.018018018018,0,0.451520247902,-0.332581787742,5,362
991,1,2.73338672577,2.0,3,0.014014014014,1,-0.63239225388,-0.369436512586,5,232
992,1,6.61526348819,5.0,9,0.016016016016,0,0.66353302762,-0.37533559467,5,431
993,1,7.86357050752,4.0,16,0.017017017017,0,1.04177385029,-0.261751043361,5,595
994,1,1.89542680461,1.0,5,0.016016016016,0,-1.46747188004,1.29784244472,5,336
995,1,-0.220309204444,,0,0.017017017017,1,-1.77945330682,0.118050716013,5,33
996,1,8.76473369206,6.0,12,0.018018018018,0,1.12255604267,0.397065564057,5,526
997,1,4.76955064406,2.0,10,0.015015015015,0,-0.176156596817,0.298020434509,5,532
998,1,4.21055574301,1.0,6,0.016016016016,0,-0.407181179048,0.432099280157,5,355
999,1,9.54158147514,8.0,10,0.017017017017,0,1.52184568043,-0.023955566139,5,461
