name,activated,threshold,before_activation_alters,after_activation_alters,degree,observed,var1,epsilon,constant,activation_order
0,1,4.89995945419,0.0,36.0,0.125125125125,0,-0.20233430364,0.506962365108,5,255
1,1,6.51044061081,5.0,18.0,0.0600600600601,0,0.363316606207,0.420490792186,5,225
2,1,2.93237018014,1.0,3.0,0.0810810810811,0,-0.978293051353,0.867249334202,5,23
3,1,3.05673918409,2.0,55.0,0.0600600600601,0,-1.57604364012,2.78487010446,5,862
4,1,2.57420179902,2.0,31.0,0.0850850850851,0,-1.29693562682,1.46500867949,5,268
5,1,7.14872918328,4.0,9.0,0.102102102102,0,1.13695959869,-1.26214961279,5,78
6,1,3.62994674172,2.0,4.0,0.027027027027,0,-0.155977602547,-0.902120450641,5,137
7,1,2.83049594415,1.0,5.0,0.045045045045,0,-0.458255289286,-0.794738187994,5,107
8,1,2.16826245972,,5.0,0.135135135135,0,-0.907974943531,-0.10781270969,5,30
9,1,3.70523655307,2.0,18.0,0.141141141141,0,-0.133607667283,-0.893940445078,5,96
10,1,3.58295169979,,61.0,0.117117117117,0,-0.530362558305,0.1740393747,5,353
11,1,8.80784978332,,80.0,0.114114114114,0,1.68358680223,-1.24291062337,5,671
12,1,-2.84526044387,,1.0,0.108108108108,0,-2.92476302996,0.929028646014,5,27
13,1,7.26917528982,3.0,13.0,0.202202202202,0,0.589164259023,0.501682512748,5,44
14,1,3.09012653042,,19.0,0.109109109109,0,-1.02796095938,1.17400940856,5,131
15,1,5.35399005361,1.0,9.0,0.0800800800801,0,0.112337401388,0.0169778494444,5,113
16,1,6.56193531687,,36.0,0.0830830830831,0,0.430575218178,0.270209662332,5,334
17,1,3.72010853383,3.0,4.0,0.1001001001,1,-0.364239092409,-0.187174188941,5,34
18,1,1.78808326092,0.0,3.0,0.0740740740741,0,-0.833829237257,-0.710429027309,5,83
19,1,0.303277500496,0.0,10.0,0.0960960960961,0,-1.5891522022,0.0707341070872,5,48
20,1,7.00711767967,6.0,10.0,0.0760760760761,0,0.776300686447,-0.32178437967,5,90
21,1,6.55483287329,0.0,13.0,0.0870870870871,0,0.854760956962,-1.0094499976,5,101
22,1,2.46383236559,0.0,9.0,0.0520520520521,0,-1.06639432236,0.663015332665,5,135
23,1,8.14355835135,,24.0,0.045045045045,0,1.22511000664,-0.531771668564,5,397
24,1,6.80084721681,,40.0,0.0630630630631,0,0.696927436938,-0.289935094005,5,632
25,1,4.84995089657,1.0,5.0,0.037037037037,0,0.586040408064,-1.90817032762,5,99
26,1,6.06669183891,,11.0,0.041041041041,0,0.369641912679,-0.0422338991259,5,190
27,1,6.30550314265,1.0,8.0,0.035035035035,0,0.716948670397,-0.84534286854,5,174
28,1,0.307541998939,,9.0,0.0550550550551,0,-1.23123471687,-0.998753850442,5,173
29,1,1.87644414597,,2.0,0.037037037037,0,-0.773838494152,-0.80204037158,5,35
30,1,2.22900189489,0.0,10.0,0.029029029029,0,-0.250787661199,-2.01863512151,5,146
31,1,9.76404279342,5.0,10.0,0.025025025025,0,1.65316658769,-0.195456969648,5,319
32,1,4.87172702096,,52.0,0.0720720720721,0,0.271279167346,-0.942110481081,5,736
33,1,4.79108505621,,7.0,0.037037037037,0,0.522404534344,-1.77612854682,5,46
34,1,6.55707351089,,52.0,0.0590590590591,0,0.0233058209502,1.48715604804,5,816
35,1,5.05245948793,,14.0,0.019019019019,0,0.187992952575,-0.511519369793,5,615
36,1,8.16465452054,0.0,20.0,0.045045045045,0,0.681465481619,1.12025807568,5,308
37,1,7.27489550396,,15.0,0.046046046046,0,0.757516940416,0.0023446827121,5,258
38,1,-2.14388971115,,6.0,0.0630630630631,0,-1.94699031284,-1.30291877263,5,52
39,1,8.09757870609,6.0,13.0,0.041041041041,0,0.591841334457,1.32205470272,5,256
40,1,7.50991829438,7.0,8.0,0.023023023023,1,0.735927689893,0.302135224702,5,115
41,1,4.77921229313,,5.0,0.0500500500501,0,0.748304311774,-2.46570064219,5,66
42,1,7.25679456327,,25.0,0.042042042042,0,0.822277678542,-0.210038472359,5,536
43,1,7.92597388042,,20.0,0.0780780780781,0,0.643834509612,0.994470351585,5,239
44,1,6.82830477238,3.0,29.0,0.036036036036,0,0.504276108513,0.315476446839,5,727
45,1,0.947688282863,,2.0,0.038038038038,0,-1.2864947147,-0.192827573031,5,11
46,1,7.17164391694,6.0,10.0,0.0570570570571,0,0.214473006547,1.5282248973,5,182
47,1,1.18127531721,,3.0,0.04004004004,0,-1.01386754687,-0.777122042175,5,25
48,1,5.67665235085,,35.0,0.043043043043,0,0.270819946852,-0.135807489705,5,718
49,1,7.14750705065,5.0,20.0,0.037037037037,0,0.443388579583,0.817341311907,5,284
50,1,10.5056190482,,15.0,0.027027027027,0,1.79419404431,0.123036915296,5,520
51,1,8.08880914996,4.0,22.0,0.037037037037,0,0.777140247416,0.757388407707,5,429
52,1,10.6927611863,3.0,21.0,0.033033033033,0,2.49896886854,-1.80414541926,5,778
53,1,8.31223245633,,9.0,0.036036036036,0,1.29168531381,-0.56282348511,5,126
54,1,8.55625558426,6.0,13.0,0.04004004004,0,0.966892833323,0.655577084291,5,263
55,1,9.2494219196,9.0,11.0,0.026026026026,0,1.30569452345,0.332338349239,5,508
56,1,5.3032941594,1.0,8.0,0.032032032032,0,0.0618293921338,0.117805983002,5,187
57,1,3.88013884193,2.0,13.0,0.032032032032,0,-0.601448381361,0.684483986011,5,252
58,1,4.38869316345,1.0,20.0,0.028028028028,0,0.0832422974421,-0.861033728872,5,496
59,1,5.81523720787,,7.0,0.033033033033,0,0.661155655768,-1.16822975944,5,47
60,1,6.25246779433,0.0,8.0,0.026026026026,0,0.146158210435,0.813993163024,5,246
61,1,7.14352392773,2.0,11.0,0.022022022022,0,0.724540998693,-0.0300990683525,5,296
62,1,9.04783772649,7.0,14.0,0.021021021021,0,1.33867687672,0.0318070963297,5,385
63,1,3.18217212598,3.0,6.0,0.022022022022,0,-0.670852246739,0.194728866202,5,122
64,1,8.59875152444,0.0,12.0,0.0590590590591,0,0.89808936674,0.904483424217,5,200
65,1,4.58932292513,3.0,11.0,0.032032032032,0,-0.179964258676,0.129215701159,5,227
66,1,1.89374495221,,2.0,0.03003003003,0,-0.559511159462,-1.4277215694,5,37
67,1,4.76317403593,1.0,29.0,0.033033033033,0,0.0523238420094,-0.393797490094,5,820
68,1,3.79999702903,1.0,6.0,0.04004004004,0,-0.497786772483,0.293357346482,5,184
69,1,8.87221347212,3.0,15.0,0.023023023023,0,1.69099947336,-1.20078494797,5,617
70,1,10.9001467273,3.0,13.0,0.03003003003,0,2.04486341181,-0.234443508144,5,471
71,1,-0.50735328714,,23.0,0.027027027027,0,-2.27736748397,1.32474916478,5,762
72,1,3.56980908779,,7.0,0.028028028028,0,-0.17725359553,-0.898430125623,5,134
73,1,8.4372401229,7.0,12.0,0.022022022022,0,0.875045559831,0.81210344341,5,377
74,1,11.4599278377,8.0,17.0,0.036036036036,0,1.90022990668,0.759238117641,5,530
75,1,-1.00334243338,,10.0,0.02002002002,0,-1.69154576707,-0.928705132172,5,310
76,1,10.9593102472,8.0,14.0,0.035035035035,0,1.65220024314,1.00270951784,5,402
77,1,6.53170486623,,13.0,0.023023023023,0,0.800575798261,-0.870022528558,5,265
78,1,3.83493354292,2.0,7.0,0.037037037037,0,-0.702651994789,0.942889527284,5,77
79,1,-1.75764511864,,0.0,0.017017017017,1,-1.86237432347,-1.17052214823,5,19
80,1,6.71872887318,5.0,15.0,0.035035035035,0,0.840693073255,-0.803350346583,5,336
81,1,5.38476334571,0.0,9.0,0.02002002002,0,-0.0899047695882,0.654477654474,5,273
82,1,2.5091905099,1.0,8.0,0.024024024024,0,-1.37574168385,1.63641556145,5,168
83,1,2.82001568226,,7.0,0.0520520520521,0,-0.779213472811,0.157656100694,5,98
84,1,10.9539862219,10.0,28.0,0.045045045045,0,2.00278244655,-0.0543611176907,5,547
85,1,5.90009443915,5.0,8.0,0.021021021021,0,0.146817000494,0.459643437663,5,232
86,1,3.67706910611,,6.0,0.021021021021,0,-0.545952148019,0.314925550171,5,82
87,1,5.34093692593,4.0,13.0,0.017017017017,0,0.3495639515,-0.707754928575,5,490
88,1,1.83004885312,0.0,8.0,0.013013013013,0,-0.653109250083,-1.21062339664,5,566
89,1,4.76588907698,2.0,7.0,0.023023023023,0,-0.568806926652,1.47230985693,5,212
90,1,6.03587523432,0.0,15.0,0.022022022022,0,0.116562757989,0.68618696035,5,639
91,1,3.57850573437,0.0,5.0,0.015015015015,0,-0.356230268927,-0.352803458854,5,111
92,1,4.40477154145,,5.0,0.018018018018,0,0.0160873383786,-0.643490473685,5,118
93,1,4.79548751248,4.0,7.0,0.022022022022,0,0.0731156905398,-0.423859559138,5,93
94,1,-0.840028052739,,1.0,0.011011011011,0,-1.86501127099,-0.244994239781,5,33
95,1,4.78926859233,3.0,6.0,0.015015015015,0,-0.0102761747297,-0.179902883482,5,58
96,1,2.32603291865,1.0,4.0,0.047047047047,0,-1.25012880692,1.07641933942,5,26
97,1,5.91505865035,,10.0,0.03003003003,0,0.390798728494,-0.257337535135,5,129
98,1,-2.14629539147,,1.0,0.02002002002,0,-2.10922254576,-0.818627754191,5,31
99,1,9.91514496575,3.0,14.0,0.032032032032,0,1.23029081275,1.22427252752,5,591
100,1,6.14969857601,1.0,10.0,0.033033033033,0,-0.0142125787865,1.19233631237,5,150
101,1,4.2398190451,,8.0,0.028028028028,0,-0.479309440606,0.677747366922,5,106
102,1,5.79236399693,2.0,17.0,0.031031031031,0,0.29068878414,-0.0797023554936,5,502
103,1,11.831568158,3.0,14.0,0.028028028028,0,2.28959164575,-0.0372067791983,5,475
104,1,4.73175352172,4.0,20.0,0.028028028028,0,0.197111497417,-0.859580970532,5,689
105,1,8.30720040783,4.0,13.0,0.021021021021,0,0.791074764224,0.93397611516,5,594
106,1,6.20325122668,6.0,7.0,0.024024024024,1,-0.127171378139,1.5847653611,5,216
107,1,-0.747376925655,,1.0,0.022022022022,0,-2.0175383121,0.305238010647,5,10
108,1,0.0536740857946,,5.0,0.023023023023,0,-1.55296661361,-0.287426073367,5,120
109,1,0.628937412333,0.0,2.0,0.03003003003,0,-1.24104787581,-0.647918960244,5,39
110,1,3.62177402416,3.0,14.0,0.017017017017,0,-0.85321574162,1.18142124902,5,809
111,1,2.4466439516,0.0,4.0,0.022022022022,0,-0.586356747196,-0.794285806816,5,87
112,1,5.71496001837,,10.0,0.026026026026,0,0.098086246437,0.42070127906,5,167
113,1,3.09452708109,,9.0,0.031031031031,0,-0.821427445386,0.558809417251,5,141
114,1,0.875784957669,,1.0,0.028028028028,0,-1.47193431733,0.291587909658,5,56
115,1,12.0636277561,11.0,15.0,0.022022022022,0,2.3061304762,0.145236327531,5,535
116,1,4.18811642604,2.0,10.0,0.025025025025,0,-0.130243212477,-0.421153936527,5,390
117,1,4.91061469647,4.0,6.0,0.023023023023,0,0.267784718069,-0.892739457734,5,117
118,1,13.7901454764,1.0,15.0,0.02002002002,0,2.66087499599,0.807520488395,5,670
119,1,1.79833688738,,3.0,0.034034034034,0,-0.608161383998,-1.37717896063,5,43
120,1,3.88563650209,3.0,5.0,0.018018018018,0,-1.08628936328,2.14450459194,5,72
121,1,5.23772150494,0.0,13.0,0.023023023023,0,0.438581829134,-1.07802398247,5,484
122,1,8.22366915376,0.0,9.0,0.018018018018,0,0.830400518719,0.732467597605,5,459
123,1,4.73733853673,2.0,13.0,0.014014014014,0,0.220230038072,-0.923351577482,5,896
124,1,1.13461647044,,4.0,0.014014014014,0,-0.762534896199,-1.57777884096,5,194
125,1,8.2057795346,0.0,9.0,0.016016016016,0,0.387786829208,2.04241904698,5,277
126,1,6.27723066527,5.0,8.0,0.01001001001,0,0.0641390125188,1.08481362772,5,291
127,1,3.86075797513,3.0,4.0,0.016016016016,1,-0.260261196196,-0.358458436281,5,124
128,1,10.0529872862,8.0,17.0,0.0510510510511,0,1.6946980381,-0.0311068280964,5,375
129,1,11.7748819692,9.0,14.0,0.02002002002,0,2.10032274329,0.473913739318,5,732
130,1,4.56037175388,0.0,12.0,0.029029029029,0,-0.130915333473,-0.0468822456976,5,243
131,1,6.64348008487,4.0,10.0,0.025025025025,0,0.667226976149,-0.358200843574,5,388
132,1,3.99986908849,3.0,6.0,0.024024024024,0,0.139480980361,-1.41857385259,5,109
133,1,8.3920259866,2.0,12.0,0.033033033033,0,0.864149666549,0.799576986955,5,329
134,1,2.89230231352,2.0,8.0,0.019019019019,0,-0.704145983494,0.00474026400393,5,287
135,1,-2.75950293518,,1.0,0.037037037037,0,-2.34446101036,-0.726119904099,5,29
136,1,5.31176211871,3.0,15.0,0.023023023023,0,0.241546851128,-0.412878434677,5,607
137,1,5.62027473396,,6.0,0.021021021021,0,0.29848414081,-0.275177688473,5,416
138,1,3.12478826004,0.0,8.0,0.019019019019,0,-0.514901334881,-0.330507735314,5,213
139,1,-0.853831071684,,3.0,0.032032032032,0,-1.57359458894,-1.13304730485,5,65
140,1,7.26997879925,7.0,10.0,0.018018018018,0,0.379051221563,1.13282513456,5,343
141,1,0.567786846462,,7.0,0.027027027027,0,-1.62987897861,0.457423782287,5,170
142,1,3.16204320315,3.0,16.0,0.031031031031,0,-0.553534696278,-0.177352708015,5,404
143,1,10.4585441381,10.0,15.0,0.018018018018,0,1.78371118175,0.107410592886,5,795
144,1,6.73267758646,1.0,7.0,0.024024024024,0,0.688946673864,-0.334162435135,5,181
145,1,5.62169262132,1.0,26.0,0.028028028028,0,0.0278820427145,0.538046493173,5,836
146,1,10.3081853086,10.0,16.0,0.03003003003,0,1.55238159269,0.651040530502,5,407
147,1,5.83439403962,3.0,18.0,0.019019019019,0,0.13364246608,0.433466641375,5,747
148,1,9.96477951492,7.0,14.0,0.017017017017,0,2.0069195461,-1.05597912339,5,755
149,1,3.01805868819,,4.0,0.032032032032,0,-0.492593227459,-0.504161629432,5,51
150,1,9.63446629703,6.0,10.0,0.018018018018,0,1.71363514263,-0.506439130853,5,546
151,1,4.04188425485,0.0,6.0,0.015015015015,0,-0.567990448375,0.745855599978,5,169
152,1,3.79567070913,2.0,10.0,0.038038038038,0,-0.562427243662,0.482952440118,5,437
153,1,4.71969881832,2.0,8.0,0.019019019019,0,-0.205771109202,0.337012145929,5,346
154,1,4.46048257815,4.0,12.0,0.015015015015,0,-0.923186866215,2.23004317679,5,613
155,1,6.32988460576,4.0,11.0,0.018018018018,0,0.498244844594,-0.164849928023,5,370
156,1,7.622713082,7.0,8.0,0.011011011011,1,0.761983824948,0.336761607161,5,784
157,1,7.58832772564,4.0,13.0,0.02002002002,0,1.27801773878,-1.24572549072,5,517
158,1,5.57446999446,1.0,7.0,0.016016016016,0,0.0737632915937,0.35318011968,5,189
159,1,8.10883575147,,9.0,0.015015015015,0,0.629161770876,1.22135043884,5,413
160,1,4.61338243988,0.0,6.0,0.026026026026,0,-0.0733229592068,-0.166648682497,5,257
161,1,3.07577209185,0.0,11.0,0.037037037037,0,-0.304431860523,-1.01093232658,5,300
162,1,2.98418884159,2.0,5.0,0.019019019019,0,-0.838659892291,0.500168518458,5,210
163,1,4.17089291891,3.0,5.0,0.013013013013,0,0.135605867015,-1.23592468213,5,237
164,1,6.48264127685,0.0,9.0,0.029029029029,0,0.462685689329,0.0945842088598,5,324
165,1,0.402899315929,,4.0,0.017017017017,0,-1.6651502041,0.39834992824,5,54
166,1,2.10575412719,,5.0,0.024024024024,0,-0.888767411946,-0.227943636975,5,97
167,1,6.94930237485,4.0,7.0,0.019019019019,0,0.200901414851,1.34659813029,5,176
168,1,10.3310932268,1.0,12.0,0.016016016016,0,1.8327798469,-0.167246313906,5,542
169,1,6.14131532266,1.0,29.0,0.034034034034,0,0.393492531105,-0.0391622706591,5,869
170,1,7.07012089531,7.0,8.0,0.031031031031,1,0.846749283476,-0.470126955117,5,196
171,1,6.97351547044,6.0,8.0,0.028028028028,0,0.321875878426,1.00788783516,5,338
172,1,6.19854066825,,8.0,0.023023023023,0,0.263930367262,0.406749566464,5,228
173,1,6.92759327123,6.0,11.0,0.015015015015,0,1.07408797099,-1.29467064174,5,571
174,1,3.11787712502,,4.0,0.016016016016,0,-0.278135472606,-1.04771645716,5,275
175,1,2.23463387708,0.0,16.0,0.027027027027,0,-0.984396743056,0.187824106248,5,359
176,1,3.79805277946,3.0,6.0,0.016016016016,0,0.319053652001,-2.15910817654,5,70
177,1,1.45220818472,,9.0,0.023023023023,0,-1.42259826045,0.720002966068,5,250
178,1,7.11837375477,7.0,15.0,0.02002002002,0,0.756879991053,-0.15226621839,5,569
179,1,3.82366622503,1.0,15.0,0.019019019019,0,-0.188506290464,-0.610814903577,5,768
180,1,-2.10779112435,,0.0,0.012012012012,1,-2.27392473087,-0.286016931737,5,9
181,1,5.71677895095,5.0,7.0,0.018018018018,0,-0.153176405045,1.17630816608,5,175
182,1,4.87637265467,4.0,14.0,0.018018018018,0,-0.716859023613,2.02694972551,5,788
183,1,12.4476990042,11.0,13.0,0.017017017017,0,2.44121774299,0.124045775199,5,606
184,1,4.98976354635,0.0,14.0,0.015015015015,0,0.0476654250864,-0.153232728907,5,826
185,1,6.72424164536,,11.0,0.014014014014,0,0.84982844106,-0.825243677823,5,492
186,1,7.34550937436,3.0,11.0,0.014014014014,0,0.349177813588,1.2979759336,5,600
187,1,2.25989706772,,9.0,0.021021021021,0,-0.736394300457,-0.530920030906,5,236
188,1,2.70717795506,2.0,5.0,0.022022022022,0,-0.121199970134,-1.92922213453,5,143
189,1,1.45795496634,1.0,2.0,0.012012012012,1,-0.631516193383,-1.64749645351,5,114
190,1,2.32671251777,0.0,3.0,0.01001001001,0,-0.975477098213,0.253143812407,5,159
191,1,2.2252002283,2.0,10.0,0.016016016016,0,-0.842762310839,-0.246512839181,5,637
192,1,5.20664354686,4.0,22.0,0.025025025025,0,-0.0746214634815,0.4305079373,5,873
193,1,-0.0248175965832,,0.0,0.017017017017,1,-1.24281349602,-1.29637710854,5,62
194,1,5.15276258142,5.0,14.0,0.02002002002,0,-0.037967705132,0.266665696819,5,618
195,1,4.48400601237,,6.0,0.02002002002,0,-0.572138747098,1.20042225366,5,199
196,1,7.51542254322,6.0,9.0,0.012012012012,0,1.03945736853,-0.60294956237,5,822
197,1,9.80537673152,8.0,10.0,0.014014014014,0,1.3984084541,0.610151369227,5,680
198,1,4.86804269934,,9.0,0.029029029029,0,0.0433173202498,-0.261909261408,5,280
199,1,5.83997117251,2.0,11.0,0.031031031031,0,0.0022088376178,0.833344659659,5,374
200,1,8.66898185645,7.0,20.0,0.028028028028,0,1.2960638589,-0.21920972024,5,707
201,1,7.27389119962,7.0,9.0,0.015015015015,0,0.458929153624,0.897103738751,5,485
202,1,8.77548366914,7.0,18.0,0.024024024024,0,1.27734238897,-0.0565434977719,5,741
203,1,12.692152533,11.0,13.0,0.013013013013,0,1.702401787,2.58494717196,5,926
204,1,8.56060477466,8.0,10.0,0.021021021021,0,0.863106847769,0.971284231351,5,381
205,1,4.45799730173,3.0,5.0,0.014014014014,0,-0.862187397305,2.04455949365,5,514
206,1,10.6218189047,9.0,11.0,0.015015015015,0,1.64495415188,0.686956449061,5,643
207,1,4.22335287734,4.0,7.0,0.023023023023,0,0.0530691590158,-0.935854599703,5,351
208,1,3.48312961499,2.0,9.0,0.022022022022,0,0.233561279099,-2.21755422231,5,382
209,1,8.07658300809,0.0,11.0,0.014014014014,0,0.943366238821,0.246484291627,5,702
210,1,8.70638522168,1.0,14.0,0.014014014014,0,1.02468047097,0.632343808776,5,892
211,1,9.09476941705,9.0,15.0,0.023023023023,0,1.31069570811,0.162682292721,5,605
212,1,9.31450216882,8.0,11.0,0.018018018018,0,1.18165875872,0.769525892679,5,782
213,1,2.46563351913,0.0,3.0,0.013013013013,0,-0.351161247042,-1.48088273974,5,132
214,1,-0.55603798168,,2.0,0.018018018018,0,-1.66534724543,-0.55999624538,5,36
215,1,5.24055330809,3.0,10.0,0.015015015015,0,0.0225315036444,0.172958797154,5,503
216,1,6.46589751685,6.0,9.0,0.018018018018,0,0.394697774305,0.281804193937,5,463
217,1,8.49508976568,4.0,10.0,0.016016016016,0,0.872727727939,0.876906581858,5,421
218,0,10.2216100118,10.0,,0.01001001001,0,1.82002065604,-0.238451956277,5,662
219,1,8.40537582326,7.0,14.0,0.016016016016,0,0.738821072679,1.18891260522,5,927
220,1,4.46666502857,0.0,9.0,0.012012012012,0,-0.539279288949,1.08450289541,5,581
221,1,7.74855354493,3.0,9.0,0.013013013013,0,0.716875713366,0.597926404837,5,628
222,1,2.50499332959,0.0,7.0,0.00800800800801,0,-0.687040873376,-0.433884050281,5,455
223,1,1.15627817165,1.0,10.0,0.012012012012,0,-0.937639201649,-1.03080422341,5,785
224,1,6.71393744699,5.0,9.0,0.013013013013,0,0.334201245768,0.711333709686,5,728
225,1,3.40846668453,0.0,8.0,0.026026026026,0,-0.993009366508,1.38749478405,5,393
226,1,10.8376549858,8.0,13.0,0.019019019019,0,2.18947088659,-0.73075767394,5,877
227,1,2.40241298229,,5.0,0.023023023023,0,-0.797723038052,-0.204417903551,5,152
228,1,4.89495676416,3.0,7.0,0.02002002002,0,0.0100333679803,-0.135143339777,5,419
229,1,4.13245505392,4.0,11.0,0.017017017017,0,-0.150663248141,-0.415555201653,5,760
230,1,3.01843064803,0.0,5.0,0.014014014014,0,-0.878095827092,0.652718129308,5,270
231,1,5.86248317991,1.0,9.0,0.02002002002,0,0.280064873017,0.0222885608607,5,286
232,1,7.56240676227,7.0,8.0,0.017017017017,1,1.37572464114,-1.56476716114,5,307
233,1,0.285248430246,0.0,1.0,0.023023023023,1,-1.41062448872,-0.482878103607,5,139
234,1,9.13755126921,5.0,11.0,0.018018018018,0,1.39017692544,-0.0329795071279,5,598
235,1,5.49187821773,,8.0,0.017017017017,0,0.39079221827,-0.680498437084,5,292
236,1,5.52452810952,3.0,7.0,0.013013013013,0,-0.0605645145743,0.706221653248,5,248
237,1,9.26753163728,9.0,11.0,0.015015015015,0,0.690409693486,2.19630255683,5,710
238,1,6.3053654798,4.0,7.0,0.014014014014,0,0.149634843177,0.856460950271,5,414
239,1,3.83630911929,1.0,5.0,0.019019019019,0,-0.729064063026,1.02350130837,5,156
240,1,4.85113291222,4.0,9.0,0.019019019019,0,-0.00937425099052,-0.120744334813,5,401
241,1,5.40136463139,,7.0,0.021021021021,0,-0.371901039023,1.51706774846,5,147
242,1,1.75013966713,0.0,2.0,0.015015015015,0,-1.26642993337,0.549429467257,5,41
243,1,8.93636556921,8.0,15.0,0.016016016016,0,1.3211107945,-0.0269668142845,5,857
244,1,8.04391927676,7.0,10.0,0.015015015015,0,0.662836453544,1.05540991613,5,279
245,1,6.56978998536,6.0,7.0,0.017017017017,1,1.23199818947,-2.12620458306,5,441
246,1,8.42524559929,,10.0,0.016016016016,0,1.53791231978,-1.18849136007,5,400
247,1,4.00238433942,1.0,5.0,0.014014014014,0,-0.313079130392,-0.0583782694009,5,112
248,1,6.83217609592,2.0,8.0,0.014014014014,0,0.435138164623,0.526761602052,5,599
249,1,7.61040450778,6.0,12.0,0.014014014014,0,0.566505828339,0.910887022763,5,645
250,1,3.58353651375,,5.0,0.021021021021,0,-0.916950398411,1.33438770899,5,160
251,1,5.15391723018,,6.0,0.015015015015,0,-0.416055544136,1.40208386259,5,204
252,1,0.659431951114,,8.0,0.012012012012,0,-1.18113466352,-0.797164058331,5,373
253,1,-2.17004785306,,0.0,0.016016016016,1,-1.65376314364,-2.20875842215,5,15
254,1,0.835384148621,,3.0,0.01001001001,0,-0.602837355858,-2.3561037838,5,231
255,1,4.32949186095,4.0,6.0,0.00900900900901,0,0.0335305398143,-0.771099758496,5,498
256,1,2.60223480864,1.0,5.0,0.018018018018,0,-0.941241669205,0.425959816259,5,130
257,1,4.24661748993,4.0,12.0,0.02002002002,0,-0.186465678332,-0.193985475079,5,640
258,1,8.22744432533,7.0,10.0,0.012012012012,0,1.18473921488,-0.326773319305,5,854
259,1,5.30709372815,3.0,9.0,0.015015015015,0,-0.328507560104,1.29261640847,5,439
260,1,4.05275137097,4.0,6.0,0.015015015015,0,-0.506090012014,0.571021407011,5,430
261,1,-1.60360611737,,0.0,0.011011011011,1,-1.76500626833,-1.30858731239,5,42
262,1,4.22869269006,3.0,7.0,0.022022022022,0,-0.690730448508,1.30088403559,5,290
263,1,4.58710620724,1.0,8.0,0.014014014014,0,-0.524510043872,1.16063633886,5,616
264,1,1.27263602534,1.0,15.0,0.02002002002,0,-0.70472132609,-1.61319999639,5,573
265,1,5.22835049132,5.0,10.0,0.015015015015,0,-0.304078704606,1.14058660514,5,500
266,1,4.42575513238,4.0,8.0,0.014014014014,0,-0.60126925249,1.22956288985,5,317
267,1,8.25964308547,6.0,9.0,0.019019019019,0,0.789782814729,0.89029464128,5,585
268,1,2.80156926811,0.0,4.0,0.016016016016,0,-0.0779428429262,-1.96460220311,5,223
269,1,4.82893095071,2.0,10.0,0.011011011011,0,0.244001100213,-0.903072349931,5,719
270,1,2.58418170393,0.0,3.0,0.014014014014,0,-0.810224872754,0.0148563221972,5,89
271,1,4.33539103647,,15.0,0.018018018018,0,-0.440026724524,0.655471210047,5,893
272,1,6.12265014746,2.0,8.0,0.018018018018,0,0.641742866097,-0.802578450833,5,348
273,1,4.27118173685,2.0,7.0,0.019019019019,0,-0.625157925748,1.14665551409,5,272
274,1,-1.74329356276,,6.0,0.015015015015,0,-2.1895856423,-0.174536635852,5,315
275,1,0.261202451657,,3.0,0.013013013013,0,-1.32268899615,-0.770730559905,5,74
276,1,6.68605726756,2.0,10.0,0.017017017017,0,-0.507870597539,3.20966906018,5,638
277,1,3.56877916637,2.0,9.0,0.015015015015,0,-0.202358606789,-0.824145013259,5,516
278,1,5.77831071923,,8.0,0.016016016016,0,0.43692519517,-0.532464866284,5,161
279,1,8.30813778785,8.0,11.0,0.014014014014,0,1.43269580459,-0.989949625923,5,717
280,1,6.42080762732,1.0,9.0,0.021021021021,0,0.102706485192,1.11268817174,5,217
281,1,6.53161848105,6.0,7.0,0.00900900900901,1,0.226159834977,0.853138976121,5,765
282,1,4.29133312375,3.0,12.0,0.014014014014,0,-0.0705307503173,-0.497074625302,5,745
283,1,6.34501887379,,8.0,0.011011011011,0,0.730165560542,-0.845477807838,5,303
284,0,10.3871531975,10.0,,0.011011011011,0,1.53889376729,0.770471895629,5,391
285,1,3.80112299926,1.0,4.0,0.01001001001,0,-0.729604493882,0.989936480906,5,299
286,1,6.39004504854,6.0,8.0,0.015015015015,0,0.51057845527,-0.141690317266,5,325
287,1,-0.307336387364,,5.0,0.012012012012,0,-1.28655371028,-1.44767525652,5,121
288,1,3.86197724209,2.0,13.0,0.015015015015,0,-0.896843735978,1.55250845002,5,427
289,1,0.226484894347,,2.0,0.014014014014,0,-1.47264173088,-0.355589913014,5,45
290,1,2.85834911553,1.0,10.0,0.013013013013,0,-0.355131674833,-1.07625585997,5,438
291,1,2.7972612889,2.0,11.0,0.021021021021,0,-0.202774653734,-1.59441474989,5,410
292,1,6.57692565533,2.0,11.0,0.014014014014,0,0.649242065773,-0.370800541987,5,698
293,1,1.6077857487,1.0,2.0,0.017017017017,1,-1.42389560482,0.879472563155,5,13
294,1,5.03787140806,3.0,10.0,0.016016016016,0,0.29392533378,-0.843904593283,5,449
295,1,7.57209175468,3.0,12.0,0.013013013013,0,0.313160394051,1.63261057253,5,861
296,1,10.855670632,2.0,14.0,0.016016016016,0,1.882644143,0.207738202976,5,812
297,1,4.8171892416,2.0,5.0,0.017017017017,0,-0.771438404825,2.13150445607,5,138
298,1,6.94333009075,5.0,7.0,0.013013013013,0,0.498468178246,0.447925556017,5,288
299,0,11.4254109081,10.0,,0.01001001001,0,1.95230375141,0.568499653882,5,54
300,1,3.44197239897,0.0,7.0,0.019019019019,0,-0.565184313127,0.137525338349,5,301
301,1,4.21757880307,3.0,5.0,0.019019019019,0,-0.687526447622,1.28015814593,5,229
302,1,5.88481397484,5.0,10.0,0.012012012012,0,0.635001893048,-1.0201917043,5,642
303,1,4.88899897523,4.0,9.0,0.018018018018,0,-0.155955159532,0.356864453827,5,453
304,1,2.14304222602,0.0,6.0,0.016016016016,0,-1.1527067012,0.60116232962,5,367
305,1,6.63053342216,1.0,8.0,0.018018018018,0,0.476821862521,0.200067834601,5,293
306,1,5.2527544371,0.0,9.0,0.016016016016,0,0.377931566469,-0.881040262303,5,418
307,1,6.13962560119,4.0,8.0,0.012012012012,0,0.822055945085,-1.32654223407,5,592
308,1,4.13110453992,0.0,8.0,0.015015015015,0,-0.241835469847,-0.143389050542,5,476
309,1,10.3457239376,4.0,14.0,0.014014014014,0,1.86763692608,-0.257186840648,5,903
310,1,3.22987659356,1.0,4.0,0.013013013013,0,0.0927436999245,-2.04835450621,5,262
311,1,2.52678669751,0.0,5.0,0.016016016016,0,-0.59520294299,-0.687604473519,5,316
312,1,-0.472165926381,,0.0,0.011011011011,1,-1.74978423289,-0.222813227705,5,17
313,1,5.69406375746,2.0,6.0,0.017017017017,0,0.202063589498,0.0878729889682,5,202
314,1,3.96889340364,1.0,6.0,0.023023023023,0,0.11137982374,-1.36524606758,5,178
315,1,0.205265290453,0.0,6.0,0.012012012012,0,-1.47388917124,-0.373067195831,5,240
316,1,1.26192246134,0.0,3.0,0.012012012012,0,-1.21970244777,-0.0789701953479,5,281
317,1,4.72238852251,2.0,5.0,0.00900900900901,0,-0.0284240556482,-0.192339310544,5,469
318,1,0.688141980193,0.0,4.0,0.00800800800801,0,-1.21393284169,-0.670059494731,5,342
319,1,0.863703041593,,5.0,0.011011011011,0,-1.47415881888,0.286179498219,5,283
320,1,2.89244478847,2.0,5.0,0.016016016016,0,-0.382968763231,-0.958648921834,5,253
321,1,5.94012878254,,9.0,0.014014014014,0,0.30893649962,0.013319283683,5,586
322,1,1.94978811469,,2.0,0.018018018018,0,-0.624488294736,-1.1767470011,5,40
323,1,6.85477851886,4.0,15.0,0.017017017017,0,0.881164903346,-0.78871619118,5,889
324,1,3.02758699034,2.0,4.0,0.014014014014,0,-0.353777182043,-0.911081463532,5,103
325,1,9.15678862703,6.0,12.0,0.013013013013,0,1.0341559986,1.05432063122,5,864
326,1,1.2826820192,1.0,6.0,0.019019019019,0,-1.70435965748,1.39576099163,5,311
327,1,4.35164505814,1.0,9.0,0.011011011011,0,0.281352065094,-1.49241113714,5,792
328,1,6.83143082412,1.0,7.0,0.00900900900901,0,0.448510981907,0.485897878396,5,644
329,1,4.4333352964,0.0,7.0,0.011011011011,0,-0.145728045807,-0.129480566182,5,513
330,1,2.70088249153,0.0,8.0,0.013013013013,0,-0.945088605191,0.536148307105,5,541
331,1,3.40384231265,2.0,4.0,0.018018018018,0,-0.620700462516,0.265943700202,5,144
332,1,6.23282518375,5.0,9.0,0.012012012012,0,0.0814330269066,0.988526103026,5,688
333,1,1.4945971379,0.0,9.0,0.015015015015,0,-0.621580296274,-1.64066197328,5,648
334,1,5.75040353156,2.0,6.0,0.014014014014,0,-0.19125187561,1.32415915839,5,226
335,1,3.1435917235,3.0,9.0,0.011011011011,0,-0.0724203842437,-1.63914712377,5,507
336,1,2.00504746219,1.0,5.0,0.015015015015,0,-0.774270667975,-0.672140533884,5,349
337,1,7.10000188092,6.0,9.0,0.011011011011,0,1.35213479154,-1.9564024937,5,766
338,1,2.37372163338,2.0,3.0,0.016016016016,1,-0.832171009441,-0.129765338298,5,110
339,1,3.44972352903,2.0,4.0,0.00900900900901,0,-0.584932939163,0.204522346523,5,180
340,1,0.130033330887,,5.0,0.015015015015,0,-1.37041415232,-0.758724212148,5,391
341,1,9.82959312686,8.0,11.0,0.012012012012,0,1.80211953438,-0.576765476292,5,870
342,1,4.68500254794,1.0,9.0,0.011011011011,0,-0.186995468997,0.245988954931,5,577
343,1,9.66337212006,,12.0,0.018018018018,0,1.43295972122,0.364492956417,5,468
344,1,1.59403336847,,3.0,0.01001001001,0,-0.772499885047,-1.08846697639,5,326
345,1,-1.29068993404,,7.0,0.013013013013,0,-1.82312490663,-0.821315214157,5,192
346,1,1.19312875344,,3.0,0.00900900900901,0,-1.69844630848,1.28846767888,5,380
347,1,8.36118246657,4.0,10.0,0.016016016016,0,0.716359046628,1.21210532668,5,434
348,1,7.63280773618,5.0,10.0,0.011011011011,0,0.887193333605,-0.0287722646334,5,781
349,1,0.225743036811,,2.0,0.00700700700701,0,-1.46108136842,-0.391012857927,5,81
350,1,4.84364885136,3.0,5.0,0.01001001001,0,0.236488797111,-0.865817539978,5,153
351,1,1.43175088439,,5.0,0.00900900900901,0,-1.20090315573,0.0344603515784,5,411
352,1,2.78581587597,1.0,5.0,0.021021021021,0,-0.99436186953,0.768901484558,5,71
353,1,6.44359857347,1.0,8.0,0.022022022022,0,0.640220074716,-0.477061650676,5,266
354,1,5.69778624679,2.0,8.0,0.011011011011,0,-0.241181827983,1.42133173074,5,558
355,1,9.10866461179,6.0,11.0,0.016016016016,0,1.31703208022,0.157568371124,5,436
356,1,1.71565629294,0.0,2.0,0.015015015015,0,-1.72096955992,1.8785649727,5,59
357,1,1.61863270562,1.0,4.0,0.017017017017,0,-1.21286662482,0.257232580066,5,383
358,1,6.86305611243,1.0,12.0,0.015015015015,0,1.09429568536,-1.41983094365,5,744
359,1,3.73653646281,3.0,4.0,0.016016016016,1,-0.166486751358,-0.764003283121,5,186
360,1,5.10270264868,2.0,14.0,0.017017017017,0,-0.421912472366,1.36844006578,5,611
361,1,7.03608079826,,8.0,0.019019019019,0,0.674903250096,0.0113710479723,5,254
362,0,13.1874934823,13.0,,0.013013013013,0,2.15106664346,1.73429355196,5,665
363,1,7.62574976772,1.0,13.0,0.017017017017,0,0.787948386919,0.261904606966,5,529
364,1,3.0337237714,0.0,4.0,0.011011011011,0,-0.740777789231,0.256057139095,5,366
365,1,10.463150645,9.0,15.0,0.017017017017,0,1.23321191283,1.76351490649,5,841
366,1,6.84311197868,4.0,11.0,0.025025025025,0,0.277545044606,1.01047684486,5,523
367,1,8.42503539017,6.0,10.0,0.012012012012,0,0.926529698,0.645446296175,5,679
368,1,8.51274038613,3.0,11.0,0.012012012012,0,0.971661136144,0.597756977694,5,735
369,1,5.66826412964,3.0,7.0,0.013013013013,0,-0.239372032194,1.38638022623,5,467
370,1,2.14065299481,1.0,6.0,0.014014014014,0,-0.948750647885,-0.0130950615309,5,185
371,1,3.72851315764,3.0,6.0,0.012012012012,0,-0.818997206895,1.18550477832,5,384
372,1,2.39620534604,,4.0,0.01001001001,0,-1.01832474548,0.451179582487,5,259
373,1,2.86826350857,1.0,8.0,0.013013013013,0,-0.530594974217,-0.539951568773,5,683
374,1,-0.71853956341,,0.0,0.014014014014,1,-2.07939446346,0.519643826972,5,12
375,1,6.7902959431,4.0,12.0,0.015015015015,0,0.869198092699,-0.817298334993,5,626
376,1,3.22530877069,2.0,11.0,0.014014014014,0,-0.632864595989,0.12390255866,5,596
377,1,4.20472652379,,11.0,0.016016016016,0,0.015009391062,-0.840301649399,5,730
378,0,12.5573661282,9.0,,0.00900900900901,0,2.2059392912,0.939548254569,5,87
379,1,6.89508944764,6.0,9.0,0.00900900900901,0,0.2191990202,1.23749238704,5,658
380,1,2.55228982114,2.0,6.0,0.01001001001,0,-0.553040056289,-0.788590009995,5,482
381,1,3.45073419945,3.0,4.0,0.011011011011,1,0.141639368403,-1.97418390576,5,318
382,1,10.7330994757,9.0,12.0,0.014014014014,0,1.87171575062,0.117952223821,5,851
383,1,0.574920533366,,8.0,0.00900900900901,0,-1.39208402604,-0.248827388521,5,790
384,1,4.63970790988,3.0,7.0,0.01001001001,0,0.181371503095,-0.904406599406,5,690
385,1,7.0613510894,7.0,8.0,0.00900900900901,1,0.49776771678,0.56804793906,5,709
386,1,6.10594922464,6.0,8.0,0.011011011011,0,-0.164989536192,1.60091783322,5,789
387,1,6.77601017839,3.0,13.0,0.015015015015,0,1.03702757817,-1.33507255613,5,859
388,1,8.46778577641,6.0,10.0,0.01001001001,0,1.40363017777,-0.743104756899,5,800
389,1,4.18279335023,2.0,5.0,0.015015015015,0,-0.404711813498,0.396928790723,5,206
390,1,3.18249166829,2.0,7.0,0.019019019019,0,-0.252752832577,-1.05924983398,5,230
391,1,3.00089459797,1.0,8.0,0.016016016016,0,-0.944391667664,0.834069600964,5,501
392,1,0.408089576302,0.0,1.0,0.012012012012,1,-1.53907021455,0.0253002199616,5,95
393,1,-0.646254017924,,0.0,0.011011011011,1,-1.94436758775,0.186848745317,5,20
394,1,6.18271892758,0.0,8.0,0.014014014014,0,-0.0921866070659,1.45927874878,5,335
395,1,6.00902162841,1.0,7.0,0.011011011011,0,0.7846482879,-1.34492323529,5,678
396,1,3.67299831819,1.0,6.0,0.017017017017,0,-0.142356583797,-0.899931930415,5,313
397,1,8.77680440756,7.0,10.0,0.011011011011,0,1.04220434089,0.650191384877,5,844
398,1,2.06994049276,,7.0,0.015015015015,0,-0.63571684275,-1.02290897899,5,435
399,1,5.02835495744,3.0,9.0,0.013013013013,0,0.130572972889,-0.363363961226,5,417
400,1,6.5027518753,3.0,9.0,0.011011011011,0,0.45307057299,0.143540156327,5,714
401,1,5.56843102917,0.0,6.0,0.013013013013,0,-0.104236694602,0.88114111298,5,483
402,1,4.54932983573,,8.0,0.013013013013,0,0.0839287792122,-0.702456501906,5,405
403,1,6.06484246203,5.0,9.0,0.011011011011,0,0.259449771831,0.286493146536,5,855
404,1,5.79672108302,4.0,8.0,0.014014014014,0,0.50084225281,-0.705805675409,5,477
405,1,2.39682707876,,6.0,0.011011011011,0,-1.10247927857,0.704264914457,5,447
406,1,3.77364738984,3.0,4.0,0.013013013013,1,-0.164922152765,-0.73158615186,5,249
407,1,3.54241618468,3.0,5.0,0.018018018018,0,-0.246883750328,-0.716932564333,5,208
408,1,5.43849111795,0.0,12.0,0.018018018018,0,0.0793944274422,0.200307835624,5,666
409,1,5.16840440424,5.0,8.0,0.00900900900901,0,-0.399602951198,1.36721325783,5,699
410,1,7.12345345197,6.0,9.0,0.01001001001,0,1.30886112844,-1.80312993336,5,801
411,1,5.79096871343,1.0,6.0,0.01001001001,0,0.663625650533,-1.19990823817,5,289
412,1,0.049802281808,0.0,2.0,0.011011011011,0,-1.62973267951,-0.0609996796483,5,64
413,1,3.60257510874,2.0,6.0,0.013013013013,0,-0.291352895135,-0.523366205853,5,452
414,1,4.49666827562,4.0,5.0,0.013013013013,1,-0.442647321987,0.824610241578,5,219
415,1,1.1647557626,1.0,2.0,0.014014014014,1,-1.06436220042,-0.642157636137,5,163
416,1,6.49834671698,1.0,13.0,0.022022022022,0,0.40278031576,0.290005769698,5,588
417,1,4.67698111489,1.0,5.0,0.014014014014,0,-0.0580520434177,-0.148862754861,5,140
418,1,3.73796035775,2.0,7.0,0.015015015015,0,-0.258015956579,-0.487991772511,5,267
419,1,11.5315763669,11.0,12.0,0.014014014014,1,2.13718748373,0.120013915734,5,876
420,1,8.32256482578,8.0,9.0,0.01001001001,1,0.964350878277,0.42951219095,5,829
421,1,9.46558795295,8.0,10.0,0.011011011011,0,1.2776554108,0.63262172055,5,922
422,1,-0.0655989600875,,0.0,0.013013013013,1,-1.52963924447,-0.476681226692,5,86
423,1,4.92982727974,4.0,8.0,0.013013013013,0,0.133109228388,-0.469500405424,5,515
424,1,6.02013976661,2.0,11.0,0.014014014014,0,-0.256989178045,1.79110730075,5,567
425,1,8.53484272607,6.0,10.0,0.011011011011,0,1.05562210781,0.367976402624,5,871
426,1,6.81359384119,5.0,7.0,0.01001001001,0,0.459513791499,0.435052466693,5,364
427,1,1.24535302071,,3.0,0.015015015015,0,-1.12739462773,-0.3724630961,5,50
428,1,4.05891069858,4.0,6.0,0.016016016016,0,-0.0219387786707,-0.875272965413,5,472
429,1,6.91844443187,6.0,7.0,0.013013013013,1,0.28745495741,1.05607955964,5,539
430,1,1.50391077744,,3.0,0.015015015015,0,-1.32802902566,0.487997854428,5,191
431,1,8.0955160743,3.0,9.0,0.01001001001,0,1.26915107989,-0.711937165374,5,912
432,1,2.96842951866,1.0,4.0,0.014014014014,0,-0.711910534705,0.104161122774,5,378
433,1,-1.5769114714,,0.0,0.013013013013,1,-2.08769349138,-0.313830997247,5,8
434,1,5.80217096086,2.0,7.0,0.01001001001,0,0.251803213959,0.0467613189795,5,464
435,1,4.19063777456,0.0,6.0,0.014014014014,0,-0.190175332165,-0.238836228945,5,332
436,1,6.09010482414,6.0,7.0,0.01001001001,1,0.332498568331,0.0926091191521,5,786
437,1,3.74954714924,3.0,7.0,0.014014014014,0,-0.437428490524,0.0618326208081,5,362
438,1,1.90115633817,,6.0,0.01001001001,0,-1.00125301332,-0.0950846218775,5,389
439,1,7.5496381339,6.0,8.0,0.01001001001,0,0.372681914247,1.43159239116,5,776
440,1,7.70301674826,7.0,8.0,0.013013013013,1,0.825626755373,0.226136482144,5,442
441,1,6.31379552224,6.0,7.0,0.011011011011,1,-0.228655926397,1.99976330143,5,495
442,1,4.72161944761,2.0,5.0,0.014014014014,0,0.426939626605,-1.5591994322,5,119
443,1,1.08581265863,1.0,6.0,0.00900900900901,0,-1.42828685824,0.370673233363,5,462
444,1,4.91245488372,2.0,10.0,0.015015015015,0,-0.304341256284,0.825478652569,5,412
445,0,11.7615676214,10.0,,0.011011011011,0,2.00079616902,0.759179114365,5,879
446,0,13.7079373601,11.0,,0.012012012012,0,2.88984591763,0.0383996072194,5,223
447,1,7.31247275395,2.0,12.0,0.013013013013,0,0.448865380702,0.965876611845,5,911
448,1,7.74212837822,7.0,8.0,0.013013013013,1,0.954725274042,-0.122047443905,5,633
449,1,1.79165374452,0.0,8.0,0.00900900900901,0,-1.20884450276,0.418187252798,5,872
450,1,5.62567574704,1.0,6.0,0.011011011011,0,0.0858264153012,0.368196501141,5,440
451,1,7.50569246484,,9.0,0.01001001001,0,1.08526611844,-0.750105890488,5,742
452,1,3.54922238902,0.0,4.0,0.012012012012,0,-0.516131505947,0.0976169068615,5,198
453,1,4.90265658832,1.0,9.0,0.012012012012,0,-0.195183914027,0.488208330403,5,376
454,1,3.20025719705,1.0,6.0,0.011011011011,0,-0.600035242701,0.000362925151109,5,466
455,1,8.59773405592,4.0,10.0,0.012012012012,0,1.05544149379,0.431409574553,5,777
456,1,5.22121266845,0.0,6.0,0.015015015015,0,0.0694236201447,0.0129418080149,5,327
457,1,5.9202173326,0.0,7.0,0.014014014014,0,0.318338752372,-0.0347989245146,5,355
458,1,7.77449270503,5.0,8.0,0.015015015015,0,1.20374977385,-0.836756616522,5,647
459,1,6.90387515292,0.0,7.0,0.01001001001,0,0.41420696003,0.661254272835,5,610
460,0,12.7616148561,10.0,,0.01001001001,0,2.31586165753,0.814029883468,5,235
461,1,3.39169451708,2.0,5.0,0.012012012012,0,0.0394422165273,-1.72663213251,5,352
462,1,3.95564626957,2.0,9.0,0.017017017017,0,-0.0352461651507,-0.938615234979,5,458
463,1,8.93060359802,8.0,9.0,0.01001001001,1,1.08856333413,0.664913595637,5,906
464,1,5.35689909441,2.0,7.0,0.013013013013,0,0.323125491535,-0.612477380195,5,235
465,1,7.35799103586,7.0,8.0,0.01001001001,1,0.967481785668,-0.544454321139,5,783
466,1,8.1829229897,6.0,9.0,0.011011011011,0,1.02590789707,0.105199298504,5,849
467,0,10.1326018484,7.0,,0.00800800800801,0,1.22214147625,1.46617741965,5,816
468,1,7.15388520563,0.0,10.0,0.016016016016,0,0.715471609208,0.00747037800816,5,564
469,1,7.90411533597,7.0,8.0,0.01001001001,1,1.03543252415,-0.202182236495,5,887
470,1,3.46307460089,3.0,7.0,0.011011011011,0,-0.119399588662,-1.17872663313,5,488
471,1,2.94885505033,,4.0,0.015015015015,0,-1.36297959992,2.03779385008,5,215
472,0,11.1178880878,9.0,,0.01001001001,0,1.81379487997,0.676503447861,5,873
473,1,6.35040720834,5.0,8.0,0.011011011011,0,1.042596043,-1.77738092067,5,619
474,1,5.19845808864,0.0,7.0,0.014014014014,0,-0.541182766436,1.82200638795,5,408
475,0,8.11297508356,8.0,,0.00900900900901,0,1.20154915333,-0.491672376425,5,388
476,1,-2.03950999125,,0.0,0.011011011011,1,-1.69700834445,-1.94848495791,5,108
477,1,8.28619296046,7.0,11.0,0.012012012012,0,1.48726068306,-1.17558908871,5,828
478,1,5.11606370128,3.0,8.0,0.00900900900901,0,-0.172463199025,0.633453298354,5,863
479,1,10.3587942664,9.0,12.0,0.012012012012,0,1.269708266,1.54966946839,5,821
480,1,2.18706555738,0.0,11.0,0.016016016016,0,-0.616788334933,-0.962569437819,5,608
481,1,6.94084485466,1.0,11.0,0.013013013013,0,0.609265175224,0.113049328986,5,505
482,1,2.02638122091,1.0,4.0,0.011011011011,0,-0.680873803047,-0.930997369951,5,264
483,1,2.30169525289,,3.0,0.012012012012,0,-0.738084817475,-0.484050294682,5,183
484,1,7.76331660913,1.0,11.0,0.016016016016,0,0.970205477506,-0.147299823391,5,578
485,1,7.50453974241,0.0,8.0,0.00800800800801,0,1.10466455339,-0.809453917746,5,652
486,1,8.5844511062,2.0,9.0,0.00900900900901,0,1.14227635835,0.157622031138,5,662
487,1,2.44414335451,,4.0,0.01001001001,0,-0.592311515666,-0.778922098497,5,269
488,1,3.6964446272,3.0,6.0,0.016016016016,0,-0.556693755062,0.366525892384,5,221
489,1,9.41464949468,9.0,10.0,0.014014014014,1,0.894434443232,1.73134616498,5,832
490,1,-1.77661104196,,0.0,0.01001001001,1,-1.71400049401,-1.63460955995,5,2
491,1,2.44264160481,0.0,6.0,0.00800800800801,0,-0.786974312038,-0.196435459079,5,568
492,1,2.86552121018,1.0,3.0,0.011011011011,0,-0.789274305327,0.233344126163,5,340
493,1,5.89484162254,2.0,6.0,0.011011011011,0,0.191373237415,0.320721910294,5,548
494,0,8.28372683114,8.0,,0.00800800800801,0,0.586307070076,1.52480562091,5,630
495,1,1.59818223784,,5.0,0.011011011011,0,-1.68168198853,1.64322820343,5,432
496,1,6.13778957972,4.0,7.0,0.011011011011,0,0.748292716931,-1.10708857107,5,552
497,1,7.34935408098,7.0,9.0,0.01001001001,0,1.20010217523,-1.2509524447,5,890
498,1,7.12755031958,0.0,10.0,0.011011011011,0,0.295851449757,1.23999597031,5,575
499,1,5.3270234025,4.0,7.0,0.012012012012,0,0.516453879836,-1.22233823701,5,491
500,1,1.5705954948,,12.0,0.012012012012,0,-1.08317462966,-0.179880616211,5,672
501,1,-0.781916051982,,1.0,0.01001001001,0,-1.91967569221,-0.022888975365,5,94
502,1,7.09753756237,5.0,8.0,0.013013013013,0,0.96917058898,-0.809974204569,5,511
503,1,7.39255890096,6.0,9.0,0.01001001001,0,0.441432208846,1.06826227442,5,532
504,1,0.586079566958,,5.0,0.012012012012,0,-1.33968838362,-0.394855282187,5,415
505,1,6.74363775271,6.0,10.0,0.012012012012,0,0.110736705609,1.41142763588,5,561
506,1,0.99553131917,,1.0,0.011011011011,0,-1.05663921967,-0.834551021819,5,24
507,1,8.80734734052,7.0,9.0,0.01001001001,0,1.32012101781,-0.153015712913,5,883
508,1,0.53132424332,0.0,3.0,0.00800800800801,0,-1.59282670014,0.309804343742,5,157
509,0,9.78955105792,8.0,,0.00800800800801,0,1.77278894119,-0.528815765661,5,851
510,1,4.32782872772,1.0,8.0,0.01001001001,0,-0.202330850979,-0.0651787193431,5,879
511,1,4.6587681737,,5.0,0.012012012012,0,-0.226050190946,0.336918746542,5,142
512,1,3.93420552929,2.0,5.0,0.012012012012,0,-0.14600909568,-0.627767183673,5,162
513,1,5.46625647859,0.0,9.0,0.00900900900901,0,-0.220782852493,1.12860503607,5,886
514,1,8.59640372516,1.0,10.0,0.011011011011,0,1.22022618858,-0.0642748405972,5,850
515,1,6.22436564093,6.0,8.0,0.01001001001,0,-0.492318258249,2.70132041567,5,726
516,1,10.9287740593,5.0,12.0,0.014014014014,0,1.45200758113,1.57275131593,5,686
517,1,1.51762185838,0.0,4.0,0.013013013013,0,-0.510782469101,-1.95003073432,5,214
518,1,-0.0849528347934,,2.0,0.01001001001,0,-1.11671142755,-1.73481855214,5,38
519,1,2.7710406747,2.0,3.0,0.014014014014,1,-1.04001580421,0.891088087334,5,61
520,1,9.30894281945,9.0,10.0,0.011011011011,1,1.40339752867,0.0987502334584,5,880
521,1,2.86990521567,0.0,7.0,0.00800800800801,0,-0.979977609857,0.809838045243,5,387
522,1,8.62732420511,6.0,9.0,0.00900900900901,0,1.16767286563,0.124305608209,5,884
523,1,2.93820779982,2.0,4.0,0.01001001001,0,-0.684363126685,-0.00870282012873,5,177
524,1,3.86179604969,,4.0,0.012012012012,0,-0.0534335133034,-0.977903410395,5,53
525,1,2.50533756415,1.0,4.0,0.012012012012,0,-1.05025403445,0.656099667506,5,309
526,1,1.5247493312,,2.0,0.012012012012,0,-1.97473101788,2.44894238484,5,68
527,1,4.5362453181,1.0,8.0,0.012012012012,0,-0.071586100447,-0.248996380558,5,565
528,1,0.774139314747,,1.0,0.01001001001,0,-0.844393075901,-1.69268145755,5,67
529,1,4.40914556551,2.0,10.0,0.011011011011,0,0.265393363579,-1.38703452523,5,835
530,1,1.09417604672,1.0,8.0,0.013013013013,0,-1.52333840534,0.664191262734,5,590
531,1,9.91951809086,9.0,11.0,0.012012012012,0,1.34653962799,0.879899206889,5,803
532,1,5.49895523936,3.0,7.0,0.011011011011,0,0.341125796111,-0.524422148974,5,487
533,1,4.7781358578,3.0,8.0,0.01001001001,0,0.152297166011,-0.678755640235,5,556
534,1,5.85339986533,3.0,6.0,0.012012012012,0,-0.0253538968154,0.929461555772,5,764
535,1,5.47345454529,3.0,7.0,0.012012012012,0,0.661154186186,-1.51000801327,5,149
536,1,8.53348611853,8.0,9.0,0.011011011011,1,0.821662599675,1.0684983195,5,885
537,1,4.57353876475,3.0,8.0,0.011011011011,0,-0.213048330736,0.212683756957,5,420
538,1,7.404424509,2.0,8.0,0.01001001001,0,0.891780784664,-0.270917844992,5,811
539,1,5.03053791653,4.0,7.0,0.011011011011,0,-0.0587480579125,0.206782090271,5,582
540,1,3.96268141122,0.0,4.0,0.011011011011,0,-0.316066905653,-0.0891178718269,5,320
541,1,1.15167246898,0.0,4.0,0.011011011011,0,-0.813942350486,-1.40650047956,5,88
542,0,14.9848819723,11.0,,0.011011011011,0,3.15305750525,0.525709456542,5,801
543,0,10.6246560579,8.0,,0.00800800800801,0,2.16060262497,-0.85715181698,5,343
544,1,6.4279504728,0.0,9.0,0.01001001001,0,0.259602965256,0.649141577036,5,622
545,1,3.18085835113,0.0,8.0,0.011011011011,0,-0.834212369216,0.683495458776,5,716
546,0,10.8209459969,9.0,,0.00900900900901,0,1.68851633159,0.755397002174,5,409
547,1,7.79870962269,7.0,8.0,0.011011011011,1,0.604997199709,0.983718023561,5,627
548,1,7.88394357849,7.0,8.0,0.00800800800801,1,1.14010603253,-0.5363745191,5,920
549,1,2.72190723778,0.0,6.0,0.01001001001,0,-0.500903822449,-0.775381294875,5,580
550,1,3.92032292452,2.0,5.0,0.00800800800801,0,-0.531514361644,0.514866009455,5,504
551,1,3.99134623296,3.0,9.0,0.00900900900901,0,-0.449432091973,0.339642508876,5,701
552,1,8.93270133967,5.0,9.0,0.011011011011,0,1.44306172367,-0.396483831346,5,839
553,1,7.8706197649,5.0,9.0,0.015015015015,0,0.937389327169,0.0584517833985,5,344
554,1,4.91723029692,1.0,11.0,0.013013013013,0,-0.358591940324,0.993006117892,5,818
555,1,6.73498560979,5.0,7.0,0.017017017017,0,0.449655470388,0.386019198626,5,386
556,1,7.13793878761,3.0,11.0,0.014014014014,0,0.811084618397,-0.295315067584,5,545
557,1,0.316273557898,,10.0,0.012012012012,0,-1.43703811077,-0.372612109785,5,691
558,1,8.33496596243,8.0,10.0,0.011011011011,0,1.13502553698,-0.0701106485179,5,843
559,1,4.64281388006,4.0,8.0,0.01001001001,0,-0.239076599448,0.360043678399,5,740
560,1,5.45198806187,0.0,11.0,0.013013013013,0,0.310647755127,-0.479955203514,5,693
561,1,3.05484872723,0.0,5.0,0.00900900900901,0,-0.352969006809,-0.886244252348,5,328
562,1,4.5135968259,4.0,5.0,0.00900900900901,1,0.143465482383,-0.916799621245,5,560
563,1,0.142181636245,0.0,4.0,0.01001001001,0,-1.63404417522,0.0443141619143,5,201
564,1,6.36291025292,2.0,7.0,0.012012012012,0,0.768785558168,-0.943446421583,5,306
565,1,7.9081761457,,8.0,0.011011011011,0,1.57380803796,-1.81324796818,5,304
566,1,6.70606573528,6.0,8.0,0.00800800800801,0,0.181914482313,1.16032228835,5,914
567,1,5.93795782511,2.0,8.0,0.01001001001,0,0.775015963158,-1.38709006436,5,559
568,1,2.35478827694,0.0,3.0,0.00800800800801,0,-0.470540023609,-1.23359165223,5,261
569,1,5.76896302551,5.0,8.0,0.00900900900901,0,0.216627101364,0.119081721417,5,848
570,1,6.23853770576,5.0,7.0,0.012012012012,0,0.615298476002,-0.607357722246,5,641
571,0,10.327649632,8.0,,0.00800800800801,0,1.39657501867,1.13792457595,5,675
572,1,1.97884506144,1.0,9.0,0.011011011011,0,-0.699599487148,-0.922356477121,5,677
573,1,1.89380491412,0.0,4.0,0.013013013013,0,-1.36024308274,0.974534162335,5,203
574,1,6.78001671821,1.0,7.0,0.01001001001,0,0.413609308062,0.539188794027,5,557
575,1,3.35483171699,1.0,6.0,0.00900900900901,0,-0.164896907848,-1.15047755946,5,331
576,0,13.0727431428,10.0,,0.011011011011,0,2.53501444033,0.467699821789,5,2
577,1,4.53840207244,3.0,7.0,0.015015015015,0,-0.0214024735615,-0.397390506872,5,341
578,0,9.53491154418,9.0,,0.01001001001,0,1.74751822406,-0.707643127994,5,187
579,1,3.62770726569,1.0,5.0,0.01001001001,0,-0.186387077745,-0.813131501076,5,207
580,1,2.47566129511,2.0,7.0,0.01001001001,0,-0.598238276241,-0.72962387617,5,655
581,1,7.22161368386,6.0,9.0,0.00900900900901,0,0.305994259877,1.30363090423,5,772
582,0,9.41507796553,9.0,,0.01001001001,0,1.12367791669,1.04404421545,5,804
583,1,6.1442103558,4.0,7.0,0.00800800800801,0,-0.0337733276176,1.24553033865,5,448
584,1,4.32458600972,4.0,6.0,0.00900900900901,0,-0.0301177704096,-0.585060679049,5,664
585,0,8.84376742167,8.0,,0.00900900900901,0,1.08144792212,0.59942365531,5,525
586,1,6.55146674468,6.0,7.0,0.00800800800801,1,0.590989690816,-0.221502327769,5,838
587,1,5.61241011483,0.0,6.0,0.011011011011,0,0.0340700729652,0.510199895935,5,295
588,1,5.65737069409,3.0,6.0,0.01001001001,0,0.188495921851,0.0918829285343,5,636
589,1,-1.6251951284,,0.0,0.011011011011,1,-2.28017288098,0.215323514554,5,105
590,1,-1.81081731652,,0.0,0.01001001001,1,-1.71044873578,-1.67947110917,5,22
591,1,11.4817438448,7.0,12.0,0.017017017017,0,1.87120886752,0.86811724221,5,725
592,1,5.11917096381,3.0,6.0,0.01001001001,0,0.36145126357,-0.965182826898,5,379
593,0,8.08558567687,8.0,,0.00800800800801,0,0.832820198155,0.587125082408,5,74
594,0,8.46209245539,8.0,,0.00900900900901,0,1.19210414273,-0.114219972807,5,875
595,1,3.41659275704,3.0,11.0,0.014014014014,0,-0.174523740216,-1.05983602231,5,657
596,1,4.25510066385,4.0,7.0,0.015015015015,0,-0.340108680516,0.275426705397,5,522
597,1,5.30540182983,0.0,8.0,0.012012012012,0,0.0185680600274,0.249697649752,5,562
598,1,3.03957878118,1.0,6.0,0.01001001001,0,-0.507320592568,-0.438459441119,5,323
599,0,10.8504180796,10.0,,0.011011011011,0,1.819919861,0.390658496608,5,739
600,1,2.80603371673,0.0,3.0,0.012012012012,0,0.0141237540259,-2.23633754535,5,242
601,1,2.12274816981,0.0,3.0,0.00900900900901,0,-0.269369262208,-2.06914404356,5,298
602,1,3.89184038869,2.0,5.0,0.00900900900901,0,0.00322029574032,-1.11782049853,5,302
603,1,7.58143503228,7.0,8.0,0.00900900900901,1,0.835045305471,0.0762991158684,5,908
604,1,7.59142046549,4.0,8.0,0.01001001001,0,0.878596858918,-0.0443701112658,5,770
605,1,1.99763101536,0.0,3.0,0.00900900900901,0,-0.95829923894,-0.127471267819,5,494
606,1,5.11899395119,1.0,7.0,0.00900900900901,0,0.6348098085,-1.78543547431,5,555
607,0,10.3468995735,8.0,,0.00800800800801,0,1.49164378345,0.871968223135,5,390
608,1,3.3571414359,3.0,7.0,0.00900900900901,0,-0.29308718445,-0.76359701075,5,461
609,1,1.35272923381,,2.0,0.00900900900901,0,-1.33831354333,0.3676698638,5,164
610,1,11.1970086676,11.0,12.0,0.014014014014,1,1.82756091875,0.714325911365,5,913
611,1,6.47477063443,5.0,9.0,0.014014014014,0,0.464952049381,0.0799144862889,5,519
612,1,6.17276170065,6.0,8.0,0.01001001001,0,0.0975101921617,0.88023112416,5,457
613,1,6.17558416332,3.0,9.0,0.011011011011,0,0.691460637802,-0.898797750085,5,682
614,1,2.25459481204,0.0,5.0,0.00800800800801,0,-1.19283935445,0.833112875387,5,368
615,1,-0.40200147308,,0.0,0.013013013013,1,-2.07761110942,0.830831855181,5,4
616,1,9.76591665581,9.0,10.0,0.011011011011,1,1.06279162896,1.57754176894,5,916
617,1,8.5673409973,8.0,9.0,0.01001001001,1,1.33571173347,-0.43979420311,5,888
618,1,3.61636248105,1.0,7.0,0.01001001001,0,0.262571256496,-2.17135128844,5,474
619,1,6.82219065565,5.0,8.0,0.011011011011,0,-0.0393255953347,1.94016744166,5,601
620,1,1.6996316841,1.0,3.0,0.00900900900901,0,-1.04291785204,-0.171614759766,5,446
621,1,5.19850903407,,7.0,0.01001001001,0,-0.447336801688,1.54051943913,5,604
622,1,5.06685334781,5.0,10.0,0.013013013013,0,0.0435282506837,-0.0637314042444,5,757
623,1,4.30419865539,2.0,11.0,0.011011011011,0,0.0300334719297,-0.7859017604,5,902
624,1,3.39512821914,3.0,7.0,0.00900900900901,0,-0.300192685628,-0.70429372398,5,361
625,1,7.32366648847,7.0,9.0,0.00900900900901,0,0.975533008738,-0.602932537746,5,819
626,1,6.27515229509,4.0,8.0,0.01001001001,0,0.511339086058,-0.25886496308,5,629
627,1,3.82612032515,0.0,4.0,0.013013013013,0,-0.471515894743,0.240668009383,5,322
628,1,6.34257492958,2.0,10.0,0.014014014014,0,0.91189380773,-1.39310649361,5,614
629,0,10.8548898313,9.0,,0.01001001001,0,1.35011984474,1.80453029713,5,696
630,0,8.10619195358,8.0,,0.00800800800801,0,1.13124273536,-0.287536252502,5,47
631,0,8.18079391458,8.0,,0.01001001001,0,1.30177542122,-0.72453234908,5,777
632,1,4.97682277539,4.0,5.0,0.01001001001,1,-0.314833152114,0.921322231734,5,423
633,1,6.56008456728,5.0,7.0,0.00800800800801,0,0.404658893177,0.346107887748,5,723
634,0,9.91595001549,8.0,,0.00800800800801,0,1.34492715936,0.881168537412,5,918
635,1,1.21446936085,0.0,2.0,0.01001001001,0,-0.789073099654,-1.41831134019,5,244
636,0,9.95969399501,8.0,,0.01001001001,0,1.08767713132,1.69666260106,5,434
637,1,-0.644969962826,,0.0,0.00900900900901,1,-1.76107337505,-0.361749837671,5,7
638,1,3.88583048299,3.0,5.0,0.00900900900901,0,-0.313646168827,-0.173231010525,5,544
639,1,4.49748774905,4.0,8.0,0.011011011011,0,-0.861136757102,2.08089802035,5,665
640,1,4.8365659332,0.0,5.0,0.01001001001,0,-0.000186280772824,-0.162875224486,5,333
641,1,9.59209638786,9.0,10.0,0.013013013013,1,1.41038451186,0.360942852288,5,853
642,1,3.62740847662,3.0,5.0,0.013013013013,0,-0.343338820365,-0.342575062291,5,395
643,1,1.12017304512,0.0,2.0,0.01001001001,0,-2.1042225432,2.43284067471,5,158
644,1,8.5208605257,8.0,10.0,0.01001001001,0,0.967896875435,0.617169899391,5,654
645,1,1.06990729181,0.0,3.0,0.011011011011,0,-1.45629174148,0.43878251625,5,151
646,1,4.43869664885,1.0,5.0,0.00800800800801,0,-0.327258229418,0.420471337101,5,394
647,1,5.15741278246,4.0,6.0,0.01001001001,0,0.0237472917171,0.0861709073078,5,347
648,1,6.18236804908,6.0,7.0,0.00900900900901,1,0.54426142421,-0.450416223553,5,834
649,1,7.60699257093,7.0,8.0,0.01001001001,1,0.5509995086,0.953994045127,5,609
650,1,1.6595244773,0.0,3.0,0.00800800800801,0,-0.795097647115,-0.955182581352,5,282
651,1,5.96482822932,3.0,10.0,0.01001001001,0,0.418458584432,-0.290547523979,5,866
652,1,5.66397447558,1.0,6.0,0.012012012012,0,-0.0447209228459,0.798137244113,5,497
653,1,4.6138004917,4.0,8.0,0.01001001001,0,-0.147422354128,0.0560675540832,5,650
654,1,0.709361063608,,1.0,0.00800800800801,0,-0.883374026143,-1.64051685796,5,55
655,1,0.613359632194,,1.0,0.01001001001,0,-1.33280176619,-0.388235069221,5,69
656,1,4.76167660021,2.0,5.0,0.00800800800801,0,-0.310633804917,0.693578014957,5,285
657,1,2.7436677047,2.0,3.0,0.00900900900901,1,-0.520492153487,-0.694855834833,5,76
658,1,4.69523545556,4.0,7.0,0.01001001001,0,-0.39919128698,0.892809316498,5,805
659,1,7.9538665944,0.0,8.0,0.00900900900901,0,0.825331321259,0.477872630624,5,738
660,0,11.7944063597,8.0,,0.00800800800801,0,2.09180856672,0.518980659526,5,782
661,1,3.89567987501,,4.0,0.00800800800801,0,-0.874542310158,1.51930680548,5,80
662,1,4.00945511259,1.0,8.0,0.00800800800801,0,0.0376337855729,-1.10344624413,5,743
663,0,8.19679276008,8.0,,0.00800800800801,0,0.908107181093,0.4724712168,5,624
664,1,5.08997998527,5.0,6.0,0.01001001001,1,0.301841034092,-0.815543117004,5,681
665,1,5.05469527287,5.0,8.0,0.01001001001,0,-0.0982720796031,0.349511511682,5,365
666,1,2.6589543939,,7.0,0.01001001001,0,-1.07740126596,0.891158191784,5,473
667,1,1.79493703239,,5.0,0.00800800800801,0,-1.07969454427,0.0340206652079,5,148
668,1,6.91638345154,6.0,7.0,0.01001001001,1,0.692602129414,-0.161422936698,5,675
669,1,-0.562987720978,,0.0,0.00800800800801,1,-1.47893931036,-1.12616978991,5,21
670,1,7.13689829939,3.0,8.0,0.00900900900901,0,0.644086698217,0.204638204737,5,612
671,1,1.46632500917,,4.0,0.012012012012,0,-1.10799963181,-0.209676095403,5,238
672,1,2.7514075614,1.0,10.0,0.013013013013,0,-0.630056258543,-0.358423662974,5,692
673,1,5.80288834387,3.0,6.0,0.012012012012,0,-0.18279795181,1.3512821993,5,454
674,1,7.83751254039,7.0,10.0,0.012012012012,0,0.712419412544,0.700254302757,5,810
675,1,1.73001313325,0.0,6.0,0.00800800800801,0,-0.29933432842,-2.37198388149,5,563
676,1,5.29856951274,5.0,7.0,0.00800800800801,0,-0.143001243255,0.727573242506,5,860
677,1,8.88350247451,6.0,9.0,0.01001001001,0,1.28842032507,0.0182414993122,5,708
678,1,4.39578256529,0.0,6.0,0.01001001001,0,0.0444434366374,-0.737547744625,5,398
679,1,2.34278573976,1.0,8.0,0.00900900900901,0,-1.07090825713,0.555510511139,5,763
680,0,9.66338126604,9.0,,0.00900900900901,0,1.64823430902,-0.281321661028,5,789
681,1,4.30171624417,2.0,5.0,0.00900900900901,0,-0.404170674842,0.514228268699,5,358
682,1,3.8298399591,3.0,10.0,0.013013013013,0,-0.235042023929,-0.465033969114,5,667
683,1,8.2215594057,8.0,10.0,0.011011011011,0,0.726526564686,1.04197971164,5,904
684,1,5.75515056125,3.0,8.0,0.00800800800801,0,-0.057173265324,0.926670357222,5,830
685,1,5.13655073703,,8.0,0.00900900900901,0,-0.630894019266,2.02923279483,5,694
686,1,4.18830920674,4.0,7.0,0.01001001001,0,0.111785332188,-1.14704678983,5,797
687,1,5.17432089834,,9.0,0.00900900900901,0,0.633659219382,-1.72665675981,5,814
688,0,11.4875737568,9.0,,0.01001001001,0,2.26059024831,-0.294196988117,5,848
689,1,6.78993962301,3.0,7.0,0.00900900900901,0,0.0533491814723,1.62989207859,5,465
690,1,9.70323038423,8.0,10.0,0.01001001001,0,2.09200668469,-1.57278966984,5,925
691,1,-4.59679222829,,0.0,0.01001001001,1,-2.5749921273,-1.87181584638,5,75
692,1,2.87940228289,0.0,5.0,0.00900900900901,0,-1.03180356445,0.974812976224,5,102
693,1,3.40532507955,1.0,6.0,0.00900900900901,0,-0.18058802105,-1.0529108573,5,779
694,1,3.79340271774,,6.0,0.01001001001,0,-0.673617084432,0.814253971035,5,631
695,1,2.94683360929,1.0,3.0,0.00900900900901,0,-0.476050850897,-0.625013838016,5,73
696,1,-0.459161943493,,0.0,0.011011011011,1,-1.54027585542,-0.838334377228,5,57
697,1,3.94303979907,2.0,5.0,0.012012012012,0,-0.394957765139,0.127913094485,5,233
698,1,7.54033646651,3.0,8.0,0.00900900900901,0,1.18159669907,-1.00445363071,5,651
699,1,5.05589600023,2.0,7.0,0.00800800800801,0,-0.467090684435,1.45716805354,5,715
700,1,6.04005269135,2.0,7.0,0.012012012012,0,0.167848716169,0.536506542845,5,422
701,1,5.47139959972,5.0,7.0,0.00800800800801,0,0.0972106061376,0.179767781311,5,749
702,1,4.30578574571,2.0,9.0,0.00900900900901,0,-0.172818644419,-0.175758321033,5,673
703,1,7.6256733266,6.0,9.0,0.00900900900901,0,0.335123788734,1.6203019604,5,754
704,1,4.26057160561,2.0,5.0,0.013013013013,0,-0.166372857323,-0.24030982242,5,321
705,1,3.75790894907,1.0,5.0,0.00900900900901,0,-0.568032340402,0.46200597028,5,345
706,0,9.29143091259,9.0,,0.00900900900901,0,1.42780630354,0.00801200197487,5,376
707,0,11.3128962712,8.0,,0.00800800800801,0,1.76991805837,1.00314209614,5,913
708,1,7.4888538227,7.0,8.0,0.00800800800801,1,0.879430461309,-0.149437561229,5,798
709,0,13.596747045,8.0,,0.00800800800801,0,3.13543245613,-0.809550323385,5,921
710,1,4.75424859057,0.0,7.0,0.011011011011,0,-0.0220416080787,-0.179626585195,5,470
711,1,2.50045490627,2.0,5.0,0.01001001001,0,-0.585851522279,-0.741990526891,5,443
712,1,5.35158718956,4.0,8.0,0.011011011011,0,0.513279465069,-1.18825120565,5,874
713,1,1.21838592908,1.0,2.0,0.00800800800801,1,-0.530712802131,-2.18947566453,5,245
714,1,4.1599410061,1.0,7.0,0.01001001001,0,-0.298933502344,0.0567415131291,5,597
715,1,4.38798424428,0.0,6.0,0.011011011011,0,-0.636825481592,1.29846068906,5,521
716,1,7.22969869566,7.0,8.0,0.01001001001,1,0.851934781012,-0.326105647375,5,705
717,1,3.36689011615,0.0,4.0,0.00800800800801,0,-0.934580470055,1.17063152631,5,330
718,1,4.40529905855,4.0,5.0,0.00900900900901,1,-0.261695438947,0.190385375387,5,509
719,1,8.11256921495,7.0,9.0,0.00900900900901,0,0.61065345785,1.2806088414,5,928
720,1,4.1571725877,4.0,11.0,0.012012012012,0,0.280295581026,-1.68371415538,5,804
721,1,3.5853380612,1.0,7.0,0.00900900900901,0,-0.677724016642,0.618510111122,5,669
722,1,5.50090611239,4.0,6.0,0.01001001001,0,0.358655165493,-0.575059384085,5,695
723,1,-1.53789142887,,0.0,0.00900900900901,1,-2.51300693605,1.00112937929,5,6
724,1,7.18170109329,7.0,8.0,0.00800800800801,1,1.18531324043,-1.374238628,5,478
725,1,4.82159165061,2.0,6.0,0.00800800800801,0,-0.117584030157,0.174343741077,5,445
726,1,5.56255601938,,10.0,0.01001001001,0,0.523047943314,-1.00658781057,5,780
727,1,0.241731167251,0.0,1.0,0.00900900900901,1,-1.32480763782,-0.783845919296,5,127
728,1,1.36215593399,1.0,2.0,0.01001001001,1,-1.35945790778,0.440529657344,5,116
729,1,4.43539760978,,5.0,0.00800800800801,0,0.0646393819513,-0.758520536072,5,222
730,0,10.7963418882,7.0,,0.00800800800801,0,1.73295755334,0.597469228158,5,303
731,1,6.15223305024,,9.0,0.00900900900901,0,0.165785600088,0.654876249982,5,703
732,1,6.5228758835,2.0,7.0,0.00800800800801,0,1.005503245,-1.49363385151,5,845
733,1,-3.09742791119,,0.0,0.011011011011,1,-2.24809410601,-1.35314559317,5,5
734,1,6.27405502128,4.0,9.0,0.00900900900901,0,0.634586612888,-0.629704817387,5,815
735,1,4.731681699,4.0,5.0,0.00900900900901,1,-0.219340193689,0.389702280066,5,456
736,1,1.88960846307,0.0,2.0,0.00900900900901,0,-0.94429489618,-0.277506848392,5,224
737,1,5.27903539355,5.0,6.0,0.01001001001,1,-0.0759964121429,0.507024629984,5,661
738,1,6.78376898053,4.0,7.0,0.01001001001,0,0.509745762327,0.254531693545,5,676
739,1,7.05801179387,7.0,9.0,0.00900900900901,0,0.749694631537,-0.191072100742,5,825
740,1,1.15965311648,0.0,3.0,0.011011011011,0,-1.05890749528,-0.663624397682,5,123
741,1,-1.21103829184,,0.0,0.00900900900901,1,-2.17384892761,0.310508490989,5,60
742,0,10.80533415,9.0,,0.00900900900901,0,1.62613300086,0.926935147457,5,506
743,1,4.21387256735,2.0,5.0,0.00800800800801,0,0.351366947007,-1.84022827367,5,537
744,1,4.93144881243,0.0,8.0,0.01001001001,0,-0.430740771279,1.22367112626,5,553
745,1,6.20868113919,6.0,8.0,0.01001001001,0,0.544134915732,-0.423723608009,5,840
746,1,9.776940691,6.0,10.0,0.01001001001,0,1.52115782298,0.213467222051,5,721
747,1,1.28724758459,,3.0,0.01001001001,0,-0.734192979294,-1.51017347753,5,234
748,1,3.44735842574,3.0,6.0,0.00800800800801,0,-0.738272239253,0.662175143495,5,758
749,1,8.0407665158,7.0,9.0,0.01001001001,0,0.809881497627,0.611122022915,5,787
750,1,4.78063057285,3.0,6.0,0.011011011011,0,-0.329863407494,0.770220795335,5,431
751,1,5.9614175193,1.0,11.0,0.011011011011,0,0.672649009479,-1.05652950914,5,882
752,1,1.03102506846,1.0,2.0,0.01001001001,1,-1.73697542536,1.24195134455,5,274
753,1,-0.0687049631744,,1.0,0.00800800800801,0,-0.73665139768,-2.85875077013,5,155
754,1,4.22940153636,2.0,5.0,0.00800800800801,0,0.0839368765177,-1.0224090932,5,668
755,1,0.865224496127,0.0,7.0,0.01001001001,0,-1.06018786445,-0.954211910528,5,711
756,1,3.63914768808,1.0,4.0,0.00800800800801,0,-0.985963180135,1.59703722849,5,527
757,1,1.24078434312,0.0,3.0,0.00800800800801,0,-0.900752454381,-1.05695829374,5,128
758,1,3.94125670882,1.0,8.0,0.01001001001,0,0.0173072650752,-1.11066508641,5,603
759,1,3.90560638207,3.0,5.0,0.00800800800801,0,-0.35438425866,-0.0312408419556,5,371
760,1,5.69283362737,5.0,7.0,0.00800800800801,0,-0.000116440764387,0.693182949668,5,525
761,1,4.2004945969,3.0,9.0,0.012012012012,0,-0.26486644021,-0.00490608246889,5,646
762,1,7.24619323985,6.0,8.0,0.00900900900901,0,0.704181164382,0.133649746703,5,842
763,1,3.89488397371,3.0,5.0,0.00900900900901,0,-0.448225135973,0.239559381631,5,493
764,1,2.90919872279,1.0,4.0,0.00900900900901,0,-0.390015568094,-0.920754572934,5,197
765,1,3.97863355739,3.0,4.0,0.01001001001,1,-0.329855101132,-0.0318011392174,5,426
766,1,1.97242694731,1.0,6.0,0.00800800800801,0,-0.88626314172,-0.368783627529,5,260
767,1,3.1529515992,,8.0,0.01001001001,0,-0.769100322596,0.460252566989,5,751
768,1,-0.324445360212,,0.0,0.00800800800801,1,-1.94228798421,0.502418592426,5,18
769,1,5.36668682498,1.0,7.0,0.00900900900901,0,0.257052379204,-0.404470312631,5,595
770,1,2.2809900036,1.0,5.0,0.01001001001,0,-0.70033271021,-0.618011865768,5,211
771,1,6.71854047629,5.0,8.0,0.011011011011,0,0.624522050138,-0.155025674126,5,729
772,1,5.63335944819,0.0,7.0,0.00800800800801,0,-0.0337883226125,0.734724416029,5,584
773,1,4.94415083815,1.0,5.0,0.00800800800801,0,0.466249730711,-1.45459835398,5,550
774,1,5.35855815808,5.0,6.0,0.00900900900901,1,0.289889969414,-0.511111750162,5,574
775,1,0.520059933044,0.0,5.0,0.00900900900901,0,-1.1112874469,-1.14607772626,5,125
776,1,3.02767395374,,4.0,0.00900900900901,0,-0.364290858825,-0.879453469787,5,218
777,1,-0.962271146915,,0.0,0.01001001001,1,-1.78672270065,-0.602103044966,5,1
778,1,1.89977126372,1.0,2.0,0.01001001001,1,-0.864215113426,-0.507583395998,5,104
779,1,2.86736356702,2.0,7.0,0.00900900900901,0,-0.380592108383,-0.990860107828,5,524
780,1,-0.538022298026,,1.0,0.00800800800801,0,-1.70046528169,-0.43662645297,5,92
781,1,4.27657331046,1.0,5.0,0.00800800800801,0,-0.329587812153,0.265336746916,5,433
782,0,9.20158723277,9.0,,0.01001001001,0,1.42345245125,-0.0687701209741,5,672
783,1,4.77003883795,2.0,5.0,0.011011011011,0,-0.00636273197434,-0.210872966127,5,372
784,1,3.17637376075,3.0,6.0,0.00800800800801,0,-0.0681100291547,-1.61929615178,5,583
785,1,9.15030145572,6.0,10.0,0.011011011011,0,1.28186867777,0.30469542242,5,881
786,0,10.891446159,8.0,,0.00800800800801,0,1.94575020705,0.0541955378235,5,793
787,1,6.56613692503,6.0,8.0,0.00800800800801,0,0.748368038977,-0.678967191899,5,867
788,0,8.67312478528,8.0,,0.00800800800801,0,0.704755085982,1.55885952733,5,467
789,1,-0.862690218797,,0.0,0.00900900900901,1,-2.4130345365,1.37641339071,5,14
790,1,4.12376810327,4.0,7.0,0.00900900900901,0,-0.451993837376,0.479749615398,5,720
791,1,2.92180775271,2.0,3.0,0.01001001001,1,-0.300170560415,-1.17768056605,5,179
792,1,1.85563138126,0.0,2.0,0.00900900900901,0,-0.234268846818,-2.44156207828,5,251
793,1,1.02032660084,0.0,3.0,0.00800800800801,0,-1.22535446564,-0.303610002238,5,425
794,1,2.8162308811,2.0,6.0,0.01001001001,0,-0.761764003005,0.101522890113,5,526
795,1,2.24400325636,,5.0,0.01001001001,0,-1.44419800131,1.57659726029,5,278
796,1,2.02848749542,0.0,7.0,0.00900900900901,0,-0.199293751703,-2.37363124947,5,551
797,1,7.69362834548,5.0,9.0,0.00900900900901,0,0.50743089551,1.17133565895,5,739
798,1,7.03536078513,4.0,9.0,0.01001001001,0,0.339951570628,1.01550607324,5,620
799,1,1.60493172263,0.0,7.0,0.00900900900901,0,-0.611794789267,-1.55968390957,5,791
800,1,5.02056391964,5.0,7.0,0.00800800800801,0,-0.330252726479,1.01132209908,5,510
801,0,8.77452162442,8.0,,0.00800800800801,0,1.35234170856,-0.282503501272,5,799
802,1,7.59559753389,7.0,8.0,0.00800800800801,1,0.968803586935,-0.310813226917,5,915
803,1,5.83981667825,4.0,7.0,0.00900900900901,0,-0.192422703203,1.41708478786,5,756
804,1,3.47148594124,0.0,5.0,0.00900900900901,0,-0.273946378241,-0.706674924042,5,518
805,1,5.39023089457,5.0,6.0,0.00800800800801,1,0.271578265371,-0.424503901544,5,512
806,1,9.77986720602,9.0,10.0,0.01001001001,1,1.59648435721,-0.00958586561251,5,900
807,1,0.68071559526,,9.0,0.00900900900901,0,-1.36878896142,-0.212917520487,5,898
808,1,3.86509999366,3.0,5.0,0.00900900900901,0,-0.362001522248,-0.0488954395992,5,767
809,1,5.83978948261,5.0,6.0,0.00800800800801,1,-0.0943713811763,1.12290362614,5,534
810,1,0.574170928552,,6.0,0.00800800800801,0,-1.04476441143,-1.29153583715,5,769
811,1,1.47129118398,1.0,4.0,0.011011011011,0,-1.59110935098,1.24461923691,5,444
812,1,1.44971290083,,2.0,0.01001001001,0,-0.585186092262,-1.79472882239,5,49
813,1,2.10902400183,1.0,4.0,0.00900900900901,0,-0.830549273136,-0.399328178766,5,486
814,1,5.58390427334,2.0,7.0,0.00800800800801,0,0.129133916449,0.196502523993,5,722
815,1,3.80582600338,2.0,8.0,0.011011011011,0,-0.192693566665,-0.616093296626,5,684
816,1,6.55397334201,6.0,8.0,0.011011011011,0,-0.147612499379,1.99681084015,5,733
817,1,1.98611044847,0.0,2.0,0.00800800800801,0,-0.717318303876,-0.861934639906,5,406
818,0,11.6128940025,8.0,,0.00800800800801,0,2.06154676983,0.42825369297,5,524
819,1,2.36931112597,1.0,5.0,0.00800800800801,0,-0.459510204144,-1.2521582616,5,531
820,0,9.11215545013,9.0,,0.00900900900901,0,1.82342919847,-1.35813214529,5,163
821,1,6.40089839635,4.0,8.0,0.00900900900901,0,0.639451390112,-0.517455773988,5,305
822,1,5.3925828133,5.0,6.0,0.00800800800801,1,-0.405353163994,1.60864230528,5,554
823,0,9.24805551498,9.0,,0.01001001001,0,1.21596572146,0.6001583506,5,840
824,1,6.78884859407,6.0,7.0,0.00800800800801,1,0.987514064596,-1.17369359972,5,891
825,1,5.05656886888,2.0,6.0,0.012012012012,0,-0.13751716769,0.469120371949,5,481
826,1,7.13264534735,7.0,8.0,0.00800800800801,1,0.501588971393,0.62787843317,5,847
827,0,11.7349089822,8.0,,0.00800800800801,0,1.80039611427,1.33372063942,5,836
828,1,6.16446815066,6.0,7.0,0.01001001001,1,0.478264480788,-0.270325291703,5,806
829,1,2.36816458711,2.0,7.0,0.00800800800801,0,-0.66220951069,-0.645206880824,5,704
830,1,5.73522050084,5.0,6.0,0.00900900900901,1,0.994355454674,-2.24784586319,5,587
831,1,3.21080602396,3.0,5.0,0.00800800800801,0,-0.818966390479,0.667705195394,5,369
832,1,-0.301460465238,,0.0,0.01001001001,1,-1.70633427524,-0.182457639509,5,3
833,1,4.58899924019,4.0,7.0,0.00900900900901,0,-0.393866459713,0.770598619326,5,706
834,1,2.93521198182,1.0,3.0,0.00800800800801,0,-0.45826306554,-0.689998821558,5,154
835,1,3.82966911508,1.0,5.0,0.00900900900901,0,-0.252358683499,-0.413254834422,5,480
836,1,4.51186361451,3.0,5.0,0.01001001001,0,-0.327149459083,0.49331199176,5,428
837,1,6.01323240741,6.0,7.0,0.00800800800801,1,-0.455321437634,2.37919672031,5,753
838,1,2.96848174501,,3.0,0.012012012012,0,-0.517736497818,-0.478308761539,5,220
839,1,0.491653752548,0.0,3.0,0.00800800800801,0,-1.68944978222,0.5600030992,5,276
840,1,-0.902949690831,,2.0,0.00900900900901,0,-1.82069742077,-0.440857428528,5,165
841,0,9.34065039688,8.0,,0.00800800800801,0,1.46977796308,-0.0686834923544,5,329
842,1,3.38867291501,0.0,4.0,0.00800800800801,0,-0.869323637875,0.996643828633,5,172
843,1,4.87704505324,4.0,7.0,0.00800800800801,0,0.728651703503,-2.30891005727,5,409
844,0,10.4267788975,9.0,,0.00900900900901,0,1.7365559496,0.217111048669,5,743
845,1,5.7033309146,5.0,6.0,0.00800800800801,1,0.464736240488,-0.690877806861,5,392
846,1,2.48751919725,1.0,5.0,0.00800800800801,0,-0.410334818635,-1.28147634684,5,193
847,0,10.1027536225,8.0,,0.00900900900901,0,1.87655812166,-0.526920742428,5,193
848,1,7.56333639411,5.0,8.0,0.00900900900901,0,0.979402414647,-0.374870849829,5,895
849,1,4.50750772796,4.0,8.0,0.01001001001,0,0.205424852288,-1.1087668289,5,878
850,1,7.34503943474,7.0,8.0,0.00800800800801,1,-0.0531935552562,2.50462010051,5,868
851,1,6.0105490572,2.0,10.0,0.01001001001,0,0.191626647169,0.435669115697,5,909
852,1,0.724669764987,0.0,1.0,0.00900900900901,1,-1.4288892924,0.0113376421888,5,166
853,1,1.5485952038,,7.0,0.00800800800801,0,-0.583859455223,-1.69982643053,5,635
854,1,6.30419544633,6.0,7.0,0.00800800800801,1,0.000460065641864,1.30281524941,5,831
855,1,2.4321959112,1.0,6.0,0.00900900900901,0,-0.582063941692,-0.821612263725,5,360
856,1,6.80825085902,5.0,8.0,0.00800800800801,0,0.533616648005,0.20740091501,5,837
857,1,6.9538704167,5.0,7.0,0.00800800800801,0,0.991019546576,-1.01918822303,5,630
858,0,8.07659537336,8.0,,0.00800800800801,0,1.3651917461,-1.01897986493,5,726
859,0,8.47895687252,7.0,,0.00800800800801,0,0.960364080363,0.597864631431,5,592
860,1,8.87005570138,8.0,9.0,0.01001001001,1,1.01142755708,0.835773030135,5,897
861,1,6.18609236764,6.0,7.0,0.00900900900901,1,0.314652161973,0.242135881725,5,924
862,0,8.43008396018,8.0,,0.00900900900901,0,0.626084055169,1.55183179468,5,758
863,0,8.34922908182,8.0,,0.00800800800801,0,1.39297453651,-0.829694527704,5,233
864,1,6.33188082199,6.0,8.0,0.00900900900901,0,0.707004634,-0.789133080013,5,752
865,1,2.9447196847,1.0,6.0,0.00800800800801,0,-0.58445310769,-0.301920992228,5,354
866,1,1.54053662391,1.0,3.0,0.00800800800801,0,-1.14133399291,-0.0354613973561,5,339
867,1,2.76707856192,0.0,5.0,0.00800800800801,0,-0.835755504049,0.274345074068,5,700
868,1,1.1445282234,,7.0,0.00900900900901,0,-1.68329101955,1.19440128207,5,602
869,1,0.612785201983,0.0,4.0,0.00900900900901,0,-1.50455163057,0.126440093687,5,188
870,1,5.72668649817,4.0,8.0,0.01001001001,0,-0.14701929359,1.16774437894,5,746
871,1,2.99991846422,0.0,5.0,0.00800800800801,0,-1.1630726102,1.48913629482,5,549
872,1,7.98544519651,7.0,9.0,0.00900900900901,0,0.802186703209,0.578885086879,5,773
873,1,5.39914699897,2.0,6.0,0.00900900900901,0,0.388769010543,-0.767160032661,5,399
874,1,3.67246800452,3.0,4.0,0.00800800800801,1,-0.73910344271,0.889778332653,5,396
875,1,2.55803272559,,7.0,0.00900900900901,0,-0.842640023431,0.0859527958809,5,799
876,1,7.58749261216,6.0,8.0,0.00800800800801,0,0.491317323952,1.11354064031,5,923
877,1,3.52099614507,3.0,4.0,0.00900900900901,1,-0.227423679116,-0.79673281758,5,540
878,1,6.30810745707,5.0,8.0,0.00800800800801,0,0.208754123749,0.681845085824,5,674
879,1,6.8841643618,6.0,8.0,0.00800800800801,0,0.891119932616,-0.789195436051,5,852
880,1,6.63351744152,3.0,8.0,0.00900900900901,0,0.4841410129,0.181094402816,5,724
881,0,7.24246261411,7.0,,0.00800800800801,0,0.914720372488,-0.501698503349,5,563
882,1,4.89876255322,3.0,9.0,0.00900900900901,0,-0.581851806508,1.64431797275,5,748
883,1,6.27936009703,6.0,7.0,0.00800800800801,1,0.0431567014691,1.14988999262,5,793
884,1,1.2841154582,0.0,7.0,0.00800800800801,0,-0.872297045353,-1.09899340574,5,761
885,1,4.75896512044,1.0,5.0,0.00900900900901,0,-0.462678091989,1.1469993964,5,621
886,1,2.51799560446,2.0,3.0,0.00800800800801,1,-0.99517783912,0.503529121824,5,312
887,1,-0.402780862466,,1.0,0.00900900900901,0,-1.33600641292,-1.3947616237,5,79
888,1,4.75422628535,4.0,7.0,0.00800800800801,0,-0.197159288258,0.345704150128,5,921
889,0,12.1380927845,8.0,,0.00800800800801,0,2.11757100278,0.785379776125,5,15
890,1,4.51135346084,4.0,5.0,0.01001001001,1,0.0103117828359,-0.519581887669,5,424
891,1,3.04522520445,0.0,4.0,0.00800800800801,0,-1.07042877331,1.25651152439,5,356
892,1,8.46730531458,4.0,9.0,0.01001001001,0,1.40071758663,-0.734847445304,5,918
893,1,4.20860660552,4.0,7.0,0.00900900900901,0,-0.239171781837,-0.0738780489657,5,543
894,1,1.13864300546,1.0,4.0,0.00800800800801,0,-0.656266267427,-1.89255819226,5,403
895,1,7.94235815318,7.0,8.0,0.00800800800801,1,0.738493605414,0.726877336941,5,875
896,1,1.02418612398,0.0,5.0,0.00800800800801,0,-1.51619089394,0.572758805813,5,528
897,1,5.9816390927,4.0,7.0,0.00800800800801,0,0.878731886643,-1.65455656723,5,696
898,1,4.20009224932,2.0,5.0,0.00800800800801,0,-0.138445228212,-0.384572066046,5,685
899,1,6.74541707379,4.0,7.0,0.01001001001,0,1.32320072764,-2.22418510911,5,712
900,1,-2.23459133532,,0.0,0.00800800800801,1,-1.79786478322,-1.84099698566,5,85
901,0,8.81899964981,8.0,,0.00800800800801,0,1.09741289164,0.526760974876,5,809
902,1,1.06052576485,1.0,3.0,0.00800800800801,0,-0.892244754064,-1.26273997296,5,247
903,1,0.123120449019,0.0,8.0,0.00900900900901,0,-1.08419622621,-1.62429087237,5,808
904,1,1.39961745247,,3.0,0.00800800800801,0,-1.16769763298,-0.0972896486013,5,136
905,1,3.84569906857,1.0,8.0,0.00800800800801,0,0.270672051692,-1.9663170865,5,827
906,0,9.89638710738,9.0,,0.01001001001,0,1.47045673038,0.485016916246,5,823
907,1,4.48487477011,4.0,5.0,0.00800800800801,1,-0.298261045082,0.37965790536,5,451
908,1,1.47184193001,1.0,7.0,0.00800800800801,0,-0.571805145715,-1.81274263284,5,506
909,1,4.8127294606,3.0,6.0,0.00800800800801,0,-0.543007771247,1.44175277434,5,856
910,0,9.93271797529,8.0,,0.00800800800801,0,1.78000797842,-0.407305959955,5,614
911,1,6.55198945844,5.0,8.0,0.00900900900901,0,0.322553628509,0.584328572917,5,750
912,1,4.04933788749,4.0,6.0,0.00800800800801,0,-0.297546405679,-0.0580228954739,5,656
913,1,0.887910919617,0.0,4.0,0.00800800800801,0,-1.54374945307,0.519159278819,5,350
914,1,7.40654360217,3.0,8.0,0.00800800800801,0,0.947552628631,-0.43611428372,5,734
915,1,-0.24779096269,,0.0,0.00900900900901,1,-1.01549744573,-2.20129862549,5,32
916,1,6.42459205323,5.0,7.0,0.00900900900901,0,0.416610431769,0.174760757926,5,625
917,1,8.55625464002,8.0,9.0,0.00900900900901,1,1.18975880404,-0.0130217720937,5,858
918,1,0.758831832435,,4.0,0.00900900900901,0,-1.17840162439,-0.705963294407,5,363
919,1,5.39888368631,5.0,6.0,0.00800800800801,1,0.413328770618,-0.841102625545,5,771
920,1,3.63495620427,,8.0,0.00800800800801,0,-0.620241178334,0.495679739275,5,807
921,1,0.973572539283,,8.0,0.00900900900901,0,-1.32421877915,-0.0537711232774,5,713
922,1,3.46482702247,1.0,7.0,0.00800800800801,0,-1.00997055233,1.49473867945,5,533
923,1,0.455319860545,,2.0,0.00800800800801,0,-1.37395757928,-0.422807401621,5,294
924,1,4.4944411858,0.0,5.0,0.00900900900901,0,-0.634305796229,1.39735857449,5,589
925,1,6.09412193291,4.0,7.0,0.00800800800801,0,-0.21418403044,1.73667402423,5,899
926,1,2.32969769162,2.0,6.0,0.00800800800801,0,-0.77058062906,-0.358560421203,5,731
927,1,5.64217396664,1.0,7.0,0.00800800800801,0,0.553039144127,-1.01694346574,5,634
928,1,6.33535064886,2.0,7.0,0.00800800800801,0,0.426917545111,0.0545980135275,5,489
929,1,1.59977477287,1.0,5.0,0.00800800800801,0,-0.788218300515,-1.03557032559,5,314
930,1,0.323168744203,,1.0,0.00800800800801,0,-1.67830866863,0.358094750101,5,84
931,1,6.18382590933,6.0,7.0,0.00800800800801,1,0.83176296236,-1.31146297775,5,817
932,1,4.57556094665,1.0,8.0,0.00800800800801,0,0.11456774404,-0.768142285474,5,697
933,1,5.141803497,5.0,7.0,0.00800800800801,0,-0.0198359934981,0.201311477492,5,659
934,1,7.75569440436,7.0,8.0,0.00800800800801,1,0.807537874836,0.333080779852,5,794
935,1,3.74740794379,1.0,6.0,0.00800800800801,0,-0.437437942948,0.0597217726349,5,737
936,1,8.61497133832,8.0,9.0,0.01001001001,1,1.10641869776,0.29571524505,5,919
937,1,1.44269964278,1.0,6.0,0.00900900900901,0,-1.20087492167,0.0453244077844,5,579
938,1,5.71286414099,4.0,7.0,0.00800800800801,0,0.576272328255,-1.01595284377,5,824
939,1,5.85149418789,1.0,6.0,0.00800800800801,0,0.0354488230874,0.745147718632,5,570
940,1,2.46483133894,2.0,3.0,0.00800800800801,1,-1.47079400806,1.87721336314,5,171
941,0,8.40295884499,7.0,,0.00800800800801,0,0.831687605884,0.907896027338,5,195
942,1,4.93376283796,3.0,6.0,0.00800800800801,0,-0.0334810794312,0.0342060762498,5,297
943,1,4.72201584237,4.0,5.0,0.00800800800801,1,0.67615995093,-2.30646401042,5,337
944,0,9.67452638538,8.0,,0.00800800800801,0,1.47281891924,0.256069627671,5,27
945,1,2.51569729137,2.0,5.0,0.00800800800801,0,-1.28132183017,1.35966278187,5,450
946,1,6.44386711305,6.0,8.0,0.00800800800801,0,0.722283752451,-0.722984144307,5,910
947,1,-0.770225031506,,1.0,0.00800800800801,0,-1.94709364876,0.0710559147787,5,63
948,0,8.47559500957,8.0,,0.01001001001,0,1.00558620855,0.458836383923,5,755
949,0,8.96103211671,8.0,,0.00800800800801,0,1.36635144463,-0.138022217192,5,78
950,0,8.78788031658,7.0,,0.00800800800801,0,1.83300580763,-1.71113710631,5,789
951,1,2.27396943527,2.0,7.0,0.00800800800801,0,-0.54386700325,-1.09442955498,5,813
952,1,6.72592134894,4.0,8.0,0.00800800800801,0,0.38555013336,0.569270948859,5,775
953,1,7.40433118178,6.0,8.0,0.00800800800801,0,0.267594770182,1.60154687124,5,833
954,1,3.86971396457,0.0,4.0,0.00800800800801,0,-0.193316305193,-0.550337119854,5,205
955,1,-0.801134916029,,1.0,0.00800800800801,0,-1.63863122535,-0.885241239971,5,16
956,1,5.35819236158,3.0,7.0,0.00800800800801,0,0.587558942201,-1.40448446502,5,894
957,0,8.77025203696,8.0,,0.00800800800801,0,0.818247270429,1.31551022568,5,228
958,1,2.88531594144,1.0,3.0,0.00800800800801,0,-0.472837008359,-0.696173033481,5,145
959,1,0.58101512297,0.0,1.0,0.00800800800801,1,-0.611056152714,-2.58581641889,5,100
960,1,-0.789584966949,,2.0,0.00800800800801,0,-1.96746028052,0.112795874602,5,209
961,1,1.80282698283,,6.0,0.00800800800801,0,-0.886821879382,-0.536707379025,5,538
962,0,8.33519533651,8.0,,0.00800800800801,0,0.65099469537,1.3822112504,5,878
963,1,7.44266878002,7.0,8.0,0.00800800800801,1,0.315657217544,1.49569712739,5,917
964,1,5.1276353595,2.0,6.0,0.00800800800801,0,0.407858759382,-1.09594091865,5,663
965,1,6.96330749293,6.0,7.0,0.00800800800801,1,0.253678519084,1.20227193568,5,907
966,1,7.38488747814,5.0,8.0,0.00900900900901,0,0.940971994288,-0.438028504729,5,905
967,1,4.56218260262,3.0,6.0,0.00800800800801,0,0.0414155464451,-0.562064036716,5,593
968,1,2.58505046738,2.0,5.0,0.00800800800801,0,-0.635082782447,-0.509701185281,5,624
969,1,1.17269512335,,5.0,0.00800800800801,0,-0.909722833238,-1.09813637694,5,687
970,0,9.25938453622,7.0,,0.00800800800801,0,1.02068297714,1.19733560479,5,842
971,1,4.5019043771,2.0,8.0,0.00900900900901,0,0.0965797820811,-0.787834969146,5,774
972,1,4.18748277465,3.0,6.0,0.00800800800801,0,-0.622751875559,1.05573840133,5,653
973,1,4.25894649505,4.0,6.0,0.00800800800801,0,-0.23518978635,-0.035484145903,5,576
974,1,2.82087274712,2.0,5.0,0.00800800800801,0,-1.06285841829,1.00944800199,5,133
975,1,1.53862716854,1.0,2.0,0.00800800800801,1,-1.28862635837,0.404506243642,5,271
976,1,6.91701264517,6.0,7.0,0.00800800800801,1,0.892451365671,-0.760341451847,5,623
977,0,8.88676227795,8.0,,0.00800800800801,0,1.06983875511,0.677246012626,5,35
978,1,3.86639027801,3.0,8.0,0.00800800800801,0,-0.18276221889,-0.585323065321,5,796
979,1,5.90880779632,5.0,7.0,0.00800800800801,0,0.0694369195219,0.700497037751,5,865
980,1,-2.41662378507,,1.0,0.00800800800801,0,-2.41523164489,-0.170928850396,5,28
981,1,2.73067288392,0.0,3.0,0.00800800800801,0,-0.447826862243,-0.925846529354,5,499
982,0,9.47208927703,8.0,,0.00800800800801,0,1.24062830762,0.75020435418,5,764
983,1,5.41487362699,3.0,7.0,0.00800800800801,0,-0.0110219618885,0.447939512651,5,649
984,0,9.65427346325,8.0,,0.00800800800801,0,1.48412779501,0.201890078235,5,89
985,1,0.493728995342,0.0,1.0,0.00800800800801,1,-1.29693617789,-0.615462471003,5,91
986,1,3.14787041701,0.0,5.0,0.00800800800801,0,-0.426848192854,-0.571585004425,5,241
987,1,6.10661752867,4.0,7.0,0.00800800800801,0,0.377131261321,-0.0247762552967,5,460
988,1,7.44800952155,6.0,8.0,0.00800800800801,0,0.814541957776,0.00438364822296,5,479
989,1,4.92677481548,,6.0,0.00800800800801,0,-0.192930530627,0.505566407362,5,357
990,1,7.99691655739,5.0,8.0,0.00800800800801,0,1.01609177323,-0.0513587622951,5,823
991,1,1.6465557593,,5.0,0.00800800800801,0,-1.29454247222,0.530183175951,5,195
992,0,8.16625974188,5.0,,0.00800800800801,0,0.608210376829,1.34162861139,5,162
993,1,5.68309859674,3.0,8.0,0.00800800800801,0,-0.283233059885,1.5327977764,5,572
994,0,8.05831895833,8.0,,0.00800800800801,0,0.763990167304,0.766348456421,5,28
995,1,5.44464079808,0.0,7.0,0.00800800800801,0,0.324981891754,-0.530304877183,5,660
996,1,5.92288447069,5.0,7.0,0.00800800800801,0,0.169635636863,0.413977560104,5,759
997,1,5.89523086942,3.0,8.0,0.00800800800801,0,0.414373902248,-0.347890837326,5,802
998,1,6.53724009872,6.0,7.0,0.00800800800801,1,0.550121291385,-0.113123775433,5,901
999,1,6.18240449731,1.0,7.0,0.00800800800801,0,0.39695461766,-0.00845935566777,5,846
