name,activated,threshold,before_activation_alters,after_activation_alters,degree,observed,var1,epsilon,constant,activation_order
0,1,2.0189873642,,28.0,0.0700700700701,0,-0.875263541834,-0.355222010297,5,216
1,1,1.22547369196,,11.0,0.048048048048,0,-0.651648033068,-1.81958220883,5,160
2,1,9.58693829015,,13.0,0.0510510510511,0,1.13050559279,1.19542151178,5,138
3,1,2.76615434228,,27.0,0.139139139139,0,-0.487535351119,-0.771239604363,5,164
4,1,6.74889144845,0.0,18.0,0.032032032032,0,0.562116987093,0.0625404871679,5,369
5,1,-0.687500682121,,0.0,0.107107107107,1,-1.43383090926,-1.38600795433,5,1
6,1,0.218146996006,0.0,4.0,0.104104104104,0,-0.531261273548,-3.18806918335,5,25
7,1,5.24899113445,,6.0,0.0770770770771,0,0.782563448088,-2.09869920982,5,49
8,1,8.58597952614,,9.0,0.165165165165,0,0.928986248381,0.799020781,5,27
9,1,6.02296557034,,35.0,0.137137137137,0,0.274292618183,0.200087715796,5,200
10,1,3.93268554276,1.0,41.0,0.147147147147,0,-0.220298401742,-0.406419252013,5,171
11,1,3.49399461392,0.0,9.0,0.0660660660661,0,-1.0557034263,1.66110489282,5,77
12,1,1.10056949829,0.0,20.0,0.0930930930931,0,-1.32478725205,0.0749312544445,5,158
13,1,4.18124150045,,11.0,0.0970970970971,0,-0.565396596895,0.877431291139,5,73
14,1,5.63757143728,,32.0,0.101101101101,0,-0.242347143177,1.36461286681,5,205
15,1,5.46450210715,5.0,7.0,0.0980980980981,0,0.606395471485,-1.35468430731,5,84
16,1,1.1779518099,,4.0,0.106106106106,0,-0.554563630258,-2.15835729933,5,19
17,1,-3.23019056031,,3.0,0.0750750750751,0,-2.55939541074,-0.552004328073,5,47
18,1,5.38143236545,,10.0,0.0570570570571,0,0.116415515326,0.0321858194733,5,93
19,1,0.482025900687,,23.0,0.0710710710711,0,-1.09294655073,-1.23913444712,5,199
20,1,5.0131282309,,10.0,0.0750750750751,0,0.117913488679,-0.340612235139,5,82
21,1,5.5824798787,,64.0,0.0800800800801,0,0.295483814937,-0.303971566108,5,793
22,1,-3.2506974686,,0.0,0.0500500500501,1,-2.4038033166,-1.0392875188,5,14
23,1,4.2957127257,,21.0,0.0590590590591,0,0.0581466986616,-0.878727370281,5,206
24,1,5.43955533712,4.0,14.0,0.044044044044,0,-0.0603555632275,0.620622026807,5,291
25,1,6.85570943261,1.0,9.0,0.048048048048,0,0.58475716777,0.1014379293,5,161
26,1,8.53697861096,,14.0,0.03003003003,0,0.878275342736,0.90215258275,5,278
27,1,-2.93475167278,,5.0,0.029029029029,0,-2.3996887883,-0.735685307867,5,67
28,1,5.18499682869,,6.0,0.028028028028,0,0.383831772388,-0.966498488471,5,127
29,1,9.09963891494,4.0,16.0,0.028028028028,0,1.45181188403,-0.255796737151,5,350
30,1,2.55245200531,,14.0,0.046046046046,0,-1.29611552668,1.44079858536,5,114
31,1,6.24404610983,,8.0,0.019019019019,0,0.319478770772,0.285609797516,5,105
32,1,9.26506143377,,18.0,0.0520520520521,0,1.435995438,-0.0429248802294,5,287
33,1,-2.2291482722,,3.0,0.0870870870871,0,-1.84621813504,-1.69049386708,5,29
34,1,9.38747228458,5.0,14.0,0.035035035035,0,-0.0436262484864,4.51835103004,5,231
35,1,2.12683847431,,24.0,0.048048048048,0,-0.589542971106,-1.10453261237,5,351
36,1,8.97059773241,6.0,31.0,0.0640640640641,0,1.22253695561,0.302986865572,5,427
37,1,6.14873349036,1.0,31.0,0.049049049049,0,0.768419660954,-1.15652549251,5,576
38,1,3.67011072356,,5.0,0.0510510510511,0,-0.967877501416,1.57374322781,5,26
39,1,3.27460034931,1.0,14.0,0.048048048048,0,-0.105819407903,-1.40794142698,5,315
40,1,8.29176986856,5.0,16.0,0.049049049049,0,0.23924266752,2.574041866,5,295
41,1,3.14517104212,1.0,4.0,0.035035035035,0,-1.04167887571,1.27020766926,5,78
42,1,2.96974763943,,7.0,0.044044044044,0,-0.88109939805,0.613045833578,5,60
43,1,5.88523575288,,16.0,0.0600600600601,0,0.204564336126,0.271542744502,5,234
44,1,2.1040316229,2.0,6.0,0.0540540540541,0,-1.55579192793,1.77140740669,5,68
45,1,1.36724853368,0.0,3.0,0.036036036036,0,-1.02669781702,-0.552658015252,5,59
46,1,2.22140924917,,5.0,0.0640640640641,0,-0.63395473148,-0.876726556385,5,44
47,1,0.0398830892175,,2.0,0.047047047047,0,-1.06965240122,-1.75115970712,5,32
48,1,3.6386740839,,9.0,0.049049049049,0,-0.162504184461,-0.87381336272,5,245
49,1,6.29434753346,,9.0,0.0530530530531,0,0.872990946362,-1.32462530562,5,100
50,1,5.01542041544,0.0,12.0,0.043043043043,0,0.28968613681,-0.853637994991,5,129
51,1,5.16096474851,4.0,14.0,0.039039039039,0,0.109394116856,-0.167217602058,5,230
52,1,6.98547517125,2.0,14.0,0.0550550550551,0,0.261460478084,1.20109373699,5,203
53,1,4.34227111986,0.0,11.0,0.041041041041,0,-0.074822304446,-0.4332619668,5,175
54,1,2.87374214043,0.0,37.0,0.0520520520521,0,-1.16574892337,1.37098891053,5,654
55,1,3.75667642976,0.0,5.0,0.033033033033,0,-0.636759921356,0.666956193826,5,104
56,1,4.58387268619,0.0,17.0,0.027027027027,0,-0.618988266085,1.44083748444,5,678
57,1,4.43496359289,,20.0,0.047047047047,0,0.00823165710456,-0.589731378428,5,454
58,1,11.8276139774,8.0,14.0,0.03003003003,0,1.77169970439,1.51251486429,5,578
59,1,6.35694471068,1.0,23.0,0.024024024024,0,0.332746035303,0.358706604777,5,885
60,1,3.41218479091,2.0,9.0,0.011011011011,0,-0.0471503477599,-1.44636416581,5,342
61,1,6.90441463359,2.0,12.0,0.04004004004,0,0.430042875704,0.61428600648,5,218
62,1,8.83504887276,6.0,13.0,0.021021021021,0,0.850577749654,1.2833156238,5,470
63,1,-2.22468742981,,0.0,0.02002002002,1,-1.10517103799,-3.90917431585,5,2
64,1,5.61310829264,5.0,8.0,0.029029029029,0,0.453973665496,-0.748812703844,5,172
65,1,10.4691500068,7.0,37.0,0.0610610610611,0,1.77309941219,0.149851770245,5,531
66,1,1.75644645198,1.0,5.0,0.027027027027,0,-0.501708697172,-1.7384274565,5,132
67,1,0.83247176744,,11.0,0.028028028028,0,-1.32785432576,-0.183965255286,5,146
68,1,3.65959122182,,8.0,0.047047047047,0,-0.443240822553,-0.0106863105243,5,70
69,1,2.6072424025,,8.0,0.048048048048,0,-0.287606279176,-1.52993875997,5,108
70,1,8.96346101329,3.0,37.0,0.0610610610611,0,1.39727318246,-0.228358534091,5,493
71,1,-0.419498515511,,11.0,0.0550550550551,0,-1.22380969745,-1.74806942316,5,178
72,1,12.6793812486,12.0,28.0,0.031031031031,0,1.74081998946,2.45692128018,5,873
73,1,5.37900765912,2.0,10.0,0.044044044044,0,-0.0102758830306,0.409835308212,5,124
74,1,9.01514134741,5.0,12.0,0.039039039039,0,0.267411171247,3.21290783367,5,224
75,1,11.5683844458,8.0,15.0,0.047047047047,0,1.38386879171,2.41677807062,5,227
76,1,3.27206015156,,6.0,0.019019019019,0,-1.24081391857,1.99450190728,5,267
77,1,10.4294654672,1.0,13.0,0.028028028028,0,1.2346494026,1.72551725944,5,276
78,1,0.719646373819,0.0,1.0,0.019019019019,1,-1.03082259374,-1.18788584496,5,13
79,1,3.03255244263,,13.0,0.037037037037,0,-0.00923359018578,-1.93974678682,5,251
80,1,4.72299473029,0.0,8.0,0.034034034034,0,0.10315955636,-0.586483938796,5,176
81,1,6.60433717766,,7.0,0.031031031031,0,-0.475942050478,3.03216332909,5,142
82,1,7.33049303252,0.0,11.0,0.033033033033,0,0.779004854713,-0.00652153162305,5,256
83,1,7.48881852396,4.0,23.0,0.042042042042,0,0.956009448926,-0.379209822818,5,555
84,1,8.53595001852,7.0,12.0,0.012012012012,0,0.857064812227,0.964755581839,5,838
85,1,2.9484437489,,4.0,0.031031031031,0,-0.611231410861,-0.217862018517,5,65
86,1,6.29860077203,5.0,19.0,0.024024024024,0,-0.314624576866,2.24247450263,5,847
87,1,10.06943963,,12.0,0.017017017017,0,1.62988866734,0.179773627949,5,462
88,1,4.25443981853,,16.0,0.035035035035,0,-0.629803123484,1.14384918898,5,450
89,1,6.61517868079,1.0,14.0,0.022022022022,0,-0.0265489018037,1.6948253862,5,474
90,1,6.53039831087,1.0,10.0,0.026026026026,0,0.719724691732,-0.628775764321,5,202
91,1,9.42481325151,,13.0,0.03003003003,0,0.938682317178,1.60876629998,5,268
92,1,-1.73622628925,,6.0,0.027027027027,0,-1.73441251522,-1.53298874358,5,74
93,1,8.30775567257,,14.0,0.018018018018,0,0.639580399332,1.38901447457,5,566
94,1,7.48167515553,4.0,10.0,0.019019019019,0,1.37184088296,-1.63384749335,5,285
95,1,0.628740264002,0.0,4.0,0.017017017017,0,-0.849451476588,-1.82290530623,5,123
96,1,1.03313223071,,8.0,0.046046046046,0,-1.24015736528,-0.246395673458,5,55
97,1,6.70543951361,1.0,39.0,0.046046046046,0,0.107941627889,1.38161462995,5,862
98,1,2.06811988512,1.0,3.0,0.028028028028,0,-0.430305447791,-1.6409637715,5,41
99,1,5.42849021872,2.0,7.0,0.016016016016,0,0.611089859364,-1.40477935937,5,242
100,1,9.12468986755,,16.0,0.033033033033,0,0.961427934612,1.24040606372,5,403
101,1,7.95321447928,,12.0,0.023023023023,0,1.18146360321,-0.591176330358,5,223
102,1,9.19942390142,1.0,22.0,0.03003003003,0,1.88169244147,-1.44565342299,5,637
103,1,5.24675018218,0.0,8.0,0.02002002002,0,0.260343460382,-0.534280198965,5,348
104,1,0.865626435964,,5.0,0.037037037037,0,-0.594724225736,-2.35020088683,5,69
105,1,6.98773760281,1.0,7.0,0.017017017017,0,0.681787115944,-0.057623745024,5,181
106,1,4.62644664852,2.0,11.0,0.019019019019,0,-0.438478801258,0.941883052294,5,824
107,1,1.96113878823,1.0,5.0,0.03003003003,0,-0.804766504356,-0.624561698704,5,204
108,1,-0.402831839994,,1.0,0.016016016016,0,-0.725973298218,-3.22491194534,5,39
109,1,7.32430903562,6.0,14.0,0.026026026026,0,1.23063645449,-1.36760032787,5,473
110,1,5.92045986996,5.0,14.0,0.027027027027,0,0.411328526089,-0.31352570831,5,451
111,1,7.41365216929,6.0,10.0,0.02002002002,0,0.445660685896,1.0766701116,5,393
112,1,4.93766077343,3.0,12.0,0.029029029029,0,0.332298391034,-1.05923439968,5,314
113,1,0.382202321069,,4.0,0.019019019019,0,-1.26058617537,-0.836039152825,5,140
114,1,8.15891873867,3.0,13.0,0.018018018018,0,0.371695316866,2.04383278807,5,676
115,1,7.11319494383,2.0,11.0,0.02002002002,0,0.956907204106,-0.757526668491,5,378
116,1,1.84600521898,,11.0,0.014014014014,0,-0.850340149212,-0.60297433338,5,563
117,1,8.27118607902,6.0,13.0,0.03003003003,0,2.17907126717,-3.26602772248,5,367
118,1,2.82312053071,,5.0,0.012012012012,0,-0.82035926323,0.284198320397,5,166
119,1,3.94942892694,1.0,11.0,0.022022022022,0,0.483542284215,-2.5011979257,5,456
120,1,3.99144108905,2.0,11.0,0.018018018018,0,1.05506517869,-4.17375444702,5,510
121,1,4.1219834801,,7.0,0.029029029029,0,-0.0875658756488,-0.61531889295,5,85
122,1,7.72312066711,2.0,9.0,0.014014014014,0,0.62505786829,0.847947062243,5,435
123,1,10.2552075556,10.0,12.0,0.023023023023,0,2.20462721331,-1.35867408437,5,420
124,1,2.29602411266,1.0,5.0,0.01001001001,0,0.0646233938485,-2.89784606889,5,145
125,1,1.06101066301,,9.0,0.02002002002,0,-0.831290142302,-1.44511891008,5,328
126,1,5.90086699646,0.0,8.0,0.014014014014,0,1.12875314543,-2.48539243984,5,519
127,1,9.64040851597,8.0,13.0,0.016016016016,0,1.45348170659,0.279963396204,5,868
128,1,-0.279568728941,,0.0,0.016016016016,1,-1.9091641335,0.447923671549,5,9
129,1,7.67129379507,7.0,11.0,0.023023023023,0,1.25339202817,-1.08888228944,5,458
130,1,1.6733196279,0.0,4.0,0.028028028028,0,-0.911698683643,-0.591584321171,5,86
131,1,11.8876729197,9.0,15.0,0.019019019019,0,1.17661931986,3.35781496009,5,669
132,1,3.79178567468,,7.0,0.04004004004,0,-0.172502334623,-0.690707321449,5,211
133,1,2.99589379553,0.0,5.0,0.014014014014,0,-0.386239383514,-0.845388053923,5,168
134,1,5.77073113737,3.0,8.0,0.015015015015,0,0.456531456536,-0.598863232237,5,381
135,1,8.46520810055,,22.0,0.026026026026,0,0.776116874017,1.1368574785,5,683
136,1,9.34983825648,3.0,10.0,0.021021021021,0,1.33323246409,0.350140864192,5,340
137,1,-0.432577296568,,2.0,0.018018018018,0,-1.6709318138,-0.419781855166,5,91
138,1,2.64185505654,1.0,14.0,0.026026026026,0,-0.428058662531,-1.07396895586,5,610
139,1,3.73679790897,1.0,5.0,0.026026026026,0,-0.10393299912,-0.951403093673,5,229
140,1,0.854166358964,0.0,9.0,0.027027027027,0,-1.10299122224,-0.836859974321,5,466
141,1,0.45639495283,,14.0,0.027027027027,0,-1.02344790065,-1.47326134522,5,445
142,1,0.861156048459,0.0,7.0,0.027027027027,0,-1.44423282778,0.193854531797,5,134
143,1,4.77546122396,3.0,8.0,0.024024024024,0,-0.677441561134,1.80778590736,5,329
144,1,9.03301303742,2.0,13.0,0.038038038038,0,1.02841333006,0.947773047249,5,246
145,1,-0.122549904825,,5.0,0.022022022022,0,-1.73413654643,0.0798597344683,5,208
146,1,3.96466364913,2.0,6.0,0.01001001001,0,-0.339158263988,-0.0178615589068,5,183
147,1,6.69570239969,3.0,11.0,0.033033033033,0,0.85717588489,-0.875825254985,5,197
148,1,5.57265107341,2.0,6.0,0.026026026026,0,-0.315391559372,1.51882575152,5,262
149,1,2.62370994012,2.0,4.0,0.019019019019,0,-0.983341725551,0.573735116776,5,83
150,1,7.04141269653,,8.0,0.02002002002,0,0.486412210139,0.582176066113,5,331
151,1,10.0140405132,5.0,14.0,0.02002002002,0,1.49804209359,0.51991423238,5,784
152,1,6.39472560208,6.0,12.0,0.019019019019,0,-0.463271713057,2.78454074125,5,338
153,1,5.16165081132,5.0,13.0,0.016016016016,0,-0.731099202798,2.35494841971,5,889
154,1,6.62998377684,3.0,9.0,0.02002002002,0,0.361680492012,0.544942300805,5,362
155,1,7.48011671196,1.0,10.0,0.014014014014,0,1.31749519263,-1.47236886593,5,535
156,1,1.15000179927,,2.0,0.017017017017,0,-1.4299424612,0.439829182866,5,57
157,1,10.1809893818,,16.0,0.02002002002,0,2.00370355864,-0.830121294147,5,811
158,1,0.12220813515,,10.0,0.012012012012,0,-0.254548154575,-4.11414740113,5,459
159,1,4.93363695449,,12.0,0.013013013013,0,1.01550074858,-3.11286529126,5,677
160,1,4.34379416992,,16.0,0.026026026026,0,-0.179330155825,-0.118215362602,5,438
161,1,5.71727399112,2.0,7.0,0.017017017017,0,-0.785223890619,3.07294566297,5,163
162,1,2.97073467278,1.0,4.0,0.018018018018,0,-0.159628193354,-1.55038074716,5,80
163,1,4.3066749184,,9.0,0.022022022022,0,0.0337555135907,-0.794591622371,5,363
164,1,-2.85305205706,,1.0,0.013013013013,0,-1.71845287174,-2.69769344183,5,23
165,1,3.98957212775,,6.0,0.016016016016,0,-1.04429817095,2.1224666406,5,239
166,1,10.3640341428,4.0,16.0,0.018018018018,0,1.63694827388,0.453189321145,5,756
167,1,2.80588727932,2.0,10.0,0.018018018018,0,-0.430964279722,-0.901219881518,5,282
168,1,8.31644996586,,11.0,0.02002002002,0,1.15046250178,-0.134937539488,5,611
169,1,8.41533572876,6.0,11.0,0.018018018018,0,0.953057558603,0.556163052954,5,614
170,1,0.12030367437,0.0,2.0,0.018018018018,0,-1.22090078881,-1.21699395921,5,103
171,1,9.66339790737,9.0,15.0,0.018018018018,0,1.59776154772,-0.129886735799,5,666
172,1,5.18400363403,2.0,8.0,0.011011011011,0,-0.0709104109517,0.396734866884,5,509
173,1,2.52376722822,1.0,3.0,0.013013013013,0,-0.955389783685,0.389936579274,5,88
174,1,7.80827018879,3.0,20.0,0.024024024024,0,0.382669528519,1.66026160323,5,801
175,1,4.65732181586,4.0,7.0,0.017017017017,0,-1.03971887221,2.77647843249,5,249
176,1,7.22588631779,1.0,16.0,0.024024024024,0,1.6111132375,-2.60745339472,5,615
177,1,3.60415200945,2.0,4.0,0.02002002002,0,-0.808478251037,1.02958676256,5,187
178,1,5.48723291364,4.0,8.0,0.015015015015,0,0.765747652533,-1.81001004396,5,304
179,1,5.07319645263,4.0,18.0,0.026026026026,0,0.0720773066184,-0.143035467224,5,540
180,1,-0.443468751186,,3.0,0.021021021021,0,-1.54339101677,-0.813295700884,5,107
181,1,4.8110044951,0.0,14.0,0.019019019019,0,-0.505025589926,1.32608126488,5,743
182,1,6.87756941302,5.0,12.0,0.02002002002,0,0.638796623998,-0.0388204589769,5,590
183,1,4.64269651016,,8.0,0.015015015015,0,0.229250069767,-1.04505369914,5,296
184,1,3.83127108466,2.0,7.0,0.012012012012,0,0.0450497382691,-1.30387813015,5,360
185,1,6.35236834109,6.0,11.0,0.014014014014,0,0.985507719569,-1.60415481762,5,487
186,1,4.01324852541,,5.0,0.015015015015,0,-1.13049604478,2.40473665974,5,159
187,1,5.90212148856,0.0,7.0,0.02002002002,0,0.675966196328,-1.12577710043,5,233
188,1,10.1118999544,10.0,13.0,0.014014014014,0,1.63547830393,0.205465042594,5,899
189,1,3.11761827715,1.0,4.0,0.013013013013,0,0.306428691958,-2.80166779872,5,119
190,1,0.93683915413,,4.0,0.01001001001,0,-1.71836545053,1.09193550571,5,133
191,1,2.67770384886,1.0,7.0,0.016016016016,0,-0.809856394373,0.107273031979,5,359
192,1,2.34663393455,2.0,17.0,0.021021021021,0,-0.171919490575,-2.13760759372,5,779
193,1,6.39203887497,,10.0,0.025025025025,0,0.583537968803,-0.358575031437,5,390
194,1,8.1473100561,6.0,10.0,0.013013013013,0,0.924365019702,0.37421499699,5,541
195,1,6.49825160883,,10.0,0.013013013013,0,1.17796065106,-2.03563034436,5,495
196,1,3.39918715117,2.0,7.0,0.014014014014,0,-0.598271432409,0.194001448403,5,343
197,1,7.87920172638,,13.0,0.02002002002,0,1.25173748697,-0.876010734547,5,567
198,1,5.16196926025,1.0,10.0,0.015015015015,0,0.962828541858,-2.72651636533,5,294
199,1,-0.258871062902,,18.0,0.026026026026,0,-1.85220244135,0.297736261143,5,564
200,1,4.1501613217,3.0,7.0,0.025025025025,0,0.077401864599,-1.0820442721,5,173
201,1,6.51208077169,4.0,20.0,0.024024024024,0,-0.0255695963132,1.58878956063,5,698
202,1,2.48417867831,1.0,9.0,0.018018018018,0,-0.760925938827,-0.233043505209,5,407
203,1,0.723790166751,,7.0,0.017017017017,0,-0.713369495022,-2.13610134818,5,317
204,1,5.19598006508,2.0,9.0,0.011011011011,0,0.389639748302,-0.972939179828,5,346
205,1,11.8418639305,11.0,12.0,0.015015015015,1,0.880202258441,4.20125715516,5,896
206,1,1.29972577011,,3.0,0.011011011011,0,-1.05942765163,-0.521991275019,5,136
207,1,2.00062524177,,7.0,0.017017017017,0,-1.40346709805,1.21102653593,5,311
208,1,8.99393221927,8.0,9.0,0.013013013013,1,0.155396376143,3.52774309084,5,379
209,1,5.52483053623,2.0,7.0,0.014014014014,0,-0.257363923092,1.2969223055,5,319
210,1,9.02303040603,8.0,10.0,0.01001001001,0,0.823691465256,1.55195601027,5,761
211,1,2.92938968654,,3.0,0.01001001001,0,-0.965920636325,0.827151595514,5,147
212,1,6.05357561076,1.0,10.0,0.024024024024,0,0.158721260569,0.577411829057,5,483
213,1,4.67355701128,,7.0,0.024024024024,0,0.0500501691513,-0.476593496177,5,109
214,1,5.46918765584,1.0,14.0,0.027027027027,0,0.31095113427,-0.463665746969,5,633
215,1,6.88303530816,4.0,12.0,0.017017017017,0,0.721924311775,-0.282737627162,5,490
216,1,2.57417521369,0.0,7.0,0.00800800800801,0,-1.05034430536,0.725208129774,5,368
217,1,3.95168787683,0.0,4.0,0.017017017017,0,-0.0563125259823,-0.879374545224,5,110
218,1,2.36677821621,1.0,7.0,0.024024024024,0,-0.650704807681,-0.681107360745,5,167
219,1,7.7237750777,3.0,9.0,0.011011011011,0,1.58384940559,-2.02777313908,5,305
220,1,3.04536989819,,6.0,0.011011011011,0,-1.16362534124,1.53624592191,5,489
221,1,4.76276646243,4.0,5.0,0.027027027027,1,0.408600847344,-1.4630360796,5,150
222,1,7.51851751402,7.0,8.0,0.013013013013,1,0.839688184565,-0.000547039672688,5,310
223,1,-1.97432989554,,0.0,0.017017017017,1,-1.78992552368,-1.60455332451,5,11
224,1,3.83483283617,2.0,4.0,0.021021021021,0,0.114249867816,-1.50791676728,5,99
225,1,5.67118052137,5.0,7.0,0.01001001001,0,1.00022670581,-2.32949959606,5,501
226,1,5.63246736805,3.0,12.0,0.031031031031,0,0.508869334728,-0.89414063614,5,400
227,1,4.08668708097,1.0,7.0,0.013013013013,0,0.174043914702,-1.43544466314,5,543
228,1,-0.111246485587,,9.0,0.015015015015,0,-1.39861012621,-0.915416106972,5,525
229,1,8.75073122126,5.0,9.0,0.022022022022,0,0.937928511468,0.936945686855,5,375
230,1,2.87976771948,,12.0,0.016016016016,0,-0.233083049556,-1.42098313185,5,609
231,1,7.064591779,7.0,8.0,0.015015015015,1,0.57394268912,0.342763711638,5,345
232,1,0.191064426838,,2.0,0.01001001001,0,-1.30636037054,-0.889854461555,5,125
233,1,11.4500644504,10.0,14.0,0.016016016016,0,1.89533070228,0.764072343515,5,716
234,1,4.22400262172,0.0,6.0,0.017017017017,0,-0.404199154893,0.436600086395,5,221
235,1,4.49750191551,3.0,8.0,0.022022022022,0,0.495090814573,-1.98777052821,5,264
236,1,4.45888603315,,14.0,0.022022022022,0,-0.145852935058,-0.103555161678,5,658
237,1,7.32594498102,4.0,13.0,0.017017017017,0,1.28323921114,-1.52377265239,5,662
238,1,3.9960824627,3.0,4.0,0.016016016016,1,-0.666628202427,0.995967069976,5,151
239,1,4.1543869667,,5.0,0.022022022022,0,-0.252505034608,-0.0880979294758,5,81
240,1,10.3000158872,8.0,12.0,0.015015015015,0,2.18745869863,-1.26236020868,5,623
241,1,6.17549780298,6.0,10.0,0.015015015015,0,0.472842411372,-0.243029431132,5,597
242,1,10.2394540384,10.0,11.0,0.016016016016,1,1.64467590686,0.305426317833,5,663
243,1,6.63869269601,0.0,8.0,0.018018018018,0,0.657032442886,-0.332404632653,5,275
244,1,1.09979852876,,2.0,0.018018018018,0,-1.14631305752,-0.461262298675,5,42
245,1,8.88297345495,1.0,11.0,0.015015015015,0,1.0447603004,0.748692553759,5,538
246,1,3.90000878173,0.0,10.0,0.019019019019,0,0.220844735917,-1.76252542602,5,389
247,1,7.50989098578,7.0,9.0,0.00900900900901,0,0.955483188144,-0.356558578649,5,879
248,1,5.03997733631,5.0,7.0,0.012012012012,0,0.653306201052,-1.91994126685,5,442
249,1,7.25351420692,7.0,8.0,0.013013013013,1,0.412317525694,1.01656162984,5,605
250,1,0.837499107257,,1.0,0.016016016016,0,-1.31140748478,-0.228278438396,5,35
251,1,7.88423812365,5.0,9.0,0.012012012012,0,0.0809768470597,2.64130758247,5,717
252,1,1.84545375737,1.0,4.0,0.015015015015,0,-1.14731143352,0.28738805794,5,261
253,1,4.44841969742,3.0,9.0,0.02002002002,0,-0.40372360935,0.65959052547,5,333
254,1,10.1094601077,6.0,11.0,0.015015015015,0,0.889441508313,2.44113558274,5,631
255,1,6.47564069323,6.0,10.0,0.012012012012,0,-0.208444758007,2.10097496725,5,620
256,1,9.34653479709,2.0,14.0,0.018018018018,0,1.22599360469,0.668553983032,5,758
257,1,9.00372764033,9.0,12.0,0.025025025025,0,0.817457133171,1.55135624082,5,467
258,1,7.88645980342,5.0,11.0,0.015015015015,0,0.524760357326,1.31217873144,5,736
259,1,-0.0265752281398,,5.0,0.019019019019,0,-0.751641691938,-2.77165015232,5,106
260,1,6.55894777703,6.0,11.0,0.016016016016,0,0.931145594246,-1.23448900571,5,529
261,1,6.33054031801,3.0,9.0,0.013013013013,0,0.905671810783,-1.38647511434,5,482
262,1,6.19556969953,3.0,18.0,0.029029029029,0,0.234623494719,0.491699215371,5,591
263,1,10.459037016,8.0,15.0,0.015015015015,0,1.47285149227,1.04048253921,5,819
264,1,4.29182366909,4.0,11.0,0.012012012012,0,-0.0630953626344,-0.51889024301,5,886
265,1,1.9441792265,1.0,14.0,0.019019019019,0,-1.13268246071,0.342226608647,5,512
266,1,1.20396746796,,2.0,0.021021021021,0,-0.948523323222,-0.950462562374,5,96
267,1,6.33406999497,4.0,7.0,0.018018018018,0,0.647225140978,-0.607605427966,5,258
268,1,10.0199586583,4.0,11.0,0.014014014014,0,2.29627979575,-1.86888072898,5,734
269,1,-0.0177910427499,,1.0,0.014014014014,0,-1.25733313412,-1.24579164038,5,24
270,1,7.61326493795,2.0,8.0,0.015015015015,0,0.268292059449,1.8083887596,5,316
271,1,3.20748536581,0.0,5.0,0.013013013013,0,-0.438887381688,-0.475852489123,5,165
272,1,1.41853613319,0.0,2.0,0.013013013013,0,-1.01465019888,-0.53751327017,5,155
273,1,9.98211761253,9.0,12.0,0.015015015015,0,0.711262984952,2.84832865767,5,723
274,1,2.90177560572,0.0,13.0,0.019019019019,0,-0.372333034318,-0.981225291327,5,589
275,1,-2.33621522307,,9.0,0.011011011011,0,-1.86545985111,-1.73983566973,5,693
276,1,2.23706306177,0.0,7.0,0.015015015015,0,-1.64769331897,2.18014301868,5,215
277,1,5.25755228994,4.0,8.0,0.012012012012,0,-0.0198430177331,0.31708134314,5,443
278,1,4.29942049104,3.0,5.0,0.02002002002,0,-0.631973982165,1.19534243753,5,198
279,1,0.509195306965,0.0,6.0,0.02002002002,0,-0.889293667472,-1.82292369062,5,141
280,1,7.40100234103,6.0,9.0,0.011011011011,0,0.48444764991,0.9476593913,5,608
281,1,4.73137218153,2.0,7.0,0.017017017017,0,0.380128741923,-1.40901404424,5,506
282,1,8.36928982672,8.0,9.0,0.00900900900901,1,1.46341875014,-1.02096642372,5,897
283,1,4.21760915029,2.0,7.0,0.011011011011,0,-0.275368022572,0.0437132180065,5,190
284,1,2.16130801232,0.0,4.0,0.016016016016,0,0.241138932369,-3.56210878479,5,62
285,1,3.07120055998,3.0,10.0,0.011011011011,0,-0.835941269449,0.579024368329,5,324
286,1,2.51574394283,,4.0,0.014014014014,0,-0.736463944499,-0.274864223673,5,102
287,1,9.3366235964,9.0,10.0,0.013013013013,1,1.21148982616,0.702154117931,5,718
288,1,11.1031906963,9.0,14.0,0.019019019019,0,1.96217400515,0.216668680795,5,696
289,1,7.12606172577,,15.0,0.022022022022,0,1.58349037929,-2.6244094121,5,514
290,1,6.57110151166,6.0,11.0,0.011011011011,0,0.141533491234,1.14650103796,5,820
291,1,3.68339692553,0.0,12.0,0.029029029029,0,0.165576426131,-1.81333235286,5,463
292,1,0.781038293049,0.0,5.0,0.013013013013,0,-1.34323188379,-0.189266055568,5,254
293,1,11.7947274824,10.0,13.0,0.015015015015,0,1.70637769905,1.67559438529,5,778
294,1,9.3754635054,7.0,11.0,0.018018018018,0,0.89320097425,1.69586058265,5,694
295,1,4.62800258422,,7.0,0.013013013013,0,0.138325851616,-0.786974970624,5,387
296,1,6.81535347948,,8.0,0.02002002002,0,-0.30386188648,2.72693913892,5,277
297,1,1.01690291251,,2.0,0.014014014014,0,-1.69552770546,1.10348602888,5,128
298,1,2.11615557941,,4.0,0.013013013013,0,-1.19210590735,0.692473301473,5,122
299,1,4.99123331796,,7.0,0.019019019019,0,0.0256527530911,-0.0857249413169,5,193
300,1,8.09667194619,2.0,9.0,0.013013013013,0,0.948126948385,0.252291101033,5,481
301,1,0.502809256367,,1.0,0.01001001001,0,-0.600336235574,-2.69618203691,5,131
302,1,2.47922693874,1.0,11.0,0.016016016016,0,-1.4687888355,1.88559344524,5,594
303,1,7.98744729446,0.0,10.0,0.015015015015,0,0.330732097028,1.99525100338,5,711
304,1,4.6426879201,2.0,7.0,0.012012012012,0,-0.521928177128,1.20847245149,5,526
305,1,0.649525254307,0.0,13.0,0.015015015015,0,-0.786423231996,-1.99120504971,5,878
306,1,-0.304347738789,,2.0,0.015015015015,0,-1.13610784267,-1.89602421077,5,90
307,1,5.97148045346,4.0,9.0,0.013013013013,0,0.231596837492,0.276689940979,5,401
308,1,6.67532203306,6.0,9.0,0.013013013013,0,0.608738176663,-0.15089249693,5,386
309,1,7.28804099132,7.0,8.0,0.018018018018,1,0.700519361311,0.186482907392,5,384
310,1,4.3668054129,0.0,7.0,0.02002002002,0,-0.0592404028522,-0.455473378544,5,153
311,1,6.80104082769,,14.0,0.016016016016,0,0.398414804853,0.605796413127,5,732
312,1,9.21560831679,8.0,12.0,0.014014014014,0,1.66038801387,-0.765555724828,5,795
313,1,5.6831853802,3.0,11.0,0.014014014014,0,0.671730272076,-1.33200543603,5,796
314,1,3.12451086621,3.0,17.0,0.021021021021,0,-0.368867527068,-0.768886552587,5,691
315,1,4.17424375404,,6.0,0.012012012012,0,0.0654816831617,-1.02220129545,5,355
316,1,8.23327600464,5.0,9.0,0.011011011011,0,1.31100390277,-0.699735703671,5,497
317,1,12.6253972805,12.0,13.0,0.014014014014,1,2.23989481624,0.9057128318,5,867
318,1,1.85350257523,0.0,8.0,0.012012012012,0,-1.60626082662,1.67228505509,5,253
319,1,0.0306980703344,0.0,1.0,0.01001001001,1,-1.14637348284,-1.53018148114,5,33
320,1,8.04144923394,3.0,9.0,0.016016016016,0,0.99972417016,0.0422767234614,5,374
321,1,0.952955330659,,1.0,0.018018018018,0,-0.97530197559,-1.12113874257,5,50
322,1,5.90536710222,,7.0,0.025025025025,0,1.05302612543,-2.25371127407,5,399
323,1,1.55343831942,0.0,7.0,0.015015015015,0,-0.488116930609,-1.98221088875,5,318
324,1,4.51307855118,0.0,9.0,0.017017017017,0,-0.318890386199,0.469749709778,5,625
325,1,1.14466595192,,8.0,0.013013013013,0,-1.3049590414,0.0595430761317,5,220
326,1,8.07373550108,8.0,10.0,0.015015015015,0,0.506535846404,1.55412796187,5,803
327,1,5.94444353786,,10.0,0.012012012012,0,-0.35096789724,1.99734722958,5,613
328,1,3.00147891261,0.0,4.0,0.011011011011,0,-1.22548064641,1.67792085183,5,89
329,1,6.22559255782,0.0,8.0,0.017017017017,0,-0.465206552184,2.62121221437,5,212
330,1,3.72493293512,2.0,10.0,0.019019019019,0,-0.188573169238,-0.709347557162,5,476
331,1,6.68555717709,5.0,9.0,0.017017017017,0,-0.733484923314,3.88601194703,5,349
332,1,4.5669990044,4.0,5.0,0.014014014014,1,-0.623605315042,1.43781494953,5,209
333,1,10.1775222564,10.0,12.0,0.012012012012,0,0.956288523145,2.30865668694,5,880
334,1,7.23820596048,7.0,11.0,0.021021021021,0,0.254369588311,1.47509719555,5,712
335,1,6.5774362874,5.0,10.0,0.012012012012,0,0.855675286975,-0.98958957352,5,671
336,1,0.918233825383,,6.0,0.013013013013,0,-1.82161471735,1.38307797745,5,356
337,1,5.85139070567,5.0,9.0,0.012012012012,0,-0.566447997501,2.55073469818,5,753
338,1,-2.72576597895,,0.0,0.014014014014,1,-1.9836052504,-1.77495022774,5,17
339,1,-1.00319916054,,0.0,0.011011011011,1,-1.41817823654,-1.7486644509,5,15
340,1,8.58260165326,7.0,11.0,0.015015015015,0,0.963652792295,0.691643276375,5,774
341,1,5.88898279039,,12.0,0.015015015015,0,0.00230027900453,0.882081953372,5,786
342,1,8.04011127432,8.0,9.0,0.011011011011,1,1.10625314552,-0.278648162242,5,759
343,1,0.546607001059,,3.0,0.01001001001,0,-1.86361017519,1.13743752664,5,61
344,1,6.61534984571,6.0,8.0,0.00900900900901,0,0.380190365472,0.474778749297,5,785
345,1,1.7001390464,,2.0,0.013013013013,0,-0.579723005036,-1.56069193849,5,56
346,1,8.43247623185,6.0,11.0,0.011011011011,0,0.911680600377,0.697434430719,5,739
347,1,4.30970927672,,5.0,0.00900900900901,0,-0.147033735462,-0.249189516899,5,255
348,1,6.20942383718,5.0,8.0,0.01001001001,0,0.0368358440819,1.09891630493,5,744
349,1,10.9662674919,10.0,11.0,0.016016016016,1,0.871163203165,3.35277788237,5,895
350,1,4.19226708236,3.0,7.0,0.018018018018,0,-0.186288487775,-0.248867454319,5,259
351,1,3.1625378218,3.0,9.0,0.00900900900901,0,-0.199137474668,-1.2400497542,5,504
352,1,0.982157200004,0.0,2.0,0.013013013013,0,-0.406977379527,-2.79691066141,5,323
353,1,2.69050606905,2.0,4.0,0.014014014014,0,-1.01542031356,0.736767009731,5,292
354,1,5.15110922309,0.0,9.0,0.017017017017,0,-0.39938154912,1.34925387045,5,388
355,1,-0.572019138765,,0.0,0.016016016016,1,-1.55720388687,-0.900407478169,5,12
356,1,4.25270016697,0.0,13.0,0.023023023023,0,0.116991989776,-1.09827580236,5,485
357,1,6.00690999224,6.0,8.0,0.013013013013,0,0.294040003276,0.124789982414,5,452
358,1,7.51406345958,2.0,8.0,0.013013013013,0,0.875920630278,-0.113698431249,5,250
359,1,4.10138536936,4.0,9.0,0.023023023023,0,-0.360543581463,0.183016113745,5,413
360,1,4.17959701251,4.0,9.0,0.016016016016,0,-0.0791020986354,-0.583096691582,5,551
361,1,7.77827064045,6.0,9.0,0.012012012012,0,0.211531274749,2.1436768162,5,810
362,0,9.37692953994,9.0,,0.00900900900901,0,0.824934326417,1.90212656069,5,103
363,1,3.89776818929,,5.0,0.018018018018,0,-1.04041286076,2.01900677157,5,308
364,1,3.62907568977,,7.0,0.016016016016,0,-0.467401558736,0.0312803659762,5,603
365,1,1.60446011034,,15.0,0.024024024024,0,-0.379786721021,-2.25617972659,5,656
366,1,4.3557278031,1.0,6.0,0.013013013013,0,-0.502459160048,0.863105283242,5,182
367,1,7.09155361473,4.0,8.0,0.025025025025,0,0.496639971203,0.601633701123,5,325
368,1,7.28616369295,6.0,9.0,0.013013013013,0,0.171717955744,1.77100982571,5,537
369,1,2.7155622984,,7.0,0.014014014014,0,-1.32063099694,1.67745528922,5,520
370,1,7.74639357443,7.0,9.0,0.011011011011,0,0.805413839108,0.330152057107,5,653
371,1,4.30776911689,4.0,5.0,0.014014014014,1,-0.0941324029621,-0.409833674219,5,335
372,1,7.76020478483,7.0,8.0,0.00800800800801,1,0.854556942785,0.196533956479,5,894
373,1,5.50833973166,3.0,8.0,0.01001001001,0,-0.0635290992124,0.698927029301,5,593
374,1,1.08716819844,1.0,2.0,0.01001001001,1,-0.0285565492771,-3.82716215373,5,180
375,1,-2.64231691038,,3.0,0.01001001001,0,-2.45593341761,-0.274516657555,5,170
376,1,1.40511376608,,6.0,0.011011011011,0,-1.69875789369,1.50138744715,5,320
377,1,-0.495046498114,,9.0,0.01001001001,0,-1.9072474683,0.226695906777,5,831
378,1,8.76289420252,8.0,9.0,0.01001001001,1,0.341710322824,2.73776323405,5,876
379,1,0.611389315357,,2.0,0.01001001001,0,-0.699327857095,-2.29062711336,5,87
380,1,1.95638947212,,3.0,0.013013013013,0,-0.966381423659,-0.144466256909,5,404
381,1,9.16142229811,7.0,10.0,0.012012012012,0,0.650306136249,2.21050388936,5,900
382,1,7.65494660147,7.0,9.0,0.012012012012,0,1.0031593667,-0.354531498629,5,765
383,1,2.53400642681,,6.0,0.013013013013,0,-1.72187604668,2.69963456685,5,434
384,1,6.09188677645,4.0,11.0,0.013013013013,0,-0.420895914868,2.35457452105,5,782
385,1,-3.20729706502,,0.0,0.011011011011,1,-1.81836839017,-2.75219189452,5,16
386,1,7.11679167464,4.0,9.0,0.011011011011,0,0.623225986697,0.247113714547,5,675
387,1,6.59081293056,5.0,13.0,0.014014014014,0,0.652883296394,-0.367836958624,5,851
388,1,6.98572612424,5.0,8.0,0.012012012012,0,0.555660364411,0.318745031005,5,780
389,1,-0.397879284268,,8.0,0.011011011011,0,-0.902822974805,-2.68941035985,5,499
390,1,7.08345581132,6.0,8.0,0.012012012012,0,1.67412100701,-2.93890720971,5,668
391,1,6.70770164901,5.0,8.0,0.013013013013,0,0.539308870283,0.0897750381603,5,392
392,1,8.05963689971,0.0,10.0,0.012012012012,0,0.551802501084,1.40422939646,5,385
393,1,-0.53372580539,,1.0,0.012012012012,0,-1.48404195326,-1.08159994561,5,30
394,1,4.79687492183,,9.0,0.011011011011,0,-0.748754402788,2.04313813019,5,628
395,1,3.13312364263,0.0,11.0,0.013013013013,0,-0.109193803571,-1.53929494666,5,836
396,1,10.8769325016,10.0,12.0,0.013013013013,0,1.70848556774,0.751475798379,5,441
397,1,5.36995844884,4.0,8.0,0.013013013013,0,0.20690750356,-0.250764061835,5,391
398,1,7.36215915662,,10.0,0.013013013013,0,0.615660375017,0.515178031567,5,721
399,1,8.4806813918,8.0,10.0,0.01001001001,0,1.30934630517,-0.447357523715,5,841
400,1,7.4867877275,3.0,9.0,0.011011011011,0,0.239891819323,1.76711226953,5,827
401,1,7.0736750786,,8.0,0.01001001001,0,0.838731844978,-0.442520456338,5,755
402,1,9.59622258409,,10.0,0.012012012012,0,0.188697584206,4.03012983147,5,488
403,1,3.80817336255,,4.0,0.014014014014,0,0.137286740133,-1.60368685784,5,238
404,1,4.05104163894,1.0,10.0,0.014014014014,0,-0.748742302872,1.29726854756,5,629
405,1,2.38421283133,,10.0,0.013013013013,0,-0.477779241817,-1.18244944322,5,423
406,1,7.05765411235,7.0,9.0,0.013013013013,0,-0.0231682866155,2.1271589722,5,727
407,1,7.17228418286,1.0,9.0,0.013013013013,0,0.0930510616839,1.89313099781,5,502
408,1,3.6395057584,2.0,7.0,0.013013013013,0,0.258414666511,-2.13573824114,5,162
409,1,1.34694027222,,3.0,0.011011011011,0,-0.797648848578,-1.26011318204,5,66
410,1,4.43506604363,2.0,9.0,0.012012012012,0,0.369987259662,-1.67489573536,5,647
411,1,3.69910042926,,6.0,0.00800800800801,0,-0.0715828014083,-1.08615116652,5,361
412,1,7.35382580906,7.0,8.0,0.00900900900901,1,0.691451717906,0.279470655336,5,905
413,1,3.88284860768,,7.0,0.011011011011,0,0.574390054206,-2.84032155494,5,271
414,1,2.8850826511,,3.0,0.00900900900901,0,-0.492409138547,-0.637689933259,5,118
415,1,6.32533594483,1.0,7.0,0.00800800800801,0,0.650616763958,-0.626514347044,5,776
416,1,3.60529638579,3.0,5.0,0.015015015015,0,-0.444299288836,-0.0618057477006,5,398
417,1,1.10484577589,0.0,3.0,0.015015015015,0,-0.245794574499,-3.15777050062,5,179
418,1,8.48568740724,,11.0,0.014014014014,0,0.985879538616,0.528048791388,5,486
419,1,7.89004252441,3.0,8.0,0.014014014014,0,1.09673691321,-0.400168215218,5,447
420,0,13.0485388115,9.0,,0.012012012012,0,2.51930772584,0.49061563398,5,184
421,1,6.39282628493,6.0,8.0,0.012012012012,0,0.218456678208,0.737456250305,5,448
422,1,6.44399388429,5.0,9.0,0.012012012012,0,-0.0225692200293,1.51170154438,5,634
423,1,10.8264852062,6.0,11.0,0.015015015015,0,1.22640618022,2.14726666554,5,773
424,1,4.76574081069,4.0,7.0,0.01001001001,0,0.0970955071921,-0.525545710882,5,518
425,1,6.27162619579,2.0,7.0,0.00800800800801,0,-0.342513854035,2.2991677579,5,309
426,1,4.75710843855,0.0,14.0,0.017017017017,0,-0.379561758389,0.895793713722,5,828
427,0,10.0997670459,9.0,,0.01001001001,0,1.70643229116,-0.0195298275853,5,393
428,1,4.31811936,2.0,9.0,0.01001001001,0,-0.548762427219,0.964406641653,5,757
429,1,5.55927203273,,10.0,0.011011011011,0,0.0819849438533,0.313317201169,5,585
430,1,9.36006412149,0.0,10.0,0.012012012012,0,1.02506047926,1.28488268371,5,731
431,1,6.6572235096,1.0,8.0,0.015015015015,0,0.319643737204,0.698292297993,5,579
432,1,2.55797773283,0.0,4.0,0.01001001001,0,-0.228907216102,-1.75530061887,5,113
433,1,7.00571498606,7.0,9.0,0.00900900900901,0,1.00984859297,-1.02383079284,5,884
434,1,4.08884545757,0.0,9.0,0.013013013013,0,-0.242144565025,-0.184720847355,5,617
435,1,6.6956737762,6.0,8.0,0.01001001001,0,0.62300286069,-0.173334805872,5,665
436,1,8.67503475609,3.0,9.0,0.011011011011,0,1.06246791096,0.487631023195,5,524
437,1,-1.39907858308,,9.0,0.01001001001,0,-2.18327737308,0.15075353617,5,635
438,1,3.9766323211,2.0,4.0,0.00800800800801,0,-0.266627954592,-0.223483815128,5,226
439,1,3.59419685236,,11.0,0.015015015015,0,-0.720639578499,0.756115587859,5,408
440,1,5.32855933853,1.0,11.0,0.014014014014,0,0.413675528693,-0.912467247544,5,672
441,1,2.22846518999,2.0,3.0,0.011011011011,1,-0.731087447912,-0.578272466277,5,191
442,1,6.37720290436,6.0,7.0,0.011011011011,1,0.0116432760622,1.34227307617,5,422
443,1,7.12538015612,7.0,9.0,0.011011011011,0,0.866255209765,-0.47338547317,5,770
444,1,5.81970903921,0.0,6.0,0.00800800800801,0,-0.231651635362,1.5146639453,5,286
445,0,13.9909213466,9.0,,0.01001001001,0,2.12743122131,2.60862768263,5,718
446,1,6.29210977076,6.0,7.0,0.011011011011,1,0.492154671504,-0.18435424375,5,619
447,1,2.28521415758,1.0,3.0,0.011011011011,0,-0.170317208546,-2.20383421678,5,232
448,0,15.7784260401,15.0,,0.017017017017,0,2.97933494717,1.84042119854,5,611
449,1,6.60374859419,6.0,10.0,0.012012012012,0,0.678680345308,-0.432292441739,5,689
450,1,5.77564612268,4.0,8.0,0.00900900900901,0,0.0229742353136,0.706723416739,5,760
451,1,4.98266390632,0.0,10.0,0.012012012012,0,0.235178833158,-0.72287259315,5,396
452,1,7.66810695447,7.0,9.0,0.011011011011,0,0.960008619116,-0.211918902876,5,783
453,1,3.87777398728,2.0,11.0,0.021021021021,0,-0.535143475484,0.483204413732,5,461
454,1,7.58779817692,6.0,8.0,0.011011011011,0,0.263194284484,1.79821532347,5,371
455,1,6.99735553598,4.0,8.0,0.00900900900901,0,1.40606997436,-2.22085438711,5,748
456,1,4.71020811048,4.0,6.0,0.01001001001,0,-0.82557269145,2.18692618483,5,583
457,1,6.90327363729,1.0,7.0,0.013013013013,0,0.827812818912,-0.580164819448,5,455
458,1,5.82500410411,,6.0,0.00900900900901,0,0.786180588804,-1.5335376623,5,539
459,1,-0.441412769665,,2.0,0.014014014014,0,-1.30093515082,-1.5386073172,5,53
460,1,6.46844421588,2.0,7.0,0.019019019019,0,0.407501234817,0.245940511428,5,414
461,1,1.7111167272,,3.0,0.011011011011,0,-1.57300117142,1.43012024146,5,207
462,1,6.12118566577,6.0,13.0,0.014014014014,0,-0.528075101847,2.70541097131,5,800
463,1,6.68329216254,6.0,8.0,0.01001001001,0,0.565972328391,-0.014624822634,5,713
464,1,8.66079597811,8.0,11.0,0.011011011011,0,1.03562670173,0.553915872924,5,834
465,1,6.1965517848,5.0,9.0,0.013013013013,0,1.23005806312,-2.49362240455,5,565
466,1,5.42702296511,2.0,10.0,0.014014014014,0,-0.178552251388,0.962679719278,5,735
467,1,5.3790275992,4.0,6.0,0.011011011011,0,0.301578897289,-0.525709092663,5,293
468,1,5.10083471488,,8.0,0.015015015015,0,0.616184508469,-1.74771881052,5,289
469,1,2.02077123327,1.0,4.0,0.011011011011,0,-0.108127449991,-2.65484641676,5,143
470,1,5.16305662766,,11.0,0.013013013013,0,0.677317073512,-1.86889459288,5,865
471,1,4.47944052097,2.0,10.0,0.014014014014,0,0.0279268850964,-0.604340134314,5,358
472,1,-0.569195302093,,2.0,0.012012012012,0,-2.01138233359,0.464951698671,5,64
473,1,7.83033045739,3.0,9.0,0.01001001001,0,0.310146739636,1.89989023848,5,816
474,1,0.569588488827,,1.0,0.013013013013,0,-0.821051440649,-1.96725718923,5,71
475,1,0.525721858345,,4.0,0.011011011011,0,-1.27343946459,-0.653959747894,5,213
476,1,-2.1690969221,,1.0,0.01001001001,0,-2.38976580693,0.000200498688877,5,112
477,1,2.97930444362,1.0,4.0,0.013013013013,0,-0.767691031685,0.282377538673,5,196
478,1,2.04255157694,1.0,6.0,0.012012012012,0,-0.702902492075,-0.848740946832,5,587
479,1,5.89455392926,5.0,7.0,0.011011011011,0,0.990063055523,-2.07563523731,5,370
480,1,6.40610910187,3.0,8.0,0.013013013013,0,0.968475323744,-1.49931686936,5,547
481,1,6.95895949291,6.0,9.0,0.011011011011,0,0.0133468008676,1.9189190903,5,764
482,1,6.41111161827,6.0,9.0,0.014014014014,0,-0.184813092967,1.96555089717,5,644
483,1,0.10120940582,,9.0,0.011011011011,0,-1.14238768747,-1.47162753176,5,684
484,1,3.86409165637,2.0,5.0,0.011011011011,0,-0.230839709798,-0.443389214238,5,373
485,1,7.52724510628,6.0,8.0,0.00900900900901,0,-0.155036375734,2.99235423348,5,680
486,1,3.45643590073,1.0,4.0,0.016016016016,0,-0.823680646091,0.927477838998,5,130
487,1,4.25684292006,2.0,7.0,0.013013013013,0,-0.795582703507,1.64359103058,5,380
488,1,7.52071309129,5.0,8.0,0.00800800800801,0,-0.543970109865,4.15262342088,5,695
489,0,12.4852142071,9.0,,0.011011011011,0,1.59000704482,2.71519307268,5,276
490,1,4.89139189049,3.0,6.0,0.01001001001,0,-0.081600984768,0.136194844793,5,554
491,1,4.09410768167,,6.0,0.014014014014,0,0.106373830561,-1.22501381001,5,477
492,1,6.37010272905,6.0,8.0,0.011011011011,0,-0.288181081112,2.23464597238,5,807
493,1,3.00980084569,2.0,4.0,0.01001001001,0,-0.92550975873,0.786330121884,5,300
494,1,8.36771835681,7.0,9.0,0.01001001001,0,0.164329389509,2.87473018828,5,843
495,1,-1.7325206679,,0.0,0.00900900900901,1,-1.51543133958,-2.18622664917,5,75
496,1,4.02152748883,4.0,7.0,0.01001001001,0,-0.710283623044,1.15237835797,5,639
497,1,6.87767336553,1.0,8.0,0.014014014014,0,0.559488604833,0.199207551027,5,640
498,1,5.69594841082,4.0,7.0,0.011011011011,0,0.4151498962,-0.549501277783,5,326
499,1,6.83499400685,4.0,9.0,0.01001001001,0,0.443473130203,0.504574616243,5,749
500,1,8.31480109127,4.0,10.0,0.012012012012,0,0.518434490275,1.75949762045,5,912
501,1,7.49074704806,4.0,11.0,0.015015015015,0,0.712494134632,0.353264644166,5,530
502,1,5.76300540232,5.0,7.0,0.012012012012,0,0.0609155050608,0.580258887135,5,582
503,0,12.9587012972,8.0,,0.00800800800801,0,2.33322516309,0.9590258079,5,886
504,1,-1.8559154608,,0.0,0.011011011011,1,-1.88398331256,-1.20396552311,5,7
505,1,-0.905132284253,,4.0,0.011011011011,0,-2.43035089215,1.3859203922,5,189
506,1,1.81541749455,0.0,2.0,0.00900900900901,0,-1.31227385358,0.752239055274,5,195
507,1,7.48069108731,1.0,8.0,0.011011011011,0,0.878399552387,-0.154507569848,5,707
508,1,3.14364348949,0.0,5.0,0.012012012012,0,-0.00271059977323,-1.84822471119,5,263
509,1,4.67345037482,0.0,8.0,0.00800800800801,0,-0.053283623768,-0.16669875388,5,601
510,1,3.27071978898,,5.0,0.00800800800801,0,-0.306134845305,-0.810875675102,5,376
511,1,1.14698353139,,2.0,0.00800800800801,0,-1.00128324131,-0.84916674468,5,38
512,1,3.79874487058,2.0,7.0,0.012012012012,0,-0.218253259715,-0.546495350273,5,321
513,1,4.53949138819,3.0,5.0,0.01001001001,0,-0.444039282024,0.871609234258,5,479
514,1,7.13088785842,6.0,10.0,0.016016016016,0,0.718700259404,-0.0252129197902,5,673
515,1,3.31281929296,3.0,5.0,0.012012012012,0,-1.52742570669,2.89509641304,5,290
516,1,1.47321680015,0.0,4.0,0.01001001001,0,-0.691512261441,-1.45224641553,5,241
517,1,6.30493693693,6.0,9.0,0.011011011011,0,0.196725026119,0.714761858575,5,545
518,1,6.04685615411,0.0,7.0,0.01001001001,0,0.857332221875,-1.52514051152,5,532
519,1,-2.47885694733,,1.0,0.012012012012,0,-1.08522512687,-4.22318156672,5,21
520,1,7.73097021086,7.0,8.0,0.00900900900901,1,0.372169640397,1.61446128967,5,871
521,1,7.48204558752,2.0,8.0,0.014014014014,0,1.05118688133,-0.671515056475,5,402
522,1,3.84193022471,0.0,10.0,0.012012012012,0,-0.881621696169,1.48679531322,5,667
523,1,5.26554177025,5.0,6.0,0.011011011011,1,-0.327307809534,1.24746519885,5,645
524,1,1.7789090382,0.0,6.0,0.012012012012,0,-1.3812459448,0.922646872614,5,272
525,1,7.38261911682,7.0,8.0,0.01001001001,1,-0.0555573271094,2.54929109815,5,890
526,0,9.53192097736,9.0,,0.01001001001,0,0.111039689681,4.19880190831,5,728
527,1,4.04265474209,4.0,7.0,0.01001001001,0,-0.335989454986,0.0506231070497,5,630
528,1,2.73246292522,2.0,7.0,0.00800800800801,0,-0.0350141673643,-2.16249457269,5,661
529,1,9.58932232881,6.0,10.0,0.012012012012,0,1.7163874141,-0.559839913476,5,817
530,1,-1.97520327995,,0.0,0.01001001001,1,-2.13600524773,-0.567187536763,5,18
531,0,11.4560413772,10.0,,0.01001001001,0,1.81344505203,1.0157062211,5,161
532,1,3.6367942166,,7.0,0.012012012012,0,-0.418193828603,-0.108624297595,5,453
533,0,9.07650484978,7.0,,0.00900900900901,0,0.0355305635459,3.96991315915,5,673
534,1,4.29331626163,3.0,9.0,0.01001001001,0,-1.15953612559,2.77192463842,5,557
535,1,3.54227945619,2.0,5.0,0.00900900900901,0,-0.670715867483,0.554427058637,5,327
536,1,5.83564633793,5.0,8.0,0.00900900900901,0,0.0963644878314,0.54655287444,5,791
537,1,4.90059889492,,5.0,0.01001001001,0,-1.04789500515,3.04428391038,5,192
538,1,6.54188146096,5.0,9.0,0.00900900900901,0,0.0709561961899,1.32901287239,5,742
539,1,2.12322454405,,8.0,0.011011011011,0,-1.46080385721,1.50563611567,5,751
540,0,8.68752818143,8.0,,0.00800800800801,0,1.50534986679,-0.828521418946,5,758
541,1,7.62309757522,6.0,11.0,0.012012012012,0,0.700440269945,0.521776765385,5,826
542,1,3.52837470663,,4.0,0.00900900900901,0,-0.0892144990141,-1.20398179633,5,185
543,1,1.47116890135,,4.0,0.00900900900901,0,-0.927358263566,-0.746756307957,5,186
544,1,5.72261579947,4.0,9.0,0.011011011011,0,-0.195140389007,1.30803696649,5,724
545,1,3.36259020096,3.0,7.0,0.011011011011,0,-0.843063763311,0.891781490892,5,632
546,1,7.27648305708,5.0,9.0,0.012012012012,0,0.806104019343,-0.141829000947,5,872
547,1,4.14268693649,1.0,7.0,0.01001001001,0,0.0352008880614,-0.962915727691,5,437
548,1,7.82029832922,4.0,9.0,0.01001001001,0,0.921108775292,0.0569720033431,5,853
549,1,5.31531245007,5.0,6.0,0.00800800800801,1,-0.36266717901,1.4033139871,5,496
550,1,2.22111821968,0.0,5.0,0.017017017017,0,-1.31984476604,1.18065251779,5,472
551,1,7.74287314522,7.0,9.0,0.011011011011,0,0.371386594494,1.62871336174,5,874
552,1,-0.47947764589,,1.0,0.01001001001,0,-1.66512336407,-0.484107553667,5,120
553,1,1.42590280538,0.0,2.0,0.01001001001,0,-1.56119612249,1.10949117287,5,101
554,1,9.37875972926,6.0,10.0,0.012012012012,0,2.14420979992,-2.05386967049,5,845
555,1,3.63758374521,3.0,11.0,0.012012012012,0,-0.0696651789609,-1.15342071791,5,812
556,1,2.98301692805,,3.0,0.00800800800801,0,-0.430490858529,-0.725510496361,5,97
557,1,7.84116591986,7.0,8.0,0.01001001001,1,0.315847582467,1.89362317246,5,909
558,1,4.69480420187,3.0,9.0,0.012012012012,0,0.10352030324,-0.615756707854,5,802
559,1,4.49305876217,0.0,10.0,0.01001001001,0,-0.337294573555,0.504942482835,5,574
560,1,3.04382098357,3.0,4.0,0.00900900900901,1,-0.724382448104,0.216968327887,5,431
561,1,4.3870296996,4.0,9.0,0.012012012012,0,0.204476161421,-1.22639878466,5,848
562,0,9.33102136613,9.0,,0.00900900900901,0,1.86314824193,-1.25842335965,5,703
563,1,0.829686613594,,6.0,0.012012012012,0,-0.473623530686,-2.74944279435,5,600
564,1,6.86697304031,6.0,9.0,0.015015015015,0,0.605248470092,0.0512276300332,5,750
565,1,2.62088632956,,6.0,0.013013013013,0,-0.694592811556,-0.295335235769,5,536
566,1,3.52609659375,,4.0,0.013013013013,0,-1.17746175552,2.05848186031,5,157
567,1,8.58046470324,7.0,10.0,0.015015015015,0,0.639363206663,1.66237508325,5,552
568,1,-5.74287764821,,0.0,0.01001001001,1,-3.39466813319,-0.558873248639,5,31
569,1,0.343307910876,,2.0,0.011011011011,0,-1.42735200115,-0.374636085663,5,28
570,1,3.57430731757,3.0,9.0,0.011011011011,0,-0.564180453501,0.266848678072,5,471
571,1,7.28395650549,2.0,8.0,0.014014014014,0,1.25106731378,-1.46924543584,5,533
572,1,6.60834685902,6.0,7.0,0.00800800800801,1,0.302747453935,0.700104497217,5,657
573,0,13.2962817871,8.0,,0.00800800800801,0,2.42499970548,1.02128267061,5,68
574,0,8.73686988713,8.0,,0.00800800800801,0,0.943575729434,0.90614269883,5,825
575,1,1.91140991006,,3.0,0.013013013013,0,-1.19487156048,0.496024591499,5,149
576,1,4.21772532425,4.0,6.0,0.00900900900901,0,0.0751714308364,-1.00778896825,5,279
577,1,2.37350379906,,4.0,0.00900900900901,0,-0.223966651264,-1.95459624715,5,214
578,1,4.70171168077,3.0,7.0,0.00900900900901,0,0.510040520947,-1.82840988207,5,570
579,1,8.18656005034,7.0,11.0,0.017017017017,0,1.23694571662,-0.524277099518,5,584
580,1,-3.89130564287,,0.0,0.01001001001,1,-2.32864351068,-1.90537511083,5,8
581,1,0.4610324177,0.0,1.0,0.012012012012,1,-1.46270049958,-0.150866083569,5,58
582,1,-2.98763295242,,0.0,0.011011011011,1,-1.96272194799,-2.09946710844,5,4
583,1,2.09584893648,1.0,7.0,0.01001001001,0,-1.90004787792,2.79599257024,5,549
584,0,10.2496540074,10.0,,0.01001001001,0,1.01996952457,2.18974543371,5,155
585,1,-1.04728013499,,0.0,0.011011011011,1,-2.52384174019,1.52424508559,5,48
586,1,4.35284891803,3.0,8.0,0.01001001001,0,0.470392425593,-2.05832835875,5,303
587,1,0.644939939174,0.0,4.0,0.01001001001,0,-1.12758191293,-0.972314322029,5,248
588,1,6.9770954893,1.0,9.0,0.01001001001,0,0.47249745365,0.55960312835,5,833
589,1,5.88921267952,3.0,7.0,0.01001001001,0,0.068707593354,0.683089899461,5,306
590,1,4.83955394037,4.0,5.0,0.01001001001,1,-0.358027033108,0.913635039696,5,365
591,1,9.00411406309,6.0,10.0,0.012012012012,0,2.05341331806,-2.15612589109,5,881
592,1,3.74890726291,1.0,8.0,0.01001001001,0,-0.583781209265,0.500250890708,5,775
593,1,5.69617272063,4.0,8.0,0.00800800800801,0,0.093223480486,0.416502279172,5,616
594,1,3.17247842166,2.0,4.0,0.00800800800801,0,0.191129843098,-2.40091110763,5,599
595,1,3.13273804799,2.0,5.0,0.012012012012,0,-0.952179517662,0.989276600979,5,336
596,1,5.28293571693,1.0,6.0,0.00800800800801,0,-0.291971524197,1.15885028952,5,419
597,1,5.97984230693,0.0,8.0,0.00800800800801,0,-0.223665653627,1.65083926781,5,581
598,1,6.70048922337,2.0,8.0,0.01001001001,0,0.165962661461,1.20260123898,5,710
599,1,6.01312319468,5.0,8.0,0.00800800800801,0,0.974657909972,-1.91085053524,5,856
600,0,10.4194307496,9.0,,0.00900900900901,0,1.69298875822,0.340464474885,5,547
601,1,1.74934227814,,3.0,0.00800800800801,0,-1.46609855365,1.14763793908,5,98
602,1,0.404574128414,0.0,4.0,0.011011011011,0,-1.01966643109,-1.53642657831,5,144
603,1,4.90083698455,0.0,6.0,0.00800800800801,0,-0.110802406701,0.233244204657,5,313
604,1,1.28131623828,,5.0,0.01001001001,0,-2.16789946761,2.7850146411,5,92
605,1,0.74664844435,,3.0,0.011011011011,0,0.0313172743207,-4.34730337861,5,265
606,1,2.97019051817,1.0,6.0,0.00900900900901,0,-0.142043255274,-1.60367971601,5,410
607,1,4.26908269312,2.0,5.0,0.00800800800801,0,-0.0466717618913,-0.590902021208,5,225
608,1,3.44272061646,2.0,8.0,0.018018018018,0,-0.640472707826,0.364138739937,5,460
609,1,3.679720579,3.0,8.0,0.011011011011,0,0.0884957849995,-1.585766776,5,688
610,1,4.95535695684,3.0,7.0,0.013013013013,0,0.550942940614,-1.697471865,5,439
611,1,1.49354553485,1.0,7.0,0.012012012012,0,-0.699078214704,-1.40921982104,5,503
612,1,1.379889953,1.0,3.0,0.012012012012,0,-0.706213703579,-1.50146893627,5,382
613,0,10.2815393487,9.0,,0.01001001001,0,1.59394303841,0.499710233438,5,228
614,0,11.8861995341,9.0,,0.00900900900901,0,1.9705418626,0.974573946269,5,741
615,1,3.96513989551,1.0,4.0,0.011011011011,0,-0.296510891979,-0.145327428557,5,219
616,1,6.729735353,6.0,7.0,0.011011011011,1,-0.0640663525126,1.92193441053,5,745
617,1,4.43147637984,3.0,6.0,0.00800800800801,0,0.382976766548,-1.71745391981,5,332
618,1,8.01004257549,7.0,10.0,0.012012012012,0,0.638765559703,1.09374589638,5,804
619,1,1.73712294802,0.0,5.0,0.00800800800801,0,-0.839070685292,-0.745664996101,5,353
620,1,5.71515393515,1.0,6.0,0.00900900900901,0,0.380560663662,-0.426528055831,5,222
621,1,7.99779156219,6.0,9.0,0.01001001001,0,0.777533250302,0.665191811288,5,858
622,0,7.654310721,7.0,,0.00800800800801,0,0.155918189114,2.18655615366,5,774
623,1,4.62325360348,4.0,5.0,0.011011011011,1,-0.252302013997,0.38015964547,5,395
624,1,6.63609652434,6.0,8.0,0.011011011011,0,-0.643845811031,3.56763395743,5,769
625,1,4.45426249992,1.0,9.0,0.01001001001,0,-0.268122879264,0.258631137712,5,626
626,1,3.60572602815,0.0,7.0,0.011011011011,0,-0.232223367143,-0.69760387042,5,283
627,1,4.83069827518,2.0,9.0,0.00900900900901,0,-0.258079735296,0.604937481067,5,883
628,1,8.4871909837,8.0,12.0,0.014014014014,0,0.86244523893,0.899855266907,5,863
629,1,4.75569330914,2.0,6.0,0.01001001001,0,0.389962302334,-1.41419359787,5,685
630,1,-0.253362164951,,0.0,0.00800800800801,1,-2.10681324979,1.06707758442,5,3
631,1,4.00905939838,1.0,5.0,0.00800800800801,0,0.218552754848,-1.64659886616,5,577
632,1,3.55201631259,2.0,7.0,0.012012012012,0,-0.280285123998,-0.607128315418,5,409
633,1,5.79435053017,5.0,6.0,0.00900900900901,1,-0.0268063457389,0.874769567388,5,651
634,1,6.52190785731,6.0,7.0,0.00800800800801,1,1.2096769139,-2.1071228844,5,681
635,1,6.85573564375,6.0,8.0,0.01001001001,0,0.198020148468,1.26167519835,5,484
636,1,5.81942826106,5.0,8.0,0.00800800800801,0,0.489647612414,-0.649514576182,5,854
637,1,4.84242194613,4.0,7.0,0.00900900900901,0,-0.164566439226,0.336121263812,5,737
638,1,3.72195712904,,9.0,0.00900900900901,0,-0.829371632255,1.2100720258,5,500
639,1,5.14349720741,,8.0,0.016016016016,0,0.062456186376,-0.0438713517147,5,534
640,1,1.83870132347,,4.0,0.00800800800801,0,-1.38130045635,0.982602692532,5,184
641,1,3.43026605614,2.0,6.0,0.011011011011,0,-0.314400929494,-0.626531155375,5,252
642,1,0.892862460485,0.0,2.0,0.012012012012,0,-1.36782208369,-0.00367128844582,5,115
643,1,5.93047429702,3.0,9.0,0.00900900900901,0,0.277564403453,0.0977810866597,5,904
644,0,8.02583392026,7.0,,0.00800800800801,0,0.827914656407,0.542089951033,5,866
645,1,9.05908054525,7.0,10.0,0.011011011011,0,1.06658663616,0.85932063678,5,860
646,1,2.94146605085,1.0,5.0,0.013013013013,0,-0.530853441469,-0.465973624747,5,464
647,0,10.8706902358,8.0,,0.00800800800801,0,1.51855000487,1.31504022121,5,314
648,1,-2.43887575122,,2.0,0.012012012012,0,-2.17985065153,-0.899323796632,5,135
649,1,5.72636262312,4.0,8.0,0.011011011011,0,0.20987139299,0.0967484441505,5,738
650,0,11.4381279302,10.0,,0.01001001001,0,1.95253219668,0.580531340155,5,824
651,1,2.60493002897,1.0,3.0,0.01001001001,0,-0.0688136653773,-2.1886289749,5,280
652,1,1.16941211771,,7.0,0.01001001001,0,-1.62861941543,1.055270364,5,436
653,1,4.4252621913,1.0,6.0,0.01001001001,0,-0.945451058748,2.26161536755,5,243
654,1,3.61914608955,,9.0,0.012012012012,0,-0.606430573494,0.438437810031,5,650
655,1,5.67545235366,3.0,7.0,0.00900900900901,0,0.475046225062,-0.749686321526,5,478
656,1,6.75582029864,4.0,12.0,0.013013013013,0,0.73181238472,-0.439616855523,5,882
657,1,5.58386465133,4.0,8.0,0.012012012012,0,0.272020401857,-0.232196554239,5,548
658,1,6.9717157249,5.0,8.0,0.00800800800801,0,0.193989484837,1.38974727039,5,906
659,1,5.27134944923,1.0,7.0,0.00800800800801,0,-0.255980390074,1.03929061945,5,592
660,1,6.39938234173,0.0,10.0,0.01001001001,0,0.592614759967,-0.378461938174,5,888
661,1,5.78845288557,3.0,6.0,0.011011011011,0,-0.371420722479,1.90271505301,5,572
662,1,7.569180665,6.0,8.0,0.00800800800801,0,0.6542220035,0.606514654501,5,700
663,1,7.6892899411,3.0,8.0,0.011011011011,0,0.845976466837,0.151360540591,5,722
664,1,3.19989942355,2.0,10.0,0.01001001001,0,-0.386350007827,-0.641050552966,5,789
665,1,1.96754755481,,3.0,0.01001001001,0,-1.14481587286,0.4019951734,5,117
666,1,5.73887086535,,7.0,0.011011011011,0,0.338353570051,-0.276189844805,5,516
667,0,10.662348982,8.0,,0.00800800800801,0,1.27829607948,1.82746074352,5,471
668,1,3.78453498866,0.0,6.0,0.00900900900901,0,-0.756623896631,1.05440667855,5,432
669,1,7.01986231468,2.0,8.0,0.01001001001,0,0.388746711416,0.853622180431,5,771
670,0,9.1412310274,7.0,,0.00800800800801,0,0.622083404253,2.27498081464,5,19
671,1,2.85352440622,0.0,5.0,0.00900900900901,0,-0.686217709727,-0.0878224645945,5,281
672,1,0.565356260225,0.0,3.0,0.011011011011,0,-1.38616777957,-0.276140401071,5,156
673,1,4.13077653504,4.0,6.0,0.011011011011,0,-0.0376927876159,-0.756145102112,5,307
674,1,5.3622439182,5.0,7.0,0.00900900900901,0,0.0242644379766,0.289450604268,5,809
675,1,4.50639708756,1.0,5.0,0.012012012012,0,0.05262665395,-0.651482874294,5,201
676,1,2.39578212223,2.0,8.0,0.011011011011,0,-1.03220431716,0.492395073715,5,347
677,1,7.58871092632,7.0,9.0,0.011011011011,0,0.701562208354,0.484024301254,5,575
678,1,1.75656915389,,7.0,0.013013013013,0,-0.50039658254,-1.74224109849,5,766
679,1,3.2023087568,0.0,6.0,0.00900900900901,0,-0.0318252782276,-1.70221540852,5,719
680,0,10.2298076555,9.0,,0.00900900900901,0,1.45448036605,0.866366557303,5,803
681,1,-2.32160794419,,0.0,0.01001001001,1,-0.91361700905,-4.58075691704,5,43
682,1,4.71300695662,4.0,9.0,0.011011011011,0,0.41862552174,-1.5428696086,5,444
683,1,1.16877807095,,3.0,0.011011011011,0,-0.677754374391,-1.79795880588,5,111
684,0,9.31421110409,9.0,,0.00900900900901,0,0.951643171297,1.4592815902,5,548
685,1,3.87977623162,2.0,4.0,0.012012012012,0,0.369120754635,-2.22758603228,5,235
686,1,4.1050164971,0.0,5.0,0.00800800800801,0,0.47059720073,-2.30677510509,5,394
687,1,5.83534929974,0.0,8.0,0.00900900900901,0,0.626236612199,-1.04336053686,5,704
688,1,9.85330153333,9.0,13.0,0.014014014014,0,1.40218202538,0.646755457193,5,864
689,1,-0.680323144627,,1.0,0.00900900900901,0,-1.12567001214,-2.3033131082,5,72
690,1,-2.24081864098,,0.0,0.01001001001,1,-2.17851830088,-0.705263738323,5,46
691,1,1.73880480207,0.0,2.0,0.012012012012,0,-0.484327931948,-1.80821140208,5,37
692,1,2.76933162816,1.0,7.0,0.013013013013,0,-0.759522496944,0.0478991189899,5,618
693,1,5.59686905302,4.0,7.0,0.00800800800801,0,0.018046460567,0.542729671318,5,835
694,1,-0.616076418813,,0.0,0.00800800800801,1,-2.071900395,0.599624766178,5,51
695,1,8.15124294575,5.0,10.0,0.011011011011,0,1.02110255744,0.0879352734365,5,903
696,0,10.1592154952,8.0,,0.00800800800801,0,1.64429888833,0.226318830153,5,710
697,1,6.38999179364,6.0,7.0,0.012012012012,1,-0.22630374781,2.06890303707,5,720
698,0,8.76350167579,8.0,,0.00800800800801,0,0.846029643414,1.22541274555,5,865
699,1,1.35893834009,1.0,4.0,0.01001001001,0,-1.13695601594,-0.230193612082,5,188
700,1,4.54536803532,4.0,5.0,0.00900900900901,1,-0.0759998692691,-0.226632356872,5,411
701,1,7.26092755578,,8.0,0.00900900900901,0,0.178933683106,1.72412650646,5,687
702,1,-1.38333139605,,2.0,0.00800800800801,0,-1.89049920915,-0.711833768601,5,126
703,1,4.74417064412,2.0,7.0,0.00900900900901,0,-0.582577082843,1.49190189265,5,642
704,1,8.02001865191,,9.0,0.011011011011,0,1.32948725769,-0.968443121147,5,682
705,0,10.1195377506,9.0,,0.00900900900901,0,1.19532676568,1.53355745352,5,353
706,1,5.85596935124,4.0,6.0,0.011011011011,0,-0.151727051269,1.31115050505,5,428
707,1,5.96753614995,2.0,6.0,0.011011011011,0,0.124959924035,0.592656377841,5,194
708,1,6.30935575017,2.0,8.0,0.011011011011,0,0.462070170347,-0.0768547608699,5,652
709,1,3.25055836806,1.0,7.0,0.00800800800801,0,-0.536345216904,-0.140405981229,5,517
710,1,5.50495009508,1.0,8.0,0.011011011011,0,-0.589678469536,2.27398550369,5,703
711,1,5.35703972109,1.0,9.0,0.00900900900901,0,0.116319265163,0.00808192560445,5,892
712,1,4.36221109257,4.0,5.0,0.011011011011,1,-0.273492358709,0.182688168699,5,424
713,1,4.6565191253,2.0,5.0,0.00900900900901,0,-0.220597534261,0.318311728079,5,266
714,1,4.24271947603,4.0,5.0,0.00800800800801,1,0.0484500275147,-0.902630606515,5,648
715,1,2.78649181055,2.0,3.0,0.011011011011,1,0.0846554568349,-2.46747455995,5,236
716,1,5.76134790095,3.0,6.0,0.00900900900901,0,0.309555791136,-0.167319472457,5,546
717,0,8.49197971387,8.0,,0.00800800800801,0,0.829940469783,1.00215830452,5,49
718,1,3.43630940862,3.0,6.0,0.00900900900901,0,-0.502664740805,-0.0556963689653,5,813
719,1,7.39216456314,7.0,8.0,0.00800800800801,1,0.855634130535,-0.174737828464,5,706
720,1,3.63091304724,,5.0,0.00800800800801,0,-0.389208177201,-0.201462421158,5,339
721,0,13.19059416,11.0,,0.012012012012,0,2.47835879053,0.755517788368,5,866
722,1,5.0334735701,,8.0,0.01001001001,0,0.646853368901,-1.9070865366,5,508
723,1,8.54970586552,7.0,9.0,0.00900900900901,0,1.38880127348,-0.616697954926,5,898
724,1,7.23548581757,7.0,8.0,0.01001001001,1,0.61872254285,0.379318189024,5,821
725,0,8.86374767422,8.0,,0.00800800800801,0,0.714782000084,1.71940167397,5,426
726,1,3.14112373894,2.0,6.0,0.00900900900901,0,-0.118253848715,-1.50411471492,5,697
727,1,6.52277994492,6.0,7.0,0.00900900900901,1,-0.252008359229,2.27880502261,5,621
728,1,7.32122770094,2.0,9.0,0.01001001001,0,0.307176633252,1.39969780118,5,740
729,0,8.88151724908,8.0,,0.00800800800801,0,2.12510805376,-2.49380691221,5,361
730,1,5.30326438224,4.0,7.0,0.011011011011,0,-0.390873055764,1.47588354954,5,562
731,1,1.29070219608,1.0,3.0,0.012012012012,0,-1.14573879401,-0.272081421899,5,284
732,1,4.61760314153,4.0,5.0,0.00800800800801,1,-1.23060899163,3.30943011643,5,568
733,1,5.13969956407,0.0,8.0,0.01001001001,0,-0.051617905554,0.294553280735,5,528
734,1,3.93491433856,0.0,4.0,0.00800800800801,0,-0.441657905089,0.259888053833,5,334
735,0,13.6836022425,7.0,,0.01001001001,0,3.39452798941,-1.49998172572,5,146
736,1,5.4224128135,0.0,7.0,0.011011011011,0,-0.0710171888394,0.635464380015,5,569
737,1,0.528290944909,,2.0,0.00900900900901,0,-1.64233595702,0.455298815971,5,45
738,0,9.64961302926,9.0,,0.01001001001,0,1.41370594496,0.40849519439,5,848
739,1,8.63185554123,8.0,9.0,0.00900900900901,1,0.738876901894,1.41522483555,5,849
740,1,7.84871863773,6.0,8.0,0.00800800800801,0,0.0075737511567,2.82599738426,5,798
741,1,2.44435321231,1.0,4.0,0.01001001001,0,-0.784069010232,-0.203439756995,5,299
742,1,6.39154539584,3.0,8.0,0.011011011011,0,0.788319746519,-0.973413843715,5,521
743,0,10.488436369,8.0,,0.00800800800801,0,1.16414066164,1.99601438411,5,239
744,1,4.34802608885,4.0,5.0,0.011011011011,1,-0.124451944683,-0.278618077097,5,729
745,1,1.61793974871,,6.0,0.00900900900901,0,-0.143984588813,-2.95010648485,5,440
746,1,7.25583006079,6.0,8.0,0.00800800800801,0,0.880018154418,-0.384224402467,5,839
747,1,2.60538586014,,4.0,0.01001001001,0,-0.885136862941,0.260796448965,5,602
748,1,2.09304998513,,3.0,0.00900900900901,0,-1.57156657556,1.8077497118,5,137
749,0,9.5368725608,9.0,,0.01001001001,0,1.62155163301,-0.327782338224,5,527
750,1,5.5079382306,4.0,8.0,0.00900900900901,0,0.471743129311,-0.907291157329,5,768
751,1,1.66711302003,0.0,8.0,0.00800800800801,0,-0.518698655938,-1.77679101215,5,571
752,0,12.0072878709,8.0,,0.00800800800801,0,1.38139678802,2.86309750687,5,312
753,1,4.05888538222,4.0,5.0,0.00800800800801,1,0.231639979774,-1.63603455711,5,354
754,1,3.55193745716,2.0,5.0,0.00800800800801,0,-0.964951030098,1.44679054745,5,457
755,1,5.13015656472,5.0,6.0,0.00800800800801,1,-0.145730822996,0.567349033713,5,655
756,1,5.56419401514,5.0,6.0,0.00800800800801,1,-0.440635102573,1.88609932286,5,866
757,1,1.71712954366,0.0,5.0,0.00900900900901,0,-0.76116361991,-0.99937959661,5,312
758,1,3.88042453182,3.0,4.0,0.01001001001,1,0.0314796373645,-1.21401438028,5,426
759,1,5.53479120266,3.0,6.0,0.01001001001,0,0.393954240041,-0.647071517458,5,415
760,1,7.97288168621,2.0,10.0,0.01001001001,0,0.923909019033,0.201154629107,5,805
761,1,3.54750585584,3.0,5.0,0.00800800800801,0,0.365905856365,-2.55021171326,5,522
762,1,3.02856340748,1.0,4.0,0.00800800800801,0,-0.235351064935,-1.26538339772,5,383
763,1,3.03741919543,3.0,4.0,0.011011011011,1,-0.656816337287,0.00786820728858,5,210
764,1,3.16379667916,2.0,5.0,0.01001001001,0,-0.784622879613,0.517665317995,5,288
765,0,8.79093563926,7.0,,0.00900900900901,0,0.941778926032,0.965598861168,5,9
766,1,5.61131055119,5.0,6.0,0.011011011011,1,0.0929647569414,0.33241628037,5,604
767,1,-0.753408842168,,2.0,0.00800800800801,0,-1.35769985562,-1.6803092753,5,174
768,1,4.10879570585,2.0,5.0,0.01001001001,0,-0.23001289446,-0.201165610768,5,297
769,1,8.06093300568,4.0,10.0,0.01001001001,0,0.607606201764,1.23811440039,5,840
770,1,6.30613510055,5.0,7.0,0.00800800800801,0,0.587074436462,-0.455088208832,5,627
771,1,7.60045578993,5.0,8.0,0.00800800800801,0,0.234425392832,1.89717961144,5,747
772,0,10.0892590409,9.0,,0.01001001001,0,1.33480579662,1.08484165101,5,707
773,1,6.10896803615,0.0,8.0,0.01001001001,0,0.868635018249,-1.49693701859,5,659
774,1,-0.51173049291,,1.0,0.00800800800801,0,-2.68032222244,2.52923617441,5,40
775,1,5.13910756703,2.0,8.0,0.00900900900901,0,-0.00781910562754,0.162564883914,5,595
776,0,10.7323280128,8.0,,0.00800800800801,0,1.14464297041,2.29839910157,5,416
777,1,6.82737881906,6.0,9.0,0.012012012012,0,0.449742560754,0.478151136798,5,752
778,1,7.16835950492,7.0,8.0,0.00800800800801,1,0.934500044059,-0.635140627253,5,646
779,1,4.98613773684,3.0,6.0,0.00800800800801,0,-0.45173659986,1.34134753642,5,558
780,1,7.38308346718,7.0,8.0,0.00800800800801,1,1.2998294065,-1.51640475231,5,829
781,1,-1.45174900434,,0.0,0.00800800800801,1,-1.81226118,-1.01496546433,5,6
782,1,2.35750626959,1.0,6.0,0.00800800800801,0,0.163436067801,-3.13280193381,5,606
783,1,7.14229967231,0.0,8.0,0.00900900900901,0,0.609062364089,0.315112580043,5,670
784,1,6.15715551613,6.0,8.0,0.00900900900901,0,-0.180765352565,1.69945157383,5,911
785,0,12.6537665585,9.0,,0.00900900900901,0,1.56472220958,2.95959992976,5,197
786,1,6.0177317176,6.0,7.0,0.00800800800801,1,0.336808733702,0.00730551649257,5,491
787,1,1.96150290712,,6.0,0.00800800800801,0,-0.311844797691,-2.10296269981,5,469
788,1,6.9514516988,6.0,9.0,0.01001001001,0,0.689135780033,-0.115955641295,5,767
789,1,4.41480778175,4.0,8.0,0.00800800800801,0,0.502978662543,-2.09412820588,5,901
790,1,1.5631262435,,3.0,0.00900900900901,0,-0.674427686403,-1.41359069729,5,139
791,1,-4.03505725297,,1.0,0.00700700700701,0,-2.34727769727,-1.99322416115,5,10
792,1,6.37184064963,6.0,7.0,0.01001001001,1,0.336132280093,0.363443809355,5,465
793,1,7.22556397088,7.0,8.0,0.00800800800801,1,0.484653044017,0.771604838831,5,887
794,1,6.04606151352,1.0,7.0,0.00900900900901,0,-0.0991452151779,1.34349715905,5,515
795,1,7.48164928757,6.0,8.0,0.00800800800801,0,0.216142933841,1.83322048605,5,844
796,1,7.27646307449,5.0,8.0,0.00800800800801,0,0.151584890754,1.82170840222,5,649
797,1,0.867776221593,0.0,2.0,0.00900900900901,0,-0.438797013052,-2.81583273925,5,228
798,1,0.597687432179,,2.0,0.00800800800801,0,-0.251328618035,-3.64832671372,5,240
799,1,5.02113776185,4.0,7.0,0.00800800800801,0,-0.0270320864031,0.102234021061,5,846
800,1,-0.0520040117985,,0.0,0.01001001001,1,-1.31953925704,-1.09338624068,5,22
801,1,2.31445870335,0.0,4.0,0.011011011011,0,-0.833295380944,-0.185655153821,5,352
802,1,2.2093218232,0.0,4.0,0.00900900900901,0,-1.6009871396,2.01228324199,5,421
803,1,8.25374601277,4.0,9.0,0.00900900900901,0,0.686109813586,1.19541657201,5,596
804,1,0.237041649003,,3.0,0.011011011011,0,-1.64742364262,0.17931257687,5,121
805,0,8.75506971751,8.0,,0.00900900900901,0,0.660933332077,1.77226972128,5,317
806,1,2.87847043994,0.0,5.0,0.00900900900901,0,-0.530952145639,-0.528673123144,5,494
807,0,8.76926134366,7.0,,0.00800800800801,0,1.27281617491,-0.0491871810772,5,659
808,0,9.83989251831,9.0,,0.01001001001,0,2.41059922379,-2.39190515305,5,246
809,1,3.03236413079,0.0,7.0,0.00800800800801,0,-0.485633973243,-0.510733949478,5,527
810,1,4.06207848249,4.0,5.0,0.01001001001,1,-0.465190868624,0.457651088361,5,357
811,1,6.40081824254,5.0,7.0,0.00900900900901,0,0.377203396692,0.26920805247,5,891
812,1,8.12313250076,8.0,9.0,0.00900900900901,1,0.828485212982,0.637676861815,5,908
813,0,8.60436054399,8.0,,0.00800800800801,0,1.17443605587,0.0810523763933,5,632
814,1,3.46046920171,1.0,4.0,0.00800800800801,0,-0.338982314393,-0.522583855116,5,269
815,0,10.6711438163,9.0,,0.00900900900901,0,1.88869300028,0.00506481545214,5,643
816,1,2.15517934048,0.0,8.0,0.00900900900901,0,-0.637587267027,-0.932058858437,5,733
817,1,4.41637576622,4.0,8.0,0.00900900900901,0,-0.571136401872,1.12978497184,5,861
818,0,11.3896839389,8.0,,0.00800800800801,0,2.22254636407,-0.277955153348,5,751
819,1,3.1345493194,2.0,7.0,0.00800800800801,0,-0.136469422248,-1.45604241386,5,702
820,1,4.44330275312,3.0,9.0,0.00900900900901,0,0.332807362918,-1.55511933564,5,679
821,0,11.7113237896,9.0,,0.01001001001,0,1.87010690519,1.10100307408,5,41
822,1,4.56720514552,4.0,6.0,0.01001001001,0,-0.530118681019,1.15756118858,5,586
823,1,1.42021023061,,4.0,0.00900900900901,0,-0.455215572108,-2.21414305306,5,95
824,1,5.91028775335,1.0,7.0,0.00900900900901,0,-0.0916616564759,1.18527272278,5,746
825,1,1.85069723069,0.0,2.0,0.00800800800801,0,-1.29511391327,0.736038970498,5,148
826,0,11.325720472,9.0,,0.00900900900901,0,2.61286957544,-1.5128882543,5,550
827,1,3.69861715458,1.0,6.0,0.01001001001,0,0.544727818673,-2.93556630144,5,607
828,1,6.41766015671,4.0,8.0,0.00900900900901,0,-0.247858286724,2.16123501689,5,692
829,1,3.16342769159,3.0,5.0,0.00800800800801,0,-0.925720903405,0.940590401802,5,686
830,1,3.36092854355,1.0,4.0,0.00800800800801,0,-0.304613996549,-0.725229466798,5,301
831,0,10.3453080449,8.0,,0.00800800800801,0,1.31441433371,1.40206504374,5,752
832,1,-3.21581035096,,3.0,0.00800800800801,0,-2.51509475754,-0.670526078352,5,237
833,0,11.6468552024,8.0,,0.01001001001,0,1.51234525399,2.1098194404,5,501
834,0,8.55068296521,8.0,,0.00900900900901,0,0.832840336838,1.0521619547,5,46
835,1,5.08648809201,5.0,8.0,0.00800800800801,0,0.124949363856,-0.28835999956,5,725
836,0,10.4643415204,8.0,,0.00800800800801,0,2.12208227143,-0.901905293893,5,908
837,0,8.36664499263,7.0,,0.00800800800801,0,0.876369639609,0.7375360738,5,795
838,1,7.40300540563,6.0,8.0,0.00900900900901,0,1.40027916587,-1.79783209199,5,705
839,1,2.78198509807,1.0,5.0,0.00900900900901,0,-1.49453984125,2.26560462181,5,690
840,1,0.0849500865481,,8.0,0.00800800800801,0,-1.33885791769,-0.898476160368,5,730
841,1,4.34373355526,4.0,7.0,0.00900900900901,0,0.0398969624863,-0.775957332199,5,475
842,1,5.51053955393,2.0,6.0,0.01001001001,0,0.595655068719,-1.27642565223,5,560
843,1,3.53360976256,0.0,4.0,0.01001001001,0,0.33594591503,-2.47422798253,5,298
844,1,-0.24317296074,,3.0,0.00800800800801,0,-1.45869029406,-0.86710207855,5,406
845,1,0.105651615295,,6.0,0.01001001001,0,-1.31840217907,-0.939141847482,5,553
846,0,11.4022194233,7.0,,0.00800800800801,0,1.3009259913,2.49944144938,5,696
847,1,2.96934554434,2.0,6.0,0.01001001001,0,-0.664196996075,-0.0380634674404,5,430
848,0,8.20095108257,8.0,,0.00800800800801,0,0.602133686495,1.39455002309,5,904
849,1,4.65339936893,2.0,5.0,0.00800800800801,0,0.225423120983,-1.02286999402,5,302
850,1,6.69226097081,4.0,9.0,0.01001001001,0,0.259276964326,0.914430077832,5,815
851,1,2.56381294347,0.0,3.0,0.00800800800801,0,-0.0876383492741,-2.17327200871,5,344
852,1,7.39058007995,7.0,8.0,0.00800800800801,1,-0.108797328493,2.71697206543,5,832
853,1,7.18798981665,7.0,8.0,0.00800800800801,1,1.27353929394,-1.63262806517,5,910
854,0,10.5634686192,8.0,,0.00900900900901,0,1.60920634446,0.735849585799,5,874
855,1,6.59747806293,5.0,8.0,0.00800800800801,0,1.31195830956,-2.33839686575,5,726
856,1,5.76865291964,5.0,6.0,0.00800800800801,1,0.886820116673,-1.89180743038,5,754
857,0,9.84104353064,8.0,,0.00800800800801,0,0.455461874972,3.47465790572,5,43
858,1,1.11428615806,0.0,3.0,0.00800800800801,0,-2.14839211277,2.55946249638,5,76
859,1,3.27328512403,2.0,5.0,0.00900900900901,0,-0.515712544345,-0.17957724294,5,364
860,1,5.26490630284,5.0,7.0,0.00900900900901,0,-0.176106476857,0.793225733415,5,877
861,1,2.02580366662,0.0,6.0,0.00800800800801,0,-0.102463805366,-2.66680491728,5,573
862,1,-1.57254380256,,0.0,0.00800800800801,1,-1.12275699434,-3.20427281953,5,36
863,1,4.63048191132,0.0,6.0,0.00900900900901,0,-0.140511080735,0.0520151535227,5,498
864,1,4.81295288676,3.0,7.0,0.00800800800801,0,-0.250288555632,0.56381855366,5,699
865,1,4.00104381435,2.0,8.0,0.00900900900901,0,0.404262511644,-2.21174372058,5,480
866,0,9.58151011146,8.0,,0.00800800800801,0,1.20707332476,0.960290137172,5,421
867,1,1.90819787895,1.0,5.0,0.00900900900901,0,-1.14362911905,0.339085236092,5,425
868,1,0.0263135442635,0.0,3.0,0.00900900900901,0,-1.45453173531,-0.6100912498,5,377
869,1,5.53487748097,2.0,7.0,0.01001001001,0,-0.0305805480827,0.626619125221,5,643
870,0,9.14093512525,9.0,,0.00900900900901,0,0.943625097401,1.31005983305,5,440
871,1,4.04071141866,3.0,6.0,0.00900900900901,0,-0.434716521165,0.344860982152,5,433
872,0,13.744587526,8.0,,0.00800800800801,0,2.34947357086,1.69616681342,5,186
873,1,-0.714494707314,,0.0,0.00800800800801,1,-1.0978873949,-2.4208325226,5,20
874,1,4.66021659832,1.0,6.0,0.00800800800801,0,0.089261117721,-0.607566754847,5,588
875,1,4.83753958063,3.0,8.0,0.01001001001,0,-0.106455940253,0.156907401394,5,418
876,1,6.59386512844,5.0,8.0,0.00800800800801,0,-0.0143791607369,1.63700261065,5,823
877,0,12.2900982163,8.0,,0.00800800800801,0,2.12451288402,0.916559564213,5,4
878,1,1.73788341607,0.0,3.0,0.01001001001,0,0.141577546792,-3.68684922431,5,177
879,1,4.09042686165,4.0,6.0,0.00900900900901,0,0.111606575988,-1.24439286632,5,523
880,1,6.52852488474,6.0,7.0,0.00800800800801,1,0.502180492958,0.0219834058648,5,641
881,1,0.206748871763,,2.0,0.00800800800801,0,-0.0911653026231,-4.51975522037,5,54
882,0,9.09964909698,9.0,,0.00900900900901,0,0.921429442191,1.33536077041,5,86
883,1,1.14406723679,1.0,3.0,0.00800800800801,0,-1.12167702693,-0.490901682426,5,397
884,1,1.19565038536,1.0,8.0,0.00800800800801,0,-0.68800641194,-1.74033037882,5,788
885,0,11.3727607329,7.0,,0.00800800800801,0,1.62933385613,1.48475916453,5,899
886,0,9.83395027642,9.0,,0.00900900900901,0,2.42813731541,-2.45046166982,5,844
887,1,7.19859190793,7.0,8.0,0.00800800800801,1,-0.360471864648,3.28000750187,5,902
888,1,2.28710354976,0.0,5.0,0.01001001001,0,-0.340281483215,-1.69205200059,5,405
889,1,6.17958960859,5.0,7.0,0.00900900900901,0,0.407765116454,-0.0437057407699,5,850
890,1,3.46216869739,3.0,5.0,0.00800800800801,0,-0.276833901323,-0.707329598645,5,507
891,1,3.21633333501,3.0,7.0,0.00800800800801,0,-0.258504958264,-1.0081517902,5,542
892,1,5.09762289771,4.0,7.0,0.00800800800801,0,0.204257849655,-0.515150651258,5,855
893,0,11.5512328636,8.0,,0.00800800800801,0,1.60912420186,1.72386025806,5,445
894,0,13.0408803392,8.0,,0.00800800800801,0,2.11653163889,1.69128542259,5,842
895,0,14.7272204332,8.0,,0.00800800800801,0,2.36484033271,2.63269943505,5,679
896,1,5.78548982679,5.0,7.0,0.00900900900901,0,0.619326558297,-1.0724898481,5,777
897,1,1.32269968291,0.0,2.0,0.00800800800801,0,-0.720803724777,-1.51488914276,5,63
898,1,5.64483663588,5.0,6.0,0.00900900900901,1,0.999345757802,-2.35320063753,5,468
899,1,4.36472703356,2.0,7.0,0.00800800800801,0,0.569009406644,-2.34230118638,5,638
900,0,9.44753380155,9.0,,0.01001001001,0,1.28991285602,0.577795233494,5,517
901,0,7.30806391698,7.0,,0.00800800800801,0,0.222829269735,1.63957610777,5,389
902,1,2.57006116426,,8.0,0.00800800800801,0,-0.835324931174,0.0760359577795,5,709
903,1,3.74979339161,0.0,5.0,0.00800800800801,0,-0.063136483489,-1.06079715792,5,449
904,1,3.8031148168,1.0,4.0,0.00800800800801,0,-0.16927422097,-0.689062520288,5,274
905,1,6.8325384066,5.0,7.0,0.00800800800801,0,1.02595884735,-1.24533813545,5,544
906,1,-3.01498965953,,1.0,0.00900900900901,0,-2.25445009089,-1.25163938684,5,154
907,1,5.99866266444,5.0,8.0,0.01001001001,0,-0.293458041896,1.87903679013,5,728
908,0,10.2102015804,9.0,,0.00900900900901,0,1.48595587239,0.75233396321,5,32
909,1,5.54321301741,4.0,6.0,0.00900900900901,0,-0.462758877846,1.93148965095,5,701
910,1,7.64812155245,,9.0,0.00900900900901,0,0.889116193913,-0.019227029289,5,806
911,1,1.35290081091,1.0,2.0,0.00800800800801,1,-1.5431694977,0.982409304006,5,247
912,1,4.62884695226,1.0,6.0,0.00800800800801,0,-0.142330904717,0.0558396664117,5,273
913,1,7.38495062736,7.0,8.0,0.00800800800801,1,1.1378962025,-1.02873798015,5,859
914,0,9.09663098303,9.0,,0.00900900900901,0,0.557375108077,2.4245056588,5,605
915,1,0.724534234524,,1.0,0.00900900900901,0,-0.966062938158,-1.377276951,5,169
916,1,5.5402822014,3.0,8.0,0.00800800800801,0,-0.339529661585,1.55887118616,5,715
917,1,4.15297523784,4.0,7.0,0.00800800800801,0,0.107794665883,-1.17040875981,5,505
918,1,4.6533778074,0.0,5.0,0.00800800800801,0,-0.136880825264,0.0640202831974,5,511
919,1,3.56274782051,3.0,6.0,0.00800800800801,0,0.163561694087,-1.92793726175,5,799
920,1,6.16539414713,0.0,9.0,0.00900900900901,0,0.487756846946,-0.297876393707,5,870
921,1,3.54795519673,3.0,4.0,0.00800800800801,1,-1.14494592151,1.98279296125,5,622
922,1,4.1867174337,4.0,7.0,0.00900900900901,0,0.837633922769,-3.32618433461,5,612
923,1,1.9198979275,0.0,4.0,0.01001001001,0,-1.27989183162,0.759573422355,5,260
924,1,5.4592878122,5.0,7.0,0.00800800800801,0,-0.243336735686,1.18929801926,5,875
925,1,2.1719555953,1.0,5.0,0.00800800800801,0,-0.529789332085,-1.23867640844,5,624
926,1,3.32917906475,2.0,4.0,0.01001001001,0,-0.607294934426,0.151063868029,5,270
927,1,5.43075791737,1.0,8.0,0.00800800800801,0,-0.250910324752,1.18348889162,5,598
928,0,6.21460571543,6.0,,0.00800800800801,0,0.289956230919,0.344737022675,5,830
929,1,-0.561817807768,,0.0,0.00900900900901,1,-1.35449414044,-1.49833538646,5,52
930,0,9.03732453597,8.0,,0.00900900900901,0,1.30047799817,0.135890541444,5,652
931,1,4.80047536364,3.0,5.0,0.00800800800801,0,0.68224497381,-2.24625955779,5,556
932,0,8.21225739327,8.0,,0.00800800800801,0,0.421731306498,1.94706347378,5,12
933,1,5.96116846855,5.0,7.0,0.00800800800801,0,0.190072147511,0.390952026019,5,814
934,0,8.31654412607,7.0,,0.00800800800801,0,0.57145285516,1.60218556059,5,466
935,0,10.6034212324,9.0,,0.00900900900901,0,1.34586089926,1.56583853466,5,500
936,1,5.69170735046,5.0,7.0,0.00800800800801,0,0.59180589643,-1.08371033883,5,781
937,1,4.75327837486,0.0,5.0,0.00800800800801,0,0.513992844486,-1.7887001586,5,217
938,1,1.05558650812,1.0,6.0,0.00800800800801,0,-1.00550394819,-0.927901647296,5,412
939,1,7.70879934964,1.0,8.0,0.00800800800801,0,-0.117481247293,3.06124309152,5,787
940,1,6.59859822002,1.0,7.0,0.00800800800801,0,1.15329134077,-1.86127580229,5,708
941,1,3.07553338822,0.0,6.0,0.00800800800801,0,-0.416924994302,-0.673691628871,5,664
942,1,7.38721960517,7.0,8.0,0.00900900900901,1,0.367663807955,1.2842281813,5,852
943,0,9.8932190069,8.0,,0.00800800800801,0,1.0198253979,1.83374281321,5,13
944,1,4.12880296524,4.0,7.0,0.00800800800801,0,0.444262577933,-2.20398476856,5,825
945,1,7.75184712753,4.0,8.0,0.00800800800801,0,0.105205286003,2.43623126952,5,818
946,1,2.50611532326,2.0,6.0,0.00800800800801,0,-0.0750411953788,-2.26876109061,5,550
947,1,5.92536206096,5.0,8.0,0.00800800800801,0,0.602639750998,-0.88255719203,5,492
948,1,-1.85947803758,,0.0,0.00800800800801,1,-0.898467817063,-4.16407458639,5,5
949,1,7.29443589642,3.0,8.0,0.00800800800801,0,0.869601799804,-0.314369502996,5,741
950,1,1.52676772919,,3.0,0.00800800800801,0,-0.570126591175,-1.76285249729,5,257
951,1,5.37831682179,3.0,7.0,0.00800800800801,0,-0.655801386367,2.34572098089,5,559
952,1,4.25123068125,2.0,7.0,0.00800800800801,0,-0.18499579333,-0.193781938756,5,714
953,1,2.4361830882,0.0,7.0,0.00800800800801,0,-0.714410355285,-0.420585845949,5,837
954,0,8.46981087694,8.0,,0.00800800800801,0,0.23111198608,2.7764749187,5,784
955,1,-1.2695538066,,0.0,0.00800800800801,1,-2.21330239391,0.370353375123,5,34
956,1,6.4083360906,3.0,7.0,0.00800800800801,0,0.0486916388594,1.26226117402,5,842
957,1,2.40295693583,2.0,4.0,0.00800800800801,0,-0.418291663953,-1.34216807231,5,372
958,1,4.36856630171,2.0,5.0,0.00800800800801,0,0.236128068687,-1.33981790435,5,446
959,1,4.1220697621,0.0,6.0,0.00800800800801,0,0.562884814363,-2.56658468099,5,561
960,1,0.342626580278,0.0,4.0,0.00800800800801,0,-0.83197230607,-2.16145650151,5,330
961,1,-0.605192602322,,2.0,0.00900900900901,0,-2.30193166473,1.30060239187,5,116
962,1,2.88368500835,2.0,3.0,0.00900900900901,1,-0.685021768206,-0.0612496870271,5,341
963,1,7.70096942614,7.0,8.0,0.00800800800801,1,0.246653172751,1.96100990789,5,907
964,1,1.17602881623,1.0,3.0,0.00800800800801,0,-0.953947336932,-0.962129172977,5,94
965,1,2.37905400803,2.0,3.0,0.00900900900901,1,-0.341893316385,-1.59526604281,5,429
966,1,4.94751761289,1.0,7.0,0.00800800800801,0,0.357893093735,-1.12616166831,5,660
967,1,6.44385239906,4.0,7.0,0.00800800800801,0,0.421038603138,0.180736589647,5,893
968,1,7.01303136327,7.0,8.0,0.00800800800801,1,-0.00520934103197,2.02865938637,5,792
969,1,3.73879038596,3.0,4.0,0.00800800800801,1,0.196545026345,-1.85084469307,5,366
970,1,3.68805523701,3.0,8.0,0.00800800800801,0,0.335407652049,-2.31816771914,5,790
971,1,7.80692148078,2.0,8.0,0.00800800800801,0,0.217533239786,2.15432176142,5,794
972,1,7.34981084263,6.0,8.0,0.00800800800801,0,-0.128844700801,2.73634494503,5,822
973,0,7.2083924518,7.0,,0.00800800800801,0,0.293897823607,1.32669898098,5,230
974,1,5.49588782972,5.0,6.0,0.00800800800801,1,0.332631768856,-0.502007476851,5,830
975,1,3.73345274087,1.0,7.0,0.00800800800801,0,0.0962624354572,-1.55533456551,5,580
976,1,4.67868215044,4.0,5.0,0.00800800800801,1,-0.487577525733,1.14141472764,5,636
977,0,10.2030337755,8.0,,0.00800800800801,0,1.94189018579,-0.622636781862,5,893
978,1,3.77254362498,1.0,4.0,0.00800800800801,0,-0.278426004645,-0.392178361082,5,322
979,0,8.37760673174,7.0,,0.00800800800801,0,0.708832365222,1.25110963607,5,642
980,0,9.18694622727,8.0,,0.00800800800801,0,0.999294419611,1.18906296843,5,277
981,0,10.5296619217,8.0,,0.00800800800801,0,1.7344467042,0.326321809072,5,635
982,1,3.04489916262,1.0,6.0,0.00900900900901,0,-1.18495851381,1.59977470405,5,417
983,1,7.45022438694,,8.0,0.00800800800801,0,0.344089233803,1.41795668553,5,797
984,1,7.33994209253,7.0,8.0,0.00800800800801,1,0.958508070459,-0.535582118845,5,869
985,1,0.646412211554,,2.0,0.00800800800801,0,-0.841065163185,-1.83039229889,5,79
986,1,7.23879584008,6.0,8.0,0.00800800800801,0,0.72538285062,0.0626472882204,5,674
987,1,3.87447824505,2.0,4.0,0.00800800800801,0,-0.651006499432,0.827497743347,5,337
988,1,-3.2882605842,,0.0,0.00800800800801,1,-3.73061887068,2.90359602784,5,152
989,1,4.02065598676,2.0,8.0,0.00800800800801,0,-0.134634930626,-0.575439221361,5,772
990,1,7.61535985609,7.0,8.0,0.00800800800801,1,0.804541508941,0.201735329271,5,808
991,1,5.40113978695,,6.0,0.00800800800801,0,0.760880875139,-1.88150283846,5,763
992,0,10.9311158571,8.0,,0.00800800800801,0,1.91257137406,0.193401734952,5,738
993,1,5.13858784085,5.0,7.0,0.00800800800801,0,-0.0473449988272,0.280622837336,5,513
994,0,8.42173987286,7.0,,0.00800800800801,0,1.05939279684,0.243561482337,5,545
995,1,1.08063124513,0.0,4.0,0.00800800800801,0,-1.33310278301,0.079939594151,5,416
996,1,3.46678238957,0.0,4.0,0.00800800800801,0,-0.458592770094,-0.157439300144,5,244
997,1,3.90118898283,3.0,7.0,0.00800800800801,0,-0.0493829100428,-0.950662287041,5,762
998,0,6.14541093504,5.0,,0.00800800800801,0,0.30336692414,0.235310162622,5,806
999,1,7.56107737255,7.0,8.0,0.00800800800801,1,0.596598148075,0.771282928323,5,857
