name,activated,threshold,before_activation_alters,after_activation_alters,degree,observed,var1,epsilon,constant,activation_order
0,1,0.857804528054,,4.0,0.0920920920921,0,-1.6274082294,0.740029216261,5,17
1,1,11.7032481556,,19.0,0.0670670670671,0,2.16629532665,0.204362175645,5,222
2,1,5.32452743529,,14.0,0.03003003003,0,0.168391420256,-0.180646825476,5,320
3,1,4.82500647783,1.0,16.0,0.0530530530531,0,-0.027283690471,-0.0931424507616,5,173
4,1,3.41126071545,3.0,8.0,0.0840840840841,0,-0.535538445738,0.0178760526642,5,67
5,1,3.21107373001,,28.0,0.103103103103,0,-0.0578984358863,-1.61523096233,5,185
6,1,8.69155139047,,10.0,0.0530530530531,0,1.30410363529,-0.22075951539,5,105
7,1,2.39313037234,,6.0,0.105105105105,0,-0.990466290533,0.364529243941,5,50
8,1,3.35603572367,2.0,4.0,0.138138138138,0,-0.811661143744,0.791019154906,5,24
9,1,3.83275487098,,9.0,0.141141141141,0,-0.347594352197,-0.12446207243,5,58
10,1,4.24888703554,,22.0,0.155155155155,0,-0.254136165165,0.011295531032,5,89
11,1,6.97248123022,1.0,118.0,0.136136136136,0,0.716387774937,-0.176682094587,5,838
12,1,3.70778037704,1.0,4.0,0.129129129129,0,-0.577304652977,0.439694335975,5,26
13,1,7.05613033631,,11.0,0.117117117117,0,0.574238761571,0.333414051599,5,69
14,1,3.4902236471,,23.0,0.104104104104,0,-0.452921124799,-0.151012978507,5,168
15,1,5.54749286493,,59.0,0.1001001001,0,0.113786960429,0.206131983638,5,581
16,1,5.47549357886,4.0,21.0,0.0810810810811,0,0.319687650931,-0.483569373935,5,158
17,1,7.41799747052,3.0,15.0,0.118118118118,0,0.761729341869,0.132809444915,5,87
18,1,4.46618133421,4.0,8.0,0.045045045045,0,-0.117497471351,-0.181326251738,5,138
19,1,4.765113341,,6.0,0.0730730730731,0,-0.0089237657855,-0.208115361648,5,47
20,1,4.88916292742,0.0,6.0,0.0680680680681,0,-0.366107156488,0.987484396884,5,62
21,1,8.77707146216,4.0,11.0,0.045045045045,0,1.17657119802,0.24735786811,5,143
22,1,8.91910713036,,10.0,0.0690690690691,0,1.22956984413,0.230397597974,5,99
23,1,8.57105610763,4.0,23.0,0.0540540540541,0,1.30598990426,-0.346913605157,5,256
24,1,8.43071499664,8.0,13.0,0.028028028028,0,1.21407762963,-0.211517892261,5,348
25,1,5.2053966199,,16.0,0.038038038038,0,0.185158235637,-0.350078087017,5,303
26,1,7.97443799381,0.0,10.0,0.041041041041,0,1.06684638821,-0.226101170806,5,122
27,1,11.2224654607,10.0,19.0,0.0630630630631,0,2.23764482781,-0.490469022743,5,226
28,1,5.64777768819,4.0,14.0,0.026026026026,0,0.202622600026,0.039909888114,5,293
29,1,4.12855685033,3.0,9.0,0.024024024024,0,-0.379827044939,0.26803798515,5,164
30,1,1.48153999099,,3.0,0.041041041041,0,-1.2122193637,0.118198082089,5,52
31,1,6.26448566106,3.0,12.0,0.02002002002,0,0.328144724174,0.280051488536,5,396
32,1,5.34168879177,5.0,9.0,0.0580580580581,0,0.226410365604,-0.337542305037,5,113
33,1,9.74875816124,4.0,19.0,0.042042042042,0,1.77899967233,-0.588240855758,5,332
34,1,11.9267326346,2.0,31.0,0.0650650650651,0,2.41984851102,-0.332812898443,5,353
35,1,-0.782036351382,,0.0,0.028028028028,1,-1.83895165849,-0.265181375927,5,1
36,1,9.54788240408,0.0,12.0,0.037037037037,0,1.45199832221,0.191887437433,5,147
37,1,4.20651038901,3.0,23.0,0.035035035035,0,-0.126852031473,-0.412933516575,5,644
38,1,1.65048447579,1.0,2.0,0.0680680680681,1,-1.07459005842,-0.125745348949,5,56
39,1,4.44289245175,4.0,6.0,0.041041041041,0,-0.212301555843,0.0797971192817,5,92
40,1,4.92368467728,1.0,11.0,0.044044044044,0,-0.247085350315,0.664940728227,5,187
41,1,6.6627917409,3.0,19.0,0.034034034034,0,0.552688801031,0.00472533780472,5,339
42,1,3.46346449636,0.0,11.0,0.047047047047,0,-0.655752294654,0.430721380322,5,118
43,1,4.20423992042,,5.0,0.0570570570571,0,-0.283138228259,0.0536546051948,5,91
44,1,5.18930399233,1.0,14.0,0.045045045045,0,-0.0725720674084,0.40702019455,5,258
45,1,4.28870349448,0.0,5.0,0.038038038038,0,-0.291657427147,0.163675775918,5,82
46,1,2.61658715266,,5.0,0.027027027027,0,-0.758199778317,-0.108813512389,5,156
47,1,3.59574897185,3.0,17.0,0.038038038038,0,-0.457359320996,-0.0321730651629,5,424
48,1,1.99692238109,,5.0,0.026026026026,0,-1.10716426068,0.318415163144,5,60
49,1,3.90651743161,1.0,18.0,0.03003003003,0,-0.212692210085,-0.455405938131,5,599
50,1,9.77690001066,5.0,34.0,0.0530530530531,0,1.65533914987,-0.189117438936,5,605
51,1,11.5122049279,6.0,15.0,0.049049049049,0,2.19906346789,-0.0849854757334,5,239
52,1,6.14721871516,4.0,8.0,0.043043043043,0,0.214105667379,0.504901713021,5,129
53,1,4.08707408382,0.0,12.0,0.0540540540541,0,-0.0695628706036,-0.704237304373,5,179
54,1,7.87485709111,0.0,10.0,0.0590590590591,0,1.17198682582,-0.641103386355,5,112
55,1,4.27501657959,4.0,16.0,0.042042042042,0,-0.236587713973,-0.015220278488,5,252
56,1,7.89511119444,,8.0,0.023023023023,0,0.961548784132,0.0104648420463,5,159
57,1,7.72785745851,4.0,9.0,0.023023023023,0,0.761608241639,0.443032733591,5,184
58,1,6.48017580388,2.0,10.0,0.017017017017,0,0.736229047083,-0.728511337372,5,499
59,1,2.74419185951,2.0,12.0,0.018018018018,0,-1.03123430218,0.837894766045,5,367
60,1,7.66889271283,6.0,16.0,0.027027027027,0,0.887616556081,0.00604304458629,5,413
61,1,5.0144945728,,8.0,0.018018018018,0,0.172211812992,-0.502140866181,5,163
62,1,0.0338670869444,0.0,13.0,0.014014014014,0,-1.49370199344,-0.485026932732,5,836
63,1,7.73195570722,7.0,8.0,0.015015015015,1,0.956280157968,-0.136884766679,5,360
64,1,6.09330140636,3.0,11.0,0.035035035035,0,0.14253076446,0.665709112975,5,224
65,1,6.16789908941,,10.0,0.0520520520521,0,0.366375972574,0.0687711716868,5,134
66,1,3.57355577655,2.0,11.0,0.045045045045,0,-0.399797014051,-0.227053181295,5,233
67,1,7.88899475436,1.0,8.0,0.036036036036,0,0.855355204302,0.322929141452,5,250
68,1,5.12415412604,,39.0,0.0630630630631,0,-0.126915317116,0.50490007739,5,412
69,1,7.713292498,0.0,42.0,0.0710710710711,0,1.00117467287,-0.2902315206,5,614
70,1,1.2054361763,,9.0,0.037037037037,0,-1.24004781169,-0.0744203886404,5,169
71,1,6.22242731967,,9.0,0.025025025025,0,0.535100471047,-0.382874093475,5,223
72,1,6.04640513479,6.0,11.0,0.026026026026,0,0.290716138501,0.174256719282,5,422
73,1,5.14226396326,4.0,7.0,0.0530530530531,0,0.181165128636,-0.401231422647,5,101
74,1,3.23656239097,0.0,26.0,0.031031031031,0,-0.783572652027,0.587280347051,5,898
75,1,2.99624083145,,7.0,0.025025025025,0,-0.712743398378,0.134471026586,5,130
76,1,10.0758401543,3.0,11.0,0.02002002002,0,1.47577630093,0.648511251566,5,345
77,1,3.57760013009,2.0,4.0,0.042042042042,0,-0.461899397816,-0.0367016764588,5,80
78,1,12.7188290913,2.0,17.0,0.039039039039,0,2.40761521666,0.495983441329,5,324
79,1,0.306415574789,,1.0,0.023023023023,0,-1.56720445389,0.00802893645053,5,40
80,1,8.33529006037,4.0,16.0,0.03003003003,0,1.03261132668,0.237456080347,5,273
81,1,5.41619976137,1.0,17.0,0.04004004004,0,-0.0599987670597,0.596196062552,5,371
82,1,10.2474030838,7.0,22.0,0.031031031031,0,1.8317783859,-0.247932073954,5,596
83,1,5.03698644606,1.0,8.0,0.033033033033,0,-0.136505496974,0.446502936984,5,166
84,1,5.9851676687,,13.0,0.024024024024,0,0.4769377239,-0.445645502995,5,340
85,1,2.17838395035,1.0,5.0,0.029029029029,0,-0.863523679891,-0.231045009974,5,189
86,1,1.19754360717,,5.0,0.033033033033,0,-1.19908224706,-0.20520965165,5,39
87,1,7.36668552498,,14.0,0.023023023023,0,0.481799192788,0.921287946612,5,378
88,1,5.84434893095,1.0,8.0,0.026026026026,0,0.404967912349,-0.370554806097,5,266
89,1,2.99933366889,,3.0,0.015015015015,0,-0.505507340613,-0.484144309275,5,170
90,1,10.5055297227,,11.0,0.026026026026,0,1.48439551123,1.05234318899,5,264
91,1,4.76322477772,1.0,6.0,0.016016016016,0,0.112662339041,-0.574762239398,5,160
92,1,6.38167915077,6.0,15.0,0.02002002002,0,0.39070370418,0.209568038231,5,555
93,1,6.60155826487,1.0,13.0,0.017017017017,0,0.404453458705,0.388197888755,5,465
94,1,1.53937707822,,15.0,0.018018018018,0,-1.15335734283,-0.000550893283424,5,446
95,1,2.01951643543,0.0,5.0,0.011011011011,0,-0.721765662245,-0.815186577832,5,119
96,1,4.45901141502,4.0,13.0,0.021021021021,0,-0.0595160080605,-0.362440560798,5,538
97,1,6.84377752308,,11.0,0.044044044044,0,0.558856515664,0.167207976089,5,212
98,1,7.2786088598,5.0,11.0,0.021021021021,0,0.731525326337,0.084032880789,5,435
99,1,3.27438321329,3.0,6.0,0.034034034034,0,-0.815668387229,0.721388374983,5,97
100,1,6.09056765065,6.0,11.0,0.026026026026,0,0.167725214177,0.587392008122,5,307
101,1,6.11356442308,2.0,8.0,0.02002002002,0,0.364145450859,0.0211280705024,5,398
102,1,3.27006004103,2.0,4.0,0.033033033033,0,-0.852657220653,0.82803170299,5,95
103,1,3.15318178042,1.0,4.0,0.029029029029,0,-0.815697929466,0.600275568813,5,93
104,1,5.17283668519,,9.0,0.034034034034,0,0.127181405137,-0.208707530221,5,182
105,1,4.20721565474,3.0,8.0,0.025025025025,0,-0.213012595912,-0.153746557524,5,277
106,1,3.13460249535,3.0,15.0,0.039039039039,0,-0.704259764811,0.247381789777,5,269
107,1,3.50252904346,2.0,7.0,0.018018018018,0,-0.691033181428,0.575628587744,5,162
108,1,6.93889313867,2.0,15.0,0.026026026026,0,0.586875428701,0.178266852569,5,573
109,1,2.93432397207,0.0,6.0,0.031031031031,0,-0.658405752285,-0.0904587710698,5,205
110,1,3.80362169474,1.0,5.0,0.035035035035,0,-0.26093753682,-0.4135656948,5,72
111,1,2.87302364632,2.0,5.0,0.025025025025,0,-0.675394313358,-0.10079341361,5,153
112,1,1.67705992075,,39.0,0.048048048048,0,-1.37618059819,0.805601715324,5,854
113,1,0.311561406708,,3.0,0.022022022022,0,-1.3464796968,-0.648999502878,5,74
114,1,3.46960716061,3.0,7.0,0.046046046046,0,-0.5856342487,0.226509906708,5,136
115,1,2.27313786999,1.0,6.0,0.018018018018,0,-0.862568017749,-0.139158076759,5,213
116,1,8.96483910929,8.0,10.0,0.013013013013,0,1.30244455537,0.0575054431744,5,508
117,1,3.28365944608,,11.0,0.024024024024,0,-0.228992173083,-1.02936403467,5,314
118,1,0.478946554329,0.0,2.0,0.018018018018,0,-1.60895591938,0.305814312473,5,115
119,1,-0.0127512070353,,2.0,0.023023023023,0,-1.23756176924,-1.30006589933,5,28
120,1,0.563216279463,,1.0,0.018018018018,0,-1.69038859086,0.634382052041,5,64
121,1,2.3152158109,2.0,16.0,0.021021021021,0,-0.524456696819,-1.11141409864,5,753
122,1,7.06485168014,3.0,14.0,0.021021021021,0,0.771308999355,-0.249075317923,5,657
123,1,3.94354033875,2.0,11.0,0.014014014014,0,-0.208301602748,-0.431554853007,5,702
124,1,3.38823998541,0.0,10.0,0.021021021021,0,-0.651691835977,0.34331549334,5,234
125,1,2.47631272185,,12.0,0.022022022022,0,-0.897536550436,0.168922373158,5,403
126,1,6.1525654731,1.0,7.0,0.02002002002,0,0.50130283301,-0.351343025929,5,132
127,1,1.38720346201,,8.0,0.024024024024,0,-1.12298136518,-0.243852442453,5,245
128,1,4.25415414856,1.0,17.0,0.023023023023,0,-0.306472177419,0.173570680823,5,633
129,1,7.09357647144,6.0,12.0,0.019019019019,0,0.840760891928,-0.428706204344,5,692
130,1,4.1005907974,2.0,7.0,0.021021021021,0,-0.239460915261,-0.181026456816,5,295
131,1,13.310595288,6.0,24.0,0.031031031031,0,2.41074673076,1.07835509571,5,630
132,1,0.215625917036,,14.0,0.025025025025,0,-1.35180950692,-0.728945562191,5,478
133,1,3.80857735112,1.0,4.0,0.025025025025,0,-0.679352791565,0.846635725817,5,79
134,1,6.71146840103,6.0,8.0,0.014014014014,0,0.478122375742,0.277101273807,5,510
135,1,10.2328516854,8.0,14.0,0.022022022022,0,1.60508196369,0.417605794349,5,767
136,1,3.11142322546,,5.0,0.027027027027,0,-0.41681297529,-0.638137848674,5,126
137,1,-1.30608481436,,0.0,0.029029029029,1,-2.04893751029,-0.159272283498,5,8
138,1,10.7124242832,1.0,14.0,0.019019019019,0,1.76323910131,0.422706979254,5,571
139,1,1.95599521247,,9.0,0.03003003003,0,-0.900513108945,-0.342465460692,5,192
140,1,3.28815201391,,13.0,0.024024024024,0,-0.555813926,-0.0444062080948,5,356
141,1,6.93296965899,4.0,21.0,0.032032032032,0,0.540731205464,0.310776042594,5,522
142,1,5.27671730963,5.0,9.0,0.013013013013,0,-0.062823759502,0.465188588138,5,480
143,1,10.1998770918,8.0,17.0,0.025025025025,0,1.94492798849,-0.634906873701,5,726
144,1,2.09001390305,1.0,3.0,0.04004004004,0,-1.0521883074,0.246578825256,5,71
145,1,5.65273610267,0.0,6.0,0.029029029029,0,0.0125516238423,0.615081231147,5,124
146,1,2.57650263424,,10.0,0.015015015015,0,-1.04670274393,0.716610866032,5,645
147,1,3.29439731348,0.0,12.0,0.017017017017,0,-0.753117574088,0.553750035742,5,352
148,1,3.29837759959,0.0,4.0,0.021021021021,0,-0.446938217856,-0.360807746846,5,63
149,1,5.12887197436,4.0,8.0,0.016016016016,0,0.149308582059,-0.319053771814,5,210
150,1,4.78450098905,,10.0,0.034034034034,0,0.0186118682692,-0.271334615756,5,265
151,1,7.62980612655,6.0,14.0,0.02002002002,0,0.586603840467,0.869994605147,5,521
152,1,2.45520436377,1.0,5.0,0.02002002002,0,-0.832422645365,-0.0475277001348,5,183
153,1,-1.76777649824,,1.0,0.015015015015,0,-2.39162612179,0.407101867117,5,20
154,1,6.99960234541,0.0,8.0,0.015015015015,0,0.892853977328,-0.678959586574,5,349
155,1,7.05431762833,2.0,13.0,0.022022022022,0,0.363012856941,0.965279057504,5,582
156,1,4.57345625255,0.0,12.0,0.014014014014,0,-0.388755521242,0.739722816276,5,665
157,1,3.75464265297,1.0,6.0,0.01001001001,0,-0.514271946776,0.2974584933,5,392
158,1,4.05722774008,3.0,5.0,0.015015015015,0,-0.459890834462,0.436900243462,5,299
159,1,7.54220651502,7.0,8.0,0.012012012012,1,0.865414328005,-0.0540364689923,5,380
160,1,6.10583607833,1.0,9.0,0.023023023023,0,0.38882264256,-0.0606318493503,5,219
161,1,8.49227188382,0.0,17.0,0.022022022022,0,1.26998768366,-0.317691167172,5,710
162,1,-1.78014710542,,2.0,0.02002002002,0,-2.39421085615,0.402485463037,5,57
163,1,6.79910271199,0.0,9.0,0.022022022022,0,0.28692021445,0.938342068639,5,244
164,1,4.2000703896,,15.0,0.019019019019,0,-0.270664874848,0.0120650141472,5,780
165,1,6.44904791979,5.0,9.0,0.012012012012,0,0.429796051515,0.159659765248,5,539
166,1,2.00877542905,2.0,12.0,0.019019019019,0,-0.669652493337,-0.982267090937,5,389
167,1,8.35987428912,8.0,15.0,0.018018018018,0,1.11257030108,0.0221633858671,5,652
168,1,1.45707185688,1.0,12.0,0.022022022022,0,-1.24252419585,0.184644444446,5,363
169,1,5.21258200424,4.0,7.0,0.012012012012,0,0.062088612803,0.0263161658271,5,469
170,1,5.49813939237,5.0,6.0,0.02002002002,1,0.120326978294,0.137158457492,5,218
171,1,3.15335719793,2.0,8.0,0.021021021021,0,-0.584756352443,-0.0923737447454,5,426
172,1,6.21385026138,5.0,11.0,0.02002002002,0,0.176033858481,0.685748685934,5,359
173,1,2.66479641988,,5.0,0.031031031031,0,-1.30140906366,1.56902361085,5,68
174,1,6.83511994787,4.0,10.0,0.013013013013,0,0.374603976637,0.711308017962,5,732
175,1,5.76168765223,0.0,20.0,0.028028028028,0,0.187211235772,0.200053944916,5,537
176,1,7.00724203473,2.0,9.0,0.023023023023,0,0.523389026615,0.437074954888,5,300
177,1,7.14867365055,5.0,12.0,0.025025025025,0,0.788995421946,-0.218312615291,5,490
178,1,1.72447495595,0.0,2.0,0.026026026026,0,-1.08674214363,-0.0152986131765,5,66
179,1,6.45415604858,2.0,7.0,0.019019019019,0,0.421237577109,0.190443317251,5,127
180,1,4.66219126733,2.0,7.0,0.015015015015,0,-0.0652719559749,-0.141992864749,5,578
181,1,9.09506690423,0.0,10.0,0.018018018018,0,1.36004745987,0.01492452463,5,464
182,1,4.06612482544,1.0,10.0,0.019019019019,0,0.144692610258,-1.36795300533,5,318
183,1,7.02950958172,5.0,11.0,0.019019019019,0,0.58533341339,0.273509341551,5,420
184,1,3.83793965663,3.0,7.0,0.022022022022,0,-0.57641766247,0.56719264404,5,77
185,1,11.0781259841,7.0,15.0,0.018018018018,0,2.24176391736,-0.647165768023,5,872
186,1,2.20519381889,0.0,8.0,0.027027027027,0,-0.987278397032,0.167029009982,5,208
187,1,5.3578129465,0.0,7.0,0.01001001001,0,0.317244087868,-0.59391931711,5,419
188,1,7.05158489384,3.0,9.0,0.014014014014,0,0.693072702291,-0.0276332130343,5,491
189,1,5.62294202435,4.0,9.0,0.01001001001,0,0.433149806739,-0.676507395862,5,831
190,1,7.76301522675,7.0,14.0,0.015015015015,0,0.826054519499,0.284851668252,5,646
191,1,1.92131105472,0.0,6.0,0.017017017017,0,-1.15070517817,0.373426589221,5,297
192,1,7.05883818594,6.0,10.0,0.016016016016,0,0.631392619089,0.164660328676,5,374
193,1,9.26890609936,6.0,12.0,0.013013013013,0,1.49584465131,-0.218627854576,5,601
194,1,4.57287932642,2.0,13.0,0.017017017017,0,-0.44747185037,0.915294877528,5,770
195,1,6.56503978332,5.0,8.0,0.02002002002,0,0.571545398607,-0.149596412496,5,346
196,1,7.59703925413,4.0,11.0,0.015015015015,0,1.01578721441,-0.450322389099,5,759
197,1,0.783931495004,0.0,2.0,0.02002002002,0,-1.34733042008,-0.174077244766,5,110
198,1,7.86774065202,5.0,8.0,0.018018018018,0,1.01688378513,-0.182910703379,5,272
199,1,-0.657723798603,,13.0,0.022022022022,0,-1.90769021552,0.0653468479522,5,484
200,1,1.72728519812,,8.0,0.01001001001,0,-1.23609023152,0.435555892687,5,511
201,1,6.71958981527,0.0,9.0,0.019019019019,0,0.739996617681,-0.500400037776,5,309
202,1,-2.68465882,,0.0,0.03003003003,1,-2.79950866881,0.713867186424,5,3
203,1,5.64463877434,0.0,7.0,0.014014014014,0,0.252478980649,-0.112798167609,5,306
204,1,5.0812505078,3.0,9.0,0.012012012012,0,0.165038777363,-0.413865824293,5,520
205,1,5.90430058614,1.0,6.0,0.019019019019,0,0.0898973431541,0.634608556682,5,121
206,1,1.43772085517,,2.0,0.017017017017,0,-1.29472527148,0.3218966696,5,38
207,1,4.82105780781,4.0,7.0,0.014014014014,0,0.0399717249072,-0.298857366915,5,342
208,1,5.91266697736,4.0,14.0,0.025025025025,0,0.541496800506,-0.711823424163,5,488
209,1,8.84025082051,3.0,11.0,0.014014014014,0,1.10787329823,0.516630925815,5,705
210,1,1.50780034164,0.0,5.0,0.019019019019,0,-0.963614970916,-0.601354745616,5,85
211,1,5.65861924036,0.0,8.0,0.019019019019,0,0.319840475115,-0.300902184989,5,568
212,1,6.79340554715,5.0,8.0,0.019019019019,0,0.740847262426,-0.429136240127,5,417
213,1,9.34812440255,5.0,11.0,0.026026026026,0,1.28619035837,0.489553327442,5,331
214,1,2.16742266848,,4.0,0.021021021021,0,-0.792311727671,-0.455642148506,5,53
215,1,5.04729998315,,11.0,0.019019019019,0,0.0780560279338,-0.186868100655,5,519
216,1,6.82982395588,5.0,8.0,0.022022022022,0,0.735590938797,-0.37694886051,5,267
217,1,2.63382923044,1.0,6.0,0.018018018018,0,-0.53968107811,-0.747127535232,5,172
218,1,9.2847674489,2.0,18.0,0.023023023023,0,1.23508733306,0.579505449734,5,708
219,1,5.39145453845,,8.0,0.02002002002,0,0.189768288703,-0.177850327661,5,461
220,1,6.22795732939,4.0,10.0,0.012012012012,0,0.363202009519,0.138351300837,5,818
221,1,6.82028855334,,10.0,0.016016016016,0,0.557437081769,0.147977308031,5,592
222,1,4.67529774331,,8.0,0.013013013013,0,-0.0254274047959,-0.248420042304,5,370
223,1,0.666875352859,0.0,2.0,0.013013013013,0,-1.51406578053,0.209072694463,5,75
224,1,6.88833963159,4.0,9.0,0.023023023023,0,0.542149149713,0.261892182447,5,428
225,1,1.92665218838,0.0,12.0,0.02002002002,0,-1.00235325847,-0.0662880361991,5,604
226,1,6.73287236867,1.0,12.0,0.016016016016,0,0.764429323098,-0.560415600626,5,534
227,1,6.38013532507,4.0,9.0,0.027027027027,0,0.346683068926,0.340086118293,5,257
228,1,7.79698857951,6.0,9.0,0.026026026026,0,0.946703924951,-0.0431231953435,5,200
229,1,3.02150894042,2.0,10.0,0.011011011011,0,-0.404384369327,-0.765337951596,5,835
230,1,0.769517782946,0.0,3.0,0.016016016016,0,-1.16619079534,-0.731909831031,5,188
231,1,2.45261514627,2.0,10.0,0.026026026026,0,-1.11203307807,0.788714380475,5,458
232,1,2.6349251916,1.0,11.0,0.032032032032,0,-0.828390611147,0.12009702504,5,308
233,1,6.3777049379,,7.0,0.011011011011,0,0.40972582744,0.148527455581,5,326
234,1,7.88399493156,,8.0,0.02002002002,0,1.04718836224,-0.257570155145,5,305
235,1,8.01523431211,8.0,16.0,0.021021021021,0,1.12523266706,-0.360463689067,5,760
236,1,7.24370184113,5.0,8.0,0.015015015015,0,0.652099625957,0.287402963255,5,532
237,1,7.76436660038,7.0,8.0,0.00900900900901,1,0.980197417067,-0.176225650817,5,844
238,1,2.16528687436,0.0,10.0,0.014014014014,0,-0.709004899635,-0.707698426741,5,542
239,1,-0.639855423642,,3.0,0.019019019019,0,-1.88097955837,0.00308325148068,5,49
240,0,12.2758581473,12.0,,0.012012012012,0,2.57087107669,-0.436755082745,5,358
241,1,2.54146009309,,14.0,0.025025025025,0,-0.683067333266,-0.409337907117,5,734
242,1,8.09293495821,1.0,10.0,0.016016016016,0,1.18246033172,-0.454446036946,5,400
243,1,3.87696276385,,6.0,0.017017017017,0,-0.372085745372,-0.00678000003328,5,83
244,1,3.87901261481,2.0,8.0,0.00800800800801,0,-0.263723102689,-0.329818077119,5,317
245,0,12.7253647683,11.0,,0.012012012012,0,2.54015978841,0.104885403104,5,875
246,1,10.0323558833,6.0,11.0,0.015015015015,0,1.65397431713,0.0704329318661,5,639
247,1,8.22127295283,7.0,9.0,0.016016016016,0,1.04872270414,0.0751048404237,5,540
248,1,1.3118788851,,3.0,0.019019019019,0,-1.04026791048,-0.56731738346,5,45
249,1,2.74818481834,2.0,5.0,0.014014014014,0,-0.624836336468,-0.37730617226,5,278
250,1,5.12722037535,2.0,11.0,0.016016016016,0,-0.040968591976,0.250126151283,5,638
251,1,1.48060094378,0.0,2.0,0.014014014014,0,-1.2880376113,0.34471377769,5,220
252,1,1.89100949529,,2.0,0.017017017017,0,-0.979570070582,-0.170280292965,5,30
253,0,9.42244384087,9.0,,0.00900900900901,0,1.25383203507,0.660947735666,5,208
254,1,1.58109907178,,6.0,0.014014014014,0,-1.09572134963,-0.13173687934,5,321
255,1,4.50302960743,0.0,6.0,0.013013013013,0,-0.00912055050301,-0.469608741061,5,316
256,1,4.49046681065,3.0,6.0,0.014014014014,0,-0.147463671231,-0.067142175653,5,315
257,1,6.97593844287,6.0,9.0,0.013013013013,0,0.503487090104,0.465477172556,5,624
258,1,4.70072976932,4.0,6.0,0.02002002002,0,-0.260696300421,0.482818670579,5,133
259,1,3.65938260707,3.0,8.0,0.011011011011,0,-0.438801198246,-0.0242137981905,5,656
260,1,0.726250726812,,1.0,0.019019019019,0,-1.16158585327,-0.788991713374,5,55
261,1,5.32234381058,5.0,11.0,0.024024024024,0,0.291831705011,-0.55315130445,5,276
262,1,5.48996669613,1.0,16.0,0.02002002002,0,0.391434122645,-0.684335671802,5,749
263,1,10.4969881966,3.0,12.0,0.012012012012,0,1.81939284235,0.0388096695086,5,643
264,1,4.03659508427,,6.0,0.017017017017,0,-0.30770642083,-0.0402856532441,5,107
265,1,5.11922285322,4.0,8.0,0.018018018018,0,0.11721095437,-0.232410009888,5,275
266,1,1.30816188618,0.0,4.0,0.017017017017,0,-1.03097831729,-0.598903161948,5,211
267,0,9.47326566086,9.0,,0.00900900900901,0,1.27005833121,0.663090667226,5,443
268,1,1.35353760395,0.0,2.0,0.021021021021,0,-1.06131932824,-0.462504411335,5,104
269,1,3.53965858253,,5.0,0.024024024024,0,-0.45437650634,-0.0972118984545,5,145
270,1,7.74044032712,1.0,9.0,0.014014014014,0,0.652425584369,0.783163574015,5,676
271,1,5.62828364216,3.0,9.0,0.016016016016,0,0.525814533926,-0.94915995962,5,608
272,1,2.52301992031,1.0,4.0,0.017017017017,0,-0.380277756158,-1.33614681121,5,151
273,1,2.36481805981,1.0,5.0,0.015015015015,0,-0.937791365286,0.178192155666,5,103
274,1,7.59358810295,2.0,12.0,0.02002002002,0,0.858975935145,0.0166602975188,5,492
275,1,4.43811888241,0.0,6.0,0.015015015015,0,-0.254790192811,0.20248946084,5,285
276,1,4.40631330792,0.0,12.0,0.016016016016,0,-0.0904976555651,-0.322193725389,5,651
277,1,6.81028722312,,10.0,0.015015015015,0,0.661326533756,-0.173692378152,5,548
278,1,4.53028208042,,9.0,0.018018018018,0,-0.154518063042,-0.00616373045582,5,448
279,1,6.98099136391,6.0,10.0,0.013013013013,0,0.731527080842,-0.213589878618,5,745
280,1,6.77844114698,6.0,8.0,0.018018018018,0,0.498359179051,0.283363609831,5,525
281,1,9.40610608129,7.0,11.0,0.012012012012,0,1.3560355659,0.337999383596,5,871
282,1,3.56248712565,3.0,4.0,0.016016016016,1,-0.548791650667,0.20886207765,5,125
283,1,4.74772656263,2.0,8.0,0.013013013013,0,-0.0282219366204,-0.167607627509,5,585
284,1,2.72168069088,2.0,4.0,0.012012012012,0,-0.797675377681,0.114706823922,5,146
285,1,4.12666544428,2.0,9.0,0.012012012012,0,-0.179245763326,-0.335597265739,5,556
286,1,1.53549119717,1.0,2.0,0.00900900900901,1,-0.961980834532,-0.578566299235,5,44
287,1,3.47015842632,3.0,7.0,0.00800800800801,0,-0.367501136607,-0.427338163853,5,619
288,1,6.43519175079,0.0,13.0,0.015015015015,0,0.247661384642,0.692207596868,5,493
289,1,4.86274002796,1.0,8.0,0.015015015015,0,0.0733970865987,-0.357451231833,5,229
290,1,10.1214358689,10.0,13.0,0.017017017017,0,1.49851391598,0.625894120947,5,781
291,1,7.18972581819,7.0,9.0,0.013013013013,0,0.812580567363,-0.248015883903,5,526
292,1,4.56192896738,4.0,6.0,0.019019019019,0,-0.0509312001956,-0.285277432031,5,171
293,1,4.13810658672,2.0,9.0,0.014014014014,0,-0.119217582486,-0.504240665818,5,550
294,1,5.86217604734,4.0,9.0,0.011011011011,0,0.229980280662,0.172235205356,5,551
295,1,5.34732886149,0.0,15.0,0.019019019019,0,0.312506679993,-0.590191178491,5,709
296,1,9.63449656604,9.0,12.0,0.015015015015,0,1.73305872838,-0.564679619111,5,751
297,1,6.18627720983,5.0,9.0,0.021021021021,0,0.430277357872,-0.104554863785,5,466
298,1,8.24307398197,8.0,9.0,0.016016016016,1,1.11706409956,-0.108118316725,5,595
299,1,4.56258038346,3.0,8.0,0.016016016016,0,-0.179373751988,0.100701639426,5,362
300,1,5.92796743585,3.0,13.0,0.016016016016,0,0.406377505837,-0.291165081662,5,664
301,1,5.06701657371,0.0,7.0,0.012012012012,0,-0.176162932694,0.595505371791,5,437
302,1,5.08700242958,3.0,14.0,0.018018018018,0,-0.0381409051218,0.201425144941,5,600
303,1,8.02625218419,8.0,18.0,0.024024024024,0,0.985418667925,0.0699961804121,5,842
304,1,6.3315815591,5.0,8.0,0.017017017017,0,0.222230903765,0.664888847805,5,530
305,1,5.09811597205,3.0,11.0,0.014014014014,0,0.0568392031386,-0.0724016373634,5,743
306,1,6.53239790516,5.0,10.0,0.012012012012,0,0.837161709752,-0.979087224097,5,680
307,1,5.53517399211,3.0,10.0,0.011011011011,0,0.022592908509,0.467395266587,5,748
308,1,2.26095783383,1.0,4.0,0.02002002002,0,-0.801485456229,-0.334585797488,5,131
309,1,8.96822136391,5.0,14.0,0.016016016016,0,1.00709514001,0.946935943881,5,875
310,1,7.25670020176,2.0,16.0,0.019019019019,0,0.746251571525,0.0179454871823,5,763
311,1,6.36827220802,2.0,9.0,0.011011011011,0,0.254395265506,0.605086411501,5,738
312,1,6.29388606009,1.0,10.0,0.013013013013,0,0.682258755541,-0.752890206532,5,524
313,1,5.17408313969,4.0,9.0,0.013013013013,0,0.0231970289511,0.104492052838,5,261
314,1,8.23399829271,8.0,10.0,0.01001001001,0,1.13720452001,-0.177615267311,5,889
315,1,2.06395355024,0.0,4.0,0.018018018018,0,-0.620614417159,-1.07420319828,5,240
316,1,5.05586431249,5.0,8.0,0.012012012012,0,0.0499824691312,-0.0940830949068,5,720
317,1,1.98959981477,0.0,8.0,0.011011011011,0,-1.03516771216,0.0951029512624,5,696
318,1,9.87923292675,8.0,10.0,0.012012012012,0,1.35711901356,0.807875886074,5,813
319,1,4.0354408228,0.0,5.0,0.00900900900901,0,-0.131221878095,-0.570893542917,5,237
320,1,3.93788489373,1.0,4.0,0.022022022022,0,-0.132254545442,-0.665351469948,5,90
321,1,1.47563614526,1.0,6.0,0.01001001001,0,-1.42964921518,0.764583790792,5,242
322,1,3.93302318273,1.0,4.0,0.022022022022,0,-0.117731994077,-0.713780835043,5,202
323,1,1.89820785201,0.0,8.0,0.018018018018,0,-1.25408796231,0.660471738948,5,228
324,1,7.48438519356,4.0,9.0,0.01001001001,0,0.934865404831,-0.320211020929,5,811
325,1,5.29080987222,4.0,7.0,0.012012012012,0,-0.186303795005,0.849721257235,5,379
326,1,5.83961149612,0.0,9.0,0.016016016016,0,0.0893672604084,0.571509714899,5,410
327,1,8.69440147761,1.0,14.0,0.016016016016,0,1.42130031637,-0.569499471491,5,849
328,1,1.62716396137,1.0,9.0,0.011011011011,0,-1.52137013145,1.19127435573,5,476
329,1,2.7185947167,,4.0,0.011011011011,0,-0.91781632878,0.472043703038,5,73
330,1,9.28983757469,8.0,13.0,0.014014014014,0,1.39148624581,0.11537883727,5,870
331,1,3.050212397,,9.0,0.015015015015,0,-0.497156383272,-0.458318453182,5,501
332,1,0.184450641765,,1.0,0.021021021021,0,-1.21180915327,-1.18012189843,5,18
333,1,3.47709629918,3.0,6.0,0.015015015015,0,-0.484946240396,-0.0680649796351,5,279
334,1,4.2076270224,2.0,7.0,0.019019019019,0,-0.143130982285,-0.362980030743,5,282
335,1,8.08583958064,8.0,12.0,0.018018018018,0,0.9797406636,0.146617589839,5,593
336,1,-0.279455347192,,1.0,0.012012012012,0,-2.07166970512,0.935553768159,5,11
337,1,2.0629153268,2.0,5.0,0.01001001001,0,-1.08913601984,0.330323386324,5,449
338,1,5.73241710123,5.0,11.0,0.023023023023,0,0.561626059242,-0.9524610765,5,503
339,1,4.59870143437,4.0,7.0,0.01001001001,0,-0.14029976185,0.0196007199219,5,287
340,1,3.44255167038,3.0,9.0,0.017017017017,0,-0.350185720241,-0.506891168895,5,322
341,1,2.93757534872,1.0,3.0,0.018018018018,0,-0.61128385535,-0.228573085227,5,209
342,1,-0.587262041761,,0.0,0.014014014014,1,-1.60347404552,-0.776839905201,5,35
343,1,8.40073974466,0.0,9.0,0.011011011011,0,1.05762083861,0.227877228815,5,786
344,1,4.54137129133,2.0,6.0,0.014014014014,0,-0.21414281914,0.183799748747,5,432
345,1,4.50563229466,2.0,5.0,0.014014014014,0,-0.343779749944,0.536971544486,5,270
346,0,14.1182758049,12.0,,0.012012012012,0,2.61278249417,1.27992832241,5,720
347,1,3.95123350331,0.0,8.0,0.01001001001,0,-0.331534032707,-0.0541643985726,5,565
348,1,2.56918945206,1.0,5.0,0.014014014014,0,-0.597148389473,-0.639365379518,5,148
349,1,5.6000225224,4.0,10.0,0.011011011011,0,0.32152164056,-0.364542399284,5,773
350,1,8.23198032595,8.0,9.0,0.00900900900901,1,1.16234802447,-0.255063747466,5,900
351,1,8.19113913777,7.0,9.0,0.01001001001,0,0.63424551616,1.28840258929,5,714
352,1,-0.924563668279,,3.0,0.023023023023,0,-1.97423688912,-0.00185300092462,5,109
353,1,5.85908643615,4.0,8.0,0.01001001001,0,0.269766391873,0.0497872605351,5,698
354,1,5.81269859925,1.0,10.0,0.015015015015,0,0.164851670918,0.318143586494,5,733
355,1,6.28801225616,3.0,8.0,0.013013013013,0,0.51185556775,-0.247554447089,5,634
356,1,0.878945966361,,5.0,0.018018018018,0,-1.1327975557,-0.722661366531,5,206
357,1,11.078504821,7.0,15.0,0.016016016016,0,1.96992358333,0.168734070978,5,793
358,1,1.02144053487,1.0,9.0,0.00900900900901,0,-1.2090792413,-0.351321741244,5,616
359,1,6.57786485163,4.0,7.0,0.013013013013,0,0.522359182583,0.0107873038836,5,335
360,1,8.17400491846,6.0,13.0,0.014014014014,0,0.959408513522,0.295779377896,5,827
361,1,5.61902415179,3.0,6.0,0.018018018018,0,0.458754616447,-0.757239697547,5,292
362,1,6.87585765789,4.0,9.0,0.016016016016,0,0.362368595069,0.788751872678,5,450
363,1,0.630904368007,,1.0,0.017017017017,0,-1.34574491491,-0.331860887272,5,15
364,1,3.93810022317,2.0,8.0,0.015015015015,0,-0.335718135145,-0.0547453713962,5,653
365,1,5.53064280297,,7.0,0.012012012012,0,0.0124350339246,0.493337701196,5,462
366,1,4.87478656774,4.0,10.0,0.011011011011,0,-0.156369442868,0.343894896345,5,824
367,1,4.28944978762,,5.0,0.013013013013,0,-0.115831536137,-0.363055603964,5,325
368,1,6.44001274421,3.0,7.0,0.00900900900901,0,0.325966630071,0.462112854,5,606
369,1,7.989349924,2.0,11.0,0.016016016016,0,0.861899361794,0.403651838615,5,648
370,1,5.39201910241,5.0,6.0,0.00800800800801,1,0.145636896002,-0.0448915855901,5,271
371,1,0.234252729046,,7.0,0.011011011011,0,-1.46468144362,-0.371702940082,5,391
372,1,1.22278469626,0.0,7.0,0.01001001001,0,-1.33688852497,0.23345027118,5,376
373,1,4.24920103265,4.0,8.0,0.013013013013,0,-0.272756224036,0.0674697047559,5,588
374,1,2.15695939781,1.0,3.0,0.014014014014,0,-0.739216026777,-0.625392521862,5,123
375,1,2.71028200935,2.0,5.0,0.012012012012,0,-0.371486813182,-1.17525755111,5,152
376,1,6.34802690318,6.0,8.0,0.012012012012,0,0.192748374443,0.769781779851,5,739
377,1,10.6056998492,10.0,12.0,0.012012012012,0,1.78590441795,0.247986595293,5,742
378,1,9.84206939066,9.0,10.0,0.01001001001,1,1.52915482332,0.25460492069,5,804
379,1,5.62393325703,5.0,7.0,0.011011011011,0,0.247255776666,-0.117834072971,5,553
380,1,0.678332461609,,1.0,0.00900900900901,0,-1.05531497412,-1.15572261604,5,65
381,1,7.23965733161,6.0,10.0,0.011011011011,0,0.67518165482,0.214112367149,5,853
382,1,5.40914308858,5.0,7.0,0.01001001001,0,-0.0037654924698,0.420439565992,5,728
383,1,5.33972889768,2.0,15.0,0.016016016016,0,0.254760543729,-0.424552733504,5,627
384,1,4.94921088442,0.0,9.0,0.012012012012,0,0.184807019223,-0.605210173244,5,545
385,1,10.2109424824,8.0,11.0,0.014014014014,0,1.60470366733,0.396831480433,5,518
386,1,4.72107256777,1.0,6.0,0.016016016016,0,-0.304638622799,0.634988436168,5,310
387,1,4.42119736412,1.0,6.0,0.02002002002,0,-0.0700334049519,-0.368702421029,5,288
388,1,1.11749532873,0.0,3.0,0.012012012012,0,-1.01432110098,-0.839541368324,5,259
389,1,7.92550377396,7.0,8.0,0.015015015015,1,0.908482722841,0.200055605438,5,628
390,1,7.6862881296,7.0,12.0,0.016016016016,0,0.862915848866,0.0975405830056,5,694
391,1,8.40409801679,7.0,11.0,0.013013013013,0,1.11727217489,0.052281492119,5,899
392,1,3.52665938971,2.0,6.0,0.012012012012,0,-0.411721569319,-0.238175902331,5,502
393,1,2.57163730868,0.0,8.0,0.014014014014,0,-0.975993702029,0.499618414765,5,671
394,1,3.45198345618,3.0,7.0,0.013013013013,0,-0.307262882956,-0.626227894955,5,482
395,0,10.1894136465,9.0,,0.00900900900901,0,1.70110619621,0.0860950579002,5,370
396,1,10.0485299592,5.0,11.0,0.015015015015,0,1.3841332416,0.896130234412,5,736
397,1,2.71274712594,,9.0,0.015015015015,0,-1.01597346852,0.760667531502,5,649
398,1,6.55711179674,6.0,7.0,0.011011011011,1,0.453267365297,0.197309700854,5,543
399,1,1.90429115637,0.0,6.0,0.018018018018,0,-1.11442702249,0.247572223832,5,302
400,1,0.062104748937,0.0,1.0,0.02002002002,1,-1.64269361549,-0.00981440460544,5,34
401,1,2.01443553953,1.0,4.0,0.01001001001,0,-1.04146260208,0.138823345759,5,139
402,1,7.97067617471,4.0,8.0,0.00900900900901,0,1.01212415481,-0.0656962897297,5,901
403,1,1.02598261982,1.0,2.0,0.01001001001,1,-1.46665411061,0.425944951649,5,59
404,0,9.47426040397,9.0,,0.011011011011,0,1.28172095245,0.629097546615,5,22
405,1,4.60603217788,2.0,5.0,0.011011011011,0,-0.279811122821,0.445465546341,5,180
406,1,6.71791605804,6.0,13.0,0.016016016016,0,0.396447070246,0.528574847299,5,814
407,1,1.51269931654,,5.0,0.012012012012,0,-1.43616215792,0.821185790314,5,263
408,1,-0.526024874727,,0.0,0.016016016016,1,-1.95286334153,0.33256514985,5,27
409,1,3.01262000001,3.0,4.0,0.013013013013,1,-0.77805235985,0.34677707956,5,221
410,1,-1.48615982807,,0.0,0.011011011011,1,-1.90943301102,-0.757860795016,5,2
411,0,11.0457898142,8.0,,0.00800800800801,0,2.0569586078,-0.125086009157,5,231
412,1,6.82643245016,6.0,9.0,0.013013013013,0,0.677787025876,-0.206928627462,5,803
413,0,12.142736318,11.0,,0.012012012012,0,2.4781539371,-0.291725493262,5,416
414,0,10.2262916787,9.0,,0.00900900900901,0,1.9516067717,-0.628528636356,5,292
415,1,7.37186394946,7.0,8.0,0.00900900900901,1,0.908062341335,-0.352323074547,5,864
416,1,2.69559809858,1.0,8.0,0.013013013013,0,-0.699509737089,-0.205872690149,5,701
417,1,4.6421840987,0.0,8.0,0.011011011011,0,0.126823198417,-0.738285496549,5,717
418,1,1.66839313974,1.0,3.0,0.013013013013,0,-1.17878530744,0.204749062057,5,42
419,1,8.00109981416,3.0,11.0,0.014014014014,0,1.02694647467,-0.0797396098443,5,788
420,1,6.56873780715,1.0,8.0,0.014014014014,0,0.482391139581,0.121564388409,5,451
421,1,10.7407685897,6.0,11.0,0.014014014014,0,1.84313745975,0.211356210448,5,704
422,1,2.29131801803,1.0,5.0,0.00900900900901,0,-0.845481808217,-0.172236557323,5,216
423,0,13.8306901437,13.0,,0.016016016016,0,2.40253790135,1.62307643962,5,390
424,0,11.0200830221,11.0,,0.013013013013,0,2.16396470682,-0.471811098327,5,837
425,1,-2.26823907612,,1.0,0.016016016016,0,-2.39511603489,-0.0828909714506,5,140
426,1,5.76406170082,5.0,8.0,0.012012012012,0,0.21572435506,0.116888635643,5,479
427,1,6.22316556164,1.0,10.0,0.01001001001,0,0.361509440523,0.138637240066,5,832
428,1,9.73322244022,2.0,10.0,0.014014014014,0,1.46280120516,0.34481882474,5,685
429,1,6.29180972613,2.0,7.0,0.016016016016,0,0.522155079283,-0.274655511715,5,323
430,1,7.34441804415,2.0,11.0,0.016016016016,0,0.595284038197,0.558565929557,5,574
431,1,10.5211867813,10.0,13.0,0.014014014014,0,1.55782832907,0.847701794116,5,890
432,1,5.48835576051,1.0,6.0,0.01001001001,0,0.20823624774,-0.136352982711,5,296
433,1,5.27000695688,5.0,7.0,0.013013013013,0,0.294111651317,-0.612327997074,5,670
434,1,3.42421118385,1.0,6.0,0.016016016016,0,-0.569181357379,0.13175525599,5,337
435,1,4.82220420095,3.0,8.0,0.011011011011,0,-0.0645839847687,0.0159561552606,5,686
436,1,3.99452544473,0.0,10.0,0.013013013013,0,-0.369133732206,0.101926641353,5,795
437,1,6.07676971339,4.0,11.0,0.012012012012,0,0.422177759563,-0.189763565299,5,752
438,1,6.39673075515,3.0,7.0,0.012012012012,0,0.569035398544,-0.310375440487,5,505
439,1,7.93428191309,7.0,9.0,0.00900900900901,0,0.769800272496,0.624881095601,5,791
440,1,7.39554634926,7.0,8.0,0.012012012012,1,0.646613782872,0.455705000644,5,663
441,1,2.71585664371,,4.0,0.01001001001,0,-0.717352759773,-0.132085076968,5,155
442,1,2.36358054728,1.0,6.0,0.00900900900901,0,-0.691179262234,-0.562881666023,5,415
443,1,6.00834094703,6.0,7.0,0.011011011011,1,0.0280450800474,0.924205706892,5,494
444,1,5.59909893452,2.0,6.0,0.00900900900901,0,0.133312515501,0.199161388013,5,612
445,1,5.93783799295,4.0,14.0,0.016016016016,0,0.366183458123,-0.160712381424,5,681
446,1,4.05357546369,4.0,10.0,0.013013013013,0,-0.577323908916,0.785547190442,5,615
447,1,1.87154068735,,2.0,0.01001001001,0,-0.844106572863,-0.596139594062,5,86
448,1,6.294971184,6.0,7.0,0.014014014014,1,0.453391970376,-0.0652047271323,5,610
449,1,8.38140088187,5.0,9.0,0.011011011011,0,1.50161089136,-1.12343179221,5,672
450,1,7.32160673098,5.0,8.0,0.016016016016,0,0.976877874244,-0.609026891748,5,385
451,1,3.20573900504,0.0,8.0,0.013013013013,0,-0.505322997649,-0.278292002018,5,402
452,1,7.51319195546,5.0,9.0,0.011011011011,0,1.06258249314,-0.674555523969,5,677
453,1,2.9503616787,2.0,4.0,0.00900900900901,0,-0.397604050454,-0.856826169936,5,198
454,1,0.207679272471,,6.0,0.014014014014,0,-1.52965052047,-0.20336916613,5,452
455,1,2.91355377994,2.0,8.0,0.013013013013,0,-0.571342740242,-0.372417999334,5,635
456,1,10.6639605461,10.0,12.0,0.014014014014,0,1.90592187426,-0.0538050766311,5,821
457,1,1.93654551638,0.0,9.0,0.017017017017,0,-0.844985923174,-0.528496714099,5,381
458,1,6.28824195077,6.0,8.0,0.011011011011,0,0.243801046691,0.556838810694,5,509
459,1,4.4651655271,4.0,8.0,0.022022022022,0,-0.411762855115,0.700454092441,5,366
460,1,6.42031413514,6.0,7.0,0.013013013013,1,0.593254839636,-0.359450383765,5,365
461,1,-3.20331228418,,0.0,0.012012012012,1,-2.59319922556,-0.423714607509,5,12
462,1,8.00931158623,8.0,12.0,0.013013013013,0,1.05742964078,-0.162977336124,5,851
463,1,9.47350361736,9.0,10.0,0.011011011011,1,1.58629883299,-0.285392881609,5,852
464,1,7.30480999602,4.0,9.0,0.00900900900901,0,0.412372768058,1.06769169184,5,507
465,1,3.61594901374,2.0,9.0,0.00900900900901,0,-0.169068344188,-0.876845953699,5,747
466,1,4.42912098549,1.0,8.0,0.00800800800801,0,-0.216021823284,0.0771864553377,5,784
467,1,2.1993381851,0.0,4.0,0.011011011011,0,-0.647123946666,-0.859289974899,5,313
468,1,4.19158503584,2.0,5.0,0.011011011011,0,-0.0685643663891,-0.602721864996,5,217
469,1,6.06584775925,5.0,7.0,0.01001001001,0,0.369769213613,-0.0434598815896,5,495
470,1,5.45167844287,4.0,8.0,0.011011011011,0,0.29211707181,-0.424672772559,5,566
471,1,5.25327469828,4.0,6.0,0.00900900900901,0,0.159481747347,-0.225170543758,5,358
472,1,2.51168726736,2.0,3.0,0.012012012012,1,-0.901530800362,0.216279668449,5,329
473,1,7.60648640785,7.0,9.0,0.012012012012,0,0.774619496917,0.2826279171,5,881
474,1,7.66950468238,6.0,8.0,0.00800800800801,0,0.90648353325,-0.0499459173657,5,789
475,1,5.33301751665,5.0,7.0,0.00800800800801,0,0.153150032413,-0.126432580593,5,687
476,1,7.30810559786,7.0,8.0,0.00900900900901,1,0.812487758652,-0.129357678095,5,888
477,1,3.10445171729,1.0,9.0,0.01001001001,0,-0.750057726316,0.354624896236,5,529
478,0,10.3467871626,10.0,,0.01001001001,0,1.71366213409,0.20580076037,5,834
479,1,7.35792729213,7.0,8.0,0.01001001001,1,0.852320238347,-0.199033422911,5,706
480,1,9.41240162256,7.0,11.0,0.014014014014,0,1.53143057836,-0.181890112519,5,879
481,1,9.21837861354,7.0,12.0,0.014014014014,0,1.34571747725,0.181226181796,5,892
482,1,0.392572896241,0.0,2.0,0.00900900900901,0,-1.37956903482,-0.468719999302,5,33
483,1,3.04615945341,0.0,7.0,0.01001001001,0,-0.446692816223,-0.613762097918,5,489
484,0,9.42646651071,7.0,,0.00800800800801,0,1.34859356648,0.380685811268,5,549
485,1,3.22319237858,3.0,13.0,0.013013013013,0,-0.535911724155,-0.169072448957,5,772
486,1,-0.364032842735,,1.0,0.013013013013,0,-1.54448535599,-0.730576774764,5,23
487,1,4.73872277879,3.0,6.0,0.014014014014,0,-0.0993949720666,0.0369076949947,5,341
488,1,6.41666859614,2.0,9.0,0.01001001001,0,0.373156329251,0.297199608392,5,654
489,1,7.92733807844,7.0,8.0,0.012012012012,1,1.30658087014,-0.992404531985,5,483
490,1,6.89996545372,1.0,7.0,0.00900900900901,0,0.515452149669,0.353609004711,5,364
491,1,8.49869284481,7.0,9.0,0.01001001001,0,1.1082489153,0.173946098904,5,758
492,1,1.31101854995,0.0,3.0,0.014014014014,0,-0.925949199305,-0.911133852135,5,102
493,1,5.95934840037,3.0,6.0,0.015015015015,0,0.0546907017644,0.795276295076,5,544
494,1,1.07623612286,1.0,3.0,0.012012012012,0,-1.46720346888,0.477846529504,5,96
495,1,8.2019664936,6.0,9.0,0.013013013013,0,1.05834616817,0.0269279890883,5,485
496,1,-1.24882609141,,0.0,0.011011011011,1,-2.16139736591,0.235366006306,5,9
497,1,9.23037196506,3.0,10.0,0.012012012012,0,1.40419398175,0.0177900198252,5,794
498,1,4.05491793337,1.0,6.0,0.012012012012,0,-0.264715068123,-0.150936862258,5,375
499,1,6.08559181915,6.0,8.0,0.01001001001,0,0.0155841957589,1.03883923187,5,765
500,1,6.79795804833,6.0,7.0,0.00800800800801,1,0.679474976576,-0.240466881403,5,845
501,0,8.50574973149,8.0,,0.00800800800801,0,1.20891448667,-0.120993728507,5,800
502,1,7.80582976833,6.0,8.0,0.01001001001,0,0.871453830906,0.191468275607,5,846
503,1,4.97780371547,3.0,5.0,0.01001001001,0,-0.0226695376784,0.0458123285081,5,387
504,1,3.13993938157,1.0,5.0,0.013013013013,0,-0.499249172601,-0.362313100627,5,157
505,1,9.45460605675,9.0,11.0,0.011011011011,0,1.5108029054,-0.0778026594409,5,915
506,1,7.27031809177,6.0,9.0,0.00900900900901,0,0.579731738445,0.53112287644,5,918
507,1,3.81629009891,,7.0,0.014014014014,0,-0.261355039191,-0.399644783514,5,393
508,0,9.05874954287,9.0,,0.01001001001,0,1.36319728461,-0.0308423109476,5,248
509,1,0.371306116732,,1.0,0.01001001001,0,-1.64039098742,0.292479078995,5,32
510,1,6.01445595742,6.0,8.0,0.01001001001,0,0.148154440189,0.569992636852,5,617
511,0,9.59886230341,7.0,,0.00800800800801,0,1.17921433675,1.06121929315,5,334
512,1,3.58502316972,3.0,4.0,0.015015015015,1,-0.596041924381,0.373148942863,5,231
513,1,6.07857312845,,8.0,0.011011011011,0,0.483661856982,-0.372412442497,5,541
514,1,4.16898710348,0.0,7.0,0.01001001001,0,-0.196663777545,-0.241021563885,5,357
515,1,4.31009817989,,6.0,0.01001001001,0,-0.499866635798,0.809698087281,5,668
516,1,2.99731932687,2.0,3.0,0.013013013013,1,-0.802609377519,0.405147459427,5,98
517,1,8.90367500149,6.0,9.0,0.011011011011,0,1.27879800838,0.0672809763583,5,641
518,1,2.3548572381,,11.0,0.015015015015,0,-0.876597117745,-0.015351408665,5,740
519,1,7.98340686113,7.0,8.0,0.00900900900901,1,1.28211714067,-0.862944560869,5,754
520,1,6.56142869657,4.0,11.0,0.011011011011,0,0.504807624988,0.0470058216018,5,822
521,1,6.55224969053,6.0,7.0,0.01001001001,1,0.426027259713,0.274167911385,5,531
522,1,8.73774073307,8.0,9.0,0.00900900900901,1,1.32600724111,-0.240280990258,5,902
523,1,3.11135116994,3.0,4.0,0.01001001001,1,-0.512305918035,-0.351731075959,5,248
524,1,4.76936925791,0.0,9.0,0.015015015015,0,-0.138567072048,0.18507047405,5,174
525,1,7.22791027069,7.0,8.0,0.011011011011,1,0.361803426897,1.14249999,5,775
526,1,-0.580430585799,,0.0,0.011011011011,1,-2.01785499864,0.47313441011,5,4
527,1,6.61215337243,6.0,10.0,0.013013013013,0,0.565433098283,-0.0841459224161,5,802
528,1,2.473755346,1.0,6.0,0.013013013013,0,-0.536607841362,-0.916421129914,5,361
529,1,4.41446962245,3.0,9.0,0.013013013013,0,-0.134328876292,-0.182543748671,5,697
530,1,3.72219748372,2.0,7.0,0.011011011011,0,-0.389175200054,-0.110276916116,5,560
531,1,4.48610950462,0.0,5.0,0.011011011011,0,0.190773190515,-1.08621006692,5,567
532,1,4.00195058598,2.0,10.0,0.011011011011,0,-0.167466633371,-0.495649513911,5,382
533,1,1.72698852124,0.0,3.0,0.011011011011,0,-1.15813351175,0.201389056485,5,235
534,1,6.96579817191,6.0,8.0,0.011011011011,0,0.50903272576,0.438699994634,5,414
535,1,8.6434881476,8.0,9.0,0.00900900900901,1,1.1105304814,0.311896703399,5,859
536,1,5.3591854885,4.0,6.0,0.013013013013,0,0.421891865775,-0.906490108824,5,401
537,1,4.02889593143,2.0,5.0,0.00900900900901,0,-0.340623833494,0.050767431913,5,176
538,1,6.39141639864,2.0,7.0,0.00900900900901,0,0.128488048101,1.00595225434,5,473
539,1,5.44726638039,3.0,10.0,0.011011011011,0,0.057517274877,0.274714555757,5,823
540,1,7.94710486217,2.0,9.0,0.011011011011,0,1.04580786666,-0.190318737795,5,689
541,1,-4.14077957425,,0.0,0.00800800800801,1,-3.13147001652,0.253630475313,5,25
542,1,1.36427718689,1.0,4.0,0.011011011011,0,-1.37142081929,0.478539644769,5,372
543,1,3.24232643579,0.0,4.0,0.00800800800801,0,-0.874760953678,0.866609296821,5,319
544,1,7.31580377697,7.0,8.0,0.012012012012,1,0.718507426769,0.160281496665,5,623
545,1,5.6556879933,4.0,6.0,0.012012012012,0,0.0692329091006,0.447989265997,5,280
546,1,3.38923903829,1.0,4.0,0.01001001001,0,-0.752890760098,0.647911318579,5,246
547,1,2.33486912503,0.0,3.0,0.01001001001,0,-0.954142355069,0.197296190242,5,190
548,1,7.2287465865,7.0,8.0,0.013013013013,1,0.575578444009,0.502011254469,5,861
549,1,3.55557918314,1.0,8.0,0.00900900900901,0,-0.884406817189,1.20879963471,5,895
550,0,10.0382897592,9.0,,0.00900900900901,0,1.63474794796,0.134045915312,5,865
551,1,2.20759550539,1.0,3.0,0.011011011011,0,-0.905376619301,-0.076274636711,5,94
552,1,9.8866660693,8.0,10.0,0.011011011011,0,1.66979567151,-0.122720945235,5,722
553,1,6.9427707473,0.0,7.0,0.016016016016,0,0.437897460695,0.629078365219,5,291
554,1,5.57106749007,5.0,6.0,0.00900900900901,1,-0.324252426896,1.54382477076,5,695
555,1,5.97017380617,5.0,6.0,0.011011011011,1,0.632064727379,-0.926020375965,5,594
556,0,8.39461713569,8.0,,0.00800800800801,0,0.661638437077,1.40970182446,5,722
557,1,7.55660948916,6.0,8.0,0.011011011011,0,0.692162979521,0.4801205506,5,535
558,1,7.88880013959,6.0,8.0,0.00900900900901,0,1.0008558541,-0.113767422721,5,837
559,1,2.96026598501,0.0,4.0,0.00900900900901,0,-0.738804794079,0.176680367244,5,243
560,1,-0.713933695165,,0.0,0.00900900900901,1,-1.7549228972,-0.449165003563,5,10
561,0,14.2670245005,10.0,,0.01001001001,0,2.82153161594,0.802429652701,5,523
562,1,-1.31313530268,,6.0,0.011011011011,0,-2.12006404119,0.0470568208889,5,142
563,1,5.24403596357,5.0,6.0,0.00900900900901,1,-0.189884867261,0.813690565349,5,620
564,1,6.43781129771,1.0,12.0,0.014014014014,0,0.684853628818,-0.616749588746,5,669
565,1,2.30652527103,2.0,6.0,0.00900900900901,0,-0.860116905059,-0.113124013795,5,459
566,1,7.07590969224,3.0,8.0,0.01001001001,0,0.719812451168,-0.0835276612612,5,455
567,1,5.92765977132,3.0,7.0,0.011011011011,0,0.196312303343,0.338722861288,5,249
568,1,2.68859847027,1.0,3.0,0.011011011011,0,-0.870167209748,0.299100099511,5,100
569,1,9.04175024979,7.0,10.0,0.01001001001,0,1.37847143722,-0.0936640618742,5,887
570,1,6.21935461506,6.0,8.0,0.00900900900901,0,0.577436847848,-0.512955928482,5,590
571,1,3.85546481298,1.0,4.0,0.00900900900901,0,-0.27965419414,-0.305572604599,5,197
572,1,5.06294974045,5.0,8.0,0.012012012012,0,-0.105088762756,0.378216028721,5,761
573,1,5.09325365693,5.0,6.0,0.00800800800801,1,0.0416203865308,-0.0316075026648,5,527
574,1,5.91275808966,4.0,8.0,0.00900900900901,0,0.382738163445,-0.235456400674,5,816
575,1,2.11852902548,1.0,7.0,0.01001001001,0,-0.651462073917,-0.927084752773,5,662
576,1,3.76371092729,,7.0,0.01001001001,0,-0.685822845138,0.821179462703,5,659
577,1,7.92990127868,6.0,10.0,0.012012012012,0,1.11067794342,-0.402132551585,5,796
578,1,1.9719834868,,6.0,0.011011011011,0,-0.791042836982,-0.654888002255,5,683
579,1,4.15144687161,,5.0,0.01001001001,0,-0.0690546646092,-0.641389134561,5,201
580,1,5.17256471359,4.0,6.0,0.00900900900901,0,-0.122134304259,0.538967626373,5,457
581,1,5.23037957198,,7.0,0.012012012012,0,0.181923607075,-0.315391249245,5,453
582,1,6.33959055137,4.0,8.0,0.00800800800801,0,0.56386462596,-0.352003326507,5,637
583,1,0.282913081726,0.0,5.0,0.00900900900901,0,-1.59718439503,0.0744662668149,5,181
584,0,12.8592768318,11.0,,0.012012012012,0,2.54866803848,0.213272716357,5,871
585,1,3.74132810338,2.0,8.0,0.012012012012,0,-0.554787376041,0.405690231507,5,655
586,1,2.86239634444,2.0,3.0,0.00800800800801,1,-0.488674284365,-0.671580802467,5,247
587,1,5.76391867446,5.0,7.0,0.012012012012,0,0.196439902326,0.174598967484,5,433
588,1,6.86608636862,,8.0,0.012012012012,0,0.745620032053,-0.370773727542,5,584
589,1,4.12067124338,2.0,5.0,0.00900900900901,0,-0.285743114376,-0.0220994134924,5,368
590,0,9.8314835541,8.0,,0.00800800800801,0,1.51042001877,0.300223497796,5,564
591,1,4.39155318848,0.0,9.0,0.00900900900901,0,-0.145489947706,-0.171976968404,5,755
592,1,8.39906549533,7.0,9.0,0.01001001001,0,1.2766372101,-0.430846134971,5,809
593,1,5.09974326813,5.0,7.0,0.00900900900901,0,0.281080644338,-0.743498664883,5,546
594,1,3.59230427499,2.0,4.0,0.01001001001,0,-0.329462664061,-0.419307732829,5,191
595,1,1.2825163557,0.0,3.0,0.00800800800801,0,-0.986920322856,-0.756722675733,5,343
596,1,10.6693994387,8.0,12.0,0.014014014014,0,1.73666344814,0.459409094285,5,756
597,1,2.10147085473,2.0,6.0,0.00800800800801,0,-0.861255408843,-0.314762918739,5,330
598,1,5.69935956921,3.0,8.0,0.00900900900901,0,0.0459700190411,0.561449512082,5,792
599,1,7.62994337633,5.0,8.0,0.00900900900901,0,0.92805901832,-0.154233678627,5,903
600,1,9.40041109524,7.0,10.0,0.011011011011,0,1.27109466673,0.587127095049,5,909
601,1,6.71325580652,6.0,9.0,0.013013013013,0,0.549838358555,0.0637407308578,5,650
602,1,6.47371828223,6.0,8.0,0.00900900900901,0,0.448073652618,0.12949732438,5,867
603,0,10.7845505605,9.0,,0.00900900900901,0,1.78950405477,0.416038396225,5,929
604,1,6.59169928329,4.0,7.0,0.00900900900901,0,0.413797987946,0.350305319458,5,771
605,1,7.58856614139,6.0,8.0,0.01001001001,0,0.898866233856,-0.108032560178,5,598
606,1,5.48008211997,0.0,10.0,0.01001001001,0,0.17594130571,-0.0477417971563,5,783
607,0,9.20805898336,8.0,,0.00800800800801,0,1.49969156631,-0.291015715578,5,281
608,1,7.03025981701,7.0,10.0,0.01001001001,0,0.791912900748,-0.345478885236,5,800
609,1,4.18217655264,2.0,7.0,0.00800800800801,0,-0.349337225312,0.23018822857,5,563
610,1,3.24147186555,1.0,6.0,0.01001001001,0,-0.313235846056,-0.818820596284,5,445
611,1,5.40978563973,3.0,6.0,0.00900900900901,0,0.140169110082,-0.0107216905183,5,456
612,1,1.48436256874,,3.0,0.012012012012,0,-1.35726677746,0.556162901106,5,225
613,1,0.63681873033,0.0,4.0,0.01001001001,0,-1.26273279656,-0.574982879987,5,194
614,1,9.26829751588,9.0,10.0,0.011011011011,1,1.26693472833,0.467493330891,5,828
615,0,9.55272229166,8.0,,0.00900900900901,0,1.51898344136,-0.00422803241498,5,8
616,1,0.683168454355,0.0,1.0,0.011011011011,1,-1.2685762491,-0.511102798343,5,88
617,1,1.98153514463,,2.0,0.00900900900901,0,-1.39484389723,1.16606683631,5,144
618,1,9.42781538582,9.0,11.0,0.012012012012,0,1.31586645085,0.480216033261,5,810
619,1,5.66330322725,3.0,6.0,0.011011011011,0,0.230828302937,-0.0291816815596,5,474
620,1,3.67698512495,3.0,4.0,0.00900900900901,1,-0.323736472446,-0.351805457707,5,215
621,1,9.30312993935,5.0,10.0,0.01001001001,0,1.55016900366,-0.347377071636,5,834
622,0,11.3729037774,8.0,,0.00900900900901,0,2.21804302936,-0.281225310641,5,696
623,1,2.96362508928,2.0,8.0,0.01001001001,0,-0.569964618132,-0.326481056323,5,762
624,1,5.06878446273,4.0,7.0,0.00800800800801,0,-0.0261208871225,0.147147124097,5,506
625,1,3.17843289111,,5.0,0.01001001001,0,-0.373139330864,-0.702149116295,5,241
626,0,9.29660817508,8.0,,0.00800800800801,0,1.57277495833,-0.4217166999,5,172
627,1,5.50628667277,1.0,10.0,0.012012012012,0,0.00261779117957,0.498433299234,5,629
628,1,5.59702605776,5.0,7.0,0.00900900900901,0,0.287560705669,-0.265656059252,5,711
629,0,9.04901453927,8.0,,0.00800800800801,0,1.38624047046,-0.109706872118,5,469
630,1,2.54177992495,2.0,4.0,0.011011011011,0,-0.644875582119,-0.523593328694,5,383
631,1,2.1096150524,0.0,3.0,0.01001001001,0,-0.854696044553,-0.326296813936,5,504
632,1,3.47377955717,2.0,8.0,0.012012012012,0,-0.336052273729,-0.518063621647,5,572
633,1,7.79381617902,7.0,8.0,0.00900900900901,1,0.902419825643,0.086556702089,5,907
634,1,-0.390569111833,,3.0,0.015015015015,0,-1.63483486415,-0.486064519394,5,111
635,0,11.8381377165,10.0,,0.01001001001,0,2.44308009372,-0.491102564669,5,546
636,1,1.49555811651,,3.0,0.00800800800801,0,-1.12425466381,-0.13167789207,5,167
637,1,4.33362822524,4.0,5.0,0.00800800800801,1,-0.216230907603,-0.0176790519519,5,579
638,1,5.50452450777,,7.0,0.00900900900901,0,0.19891998787,-0.0922354558433,5,427
639,1,1.16981564832,0.0,9.0,0.012012012012,0,-1.31214502568,0.106250725361,5,715
640,1,3.85221746806,1.0,4.0,0.011011011011,0,-0.340627043845,-0.125901400405,5,336
641,1,2.50792131018,1.0,5.0,0.00900900900901,0,-0.741928039332,-0.266294571824,5,289
642,0,9.87082040021,9.0,,0.01001001001,0,1.60161100708,0.0659873789658,5,414
643,1,1.76876233081,0.0,4.0,0.00900900900901,0,-0.983541824461,-0.280612195805,5,236
644,1,4.82709280928,0.0,13.0,0.013013013013,0,-0.159947124937,0.306934184095,5,891
645,1,0.84020305629,0.0,3.0,0.00900900900901,0,-1.40403661451,0.0523128998162,5,377
646,1,1.88641633175,1.0,8.0,0.00900900900901,0,-1.11651503372,0.235961432914,5,500
647,1,2.14571314548,0.0,3.0,0.00900900900901,0,-0.799167541267,-0.456784230714,5,175
648,1,7.62243157826,7.0,10.0,0.011011011011,0,0.778606685409,0.286611522036,5,666
649,1,-1.22754726051,,0.0,0.00900900900901,1,-1.87832489573,-0.59257257331,5,5
650,1,6.60314704814,4.0,7.0,0.011011011011,0,0.433953284159,0.301287195668,5,477
651,1,4.63264540158,2.0,8.0,0.00800800800801,0,-0.00359252583188,-0.356577020921,5,774
652,0,8.80605504415,8.0,,0.00800800800801,0,1.20522559985,0.190378244606,5,378
653,1,5.30938293097,3.0,7.0,0.011011011011,0,0.0938913953651,0.0277087448736,5,658
654,1,2.82227170658,1.0,3.0,0.012012012012,0,-0.650501170101,-0.226224783116,5,161
655,1,3.17085840701,3.0,11.0,0.012012012012,0,-0.629551970508,0.0595143185348,5,826
656,1,5.52647753657,3.0,6.0,0.00900900900901,0,0.398502037001,-0.669028574437,5,688
657,1,4.53709661626,4.0,5.0,0.011011011011,1,-0.324072073257,0.509312836034,5,311
658,1,3.50617630699,3.0,6.0,0.01001001001,0,-0.581802159684,0.251582786036,5,386
659,1,7.35488015089,6.0,9.0,0.01001001001,0,1.0774428335,-0.877448349603,5,858
660,1,0.601230067428,0.0,4.0,0.01001001001,0,-1.47047421399,0.0126527094124,5,350
661,1,2.48545692117,1.0,4.0,0.00900900900901,0,-0.993829700207,0.466946021792,5,597
662,1,7.05587565333,6.0,9.0,0.011011011011,0,0.527168421678,0.474370388297,5,713
663,1,4.74822392068,4.0,8.0,0.01001001001,0,-0.247296182088,0.490112466946,5,682
664,1,3.07438525566,1.0,7.0,0.01001001001,0,-0.814618281582,0.5182401004,5,442
665,1,6.74060098228,6.0,7.0,0.01001001001,1,0.247029719926,0.999511822498,5,727
666,1,2.09562164773,0.0,3.0,0.00900900900901,0,-0.964594344483,-0.0105953188199,5,141
667,1,4.35958514731,4.0,5.0,0.011011011011,1,-0.140807685233,-0.217991796988,5,253
668,1,-0.842819291699,,1.0,0.00800800800801,0,-1.73750435164,-0.630306236781,5,22
669,1,3.59725313807,,7.0,0.00800800800801,0,-0.26535144759,-0.606692519165,5,430
670,0,8.57912840812,7.0,,0.00800800800801,0,1.20675560424,-0.0411384046016,5,879
671,1,2.905930697,2.0,8.0,0.00900900900901,0,-0.691965218412,-0.0181736477634,5,642
672,1,5.73559201808,2.0,6.0,0.00800800800801,0,0.0854033376093,0.479382005248,5,301
673,1,4.13761416291,,9.0,0.012012012012,0,-0.500350871173,0.638666776425,5,602
674,1,7.78627227422,7.0,8.0,0.00800800800801,1,0.85247684418,0.228841741677,5,893
675,1,5.48264719961,5.0,8.0,0.00900900900901,0,0.0351541105296,0.377184868018,5,558
676,1,6.05556509929,6.0,7.0,0.012012012012,1,0.35938902997,-0.0226019906237,5,487
677,1,4.14094709795,2.0,8.0,0.00900900900901,0,-0.370950269928,0.253797907735,5,576
678,1,4.75288237742,,8.0,0.012012012012,0,-0.0550877300796,-0.0818544323387,5,411
679,1,4.03920791458,4.0,6.0,0.011011011011,0,-0.602603080063,0.847017154768,5,486
680,0,9.01581546384,9.0,,0.00900900900901,0,1.52092675831,-0.546964811093,5,182
681,0,10.8731822196,10.0,,0.011011011011,0,1.99618513162,-0.115373175237,5,889
682,1,5.06763016946,5.0,6.0,0.00900900900901,1,0.0253548915456,-0.00843450517768,5,673
683,1,2.38856562757,0.0,8.0,0.00900900900901,0,-0.933903001455,0.190274631933,5,436
684,1,5.40434900863,0.0,7.0,0.00900900900901,0,0.141491257097,-0.0201247626653,5,416
685,1,2.15920492545,2.0,9.0,0.011011011011,0,-0.9704796784,0.0706439606543,5,790
686,1,6.2450537007,5.0,7.0,0.00800800800801,0,0.67243481808,-0.772250753536,5,787
687,1,7.57758978099,1.0,8.0,0.00800800800801,0,0.595692652848,0.790511822449,5,678
688,1,2.85315373142,0.0,5.0,0.00900900900901,0,-0.536358490501,-0.537770797073,5,260
689,1,8.38210055635,8.0,9.0,0.01001001001,1,0.980624551376,0.440226902222,5,917
690,1,3.42538569725,,5.0,0.01001001001,0,-0.612206007787,0.262003720612,5,207
691,1,7.31946669276,6.0,8.0,0.00900900900901,0,0.840319147208,-0.201490748862,5,908
692,1,4.49619339468,2.0,10.0,0.01001001001,0,-0.304550199458,0.409843993057,5,894
693,1,3.3654499508,3.0,5.0,0.00800800800801,0,-0.548695564827,0.0115366452857,5,227
694,1,3.84274762271,3.0,10.0,0.013013013013,0,-0.412664438296,0.0807409375996,5,559
695,1,4.49522708573,1.0,5.0,0.01001001001,0,-0.342979497793,0.524165579112,5,513
696,1,1.8047022779,0.0,2.0,0.00900900900901,0,-1.1485946096,0.250486106706,5,78
697,1,7.11569331253,6.0,8.0,0.00800800800801,0,0.632154748598,0.219229066734,5,815
698,1,3.80312958299,3.0,7.0,0.01001001001,0,-0.427422173887,0.0853961046501,5,460
699,1,5.6956210513,4.0,6.0,0.00900900900901,0,0.282876683285,-0.153008998555,5,438
700,1,2.72537067894,0.0,5.0,0.01001001001,0,-0.705445490027,-0.158292850975,5,262
701,0,10.1157273533,8.0,,0.00800800800801,0,1.76845657491,-0.189642371372,5,622
702,1,4.13175926236,4.0,6.0,0.00800800800801,0,0.0548821788127,-1.03288727408,5,443
703,1,4.91188703596,4.0,5.0,0.00900900900901,1,-0.0581091249758,0.0862144108852,5,351
704,1,5.73000459881,,6.0,0.00900900900901,0,0.33872006348,-0.28615559163,5,230
705,1,5.21026536069,5.0,7.0,0.01001001001,0,0.203967435737,-0.401636946525,5,785
706,1,2.31904480897,0.0,3.0,0.00900900900901,0,-0.868193546226,-0.0763745523528,5,76
707,1,3.9284743416,2.0,4.0,0.011011011011,0,-0.65900868481,0.905500396034,5,149
708,1,-1.03955015867,,1.0,0.00800800800801,0,-1.77804830732,-0.705405236707,5,7
709,1,4.08787082267,3.0,7.0,0.011011011011,0,-0.345538786637,0.124487182577,5,472
710,1,8.14138624676,8.0,10.0,0.01001001001,0,1.26726466091,-0.660407735959,5,863
711,1,8.7138441387,8.0,9.0,0.00900900900901,1,1.24993376437,-0.035957154425,5,886
712,1,5.8389007844,4.0,6.0,0.00900900900901,0,0.220778614896,0.176564939706,5,397
713,1,-0.618265462139,,4.0,0.01001001001,0,-1.68656563193,-0.55856856634,5,286
714,1,5.60069345005,,7.0,0.01001001001,0,0.0472064707245,0.459074037876,5,395
715,1,3.07955653677,0.0,8.0,0.01001001001,0,-0.523895448463,-0.348757117844,5,577
716,1,1.51715193859,0.0,3.0,0.00900900900901,0,-1.46832739103,0.922134111664,5,135
717,1,4.46585077082,3.0,7.0,0.00900900900901,0,-0.349953735392,0.515711976998,5,731
718,0,9.53388354493,9.0,,0.00900900900901,0,1.28961216768,0.665047041874,5,618
719,1,-0.251096995136,,0.0,0.00900900900901,1,-1.6485847857,-0.305342638031,5,6
720,1,-1.40885624227,,2.0,0.00900900900901,0,-2.04199720545,-0.282864625912,5,165
721,1,4.77446890031,3.0,6.0,0.00900900900901,0,0.0948245301459,-0.510004690123,5,575
722,0,8.5689218427,8.0,,0.00900900900901,0,1.36109698978,-0.514369126623,5,145
723,1,2.09754833612,,8.0,0.012012012012,0,-0.973724785997,0.0187226941097,5,580
724,1,3.18222078494,2.0,5.0,0.00900900900901,0,-0.511858561595,-0.282203530278,5,549
725,0,7.18175976085,7.0,,0.00800800800801,0,0.617612254929,0.328922996061,5,17
726,1,6.93011953036,6.0,8.0,0.01001001001,0,0.54606535994,0.291923450537,5,712
727,1,8.95863794501,8.0,9.0,0.011011011011,1,1.39491380493,-0.226103469778,5,737
728,1,6.18448505936,6.0,8.0,0.00800800800801,0,0.519035650212,-0.37262189128,5,830
729,1,2.56731942218,,4.0,0.011011011011,0,-0.826880079451,0.0479596605368,5,193
730,1,5.48983144766,5.0,8.0,0.011011011011,0,0.190766157193,-0.0824670239248,5,782
731,1,-0.500916114329,,0.0,0.00900900900901,1,-1.41171569045,-1.26576904297,5,41
732,1,3.39827520133,1.0,6.0,0.00800800800801,0,-0.330621222045,-0.609861132535,5,607
733,1,5.19525070936,4.0,8.0,0.00900900900901,0,0.204879907995,-0.419389014624,5,776
734,1,6.80850565818,3.0,7.0,0.00800800800801,0,0.428902484903,0.521798203467,5,622
735,1,7.81446289754,7.0,9.0,0.011011011011,0,1.01234138009,-0.222561242723,5,856
736,1,7.37556313929,5.0,8.0,0.00800800800801,0,0.655136529763,0.410153550002,5,916
737,1,3.2485013309,1.0,6.0,0.01001001001,0,-0.389842265299,-0.581971873204,5,355
738,1,6.32753066514,5.0,8.0,0.014014014014,0,0.123299581603,0.957631920337,5,721
739,1,0.533121183163,,2.0,0.00900900900901,0,-1.26607590888,-0.668651090205,5,70
740,1,5.58076978882,4.0,6.0,0.00800800800801,0,0.0799343565905,0.34096671905,5,878
741,1,1.85422341413,1.0,2.0,0.00900900900901,1,-1.1499377359,0.304036621821,5,106
742,0,9.85464840974,9.0,,0.00900900900901,0,1.77100074389,-0.458353821917,5,503
743,1,4.58355116201,4.0,5.0,0.00900900900901,1,-0.0190171490901,-0.35939739072,5,421
744,1,1.17646251112,,9.0,0.01001001001,0,-0.951007517391,-0.970514936708,5,674
745,1,8.2540899909,5.0,9.0,0.00900900900901,0,1.0923172492,-0.0228617566972,5,911
746,0,8.54689272618,8.0,,0.00900900900901,0,1.29490055076,-0.337808926104,5,704
747,1,7.43459104312,7.0,8.0,0.00800800800801,1,0.583830689736,0.683098973912,5,808
748,1,9.30187637956,9.0,10.0,0.01001001001,1,1.05036561814,1.15077952514,5,750
749,1,-0.513892173176,,0.0,0.00900900900901,1,-1.86082285135,0.0685763808791,5,36
750,1,3.21808479849,0.0,7.0,0.00900900900901,0,-0.741158454754,0.44156016275,5,613
751,1,5.31256134288,3.0,8.0,0.00900900900901,0,0.11840686287,-0.0426592457311,5,699
752,1,1.60997470835,,4.0,0.00900900900901,0,-1.15604502633,0.0781097873425,5,298
753,0,11.0575682051,9.0,,0.00900900900901,0,2.04955961218,-0.091110631431,5,472
754,0,10.166572564,9.0,,0.01001001001,0,1.85304435057,-0.392560487734,5,264
755,0,10.1416699002,8.0,,0.00900900900901,0,1.49810843488,0.647344595611,5,574
756,1,2.00576808936,0.0,6.0,0.00900900900901,0,-0.849716472572,-0.445082492921,5,626
757,0,8.04223360577,8.0,,0.00900900900901,0,1.07456368378,-0.181457445577,5,573
758,1,2.35947249636,0.0,7.0,0.011011011011,0,-0.916069469473,0.107680904782,5,338
759,1,4.58733948847,1.0,6.0,0.00800800800801,0,-0.125411966696,-0.0364246114424,5,423
760,1,5.03135278795,4.0,7.0,0.00800800800801,0,-0.0208941953122,0.094035373886,5,797
761,0,9.3025750827,8.0,,0.00800800800801,0,1.48097805848,-0.140359092742,5,686
762,1,1.91509454527,0.0,4.0,0.00800800800801,0,-1.01039485676,-0.0537208844537,5,312
763,1,7.9227762939,7.0,9.0,0.00900900900901,0,0.750141612919,0.672351455144,5,729
764,1,4.77369073476,1.0,7.0,0.00800800800801,0,0.0403459615111,-0.347347149773,5,735
765,1,3.23765284075,3.0,5.0,0.00800800800801,0,-0.86493456709,0.832456542018,5,394
766,1,8.03436911226,8.0,9.0,0.00900900900901,1,0.862163678404,0.447878077053,5,847
767,0,8.15070918304,8.0,,0.00800800800801,0,0.919264968124,0.392914278673,5,919
768,1,4.68822125182,3.0,5.0,0.01001001001,0,-0.0596078020653,-0.132955341987,5,404
769,1,3.86490261842,1.0,5.0,0.012012012012,0,-0.246598815737,-0.395300934365,5,178
770,1,3.28847117665,3.0,4.0,0.00800800800801,1,-0.26394869274,-0.919682745127,5,439
771,1,4.84215115743,0.0,7.0,0.00800800800801,0,0.156734482889,-0.628052291239,5,384
772,0,9.27255875392,8.0,,0.00900900900901,0,1.48525502311,-0.183206315425,5,741
773,1,1.38649924133,1.0,4.0,0.01001001001,0,-0.969407925178,-0.705276983133,5,154
774,1,-0.353915620426,,4.0,0.00800800800801,0,-1.75598370167,-0.0859645154056,5,116
775,1,7.1598844651,6.0,8.0,0.01001001001,0,0.797848023932,-0.233659606691,5,589
776,1,3.47109791927,1.0,4.0,0.011011011011,0,-0.670301521286,0.482002483128,5,232
777,1,5.44459011155,4.0,8.0,0.00900900900901,0,-0.0232226824097,0.514258158784,5,561
778,0,10.0291107467,9.0,,0.00900900900901,0,1.6922331427,-0.0475886814315,5,853
779,1,2.58447972116,0.0,3.0,0.01001001001,0,-0.869741117568,0.193703073863,5,203
780,1,6.27219378307,4.0,8.0,0.00800800800801,0,0.374411040334,0.148960662068,5,564
781,0,8.33370981045,8.0,,0.00900900900901,0,1.07729327627,0.101829981632,5,880
782,0,11.6918112602,10.0,,0.01001001001,0,2.03615893954,0.583334441592,5,93
783,1,1.83160279881,1.0,3.0,0.00900900900901,0,-1.00951194107,-0.139861377984,5,586
784,1,-0.146328914202,,0.0,0.00900900900901,1,-1.75859277266,0.129449403785,5,48
785,1,0.52840411912,0.0,7.0,0.00900900900901,0,-1.33202278011,-0.475527540554,5,388
786,1,6.88975378618,3.0,8.0,0.00800800800801,0,0.670547571171,-0.121888927337,5,860
787,1,2.62609507102,0.0,3.0,0.00800800800801,0,-0.925083223107,0.401344740335,5,195
788,1,5.61159520251,3.0,7.0,0.00800800800801,0,0.176603053662,0.0817860415226,5,625
789,1,5.24553311772,3.0,6.0,0.00900900900901,0,-0.284557422094,1.099205384,5,463
790,1,5.68273026259,5.0,6.0,0.00800800800801,1,0.0335210892034,0.582166994983,5,496
791,0,8.40424857486,8.0,,0.00800800800801,0,1.08143522308,0.159942905606,5,918
792,1,5.26936210036,3.0,8.0,0.00800800800801,0,0.128925186717,-0.117413459794,5,769
793,1,0.644271235415,0.0,1.0,0.00800800800801,1,-1.22555552027,-0.679062203778,5,114
794,1,3.13010740099,2.0,4.0,0.00900900900901,0,-0.240046708777,-1.14975247268,5,238
795,1,6.02414683978,6.0,8.0,0.00900900900901,0,0.400665780916,-0.177850502971,5,840
796,1,5.11057087487,4.0,6.0,0.00800800800801,0,-0.0855542273463,0.367233556904,5,557
797,1,7.71734832501,7.0,8.0,0.00800800800801,1,0.844581707749,0.183603201763,5,904
798,1,5.78713952147,1.0,9.0,0.01001001001,0,0.48435807052,-0.665934690085,5,806
799,1,0.672802370032,,1.0,0.00800800800801,0,-1.3898994752,-0.15749920437,5,19
800,1,2.22111159279,1.0,3.0,0.00800800800801,0,-1.17522393571,0.746783399911,5,120
801,1,1.59026715902,,5.0,0.012012012012,0,-0.941348536249,-0.585687232236,5,117
802,1,6.78697376029,6.0,7.0,0.00900900900901,1,0.336640392824,0.777052581819,5,843
803,1,2.10754939362,1.0,4.0,0.00800800800801,0,-1.19272951909,0.685737950897,5,204
804,1,6.12292045823,6.0,7.0,0.00900900900901,1,0.356733931075,0.0527186650065,5,647
805,1,6.98833521773,6.0,7.0,0.00800800800801,1,0.619654209685,0.129372588669,5,730
806,1,5.04454449467,2.0,8.0,0.00800800800801,0,-0.0792317310367,0.282239687782,5,707
807,1,2.22689567094,1.0,8.0,0.012012012012,0,-1.08371053089,0.478027263621,5,425
808,1,6.9353624026,4.0,7.0,0.01001001001,0,0.934212964169,-0.867276489911,5,779
809,1,5.56643155475,5.0,6.0,0.00800800800801,1,0.322391144307,-0.400741878166,5,454
810,1,1.86474608936,0.0,2.0,0.00900900900901,0,-0.935705779378,-0.328136572501,5,61
811,1,0.341389326088,,2.0,0.01001001001,0,-1.50713406907,-0.137208466703,5,54
812,1,5.00071510457,2.0,8.0,0.00800800800801,0,-0.245591833641,0.737490605494,5,640
813,1,7.04041407306,5.0,8.0,0.00800800800801,0,0.865927651718,-0.557368882095,5,684
814,1,5.03211972029,3.0,7.0,0.01001001001,0,-0.0635242765066,0.222692549814,5,369
815,0,9.60768514448,9.0,,0.00900900900901,0,1.35829908994,0.53278787466,5,580
816,1,5.94482150334,3.0,6.0,0.00900900900901,0,0.140127048325,0.524440358367,5,284
817,1,4.50237066719,4.0,6.0,0.00800800800801,0,0.0301420199286,-0.5880553926,5,603
818,1,7.94188550833,6.0,8.0,0.00800800800801,0,0.859506048228,0.36336736365,5,880
819,1,5.54841280527,4.0,9.0,0.00900900900901,0,-0.0977705243357,0.841724378275,5,718
820,1,-1.44473696881,,0.0,0.011011011011,1,-2.24411277137,0.287601345312,5,14
821,1,7.40081870685,6.0,8.0,0.00900900900901,0,0.719397580134,0.242625966447,5,807
822,1,2.24093871992,2.0,4.0,0.00800800800801,0,-0.649964098593,-0.809168984295,5,327
823,1,7.40045118008,4.0,9.0,0.00900900900901,0,0.657637667412,0.42753817784,5,833
824,1,7.81332450686,7.0,8.0,0.00800800800801,1,1.09329395051,-0.466557344665,5,868
825,1,3.99893823259,3.0,6.0,0.01001001001,0,-0.186075247274,-0.442836025592,5,562
826,1,6.34438828078,5.0,7.0,0.00900900900901,0,0.177297316966,0.81249632988,5,517
827,1,4.80288892974,4.0,6.0,0.00800800800801,0,-0.114990687025,0.147860990816,5,447
828,1,7.62055083933,7.0,8.0,0.00800800800801,1,0.919537865865,-0.138062758262,5,913
829,1,5.49613486501,3.0,7.0,0.00900900900901,0,0.2024875077,-0.111327658085,5,468
830,1,5.88050408916,3.0,6.0,0.00800800800801,0,0.608164722269,-0.943990077651,5,186
831,0,10.0149922232,8.0,,0.00800800800801,0,1.45371054404,0.653860591068,5,852
832,0,9.25599906163,8.0,,0.00800800800801,0,0.960259571103,1.37522034832,5,470
833,1,0.32863250163,0.0,6.0,0.00800800800801,0,-1.42412159617,-0.399002709857,5,570
834,0,8.28454484483,8.0,,0.00800800800801,0,1.03680704781,0.174123701403,5,926
835,1,2.18114772692,0.0,5.0,0.00800800800801,0,-0.909864437716,-0.0892589599322,5,429
836,1,7.9333760821,6.0,8.0,0.01001001001,0,0.975352719079,0.00731792486102,5,636
837,1,1.09604199697,,3.0,0.00900900900901,0,-1.56101274191,0.779080222717,5,150
838,1,5.66189976977,5.0,6.0,0.01001001001,1,0.431576863814,-0.632830821672,5,515
839,1,5.8151693352,1.0,6.0,0.00800800800801,0,0.475299188397,-0.610728229994,5,618
840,1,4.30578630756,3.0,6.0,0.00900900900901,0,-0.543678009919,0.93682033732,5,390
841,1,1.85482758999,0.0,5.0,0.00800800800801,0,-1.46158767322,1.23959060964,5,679
842,1,-3.188417593,,0.0,0.00800800800801,1,-2.79204676991,0.187722716733,5,37
843,1,5.14245441378,0.0,6.0,0.01001001001,0,-0.12236559431,0.509551196706,5,812
844,1,4.16905139879,4.0,7.0,0.00800800800801,0,-0.35081450198,0.221494904729,5,798
845,1,3.86159745516,0.0,6.0,0.00900900900901,0,-0.546705751052,0.501714708315,5,632
846,1,8.48713334533,6.0,10.0,0.01001001001,0,0.949553237968,0.63847363143,5,675
847,1,4.83763634946,3.0,5.0,0.00900900900901,0,0.0280653128632,-0.246559589128,5,569
848,0,9.24352076109,8.0,,0.00800800800801,0,1.33594250007,0.235693260879,5,876
849,1,5.50337667043,0.0,6.0,0.01001001001,0,0.15515405769,0.0379144973583,5,512
850,1,4.18152481766,3.0,5.0,0.00800800800801,0,-0.314712316522,0.125661767222,5,587
851,1,7.87812031753,7.0,9.0,0.00900900900901,0,0.957193875201,0.00653869192252,5,883
852,1,4.91924892093,4.0,5.0,0.00800800800801,1,-0.183424287687,0.469521783991,5,700
853,1,0.305863421475,0.0,1.0,0.00900900900901,1,-1.66267262714,0.293881302886,5,81
854,1,4.27532262219,4.0,7.0,0.00800800800801,0,-0.200929319982,-0.121889417861,5,741
855,1,4.02496623654,3.0,5.0,0.00800800800801,0,-0.0564967667974,-0.805543463067,5,552
856,0,7.30516198582,7.0,,0.00800800800801,0,0.508309921257,0.780232222053,5,895
857,1,4.4170676215,1.0,7.0,0.01001001001,0,-0.354959624741,0.481946495727,5,660
858,1,2.518288223,1.0,7.0,0.011011011011,0,-0.810268501442,-0.050906272675,5,440
859,0,11.2463552053,8.0,,0.00800800800801,0,1.81507488342,0.801130555087,5,203
860,1,-3.1172903721,,0.0,0.00900900900901,1,-2.32842739721,-1.13200818047,5,84
861,1,1.75405411859,,4.0,0.00800800800801,0,-0.900079766719,-0.545706581252,5,583
862,1,5.9095548271,2.0,7.0,0.00800800800801,0,0.440627486854,-0.412327633462,5,373
863,1,3.52906097265,2.0,5.0,0.00800800800801,0,-0.195326200943,-0.884960424525,5,251
864,1,6.78198476801,6.0,8.0,0.00800800800801,0,0.586571905827,0.0222690505284,5,819
865,1,5.33409722485,4.0,6.0,0.011011011011,0,0.333068869624,-0.665109384017,5,841
866,1,3.83409141773,3.0,8.0,0.011011011011,0,-0.23602699166,-0.457827607293,5,777
867,1,0.803613401946,,1.0,0.00800800800801,0,-1.30830077176,-0.271484282789,5,13
868,1,5.47422149321,4.0,7.0,0.00800800800801,0,0.35143918919,-0.580096074357,5,914
869,0,9.18788974264,8.0,,0.00800800800801,0,1.21476014551,0.543609306117,5,609
870,1,9.18414998111,9.0,10.0,0.01001001001,1,1.3732208123,0.0644875442226,5,897
871,1,5.00295731789,4.0,8.0,0.00900900900901,0,0.0691738068246,-0.204564102581,5,723
872,1,2.18138344139,1.0,3.0,0.01001001001,0,-1.11410489865,0.523698137348,5,274
873,0,10.0160763447,8.0,,0.00800800800801,0,1.70022701125,-0.0846046890648,5,391
874,1,6.92319257402,4.0,7.0,0.00800800800801,0,0.454935858265,0.558384999229,5,661
875,0,12.6555559724,8.0,,0.00800800800801,0,2.46969397815,0.246474037973,5,642
876,1,2.99344487713,1.0,7.0,0.01001001001,0,-0.639159673036,-0.0890761037653,5,409
877,1,4.27593023499,4.0,6.0,0.00800800800801,0,-0.301559721037,0.180609398096,5,621
878,1,4.02144095655,0.0,5.0,0.00800800800801,0,-0.327622814924,0.00430940131762,5,497
879,1,1.37613296532,0.0,4.0,0.00800800800801,0,-0.862648495076,-1.03592154945,5,199
880,1,2.69926847119,0.0,3.0,0.00800800800801,0,-0.945404555825,0.535482138669,5,399
881,1,6.18564887632,6.0,7.0,0.00800800800801,1,0.699745625831,-0.913588001177,5,912
882,1,5.30109345353,0.0,6.0,0.00800800800801,0,0.0385735556803,0.18537278649,5,690
883,1,1.31029251192,1.0,6.0,0.00900900900901,0,-1.32249587683,0.277780142421,5,746
884,1,2.74935422384,1.0,6.0,0.00900900900901,0,-0.448394506527,-0.905462256584,5,418
885,1,3.18182366629,0.0,4.0,0.00800800800801,0,-0.590728283292,-0.0459914838327,5,408
886,1,-0.185220149866,,0.0,0.00800800800801,1,-1.76369864497,0.105875785052,5,21
887,1,4.64031978048,3.0,5.0,0.00900900900901,0,-0.224434474312,0.313623203414,5,516
888,1,6.20235498899,5.0,8.0,0.00900900900901,0,0.259275338886,0.424528972331,5,591
889,1,4.83624353287,3.0,8.0,0.00800800800801,0,-0.145245620547,0.271980394513,5,475
890,1,7.49632676175,4.0,8.0,0.00900900900901,0,0.562428079936,0.80904252194,5,757
891,1,1.08272318019,,4.0,0.00800800800801,0,-1.31474311105,0.0269525133532,5,196
892,0,12.1088600249,9.0,,0.00900900900901,0,2.05460805013,0.945035874525,5,918
893,0,5.38545485259,5.0,,0.00800800800801,0,0.259077795911,-0.391778535144,5,365
894,1,7.90638206527,3.0,8.0,0.00900900900901,0,0.87302208436,0.287315812188,5,799
895,1,5.91814120169,5.0,7.0,0.00800800800801,0,0.271642930749,0.103212409439,5,691
896,1,4.78613571903,1.0,5.0,0.00800800800801,0,0.0853745643709,-0.469987974083,5,441
897,1,5.38641716222,3.0,6.0,0.01001001001,0,0.210600969338,-0.245385745789,5,406
898,1,2.66409029897,2.0,5.0,0.00800800800801,0,-0.757233718328,-0.0642085460452,5,498
899,1,1.82616605323,0.0,4.0,0.00900900900901,0,-1.13010462189,0.216479918894,5,268
900,1,3.37942396881,0.0,8.0,0.00900900900901,0,-0.477347918009,-0.188532277165,5,703
901,0,8.20145120588,8.0,,0.00800800800801,0,0.843266278029,0.671652371789,5,828
902,1,6.99492416703,2.0,8.0,0.00800800800801,0,0.49135283733,0.520865655043,5,725
903,1,5.33141758711,,6.0,0.00800800800801,0,0.349306041463,-0.716500537283,5,855
904,1,0.489214496896,0.0,2.0,0.00800800800801,0,-1.60629634764,0.308103539818,5,214
905,1,3.59349969771,0.0,6.0,0.01001001001,0,-0.217754788206,-0.753235937672,5,536
906,1,6.11243491927,6.0,9.0,0.00900900900901,0,0.463204284901,-0.277177935435,5,857
907,0,10.4912130862,8.0,,0.00800800800801,0,1.46667136084,1.09119900372,5,912
908,1,6.07368034407,1.0,7.0,0.00800800800801,0,0.163681205488,0.582636727602,5,820
909,1,2.02694456691,2.0,5.0,0.00800800800801,0,-0.894706844702,-0.288934898981,5,470
910,1,4.48145566222,1.0,6.0,0.00800800800801,0,-0.153648853338,-0.0575977777664,5,444
911,1,4.10074843972,3.0,7.0,0.00900900900901,0,-0.151909034582,-0.443524456538,5,764
912,1,1.43064196417,1.0,6.0,0.00800800800801,0,-0.97716265024,-0.63787008511,5,533
913,1,3.55294478704,3.0,8.0,0.00800800800801,0,-0.408624075642,-0.221182986037,5,906
914,1,1.02553926101,0.0,4.0,0.01001001001,0,-1.48279884078,0.473935783338,5,255
915,1,5.21976412176,5.0,6.0,0.00900900900901,1,0.135923168282,-0.188005383084,5,514
916,1,7.48508132333,6.0,8.0,0.00900900900901,0,0.713141461577,0.345656938605,5,877
917,1,4.30502105332,2.0,8.0,0.00800800800801,0,0.0572747297523,-0.866803135939,5,874
918,1,3.0177045906,3.0,4.0,0.00800800800801,1,-0.765440141069,0.314025013812,5,523
919,1,0.443121490711,0.0,1.0,0.00800800800801,1,-1.33062548967,-0.565002040265,5,46
920,1,6.43042628884,6.0,9.0,0.00900900900901,0,0.196605892803,0.840608610433,5,839
921,0,8.93517261875,8.0,,0.00800800800801,0,1.12354677925,0.564532281007,5,541
922,1,4.25615107897,4.0,7.0,0.00800800800801,0,-0.0688251607014,-0.537373438923,5,848
923,1,1.80090139716,0.0,3.0,0.00900900900901,0,-1.02238339178,-0.131948427495,5,434
924,1,2.2615659389,1.0,6.0,0.00900900900901,0,-1.09395223976,0.54342265817,5,290
925,1,7.43386750587,7.0,8.0,0.00800800800801,1,0.738296859018,0.218976928813,5,873
926,1,-0.360351381358,,0.0,0.00800800800801,1,-1.6343201819,-0.45739083566,5,31
927,1,2.83179230376,2.0,4.0,0.00800800800801,0,-0.629135011312,-0.280802662308,5,333
928,0,8.28925582177,8.0,,0.00800800800801,0,1.03166605811,0.194257647451,5,163
929,1,-2.2334136995,,6.0,0.01001001001,0,-2.58027850219,0.507421807086,5,528
930,1,2.89838775275,1.0,3.0,0.00800800800801,0,-0.666364109342,-0.102519919225,5,334
931,0,8.59180387468,7.0,,0.00800800800801,0,1.43028146764,-0.699040528252,5,693
932,0,7.93718067392,7.0,,0.00800800800801,0,1.1340157906,-0.464866697878,5,64
933,1,7.10091489759,7.0,8.0,0.00800800800801,1,0.448767514607,0.754612353771,5,768
934,0,10.1810106842,8.0,,0.00800800800801,0,1.92697556229,-0.599916002698,5,690
935,1,3.35795824508,0.0,7.0,0.00800800800801,0,-0.448005543962,-0.298025123036,5,801
936,1,4.17860549627,0.0,6.0,0.00800800800801,0,-0.288457158044,0.0439769703995,5,471
937,1,1.98641655054,1.0,2.0,0.00800800800801,1,-1.12343619563,0.356725137427,5,137
938,1,3.48693457161,3.0,7.0,0.00800800800801,0,-0.250839651769,-0.760546473087,5,817
939,1,6.98511471952,6.0,7.0,0.00800800800801,1,0.674105077223,-0.0372005121493,5,766
940,1,2.82854045835,0.0,4.0,0.00800800800801,0,-0.847881729555,0.372185647013,5,467
941,1,1.47270517932,0.0,5.0,0.00900900900901,0,-0.966177623302,-0.628761950773,5,716
942,1,4.92610687728,0.0,5.0,0.00800800800801,0,0.113948567898,-0.415738826409,5,283
943,1,2.83893398728,1.0,4.0,0.00800800800801,0,-0.594350414068,-0.378014770514,5,481
944,0,9.51194793253,8.0,,0.00800800800801,0,1.45588490891,0.144293205789,5,367
945,1,1.17752578131,0.0,3.0,0.00900900900901,0,-1.42676867791,0.457831815057,5,108
946,0,8.18922748148,8.0,,0.00800800800801,0,1.18809331055,-0.375052450185,5,524
947,1,5.04354223812,1.0,6.0,0.00800800800801,0,-0.38860619621,1.20936082675,5,431
948,1,4.18520784327,1.0,6.0,0.01001001001,0,-0.591579471476,0.959946257701,5,724
949,1,5.86806124664,3.0,7.0,0.00800800800801,0,0.183806847538,0.316640704025,5,631
950,1,5.12119432912,,8.0,0.00800800800801,0,0.240147033101,-0.599246770183,5,829
951,1,7.35791464876,1.0,8.0,0.00800800800801,0,0.833389276345,-0.142253180273,5,693
952,0,8.27914587108,8.0,,0.00800800800801,0,0.8815530459,0.634486733375,5,770
953,1,5.60816393025,5.0,6.0,0.00800800800801,1,-0.0697692567083,0.817471700372,5,778
954,1,3.64685583945,0.0,4.0,0.00800800800801,0,-0.458372792686,0.0219742175065,5,405
955,1,6.0319004618,6.0,7.0,0.00800800800801,1,0.422805088296,-0.23651480309,5,805
956,1,3.61076843711,1.0,4.0,0.00800800800801,0,-0.501493130862,0.115247829698,5,611
957,1,6.49253615369,6.0,7.0,0.00800800800801,1,0.494528535417,0.008950547441,5,825
958,1,0.856251516348,0.0,1.0,0.00800800800801,1,-1.58090809201,0.598975792386,5,29
959,1,7.44678987267,7.0,8.0,0.00800800800801,1,0.933446380937,-0.353549270139,5,882
960,1,7.41529673899,7.0,8.0,0.00900900900901,1,0.942225649037,-0.411380208119,5,862
961,0,7.00508096382,7.0,,0.00800800800801,0,0.680292783132,-0.035797385571,5,860
962,1,1.13309835856,1.0,5.0,0.00800800800801,0,-1.10833084225,-0.541909114705,5,354
963,0,8.98597573058,8.0,,0.00800800800801,0,1.29689463882,0.0952918141117,5,530
964,1,3.33299446458,3.0,4.0,0.00800800800801,1,-0.349439477554,-0.618687102761,5,347
965,1,-0.366048333293,,7.0,0.00800800800801,0,-1.8330155394,0.13299828492,5,554
966,1,3.15238959599,1.0,8.0,0.00800800800801,0,-0.494735223685,-0.363404732953,5,905
967,1,7.61497150979,6.0,8.0,0.00800800800801,0,0.82866815334,0.128967049769,5,865
968,1,4.18518811363,4.0,5.0,0.00800800800801,1,-0.191711838872,-0.239676369759,5,609
969,1,1.65445769682,1.0,7.0,0.00800800800801,0,-0.965720356907,-0.448381232462,5,876
970,1,6.01905829084,6.0,8.0,0.00800800800801,0,0.244343300989,0.28602838787,5,910
971,1,1.37393910642,0.0,3.0,0.00800800800801,0,-1.13131110191,-0.232127587842,5,294
972,1,5.83673471352,4.0,8.0,0.00800800800801,0,0.000429489031038,0.835446246425,5,885
973,1,-1.82195192477,,0.0,0.00900900900901,1,-1.89912319538,-1.12458233864,5,51
974,1,6.64887839816,6.0,7.0,0.00800800800801,1,0.587032910988,-0.112220334808,5,869
975,0,10.7704513748,8.0,,0.00800800800801,0,1.81356750212,0.329748868469,5,185
976,0,8.91966130223,8.0,,0.00800800800801,0,1.21424113084,0.276937909715,5,910
977,1,6.3311898796,6.0,8.0,0.00800800800801,0,-0.0380010684921,1.44519308508,5,850
978,1,3.07803723038,1.0,5.0,0.00800800800801,0,-0.612314466151,-0.0850193711699,5,304
979,0,8.24147218947,8.0,,0.00800800800801,0,1.22935903322,-0.44660491018,5,894
980,1,5.19613705939,4.0,6.0,0.00900900900901,0,0.170019816057,-0.313922388779,5,407
981,1,6.64318930615,5.0,7.0,0.00800800800801,0,0.154366181514,1.1800907616,5,744
982,1,3.98888614572,3.0,4.0,0.00800800800801,1,-0.218156443247,-0.356644524539,5,254
983,1,2.15090512798,1.0,5.0,0.00900900900901,0,-0.742085015459,-0.622839825647,5,177
984,0,7.56988810058,7.0,,0.00800800800801,0,1.10286586361,-0.73870949025,5,857
985,1,-6.63527384519,,0.0,0.00800800800801,1,-3.62800944723,-0.751245503518,5,16
986,1,4.49423563351,3.0,5.0,0.00800800800801,0,-0.291968379767,0.370140772814,5,344
987,1,3.14262359428,1.0,5.0,0.00800800800801,0,-0.659889419934,0.122291854077,5,281
988,1,4.34661735878,1.0,7.0,0.00800800800801,0,0.0811744144216,-0.896905884484,5,667
989,0,8.12070925408,8.0,,0.00800800800801,0,1.18094584002,-0.42212826598,5,926
990,1,5.35645287025,4.0,6.0,0.00800800800801,0,0.352712552426,-0.701684787024,5,896
991,1,1.7404848595,,3.0,0.00800800800801,0,-1.28284903489,0.589031964183,5,128
992,1,5.92526831746,5.0,6.0,0.00800800800801,1,0.374114281985,-0.197074528496,5,719
993,1,5.20881348893,5.0,8.0,0.00800800800801,0,0.0379063256108,0.0950945121016,5,884
994,1,4.89992328766,3.0,6.0,0.00800800800801,0,0.129044507783,-0.48721023569,5,328
995,0,9.66083855006,8.0,,0.00800800800801,0,1.65717129031,-0.310675320854,5,350
996,0,9.14012173416,8.0,,0.00800800800801,0,1.26714444256,0.338688406489,5,264
997,1,0.520286951067,0.0,6.0,0.00800800800801,0,-1.4593480242,-0.101668976343,5,547
998,1,6.3926968737,1.0,7.0,0.00800800800801,0,0.0695500466759,1.18404673368,5,866
999,1,0.497528479363,0.0,1.0,0.00800800800801,1,-1.19435917279,-0.91939400227,5,43
