name,activated,threshold,before_activation_alters,after_activation_alters,degree,observed,var1,epsilon,constant,activation_order
0,1,1.28995937746,0.0,4,0.016016016016,0,-1.04171134158,-0.584906597807,5,478
1,1,5.68626818009,5.0,8,0.016016016016,0,0.0639266059467,0.49448836225,5,692
2,1,2.91520055833,0.0,3,0.015015015015,0,-0.386286355972,-0.925940373752,5,503
3,1,6.53258278781,5.0,13,0.016016016016,0,0.497857854283,0.0390092249595,5,800
4,1,3.06048014237,0.0,8,0.015015015015,0,-0.847786013874,0.603838183995,5,652
5,1,10.7469394036,8.0,14,0.017017017017,0,1.71588053978,0.599297784233,5,809
6,1,7.73579299901,2.0,12,0.014014014014,0,1.08886144269,-0.530791329069,5,803
7,1,8.54545679249,0.0,10,0.016016016016,0,1.13515537498,0.139990667559,5,720
8,1,0.713372234424,0.0,1,0.015015015015,1,-1.590449059,0.484719411419,5,309
9,1,2.52341695582,2.0,11,0.016016016016,0,-0.584752068687,-0.722326838117,5,787
10,1,2.68339055357,0.0,3,0.017017017017,0,-0.56126981425,-0.632800003679,5,571
11,1,6.38623648026,5.0,9,0.016016016016,0,0.33209102092,0.389963417503,5,690
12,1,2.65957081195,1.0,4,0.014014014014,0,-0.703519553963,-0.229870526161,5,620
13,1,9.71010069208,4.0,15,0.015015015015,0,1.20652962371,1.09051182094,5,887
14,1,7.44252173158,6.0,14,0.016016016016,0,0.584653144937,0.688562296767,5,796
15,1,6.77764548237,5.0,7,0.016016016016,0,0.683036213884,-0.271463159284,5,650
16,1,5.75250491822,3.0,13,0.016016016016,0,-0.123910647909,1.12423686194,5,749
17,1,2.05095031223,2.0,9,0.017017017017,0,-1.33090895721,1.04367718386,5,669
18,1,2.52883823703,2.0,7,0.015015015015,0,-0.852702315948,0.0869451848752,5,644
19,1,4.53603259602,0.0,5,0.015015015015,0,-0.253166714453,0.29553273938,5,595
20,1,5.29388506419,4.0,12,0.017017017017,0,0.0782572493283,0.0591133162074,5,694
21,1,8.72849877329,7.0,12,0.016016016016,0,1.03975130934,0.609244845252,5,701
22,1,0.639791745499,0.0,1,0.016016016016,1,-1.40819918558,-0.13561069776,5,204
23,1,1.82987087295,0.0,3,0.016016016016,0,-0.98726027584,-0.208348299527,5,211
24,1,5.01945366994,1.0,12,0.017017017017,0,-0.206501862497,0.638959257426,5,685
25,1,6.40356850382,6.0,7,0.016016016016,1,0.32835476006,0.418504223644,5,395
26,1,4.66355556752,3.0,6,0.016016016016,0,-0.221896997424,0.329246559794,5,374
27,1,0.618436471798,0.0,1,0.017017017017,1,-1.49827984365,0.113276002737,5,137
28,1,4.68668831927,3.0,18,0.018018018018,0,-0.233221587767,0.386353082576,5,808
29,1,3.14756096654,0.0,4,0.016016016016,0,-0.368648143305,-0.746494603544,5,286
30,1,10.2184520492,9.0,12,0.017017017017,0,1.55770741645,0.545329799817,5,523
31,1,6.12542727093,3.0,11,0.014014014014,0,0.481590343304,-0.319343758984,5,583
32,1,7.73017068553,7.0,9,0.016016016016,0,0.83744642494,0.217831410708,5,312
33,1,4.94585543348,2.0,8,0.018018018018,0,0.123462207513,-0.424531189065,5,290
34,1,9.03965985122,8.0,11,0.012012012012,0,1.24092133233,0.31689585423,5,603
35,1,0.497685387966,0.0,1,0.015015015015,1,-1.64230260214,0.424593194393,5,101
36,1,3.74061197828,0.0,13,0.017017017017,0,-0.435036956096,0.0457228465681,5,425
37,1,5.305892581,0.0,8,0.02002002002,0,0.082802714716,0.0574844368539,5,208
38,1,4.11739236355,3.0,5,0.016016016016,0,-0.277641421422,-0.0496833721852,5,142
39,1,1.35203505538,,2,0.017017017017,0,-0.967271996748,-0.746148954373,5,91
40,1,2.45631256621,1.0,3,0.016016016016,0,-0.643408262173,-0.613462647269,5,127
41,1,1.32120077472,,3,0.016016016016,0,-0.980141728772,-0.738374038964,5,118
42,1,2.02256176732,0.0,7,0.018018018018,0,-0.664932302758,-0.982641324409,5,171
43,1,8.52081485607,1.0,11,0.016016016016,0,1.3052844174,-0.395038396132,5,244
44,1,5.80997458011,1.0,10,0.016016016016,0,0.276935124496,-0.0208307933721,5,386
45,1,5.91629604623,4.0,6,0.016016016016,0,0.285906515722,0.0585764990625,5,143
46,1,0.823736643731,,1,0.018018018018,0,-1.1908740271,-0.603641274979,5,23
47,1,4.85469374819,2.0,13,0.015015015015,0,-0.0246017311416,-0.0715010583885,5,428
48,1,6.42861367407,2.0,7,0.017017017017,0,0.365690659114,0.331541696724,5,199
49,1,4.19534171866,,5,0.016016016016,0,-0.307999562299,0.119340405555,5,164
50,1,5.8542202178,4.0,7,0.016016016016,0,0.282367200729,0.00711861561347,5,202
51,1,9.10221828072,4.0,15,0.016016016016,0,1.86600112299,-1.49578508824,5,449
52,1,7.50775219146,,11,0.016016016016,0,0.67226829262,0.490947313605,5,392
53,1,-0.0225344495868,,0,0.017017017017,1,-1.60339291849,-0.212355694123,5,13
54,1,9.45820852767,7.0,12,0.015015015015,0,1.62613492555,-0.420196248991,5,436
55,1,4.26143691349,2.0,5,0.017017017017,0,-0.296392543778,0.150614544826,5,232
56,1,4.23901744748,2.0,7,0.017017017017,0,-0.203017539679,-0.151929933488,5,278
57,1,-0.713613003552,,1,0.017017017017,0,-1.92474996622,0.0606368951057,5,16
58,1,1.47932660266,1.0,2,0.014014014014,1,-0.902321029136,-0.813710309928,5,274
59,1,6.62442899594,2.0,9,0.016016016016,0,0.357841304423,0.550905082669,5,435
60,1,5.29287052168,2.0,10,0.016016016016,0,0.415090086504,-0.952399737834,5,470
61,1,6.22120492482,4.0,8,0.018018018018,0,0.270433727711,0.40990374169,5,279
62,1,4.32547721771,4.0,9,0.015015015015,0,-0.357457634005,0.397850119727,5,612
63,1,3.63535568553,2.0,5,0.016016016016,0,-0.682737275945,0.683567513368,5,377
64,1,7.68328055919,7.0,11,0.015015015015,0,1.03789733484,-0.430411445327,5,634
65,1,14.5233309683,13.0,16,0.017017017017,0,3.2506467589,-0.228609308411,5,989
66,1,6.14108261274,6.0,10,0.018018018018,0,0.553741567234,-0.520142088965,5,623
67,1,0.919319851226,0.0,1,0.014014014014,1,-1.42964193015,0.208245641672,5,132
68,1,10.0580480796,8.0,12,0.017017017017,0,2.08670136601,-1.2020560184,5,950
69,1,7.145525882,7.0,8,0.013013013013,1,0.51070240679,0.613418661631,5,955
70,1,8.46999644546,8.0,14,0.015015015015,0,1.13128947133,0.0761280314619,5,992
71,1,5.36646827722,5.0,7,0.015015015015,0,0.280185533854,-0.47408832434,5,932
72,1,-1.79090304888,,0,0.017017017017,1,-2.17604559611,-0.262766260562,5,54
73,1,3.5231873728,3.0,5,0.02002002002,0,-0.5907510808,0.295440615198,5,493
74,1,6.79498158731,6.0,14,0.017017017017,0,0.286378774572,0.935845263595,5,980
75,1,4.89127078879,3.0,11,0.015015015015,0,-0.337594177523,0.904053321354,5,954
76,1,3.39881587867,2.0,15,0.016016016016,0,-0.332153903295,-0.604722411445,5,995
77,1,8.67104114704,2.0,12,0.015015015015,0,1.05898792974,0.494077357833,5,986
78,1,6.85297678373,4.0,7,0.018018018018,0,0.684794205749,-0.201405833517,5,913
79,1,6.63427688503,3.0,8,0.016016016016,0,0.415988147298,0.386312443137,5,924
80,1,3.91062668412,3.0,5,0.019019019019,0,-0.230841602474,-0.396848508456,5,886
81,1,3.91990034081,3.0,5,0.016016016016,0,-0.454278148806,0.282734787224,5,908
82,1,3.09540354961,1.0,9,0.016016016016,0,-0.424962625653,-0.629708573434,5,946
83,1,4.622737431,2.0,13,0.016016016016,0,-0.114055488036,-0.0350961048948,5,981
84,1,11.6759881207,1.0,14,0.015015015015,0,2.087656989,0.413017153721,5,996
85,1,3.12583791836,3.0,4,0.018018018018,1,-0.756488104514,0.395302231901,5,906
86,1,3.22540963863,3.0,6,0.015015015015,0,-0.426457710646,-0.495217229437,5,917
87,1,4.29084879091,2.0,10,0.015015015015,0,0.0571948320195,-0.88073570515,5,933
88,1,3.48467937894,3.0,7,0.015015015015,0,-0.566893580468,0.18536012034,5,927
89,1,4.96819601641,3.0,11,0.013013013013,0,0.193668814109,-0.612810425918,5,957
90,1,5.94456340585,3.0,9,0.016016016016,0,0.433090102863,-0.354706902737,5,941
91,1,4.81613031338,4.0,6,0.016016016016,0,-0.132742872726,0.214358931558,5,922
92,1,8.19899876895,7.0,14,0.016016016016,0,1.36215545298,-0.887467589999,5,966
93,1,2.30333044285,2.0,3,0.017017017017,1,-0.97517294269,0.22884927092,5,642
94,1,2.44792149424,2.0,3,0.017017017017,1,-1.05296366784,0.606812497774,5,659
95,1,7.94560040014,4.0,8,0.017017017017,0,1.02825151826,-0.139154154637,5,928
96,1,2.14787029762,1.0,4,0.016016016016,0,-1.1007635082,0.450160822216,5,712
97,1,7.0859630419,6.0,17,0.017017017017,0,1.18217634906,-1.46056600528,5,978
98,1,7.14212619682,7.0,15,0.018018018018,0,0.765475590695,-0.15430057527,5,958
99,1,2.82601881789,2.0,3,0.015015015015,1,-0.521953257979,-0.608121408175,5,526
100,1,6.44651276898,2.0,7,0.016016016016,0,0.460447744445,0.0651695356489,5,804
101,1,7.5429226389,4.0,14,0.015015015015,0,0.909285329196,-0.184933348688,5,965
102,1,2.92805078215,0.0,7,0.013013013013,0,-0.545924271223,-0.43417640418,5,904
103,1,4.55383136136,1.0,7,0.015015015015,0,-0.157098170574,0.0251258730784,5,873
104,1,3.88575642434,1.0,7,0.016016016016,0,-0.259874774041,-0.33461925354,5,848
105,1,1.27234846489,0.0,9,0.017017017017,0,-1.24977786439,0.0216820580732,5,850
106,1,6.90586774269,0.0,10,0.015015015015,0,0.389203507862,0.738257219105,5,895
107,1,9.89558075192,5.0,16,0.017017017017,0,1.85459126104,-0.668193031183,5,947
108,1,5.64050171083,1.0,15,0.017017017017,0,0.0950042992556,0.35548881306,5,943
109,1,6.79380701536,4.0,7,0.017017017017,0,0.742201700609,-0.432798086464,5,826
110,1,7.29576426785,3.0,14,0.016016016016,0,0.774431733382,-0.0275309323011,5,915
111,1,8.33657758859,0.0,11,0.015015015015,0,1.22261125552,-0.331256177979,5,855
112,1,4.35798426356,4.0,10,0.016016016016,0,-0.308867328488,0.284586249019,5,845
113,1,5.68241082814,,7,0.016016016016,0,0.0460527867083,0.54425246802,5,715
114,1,4.42022933471,4.0,9,0.017017017017,0,-0.0618085070526,-0.394345144132,5,810
115,1,6.28770654459,4.0,9,0.018018018018,0,0.907671049032,-1.43530660251,5,673
116,1,6.03681331258,3.0,9,0.017017017017,0,-0.0132907341068,1.0766855149,5,633
117,1,4.45144025854,3.0,7,0.017017017017,0,-0.178457728629,-0.0131865555699,5,572
118,1,6.81513617103,2.0,7,0.018018018018,0,0.53391722677,0.213384490725,5,555
119,1,2.02609204761,1.0,3,0.017017017017,0,-1.07374722589,0.247333725271,5,408
120,1,2.55705485703,2.0,10,0.014014014014,0,-0.880077144354,0.197286290091,5,628
121,1,10.1260978506,5.0,11,0.014014014014,0,1.49560528686,0.63928199002,5,581
122,1,6.49559693751,2.0,7,0.017017017017,0,0.321911047876,0.529863793882,5,507
123,1,5.73579489156,4.0,10,0.014014014014,0,0.0730333103585,0.516694960484,5,575
124,1,8.87683630216,6.0,9,0.017017017017,0,1.22565030047,0.199885400748,5,545
125,1,3.72637602694,1.0,11,0.016016016016,0,-0.35763861824,-0.200708118337,5,563
126,1,-0.284413716328,,0,0.015015015015,1,-1.57610411172,-0.55610138117,5,110
127,1,3.73823860613,2.0,4,0.016016016016,0,-0.445942693834,0.0760666876346,5,401
128,1,3.56895716027,2.0,5,0.016016016016,0,-0.582297674353,0.315850183332,5,452
129,1,1.52975992043,1.0,2,0.017017017017,1,-1.30311077778,0.439092253783,5,347
130,1,6.26800645034,6.0,8,0.017017017017,0,0.54447312101,-0.365412912687,5,524
131,1,9.68511781677,9.0,10,0.017017017017,1,1.69056689933,-0.386582881218,5,527
132,1,4.25925135264,2.0,5,0.018018018018,0,-0.25548352839,0.0257019378151,5,321
133,1,6.00589379839,6.0,7,0.014014014014,1,0.278128324035,0.171508826282,5,456
134,1,5.88966857504,3.0,17,0.017017017017,0,0.116371940435,0.540552753732,5,923
135,1,3.89092101585,1.0,15,0.016016016016,0,-0.259594371127,-0.33029587077,5,626
136,1,8.88416810912,8.0,14,0.017017017017,0,1.36704026936,-0.216952698949,5,560
137,1,6.24423402078,1.0,14,0.017017017017,0,0.182706926435,0.696113241474,5,531
138,1,8.71195919745,8.0,9,0.019019019019,1,1.09256230006,0.434272297267,5,368
139,1,2.15188860364,1.0,5,0.017017017017,0,-0.851513060521,-0.293572214799,5,305
140,1,-0.230919813444,,0,0.015015015015,1,-1.46184514859,-0.845384367681,5,1
141,1,6.27700422573,3.0,12,0.017017017017,0,0.278642139321,0.441077807763,5,426
142,1,4.07761759956,1.0,7,0.015015015015,0,-0.115286334085,-0.576523398185,5,361
143,1,3.12751000321,2.0,5,0.015015015015,0,-0.62399455839,-0.000506321616789,5,239
144,1,5.03452001304,4.0,7,0.018018018018,0,0.0717405900669,-0.180701757156,5,240
145,1,4.05117791528,4.0,5,0.016016016016,1,-0.285548973482,-0.0921751642769,5,236
146,1,7.31806116853,2.0,8,0.018018018018,0,0.850542921466,-0.23356759587,5,281
147,1,6.31760443501,6.0,14,0.016016016016,0,0.253741708613,0.556379309168,5,414
148,1,4.56158410816,2.0,12,0.018018018018,0,-0.152656716472,0.0195542575818,5,283
149,1,1.07661509305,,2,0.018018018018,0,-1.20199778241,-0.31739155971,5,86
150,1,4.02564795535,,5,0.015015015015,0,-0.439647187453,0.344589517711,5,158
151,1,4.44361065789,2.0,5,0.016016016016,0,-0.357217600508,0.515263459416,5,148
152,1,2.60756848417,2.0,4,0.016016016016,0,-1.23310745624,1.30689085289,5,122
153,1,5.18712411799,4.0,7,0.014014014014,0,-0.205995891135,0.805111791398,5,270
154,1,7.58979364795,4.0,15,0.017017017017,0,0.677389217596,0.557625995163,5,584
155,1,0.357680292658,0.0,1,0.015015015015,1,-1.34101061446,-0.619287863967,5,28
156,1,6.09442121944,0.0,9,0.016016016016,0,0.430781835451,-0.197924286918,5,217
157,1,-0.384826590265,,0,0.018018018018,1,-1.66303671073,-0.39571645808,5,9
158,1,5.76160954105,3.0,10,0.015015015015,0,0.0648361937231,0.567100959878,5,177
159,1,3.04827850471,2.0,4,0.013013013013,0,-0.52672028448,-0.371560641851,5,111
160,1,12.9386451786,12.0,13,0.014014014014,1,2.68448475173,-0.114809076591,5,858
161,1,3.63241901654,0.0,9,0.015015015015,0,-0.614324525301,0.475392592448,5,150
162,1,9.26215986554,7.0,10,0.014014014014,0,1.43929657742,-0.0557298667202,5,245
163,1,7.13295493503,6.0,16,0.017017017017,0,0.621902092629,0.26724865714,5,467
164,1,-3.17649046246,,1,0.016016016016,0,-2.52959395817,-0.587708587954,5,11
165,1,6.19490461852,5.0,7,0.016016016016,0,0.345223882201,0.159232971916,5,123
166,1,4.80561999437,2.0,5,0.016016016016,0,-0.201452103746,0.409976305606,5,119
167,1,1.32804984157,1.0,2,0.016016016016,1,-1.3055802195,0.244790500072,5,64
168,1,-3.06131948045,,1,0.015015015015,0,-2.64660404704,-0.121507339343,5,32
169,1,2.42909256381,2.0,3,0.017017017017,1,-0.79663738624,-0.180995277472,5,69
170,1,2.21640793177,1.0,7,0.016016016016,0,-0.800239242504,-0.382874340721,5,203
171,1,5.9084600843,,6,0.017017017017,0,0.123946440346,0.536620763266,5,157
172,1,6.22996949314,5.0,7,0.016016016016,0,0.405898466281,0.0122740942997,5,213
173,1,8.51535478881,1.0,13,0.016016016016,0,1.27114148805,-0.298069675338,5,418
174,1,6.41041197968,5.0,12,0.016016016016,0,0.63827916304,-0.504425509438,5,431
175,1,7.93662050394,5.0,8,0.016016016016,0,0.921185693008,0.173063424919,5,315
176,1,4.89458094531,2.0,5,0.015015015015,0,0.00395519245941,-0.117284632066,5,229
177,1,5.58829228513,2.0,16,0.017017017017,0,-0.0481350766191,0.732697514991,5,446
178,1,10.5740116837,7.0,13,0.015015015015,0,1.60045019897,0.772661086838,5,437
179,1,4.87773069979,1.0,6,0.017017017017,0,-0.157511114425,0.350264043063,5,341
180,1,4.42506999985,4.0,9,0.017017017017,0,-0.224923167519,0.0998395024068,5,367
181,1,0.0967159245501,0.0,1,0.017017017017,1,-1.60966751771,-0.0742815223219,5,241
182,1,7.32506253585,7.0,13,0.016016016016,0,0.846382214783,-0.214084108502,5,451
183,1,4.04297224727,1.0,6,0.017017017017,0,-0.540897532748,0.665664845509,5,345
184,1,6.52540801755,6.0,9,0.017017017017,0,0.611963379877,-0.310482122085,5,390
185,1,5.76689653875,1.0,7,0.016016016016,0,0.279751512204,-0.0723579978671,5,403
186,1,0.217276961824,0.0,1,0.015015015015,1,-1.79332112966,0.597240350794,5,308
187,1,7.58289236496,5.0,9,0.019019019019,0,0.989273100182,-0.384926935586,5,447
188,1,1.17333898855,1.0,2,0.015015015015,1,-1.22722380858,-0.144989585722,5,298
189,1,4.76026428769,4.0,11,0.015015015015,0,0.0349593633557,-0.344613802376,5,687
190,1,6.71362896376,0.0,9,0.016016016016,0,0.65404614445,-0.248509469591,5,588
191,1,5.43260899439,1.0,6,0.017017017017,0,0.391582734494,-0.742139209094,5,404
192,1,7.91590967048,6.0,12,0.016016016016,0,0.930078006289,0.125675651611,5,885
193,1,8.10134075086,7.0,10,0.015015015015,0,0.908033908503,0.377239025351,5,737
194,1,2.74422202429,2.0,4,0.016016016016,0,-0.728520520856,-0.0702164131456,5,450
195,1,9.80884923881,8.0,17,0.017017017017,0,1.67205806106,-0.207324944359,5,999
196,1,5.37476474828,0.0,14,0.015015015015,0,0.00895109992089,0.347911448522,5,959
197,1,3.98262240153,0.0,14,0.016016016016,0,-0.377948965439,0.11646929785,5,916
198,1,0.24709043382,0.0,5,0.015015015015,0,-1.3716299574,-0.638019693974,5,680
199,1,7.49618514978,6.0,10,0.016016016016,0,1.28801313309,-1.3678542495,5,767
200,1,2.38849181753,0.0,3,0.016016016016,0,-0.711591129516,-0.476734793925,5,509
201,1,3.55187032749,3.0,4,0.016016016016,1,-0.513351583726,0.0919250786652,5,533
202,1,4.55096256511,0.0,11,0.016016016016,0,-0.0826410878054,-0.201114171474,5,854
203,1,7.5139438165,7.0,10,0.018018018018,0,0.756700127125,0.243843435129,5,820
204,1,6.16739952369,1.0,7,0.016016016016,0,0.255906655007,0.399679558669,5,748
205,1,1.86553983542,1.0,3,0.016016016016,0,-0.943747174996,-0.303218639596,5,566
206,1,7.41142565983,7.0,9,0.017017017017,0,0.759169072008,0.133918443802,5,766
207,1,6.10062717178,5.0,15,0.015015015015,0,0.318432448196,0.145329827193,5,889
208,1,9.23796404368,0.0,10,0.015015015015,0,1.22403679929,0.565853645808,5,825
209,1,2.02519394912,0.0,5,0.016016016016,0,-1.01249534255,0.0626799767794,5,666
210,1,4.65710040772,1.0,15,0.017017017017,0,-0.246783611423,0.39745124199,5,861
211,1,4.67020858793,2.0,9,0.016016016016,0,-0.250358876586,0.421285217685,5,764
212,1,4.70291061988,3.0,6,0.017017017017,0,0.0542599313658,-0.459869174221,5,576
213,1,7.78838208314,6.0,11,0.018018018018,0,1.32863135758,-1.1975119896,5,819
214,1,10.1884874689,7.0,15,0.015015015015,0,1.49060511553,0.716672122348,5,919
215,1,6.00692031685,5.0,7,0.015015015015,0,0.33198426432,0.010967523892,5,719
216,1,3.62619963463,3.0,4,0.014014014014,1,-0.0179396588668,-1.31998138877,5,570
217,1,4.42486797037,3.0,7,0.014014014014,0,0.0433776424299,-0.705264956924,5,600
218,1,2.39597212331,2.0,3,0.016016016016,1,-0.860179783572,-0.0234885259782,5,514
219,1,2.28671582613,1.0,12,0.016016016016,0,-0.797599304056,-0.320486261705,5,779
220,1,0.829938491331,0.0,1,0.015015015015,1,-1.58948811935,0.598402849393,5,30
221,1,7.43464915657,4.0,15,0.017017017017,0,0.820432014533,-0.0266468870344,5,910
222,1,11.5841566191,8.0,12,0.017017017017,0,1.83397110086,1.08224331647,5,693
223,1,7.48805223999,4.0,8,0.017017017017,0,0.80695848153,0.0671767953987,5,540
224,1,7.33562501859,7.0,13,0.016016016016,0,0.639788680875,0.416258975965,5,629
225,1,2.80088204882,2.0,6,0.015015015015,0,-0.806114076201,0.219224277422,5,176
226,1,4.42036899266,4.0,6,0.015015015015,0,-0.221929555281,0.0861576585067,5,427
227,1,7.25263311171,7.0,10,0.015015015015,0,0.712641007626,0.114710088837,5,551
228,1,-0.117015641897,,0,0.016016016016,1,-1.66972638605,-0.107836483738,5,29
229,1,6.05027552588,6.0,7,0.015015015015,1,0.270636782768,0.238365177573,5,444
230,1,2.63211124065,2.0,3,0.016016016016,1,-0.542342738428,-0.740860544062,5,159
231,1,6.85835004353,,11,0.017017017017,0,0.519442056936,0.300023872718,5,489
232,1,-0.211537545027,,1,0.015015015015,0,-1.93199128152,0.584436299543,5,96
233,1,0.680145885683,,2,0.017017017017,0,-1.22287431425,-0.651231171565,5,152
234,1,4.03318715222,2.0,6,0.015015015015,0,-0.128869919063,-0.58020309059,5,469
235,1,4.80439468619,4.0,14,0.015015015015,0,-0.117135782895,0.155802034872,5,801
236,1,6.36825449642,4.0,7,0.017017017017,0,0.205077429965,0.753022206527,5,455
237,1,5.08261005943,3.0,7,0.015015015015,0,0.118988696205,-0.274356029186,5,484
238,1,6.41200199689,6.0,10,0.017017017017,0,0.430819322182,0.119544030343,5,621
239,1,6.9604480599,3.0,10,0.015015015015,0,0.598190178847,0.165877523355,5,667
240,1,2.33791039944,1.0,5,0.018018018018,0,-0.881360254616,-0.0180088367131,5,234
241,1,10.7319050647,5.0,13,0.016016016016,0,1.84585407759,0.194342831957,5,738
242,1,9.47688999791,9.0,13,0.015015015015,0,1.52925392629,-0.110871780953,5,769
243,1,8.37231944259,1.0,14,0.015015015015,0,0.908083695256,0.648068356818,5,869
244,1,8.83187720114,3.0,12,0.016016016016,0,1.55129047658,-0.821994228612,5,733
245,1,3.9134377767,3.0,5,0.017017017017,0,-0.550559232155,0.565115473164,5,547
246,1,3.67772263668,3.0,6,0.017017017017,0,-0.363683225224,-0.231227687652,5,549
247,1,5.29726577744,4.0,8,0.017017017017,0,0.00385877618278,0.285689448894,5,608
248,1,7.10144406259,5.0,8,0.019019019019,0,0.752026751869,-0.154636193018,5,585
249,1,4.42432700988,1.0,12,0.016016016016,0,-0.258312112187,0.199263346438,5,758
250,1,3.42622024899,1.0,10,0.016016016016,0,-0.55729473763,0.0981044618802,5,640
251,1,7.59187823623,3.0,10,0.014014014014,0,0.774148525411,0.269432659998,5,657
252,1,1.03009703192,0.0,3,0.017017017017,0,-1.29041052743,-0.098671385781,5,306
253,1,3.03207028405,0.0,4,0.016016016016,0,-0.63036281891,-0.0768412592176,5,330
254,1,10.1343071987,4.0,16,0.016016016016,0,1.40342649635,0.924027709588,5,827
255,1,-1.03104566793,,0,0.015015015015,1,-1.93696913638,-0.2201382588,5,195
256,1,5.60800296613,0.0,6,0.017017017017,0,0.152337431961,0.150990670244,5,391
257,1,0.964606213397,0.0,9,0.015015015015,0,-1.30712717892,-0.114012249848,5,593
258,1,2.27196278122,0.0,7,0.016016016016,0,-0.92826626368,0.0567615722606,5,498
259,1,2.54473118195,2.0,4,0.016016016016,0,-0.988938354002,0.511546243959,5,266
260,1,1.30428238049,1.0,2,0.017017017017,1,-0.997312736606,-0.703779409688,5,262
261,1,8.38404728834,7.0,14,0.017017017017,0,1.32241918599,-0.583210269622,5,573
262,1,3.62091315648,1.0,7,0.016016016016,0,-0.625295904745,0.496800870717,5,269
263,1,3.9377627643,,8,0.014014014014,0,-0.495069030049,0.422969854451,5,362
264,1,7.36529532878,7.0,15,0.017017017017,0,0.572301400942,0.64839112596,5,611
265,1,9.09491640152,9.0,12,0.014014014014,0,1.27425037392,0.272165279763,5,544
266,1,4.3647421237,4.0,6,0.015015015015,0,-0.370798442125,0.477137450081,5,259
267,1,4.61240342655,4.0,5,0.015015015015,1,-0.0986100204094,-0.0917665122186,5,182
268,1,9.04503054524,9.0,11,0.017017017017,0,1.09808236026,0.750783464462,5,376
269,1,0.309629202415,0.0,6,0.015015015015,0,-1.25448655847,-0.926911122179,5,201
270,1,-1.01569277377,,1,0.018018018018,0,-1.9811835476,-0.0721421309639,5,33
271,1,-0.340015463753,,2,0.015015015015,0,-1.90472914453,0.374171969833,5,34
272,1,1.05977400002,1.0,2,0.013013013013,1,-1.53805771391,0.673947141763,5,66
273,1,3.468975321,3.0,5,0.017017017017,0,-0.480557378817,-0.0893525425541,5,112
274,1,3.08608549367,3.0,4,0.017017017017,1,-0.427417350028,-0.631662456246,5,82
275,1,8.99110589705,,9,0.018018018018,0,1.10791403245,0.667363799707,5,197
276,1,8.18596165195,2.0,13,0.016016016016,0,0.991288185028,0.212097096867,5,355
277,1,5.05080059533,1.0,11,0.016016016016,0,0.165492790355,-0.445677775731,5,268
278,1,0.346401121983,,1,0.016016016016,0,-1.588184166,0.110953619983,5,7
279,1,2.126046734,1.0,6,0.015015015015,0,-0.806120284825,-0.45559241152,5,136
280,1,7.96184323212,6.0,10,0.018018018018,0,0.976497028859,0.0323521455469,5,249
281,1,8.18387030183,7.0,9,0.016016016016,0,0.959182444155,0.306322969367,5,225
282,1,2.75988105873,2.0,13,0.014014014014,0,-0.804487669488,0.173344067194,5,322
283,1,3.96381123224,3.0,16,0.017017017017,0,-0.244303179192,-0.303279230186,5,416
284,1,5.14201268541,3.0,6,0.016016016016,0,-0.0143491002236,0.185059986085,5,192
285,1,2.28307638985,2.0,12,0.016016016016,0,-0.994554425556,0.266739666522,5,301
286,1,-0.0724331248741,,0,0.015015015015,1,-1.36933051493,-0.964441580075,5,43
287,1,5.10251651,5.0,12,0.017017017017,0,-0.0462245821586,0.241190256476,5,284
288,1,2.26819979163,0.0,3,0.017017017017,0,-1.09944893296,0.566546590514,5,190
289,1,2.86946793849,2.0,3,0.019019019019,1,-0.664460368102,-0.137150957202,5,114
290,1,7.81634101384,6.0,15,0.016016016016,0,0.592688910986,1.03827428089,5,775
291,1,5.58703603714,4.0,8,0.015015015015,0,0.301926164173,-0.318742455382,5,275
292,1,6.81777410566,4.0,7,0.017017017017,0,0.647062799291,-0.123414292213,5,246
293,1,2.64352675781,0.0,3,0.017017017017,0,-1.09059712263,0.915318125709,5,109
294,1,0.234918764727,0.0,1,0.015015015015,1,-1.75767984524,0.507958300456,5,47
295,1,3.10974827934,0.0,10,0.014014014014,0,-0.702995907584,0.218736002094,5,359
296,1,4.56987883146,4.0,5,0.015015015015,1,-0.405201278285,0.785482666312,5,233
297,1,5.45775702826,4.0,12,0.015015015015,0,0.308693864798,-0.46832456614,5,662
298,1,3.50128860327,1.0,10,0.016016016016,0,-0.679419451696,0.539546958361,5,465
299,1,4.96142625893,3.0,6,0.017017017017,0,-0.248623918552,0.707298014582,5,323
300,1,9.14705549386,8.0,14,0.017017017017,0,1.27947070061,0.308643392048,5,772
301,1,0.397905595988,,1,0.017017017017,0,-1.61696074138,0.248787820142,5,63
302,1,3.39967841646,3.0,4,0.017017017017,1,-0.489957436491,-0.130449274067,5,333
303,1,8.19674611657,8.0,9,0.019019019019,1,1.03094344257,0.103915788844,5,622
304,1,7.89831462672,2.0,8,0.017017017017,0,0.871332994427,0.284315643436,5,639
305,1,6.85670222659,5.0,8,0.013013013013,0,0.732295179281,-0.340183311252,5,828
306,1,8.39902954856,7.0,11,0.015015015015,0,1.32503538204,-0.576076597553,5,842
307,1,4.88822546841,3.0,6,0.016016016016,0,0.115490698813,-0.458246628031,5,750
308,1,5.52843245697,3.0,7,0.015015015015,0,0.142189796171,0.101863068458,5,812
309,1,3.31302865394,3.0,5,0.016016016016,0,-0.469460076919,-0.278591115301,5,660
310,1,2.21817376409,1.0,11,0.016016016016,0,-0.855476641054,-0.215396312748,5,843
311,1,5.34069822539,3.0,15,0.017017017017,0,0.312381777352,-0.596447106668,5,902
312,1,2.63469505131,2.0,6,0.016016016016,0,-0.805738974088,0.0519119735764,5,813
313,1,12.5723889198,7.0,13,0.018018018018,0,2.36040627092,0.491170107052,5,844
314,1,7.51553642088,6.0,16,0.017017017017,0,0.738493909074,0.300054693659,5,912
315,1,2.67150802212,0.0,9,0.014014014014,0,-0.808775191334,0.0978335961209,5,856
316,1,8.99358350536,5.0,11,0.016016016016,0,1.22299376467,0.32460221135,5,880
317,1,1.69039581051,0.0,5,0.016016016016,0,-0.88972479893,-0.640429792704,5,789
318,1,3.56105144136,0.0,5,0.018018018018,0,-0.41176672008,-0.203648398405,5,765
319,1,2.50417043951,0.0,14,0.017017017017,0,-1.01170280036,0.539278840605,5,892
320,1,2.86027706552,0.0,18,0.018018018018,0,-0.833923552223,0.362047722191,5,949
321,1,4.03893735445,4.0,6,0.016016016016,0,-0.554366707929,0.702037478233,5,780
322,1,5.7007429103,3.0,12,0.02002002002,0,0.447032182716,-0.640353637851,5,841
323,1,1.6197152018,1.0,6,0.017017017017,0,-1.05852333447,-0.204714794783,5,731
324,1,3.62210385877,0.0,15,0.017017017017,0,-0.598444845261,0.417438394552,5,891
325,1,3.66999862239,3.0,6,0.016016016016,0,-0.586554500911,0.42966212512,5,727
326,1,2.43118735419,2.0,5,0.015015015015,0,-0.639050504438,-0.651661132495,5,725
327,1,8.77154006736,3.0,12,0.017017017017,0,1.40978846007,-0.457825312856,5,783
328,1,5.66164036828,2.0,6,0.016016016016,0,0.653608528064,-1.29918521591,5,722
329,1,6.30937539696,4.0,10,0.016016016016,0,0.435658787935,0.00239903315385,5,774
330,1,2.02936251031,1.0,8,0.017017017017,0,-0.664737137065,-0.976426078493,5,721
331,1,2.15135678547,2.0,4,0.015015015015,0,-0.76926392844,-0.540851429206,5,477
332,1,6.17223162477,4.0,13,0.015015015015,0,0.170786280495,0.659872783283,5,811
333,1,4.91852165035,2.0,10,0.018018018018,0,-0.332716158186,0.916670124903,5,682
334,1,4.96593218534,3.0,5,0.014014014014,0,-0.120098458193,0.326227559916,5,406
335,1,2.56543158273,1.0,10,0.016016016016,0,-0.718405516088,-0.279351869003,5,564
336,1,5.65130375228,3.0,6,0.016016016016,0,0.224323718536,-0.0216674033309,5,366
337,1,2.77356779291,2.0,4,0.016016016016,0,-0.752632260547,0.0314645745454,5,288
338,1,5.04786052668,4.0,9,0.018018018018,0,0.298545742985,-0.84777670227,5,441
339,1,2.22741582052,2.0,3,0.016016016016,1,-1.04872396974,0.373587729729,5,130
340,1,6.77192206723,6.0,9,0.016016016016,0,0.48338802423,0.321757994539,5,417
341,1,0.412623731328,,1,0.015015015015,0,-1.58936743353,0.180726031905,5,22
342,1,9.27434170243,9.0,13,0.015015015015,0,1.55266581059,-0.383655729338,5,511
343,1,4.84270820722,2.0,7,0.017017017017,0,-0.138029810174,0.256797637745,5,196
344,1,6.51983972858,4.0,8,0.015015015015,0,0.325328030549,0.543855636932,5,226
345,1,7.95820848992,6.0,14,0.015015015015,0,0.587923544815,1.19443785547,5,598
346,1,6.38768566022,6.0,12,0.016016016016,0,0.4906551252,-0.0842797153799,5,407
347,1,2.56746174646,,4,0.016016016016,0,-0.642287036254,-0.505677144783,5,124
348,1,5.8534650425,5.0,9,0.016016016016,0,0.307115321115,-0.0678809208472,5,194
349,1,-0.633560475037,,1,0.016016016016,0,-1.57210120206,-0.917256868864,5,41
350,1,4.8514390218,4.0,6,0.016016016016,0,-0.0601804017299,0.0319802269917,5,138
351,1,2.91770727493,0.0,7,0.016016016016,0,-0.966041122627,0.815830642807,5,145
352,1,0.092341555944,,2,0.017017017017,0,-1.80691538454,0.513087709562,5,87
353,1,8.43988059347,0.0,12,0.017017017017,0,1.24337765476,-0.290252370817,5,238
354,1,7.29643860529,5.0,9,0.016016016016,0,0.60103016262,0.493348117428,5,163
355,1,6.6371094639,0.0,7,0.016016016016,0,0.308849541192,0.710560840327,5,121
356,1,1.81322455474,0.0,2,0.017017017017,0,-1.02453322037,-0.113175784142,5,71
357,1,1.61796516886,1.0,3,0.016016016016,0,-1.09792888006,-0.0882481909609,5,75
358,1,7.02924728518,5.0,9,0.014014014014,0,0.580665451031,0.287250932083,5,220
359,1,7.30334636626,6.0,14,0.017017017017,0,0.619532784475,0.444748012838,5,248
360,1,2.87160803319,1.0,3,0.015015015015,0,-1.03238000095,0.968748036034,5,100
361,1,-1.40195029307,,0,0.016016016016,1,-2.22774382186,0.28128117251,5,50
362,1,8.9056289891,7.0,9,0.015015015015,0,1.3756918003,-0.221446411804,5,227
363,1,0.958219992434,0.0,3,0.014014014014,0,-1.11550915415,-0.695252545117,5,81
364,1,8.34489536577,4.0,13,0.017017017017,0,1.03605199711,0.236739374454,5,364
365,1,5.93257479086,5.0,6,0.017017017017,1,0.276578767288,0.102838488998,5,184
366,1,2.99675838772,0.0,7,0.016016016016,0,-0.717404058276,0.148970562548,5,228
367,1,9.00170164521,9.0,10,0.016016016016,1,1.13146192624,0.607315866504,5,299
368,1,-0.846757074401,,3,0.016016016016,0,-1.97624958928,0.0819916934507,5,113
369,1,9.64580881334,8.0,12,0.017017017017,0,1.65475211376,-0.318447527946,5,363
370,1,6.41175496497,3.0,8,0.017017017017,0,0.441845722441,0.0862177976421,5,257
371,1,2.59032543209,1.0,10,0.016016016016,0,-0.638433353005,-0.494374508895,5,495
372,1,6.0949216788,6.0,10,0.014014014014,0,0.424047350622,-0.177220373068,5,577
373,1,1.72316928477,0.0,3,0.015015015015,0,-1.00875594957,-0.25056286653,5,207
374,1,4.04509688119,2.0,5,0.015015015015,0,-0.545015030915,0.68014197394,5,353
375,1,0.216012738119,0.0,1,0.015015015015,1,-1.57259507606,-0.0662020337162,5,129
376,1,7.95749990916,5.0,14,0.019019019019,0,1.14972784806,-0.491683635025,5,625
377,1,5.3517776173,3.0,14,0.016016016016,0,0.180111318132,-0.188556337094,5,714
378,1,3.65169431999,0.0,5,0.015015015015,0,-0.384283054861,-0.195456515426,5,497
379,1,5.81910744006,2.0,6,0.015015015015,0,0.361865708457,-0.266489685306,5,610
380,1,6.36251855845,2.0,7,0.014014014014,0,0.745731576715,-0.8746761717,5,636
381,1,7.89405979124,4.0,8,0.015015015015,0,0.980494463604,-0.0474235995701,5,670
382,1,5.51580060062,3.0,9,0.017017017017,0,0.111595032563,0.181015502936,5,641
383,1,4.39212828708,4.0,5,0.016016016016,1,-0.213784746527,0.0334825266633,5,615
384,1,2.31868465113,1.0,15,0.018018018018,0,-0.845921358233,-0.14355127417,5,730
385,1,8.71928394755,3.0,14,0.015015015015,0,1.14925813438,0.271509544403,5,807
386,1,6.41211544703,5.0,15,0.015015015015,0,0.294888423215,0.527450177386,5,893
387,1,9.33522371902,6.0,15,0.017017017017,0,1.16246656821,0.847824014384,5,761
388,1,4.92903196625,4.0,5,0.015015015015,1,-0.142283383456,0.355882116619,5,552
389,1,9.3974487892,9.0,11,0.015015015015,0,1.62276831123,-0.470856144501,5,678
390,1,9.52620695907,9.0,10,0.017017017017,1,1.36227657364,0.43937723816,5,562
391,1,6.71473567235,0.0,7,0.017017017017,0,0.116175285634,1.36620981544,5,346
392,1,3.32809547771,3.0,6,0.015015015015,0,-0.444610066502,-0.33807432278,5,243
393,1,6.06829734664,2.0,9,0.017017017017,0,0.611414481116,-0.765946096706,5,265
394,1,6.16823033965,6.0,8,0.016016016016,0,0.374318138541,0.0452759240295,5,264
395,1,7.60796680216,2.0,8,0.017017017017,0,1.13021107996,-0.782666437713,5,206
396,1,5.64991292516,3.0,7,0.014014014014,0,0.0390454347917,0.532776620784,5,188
397,1,2.72342966399,2.0,3,0.016016016016,1,-0.707449716019,-0.154221187951,5,99
398,1,3.99619061667,3.0,4,0.016016016016,1,-0.515162506707,0.541678136794,5,106
399,1,1.96466723212,,2,0.016016016016,0,-0.933087388329,-0.236070602889,5,37
400,1,0.594929342016,,1,0.016016016016,0,-1.79716691899,0.986430098987,5,10
401,1,3.48929749704,2.0,7,0.016016016016,0,-0.608100820913,0.313599959776,5,146
402,1,5.0467009037,,6,0.016016016016,0,-0.098446030204,0.342038994311,5,125
403,1,6.84973173398,6.0,10,0.018018018018,0,0.531189938928,0.256161917196,5,154
404,1,2.54562420842,1.0,7,0.015015015015,0,-0.836899422349,0.0563224754647,5,131
405,1,-0.616874958713,,0,0.015015015015,1,-1.58440142927,-0.863670670904,5,4
406,1,7.56026642691,3.0,9,0.015015015015,0,0.900657631435,-0.141706467392,5,185
407,1,-2.37096176871,,3,0.018018018018,0,-2.39454575005,-0.187324518567,5,72
408,1,9.53856860281,8.0,10,0.016016016016,0,1.15400689234,1.0765479258,5,379
409,1,4.30202843862,3.0,11,0.016016016016,0,-0.300640496393,0.203949927799,5,520
410,1,3.01813242872,1.0,5,0.017017017017,0,-0.425158285376,-0.706392715148,5,161
411,1,7.08116701884,7.0,9,0.016016016016,0,0.726231737926,-0.097528194941,5,616
412,1,9.90397406235,3.0,15,0.016016016016,0,1.42889184899,0.617298515373,5,878
413,1,3.76098812326,,5,0.016016016016,0,-0.448348853004,0.106034682275,5,252
414,1,6.50263618882,4.0,8,0.014014014014,0,0.422975124378,0.233710815687,5,743
415,1,10.5467241641,10.0,13,0.015015015015,0,1.82621204297,0.0680880351734,5,877
416,1,4.36171090779,0.0,11,0.014014014014,0,-0.31053003359,0.293301008561,5,806
417,1,11.2402350227,11.0,13,0.019019019019,0,1.88096157478,0.59735029834,5,823
418,1,4.13721332033,4.0,6,0.016016016016,0,-0.264236249718,-0.0700779305204,5,643
419,1,5.42762695845,2.0,13,0.017017017017,0,0.0778537086132,0.194065832607,5,829
420,1,9.41958906994,8.0,14,0.015015015015,0,1.26102121319,0.63652543037,5,882
421,1,-0.716908947642,,0,0.013013013013,1,-1.87376301162,-0.0956199127927,5,90
422,1,9.14730398994,6.0,11,0.016016016016,0,1.59736205115,-0.644782163515,5,786
423,1,4.26350479743,3.0,5,0.018018018018,0,-0.2806095607,0.105333479531,5,561
424,1,2.14154940983,2.0,5,0.018018018018,0,-0.922662308282,-0.0904636653273,5,468
425,1,10.4707388652,10.0,16,0.016016016016,0,1.9749001338,-0.453961536232,5,991
426,1,9.298349275,5.0,11,0.017017017017,0,1.07767585319,1.06532171542,5,756
427,1,5.99965221802,4.0,7,0.016016016016,0,0.152361429767,0.542567928716,5,554
428,1,2.50151466379,1.0,10,0.016016016016,0,-0.674552602109,-0.474827529887,5,665
429,1,3.92083256483,3.0,11,0.014014014014,0,-0.527065223215,0.502028234473,5,778
430,1,3.71926744468,3.0,6,0.018018018018,0,-0.745750086565,0.95651770437,5,352
431,1,-0.207652343741,,1,0.018018018018,0,-1.49370865889,-0.72652636706,5,25
432,1,4.11507615209,4.0,7,0.015015015015,0,-0.246076129581,-0.146695459168,5,494
433,1,4.0429445643,3.0,5,0.013013013013,0,-0.303452604766,-0.0466976214002,5,502
434,1,4.7448753665,,14,0.018018018018,0,-0.0783804844975,-0.0199831800125,5,688
435,1,4.59329202068,4.0,5,0.015015015015,1,0.111057225119,-0.73987965468,5,349
436,1,-2.12146763258,,0,0.015015015015,1,-2.20631832768,-0.502512649539,5,20
437,1,6.15650097353,6.0,18,0.018018018018,0,0.453530569209,-0.204090734095,5,900
438,1,2.47025343737,0.0,3,0.016016016016,0,-0.580820358968,-0.787285485725,5,27
439,1,6.90856728956,5.0,8,0.018018018018,0,0.379835799847,0.769059890017,5,491
440,1,6.3496353222,4.0,10,0.015015015015,0,0.0510957105127,1.19634819066,5,542
441,1,4.37754813345,4.0,5,0.015015015015,1,-0.284073297691,0.229768026522,5,320
442,1,2.83156437483,0.0,3,0.017017017017,0,-0.684958532208,-0.113560028552,5,44
443,1,10.3141317983,4.0,12,0.015015015015,0,1.78459880263,-0.0396646096375,5,574
444,1,0.596552029204,,1,0.016016016016,0,-1.35624549251,-0.334711493255,5,24
445,1,4.11246116633,4.0,8,0.017017017017,0,-0.341592937056,0.137239977493,5,381
446,1,12.3130474401,12.0,16,0.017017017017,0,2.49538161614,-0.173097408324,5,601
447,1,5.67224154908,2.0,11,0.015015015015,0,0.0188618396985,0.615656029981,5,530
448,1,6.09213489028,3.0,7,0.019019019019,0,0.0705900313925,0.880364796102,5,329
449,1,3.09773137666,3.0,4,0.016016016016,1,-0.561842314941,-0.216741678519,5,317
450,1,8.59672780905,6.0,11,0.017017017017,0,1.27655838844,-0.232947356271,5,483
451,1,3.41475855427,2.0,12,0.015015015015,0,-0.785197634214,0.770351456916,5,508
452,1,6.77072733504,5.0,9,0.016016016016,0,0.526618338823,0.190872318569,5,339
453,1,3.54199023446,3.0,8,0.016016016016,0,-0.572212992764,0.258629212752,5,336
454,1,6.73011066177,6.0,7,0.02002002002,1,0.731184215454,-0.463441984587,5,296
455,1,5.1664217617,,6,0.016016016016,0,0.161215604537,-0.317225051914,5,276
456,1,4.52268949629,4.0,11,0.015015015015,0,-0.274735501575,0.34689600101,5,344
457,1,4.43305913781,4.0,16,0.017017017017,0,-0.295792566067,0.320436836013,5,651
458,1,0.551614985377,,2,0.017017017017,0,-1.42632551112,-0.169408481256,5,149
459,1,-0.0273345027683,,0,0.015015015015,1,-1.70175751505,0.0779380423829,5,3
460,1,0.250668766442,,1,0.017017017017,0,-1.44985582204,-0.39976376743,5,5
461,1,5.62156251164,5.0,8,0.015015015015,0,0.130313383773,0.230622360319,5,294
462,1,0.32565045869,0.0,5,0.017017017017,0,-1.36561189267,-0.577513863301,5,187
463,1,6.34625913661,6.0,7,0.015015015015,1,0.523806379844,-0.225160002926,5,287
464,1,7.77588614953,7.0,13,0.015015015015,0,1.0269791417,-0.305051275565,5,356
465,1,5.78602718628,3.0,8,0.017017017017,0,0.162961114634,0.297143842374,5,303
466,1,8.53791788066,5.0,9,0.015015015015,0,1.05126542912,0.384121593305,5,310
467,1,0.93401313967,,2,0.016016016016,0,-1.55250423449,0.591525843133,5,17
468,1,-0.974465672961,,1,0.016016016016,0,-1.94954986236,-0.125816085876,5,14
469,1,2.01922598668,2.0,5,0.017017017017,0,-0.887692867924,-0.317695409545,5,247
470,1,5.61413523727,4.0,10,0.014014014014,0,0.261742839571,-0.171093281443,5,370
471,1,5.22867315363,2.0,11,0.015015015015,0,0.0867861910794,-0.0316854196062,5,350
472,1,6.70794729383,6.0,8,0.016016016016,0,0.402418158015,0.50069281979,5,324
473,1,7.24454327619,3.0,9,0.015015015015,0,0.837260706218,-0.267238842463,5,326
474,1,5.32485713687,1.0,12,0.015015015015,0,0.248913095733,-0.421882150324,5,709
475,1,1.14686846567,1.0,11,0.015015015015,0,-1.25162900997,-0.0982445044179,5,466
476,1,10.7917189545,8.0,11,0.016016016016,0,1.45478317273,1.42736943631,5,454
477,1,1.16898106303,1.0,2,0.016016016016,1,-1.20385910883,-0.219441610491,5,256
478,1,0.747253062752,0.0,1,0.016016016016,1,-1.34828215007,-0.20790048705,5,314
479,1,2.92106036939,0.0,4,0.016016016016,0,-0.616327509818,-0.22995710116,5,325
480,1,-1.25662430661,,0,0.015015015015,1,-2.02710124379,-0.175320575253,5,102
481,1,2.8226108774,2.0,17,0.017017017017,0,-0.793739495015,0.203829362444,5,909
482,1,5.37946126944,3.0,10,0.016016016016,0,0.217010741599,-0.271570955356,5,475
483,1,2.66186012193,2.0,4,0.017017017017,0,-0.526515939536,-0.758592059459,5,411
484,1,10.7360608644,6.0,11,0.015015015015,0,1.97977864682,-0.203275076023,5,594
485,1,7.66264273348,6.0,14,0.016016016016,0,0.428542416857,1.37701548291,5,663
486,1,3.11205494743,1.0,6,0.013013013013,0,-0.804463577093,0.525445678709,5,421
487,1,4.66873367761,3.0,7,0.018018018018,0,-0.0134924436317,-0.290788991499,5,458
488,1,6.04707707106,2.0,9,0.015015015015,0,0.278535844962,0.211469536175,5,506
489,1,4.15130421294,2.0,5,0.016016016016,0,-0.270048064819,-0.0385515926029,5,457
490,1,3.65177792175,1.0,7,0.015015015015,0,-0.176917619036,-0.817469221136,5,476
491,1,5.42532435059,1.0,6,0.016016016016,0,0.0775186079978,0.192768526597,5,460
492,1,7.47304920118,6.0,14,0.016016016016,0,0.717042973608,0.321920280351,5,734
493,1,6.91582504322,1.0,8,0.016016016016,0,0.618424678491,0.0605510077448,5,510
494,1,-0.921706202602,,0,0.017017017017,1,-1.79092662042,-0.548926341336,5,35
495,1,2.00727662345,2.0,4,0.016016016016,0,-0.909411401038,-0.264489173434,5,448
496,1,9.31777748879,2.0,14,0.016016016016,0,1.16790614522,0.814059053115,5,718
497,1,9.38089054459,7.0,15,0.015015015015,0,1.38664889831,0.220943849673,5,967
498,1,6.58768534726,2.0,9,0.015015015015,0,0.384190392121,0.435114170901,5,679
499,1,3.1094512184,1.0,6,0.015015015015,0,-0.882200756995,0.756053489388,5,535
500,1,6.97687756297,3.0,13,0.014014014014,0,0.544023796947,0.344806172129,5,833
501,1,1.70493154286,1.0,6,0.014014014014,0,-0.883252957522,-0.645309584576,5,538
502,1,6.29167377116,3.0,11,0.017017017017,0,0.365929827921,0.193884287393,5,606
503,1,0.133986227422,0.0,4,0.018018018018,0,-1.61573594212,-0.0188059462051,5,307
504,1,4.17947225964,2.0,11,0.017017017017,0,-0.12452440994,-0.446954510536,5,705
505,1,4.36321088045,0.0,12,0.016016016016,0,-0.217272871789,0.0150294958155,5,707
506,1,4.58532789076,1.0,9,0.018018018018,0,-0.0644448913601,-0.221337435163,5,541
507,1,3.602879141,0.0,9,0.015015015015,0,-0.374249792215,-0.274371482353,5,578
508,1,2.05496886725,2.0,3,0.017017017017,1,-0.784980033548,-0.590091032106,5,429
509,1,2.67865825863,1.0,3,0.018018018018,0,-0.631181187382,-0.427798179228,5,422
510,1,5.68567956798,2.0,7,0.014014014014,0,-0.137913583167,1.09942031748,5,513
511,1,5.14115015882,0.0,12,0.016016016016,0,0.114857274826,-0.203421665658,5,838
512,1,3.01572415153,2.0,5,0.017017017017,0,-0.72163455016,0.180627802009,5,439
513,1,12.6702451655,12.0,14,0.016016016016,0,2.61259001455,-0.16752487811,5,862
514,1,2.80155881789,2.0,4,0.017017017017,0,-0.688271406611,-0.133626962281,5,438
515,1,4.11150347193,3.0,7,0.017017017017,0,-0.386995051978,0.272488627867,5,445
516,1,11.8428527353,9.0,13,0.014014014014,0,1.7773640142,1.51076069268,5,760
517,1,1.78026261184,0.0,2,0.017017017017,0,-1.01046931245,-0.188329450798,5,223
518,1,12.7854305174,12.0,13,0.017017017017,1,2.98827940949,-1.1794077111,5,744
519,1,3.14518015746,3.0,4,0.013013013013,1,-0.340054803837,-0.834655431032,5,215
520,1,5.71415579053,4.0,9,0.016016016016,0,0.490860798759,-0.758426605751,5,529
521,1,11.2049238941,11.0,15,0.016016016016,0,1.85587619216,0.637295317577,5,835
522,1,6.17846248744,6.0,13,0.019019019019,0,0.334785761512,0.174105202909,5,698
523,1,3.41820984087,1.0,4,0.017017017017,0,-0.477824250916,-0.148317406381,5,178
524,1,11.3095322886,10.0,12,0.015015015015,0,2.01513888768,0.264115625542,5,726
525,1,-0.60222686821,,3,0.013013013013,0,-1.90114324193,0.101202857567,5,107
526,1,6.83046960399,5.0,7,0.015015015015,0,0.831992911719,-0.665509131165,5,410
527,1,-1.59347229823,,1,0.016016016016,0,-2.07293383179,-0.374670802872,5,73
528,1,7.7615697203,4.0,11,0.017017017017,0,0.795777139665,0.374238301307,5,492
529,1,-1.66527020919,,0,0.016016016016,1,-2.57175734108,1.05000181404,5,8
530,1,2.0394727597,1.0,3,0.018018018018,0,-1.11398814733,0.381437201691,5,88
531,1,4.27962975562,1.0,15,0.016016016016,0,0.0410394215021,-0.843488508885,5,681
532,1,3.58044918182,1.0,10,0.015015015015,0,-0.660843173497,0.562978702314,5,319
533,1,6.15555117291,2.0,9,0.017017017017,0,0.201712251954,0.550414417047,5,273
534,1,6.502818808,6.0,7,0.015015015015,1,0.37569848194,0.375723362178,5,167
535,1,2.15137212296,1.0,4,0.016016016016,0,-0.843868793561,-0.317021496354,5,151
536,1,6.15489191435,4.0,7,0.013013013013,0,0.601319842207,-0.649067612272,5,291
537,1,6.36267744224,1.0,12,0.014014014014,0,0.564013711384,-0.329363691914,5,387
538,1,2.67248921873,0.0,6,0.016016016016,0,-0.907051102858,0.393642527308,5,230
539,1,4.15024302045,0.0,8,0.015015015015,0,-0.427377829641,0.432376509373,5,300
540,1,0.741719596693,,1,0.018018018018,0,-1.17835883069,-0.723203911245,5,128
541,1,4.81675052078,1.0,5,0.015015015015,0,0.0696507434105,-0.392201709447,5,218
542,1,6.38004155562,5.0,10,0.016016016016,0,0.711389459728,-0.75412682357,5,385
543,1,6.4210514218,6.0,13,0.014014014014,0,0.845977066704,-1.11687977831,5,472
544,1,6.25552230473,2.0,9,0.014014014014,0,0.156796843403,0.785131774518,5,351
545,1,3.12675679639,2.0,4,0.016016016016,0,-0.601847769877,-0.0676998939826,5,209
546,1,10.0181316407,9.0,15,0.015015015015,0,1.94365226689,-0.812825159911,5,752
547,1,7.04651373584,6.0,11,0.016016016016,0,0.677943028765,0.0126846495474,5,357
548,1,-2.68691063892,,0,0.019019019019,1,-2.38613180594,-0.528515221085,5,12
549,1,7.69183976955,7.0,13,0.016016016016,0,0.814490416689,0.248368519479,5,409
550,1,7.73571630235,5.0,12,0.015015015015,0,0.797271624315,0.343901429402,5,471
551,1,2.85598383742,0.0,4,0.015015015015,0,-0.531662881308,-0.549027518656,5,160
552,1,8.29572751929,5.0,9,0.017017017017,0,1.3047877163,-0.618635629616,5,267
553,1,6.69409259814,4.0,9,0.015015015015,0,0.331161556351,0.70060792909,5,282
554,1,5.9271453572,5.0,10,0.015015015015,0,0.24655272912,0.187487169842,5,250
555,1,4.34608207244,4.0,6,0.02002002002,0,-0.30377516534,0.257407568463,5,133
556,1,7.29616477028,0.0,9,0.014014014014,0,0.879803604882,-0.343246044369,5,180
557,1,6.33799673634,2.0,9,0.017017017017,0,0.389437726821,0.169683555878,5,198
558,1,2.05787466154,2.0,3,0.017017017017,1,-1.19127735471,0.63170672567,5,57
559,1,-0.15282683198,,1,0.016016016016,0,-1.58885309325,-0.386267552216,5,36
560,1,-0.531205085255,,0,0.016016016016,1,-1.59342430437,-0.750932172136,5,21
561,1,7.21686658012,5.0,10,0.018018018018,0,0.355566119287,1.15016822226,5,173
562,1,4.3941867829,4.0,10,0.017017017017,0,-0.21502585059,0.0392643346693,5,175
563,1,2.26429582452,2.0,10,0.017017017017,0,-0.753226111408,-0.476025841262,5,156
564,1,1.16392540471,0.0,2,0.015015015015,0,-1.36800005022,0.267925555376,5,49
565,1,6.41640501697,6.0,7,0.016016016016,1,0.215577485214,0.769672561331,5,140
566,1,3.62184680805,3.0,4,0.017017017017,1,-0.507842879843,0.145375447584,5,65
567,1,8.27367963118,3.0,11,0.015015015015,0,1.38052895324,-0.867907228537,5,295
568,1,5.82647040205,1.0,6,0.015015015015,0,0.230892726165,0.133792223554,5,126
569,1,5.77632318904,3.0,6,0.016016016016,0,0.177717871112,0.243169575706,5,162
570,1,8.37000160284,4.0,12,0.018018018018,0,1.07091794971,0.15724775372,5,338
571,1,2.92659520199,2.0,3,0.017017017017,1,-0.6089206476,-0.246642855204,5,78
572,1,6.07365804032,4.0,8,0.016016016016,0,0.867999509494,-1.53034048816,5,193
573,1,8.4124437282,3.0,10,0.014014014014,0,0.858258844831,0.837667193707,5,434
574,1,4.38427096304,,7,0.014014014014,0,-0.369543066737,0.492900163248,5,214
575,1,10.1249336309,10.0,11,0.016016016016,1,2.13469200909,-1.27914239634,5,415
576,1,0.729539141497,,1,0.015015015015,0,-1.11071614934,-0.938312410495,5,26
577,1,8.6131460172,7.0,14,0.015015015015,0,1.32247177815,-0.354269317236,5,512
578,1,7.53019406998,7.0,8,0.018018018018,1,0.892055978908,-0.145973866744,5,369
579,1,3.93321394712,1.0,4,0.015015015015,0,-0.349309018931,-0.018858996087,5,170
580,1,9.8453041142,2.0,10,0.015015015015,0,1.24702066879,1.10424210784,5,480
581,1,9.56622863947,8.0,10,0.015015015015,0,1.12392413278,1.19445624113,5,505
582,1,-2.46849701958,,0,0.014014014014,1,-2.28926927852,-0.600689184032,5,19
583,1,3.05466136888,2.0,14,0.014014014014,0,-0.216242288521,-1.29661176556,5,776
584,1,4.15974898039,2.0,6,0.016016016016,0,-0.289647975954,0.0286929082486,5,464
585,1,5.36190381093,4.0,9,0.018018018018,0,-0.0541472293747,0.524345499054,5,380
586,1,4.46219155482,1.0,13,0.016016016016,0,0.285082729691,-1.39305663426,5,605
587,1,4.29478081949,4.0,5,0.015015015015,1,0.10922103703,-1.0328822916,5,463
588,1,3.47993008305,1.0,8,0.015015015015,0,-0.48914594447,-0.0526320835451,5,522
589,1,2.01001824278,2.0,3,0.016016016016,1,-0.949460233926,-0.141601055447,5,285
590,1,3.84409171217,3.0,7,0.015015015015,0,-0.155054987077,-0.6907433266,5,537
591,1,5.12634668375,4.0,14,0.018018018018,0,0.115399684766,-0.219852370544,5,671
592,1,5.76824522319,5.0,7,0.017017017017,0,0.435072327245,-0.536971758546,5,499
593,1,0.153551831343,0.0,1,0.016016016016,1,-1.60143686787,-0.0421375650615,5,231
594,1,6.94901876954,2.0,8,0.016016016016,0,0.555634781858,0.282114423962,5,604
595,1,5.0623089681,2.0,13,0.015015015015,0,0.244698975782,-0.671787959242,5,723
596,1,4.54755803549,2.0,7,0.014014014014,0,-0.0548057923794,-0.288024587373,5,649
597,1,-2.6395916558,,0,0.015015015015,1,-2.29894785849,-0.74274808035,5,18
598,1,4.83974535694,2.0,11,0.016016016016,0,0.0768730819808,-0.390873889001,5,689
599,1,2.25585116827,0.0,3,0.016016016016,0,-0.602148539628,-0.937703212844,5,558
600,1,7.51315348398,2.0,12,0.013013013013,0,0.872138033718,-0.103260617173,5,834
601,1,6.40069733031,6.0,9,0.016016016016,0,0.333430380792,0.400406187939,5,668
602,1,4.7688144065,2.0,9,0.018018018018,0,-0.0722601645065,-0.0144050999781,5,656
603,1,2.01636697917,2.0,13,0.016016016016,0,-0.88072410422,-0.341460708175,5,736
604,1,5.56713954577,4.0,7,0.016016016016,0,0.326328477617,-0.411845887082,5,638
605,1,6.71483453482,5.0,7,0.018018018018,0,0.420265851586,0.454036980056,5,635
606,1,7.88138185913,1.0,16,0.016016016016,0,0.985242865369,-0.0743467369797,5,884
607,1,6.02086472819,4.0,13,0.016016016016,0,0.338596356058,0.00507566001287,5,724
608,1,5.80000096668,4.0,8,0.014014014014,0,0.146761338219,0.359716952019,5,646
609,1,8.18761943402,6.0,11,0.014014014014,0,1.00562886071,0.170732851884,5,684
610,1,4.88640973305,4.0,6,0.016016016016,0,0.37052382477,-1.22516174126,5,597
611,1,4.47293150912,2.0,5,0.018018018018,0,-0.1865366399,0.0325414288217,5,592
612,1,-0.617861148116,,0,0.017017017017,1,-1.68023090695,-0.577168427273,5,6
613,1,2.37282687919,2.0,3,0.015015015015,1,-1.13880077368,0.789229200226,5,258
614,1,7.40818205569,4.0,9,0.018018018018,0,0.745831550021,0.170687405627,5,591
615,1,1.96982737791,1.0,2,0.015015015015,1,-0.789785812561,-0.66081518441,5,97
616,1,4.59145643544,4.0,10,0.015015015015,0,-0.224225223744,0.264132106666,5,655
617,1,4.30995242216,4.0,15,0.016016016016,0,-0.251951410695,0.0658066542482,5,814
618,1,7.20605195931,5.0,15,0.018018018018,0,1.04564628991,-0.930886910421,5,695
619,1,5.99768922818,4.0,7,0.016016016016,0,0.241570451926,0.2729778724,5,590
620,1,-0.0267934741161,,1,0.016016016016,0,-1.63304330894,-0.127663547292,5,39
621,1,1.99568518263,1.0,3,0.016016016016,0,-1.31948076443,0.954127475916,5,482
622,1,8.93632565971,2.0,12,0.015015015015,0,1.45544705754,-0.430015512926,5,686
623,1,2.67676404737,2.0,6,0.014014014014,0,-0.72666170523,-0.14325083694,5,557
624,1,3.03530228006,1.0,5,0.016016016016,0,-0.888806876231,0.701722908754,5,534
625,1,5.73803515378,2.0,12,0.016016016016,0,0.184136175265,0.18562662799,5,618
626,1,5.47340579493,5.0,11,0.015015015015,0,0.0507457325688,0.321168597224,5,607
627,1,8.83349747241,3.0,10,0.018018018018,0,0.907747495528,1.11025498583,5,586
628,1,2.43202553963,2.0,4,0.017017017017,0,-0.797229921795,-0.176284694984,5,487
629,1,5.54309157261,0.0,11,0.014014014014,0,0.371513959577,-0.571450306124,5,645
630,1,2.82874582163,1.0,3,0.019019019019,0,-0.615690812909,-0.324181739644,5,424
631,1,1.43343875024,1.0,2,0.016016016016,1,-1.0247945658,-0.492177552363,5,462
632,1,3.99965024015,1.0,5,0.016016016016,0,-0.301552167791,-0.0956932564765,5,553
633,1,2.63206539216,1.0,14,0.015015015015,0,-0.800123784222,0.0324367448255,5,846
634,1,3.81990167665,1.0,5,0.015015015015,0,-0.23909127192,-0.462824507588,5,521
635,1,8.67712652964,1.0,12,0.017017017017,0,1.18593112828,0.119333144816,5,648
636,1,6.75011989543,0.0,12,0.016016016016,0,0.440692881905,0.428041249718,5,653
637,1,5.14036157587,1.0,8,0.016016016016,0,0.0600583810891,-0.039813567393,5,631
638,1,5.00345129773,5.0,15,0.017017017017,0,0.0566737681099,-0.166570006599,5,711
639,1,5.21660186803,5.0,6,0.016016016016,1,0.114535106105,-0.127003450288,5,617
640,1,12.187907246,5.0,15,0.015015015015,0,2.38704214321,0.0267808163772,5,948
641,1,5.63115480246,4.0,11,0.016016016016,0,0.201622634583,0.0262868987102,5,674
642,1,5.75240448304,0.0,9,0.015015015015,0,0.277071158302,-0.0788089918684,5,647
643,1,5.09813566994,3.0,8,0.015015015015,0,0.31548339616,-0.84831451854,5,630
644,1,6.06946642673,4.0,7,0.016016016016,0,0.222809787322,0.401037064764,5,619
645,1,2.78209502225,0.0,4,0.017017017017,0,-0.581648312649,-0.472960039806,5,335
646,1,0.772310856909,0.0,9,0.014014014014,0,-1.36079884907,-0.14529259587,5,661
647,1,0.835560485737,0.0,1,0.015015015015,1,-1.20276194572,-0.556153677106,5,311
648,1,4.04764272841,4.0,11,0.015015015015,0,-0.331555903403,0.0423104386136,5,742
649,1,5.11579434581,1.0,7,0.016016016016,0,0.00821845211613,0.0911389894609,5,580
650,1,4.15078607953,2.0,5,0.016016016016,0,-0.0724459860021,-0.631875962463,5,442
651,1,0.856717458508,0.0,1,0.016016016016,1,-1.33124556585,-0.149545843944,5,372
652,1,8.25461211833,7.0,9,0.017017017017,0,1.13966269443,-0.16437596495,5,609
653,1,9.8625898452,1.0,11,0.015015015015,0,1.73733845566,-0.34942552177,5,703
654,1,9.91858492859,6.0,15,0.016016016016,0,1.67554468637,-0.108049130515,5,793
655,1,1.71741197327,1.0,3,0.014014014014,0,-1.25102481495,0.470486418119,5,389
656,1,14.1398109431,14.0,16,0.016016016016,0,3.01432216429,0.0968444501815,5,990
657,1,1.01196026672,1.0,2,0.017017017017,1,-1.10913447847,-0.660636297863,5,373
658,1,3.54834421568,0.0,4,0.016016016016,0,-0.630701822556,0.440449683348,5,556
659,1,4.49273034142,3.0,10,0.014014014014,0,-0.478530389174,0.928321508943,5,815
660,1,4.06954553116,3.0,6,0.015015015015,0,-0.266568371773,-0.130749353517,5,613
661,1,3.44506269087,1.0,6,0.018018018018,0,-0.724055693073,0.617229770093,5,569
662,1,3.00096103436,2.0,4,0.016016016016,0,-0.689101568148,0.0682657388069,5,525
663,1,12.2812651027,10.0,15,0.016016016016,0,2.21309099206,0.641992126485,5,944
664,1,9.74415455673,7.0,11,0.015015015015,0,1.73387809553,-0.457479729867,5,876
665,1,7.70915536437,2.0,13,0.016016016016,0,0.980956056376,-0.233712804763,5,890
666,1,6.60748671296,5.0,8,0.016016016016,0,0.616025720915,-0.240590449786,5,797
667,1,4.48492604276,4.0,5,0.014014014014,1,-0.206821225448,0.1053897191,5,658
668,1,0.493903238613,0.0,1,0.014014014014,1,-1.41323699491,-0.266385776659,5,169
669,1,7.59740509587,5.0,11,0.017017017017,0,1.02559880635,-0.479391323189,5,857
670,1,9.21060565354,6.0,13,0.014014014014,0,1.2881188773,0.346249021634,5,935
671,1,6.59605064642,6.0,11,0.016016016016,0,0.210742350271,0.96382359561,5,868
672,1,-0.436646788022,,0,0.017017017017,1,-1.91132207038,0.297319423118,5,84
673,1,6.12730878406,6.0,15,0.016016016016,0,0.598697690909,-0.668784288666,5,901
674,1,6.46717195915,5.0,7,0.015015015015,0,0.900332439793,-1.23382536023,5,790
675,1,3.55168954824,2.0,9,0.016016016016,0,-0.644734218992,0.485892205215,5,837
676,1,3.98267908408,3.0,5,0.018018018018,0,-0.0859075835257,-0.759598165341,5,664
677,1,6.27161254561,6.0,9,0.016016016016,0,0.535368655708,-0.334493421514,5,836
678,1,9.55679676173,7.0,12,0.016016016016,0,1.46041898123,0.175539818035,5,840
679,1,6.06905364663,5.0,9,0.012012012012,0,0.305033325506,0.15395367011,5,852
680,1,6.19715564327,6.0,8,0.015015015015,0,0.637869056466,-0.716451526127,5,794
681,1,5.20984515054,5.0,6,0.016016016016,1,0.112805491579,-0.128571324196,5,614
682,1,2.82548201059,0.0,8,0.015015015015,0,-0.814770862121,0.26979459695,5,751
683,1,10.8958620787,4.0,15,0.016016016016,0,1.9978913041,-0.097811833604,5,864
684,1,7.57330079459,2.0,16,0.016016016016,0,0.841583246186,0.0485510560335,5,918
685,1,2.21085597012,0.0,4,0.016016016016,0,-0.932918696316,0.00961205906994,5,432
686,1,4.95930475602,1.0,9,0.016016016016,0,0.00986187072944,-0.0702808561704,5,579
687,1,5.83989524003,3.0,8,0.016016016016,0,0.661726529253,-1.14528434773,5,515
688,1,2.5578493884,1.0,6,0.016016016016,0,-0.891390259691,0.232020167473,5,419
689,1,2.04857546448,1.0,5,0.015015015015,0,-0.917724956927,-0.19824966474,5,348
690,1,1.28785537998,1.0,8,0.016016016016,0,-1.35347108701,0.348268641014,5,443
691,1,3.15727295885,2.0,9,0.017017017017,0,-0.595134732162,-0.0573228446612,5,433
692,1,1.19178616136,0.0,4,0.016016016016,0,-1.28109481666,0.0350706113355,5,272
693,1,7.2432698909,5.0,8,0.015015015015,0,0.97128479677,-0.670584499414,5,402
694,1,7.34618654798,0.0,13,0.015015015015,0,0.766557379381,0.0465144098401,5,539
695,1,3.47569284181,0.0,6,0.016016016016,0,-0.378547340125,-0.388665137815,5,342
696,1,7.04674822549,7.0,9,0.015015015015,0,0.38067512195,0.90472285964,5,397
697,1,5.59908998628,3.0,6,0.016016016016,0,0.0290613651067,0.511905890958,5,260
698,1,5.94255576667,5.0,6,0.014014014014,1,-0.0785252991562,1.17813166414,5,253
699,1,2.61479299415,0.0,4,0.017017017017,0,-0.854576636561,0.178522903837,5,80
700,1,6.91418831907,6.0,7,0.016016016016,1,0.535278569489,0.308352610605,5,235
701,1,2.74555752738,2.0,12,0.015015015015,0,-0.969046600302,0.652697328284,5,413
702,1,7.55563425477,5.0,14,0.016016016016,0,0.972953686855,-0.363226805792,5,500
703,1,7.17367480017,,8,0.017017017017,0,0.749973648206,-0.076246144447,5,144
704,1,0.975573566363,0.0,1,0.015015015015,1,-1.24712018385,-0.283065882101,5,46
705,1,4.82843390872,4.0,5,0.017017017017,1,-0.0842947772321,0.0813182404135,5,59
706,1,1.04590455344,,6,0.017017017017,0,-1.204681736,-0.340050238563,5,70
707,1,-0.950658074924,,0,0.017017017017,1,-1.94093300538,-0.127859058769,5,40
708,1,1.01443120512,0.0,2,0.015015015015,0,-1.27693225291,-0.154772036154,5,53
709,1,6.87687525238,3.0,8,0.015015015015,0,0.715411897962,-0.269360441503,5,141
710,1,7.28506676732,,9,0.017017017017,0,0.348206811856,1.24044633175,5,200
711,1,0.00922857496445,0.0,4,0.017017017017,0,-1.57266599757,-0.272773432322,5,58
712,1,2.6295895161,0.0,5,0.02002002002,0,-0.82923272383,0.11728768759,5,68
713,1,0.584606794277,0.0,4,0.014014014014,0,-1.40636605815,-0.196295031284,5,135
714,1,2.68512385982,,8,0.017017017017,0,-0.59838351281,-0.519725601749,5,271
715,1,6.3276862286,4.0,12,0.017017017017,0,0.270173672907,0.517165209879,5,453
716,1,9.40923524351,4.0,11,0.016016016016,0,1.54187674297,-0.21639498539,5,546
717,1,5.51007325456,5.0,6,0.017017017017,1,0.193341988379,-0.0699527105718,5,302
718,1,5.82335139835,5.0,6,0.016016016016,1,0.731922163159,-1.37241509113,5,337
719,1,6.3516125633,3.0,8,0.02002002002,0,0.385456842228,0.195242036613,5,394
720,1,7.54706586806,6.0,9,0.016016016016,0,1.23905408604,-1.17009639006,5,486
721,1,5.41601160773,3.0,9,0.015015015015,0,0.0548751211203,0.251386244371,5,568
722,1,7.54423625844,3.0,11,0.016016016016,0,0.750225740037,0.293559038326,5,637
723,1,4.4743358023,2.0,10,0.016016016016,0,-0.513961479835,1.0162202418,5,632
724,1,12.4862016977,7.0,14,0.015015015015,0,2.07176592035,1.27090393662,5,746
725,1,3.18414088302,2.0,4,0.017017017017,0,-0.615234227983,0.029843566972,5,459
726,1,9.77204891859,6.0,10,0.014014014014,0,1.43345844874,0.471673572384,5,716
727,1,0.972984457584,0.0,2,0.015015015015,0,-0.960104036635,-1.14670343251,5,405
728,1,7.7161076922,7.0,9,0.016016016016,0,0.827494384732,0.233624538009,5,677
729,1,2.293025583,0.0,12,0.015015015015,0,-0.666227397401,-0.708292224796,5,757
730,1,8.09245332601,7.0,9,0.016016016016,0,0.850222427794,0.541786042631,5,706
731,1,1.56205235306,1.0,3,0.016016016016,0,-1.27552893497,0.38863915797,5,536
732,1,5.15182321802,0.0,6,0.016016016016,0,0.35448335171,-0.911626837113,5,699
733,1,3.57523725551,1.0,6,0.016016016016,0,-0.446236281318,-0.0860539005382,5,589
734,1,7.2903675955,5.0,12,0.017017017017,0,0.713929920662,0.148577833515,5,781
735,1,2.10796030045,0.0,3,0.016016016016,0,-1.09540632316,0.394179269935,5,516
736,1,7.15020973385,4.0,8,0.016016016016,0,0.888839564728,-0.516308960336,5,763
737,1,6.31549870699,1.0,14,0.015015015015,0,0.290286879679,0.44463806795,5,881
738,1,4.59890887761,4.0,8,0.015015015015,0,-0.0871103597625,-0.139760043103,5,782
739,1,6.43757168565,5.0,9,0.017017017017,0,0.656642169044,-0.532354821477,5,799
740,1,1.07469635655,0.0,2,0.014014014014,0,-1.12243337715,-0.558003512,5,771
741,1,4.65753298052,4.0,11,0.018018018018,0,0.128451672369,-0.727822036592,5,839
742,1,6.14163085271,2.0,7,0.016016016016,0,0.346039803165,0.103511443213,5,791
743,1,6.87213254783,3.0,15,0.016016016016,0,0.7914723068,-0.502284372572,5,982
744,1,1.19335303197,1.0,3,0.016016016016,0,-1.26349428272,-0.01616411987,5,777
745,1,4.78518236536,3.0,9,0.017017017017,0,-0.180294267675,0.326065168388,5,860
746,1,8.37139536741,0.0,10,0.016016016016,0,0.987627121344,0.408514003376,5,865
747,1,0.233432570529,0.0,8,0.017017017017,0,-1.31588143086,-0.818923136904,5,870
748,1,5.43173553347,2.0,10,0.016016016016,0,0.38212476283,-0.714638755023,5,921
749,1,5.54732079688,5.0,15,0.015015015015,0,-0.00638899202846,0.566487772966,5,993
750,1,5.1034865672,0.0,10,0.016016016016,0,0.168389896299,-0.401683121696,5,953
751,1,8.64283581595,3.0,11,0.015015015015,0,1.28477385643,-0.211485753351,5,961
752,1,5.43876533001,2.0,10,0.011011011011,0,0.162616366918,-0.0490837707482,5,977
753,1,0.605075803486,0.0,1,0.014014014014,1,-1.17989103005,-0.855251106364,5,911
754,1,4.65985271727,4.0,14,0.016016016016,0,-0.0998509254776,-0.0405945062958,5,984
755,1,9.96181786612,8.0,11,0.016016016016,0,1.79938395501,-0.436333998911,5,974
756,1,5.31868804491,1.0,10,0.017017017017,0,0.393959994114,-0.863191937433,5,964
757,1,4.59172040762,4.0,7,0.017017017017,0,-0.144513537909,0.0252610213462,5,936
758,1,4.44369375195,3.0,5,0.016016016016,0,-0.0750730050748,-0.331087232829,5,940
759,1,4.34489080745,1.0,6,0.016016016016,0,-0.00788839462721,-0.631444008665,5,951
760,1,10.0894016478,1.0,13,0.017017017017,0,1.57849794157,0.353907823116,5,976
761,1,8.05112025545,8.0,9,0.016016016016,1,0.780558273501,0.709445434951,5,960
762,1,6.70713183388,3.0,17,0.017017017017,0,0.638272214335,-0.207684809127,5,998
763,1,6.99043921149,6.0,7,0.019019019019,1,0.707417724622,-0.131813962372,5,929
764,1,5.70404252869,5.0,11,0.014014014014,0,0.307289529456,-0.217826059678,5,968
765,1,1.89124479705,0.0,2,0.016016016016,0,-0.970817998625,-0.196301207072,5,816
766,1,12.1867047895,11.0,17,0.018018018018,0,2.33626251082,0.177917257016,5,985
767,1,4.80475242638,0.0,6,0.015015015015,0,0.00560818191961,-0.21207211938,5,879
768,1,6.61822719611,4.0,9,0.017017017017,0,0.550264281254,-0.0325656476582,5,899
769,1,3.23415475845,0.0,6,0.014014014014,0,-0.651062944128,0.187343590832,5,859
770,1,8.84442232816,0.0,14,0.016016016016,0,1.64565717799,-1.0925492058,5,969
771,1,5.50557329634,4.0,7,0.018018018018,0,-0.0859623227643,0.763460264637,5,785
772,1,5.76704107601,3.0,13,0.017017017017,0,0.280092337377,-0.0732359361218,5,931
773,1,3.89110787485,3.0,4,0.016016016016,1,-0.329811486066,-0.119457666951,5,747
774,1,5.13658500283,3.0,7,0.016016016016,0,-0.192437100083,0.713896303083,5,773
775,1,4.3207773034,4.0,11,0.015015015015,0,-0.0783214922332,-0.444258219899,5,875
776,1,5.35888648568,0.0,9,0.016016016016,0,0.369020621383,-0.74817537847,5,818
777,1,5.70355583118,5.0,8,0.019019019019,0,0.128343256922,0.318526060418,5,768
778,1,6.22118735564,4.0,15,0.017017017017,0,0.488878132978,-0.245447043297,5,920
779,1,1.20673149059,1.0,4,0.016016016016,0,-1.30313774025,0.116144711347,5,729
780,1,2.08406697623,2.0,3,0.017017017017,1,-0.841792433946,-0.390555721929,5,624
781,1,1.78884076711,0.0,2,0.017017017017,0,-0.981023664801,-0.268088238483,5,676
782,1,3.32152956031,1.0,4,0.015015015015,0,-0.751267924482,0.575333333758,5,770
783,1,4.13203125202,3.0,13,0.015015015015,0,-0.137458930631,-0.455591956089,5,945
784,1,5.64721668417,3.0,6,0.014014014014,0,0.0908039223095,0.374804917243,5,805
785,1,3.40181297526,3.0,4,0.017017017017,1,-0.539876229997,0.0214416652511,5,739
786,1,8.63840416453,7.0,9,0.017017017017,0,1.00219504585,0.631819026966,5,830
787,1,6.88029934376,2.0,16,0.016016016016,0,0.620511661443,0.0187643594266,5,1000
788,1,6.35738595366,6.0,7,0.017017017017,1,0.198801227966,0.760982269762,5,824
789,1,4.03677367981,2.0,6,0.016016016016,0,-0.253208702262,-0.203600213408,5,894
790,1,3.88535541502,0.0,7,0.015015015015,0,-0.206317695914,-0.49569149724,5,925
791,1,11.9388572871,11.0,15,0.016016016016,0,2.07801800574,0.704803269943,5,997
792,1,10.468608046,5.0,13,0.016016016016,0,1.51242011137,0.931347711913,5,987
793,1,3.41160026411,1.0,8,0.014014014014,0,-0.363349771644,-0.498350420954,5,956
794,1,3.22582845804,3.0,7,0.016016016016,0,-0.711027960188,0.358912338602,5,930
795,1,3.1004886827,2.0,12,0.016016016016,0,-0.624491596662,-0.0260365273107,5,979
796,1,3.54288338227,2.0,4,0.016016016016,0,-0.715121921677,0.6882491473,5,905
797,1,4.58220735784,3.0,15,0.016016016016,0,-0.161774259312,0.0675301357763,5,994
798,1,3.27346284038,3.0,9,0.017017017017,0,-0.409816341795,-0.497088134237,5,934
799,1,7.32933835724,4.0,14,0.017017017017,0,0.798409341717,-0.0658896679112,5,983
800,1,8.43614225815,5.0,11,0.017017017017,0,0.990645947445,0.464204415814,5,962
801,1,0.138780215815,0.0,1,0.016016016016,1,-1.70221589919,0.245427913389,5,95
802,1,3.80024293433,2.0,4,0.016016016016,0,-0.139197549313,-0.782164417734,5,914
803,1,7.44225936597,5.0,8,0.016016016016,0,1.15632758501,-1.02672338907,5,937
804,1,0.532900810477,,1,0.016016016016,0,-1.4929054815,0.0116172549906,5,76
805,1,7.92134620861,2.0,10,0.015015015015,0,0.81465746577,0.477373811298,5,970
806,1,3.95963186505,3.0,7,0.018018018018,0,-0.291167188848,-0.166866568408,5,926
807,1,9.01975673586,8.0,12,0.016016016016,0,1.18255608267,0.472088487848,5,963
808,1,9.80417508889,8.0,10,0.016016016016,0,1.56106266906,0.120987081698,5,952
809,1,8.45054563673,3.0,15,0.015015015015,0,1.04912707524,0.303164410998,5,988
810,1,2.89596697581,2.0,3,0.017017017017,1,-0.709612161977,0.0248034617391,5,851
811,1,5.98657800909,2.0,14,0.015015015015,0,0.109095699941,0.659290909271,5,975
812,1,5.42034482012,3.0,11,0.018018018018,0,0.362562274395,-0.667342003064,5,939
813,1,3.46552024554,0.0,13,0.016016016016,0,-0.393217179866,-0.354828214865,5,972
814,1,7.31418492396,1.0,8,0.017017017017,0,0.782782469241,-0.034162483765,5,907
815,1,1.36666853612,1.0,10,0.017017017017,0,-1.15289398845,-0.174649498534,5,938
816,1,2.71623910869,0.0,4,0.016016016016,0,-0.855644891081,0.283173781934,5,792
817,1,3.15419609888,3.0,8,0.016016016016,0,-0.807106498624,0.575515594753,5,896
818,1,7.88216548078,7.0,8,0.015015015015,1,1.20868606053,-0.74389270081,5,867
819,1,6.9996653354,3.0,15,0.016016016016,0,0.54417412875,0.367142949147,5,973
820,1,7.91312490134,7.0,8,0.02002002002,1,1.07904500559,-0.32401011542,5,788
821,1,8.01306620989,6.0,9,0.016016016016,0,1.07216785219,-0.203437346693,5,866
822,1,5.13403889635,1.0,6,0.015015015015,0,-0.29214977926,1.01048823414,5,728
823,1,12.0790361259,11.0,13,0.016016016016,0,2.48276560846,-0.369260699474,5,898
824,1,1.66891442155,1.0,2,0.015015015015,1,-0.919818696313,-0.57162948951,5,461
825,1,8.95333982339,7.0,9,0.016016016016,0,1.33362198897,-0.0475261435321,5,704
826,1,5.7792942591,5.0,8,0.015015015015,0,0.297398407596,-0.112900963692,5,696
827,1,8.43267814928,8.0,9,0.017017017017,1,1.12301813686,0.0636237386904,5,691
828,1,8.0389626231,8.0,18,0.018018018018,0,0.79199844991,0.662967273369,5,971
829,1,-0.228820644128,,1,0.017017017017,0,-1.60607580133,-0.41059324014,5,77
830,1,5.51065735758,5.0,7,0.016016016016,0,0.231735902884,-0.184550351075,5,596
831,1,5.0964080105,5.0,6,0.014014014014,1,-0.00204289151246,0.102536685042,5,375
832,1,7.0590305339,7.0,8,0.015015015015,1,0.595074805194,0.27380611832,5,587
833,1,2.32832305633,1.0,5,0.015015015015,0,-0.879024651788,-0.0346029883054,5,191
834,1,4.20491967226,3.0,5,0.017017017017,0,-0.255747326355,-0.0278383486778,5,224
835,1,8.5942641658,8.0,11,0.014014014014,0,1.13563688846,0.187353500421,5,627
836,1,9.8846022854,8.0,10,0.017017017017,0,1.84124889584,-0.639144402134,5,501
837,1,5.47575499506,0.0,14,0.015015015015,0,0.0521922494446,0.319178246723,5,713
838,1,2.85877167818,0.0,5,0.015015015015,0,-0.787592610373,0.221549509303,5,153
839,1,2.75199012642,1.0,6,0.016016016016,0,-0.477910116512,-0.814279524041,5,181
840,1,4.0231213521,2.0,5,0.017017017017,0,-0.421853612569,0.288682189809,5,147
841,1,4.35915980924,,5,0.014014014014,0,-0.606846658731,1.17969978544,5,134
842,1,5.67046742656,5.0,11,0.015015015015,0,0.402434288522,-0.536835439011,5,328
843,1,3.17631970175,,6,0.018018018018,0,-0.497408687542,-0.331454235621,5,93
844,1,2.06596970666,,3,0.015015015015,0,-1.06340363909,0.256180623915,5,89
845,1,6.72254727905,3.0,13,0.016016016016,0,0.83750159647,-0.789957510361,5,412
846,1,-0.100440451369,,0,0.016016016016,1,-1.65971484035,-0.12129593031,5,38
847,1,1.9658354239,0.0,2,0.015015015015,0,-1.20539005136,0.582005577987,5,60
848,1,9.92074510076,8.0,10,0.015015015015,0,1.68008251344,-0.119502439546,5,313
849,1,3.23720658672,,5,0.016016016016,0,-0.552380594594,-0.105651629501,5,79
850,1,2.79808345679,,4,0.015015015015,0,-0.766567272429,0.0977852740784,5,61
851,1,0.382508778053,,2,0.014014014014,0,-1.56865096612,0.0884616764079,5,51
852,1,8.44140297492,8.0,11,0.017017017017,0,1.24998447237,-0.308550442202,5,420
853,1,10.3124226076,1.0,13,0.017017017017,0,2.00941859495,-0.715833177224,5,485
854,1,9.08755749621,2.0,13,0.016016016016,0,1.28430622436,0.234638823123,5,423
855,1,6.48425881988,3.0,9,0.015015015015,0,0.646661881188,-0.455726823679,5,297
856,1,-0.568982296735,,0,0.016016016016,1,-1.89756099435,0.123700686307,5,15
857,1,3.00586900238,0.0,7,0.016016016016,0,-0.930977015016,0.798800047423,5,116
858,1,2.52343872874,1.0,5,0.016016016016,0,-1.07938302989,0.761587818411,5,98
859,1,3.72346077775,1.0,4,0.016016016016,0,-0.366194467151,-0.1779558208,5,56
860,1,5.31680590098,3.0,15,0.016016016016,0,-0.0715253689795,0.531382007917,5,504
861,1,2.36924490645,1.0,14,0.014014014014,0,-0.63540960243,-0.724526286263,5,532
862,1,6.67780632296,3.0,7,0.018018018018,0,0.514616449041,0.133956975832,5,172
863,1,6.96493505798,6.0,10,0.014014014014,0,0.538796945002,0.348544222979,5,219
864,1,3.46329204051,0.0,4,0.015015015015,0,-0.497454770129,-0.0443436491002,5,94
865,1,5.64321223949,0.0,7,0.015015015015,0,0.290761134667,-0.229071164512,5,179
866,1,-0.370833334325,,0,0.017017017017,1,-1.77947232217,-0.0324163678065,5,55
867,1,4.23506942448,4.0,5,0.016016016016,1,-0.284781777889,0.0894147581514,5,174
868,1,4.50218084622,0.0,12,0.016016016016,0,0.0109226259071,-0.5305870315,5,222
869,1,6.97104181486,2.0,8,0.015015015015,0,0.552083363423,0.314791724594,5,212
870,1,1.03076369681,,4,0.017017017017,0,-1.35206740212,0.0869659031603,5,85
871,1,4.54972801581,4.0,13,0.015015015015,0,-0.272389737523,0.366897228377,5,316
872,1,5.13378564087,4.0,10,0.016016016016,0,-0.15698403284,0.604737739387,5,221
873,1,5.96202374994,4.0,7,0.016016016016,0,0.311452401596,0.0276665451517,5,183
874,1,6.58588335546,4.0,7,0.015015015015,0,0.566555550431,-0.11378329583,5,186
875,1,-0.0136922381435,,1,0.015015015015,0,-1.34908974444,-0.96642300482,5,48
876,1,5.52840967863,1.0,10,0.015015015015,0,-0.00932166556399,0.556374675323,5,277
877,1,9.04719721185,,11,0.015015015015,0,1.01697711933,0.996265853864,5,365
878,1,3.84350760014,2.0,4,0.016016016016,0,-0.305012785303,-0.241454043947,5,155
879,1,10.1966074917,10.0,14,0.017017017017,0,1.75552174939,-0.0699577564406,5,440
880,1,4.47477169551,3.0,7,0.013013013013,0,-0.54829966804,1.11967069963,5,237
881,1,0.420097543561,,1,0.015015015015,0,-1.44484713469,-0.24536105236,5,31
882,1,7.10595052066,7.0,10,0.015015015015,0,0.573621892762,0.385084842369,5,343
883,1,6.95759278391,5.0,7,0.016016016016,0,0.615571794507,0.110877400389,5,165
884,1,7.79940219273,6.0,16,0.017017017017,0,0.750056475494,0.549232766248,5,528
885,1,8.48881071874,8.0,11,0.014014014014,0,0.809868716797,1.05920456834,5,473
886,1,2.89768368747,1.0,4,0.018018018018,0,-0.387883985174,-0.938664357003,5,115
887,1,1.23748663124,1.0,2,0.017017017017,1,-1.33943851368,0.255802172279,5,83
888,1,2.28703955502,1.0,3,0.016016016016,0,-0.709626295663,-0.58408155799,5,103
889,1,3.676722473,,4,0.017017017017,0,-0.848605279528,1.22253831159,5,104
890,1,9.59739766921,6.0,16,0.016016016016,0,1.5905288926,-0.174189008586,5,602
891,1,7.9179584769,2.0,8,0.017017017017,0,0.992622430897,-0.0599088157901,5,251
892,1,11.16496572,6.0,12,0.014014014014,0,2.34661987746,-0.874893912367,5,548
893,1,8.39449120199,7.0,9,0.017017017017,0,0.952107676765,0.538168171698,5,398
894,1,7.90540248197,7.0,8,0.016016016016,1,0.888853735399,0.23884127577,5,354
895,1,-1.90280135194,,0,0.016016016016,1,-2.1798917596,-0.36312607313,5,62
896,1,1.54641856304,1.0,4,0.017017017017,0,-0.907193055694,-0.732002269877,5,139
897,1,7.40470061467,5.0,9,0.015015015015,0,0.847069920327,-0.136509146314,5,481
898,1,5.37899294088,5.0,9,0.016016016016,0,0.284443319513,-0.474337017657,5,474
899,1,5.55748884999,4.0,6,0.017017017017,0,0.455527123445,-0.80909252034,5,383
900,1,4.58374915882,2.0,6,0.014014014014,0,0.0262071316424,-0.49487223611,5,430
901,1,7.08261771757,6.0,14,0.016016016016,0,0.859608555751,-0.496207949681,5,654
902,1,8.20867179904,6.0,11,0.015015015015,0,1.01384067786,0.167149765464,5,565
903,1,4.90647964543,3.0,10,0.015015015015,0,-0.175896547425,0.434169287707,5,582
904,1,1.94943789605,1.0,2,0.017017017017,1,-0.96734795466,-0.148518239971,5,289
905,1,4.78787825302,2.0,6,0.016016016016,0,-0.0855283047367,0.0444631672304,5,543
906,1,4.24864142645,0.0,6,0.015015015015,0,-0.30479562625,0.1630283052,5,559
907,1,2.04283307993,2.0,4,0.017017017017,0,-1.02375257092,0.1140907927,5,517
908,1,8.18748888691,4.0,12,0.013013013013,0,1.03982308821,0.0680196222806,5,802
909,1,5.57782693068,5.0,9,0.015015015015,0,0.018950084878,0.520976676048,5,732
910,1,3.44189672348,2.0,9,0.018018018018,0,-0.501541648901,-0.053478329817,5,700
911,1,7.69866483764,2.0,9,0.017017017017,0,0.947211019553,-0.14296822102,5,708
912,1,7.08371863917,5.0,11,0.016016016016,0,0.540665237983,0.461722925217,5,759
913,1,2.32033069447,1.0,5,0.016016016016,0,-0.674771046696,-0.655356165446,5,675
914,1,7.37588325962,1.0,10,0.017017017017,0,0.894222227475,-0.306783422807,5,753
915,1,7.82395910408,3.0,12,0.016016016016,0,1.06747951077,-0.378479428227,5,784
916,1,4.23414135579,1.0,14,0.017017017017,0,-0.348587837365,0.279904867889,5,822
917,1,4.66742524429,1.0,14,0.015015015015,0,0.0551025103354,-0.497882286719,5,897
918,1,3.40591463936,1.0,6,0.014014014014,0,-0.405240629457,-0.378363472273,5,717
919,1,1.35064212759,1.0,2,0.017017017017,1,-0.860394435613,-1.06817456557,5,518
920,1,-1.64134172442,,1,0.016016016016,0,-2.03498598224,-0.536383777693,5,92
921,1,3.34796428893,1.0,5,0.015015015015,0,-0.434443018351,-0.348706656018,5,740
922,1,3.9664648324,2.0,12,0.016016016016,0,-0.556195181772,0.635050377712,5,872
923,1,9.97721409514,8.0,16,0.016016016016,0,1.54944733337,0.328872095028,5,942
924,1,8.37217996871,7.0,10,0.015015015015,0,1.15538006666,-0.0939602312863,5,871
925,1,1.3843238098,1.0,6,0.015015015015,0,-1.08487131252,-0.361062252639,5,817
926,1,9.79410112064,9.0,15,0.015015015015,0,1.53906580515,0.176903705187,5,903
927,1,8.40038358524,6.0,10,0.019019019019,0,1.22646446352,-0.279009805316,5,795
928,1,9.78560289388,7.0,13,0.016016016016,0,1.53801482562,0.171558417022,5,874
929,1,2.83725652994,1.0,3,0.016016016016,0,-0.371108508264,-1.04941794527,5,697
930,1,8.49983571734,7.0,9,0.015015015015,0,1.16832444127,-0.00513760645725,5,831
931,1,9.44296604158,9.0,14,0.015015015015,0,1.72731728699,-0.738985819386,5,888
932,1,4.07797249101,1.0,9,0.016016016016,0,-0.226887689186,-0.241364441434,5,735
933,1,4.9428852109,3.0,12,0.017017017017,0,-0.123673063419,0.313904401154,5,832
934,1,7.68502080577,7.0,8,0.018018018018,1,0.79072105627,0.312857636962,5,710
935,1,1.06438115119,0.0,2,0.016016016016,0,-1.29097487561,-0.0626942219686,5,254
936,1,1.60974717138,0.0,8,0.016016016016,0,-1.04094344446,-0.267422495254,5,496
937,1,0.599425136137,0.0,9,0.015015015015,0,-1.71101972132,0.732484300107,5,683
938,1,2.64692148947,0.0,7,0.017017017017,0,-0.610518263399,-0.521523720338,5,360
939,1,3.94353711159,3.0,4,0.013013013013,1,-0.481423353411,0.387807171822,5,327
940,1,6.29383219756,4.0,7,0.015015015015,0,0.42523879943,0.0181157992723,5,340
941,1,1.83072381402,1.0,3,0.015015015015,0,-1.32491318207,0.805463360218,5,255
942,1,4.29945261106,1.0,9,0.018018018018,0,-0.51343037072,0.839743723218,5,304
943,1,0.0552486945356,0.0,1,0.015015015015,1,-1.4909713524,-0.471837248255,5,189
944,1,5.25299656516,4.0,8,0.016016016016,0,-0.0811671141655,0.496497907661,5,331
945,1,4.11162283088,3.0,6,0.014014014014,0,-0.15489120409,-0.423703556851,5,261
946,1,6.89511273652,2.0,12,0.014014014014,0,0.777178539637,-0.436422882387,5,393
947,1,4.22005651216,1.0,6,0.018018018018,0,-0.259982663137,4.5015770004e-06,5,210
948,1,8.43766894477,7.0,9,0.015015015015,0,1.17273539558,-0.0805372419898,5,280
949,1,8.60640050626,3.0,15,0.019019019019,0,1.24598341403,-0.131549735819,5,384
950,1,4.28494458324,2.0,14,0.015015015015,0,-0.0167511833723,-0.664801866642,5,400
951,1,2.4341006809,1.0,4,0.017017017017,0,-0.771913655281,-0.25015835326,5,166
952,1,0.861563490752,0.0,6,0.016016016016,0,-1.41597386789,0.109485094421,5,216
953,1,-0.499761062988,,1,0.017017017017,0,-1.64654950635,-0.560112543932,5,74
954,1,4.58432434058,4.0,5,0.016016016016,1,0.0253620170732,-0.491761710635,5,168
955,1,1.35550578118,0.0,7,0.018018018018,0,-0.986395197185,-0.685308627261,5,205
956,1,7.80710705807,5.0,11,0.016016016016,0,0.956103104102,-0.0612022542303,5,318
957,1,7.76071562545,6.0,13,0.017017017017,0,0.854941941766,0.195889800154,5,358
958,1,1.46438025325,1.0,3,0.016016016016,0,-1.09624313198,-0.246890350823,5,108
959,1,-0.34857601928,,2,0.015015015015,0,-1.52375002377,-0.777325947964,5,67
960,1,9.39658620677,9.0,11,0.015015015015,0,1.44626896018,0.057779326226,5,292
961,1,8.78288436899,7.0,9,0.014014014014,0,1.15727921695,0.311046718147,5,263
962,1,0.872062368293,0.0,6,0.019019019019,0,-1.53062548631,0.463938827217,5,120
963,1,6.17910397256,4.0,15,0.016016016016,0,0.135306367843,0.773184869027,5,378
964,1,1.40819258563,1.0,8,0.018018018018,0,-1.37996933734,0.548100597661,5,242
965,1,0.038199160762,0.0,1,0.015015015015,1,-1.61661740879,-0.111948612871,5,45
966,1,2.50902874251,1.0,3,0.017017017017,0,-0.9513293841,0.363016894812,5,105
967,1,-0.929215496214,,0,0.016016016016,1,-1.93216926105,-0.13270771305,5,42
968,1,8.8550901819,6.0,10,0.018018018018,0,1.49679272802,-0.635288002163,5,332
969,1,6.59860213754,4.0,9,0.013013013013,0,0.264524067605,0.80502993472,5,382
970,1,0.477025104879,0.0,2,0.017017017017,0,-1.48163478703,-0.0780705340342,5,52
971,1,3.13385921076,3.0,4,0.018018018018,1,-0.485804839068,-0.408726272035,5,117
972,1,10.0670302923,0.0,14,0.014014014014,0,1.57313920032,0.347612691307,5,599
973,1,6.25424235653,5.0,7,0.016016016016,0,0.368301408046,0.149338132388,5,371
974,1,7.56081788673,5.0,14,0.016016016016,0,0.905637784578,-0.156095467001,5,550
975,1,2.21726566865,2.0,8,0.016016016016,0,-0.983251797197,0.167021060243,5,479
976,1,4.12200009372,3.0,6,0.018018018018,0,-0.156181318711,-0.409455950147,5,334
977,1,6.70695182516,0.0,7,0.014014014014,0,0.574614014619,-0.0168902186955,5,488
978,1,2.52917820203,2.0,4,0.017017017017,0,-0.774270632599,-0.148009900172,5,399
979,1,6.71773744396,2.0,8,0.017017017017,0,0.42517482708,0.442212962718,5,519
980,1,3.59718329532,1.0,6,0.019019019019,0,-0.530938861244,0.189999879055,5,490
981,1,7.78513838644,7.0,9,0.014014014014,0,0.859896579201,0.205448648835,5,745
982,1,10.5804443281,10.0,11,0.017017017017,1,1.8409992371,0.0574466168014,5,741
983,1,6.92761881086,6.0,12,0.016016016016,0,0.566250767668,0.228866507854,5,755
984,1,6.63720618939,5.0,11,0.014014014014,0,0.33618788514,0.628642533972,5,798
985,1,14.4671326317,12.0,16,0.016016016016,0,2.97922207883,0.529466395255,5,883
986,1,8.84342245725,3.0,13,0.015015015015,0,1.48313899796,-0.605994536622,5,853
987,1,3.76474544716,2.0,6,0.016016016016,0,-0.618399492138,0.619943923579,5,702
988,1,6.97778797754,5.0,7,0.015015015015,0,0.449062648221,0.63060003288,5,754
989,1,2.5466103116,2.0,3,0.017017017017,1,-0.881640091743,0.191530586828,5,293
990,1,-3.62518125856,,0,0.018018018018,1,-2.54596225632,-0.987294489586,5,2
991,1,2.96800837878,1.0,8,0.014014014014,0,-0.895579011498,0.654745413278,5,762
992,1,7.46216077429,7.0,15,0.016016016016,0,0.87971186248,-0.176974813145,5,863
993,1,5.19545979807,2.0,12,0.017017017017,0,0.186951702642,-0.365395309851,5,847
994,1,11.8255064106,7.0,12,0.016016016016,0,2.3163768275,-0.123624071919,5,821
995,1,5.74817535567,3.0,7,0.017017017017,0,0.027590199357,0.6654047576,5,672
996,1,6.26890785678,5.0,8,0.018018018018,0,0.43079925507,-0.0234899084261,5,567
997,1,0.0870530299014,0.0,2,0.015015015015,0,-1.38355912223,-0.762269603416,5,388
998,1,8.95835298349,6.0,15,0.016016016016,0,1.35586264832,-0.109234961481,5,849
999,1,0.93390774373,0.0,1,0.017017017017,1,-1.29831200949,-0.171156227799,5,396
