name,activated,threshold,before_activation_alters,after_activation_alters,degree,observed,var1,epsilon,constant,activation_order
0,1,7.057803921,6.0,11,0.016016016016,0,0.320184104162,1.09725160852,5,916
1,1,8.9600980152,5.0,10,0.016016016016,0,1.33743610604,-0.0522103029354,5,895
2,1,0.660281847365,0.0,1,0.015015015015,1,-1.22304420416,-0.670585540166,5,193
3,1,4.74408521844,4.0,7,0.016016016016,0,-0.163745489492,0.235321686912,5,861
4,1,9.30412421537,7.0,12,0.015015015015,0,1.6864799368,-0.755315595038,5,921
5,1,8.99523466982,8.0,16,0.017017017017,0,1.18848132753,0.429790687233,5,963
6,1,7.17921510474,6.0,12,0.014014014014,0,0.87479160921,-0.44515972289,5,947
7,1,7.33999832156,7.0,12,0.016016016016,0,0.794024890983,-0.042076351389,5,926
8,1,5.89811919844,2.0,15,0.015015015015,0,0.076837622638,0.667606330523,5,986
9,1,6.58486965461,2.0,7,0.016016016016,0,0.376569862067,0.455160068412,5,896
10,1,10.2417509016,9.0,11,0.017017017017,0,1.82096184755,-0.221134641072,5,907
11,1,0.524344540704,0.0,1,0.016016016016,1,-1.48351639563,-0.0251062724184,5,79
12,1,0.198089990912,0.0,1,0.014014014014,1,-1.66202825417,0.184174753434,5,837
13,1,8.35095754502,7.0,13,0.015015015015,0,1.2333417323,-0.34906765189,5,954
14,1,4.93294480667,3.0,10,0.016016016016,0,-0.120443337371,0.294274818788,5,903
15,1,5.9767937828,4.0,6,0.016016016016,0,0.415679185841,-0.270243774725,5,834
16,1,5.87139975329,3.0,10,0.016016016016,0,0.307803975145,-0.0520121721409,5,880
17,1,4.2460770309,2.0,14,0.017017017017,0,-0.637121364102,1.1574411232,5,906
18,1,5.63711404862,5.0,6,0.015015015015,1,0.588789218918,-1.12925360814,5,844
19,1,7.29874600672,2.0,9,0.015015015015,0,0.587678852229,0.535709450035,5,856
20,1,4.73629859425,4.0,13,0.017017017017,0,-0.0238888257292,-0.192034928562,5,865
21,1,2.30086030776,2.0,11,0.016016016016,0,-0.670814741678,-0.686695467203,5,878
22,1,3.24415008121,2.0,7,0.016016016016,0,-0.62072508298,0.106325330149,5,809
23,1,4.57269659715,3.0,5,0.016016016016,0,-0.378070730898,0.706908789841,5,792
24,1,4.33201548054,3.0,14,0.017017017017,0,-0.14276996964,-0.239674610535,5,879
25,1,3.79866813573,3.0,4,0.016016016016,1,-0.19675686194,-0.611061278444,5,702
26,1,5.62141177848,5.0,8,0.016016016016,0,0.123702220565,0.250305116787,5,800
27,1,5.42215531424,4.0,10,0.017017017017,0,-0.0932160011706,0.701803317751,5,802
28,1,8.72987721654,8.0,9,0.018018018018,1,1.39423589629,-0.452830472323,5,740
29,1,-0.208133534682,,0,0.016016016016,1,-1.95348927908,0.652334302555,5,8
30,1,6.20437007874,6.0,17,0.017017017017,0,0.421838230456,-0.061144612627,5,927
31,1,0.267290074784,,1,0.014014014014,0,-1.69973714893,0.366501521588,5,10
32,1,7.64544747089,7.0,8,0.016016016016,1,0.846664990251,0.105452500139,5,657
33,1,4.50856451596,4.0,5,0.018018018018,1,-0.129095685007,-0.10414842902,5,342
34,1,1.54679377213,,2,0.012012012012,0,-0.950657964697,-0.601232333778,5,75
35,1,6.66051610969,4.0,14,0.015015015015,0,0.580686849681,-0.0815444393503,5,891
36,1,5.85429989915,4.0,6,0.017017017017,0,0.437328079694,-0.457684339929,5,521
37,1,2.85952903125,2.0,4,0.02002002002,0,-0.694411003317,-0.0572379587984,5,198
38,1,6.04249341521,3.0,13,0.016016016016,0,0.348004015694,-0.0015186318694,5,785
39,1,7.58586492067,7.0,10,0.017017017017,0,0.602771893999,0.777549238676,5,613
40,1,5.31870027537,3.0,11,0.016016016016,0,0.363244437748,-0.771033037869,5,723
41,1,6.2424862838,5.0,7,0.016016016016,0,0.33648292424,0.233037511076,5,656
42,1,6.87995819924,6.0,8,0.018018018018,0,1.0260767764,-1.19827212995,5,561
43,1,2.54118972165,2.0,3,0.016016016016,1,-0.669189274815,-0.451242453904,5,585
44,1,6.20575082728,6.0,8,0.016016016016,0,0.194519407757,0.622192604005,5,705
45,1,6.56879530981,3.0,7,0.016016016016,0,0.593181617983,-0.210749544143,5,708
46,1,7.89326783754,1.0,16,0.018018018018,0,0.6177596108,1.03998900514,5,849
47,1,3.51024132845,1.0,6,0.015015015015,0,-0.418474459863,-0.23433529196,5,713
48,1,6.19850636126,3.0,11,0.017017017017,0,0.637378798656,-0.713630034713,5,808
49,1,6.4381739881,3.0,10,0.016016016016,0,0.456257439917,0.0694016683525,5,797
50,1,2.54794315541,2.0,4,0.016016016016,0,-0.772863859979,-0.133465264657,5,671
51,1,9.00257468095,8.0,11,0.016016016016,0,1.11168796218,0.667510794408,5,817
52,1,3.28845989273,0.0,9,0.016016016016,0,-0.985236450494,1.24416924421,5,812
53,1,8.95892509496,7.0,17,0.017017017017,0,1.22804708545,0.274783838607,5,944
54,1,9.16677503152,0.0,11,0.015015015015,0,1.18139900292,0.622578022748,5,848
55,1,2.95844503103,1.0,4,0.017017017017,0,-0.563102809092,-0.352246541688,5,714
56,1,11.5726282089,3.0,15,0.017017017017,0,2.34749615478,-0.469860255438,5,900
57,1,1.88429045161,1.0,6,0.017017017017,0,-1.30675799821,0.80456444623,5,807
58,1,3.6583462412,0.0,4,0.014014014014,0,-0.268320788072,-0.536691394579,5,769
59,1,8.9239011764,1.0,10,0.016016016016,0,1.12988508597,0.534245918494,5,823
60,1,7.37870929709,2.0,13,0.016016016016,0,0.708660246845,0.252728556551,5,875
61,1,6.63995477977,2.0,13,0.018018018018,0,0.475572349474,0.213237731351,5,886
62,1,5.39261851525,1.0,8,0.015015015015,0,0.0157657522771,0.345321258415,5,810
63,1,5.47405881711,4.0,7,0.016016016016,0,0.399820013557,-0.725401223556,5,750
64,1,8.33511265361,5.0,15,0.015015015015,0,0.875668173298,0.708108133715,5,908
65,1,2.19504809373,2.0,8,0.017017017017,0,-0.905988566607,-0.0869862064481,5,764
66,1,4.48058019805,4.0,8,0.018018018018,0,0.033393151806,-0.619599257365,5,686
67,1,2.06396125076,2.0,10,0.014014014014,0,-1.13249983816,0.461460765236,5,815
68,1,7.49010562669,4.0,9,0.017017017017,0,0.647553251808,0.547445871267,5,706
69,1,1.34918006837,0.0,2,0.013013013013,0,-0.913053923495,-0.911658161147,5,530
70,1,8.81034365205,7.0,15,0.015015015015,0,1.1502699495,0.359533803551,5,851
71,1,2.1128135011,2.0,5,0.015015015015,0,-1.0029456041,0.121650313389,5,563
72,1,8.91398002402,5.0,9,0.017017017017,0,1.15694151095,0.443155491166,5,584
73,1,7.13619866224,7.0,11,0.02002002002,0,0.800289068547,-0.264668543397,5,619
74,1,5.97541096278,3.0,13,0.017017017017,0,0.539910370276,-0.644320148051,5,622
75,1,-0.187216027464,,0,0.015015015015,1,-1.63692128224,-0.276452180739,5,19
76,1,6.40126873446,3.0,7,0.016016016016,0,0.232995460621,0.702282352595,5,463
77,1,5.81171503742,2.0,11,0.015015015015,0,0.373010479465,-0.307316400973,5,576
78,1,0.466147840365,,1,0.018018018018,0,-1.48927559134,-0.0660253856049,5,38
79,1,7.48718404871,7.0,8,0.016016016016,1,0.935110899286,-0.318148649149,5,448
80,1,0.454792993637,,2,0.019019019019,0,-1.55726717361,0.126594514468,5,96
81,1,6.73239007425,6.0,9,0.016016016016,0,0.380122501383,0.592022570104,5,483
82,1,3.1630744347,3.0,4,0.016016016016,1,-0.572152266324,-0.120468766333,5,272
83,1,3.69119183694,3.0,6,0.016016016016,0,-0.380534291156,-0.167205289591,5,290
84,1,5.73354473035,5.0,7,0.015015015015,0,0.240154792168,0.0130803538492,5,325
85,1,1.81025319717,1.0,4,0.018018018018,0,-0.752373126817,-0.932627422384,5,216
86,1,2.10933569989,2.0,6,0.015015015015,0,-0.812083832225,-0.454412803434,5,446
87,1,7.47620527734,4.0,15,0.015015015015,0,0.753011449342,0.217170929314,5,775
88,1,5.2660937558,2.0,6,0.015015015015,0,-0.227737760213,0.949307036437,5,508
89,1,2.54336275119,2.0,4,0.013013013013,0,-1.1562539907,1.01212472328,5,526
90,1,9.53966906377,8.0,11,0.016016016016,0,1.24585399636,0.802107074685,5,653
91,1,4.85929304036,4.0,15,0.016016016016,0,0.188420109753,-0.705967288893,5,763
92,1,11.8257204306,2.0,12,0.016016016016,0,2.12086207719,0.463134199017,5,715
93,1,5.12635237817,2.0,9,0.017017017017,0,-0.0608271266153,0.308833758021,5,607
94,1,3.90688842626,3.0,7,0.017017017017,0,-0.548676584611,0.552918180094,5,549
95,1,5.59625966756,1.0,6,0.017017017017,0,0.24564456508,-0.140674027684,5,602
96,1,4.39416963936,1.0,7,0.016016016016,0,-0.254673842409,0.158191166583,5,608
97,1,7.22603332304,1.0,13,0.017017017017,0,0.658987578693,0.249070586963,5,697
98,1,1.79641152123,0.0,10,0.018018018018,0,-1.15614993224,0.264861317948,5,693
99,1,3.37008797237,1.0,12,0.015015015015,0,-0.559665588661,0.0490847383554,5,757
100,1,3.09210090777,3.0,14,0.016016016016,0,-0.523346518126,-0.337859537851,5,786
101,1,2.47890888513,2.0,3,0.015015015015,1,-0.800438939595,-0.119774296083,5,513
102,1,5.87949742337,0.0,7,0.013013013013,0,0.473809191048,-0.541930149769,5,573
103,1,7.08571194021,7.0,10,0.015015015015,0,0.678388739929,0.0505457204205,5,655
104,1,3.0765007093,3.0,5,0.016016016016,0,-0.608022335866,-0.0994322831017,5,426
105,1,2.30511519162,2.0,4,0.017017017017,0,-0.843219266463,-0.165227008985,5,456
106,1,8.51983783664,5.0,14,0.015015015015,0,1.13116574373,0.12634060545,5,736
107,1,7.98825030027,5.0,10,0.017017017017,0,0.815443174953,0.541920775414,5,636
108,1,5.02766156032,5.0,7,0.017017017017,0,-0.0100460805878,0.0577998020829,5,500
109,1,12.0047250899,10.0,14,0.017017017017,0,2.18414819018,0.45228051935,5,650
110,1,5.01883756457,5.0,6,0.016016016016,1,-0.0121100311821,0.0551676581168,5,380
111,1,8.20473187299,6.0,10,0.015015015015,0,0.863262867375,0.614943270862,5,540
112,1,-0.733434991892,,1,0.016016016016,0,-1.86298471973,-0.144480832699,5,65
113,1,10.3982519236,10.0,14,0.016016016016,0,1.6424581637,0.47087743249,5,687
114,1,2.27752479953,0.0,3,0.017017017017,0,-0.847993704248,-0.178494087729,5,74
115,1,-1.0600170706,,0,0.018018018018,1,-1.91186320545,-0.324427454243,5,40
116,1,4.32574386591,4.0,5,0.017017017017,1,-0.0449917786919,-0.539280798014,5,125
117,1,5.57436342007,0.0,6,0.017017017017,0,0.327443658169,-0.40796755444,5,139
118,1,10.6262656426,10.0,11,0.018018018018,1,1.69139195832,0.55208976759,5,324
119,1,2.90470406982,0.0,4,0.017017017017,0,-0.560413933726,-0.414054128996,5,91
120,1,-1.68742268622,,0,0.014014014014,1,-2.0766278202,-0.457539225622,5,68
121,1,-0.578799564139,,7,0.014014014014,0,-2.1737439263,0.942432214755,5,320
122,1,4.66415126684,4.0,7,0.017017017017,0,-0.120865259489,0.0267470453104,5,312
123,1,10.8732113644,8.0,12,0.014014014014,0,1.86835332288,0.268151395731,5,409
124,1,3.66734258016,1.0,4,0.017017017017,0,-0.352131370925,-0.276263307066,5,296
125,1,4.91218167831,4.0,9,0.016016016016,0,0.28136082396,-0.93190079357,5,341
126,1,7.39179330199,2.0,11,0.015015015015,0,0.778235084283,0.0570880491404,5,412
127,1,4.3005916443,2.0,5,0.016016016016,0,-0.199053632421,-0.102247458441,5,326
128,1,7.5503553672,2.0,8,0.016016016016,0,0.974938973174,-0.37446155232,5,354
129,1,4.06435174612,3.0,7,0.017017017017,0,-0.113935653503,-0.593841293373,5,352
130,1,4.2656823912,2.0,14,0.017017017017,0,-0.43566245729,0.572669763067,5,440
131,1,4.50507432674,4.0,7,0.017017017017,0,-0.281908761895,0.35080061242,5,353
132,1,4.74192227856,4.0,16,0.018018018018,0,-0.267414942444,0.544167105893,5,729
133,1,4.46779620733,4.0,10,0.014014014014,0,-0.0266303123826,-0.45231285552,5,442
134,1,3.02557714271,0.0,11,0.017017017017,0,-0.338776442422,-0.958093530025,5,435
135,1,4.83829240617,3.0,10,0.016016016016,0,-0.153069281877,0.2975002518,5,377
136,1,5.87476983746,2.0,15,0.017017017017,0,0.234141461801,0.172345452057,5,535
137,1,-2.11748491524,,0,0.017017017017,1,-2.42844793392,0.16785888652,5,37
138,1,2.5204656448,1.0,6,0.019019019019,0,-0.687541039632,-0.416911236306,5,305
139,1,2.59227663348,2.0,15,0.017017017017,0,-0.813128802103,0.0316630397885,5,550
140,1,3.53910090677,2.0,9,0.015015015015,0,-0.366942905115,-0.360070377881,5,369
141,1,4.33563194952,3.0,8,0.017017017017,0,-0.282460320828,0.183012912005,5,315
142,1,3.47689041119,2.0,7,0.015015015015,0,-0.43580894756,-0.215682746132,5,279
143,1,5.70522624062,5.0,6,0.015015015015,1,0.128320024981,0.320266165673,5,199
144,1,2.65066542751,1.0,7,0.018018018018,0,-0.457119986584,-0.977974612735,5,257
145,1,4.57099513426,2.0,9,0.016016016016,0,-0.380004344146,0.711008166693,5,271
146,1,8.28499336854,6.0,15,0.018018018018,0,1.24040818374,-0.436231182683,5,431
147,1,2.96065130477,1.0,3,0.016016016016,0,-0.810179920461,0.391191066155,5,136
148,1,3.99844746062,3.0,6,0.018018018018,0,-0.13275626643,-0.603283740085,5,182
149,1,0.4850485444,,1,0.018018018018,0,-1.46698585906,-0.113993878406,5,67
150,1,3.47840789919,3.0,4,0.015015015015,1,-0.59851020482,0.273938513651,5,137
151,1,1.14999863098,1.0,2,0.016016016016,1,-1.34281730635,0.178450550037,5,113
152,1,5.4827043444,3.0,7,0.016016016016,0,0.0781728869942,0.24818568342,5,234
153,1,9.75413269833,9.0,10,0.014014014014,1,1.85744392266,-0.818199069662,5,425
154,1,-0.159684872902,,0,0.017017017017,1,-1.53488516935,-0.555029364844,5,33
155,1,4.85761673733,3.0,5,0.015015015015,0,-0.126129179602,0.236004276132,5,151
156,1,6.82000206268,6.0,9,0.016016016016,0,0.528866974568,0.233401138974,5,261
157,1,6.95153431984,5.0,11,0.018018018018,0,0.822613723738,-0.516306851368,5,416
158,1,4.37844700425,4.0,5,0.015015015015,1,-0.285716251251,0.235595758007,5,254
159,1,3.32607092669,1.0,5,0.013013013013,0,-0.657523235576,0.298640633423,5,347
160,1,6.35790443959,3.0,7,0.014014014014,0,0.27952409165,0.519332164636,5,355
161,1,7.77773659465,4.0,13,0.015015015015,0,1.14801699726,-0.666314397139,5,567
162,1,5.94183397527,1.0,9,0.014014014014,0,0.276476037107,0.112405863952,5,385
163,1,2.09345746845,1.0,8,0.017017017017,0,-0.904364019599,-0.193450472752,5,370
164,1,2.25629628329,2.0,14,0.016016016016,0,-0.906988025637,-0.0227396398023,5,441
165,1,1.31111434799,1.0,2,0.016016016016,1,-1.32136844607,0.275219686216,5,309
166,1,7.00487960501,1.0,16,0.016016016016,0,0.559525183648,0.326304054064,5,610
167,1,10.5656569297,3.0,12,0.016016016016,0,1.73893700533,0.348845913672,5,410
168,1,4.85641519594,3.0,6,0.015015015015,0,-0.116369291648,0.205523070883,5,367
169,1,6.13749504444,3.0,12,0.017017017017,0,0.514072590769,-0.404722727866,5,405
170,1,5.39739911712,4.0,7,0.016016016016,0,0.243174666912,-0.332124883611,5,322
171,1,9.78888904992,2.0,13,0.017017017017,0,1.63162531038,-0.105986881213,5,375
172,1,3.40645830709,2.0,7,0.016016016016,0,-0.447815907992,-0.250093968931,5,276
173,1,-4.14561237465,,0,0.016016016016,1,-2.83905170583,-0.628457257172,5,41
174,1,5.40966633344,2.0,11,0.016016016016,0,0.336662001472,-0.600319670977,5,374
175,1,4.45758861908,1.0,5,0.016016016016,0,-0.139182480954,-0.124863938054,5,162
176,1,2.25109067453,0.0,7,0.015015015015,0,-0.773820349502,-0.427448276963,5,179
177,1,9.68685871059,7.0,11,0.017017017017,0,1.25873792141,0.910644946364,5,274
178,1,6.62959596191,4.0,7,0.015015015015,0,0.655197854683,-0.335997602141,5,178
179,1,0.0349054546589,,2,0.017017017017,0,-1.62266229017,-0.0971076748261,5,78
180,1,1.27079731286,1.0,3,0.017017017017,0,-1.36481675986,0.365247592441,5,88
181,1,4.60474257504,4.0,5,0.017017017017,1,0.118833352223,-0.751757481628,5,144
182,1,0.451055823768,0.0,1,0.016016016016,1,-1.26543062225,-0.752652309492,5,86
183,1,2.64503503491,1.0,13,0.017017017017,0,-0.710434775579,-0.223660638357,5,214
184,1,6.76035365914,6.0,13,0.017017017017,0,0.52373599732,0.189145667178,5,256
185,1,2.00532389033,2.0,3,0.016016016016,1,-0.961666067957,-0.109677905798,5,109
186,1,6.13367313385,0.0,7,0.015015015015,0,0.656619650741,-0.836185818378,5,166
187,1,4.71052265452,4.0,9,0.019019019019,0,-0.134500602848,0.114024463068,5,173
188,1,6.54551882027,6.0,8,0.015015015015,0,0.43177849767,0.250183327264,5,184
189,1,7.39324626377,0.0,9,0.015015015015,0,0.544734071094,0.759044050491,5,196
190,1,1.7506616722,0.0,3,0.016016016016,0,-1.00110008363,-0.246038076913,5,111
191,1,6.40855340588,5.0,16,0.017017017017,0,0.48254714166,-0.0390880190972,5,505
192,1,2.05787144048,1.0,3,0.016016016016,0,-1.03757937597,0.170609568395,5,116
193,1,8.63255726351,7.0,11,0.015015015015,0,1.30891732047,-0.294194697899,5,238
194,1,-0.206322160476,,0,0.016016016016,1,-1.35424387534,-1.14359053445,5,66
195,1,2.06148350053,1.0,6,0.017017017017,0,-1.08844598886,0.326821467113,5,201
196,1,5.567585679,5.0,7,0.015015015015,0,0.160734334046,0.0853826768639,5,222
197,1,6.4078394446,1.0,13,0.016016016016,0,0.341407576011,0.383616716567,5,396
198,1,4.8925560934,3.0,7,0.015015015015,0,-0.14381646576,0.324005490677,5,225
199,1,1.10181756401,1.0,2,0.016016016016,1,-1.35246085386,0.159200125577,5,121
200,1,5.111084317,5.0,9,0.016016016016,0,0.0177587033625,0.0578082069082,5,243
201,1,8.6772961679,7.0,15,0.016016016016,0,0.965376672862,0.781166149311,5,498
202,1,8.54928616978,6.0,11,0.016016016016,0,1.0904772673,0.277854367869,5,299
203,1,14.7680320407,14.0,15,0.018018018018,1,3.22556670983,0.091331911162,5,490
204,1,6.13989324753,4.0,7,0.016016016016,0,0.620947705877,-0.722949870104,5,281
205,1,4.65886247325,4.0,11,0.016016016016,0,-0.23065604007,0.350830593455,5,319
206,1,0.648060127747,0.0,1,0.017017017017,1,-1.17006246646,-0.841752472876,5,142
207,1,6.82692456459,6.0,8,0.015015015015,0,0.652050646905,-0.129227376125,5,289
208,1,7.09685164762,1.0,11,0.015015015015,0,0.583391122199,0.34667828102,5,306
209,1,6.67671935203,4.0,8,0.016016016016,0,0.593492872587,-0.103759265728,5,286
210,1,4.04033455344,4.0,5,0.017017017017,1,-0.425151355536,0.315788620045,5,249
211,1,-1.49369940314,,0,0.016016016016,1,-1.65238031765,-1.53655845018,5,27
212,1,9.7649602784,7.0,14,0.017017017017,0,1.39610150916,0.576655750907,5,345
213,1,6.24854408464,3.0,7,0.018018018018,0,0.24289010358,0.519873773903,5,170
214,1,5.11878399718,1.0,7,0.015015015015,0,-0.290183033715,0.989333098327,5,231
215,1,2.56954357471,2.0,3,0.015015015015,1,-1.1639259136,1.0613213155,5,140
216,1,13.3943280394,13.0,14,0.014014014014,1,2.92376877766,-0.376978293599,5,349
217,1,5.4921026516,4.0,8,0.014014014014,0,0.164243475751,-0.000627775650197,5,282
218,1,9.04111413317,8.0,13,0.016016016016,0,1.23035649454,0.350044649549,5,314
219,1,1.4866583138,1.0,2,0.016016016016,1,-1.21065646048,0.118627695248,5,135
220,1,4.19999751907,,8,0.015015015015,0,-0.61360816501,1.0408220141,5,244
221,1,2.63043795722,0.0,3,0.017017017017,0,-0.692437878968,-0.292248405872,5,156
222,1,2.94340850399,1.0,3,0.017017017017,0,-0.576066387916,-0.328392332264,5,146
223,1,7.70720166072,4.0,8,0.017017017017,0,0.842820156893,0.178741190041,5,237
224,1,11.0505761327,5.0,12,0.016016016016,0,2.3290419049,-0.936549582007,5,291
225,1,11.4953278247,4.0,13,0.015015015015,0,2.03269400572,0.39724580753,5,348
226,1,2.59383663978,1.0,5,0.015015015015,0,-1.05626544739,0.762632981954,5,189
227,1,2.45963832855,2.0,8,0.015015015015,0,-0.799982330191,-0.140414680873,5,235
228,1,5.1987180451,4.0,8,0.016016016016,0,0.0259788278842,0.120781561446,5,202
229,1,1.36942623503,0.0,2,0.015015015015,0,-0.918909331332,-0.873845770978,5,177
230,1,5.02194946739,2.0,15,0.016016016016,0,-0.211466386931,0.656348628179,5,361
231,1,7.43174654804,2.0,12,0.017017017017,0,0.638285751995,0.516889292059,5,258
232,1,6.00176882133,3.0,11,0.015015015015,0,0.130331147602,0.610775378522,5,268
233,1,6.29000728735,2.0,8,0.017017017017,0,0.671196148877,-0.723581159277,5,185
234,1,-1.27542194395,,2,0.015015015015,0,-2.29063843493,0.596493360842,5,54
235,1,6.38218428406,5.0,8,0.015015015015,0,0.416899510308,0.131485753141,5,181
236,1,5.92079906377,4.0,7,0.017017017017,0,0.383750490308,-0.230452407153,5,161
237,1,4.00566869546,3.0,12,0.015015015015,0,-0.110102655074,-0.664023339316,5,240
238,1,-0.626327863935,,0,0.017017017017,1,-1.52381928097,-1.05487002103,5,6
239,1,6.62287890265,5.0,13,0.015015015015,0,0.591180211697,-0.150661732443,5,209
240,1,2.75473537043,2.0,4,0.018018018018,0,-0.637489434103,-0.332796327266,5,51
241,1,6.55835995072,4.0,7,0.016016016016,0,0.639956474928,-0.361509474061,5,169
242,1,6.95497168099,4.0,7,0.015015015015,0,0.869354125031,-0.653090694103,5,157
243,1,-0.113229418677,,1,0.015015015015,0,-1.48394358095,-0.661398675818,5,46
244,1,5.32681516932,5.0,6,0.016016016016,1,-0.179337087588,0.864826432088,5,150
245,1,6.76998102839,5.0,7,0.017017017017,0,0.416511722235,0.520445861688,5,153
246,1,2.52043281272,1.0,3,0.017017017017,0,-0.619444522723,-0.621233619112,5,56
247,1,3.40227387602,3.0,9,0.017017017017,0,-0.674077177007,0.424505407046,5,186
248,1,2.70347786156,,3,0.019019019019,0,-0.952187864768,0.560041455861,5,95
249,1,8.21116522886,8.0,12,0.016016016016,0,1.28588488295,-0.646489419993,5,470
250,1,9.23489228182,9.0,11,0.016016016016,0,1.22169270315,0.569814172376,5,457
251,1,0.6927000811,0.0,1,0.014014014014,1,-1.28597864289,-0.449363990226,5,129
252,1,5.520305955,1.0,7,0.017017017017,0,0.376502762963,-0.609202333894,5,350
253,1,8.34052940269,7.0,11,0.016016016016,0,1.21662899476,-0.30935758158,5,475
254,1,10.7810488528,8.0,12,0.016016016016,0,1.86183858127,0.195533109026,5,478
255,1,6.14177208085,3.0,14,0.015015015015,0,0.217424463631,0.48949868996,5,626
256,1,2.87233791295,2.0,3,0.017017017017,1,-0.687467822393,-0.0652586198699,5,251
257,1,3.45073007825,1.0,4,0.015015015015,0,-0.605634305265,0.267632994047,5,363
258,1,7.00523168167,7.0,11,0.016016016016,0,0.689518537305,-0.063323930245,5,591
259,1,7.47982009466,6.0,12,0.016016016016,0,0.473735130828,1.05861470217,5,615
260,1,3.94624066259,0.0,16,0.017017017017,0,-0.138736835563,-0.637548830722,5,754
261,1,2.62629992992,1.0,3,0.017017017017,0,-0.78145446673,-0.0293366698883,5,293
262,1,6.83982545827,5.0,7,0.016016016016,0,0.559210829,0.162192971266,5,476
263,1,5.32493336208,0.0,6,0.014014014014,0,0.0544525626216,0.161575674212,5,450
264,1,1.795490253,1.0,3,0.017017017017,0,-0.840331295113,-0.683515861661,5,247
265,1,3.9657915887,2.0,5,0.014014014014,0,-0.220920136493,-0.371448001825,5,506
266,1,9.02412398535,4.0,10,0.015015015015,0,1.27665913269,0.194146587279,5,667
267,1,3.35045023025,3.0,4,0.015015015015,1,-0.720064890046,0.510644900382,5,466
268,1,6.93164629177,4.0,9,0.017017017017,0,0.319628259631,0.97276151288,5,587
269,1,0.703864395814,0.0,1,0.015015015015,1,-1.32318890901,-0.326568877148,5,64
270,1,7.64541321866,2.0,13,0.018018018018,0,0.707175575512,0.523886492123,5,756
271,1,1.41002937707,1.0,3,0.015015015015,0,-1.25117894675,0.16356621732,5,493
272,1,4.87755905039,1.0,8,0.013013013013,0,-0.145134991992,0.312964026364,5,735
273,1,4.6072745526,2.0,8,0.017017017017,0,0.162154635562,-0.879189354088,5,699
274,1,6.82464779275,6.0,8,0.017017017017,0,0.737950779784,-0.389204546598,5,722
275,1,6.95800258769,3.0,10,0.018018018018,0,0.614646501329,0.114063083698,5,766
276,1,6.52868789979,5.0,14,0.016016016016,0,0.131198189791,1.13509333042,5,892
277,1,2.54091767193,2.0,3,0.016016016016,1,-1.04803392905,0.685019459091,5,565
278,1,8.90463439399,7.0,11,0.016016016016,0,1.2140546422,0.262470467377,5,831
279,1,8.46911071875,2.0,14,0.015015015015,0,1.10055508118,0.167445475195,5,942
280,1,9.64797111222,9.0,14,0.018018018018,0,1.56906020585,-0.0592095053425,5,890
281,1,5.39738197529,3.0,6,0.016016016016,0,-0.0246701464949,0.47139241477,5,814
282,1,1.17051459103,1.0,7,0.014014014014,0,-1.58882472246,0.936988758405,5,874
283,1,7.79451489864,5.0,8,0.017017017017,0,0.610395833304,0.963327398726,5,862
284,1,7.72589925355,6.0,14,0.016016016016,0,0.781654081236,0.380937009843,5,893
285,1,2.95036902326,2.0,3,0.016016016016,1,-0.539742334126,-0.430403974365,5,598
286,1,5.66145729252,5.0,15,0.015015015015,0,0.357357625848,-0.410615585025,5,987
287,1,2.37872438884,2.0,10,0.017017017017,0,-1.03801862858,0.492780274565,5,883
288,1,3.81627930822,3.0,13,0.017017017017,0,-0.65463002609,0.780169386491,5,889
289,1,8.78611573421,2.0,14,0.019019019019,0,1.36332487976,-0.303858905083,5,884
290,1,4.39620136205,4.0,8,0.016016016016,0,-0.322676311487,0.364230296511,5,772
291,1,4.49536825852,4.0,5,0.015015015015,1,-0.00600447134589,-0.486618327446,5,777
292,1,4.48284851455,1.0,5,0.017017017017,0,-0.213302392816,0.122755693002,5,718
293,1,14.9395254089,13.0,16,0.017017017017,0,3.28750672338,0.0770052387889,5,960
294,1,4.43438301032,4.0,7,0.015015015015,0,-0.423460684585,0.704765064077,5,751
295,1,7.14363350346,7.0,8,0.014014014014,1,0.410967614259,0.910730660683,5,778
296,1,3.88445199801,3.0,4,0.015015015015,1,-0.0712989546098,-0.901651138161,5,630
297,1,5.368941856,5.0,13,0.015015015015,0,0.253955500999,-0.392924646994,5,853
298,1,7.14011219924,4.0,9,0.016016016016,0,0.843831886627,-0.39138346064,5,744
299,1,8.31232112077,3.0,16,0.017017017017,0,1.03494635122,0.207482067097,5,881
300,1,6.48499734666,6.0,8,0.017017017017,0,0.208328039751,0.860013227407,5,661
301,1,2.22080637832,1.0,3,0.017017017017,0,-0.622640014961,-0.911273576797,5,404
302,1,8.0525718962,7.0,9,0.017017017017,0,1.03212763786,-0.043811017386,5,623
303,1,1.17779793754,0.0,2,0.019019019019,0,-1.19289341119,-0.243521828903,5,308
304,1,4.33046061762,2.0,6,0.017017017017,0,0.0591413347086,-0.846963386505,5,477
305,1,3.73637061133,2.0,4,0.013013013013,0,-0.41043095604,-0.0323365205531,5,489
306,1,4.83662245351,4.0,12,0.015015015015,0,-0.2122862358,0.473481160905,5,733
307,1,1.35285242791,1.0,10,0.016016016016,0,-1.32924466902,0.34058643496,5,572
308,1,-1.69244025257,,0,0.015015015015,1,-2.07815706778,-0.457969049246,5,5
309,1,6.76191843965,3.0,10,0.016016016016,0,0.465999890634,0.363918767744,5,597
310,1,3.75335499653,1.0,4,0.016016016016,0,-0.56291843527,0.442110302339,5,417
311,1,2.03953063472,2.0,4,0.017017017017,0,-0.994235325824,0.0222366121868,5,344
312,1,3.83355486859,0.0,6,0.016016016016,0,-0.510027072471,0.363636086,5,499
313,1,5.92237068261,5.0,12,0.018018018018,0,0.175915966876,0.394622781981,5,604
314,1,8.51117699311,7.0,10,0.017017017017,0,1.15813359973,0.0367761939187,5,569
315,1,3.57075800752,1.0,8,0.014014014014,0,-0.342325914484,-0.402264249026,5,538
316,1,9.21625014421,5.0,14,0.016016016016,0,1.37788147111,0.0826057308814,5,628
317,1,9.08517089817,6.0,16,0.016016016016,0,1.47875757687,-0.351101832426,5,794
318,1,2.39514419486,0.0,3,0.018018018018,0,-0.614505341879,-0.761339779499,5,337
319,1,7.2498798032,6.0,11,0.017017017017,0,0.646390529328,0.310708215217,5,558
320,1,0.618380983163,0.0,2,0.018018018018,0,-1.15077116732,-0.92930551489,5,316
321,1,7.35964077898,7.0,15,0.016016016016,0,0.91304676669,-0.379499521087,5,742
322,1,0.399089996457,0.0,2,0.02002002002,0,-1.58592836598,0.156875094384,5,294
323,1,2.19148190415,0.0,8,0.017017017017,0,-0.708145841123,-0.684080572485,5,428
324,1,4.3905562187,1.0,14,0.017017017017,0,-0.0787488836318,-0.3731971304,5,612
325,1,8.58448714505,6.0,11,0.016016016016,0,0.963740019262,0.693267087261,5,537
326,1,3.6876697181,3.0,4,0.015015015015,1,-0.129249755329,-0.924581015916,5,302
327,1,4.91075272773,4.0,10,0.017017017017,0,0.190982751002,-0.662195525272,5,430
328,1,6.22179497728,2.0,11,0.016016016016,0,0.398478715096,0.0263588319903,5,496
329,1,6.28346462355,2.0,7,0.016016016016,0,0.338062743648,0.269276392607,5,323
330,1,2.03088235928,1.0,5,0.017017017017,0,-1.05265751315,0.188854898736,5,220
331,1,7.22082724861,4.0,8,0.015015015015,0,0.455487353282,0.854365188761,5,376
332,1,3.9249965489,2.0,10,0.015015015015,0,-0.3641643814,0.0174896930978,5,378
333,1,4.40284418382,1.0,5,0.018018018018,0,0.102131653962,-0.903550778063,5,194
334,1,2.48512861386,2.0,3,0.014014014014,1,-0.660078139779,-0.534636966803,5,128
335,1,8.98176109199,7.0,16,0.016016016016,0,1.06170665719,0.796641120416,5,703
336,1,5.59343729322,2.0,6,0.016016016016,0,0.385233692357,-0.562263783848,5,174
337,1,3.33995860861,3.0,5,0.016016016016,0,-0.496776785733,-0.169711034195,5,101
338,1,0.368754503145,,3,0.018018018018,0,-1.59199007411,0.144724725488,5,61
339,1,2.07839068754,2.0,11,0.016016016016,0,-0.845171209256,-0.386095684689,5,288
340,1,2.008828202,,6,0.016016016016,0,-0.674456370828,-0.967802685514,5,105
341,1,5.99136710633,4.0,11,0.015015015015,0,0.446961816503,-0.349518343182,5,227
342,1,-3.99860345723,,0,0.015015015015,1,-2.84514482864,-0.463168971314,5,22
343,1,-2.9801111929,,1,0.017017017017,0,-2.73115360279,0.213349615476,5,39
344,1,0.268936685514,,1,0.015015015015,0,-1.75040895346,0.5201635459,5,26
345,1,2.997986271,1.0,3,0.015015015015,0,-0.533602647497,-0.401205786509,5,62
346,1,9.96275077008,2.0,11,0.016016016016,0,1.40649744876,0.74325842379,5,253
347,1,3.78582410521,2.0,8,0.016016016016,0,-0.127719174098,-0.831018372499,5,163
348,1,3.78255526846,3.0,4,0.016016016016,1,-0.336976918166,-0.206513977042,5,114
349,1,10.5760653687,6.0,12,0.016016016016,0,1.84199311125,0.0500860349134,5,283
350,1,6.24986102393,4.0,11,0.016016016016,0,0.479186992804,-0.18769995448,5,264
351,1,2.49322933,1.0,3,0.016016016016,0,-1.04434827052,0.626274141561,5,124
352,1,3.44154493705,1.0,5,0.017017017017,0,-0.647634628605,0.384448822869,5,159
353,1,1.39820984402,1.0,10,0.017017017017,0,-1.135954439,-0.19392683899,5,280
354,1,9.60384644792,0.0,12,0.016016016016,0,1.54382684021,-0.0276340726959,5,399
355,1,6.86569899806,4.0,8,0.016016016016,0,0.829791044808,-0.623674136368,5,346
356,1,4.12114840376,3.0,5,0.017017017017,0,-0.0819122008044,-0.633114993831,5,215
357,1,4.18298031758,4.0,12,0.016016016016,0,-0.285027134208,0.0380617202036,5,532
358,1,0.54125395717,0.0,1,0.014014014014,1,-1.46214463024,-0.0723121521072,5,154
359,1,5.9414540735,5.0,6,0.017017017017,1,0.469059808152,-0.46572535096,5,292
360,1,3.95159727147,3.0,7,0.015015015015,0,-0.593115521574,0.730943836196,5,371
361,1,5.87174181903,4.0,13,0.016016016016,0,0.14896132329,0.424857849163,5,577
362,1,1.58684196272,1.0,10,0.015015015015,0,-1.06092562015,-0.230381176823,5,522
363,1,8.5685802634,5.0,12,0.014014014014,0,1.33026512517,-0.422215112113,5,752
364,1,0.832341724033,0.0,1,0.017017017017,1,-1.32748217379,-0.185211754592,5,210
365,1,6.24916384816,5.0,16,0.017017017017,0,0.433346843872,-0.0508766834561,5,842
366,1,6.22906100447,6.0,10,0.016016016016,0,0.257262492603,0.457273526664,5,523
367,1,3.18929581715,1.0,4,0.016016016016,0,-0.442660414246,-0.482722940107,5,351
368,1,3.51498444427,3.0,16,0.016016016016,0,-0.503098313072,0.0242793834895,5,894
369,1,7.73895217343,4.0,8,0.017017017017,0,1.04853994724,-0.406667668286,5,481
370,1,7.97068542644,7.0,14,0.017017017017,0,0.757149112965,0.699238087544,5,596
371,1,4.42810006486,4.0,12,0.016016016016,0,-0.162856522929,-0.0833303663516,5,571
372,1,3.70783805258,3.0,8,0.014014014014,0,-0.336146239022,-0.283723230357,5,451
373,1,4.3613918955,3.0,6,0.015015015015,0,-0.147486929994,-0.196147314513,5,449
374,1,5.94717689383,5.0,7,0.015015015015,0,-0.0319101531788,1.04290735337,5,432
375,1,0.951149820764,,1,0.015015015015,0,-1.14094302412,-0.626021106886,5,42
376,1,-1.1303992675,,0,0.019019019019,1,-2.10757092212,0.19231349887,5,31
377,1,5.597841519,3.0,6,0.016016016016,0,0.383633788784,-0.553059847356,5,387
378,1,3.16800731457,3.0,4,0.015015015015,1,-0.258840675365,-1.05547065933,5,175
379,1,4.14949219012,3.0,7,0.015015015015,0,-0.61623868811,0.998208254455,5,419
380,1,5.33519771535,4.0,14,0.014014014014,0,-0.016695789605,0.385285084163,5,545
381,1,7.33215556882,7.0,8,0.015015015015,1,0.87622567157,-0.296521445886,5,421
382,1,4.5028060869,4.0,13,0.017017017017,0,-0.24288883734,0.231472598922,5,467
383,1,4.89141926301,3.0,6,0.016016016016,0,0.0316032919154,-0.203390612736,5,267
384,1,3.27528647822,3.0,5,0.018018018018,0,-0.438978967171,-0.407776620268,5,246
385,1,4.69922626841,4.0,9,0.015015015015,0,-0.1755786564,0.22596223761,5,332
386,1,1.69042440998,,2,0.015015015015,0,-0.952573093742,-0.451856308796,5,34
387,1,8.19105706286,8.0,9,0.017017017017,1,1.14617968903,-0.247482004221,5,310
388,1,2.76851447611,,3,0.015015015015,0,-0.789494697171,0.13699856762,5,57
389,1,10.8726612107,8.0,15,0.015015015015,0,1.55404894384,1.21051437916,5,839
390,1,5.09651828995,5.0,6,0.017017017017,1,0.0474234748579,-0.0457521346269,5,164
391,1,2.13318968005,,4,0.017017017017,0,-0.925958657918,-0.0889343461918,5,90
392,1,8.24473163877,5.0,14,0.015015015015,0,0.650084802062,1.29447723258,5,547
393,1,-1.14330116776,,1,0.017017017017,0,-2.29214738166,0.733140977205,5,18
394,1,-1.04003136734,,0,0.016016016016,1,-1.94869803539,-0.193937261167,5,2
395,1,6.84375575003,5.0,7,0.017017017017,0,0.632105262419,-0.0525600372243,5,330
396,1,5.56688398399,4.0,6,0.014014014014,0,0.281173447478,-0.276636358446,5,333
397,1,3.06794921758,3.0,4,0.016016016016,1,-0.544026901481,-0.299970077977,5,269
398,1,3.71146587594,2.0,11,0.016016016016,0,-0.325342506701,-0.312506603959,5,443
399,1,3.29151611182,3.0,8,0.016016016016,0,-0.649666326797,0.240515092206,5,400
400,1,2.45288376631,2.0,6,0.016016016016,0,-1.13510279249,0.858192143794,5,392
401,1,7.6142377928,2.0,10,0.016016016016,0,0.774062628846,0.292049906256,5,511
402,1,4.65141202831,4.0,9,0.016016016016,0,-0.206581607535,0.271156850916,5,484
403,1,2.20269854913,0.0,4,0.018018018018,0,-0.982225988054,0.149376513292,5,391
404,1,9.8232730769,6.0,11,0.015015015015,0,1.65741078442,-0.148959276374,5,570
405,1,3.87826319522,1.0,4,0.015015015015,0,-0.367224792988,-0.0200624258126,5,406
406,1,5.2189766701,5.0,6,0.015015015015,1,0.126510119769,-0.160553689209,5,518
407,1,8.40458778529,6.0,9,0.018018018018,0,0.70483726461,1.29007599146,5,552
408,1,4.46278359611,0.0,6,0.016016016016,0,-0.199060114643,0.0599639400413,5,525
409,1,9.15890558818,9.0,10,0.016016016016,1,1.37748024879,0.0264648418044,5,747
410,1,5.26561297525,4.0,11,0.017017017017,0,0.0882339448493,0.000911140698892,5,761
411,1,8.05465502311,3.0,12,0.016016016016,0,0.900120595495,0.354293236623,5,818
412,1,3.03928366808,3.0,6,0.016016016016,0,-0.561874230484,-0.275093640469,5,741
413,1,7.60752119195,5.0,14,0.016016016016,0,0.828539920544,0.12190143032,5,912
414,1,2.88534284703,2.0,5,0.014014014014,0,-0.874270401008,0.508154050049,5,659
415,1,7.31148235861,2.0,14,0.015015015015,0,0.787419072132,-0.0507748577848,5,933
416,1,7.35458318982,2.0,9,0.014014014014,0,0.84805445075,-0.189580162429,5,791
417,1,4.59444480484,3.0,11,0.019019019019,0,-0.432563539447,0.892135423184,5,826
418,1,4.8812371782,1.0,5,0.016016016016,0,-0.235406663442,0.587457168521,5,788
419,1,7.43705176037,1.0,17,0.017017017017,0,0.887114811819,-0.224292675085,5,991
420,1,7.21374021391,6.0,11,0.015015015015,0,0.737645425529,0.00080393732186,5,888
421,1,6.25425386039,3.0,9,0.013013013013,0,0.19588333499,0.666603855416,5,876
422,1,5.19034469042,3.0,10,0.016016016016,0,0.0932479621658,-0.0893991960726,5,868
423,1,3.65590820957,3.0,5,0.018018018018,0,-0.344301947999,-0.311185946438,5,770
424,1,5.87557177834,4.0,6,0.018018018018,0,0.658572168952,-1.10014472851,5,784
425,1,7.42578848032,7.0,10,0.016016016016,0,1.16278018215,-1.06255206614,5,840
426,1,5.99629267379,4.0,16,0.017017017017,0,0.40506779829,-0.218910721082,5,935
427,1,5.06909748004,4.0,9,0.016016016016,0,0.00131677082862,0.0651471675509,5,813
428,1,2.53922493742,1.0,10,0.016016016016,0,-0.733451771341,-0.260419748556,5,825
429,1,9.69592050396,8.0,12,0.014014014014,0,1.60938109392,-0.132222777789,5,872
430,1,0.0221097958513,0.0,2,0.018018018018,0,-1.91169326407,0.757189588067,5,578
431,1,3.83267589711,3.0,8,0.018018018018,0,-0.0682363471966,-0.962615061296,5,737
432,1,-1.09543973359,,0,0.015015015015,1,-2.26354727909,0.695202103677,5,35
433,1,4.25714397991,2.0,6,0.013013013013,0,-0.324358303484,0.230218890358,5,726
434,1,2.19828693542,2.0,3,0.018018018018,1,-0.863261114171,-0.211929722069,5,631
435,1,5.50723445055,5.0,8,0.015015015015,0,0.107848203251,0.183689840797,5,745
436,1,2.37837150545,1.0,3,0.015015015015,0,-0.647647082066,-0.678687248352,5,709
437,1,8.80964825127,2.0,14,0.018018018018,0,1.07357482915,0.588923763823,5,790
438,1,3.97472791087,3.0,4,0.016016016016,1,-0.408617545387,0.20058054703,5,717
439,1,5.79531059497,4.0,13,0.018018018018,0,0.466148829623,-0.603135893904,5,780
440,1,4.32456567239,0.0,12,0.015015015015,0,0.0200169389376,-0.73548514442,5,870
441,1,2.61274729538,2.0,4,0.015015015015,0,-0.921667924755,0.377751069646,5,731
442,1,4.36208792038,0.0,6,0.017017017017,0,-0.251827964213,0.117571813016,5,746
443,1,4.67792203867,0.0,15,0.015015015015,0,-0.129183456028,0.0654724067515,5,915
444,1,1.37752494268,1.0,6,0.016016016016,0,-1.25805190614,0.151680661113,5,773
445,1,2.0925340692,1.0,4,0.017017017017,0,-0.890516073433,-0.235917710503,5,719
446,1,4.29525807247,4.0,15,0.017017017017,0,-0.390069619349,0.465466930516,5,902
447,1,2.28460221895,0.0,8,0.015015015015,0,-0.980049005348,0.224749234996,5,850
448,1,9.06031354607,2.0,15,0.019019019019,0,1.27452594471,0.236735711927,5,882
449,1,9.22348641604,1.0,11,0.016016016016,0,1.66945271074,-0.78487171619,5,852
450,1,3.76451594755,1.0,7,0.017017017017,0,-0.734298153868,0.967410409155,5,781
451,1,4.02561555661,3.0,14,0.015015015015,0,-0.121344997992,-0.610349449411,5,885
452,1,1.51195072594,1.0,5,0.016016016016,0,-0.849219354192,-0.94039121148,5,691
453,1,9.18710704232,8.0,10,0.016016016016,0,1.46770084702,-0.215995498735,5,799
454,1,6.37754414955,4.0,7,0.02002002002,0,0.560958270882,-0.305330663097,5,681
455,1,6.20892067581,1.0,14,0.016016016016,0,0.710482508664,-0.922526850179,5,867
456,1,4.23214913499,1.0,9,0.015015015015,0,-0.346777841677,0.272482660017,5,796
457,1,3.19693011785,2.0,4,0.017017017017,0,-0.484412526324,-0.349832303174,5,640
458,1,10.9406783821,9.0,11,0.017017017017,0,2.18389720713,-0.61101323925,5,798
459,1,2.65537055022,1.0,5,0.015015015015,0,-0.820023939842,0.115442369746,5,647
460,1,4.18275349767,4.0,5,0.017017017017,1,-0.0138287317959,-0.775760306941,5,614
461,1,3.16440865329,2.0,8,0.015015015015,0,-0.563280698203,-0.145749252098,5,672
462,1,-0.168908652973,,0,0.017017017017,1,-1.77365628636,0.152060206113,5,58
463,1,10.7540668101,9.0,15,0.015015015015,0,1.79816391291,0.359575071341,5,877
464,1,5.85543305324,4.0,8,0.015015015015,0,0.664385936107,-1.13772475508,5,664
465,1,6.36172190856,4.0,9,0.017017017017,0,0.581580137383,-0.38301850359,5,487
466,1,7.22007585539,7.0,14,0.015015015015,0,0.581914130037,0.474333465282,5,803
467,1,1.05943446892,1.0,2,0.016016016016,1,-1.32703612075,0.0405428311729,5,204
468,1,5.14950381933,1.0,12,0.016016016016,0,0.0974262986063,-0.142775076492,5,674
469,1,5.53452717523,3.0,7,0.017017017017,0,0.137155158087,0.123061700971,5,398
470,1,-1.82649284817,,1,0.014014014014,0,-1.99357211558,-0.845776501418,5,103
471,1,0.377428288293,0.0,3,0.015015015015,0,-1.31787928434,-0.66893385869,5,338
472,1,2.34712848668,2.0,6,0.016016016016,0,-0.647790496008,-0.7095000253,5,358
473,1,5.9528234532,2.0,7,0.015015015015,0,0.456780067493,-0.417516749281,5,379
474,1,11.0315412324,11.0,14,0.015015015015,0,2.32433635254,-0.941467825181,5,738
475,1,5.08671773754,4.0,9,0.015015015015,0,0.134125787774,-0.315659625784,5,601
476,1,3.75985066736,2.0,11,0.016016016016,0,-0.281541590721,-0.395524560477,5,603
477,1,1.37880716849,1.0,2,0.016016016016,1,-1.51505879662,0.923983558366,5,297
478,1,0.925830219282,0.0,2,0.016016016016,0,-1.19136667841,-0.500069745483,5,255
479,1,4.63428229006,2.0,6,0.016016016016,0,-0.166482128826,0.133728676535,5,386
480,1,4.76300371451,3.0,5,0.015015015015,0,-0.12258747531,0.13076614044,5,359
481,1,4.02312288981,3.0,5,0.017017017017,0,-0.0296537678429,-0.887915806666,5,437
482,1,3.96330335883,2.0,8,0.016016016016,0,-0.451113700234,0.31664445953,5,698
483,1,8.1393984982,8.0,17,0.017017017017,0,0.817632554864,0.686500833604,5,943
484,1,8.05077654327,5.0,9,0.015015015015,0,0.947484720469,0.208322381863,5,732
485,1,6.89425684955,6.0,12,0.016016016016,0,0.710768034233,-0.238047253151,5,776
486,1,2.63558909234,1.0,5,0.013013013013,0,-0.776277408169,-0.0355786831575,5,560
487,1,7.29189868458,2.0,10,0.018018018018,0,0.931247622499,-0.501844182917,5,682
488,1,5.82799800825,5.0,13,0.015015015015,0,0.386867083876,-0.332603243375,5,866
489,1,13.1668823955,6.0,15,0.016016016016,0,2.22811313618,1.48254298696,5,932
490,1,2.71345412321,1.0,9,0.015015015015,0,-0.540821003473,-0.664082866377,5,727
491,1,1.49031578554,1.0,2,0.016016016016,1,-1.54842664451,1.13559571907,5,462
492,1,8.0622647974,8.0,14,0.016016016016,0,0.925471821431,0.285849333103,5,860
493,1,1.32030553484,1.0,4,0.016016016016,0,-1.36198370899,0.406256661817,5,465
494,1,7.41223787182,7.0,9,0.017017017017,0,0.813823070557,-0.0292313398469,5,531
495,1,5.24683929559,4.0,8,0.016016016016,0,-0.093315767239,0.526786597311,5,517
496,1,7.38801512534,6.0,13,0.016016016016,0,0.58796226106,0.624128342164,5,646
497,1,4.62910284471,0.0,7,0.015015015015,0,-0.13042736778,0.0203849480458,5,473
498,1,0.699560448345,0.0,1,0.015015015015,1,-1.37776451873,-0.167145995466,5,245
499,1,8.7531947917,8.0,12,0.015015015015,0,1.06217609775,0.566666498443,5,590
500,1,4.04559647877,4.0,5,0.014014014014,1,-0.446294441124,0.384479802141,5,382
501,1,3.73515771449,3.0,6,0.014014014014,0,-0.248649581614,-0.518893540666,5,413
502,1,4.40494390287,4.0,7,0.017017017017,0,-0.296637379676,0.294856041896,5,373
503,1,1.44547826658,1.0,2,0.018018018018,1,-1.13334148802,-0.154497269353,5,232
504,1,2.61770076928,2.0,5,0.017017017017,0,-0.656624415517,-0.412425984167,5,262
505,1,10.2178905238,9.0,15,0.016016016016,0,1.4896212603,0.749026742875,5,583
506,1,7.61482716669,7.0,8,0.018018018018,1,0.897461705497,-0.0775579498042,5,287
507,1,9.54461724633,0.0,13,0.015015015015,0,1.28070688715,0.702496584884,5,529
508,1,2.91314129935,0.0,15,0.017017017017,0,-0.804572102802,0.32685760776,5,539
509,1,2.75417824488,1.0,3,0.018018018018,0,-0.644838143743,-0.311307323887,5,226
510,1,4.92880038041,3.0,5,0.014014014014,0,0.11456302555,-0.414888696237,5,230
511,1,3.12168322518,2.0,10,0.016016016016,0,-0.556210285463,-0.209685918431,5,393
512,1,9.1769953066,3.0,12,0.017017017017,0,1.23921853184,0.459339711076,5,298
513,1,5.03873630392,4.0,7,0.016016016016,0,0.0663779481751,-0.160397540609,5,236
514,1,4.47033601776,4.0,5,0.017017017017,1,-0.475709153612,0.897463478592,5,213
515,1,1.26055012246,,4,0.017017017017,0,-1.17672785751,-0.20926630501,5,171
516,1,-2.92997261208,,0,0.014014014014,1,-3.04452265143,1.2035953422,5,24
517,1,5.81937121123,4.0,15,0.017017017017,0,0.613774653105,-1.02195274808,5,364
518,1,0.659420247624,,1,0.017017017017,0,-1.2231599173,-0.671100000478,5,44
519,1,-2.3297250475,,2,0.013013013013,0,-2.3002050392,-0.429109929902,5,82
520,1,3.96844616192,3.0,11,0.016016016016,0,-0.373296987297,0.0883371238116,5,275
521,1,-0.166630776439,,1,0.016016016016,0,-1.84129080091,0.357241626299,5,49
522,1,7.41276426917,7.0,9,0.019019019019,0,0.708397719315,0.287571111224,5,223
523,1,4.49318786217,3.0,5,0.017017017017,0,-0.098938220727,-0.209997475645,5,190
524,1,3.39540327904,3.0,4,0.015015015015,1,-0.563615807197,0.0862507006292,5,211
525,1,6.43745900222,6.0,9,0.013013013013,0,0.489534437568,-0.0311443104896,5,438
526,1,4.68127023931,4.0,8,0.015015015015,0,-0.0906410075843,-0.0468067379324,5,300
527,1,6.30557847974,5.0,10,0.016016016016,0,0.451193312157,-0.048001456733,5,395
528,1,3.13654668158,1.0,4,0.017017017017,0,-0.537899655314,-0.249754352481,5,242
529,1,9.2037382734,4.0,13,0.016016016016,0,1.24209424175,0.477455548161,5,536
530,1,11.7780390821,9.0,13,0.018018018018,0,2.12910632212,0.390720115737,5,504
531,1,3.8213286688,3.0,4,0.016016016016,1,-0.421174080672,0.0848509108175,5,329
532,1,7.27923990266,1.0,8,0.015015015015,0,0.729652258205,0.0902831280504,5,472
533,1,1.32321728539,0.0,4,0.017017017017,0,-0.8240894799,-1.20451427491,5,356
534,1,7.29367882609,5.0,10,0.015015015015,0,0.765620653668,-0.00318313490964,5,527
535,1,7.64009951204,3.0,8,0.016016016016,0,0.836113053194,0.131760352455,5,491
536,1,9.75253106484,9.0,12,0.013013013013,0,1.29216409377,0.876038783538,5,765
537,1,7.8986244528,5.0,11,0.014014014014,0,0.830931307655,0.40583052984,5,618
538,1,9.59076906294,4.0,14,0.016016016016,0,1.46798221434,0.186822419914,5,680
539,1,6.72698624902,1.0,9,0.015015015015,0,0.482518154273,0.279431786198,5,546
540,1,5.9225270627,5.0,6,0.018018018018,1,0.341339538798,-0.101491553691,5,469
541,1,4.95179803652,2.0,8,0.015015015015,0,0.031905815489,-0.143919409949,5,486
542,1,11.9627991957,10.0,13,0.016016016016,0,2.25173617527,0.207590669951,5,633
543,1,6.77333479761,,14,0.014014014014,0,0.607371164,-0.0487786943889,5,830
544,1,3.6724182676,1.0,5,0.014014014014,0,-0.577748384097,0.405663419891,5,321
545,1,3.37635199608,3.0,7,0.016016016016,0,-0.554852463778,0.0409093874184,5,418
546,1,4.90736999637,4.0,11,0.015015015015,0,-0.271323850168,0.721341546874,5,580
547,1,2.64905283258,2.0,3,0.016016016016,1,-0.742633391706,-0.123046992302,5,152
548,1,1.93717753321,1.0,2,0.019019019019,1,-1.04780648367,0.0805969842187,5,85
549,1,3.04174667953,1.0,6,0.016016016016,0,-0.532320599988,-0.361291520504,5,265
550,1,6.21646135099,6.0,7,0.015015015015,1,0.347295802261,0.17457394421,5,318
551,1,2.81110698477,1.0,5,0.015015015015,0,-0.736197159017,0.0196984618225,5,93
552,1,7.68440579719,5.0,13,0.017017017017,0,0.801538161591,0.279791312422,5,453
553,1,12.0836181259,12.0,14,0.015015015015,0,2.21267799169,0.445584150798,5,716
554,1,0.871136636583,,1,0.015015015015,0,-1.46284993511,0.259686441917,5,69
555,1,2.54669195941,2.0,11,0.02002002002,0,-0.676697884957,-0.423214385721,5,149
556,1,3.34405881947,2.0,6,0.014014014014,0,-0.491197671327,-0.182348166547,5,80
557,1,7.99049903493,6.0,14,0.017017017017,0,0.756254965346,0.721734138889,5,458
558,1,4.05536048713,4.0,5,0.017017017017,1,-0.135809713957,-0.537210370998,5,73
559,1,4.94594106394,3.0,5,0.016016016016,0,-0.113907604205,0.287663876559,5,76
560,1,8.67868196805,8.0,13,0.016016016016,0,1.37393111019,-0.443111362534,5,206
561,1,5.14036966596,4.0,10,0.018018018018,0,-0.00746173549789,0.162754872458,5,147
562,1,1.83038225135,,2,0.017017017017,0,-0.714281835101,-1.02677224335,5,25
563,1,0.814733718118,,1,0.017017017017,0,-1.73963841962,1.03364897697,5,23
564,1,0.398762379677,,2,0.015015015015,0,-1.44240047276,-0.274036202048,5,53
565,1,4.46898333936,3.0,7,0.016016016016,0,-0.0994984888947,-0.232521193951,5,104
566,1,6.44675552505,5.0,7,0.017017017017,0,0.365362501815,0.350668019607,5,83
567,1,4.346617271,3.0,11,0.015015015015,0,-0.40052580361,0.548194681834,5,187
568,1,5.97049436305,2.0,8,0.015015015015,0,0.565557054528,-0.726176800537,5,168
569,1,-1.00123472305,,0,0.016016016016,1,-1.76907872488,-0.693998548412,5,11
570,1,5.30580568872,4.0,7,0.018018018018,0,0.20611634151,-0.312543335808,5,127
571,1,7.05834806627,,8,0.017017017017,0,0.177393647956,1.5261671224,5,141
572,1,1.98466402778,1.0,12,0.016016016016,0,-0.85131217258,-0.461399454478,5,266
573,1,6.3095761146,5.0,7,0.014014014014,0,0.294544046454,0.425943975236,5,241
574,1,6.12341465374,3.0,11,0.014014014014,0,0.552890534795,-0.53525695064,5,368
575,1,6.54117936428,4.0,12,0.016016016016,0,0.694265935605,-0.541618442532,5,360
576,1,3.35644365368,0.0,4,0.015015015015,0,-0.642126475624,0.282823080555,5,229
577,1,-0.647237548082,,1,0.015015015015,0,-1.96257770536,0.24049556801,5,81
578,1,4.80024844617,2.0,14,0.018018018018,0,0.00387223902242,-0.211368270898,5,422
579,1,8.37446275679,1.0,14,0.015015015015,0,0.883312858554,0.724524181132,5,485
580,1,-1.30969897401,,0,0.015015015015,1,-1.85427023802,-0.746888259941,5,72
581,1,6.07334201241,3.0,9,0.015015015015,0,0.393732169447,-0.107854495929,5,343
582,1,8.06390220543,7.0,14,0.014014014014,0,1.04519992203,-0.0716975606664,5,767
583,1,0.876497530634,0.0,2,0.014014014014,0,-1.78768780786,1.23956095422,5,203
584,1,3.35306744424,2.0,5,0.016016016016,0,-0.509024192474,-0.119859978337,5,263
585,1,3.61864383857,2.0,12,0.018018018018,0,-0.43925814484,-0.0635817269093,5,366
586,1,2.4697665065,2.0,4,0.016016016016,0,-0.84662830125,0.00965141025278,5,233
587,1,3.41707353567,0.0,8,0.015015015015,0,-0.655059448558,0.382251881341,5,307
588,1,2.82925563383,0.0,7,0.015015015015,0,-0.792424424983,0.206528908778,5,270
589,1,7.01952699402,0.0,12,0.016016016016,0,0.371585615053,0.904770148865,5,357
590,1,6.99690636749,5.0,14,0.015015015015,0,0.477974251933,0.562983611693,5,415
591,1,3.29049826697,3.0,12,0.018018018018,0,-0.207159614601,-1.08802288923,5,334
592,1,1.37684568793,1.0,5,0.017017017017,0,-1.38939349913,0.545026185321,5,228
593,1,2.42857646903,,4,0.016016016016,0,-0.597070638945,-0.780211614133,5,191
594,1,3.6939354862,2.0,4,0.016016016016,0,-0.354819305695,-0.241606596718,5,106
595,1,4.56343612079,2.0,11,0.015015015015,0,-0.127314810625,-0.0546194473302,5,327
596,1,7.51352228582,5.0,13,0.014014014014,0,0.700878616693,0.410886435741,5,388
597,1,7.19361569611,3.0,8,0.015015015015,0,0.513553042927,0.652956567326,5,221
598,1,0.12198254703,,6,0.016016016016,0,-1.752551595,0.379637332017,5,133
599,1,-0.522927881093,,1,0.016016016016,0,-1.85609924755,0.0453698615578,5,29
600,1,0.258696829301,,4,0.013013013013,0,-1.61399510408,0.100682141554,5,70
601,1,5.33475948238,3.0,6,0.016016016016,0,0.0538495995573,0.173210683708,5,94
602,1,1.03521341384,,3,0.018018018018,0,-0.839954601593,-1.44492278138,5,32
603,1,8.41202398726,8.0,10,0.016016016016,0,0.969815905693,0.502576270184,5,195
604,1,7.65298619512,7.0,14,0.016016016016,0,0.826574131914,0.173263799383,5,313
605,1,0.0499099794859,0.0,1,0.018018018018,1,-1.80542658039,0.466189720643,5,9
606,1,6.51091934793,6.0,8,0.016016016016,0,0.309816147664,0.581470904936,5,87
607,1,8.02221445342,,9,0.016016016016,0,0.964112270559,0.129877641746,5,126
608,1,2.73501211247,,3,0.014014014014,0,-0.775395211481,0.0611977469124,5,52
609,1,6.50419202244,3.0,8,0.014014014014,0,0.519153705143,-0.053269092992,5,107
610,1,1.30083323964,,4,0.016016016016,0,-1.22418301455,-0.0266177167146,5,71
611,1,-3.19155095018,,0,0.018018018018,1,-2.5446568551,-0.55758038489,5,7
612,1,7.39304697012,5.0,9,0.017017017017,0,0.697363974188,0.300955047557,5,138
613,1,8.05882983251,4.0,10,0.015015015015,0,1.14093325467,-0.363969931484,5,250
614,1,6.51401019312,6.0,8,0.018018018018,0,0.466462518174,0.114622638603,5,207
615,1,10.7310873126,8.0,11,0.015015015015,0,1.83470908202,0.226960066506,5,317
616,1,1.97475954855,,3,0.015015015015,0,-0.811367351139,-0.591138398032,5,59
617,1,4.21709614917,4.0,5,0.016016016016,1,-0.621593985958,1.08187810704,5,110
618,1,5.04101818387,5.0,10,0.018018018018,0,-0.0605378300543,0.222631674033,5,331
619,1,11.6304224856,10.0,12,0.016016016016,0,1.9502934499,0.779542135935,5,474
620,1,6.59689145128,4.0,7,0.016016016016,0,0.475719315817,0.169733503832,5,277
621,1,3.40746461316,3.0,5,0.016016016016,0,-0.455678872494,-0.225498769364,5,224
622,1,7.24228160437,6.0,9,0.015015015015,0,0.916758912917,-0.507995134383,5,503
623,1,6.1601421678,4.0,9,0.014014014014,0,0.319311795323,0.202206781833,5,509
624,1,-2.72540381786,,0,0.016016016016,1,-2.48004428572,-0.285270960695,5,17
625,1,6.91420907474,5.0,8,0.016016016016,0,0.483204581007,0.464595331719,5,507
626,1,3.73259072481,1.0,12,0.015015015015,0,-0.247432292514,-0.525112397651,5,617
627,1,5.85473614295,4.0,6,0.018018018018,0,-0.0591932293423,1.03231583098,5,482
628,1,6.66757620653,4.0,8,0.017017017017,0,0.637916472956,-0.246173212338,5,528
629,1,6.07355927559,4.0,12,0.014014014014,0,0.394274418868,-0.109263981017,5,669
630,1,4.07122282922,1.0,7,0.019019019019,0,-0.143899371872,-0.497079055162,5,589
631,1,8.44874069258,6.0,13,0.016016016016,0,1.3777986213,-0.684655171321,5,795
632,1,4.86942633041,1.0,9,0.016016016016,0,0.204499038252,-0.744070784347,5,625
633,1,1.33521874247,1.0,5,0.015015015015,0,-1.20205169849,-0.0586261620513,5,592
634,1,1.22039112251,0.0,5,0.015015015015,0,-1.02602356758,-0.701538174752,5,600
635,1,3.06555851853,2.0,13,0.017017017017,0,-0.618043230547,-0.080311789826,5,847
636,1,5.13600263305,1.0,11,0.016016016016,0,-0.17026474022,0.646796853709,5,863
637,1,2.45492876418,1.0,3,0.016016016016,0,-0.548923454168,-0.898300873316,5,605
638,1,5.7753212283,3.0,8,0.017017017017,0,0.280091017328,-0.0649518236844,5,779
639,1,2.94906260339,2.0,7,0.016016016016,0,-0.373739345256,-0.929719360843,5,828
640,1,6.80362886084,6.0,9,0.015015015015,0,0.0132740845564,1.76380660717,5,911
641,1,7.19658204936,4.0,12,0.016016016016,0,0.77858157406,-0.139162672823,5,945
642,1,10.2979638447,10.0,11,0.015015015015,1,1.89666613455,-0.392034558964,5,959
643,1,10.5824811593,5.0,13,0.015015015015,0,1.73459261901,0.37870330229,5,972
644,1,4.31631734777,3.0,8,0.016016016016,0,-0.292472196537,0.19373393738,5,920
645,1,4.44559491945,1.0,5,0.017017017017,0,-0.263192552151,0.235172575902,5,910
646,1,6.8145535652,6.0,7,0.014014014014,1,0.72007527312,-0.34567225416,5,953
647,1,3.41872531798,2.0,5,0.015015015015,0,-0.573525705001,0.139302432981,5,923
648,1,9.48373130319,8.0,12,0.015015015015,0,1.8718086011,-1.13169450013,5,983
649,1,1.83464432102,1.0,12,0.016016016016,0,-1.11303617415,0.173752843477,5,982
650,1,5.28077057772,4.0,6,0.016016016016,0,0.0536173767957,0.119918447329,5,968
651,1,8.63677582586,5.0,15,0.016016016016,0,1.13494807581,0.231931598436,5,995
652,1,5.52383521043,2.0,9,0.017017017017,0,0.144483245153,0.0903854749765,5,981
653,1,1.23657994994,1.0,13,0.015015015015,0,-0.890202041686,-1.092813925,5,992
654,1,7.7505488691,4.0,16,0.016016016016,0,0.588631036912,0.984655758362,5,999
655,1,5.74663083804,5.0,10,0.014014014014,0,0.445783548307,-0.590719806885,5,989
656,1,2.76570171907,1.0,4,0.016016016016,0,-0.605616922141,-0.417447514504,5,975
657,1,7.35925598644,5.0,11,0.017017017017,0,0.923575772467,-0.411471330964,5,980
658,1,2.87867785417,2.0,3,0.016016016016,1,-0.765455444577,0.175044187905,5,966
659,1,10.5801563827,3.0,11,0.014014014014,0,1.76489268214,0.285478336227,5,985
660,1,2.21418868354,2.0,12,0.015015015015,0,-0.745137059041,-0.550400139334,5,990
661,1,3.01090046757,3.0,6,0.018018018018,0,-0.299920091591,-1.08933925766,5,970
662,1,1.09841230848,0.0,2,0.016016016016,0,-1.2010733442,-0.298367658927,5,816
663,1,2.77180539268,2.0,9,0.016016016016,0,-0.736216408969,-0.0195453804094,5,976
664,1,7.2514849638,5.0,12,0.015015015015,0,0.819341604735,-0.206539850409,5,979
665,1,4.29305218105,2.0,5,0.016016016016,0,-0.433148174683,0.5924967051,5,961
666,1,8.26494055288,7.0,9,0.016016016016,0,0.955822653671,0.397472591871,5,973
667,1,3.11346773576,3.0,13,0.014014014014,0,-0.519970623497,-0.32662039375,5,996
668,1,4.43875884983,1.0,5,0.014014014014,0,-0.00560753469204,-0.544418546094,5,962
669,1,8.81774578531,2.0,14,0.017017017017,0,1.71600164424,-1.33025914741,5,994
670,1,1.83726964288,1.0,3,0.014014014014,0,-1.18830290126,0.402178346661,5,955
671,1,7.7870382076,7.0,11,0.016016016016,0,0.674536226685,0.763429527548,5,978
672,1,3.32568600159,2.0,7,0.017017017017,0,-0.761193940164,0.609267822086,5,956
673,1,5.65352500702,4.0,8,0.016016016016,0,0.336142167631,-0.354901495873,5,957
674,1,1.23524676015,1.0,4,0.015015015015,0,-1.31874949782,0.191495253596,5,934
675,1,4.18287967928,0.0,15,0.016016016016,0,-0.403694310165,0.393962609779,5,997
676,1,4.58272962579,3.0,18,0.018018018018,0,-0.128636936493,-0.0313595647294,5,998
677,1,2.86809469246,2.0,9,0.016016016016,0,-0.677200420976,-0.10030404461,5,951
678,1,3.18503980569,2.0,6,0.016016016016,0,-0.401442117168,-0.610633842808,5,925
679,1,1.87926772863,1.0,6,0.012012012012,0,-0.991317875096,-0.146778646086,5,941
680,1,2.88961310773,1.0,3,0.015015015015,0,-0.940130944384,0.710005940882,5,922
681,1,5.5576725506,4.0,6,0.016016016016,0,-0.130157788869,0.948145917208,5,924
682,1,5.77764055498,0.0,13,0.015015015015,0,0.459078096145,-0.599593733451,5,965
683,1,4.23285078173,2.0,9,0.016016016016,0,-0.311845273923,0.1683866035,5,938
684,1,4.08577207734,3.0,14,0.016016016016,0,-0.22305488232,-0.2450632757,5,958
685,1,3.30074342378,2.0,8,0.016016016016,0,-0.422258177752,-0.432482042964,5,928
686,1,2.77981546108,2.0,5,0.016016016016,0,-0.75304787554,0.0389590876992,5,918
687,1,3.07673471187,2.0,7,0.016016016016,0,-0.811427472487,0.511017129329,5,919
688,1,8.68061358675,7.0,15,0.016016016016,0,1.47792022571,-0.753147090379,5,950
689,1,5.7438913196,5.0,8,0.015015015015,0,0.210024166331,0.113818820608,5,913
690,1,6.42606393518,6.0,7,0.016016016016,1,0.377922435806,0.292296627766,5,898
691,1,3.73100796318,3.0,4,0.017017017017,1,-0.432648450346,0.0289533142237,5,755
692,1,3.12233153981,2.0,9,0.016016016016,0,-0.448221211459,-0.533004825811,5,855
693,1,5.92344048295,2.0,14,0.015015015015,0,0.456507480712,-0.446081959182,5,940
694,1,8.30380880873,5.0,11,0.015015015015,0,0.906387047103,0.584647667424,5,904
695,1,5.4721944568,3.0,9,0.016016016016,0,0.0885976104462,0.206401625457,5,841
696,1,4.34488777945,4.0,9,0.015015015015,0,0.0175416458645,-0.707737158143,5,811
697,1,-1.27532700969,,0,0.016016016016,1,-2.16232217649,0.211639519768,5,3
698,1,7.64413640702,7.0,8,0.014014014014,1,0.644723738939,0.709965190201,5,695
699,1,9.70496834812,1.0,10,0.017017017017,0,1.51623553776,0.156261734836,5,730
700,1,6.00092717966,6.0,9,0.016016016016,0,0.546579712931,-0.638811959132,5,676
701,1,5.6473848216,2.0,7,0.015015015015,0,0.139919570358,0.227626110527,5,544
702,1,6.69203694885,6.0,8,0.016016016016,0,0.854237145384,-0.870674487305,5,638
703,1,2.24709332793,1.0,3,0.017017017017,0,-0.894854696421,-0.068342582804,5,390
704,1,6.29569344788,3.0,7,0.015015015015,0,0.199552321002,0.697036484878,5,634
705,1,5.7356530395,5.0,7,0.017017017017,0,0.0839386713693,0.483837025396,5,559
706,1,4.46648576576,3.0,5,0.017017017017,0,-0.275639542761,0.293404394046,5,533
707,1,0.568487302505,0.0,3,0.017017017017,0,-1.44982966318,-0.082023707949,5,372
708,1,8.77386955849,8.0,9,0.015015015015,1,1.29915572172,-0.123597606657,5,637
709,1,1.93878301003,1.0,12,0.015015015015,0,-1.06074395849,0.121014885484,5,644
710,1,8.05340124675,7.0,17,0.017017017017,0,0.846713463833,0.513260855256,5,804
711,1,0.0065643587176,0.0,1,0.017017017017,1,-1.36533642951,-0.897426352751,5,336
712,1,9.38242573141,7.0,18,0.02002002002,0,1.09990899586,1.08269874382,5,688
713,1,6.35966647245,4.0,12,0.014014014014,0,0.673729395987,-0.66152171551,5,651
714,1,8.91344610587,6.0,9,0.017017017017,0,1.18566940781,0.356437882423,5,461
715,1,2.88163475586,2.0,3,0.017017017017,1,-0.825604772691,0.358449073932,5,340
716,1,3.90609859869,3.0,11,0.016016016016,0,-0.571926245788,0.621877336051,5,534
717,1,4.44984455605,2.0,5,0.017017017017,0,-0.198519886522,0.0454042156164,5,444
718,1,2.3772656108,2.0,6,0.016016016016,0,-0.820091591629,-0.162459614314,5,445
719,1,4.9711968809,3.0,7,0.02002002002,0,0.0976268479029,-0.321683662805,5,429
720,1,-0.882339272509,,0,0.016016016016,1,-1.88316134336,-0.232855242431,5,1
721,1,-0.338212022518,,1,0.015015015015,0,-1.76291944239,-0.049453695333,5,12
722,1,4.83808080722,2.0,8,0.016016016016,0,0.23129653551,-0.85580879931,5,479
723,1,6.12549717626,3.0,7,0.016016016016,0,0.526820510954,-0.454964356606,5,459
724,1,5.78219402005,2.0,9,0.015015015015,0,0.122327911678,0.415210285014,5,599
725,1,2.54627618371,2.0,13,0.017017017017,0,-0.662350633377,-0.46667191616,5,642
726,1,4.7480170724,2.0,7,0.014014014014,0,0.0856258643842,-0.508860520757,5,624
727,1,4.35378646103,2.0,5,0.015015015015,0,-0.29598951043,0.241754992323,5,501
728,1,6.32533468966,5.0,11,0.016016016016,0,0.182674742294,0.777310462775,5,668
729,1,5.31150443565,3.0,10,0.015015015015,0,-0.0538529480685,0.47306327986,5,701
730,1,5.57795967362,5.0,7,0.016016016016,0,0.0419782961629,0.452024785133,5,627
731,1,6.04187069239,0.0,12,0.016016016016,0,0.111220625013,0.708208817349,5,707
732,1,7.00259712616,4.0,11,0.016016016016,0,0.754446353413,-0.260741934082,5,758
733,1,2.59310473337,1.0,3,0.016016016016,0,-0.901608643812,0.297930664811,5,581
734,1,8.95407331574,6.0,16,0.017017017017,0,1.38968966868,-0.214995690301,5,820
735,1,2.40585375324,2.0,3,0.016016016016,1,-0.923328229864,0.175838442831,5,555
736,1,10.8424113544,2.0,14,0.016016016016,0,1.79056338309,0.470721205146,5,771
737,1,5.36801507899,0.0,11,0.015015015015,0,0.185716590544,-0.189134692643,5,759
738,1,3.80843897956,0.0,6,0.015015015015,0,-0.861439957698,1.39275885265,5,673
739,1,5.65977458834,2.0,16,0.017017017017,0,0.245880882029,-0.0778680577436,5,836
740,1,5.36315903404,0.0,11,0.014014014014,0,-0.0206525941184,0.425116816392,5,782
741,1,7.93220828862,1.0,12,0.018018018018,0,0.851807736654,0.376785078658,5,711
742,1,7.17656457491,1.0,10,0.016016016016,0,0.840630802375,-0.345327832216,5,710
743,1,1.73055787228,1.0,3,0.016016016016,0,-1.08583888687,-0.0119254671024,5,632
744,1,7.12507989033,1.0,8,0.016016016016,0,0.547754675698,0.481815863233,5,685
745,1,4.9222281633,2.0,5,0.017017017017,0,-0.342649089186,0.950175430857,5,665
746,1,3.74782024894,3.0,4,0.016016016016,1,-0.295846956495,-0.364638881571,5,595
747,1,11.2425894577,0.0,14,0.017017017017,0,1.91116734147,0.509087433322,5,787
748,1,5.95834300059,2.0,8,0.016016016016,0,0.652925740154,-1.00043421987,5,675
749,1,4.70052029603,2.0,5,0.015015015015,0,-0.0410107121069,-0.176447567648,5,639
750,1,5.96899948188,5.0,8,0.016016016016,0,0.253754860602,0.207734900077,5,660
751,1,6.86525833005,2.0,15,0.015015015015,0,0.200228850768,1.26457177774,5,871
752,1,5.40267981602,2.0,6,0.011011011011,0,0.194705205027,-0.181435799064,5,645
753,1,10.2952928861,5.0,12,0.014014014014,0,1.56525569099,0.599525813111,5,753
754,1,4.99983025637,3.0,5,0.016016016016,0,0.0456407275726,-0.13709192635,5,562
755,1,7.86372952319,7.0,10,0.016016016016,0,0.788528668236,0.49814351848,5,663
756,1,5.76397949057,3.0,13,0.017017017017,0,0.104253724079,0.451218318329,5,666
757,1,6.33796846811,5.0,11,0.017017017017,0,0.580579078836,-0.403768768395,5,641
758,1,-1.12582724142,,1,0.016016016016,0,-1.90344926448,-0.415479447978,5,30
759,1,4.48744336559,4.0,5,0.016016016016,1,-0.26907412893,0.294665752386,5,464
760,1,6.66636115612,4.0,8,0.017017017017,0,0.558240228046,-0.0083595280165,5,542
761,1,-0.57198754851,,0,0.016016016016,1,-1.97639744142,0.357204775748,5,20
762,1,6.77162979904,5.0,10,0.017017017017,0,0.562855709435,0.0830626707316,5,520
763,1,2.70325667616,2.0,4,0.019019019019,0,-0.92289746619,0.471949074729,5,167
764,1,7.40406658309,4.0,12,0.014014014014,0,0.863678801503,-0.186969821419,5,620
765,1,3.82048847297,3.0,4,0.016016016016,1,-0.268889262749,-0.372843738779,5,394
766,1,8.08740521733,8.0,10,0.018018018018,0,1.19710557428,-0.503911505501,5,494
767,1,1.69583431182,1.0,2,0.015015015015,1,-1.10394258912,0.00766207918012,5,200
768,1,7.30089981453,4.0,11,0.017017017017,0,0.681645339811,0.255963795096,5,582
769,1,7.99702065148,3.0,12,0.014014014014,0,0.957501734414,0.124515448237,5,611
770,1,4.30329403756,4.0,7,0.016016016016,0,-0.223323445098,-0.0267356271442,5,468
771,1,5.17423561706,4.0,10,0.018018018018,0,-0.145158366088,0.60971071532,5,556
772,1,3.08862722555,3.0,5,0.017017017017,0,-0.661789555823,0.0739958930127,5,434
773,1,2.67053263582,2.0,3,0.016016016016,1,-0.963750533335,0.561784235824,5,423
774,1,9.61481775434,3.0,13,0.016016016016,0,1.7253300136,-0.561172286473,5,662
775,1,6.16745235902,3.0,7,0.015015015015,0,0.48097297474,-0.275466565197,5,510
776,1,4.24854141411,1.0,16,0.016016016016,0,-0.155860537045,-0.283876974756,5,768
777,1,-0.0352279258282,,0,0.019019019019,1,-1.60274133651,-0.227003916286,5,13
778,1,4.73193250305,2.0,14,0.017017017017,0,-0.404383358285,0.945082577908,5,696
779,1,3.38338144836,2.0,5,0.016016016016,0,-0.53332285558,-0.0166499849006,5,497
780,1,7.42881311302,4.0,9,0.017017017017,0,0.745430059581,0.192522934275,5,606
781,1,2.42640567777,1.0,10,0.017017017017,0,-0.851816862565,-0.0181437345367,5,609
782,1,4.67826836053,1.0,7,0.015015015015,0,0.000927058932868,-0.324512816269,5,593
783,1,5.0534092387,2.0,9,0.015015015015,0,0.100978500665,-0.249526263291,5,629
784,1,3.86926470006,3.0,4,0.014014014014,1,-0.25365996244,-0.369755412624,5,557
785,1,11.7847117667,2.0,17,0.017017017017,0,1.99438503231,0.801556669827,5,946
786,1,3.58582651854,1.0,4,0.017017017017,0,-0.232367122932,-0.717072112665,5,495
787,1,8.67693735577,2.0,15,0.016016016016,0,1.262591285,-0.110836499245,5,774
788,1,5.00660614137,2.0,9,0.017017017017,0,-0.0171991082178,0.0582034660236,5,543
789,1,2.60737837538,2.0,4,0.016016016016,0,-0.676266783272,-0.363821274803,5,452
790,1,8.17303375834,6.0,12,0.015015015015,0,0.992250111536,0.196283423736,5,679
791,1,2.17291731249,2.0,12,0.016016016016,0,-1.04510065232,0.308219269463,5,616
792,1,9.15949213964,9.0,10,0.016016016016,1,1.65874398219,-0.816739806934,5,524
793,1,2.68062493979,2.0,4,0.014014014014,0,-1.11825309216,1.03538421627,5,260
794,1,8.34820365319,7.0,10,0.016016016016,0,0.95162539077,0.493327480879,5,454
795,1,0.115286285978,0.0,1,0.016016016016,1,-1.44699492099,-0.543728951059,5,55
796,1,-0.646637723125,,0,0.016016016016,1,-1.71335410675,-0.506575402884,5,43
797,1,3.93686632914,2.0,10,0.016016016016,0,-0.278315534948,-0.228187066015,5,389
798,1,4.65246343389,4.0,6,0.017017017017,0,-0.142355901022,0.0795311369527,5,123
799,1,9.57599629124,7.0,12,0.017017017017,0,1.57595175259,-0.151858966543,5,397
800,1,6.31249315227,3.0,12,0.017017017017,0,0.381871585034,0.166878397163,5,295
801,1,3.86003867266,,5,0.016016016016,0,-0.372719031539,-0.0218042327196,5,117
802,1,4.94686640966,3.0,7,0.016016016016,0,-0.112108943862,0.283193241249,5,132
803,1,4.39682494337,4.0,5,0.016016016016,1,-0.260108497829,0.177150436856,5,100
804,1,0.791129814234,0.0,2,0.016016016016,0,-1.50073482464,0.293334288156,5,97
805,1,7.16902782837,1.0,10,0.015015015015,0,0.786038828314,-0.189088656572,5,212
806,1,-4.78953773057,,0,0.018018018018,1,-2.96055611439,-0.907869387416,5,28
807,1,3.07556796738,2.0,5,0.016016016016,0,-0.86498102261,0.670511035207,5,155
808,1,2.8606824741,1.0,5,0.016016016016,0,-0.768803629844,0.16709336363,5,134
809,1,4.4372166516,4.0,6,0.015015015015,0,-0.0567679588978,-0.392479471709,5,160
810,1,3.9152686095,3.0,7,0.017017017017,0,-0.436405146613,0.22448404934,5,188
811,1,8.45487404298,7.0,9,0.015015015015,0,1.24453787978,-0.278739596362,5,248
812,1,6.09230757715,5.0,13,0.018018018018,0,0.335832461703,0.0848101920423,5,284
813,1,3.80543421954,1.0,5,0.016016016016,0,-0.120608981194,-0.832738836881,5,192
814,1,7.4793337405,2.0,11,0.017017017017,0,0.657927194586,0.50555215674,5,278
815,1,4.67469393613,0.0,6,0.017017017017,0,-0.133764028959,0.0759860230095,5,208
816,1,4.45758811171,2.0,7,0.016016016016,0,-0.0711068626797,-0.329091300247,5,259
817,1,5.9801180663,3.0,6,0.016016016016,0,0.59478840433,-0.804247146691,5,252
818,1,1.55967846612,0.0,10,0.015015015015,0,-1.06709531958,-0.239035575143,5,411
819,1,9.19001498271,3.0,11,0.016016016016,0,1.4410330996,-0.133084316102,5,433
820,1,2.26767831076,1.0,3,0.02002002002,0,-0.754782985875,-0.467972731615,5,218
821,1,6.04566752305,4.0,12,0.016016016016,0,-0.000788610826894,1.04803335553,5,541
822,1,5.86410951158,5.0,14,0.015015015015,0,0.266174268442,0.0655867062539,5,684
823,1,4.66441612029,3.0,7,0.016016016016,0,-0.34006792879,0.684619906656,5,408
824,1,5.85646177503,3.0,7,0.015015015015,0,0.360902600011,-0.226246025005,5,455
825,1,3.01949275203,1.0,4,0.016016016016,0,-0.889919583044,0.689251501161,5,301
826,1,5.08008582612,1.0,15,0.015015015015,0,0.161461945938,-0.404300011693,5,739
827,1,6.69303794183,5.0,11,0.017017017017,0,0.700325656674,-0.407939028195,5,553
828,1,7.32434957206,3.0,12,0.018018018018,0,0.908087198552,-0.399912023599,5,564
829,1,4.65468727281,3.0,9,0.017017017017,0,-0.301307333046,0.558609271947,5,514
830,1,10.3816679719,1.0,12,0.016016016016,0,1.86000206126,-0.198338211925,5,621
831,1,3.89684219003,2.0,4,0.014014014014,0,-0.173644426127,-0.582224531591,5,402
832,1,6.07465602222,3.0,7,0.015015015015,0,-0.133096736537,1.47394623183,5,512
833,1,9.19626562739,9.0,14,0.015015015015,0,1.32998417513,0.206313102014,5,720
834,1,5.56663012293,2.0,6,0.017017017017,0,0.231499241779,-0.127867602411,5,502
835,1,4.78350712644,2.0,11,0.014014014014,0,0.010324252647,-0.2474656315,5,568
836,1,6.09383500113,6.0,7,0.017017017017,1,0.24086413967,0.371242582118,5,401
837,1,2.81174057345,1.0,4,0.015015015015,0,-0.51579317038,-0.640879915407,5,273
838,1,1.78758430188,1.0,2,0.015015015015,1,-1.1605609509,0.269267154589,5,115
839,1,4.09970613282,4.0,15,0.016016016016,0,-0.00514767533741,-0.884850841169,5,579
840,1,6.21429034972,5.0,8,0.017017017017,0,0.66227656791,-0.772539354016,5,384
841,1,7.11404550628,6.0,8,0.014014014014,0,0.896097442901,-0.574246822424,5,362
842,1,4.56037188586,4.0,8,0.015015015015,0,0.240803003722,-1.16203712531,5,439
843,1,1.71847745387,1.0,2,0.018018018018,1,-0.918531190959,-0.525928973258,5,143
844,1,2.97919108425,1.0,4,0.015015015015,0,-0.806879142736,0.399828512462,5,172
845,1,-1.45789409958,,1,0.016016016016,0,-2.10846304046,-0.132504978194,5,60
846,1,4.69740346043,3.0,5,0.016016016016,0,-0.133463614159,0.0977943029018,5,219
847,1,3.14130441811,2.0,4,0.015015015015,0,-0.873062616033,0.760492266208,5,285
848,1,8.46579880152,6.0,9,0.015015015015,0,0.985567088407,0.509097536295,5,762
849,1,11.1737002693,9.0,16,0.016016016016,0,2.12465864723,-0.200275672397,5,971
850,1,6.44920667473,6.0,8,0.015015015015,0,0.295642090325,0.56228040375,5,822
851,1,9.32986755959,9.0,11,0.014014014014,0,1.3593076315,0.25194466509,5,864
852,1,-0.589488495016,,0,0.017017017017,1,-1.90433965346,0.12353046537,5,50
853,1,6.63473992843,6.0,12,0.017017017017,0,0.417814940916,0.381295105685,5,835
854,1,6.55600420243,6.0,12,0.016016016016,0,0.435923031241,0.248235108706,5,858
855,1,8.91703443117,6.0,14,0.015015015015,0,1.41954882153,-0.341612033424,5,887
856,1,7.95196634135,4.0,12,0.016016016016,0,0.918113827723,0.197624858179,5,859
857,1,6.84469610524,5.0,7,0.016016016016,0,0.612659097492,0.00671881276079,5,827
858,1,-0.498626580515,,1,0.016016016016,0,-1.56935258945,-0.790568812156,5,77
859,1,7.32348766789,4.0,10,0.016016016016,0,0.812767360955,-0.114814414974,5,845
860,1,5.60030275964,4.0,6,0.016016016016,0,0.368695761809,-0.505784525783,5,824
861,1,4.33764482551,4.0,6,0.014014014014,0,-0.465044975678,0.732779752541,5,829
862,1,2.34181984955,2.0,4,0.018018018018,0,-0.906847064323,0.0623610425212,5,515
863,1,9.16505671867,6.0,12,0.014014014014,0,0.899939670751,1.46523770641,5,909
864,1,7.40510718946,7.0,10,0.015015015015,0,0.893482446591,-0.275340150314,5,832
865,1,0.304226096063,0.0,1,0.015015015015,1,-1.49498704594,-0.210812766126,5,84
866,1,3.67149572754,2.0,4,0.017017017017,0,-0.326508865032,-0.348977677368,5,648
867,1,8.82603492092,6.0,11,0.016016016016,0,1.12153360942,0.461434092657,5,857
868,1,3.19347526745,3.0,5,0.016016016016,0,-0.566916771639,-0.10577441763,5,658
869,1,7.84881741497,2.0,14,0.015015015015,0,0.871498254724,0.234322650794,5,969
870,1,2.86385861406,1.0,4,0.017017017017,0,-0.803687572041,0.274921330181,5,652
871,1,8.22477707176,8.0,9,0.015015015015,1,0.895099093633,0.539479790857,5,936
872,1,4.03052512121,2.0,5,0.016016016016,0,-0.481226504564,0.474204634903,5,789
873,1,10.321287521,8.0,15,0.016016016016,0,1.42035082677,1.06023504067,5,988
874,1,6.76332976896,6.0,10,0.015015015015,0,0.636347762483,-0.145713518486,5,949
875,1,3.49879383347,3.0,4,0.015015015015,1,-0.41355458286,-0.260542417955,5,901
876,1,5.58423247268,5.0,10,0.015015015015,0,0.0162546492773,0.535468524851,5,967
877,1,8.55767427573,7.0,9,0.015015015015,0,0.952560311276,0.699993341899,5,964
878,1,2.09421441527,0.0,3,0.016016016016,0,-1.08404019382,0.34633499673,5,427
879,1,7.29595626778,7.0,16,0.017017017017,0,0.837828874014,-0.217530354263,5,993
880,1,6.65185619279,6.0,10,0.013013013013,0,0.583128970524,-0.0975307187871,5,984
881,1,6.29640469764,5.0,7,0.015015015015,0,0.447948410044,-0.0474405324884,5,948
882,1,1.51135130766,1.0,4,0.015015015015,0,-1.23560672656,0.21817148734,5,905
883,1,11.0211878722,10.0,12,0.016016016016,0,1.8899936616,0.351206887383,5,974
884,1,10.3590765293,10.0,17,0.017017017017,0,1.68714437558,0.297643402516,5,1000
885,1,3.21538500703,3.0,4,0.014014014014,1,-0.613817865151,0.0568386024837,5,897
886,1,3.31237059131,3.0,15,0.018018018018,0,-0.400473919684,-0.486207649641,5,977
887,1,5.51924019673,2.0,6,0.017017017017,0,0.115866486546,0.171640737088,5,899
888,1,1.38338054375,1.0,4,0.016016016016,0,-1.2342541598,0.0861430231687,5,873
889,1,5.62936280074,3.0,11,0.017017017017,0,0.254965658818,-0.135534175711,5,929
890,1,4.20230287178,0.0,11,0.016016016016,0,-0.286822338132,0.0627698861778,5,917
891,1,7.07534406624,4.0,8,0.017017017017,0,0.681945089605,0.0295087974283,5,914
892,1,3.99887947025,3.0,4,0.014014014014,1,-0.373166815162,0.118379915735,5,833
893,1,3.30798038478,3.0,5,0.017017017017,0,-0.590976359182,0.080909462329,5,854
894,1,4.28479585896,3.0,13,0.016016016016,0,-0.410090095483,0.515066145409,5,931
895,1,6.1414407861,3.0,16,0.016016016016,0,0.45325600905,-0.218327241048,5,952
896,1,7.09824147081,6.0,9,0.017017017017,0,0.591975652861,0.322314512226,5,869
897,1,3.68206395171,0.0,5,0.015015015015,0,-0.483070964096,0.131276844,5,805
898,1,7.9553572381,6.0,8,0.016016016016,0,0.932606513729,0.157537696909,5,846
899,1,8.80328166573,7.0,14,0.017017017017,0,1.17270180418,0.285176253182,5,937
900,1,4.56606795207,2.0,6,0.014014014014,0,-0.207436846889,0.188378492733,5,683
901,1,11.6851160321,9.0,12,0.016016016016,0,2.2503680131,-0.0659880071457,5,930
902,1,4.96861719541,1.0,6,0.015015015015,0,-0.0524460830976,0.1259554447,5,566
903,1,3.16913742619,3.0,4,0.015015015015,1,-0.546548121675,-0.191218208783,5,420
904,1,7.4073985172,3.0,8,0.017017017017,0,0.605244434727,0.591665213022,5,586
905,1,12.6019718135,12.0,16,0.016016016016,0,2.27915709305,0.764500534285,5,939
906,1,2.04681410382,0.0,4,0.015015015015,0,-0.794009094787,-0.571158611821,5,365
907,1,7.50243625651,6.0,12,0.017017017017,0,0.869938018234,-0.107377798189,5,588
908,1,6.40490815901,6.0,11,0.013013013013,0,0.156306454613,0.935988795169,5,635
909,1,0.812256503547,0.0,1,0.015015015015,1,-1.46093328003,0.195056343649,5,89
910,1,2.93051724148,1.0,6,0.018018018018,0,-0.388073595071,-0.905261973306,5,158
911,1,6.78109806995,0.0,8,0.017017017017,0,0.612804784612,-0.0573162838897,5,205
912,1,5.80048190353,1.0,12,0.016016016016,0,0.244421426301,0.0672176246244,5,424
913,1,6.30688973914,2.0,7,0.016016016016,0,0.330466089681,0.315491470094,5,122
914,1,5.44962361974,,7,0.017017017017,0,-0.0671365378371,0.651033233248,5,131
915,1,4.94232843023,3.0,5,0.016016016016,0,0.0562421207129,-0.22639793191,5,118
916,1,5.6238479802,2.0,9,0.017017017017,0,0.216592945454,-0.0259308561625,5,176
917,1,-0.457245275719,,0,0.015015015015,1,-1.79786486283,-0.063650687228,5,14
918,1,1.417038822,1.0,2,0.014014014014,1,-1.04971405615,-0.433819009551,5,102
919,1,4.21322127564,0.0,5,0.017017017017,0,-0.480424433431,0.654494575936,5,112
920,1,4.81129704153,2.0,5,0.016016016016,0,0.058625086866,-0.364578219067,5,119
921,1,0.67956934325,0.0,1,0.015015015015,1,-1.66562984286,0.676458871823,5,63
922,1,7.43338044589,5.0,9,0.016016016016,0,0.72140712063,0.269159084,5,145
923,1,7.75416718037,2.0,14,0.016016016016,0,0.639488261514,0.835702395823,5,239
924,1,6.56636321294,1.0,7,0.015015015015,0,0.552847145895,-0.0921782247446,5,148
925,1,8.76404059363,6.0,9,0.015015015015,0,1.24565433889,0.0270775769438,5,180
926,1,3.38092505255,,5,0.015015015015,0,-0.531899216056,-0.0233772992852,5,99
927,1,7.8038368802,,9,0.019019019019,0,0.935142872529,-0.00159173739137,5,183
928,1,5.24120067178,2.0,11,0.016016016016,0,0.0918357644033,-0.0343066214252,5,217
929,1,10.1106953126,6.0,14,0.016016016016,0,1.73253972164,-0.0869238522755,5,311
930,1,2.25271366428,1.0,4,0.015015015015,0,-0.796656260209,-0.357317555096,5,98
931,1,6.86595500135,5.0,9,0.015015015015,0,0.574583442631,0.142204673456,5,197
932,1,6.09212343571,6.0,15,0.016016016016,0,0.499922923433,-0.407645334592,5,574
933,1,7.66154956834,7.0,8,0.017017017017,1,0.775179091532,0.336012293741,5,165
934,1,2.65954718675,,4,0.018018018018,0,-0.488908758024,-0.873726539178,5,47
935,1,8.1857771095,7.0,14,0.016016016016,0,1.15969778607,-0.293316248711,5,488
936,1,0.389219516729,,3,0.016016016016,0,-1.6520727883,0.345437881625,5,36
937,1,-0.312641880339,,1,0.015015015015,0,-1.71659353207,-0.162861284127,5,15
938,1,2.17590631934,2.0,3,0.017017017017,1,-0.895344581555,-0.138059935998,5,45
939,1,6.49475957412,6.0,7,0.013013013013,1,0.657944576632,-0.479074155779,5,381
940,1,7.45571136889,7.0,13,0.015015015015,0,1.02727846593,-0.626124028888,5,516
941,1,0.362532285766,,1,0.015015015015,0,-1.61468258296,0.206580034647,5,16
942,1,7.84357540885,7.0,10,0.018018018018,0,1.20807260004,-0.780642391277,5,335
943,1,-0.0286708922712,,0,0.015015015015,1,-1.62625333833,-0.149910877271,5,4
944,1,6.80580694908,6.0,10,0.016016016016,0,0.552547265317,0.148165153131,5,383
945,1,9.17901517589,9.0,10,0.014014014014,1,1.37469595971,0.0549272967659,5,414
946,1,6.48074044501,4.0,9,0.014014014014,0,0.563791756619,-0.210634824845,5,436
947,1,6.0115107056,4.0,8,0.018018018018,0,0.358019530761,-0.062547886684,5,403
948,1,-5.84150002766,,2,0.015015015015,0,-3.9345122911,0.962036845629,5,120
949,1,1.6662327081,1.0,4,0.019019019019,0,-1.26527802204,0.462066774206,5,303
950,1,2.50055175353,2.0,3,0.015015015015,1,-0.812923237105,-0.060678535157,5,339
951,1,5.55074047512,4.0,11,0.017017017017,0,0.260883583667,-0.23191027588,5,471
952,1,5.4893941192,4.0,11,0.016016016016,0,-0.0790053602986,0.726410200091,5,492
953,1,5.16461961146,4.0,8,0.017017017017,0,-0.0824280467288,0.411903751649,5,447
954,1,3.94681398253,1.0,5,0.016016016016,0,-0.518629871788,0.502703597891,5,407
955,1,6.2963572516,2.0,14,0.018018018018,0,0.228705430217,0.610240960943,5,643
956,1,1.92688916753,1.0,2,0.016016016016,1,-1.01953395974,-0.0145089532496,5,328
957,1,7.06940908578,6.0,12,0.017017017017,0,0.49761562505,0.576562210634,5,575
958,1,6.34644671339,2.0,8,0.016016016016,0,0.599140442465,-0.450974614008,5,554
959,1,7.04425863787,5.0,15,0.015015015015,0,0.698693405288,-0.0518215779992,5,728
960,1,6.61070557475,1.0,8,0.015015015015,0,0.427169608111,0.329196750418,5,551
961,1,3.32567914108,3.0,11,0.014014014014,0,-0.603758361224,0.136954224747,5,670
962,1,2.61410961138,1.0,4,0.019019019019,0,-1.00355901154,0.624786646008,5,460
963,1,9.82227320293,5.0,14,0.016016016016,0,1.51965678147,0.263302858521,5,678
964,1,5.60358835501,5.0,9,0.018018018018,0,-0.0804321237121,0.844884726143,5,594
965,1,4.29147466347,3.0,5,0.015015015015,0,-0.316647265365,0.241416459564,5,480
966,1,5.38990439035,5.0,8,0.017017017017,0,-0.0504582693255,0.541279198324,5,649
967,1,2.62526551523,2.0,3,0.016016016016,1,-0.897871839979,0.318881035172,5,304
968,1,0.498996081609,0.0,1,0.018018018018,1,-1.49580074417,-0.0136016858907,5,48
969,1,5.27286428858,3.0,12,0.013013013013,0,0.153226111854,-0.186814046985,5,734
970,1,4.85464317245,2.0,9,0.017017017017,0,0.118654906443,-0.501321546877,5,677
971,1,4.5176622295,4.0,8,0.018018018018,0,-0.0599399420726,-0.302517944287,5,519
972,1,6.90619224925,6.0,12,0.014014014014,0,0.763738259871,-0.385022530362,5,712
973,1,1.871056923,,2,0.016016016016,0,-0.96537490627,-0.232818358193,5,92
974,1,7.40875827208,6.0,8,0.016016016016,0,0.835497372315,-0.0977338448671,5,654
975,1,8.594001835,5.0,9,0.016016016016,0,1.41173655779,-0.641207838357,5,700
976,1,-2.53936664008,,0,0.018018018018,1,-2.35444669505,-0.476026554933,5,21
977,1,5.82684056909,5.0,12,0.014014014014,0,0.420749738109,-0.435408645241,5,801
978,1,5.6012288512,4.0,7,0.017017017017,0,-0.0458011619661,0.7386323371,5,690
979,1,1.4748701124,1.0,2,0.017017017017,1,-1.08956343388,-0.25643958595,5,108
980,1,7.55914898803,6.0,11,0.019019019019,0,0.823982868995,0.0872003810437,5,721
981,1,8.27398793855,3.0,10,0.014014014014,0,1.05032507257,0.123012720833,5,760
982,1,4.28259824263,4.0,7,0.017017017017,0,-0.321298276611,0.246493072462,5,694
983,1,10.6654152027,8.0,15,0.016016016016,0,1.76653946818,0.365796798127,5,819
984,1,3.3938403246,2.0,7,0.014014014014,0,-0.532918920902,-0.00740291269042,5,743
985,1,6.09799459636,2.0,7,0.016016016016,0,0.502957871701,-0.410879018745,5,724
986,1,0.735796129497,0.0,1,0.015015015015,1,-1.13952024254,-0.845643142888,5,130
987,1,9.6359911932,3.0,14,0.016016016016,0,1.73108248743,-0.557256269095,5,783
988,1,9.63121126608,9.0,14,0.015015015015,0,1.49518523623,0.145655557393,5,806
989,1,3.10774006836,3.0,4,0.017017017017,1,-0.392266789533,-0.715459563037,5,692
990,1,12.1039177978,3.0,14,0.018018018018,0,2.50212217328,-0.402448722066,5,793
991,1,5.40131015127,1.0,8,0.014014014014,0,-0.220384262071,1.06246293748,5,749
992,1,3.35193178458,3.0,7,0.016016016016,0,-0.54392833861,-0.0162831995927,5,725
993,1,3.31100301331,2.0,5,0.017017017017,0,-0.441849488202,-0.363448522085,5,704
994,1,4.38469624529,3.0,7,0.016016016016,0,-0.286257726355,0.243469424358,5,748
995,1,1.85213437793,0.0,2,0.017017017017,0,-1.08294569834,0.100971472932,5,548
996,1,2.22298509273,2.0,4,0.018018018018,0,-0.835900150744,-0.269314455038,5,689
997,1,3.58043328276,2.0,7,0.015015015015,0,-0.392031280716,-0.243472875089,5,821
998,1,7.07136340283,2.0,10,0.016016016016,0,0.523706592766,0.500243624536,5,843
999,1,5.47377598917,1.0,7,0.017017017017,0,0.0501095281412,0.323447404742,5,838
