name,activated,threshold,before_activation_alters,after_activation_alters,degree,observed,var1,epsilon,constant,activation_order
0,1,0.654673662243,0.0,5.0,0.015015015015,0,-1.40895513361,-0.118460936918,5,145
1,1,10.0430856382,8.0,12.0,0.016016016016,0,1.77543464458,-0.283218295513,5,372
2,1,3.21840106346,2.0,6.0,0.016016016016,0,-0.552747799126,-0.123355539166,5,227
3,1,3.49937747713,2.0,5.0,0.016016016016,0,-0.440528064832,-0.179038328376,5,170
4,1,4.9267405379,1.0,7.0,0.016016016016,0,0.200412446665,-0.674496802101,5,193
5,1,3.20062688547,0.0,6.0,0.015015015015,0,-0.614028461728,0.0427122706567,5,232
6,1,9.32555383974,9.0,14.0,0.015015015015,0,1.35982489369,0.246079158676,5,614
7,1,0.883336216078,,1.0,0.016016016016,0,-1.64229664637,0.810226155183,5,40
8,1,9.08187903953,0.0,10.0,0.015015015015,0,1.75271698762,-1.17627192333,5,283
9,1,6.52980327169,3.0,7.0,0.015015015015,0,0.594074291961,-0.252419604194,5,246
10,1,4.55705410827,3.0,8.0,0.017017017017,0,-0.14749248008,-0.000468451487257,5,237
11,1,1.96389460839,1.0,3.0,0.017017017017,0,-1.3766728299,1.09391309808,5,189
12,1,6.26760037083,4.0,12.0,0.016016016016,0,0.21338937451,0.627432247295,5,536
13,1,5.2341403062,5.0,8.0,0.016016016016,0,0.162437244802,-0.253171428208,5,353
14,1,1.37032670755,1.0,6.0,0.014014014014,0,-0.84994540833,-1.07983706746,5,409
15,1,6.77098519483,3.0,7.0,0.015015015015,0,0.77025032905,-0.539765792316,5,289
16,1,0.737115653896,,1.0,0.017017017017,0,-1.03157143453,-1.16817004253,5,198
17,1,7.02307997453,7.0,8.0,0.014014014014,1,0.828177210458,-0.461451656841,5,566
18,1,1.7472124274,,3.0,0.018018018018,0,-0.785373031462,-0.896668478208,5,281
19,1,3.81091476881,2.0,14.0,0.015015015015,0,0.506442336311,-2.70841224012,5,833
20,1,9.25849071708,9.0,12.0,0.017017017017,0,1.28492665901,0.403710740039,5,601
21,1,7.48750969356,1.0,15.0,0.015015015015,0,0.749137870731,0.240096081372,5,846
22,1,6.02342640176,6.0,14.0,0.016016016016,0,0.115964596702,0.675532611652,5,790
23,1,9.76498319401,5.0,12.0,0.016016016016,0,1.41226771362,0.528180053162,5,604
24,1,4.71990428734,4.0,6.0,0.014014014014,0,-0.203747590215,0.331147057986,5,505
25,1,5.77389508346,3.0,8.0,0.016016016016,0,0.270198235602,-0.0366996233445,5,597
26,1,7.94075619815,7.0,12.0,0.017017017017,0,1.45180721783,-1.41466545535,5,633
27,1,1.98642228979,1.0,2.0,0.016016016016,1,-0.992805799544,-0.0351603115813,5,404
28,1,3.36362690648,2.0,4.0,0.017017017017,0,-1.16108962802,1.84689579055,5,434
29,1,7.7615241956,4.0,11.0,0.017017017017,0,0.760499979971,0.48002425569,5,506
30,1,1.32648686609,,8.0,0.015015015015,0,-0.946255636065,-0.834746225716,5,492
31,1,0.462564795287,,1.0,0.015015015015,0,-0.753453534605,-2.2770746009,5,73
32,1,7.54286790058,5.0,14.0,0.015015015015,0,0.557830218073,0.86937724636,5,832
33,1,6.19095523059,5.0,9.0,0.016016016016,0,0.206802835683,0.570546723541,5,496
34,1,3.67667453001,3.0,9.0,0.016016016016,0,-0.618107576617,0.530997259863,5,444
35,1,3.6583992341,2.0,6.0,0.017017017017,0,-0.606346370918,0.477438346858,5,363
36,1,3.76547478233,3.0,5.0,0.02002002002,0,-0.185618742807,-0.677668989246,5,309
37,1,8.36440376281,8.0,13.0,0.014014014014,0,1.1086536768,0.0384427324016,5,869
38,1,3.40360487568,2.0,4.0,0.016016016016,0,0.399887810349,-2.79605855537,5,343
39,1,3.98239692157,3.0,6.0,0.015015015015,0,-0.309010657785,-0.0905711050741,5,380
40,1,7.26464138479,1.0,9.0,0.018018018018,0,0.748068631014,0.0204354917508,5,615
41,1,-2.05673472703,,0.0,0.015015015015,1,-2.1081182313,-0.732380033134,5,41
42,1,8.11474432298,8.0,12.0,0.015015015015,0,0.648793014576,1.16836527925,5,881
43,1,2.89008780082,2.0,4.0,0.017017017017,0,-0.687974573956,-0.0459884773085,5,315
44,1,6.83844066259,6.0,9.0,0.016016016016,0,0.0492976014665,1.69054785819,5,854
45,1,5.63582239422,5.0,6.0,0.017017017017,1,-0.0210811048852,0.699065708876,5,686
46,1,7.70576971866,7.0,14.0,0.016016016016,0,0.693821917793,0.624303965285,5,888
47,1,8.68110332265,8.0,9.0,0.016016016016,1,1.58043602323,-1.06020474705,5,834
48,1,9.65903683599,6.0,19.0,0.019019019019,0,2.05785464508,-1.51452709926,5,914
49,1,7.11001818438,3.0,14.0,0.015015015015,0,0.774524658349,-0.213555790662,5,902
50,1,9.17753278425,7.0,11.0,0.016016016016,0,1.57950177669,-0.560972545823,5,877
51,1,4.84385134471,2.0,12.0,0.016016016016,0,0.0576151173168,-0.328994007242,5,870
52,1,3.40688917188,3.0,8.0,0.017017017017,0,-0.624871418992,0.281503428857,5,817
53,1,6.19654018813,2.0,8.0,0.014014014014,0,0.215519471261,0.549981774348,5,858
54,1,10.4411966217,1.0,12.0,0.017017017017,0,1.34050011849,1.41969626619,5,868
55,1,3.81804378876,0.0,4.0,0.015015015015,0,-0.245845641485,-0.444419286783,5,796
56,1,7.44459477917,7.0,8.0,0.017017017017,1,0.892643434904,-0.233335525544,5,806
57,1,3.27987537022,2.0,11.0,0.016016016016,0,-0.963244360472,1.16960845164,5,845
58,1,4.62794526961,2.0,5.0,0.015015015015,0,0.241177766929,-1.09558803118,5,779
59,1,4.82001186006,3.0,8.0,0.017017017017,0,0.0499657959174,-0.329885527693,5,804
60,1,8.39884604994,4.0,12.0,0.018018018018,0,1.27767505079,-0.434179102419,5,815
61,1,4.55225187489,4.0,5.0,0.015015015015,1,0.114639455454,-0.791666491469,5,770
62,1,3.7405683324,3.0,7.0,0.015015015015,0,-1.15028494428,2.19142316523,5,773
63,1,2.42549327891,1.0,3.0,0.017017017017,0,-1.0807832619,0.667843064606,5,572
64,1,1.23577781154,1.0,2.0,0.014014014014,1,-1.10162820685,-0.459337567903,5,510
65,1,6.51592674248,5.0,8.0,0.017017017017,0,0.598132780386,-0.278471598677,5,761
66,1,9.81616582939,3.0,14.0,0.016016016016,0,1.33104780897,0.823022402464,5,823
67,1,10.7524345744,7.0,16.0,0.016016016016,0,1.27895543037,1.91556828332,5,932
68,1,7.66143332225,6.0,8.0,0.017017017017,0,1.01221527508,-0.375212503001,5,623
69,1,9.02847826468,6.0,10.0,0.016016016016,0,1.09471424227,0.744335537873,5,730
70,1,7.51594966795,1.0,11.0,0.015015015015,0,0.888456861774,-0.149420917368,5,771
71,1,2.86264690358,2.0,3.0,0.017017017017,1,-0.00446232230869,-2.12396612949,5,471
72,1,-2.01261486757,,1.0,0.016016016016,0,-2.57542351211,0.713655668768,5,93
73,1,-1.0355543278,,0.0,0.016016016016,1,-1.75269673291,-0.777464129064,5,4
74,1,7.67157679812,3.0,11.0,0.015015015015,0,0.636926224764,0.760798123834,5,742
75,1,6.0140774231,3.0,7.0,0.013013013013,0,0.0514129170314,0.859838672005,5,560
76,1,7.00879767522,7.0,11.0,0.014014014014,0,0.261001794628,1.22579229134,5,679
77,1,5.7233172235,4.0,8.0,0.017017017017,0,0.169191959289,0.215741345632,5,534
78,1,7.51490699607,4.0,8.0,0.015015015015,0,0.363597865988,1.42411339811,5,605
79,1,3.31283439643,3.0,4.0,0.015015015015,1,-0.809901110202,0.742537727032,5,475
80,1,2.57932105582,2.0,3.0,0.018018018018,1,0.0744651553778,-2.64407441031,5,148
81,1,10.4069122737,3.0,12.0,0.016016016016,0,1.73028363272,0.216061375518,5,653
82,1,6.65557806143,6.0,7.0,0.018018018018,1,0.598643244115,-0.140351670913,5,515
83,1,4.09470429931,3.0,8.0,0.015015015015,0,-0.144311225548,-0.472362024045,5,639
84,1,2.87669475242,2.0,3.0,0.014014014014,1,-0.354200731266,-1.06070305378,5,501
85,1,5.45314081709,3.0,9.0,0.015015015015,0,-0.205245973736,1.0688787383,5,650
86,1,6.24127212679,1.0,13.0,0.017017017017,0,0.391112490405,0.0679346555752,5,731
87,1,6.25817440102,6.0,7.0,0.016016016016,1,-0.0822953566756,1.50506047105,5,616
88,1,2.82774992612,2.0,5.0,0.013013013013,0,-1.22836362704,1.51284080722,5,632
89,1,10.1308222679,3.0,12.0,0.017017017017,0,1.62815377727,0.246360936049,5,717
90,1,8.56243433582,7.0,12.0,0.017017017017,0,1.32595958622,-0.415444422851,5,699
91,1,10.7174998315,1.0,17.0,0.017017017017,0,1.25453029593,1.95390894373,5,915
92,1,2.55950336835,2.0,3.0,0.014014014014,1,-0.657884688488,-0.466842566184,5,610
93,1,4.29307286465,1.0,7.0,0.015015015015,0,-0.0939010481976,-0.425223990752,5,643
94,1,8.35129003166,1.0,12.0,0.015015015015,0,1.04641722029,0.212038370776,5,802
95,1,6.39984450789,0.0,12.0,0.015015015015,0,0.125190538755,1.02427289162,5,759
96,1,2.80087776001,1.0,5.0,0.015015015015,0,-0.333315071965,-1.19917702409,5,635
97,1,4.75477243115,0.0,5.0,0.017017017017,0,-0.0905894843594,0.0265408842283,5,637
98,1,2.92147137013,1.0,3.0,0.017017017017,0,-0.597779024539,-0.285191556257,5,546
99,1,5.12136472114,2.0,9.0,0.016016016016,0,0.0574732390525,-0.0510549960126,5,687
100,1,5.21013944324,1.0,7.0,0.018018018018,0,0.593524525229,-1.57043413245,5,654
101,1,6.42499263146,4.0,8.0,0.017017017017,0,0.565178918856,-0.270544125103,5,658
102,1,15.3341641548,15.0,16.0,0.016016016016,1,2.96915479339,1.42669977459,5,994
103,1,2.675728001,0.0,4.0,0.015015015015,0,-1.04949620868,0.824216627038,5,667
104,1,7.75355269417,3.0,10.0,0.015015015015,0,0.760936391055,0.470743521008,5,683
105,1,1.27560463269,1.0,2.0,0.016016016016,1,-0.697750070964,-1.63114515441,5,613
106,1,8.27188859292,8.0,11.0,0.016016016016,0,0.88231450067,0.624945090908,5,903
107,1,7.53480420179,3.0,9.0,0.018018018018,0,0.665529828331,0.538214716797,5,734
108,1,7.74445132731,4.0,8.0,0.017017017017,0,0.875096868551,0.119160721654,5,675
109,1,11.3388468758,11.0,12.0,0.014014014014,1,1.91424196181,0.596120990377,5,993
110,1,9.1837709096,8.0,10.0,0.015015015015,0,1.71731802546,-0.968183166788,5,912
111,1,6.79611228936,5.0,7.0,0.018018018018,0,0.601590192038,-0.00865828675082,5,813
112,1,4.47988570194,0.0,6.0,0.017017017017,0,-0.0920444617838,-0.243980912709,5,748
113,1,7.61083289606,6.0,8.0,0.015015015015,0,0.924682438043,-0.163214418071,5,920
114,1,7.01683108909,7.0,17.0,0.017017017017,0,0.841358783393,-0.507245261094,5,996
115,1,0.0746723119905,0.0,3.0,0.017017017017,0,-1.90183725207,0.780184068206,5,750
116,1,7.59331128894,3.0,8.0,0.017017017017,0,0.933886650711,-0.20834866319,5,909
117,1,10.2201751266,9.0,12.0,0.016016016016,0,1.58743796904,0.457861219522,5,980
118,1,7.57755195274,5.0,14.0,0.015015015015,0,0.950391092059,-0.273621323434,5,985
119,1,3.42136174985,2.0,12.0,0.017017017017,0,-0.609863322334,0.250951716854,5,966
120,1,7.46764990716,2.0,9.0,0.014014014014,0,1.14806483257,-0.976544590552,5,959
121,1,11.3154890758,9.0,14.0,0.016016016016,0,2.45137704743,-1.03864206651,5,989
122,1,9.28245434749,2.0,10.0,0.016016016016,0,1.39132396072,0.108482465335,5,955
123,1,4.30961787019,2.0,5.0,0.017017017017,0,-0.0764861840174,-0.460923577761,5,900
124,1,2.77370306678,2.0,3.0,0.015015015015,1,-1.47744753793,2.20604568058,5,891
125,1,7.94744204311,5.0,9.0,0.015015015015,0,0.914528933482,0.203855242662,5,934
126,1,7.08481073285,6.0,16.0,0.016016016016,0,0.783618087308,-0.266043529075,5,992
127,1,8.525975018,2.0,10.0,0.016016016016,0,1.01708242986,0.474727728434,5,918
128,1,2.81106198426,2.0,4.0,0.016016016016,0,-1.03701822041,0.92211664549,5,863
129,1,2.43466565405,2.0,5.0,0.015015015015,0,-0.702124707228,-0.458960224267,5,866
130,1,9.34213396555,5.0,10.0,0.016016016016,0,1.26373471291,0.550929826804,5,908
131,1,9.0044343285,7.0,13.0,0.016016016016,0,0.917398850661,1.25223777652,5,916
132,1,7.83962184093,7.0,8.0,0.017017017017,1,1.09529142003,-0.446252419167,5,844
133,1,8.56407415584,7.0,11.0,0.017017017017,0,1.10296280714,0.25518573441,5,886
134,1,12.3709378344,10.0,14.0,0.015015015015,0,2.18678840224,0.810572627697,5,942
135,1,-2.36877967724,,0.0,0.016016016016,1,-2.03391863947,-1.26702375883,5,74
136,1,6.17355386037,6.0,8.0,0.014014014014,0,0.251766287592,0.418254997595,5,843
137,1,4.85776080642,2.0,5.0,0.016016016016,0,0.226842573083,-0.822766912832,5,663
138,1,3.02204103986,2.0,9.0,0.015015015015,0,-0.544050900825,-0.34580625767,5,814
139,1,1.33416048762,1.0,2.0,0.014014014014,1,-1.23684159082,0.0446852600797,5,581
140,1,6.41684533268,0.0,7.0,0.015015015015,0,0.223759555125,0.745566667304,5,661
141,1,2.35624253044,1.0,12.0,0.015015015015,0,-0.935765205394,0.163538146618,5,681
142,1,7.66812231812,2.0,13.0,0.016016016016,0,1.00095207824,-0.33473391659,5,792
143,1,6.62576234951,4.0,8.0,0.016016016016,0,-0.00769540103669,1.64884855262,5,607
144,1,5.32508755532,2.0,12.0,0.018018018018,0,0.236588281969,-0.384677290581,5,669
145,1,5.58159766807,2.0,10.0,0.017017017017,0,0.506000026793,-0.936402412312,5,647
146,1,5.92732095204,0.0,8.0,0.015015015015,0,0.579248829829,-0.810425537443,5,608
147,1,2.49600331366,1.0,5.0,0.016016016016,0,-1.07033453736,0.707006925735,5,526
148,1,5.7718232265,4.0,8.0,0.019019019019,0,0.0118728712755,0.736204612672,5,544
149,1,5.77533467227,1.0,9.0,0.016016016016,0,0.0592947963005,0.59745028337,5,582
150,1,2.1036201418,0.0,5.0,0.015015015015,0,-0.829506130428,-0.407861466916,5,479
151,1,3.94087266636,1.0,7.0,0.016016016016,0,-0.151922376358,-0.603360204567,5,509
152,1,6.87575260247,6.0,9.0,0.017017017017,0,0.365852766832,0.778194301973,5,516
153,1,6.64632739481,3.0,10.0,0.014014014014,0,0.367053543261,0.54516676503,5,521
154,1,9.48163397351,6.0,13.0,0.015015015015,0,1.62980549281,-0.407782504908,5,594
155,1,2.33228216538,2.0,4.0,0.016016016016,0,-0.890543696821,0.00391325584653,5,378
156,1,4.69033374164,0.0,6.0,0.016016016016,0,-0.341369836685,0.714443251694,5,430
157,1,5.82558218716,4.0,10.0,0.014014014014,0,0.0181948200236,0.770997727093,5,466
158,1,1.76236459336,1.0,2.0,0.016016016016,1,-0.998054529731,-0.243471817445,5,306
159,1,5.6366227166,0.0,9.0,0.015015015015,0,-0.162905986089,1.12534067487,5,440
160,1,2.6952286664,2.0,6.0,0.013013013013,0,-0.600022366633,-0.504704233703,5,348
161,1,10.0292595283,8.0,11.0,0.015015015015,0,1.10172368798,1.72408846431,5,437
162,1,3.68155864492,1.0,5.0,0.017017017017,0,-0.262925180514,-0.529665813542,5,316
163,1,6.67008787306,4.0,7.0,0.018018018018,0,0.535090053795,0.0648177116761,5,321
164,1,6.92533426945,4.0,10.0,0.014014014014,0,0.463728482027,0.534148823374,5,407
165,1,5.42367287721,3.0,6.0,0.015015015015,0,-0.352213122731,1.4803122454,5,318
166,1,4.28751188293,4.0,5.0,0.016016016016,1,-0.167685000706,-0.209433114951,5,218
167,1,8.25328975298,5.0,10.0,0.016016016016,0,0.726797154225,1.0728982903,5,338
168,1,6.85491367734,3.0,9.0,0.017017017017,0,0.906568156891,-0.864790793338,5,209
169,1,8.38373639707,3.0,10.0,0.016016016016,0,1.21247882057,-0.253700064649,5,293
170,1,-0.0630899213537,,1.0,0.014014014014,0,-1.18184518161,-1.51755437652,5,28
171,1,4.46094479974,3.0,5.0,0.016016016016,0,-0.0379850645586,-0.425100006586,5,123
172,1,5.7272369442,,6.0,0.015015015015,0,0.157376129324,0.25510855623,5,136
173,1,6.50888902067,6.0,7.0,0.016016016016,1,0.0701838423856,1.29833749352,5,142
174,1,-0.93990638463,,0.0,0.016016016016,1,-1.42502792512,-1.66482260926,5,6
175,1,8.06126034351,6.0,13.0,0.017017017017,0,0.826648811811,0.581313908078,5,207
176,1,3.10793857502,3.0,4.0,0.017017017017,1,-0.480915163936,-0.449315933174,5,79
177,1,1.10030271397,1.0,2.0,0.017017017017,1,-1.5618818297,0.785948203072,5,45
178,1,4.53128512402,2.0,6.0,0.016016016016,0,-0.1878024257,0.0946924011238,5,92
179,1,9.31687118794,4.0,15.0,0.016016016016,0,1.25188403834,0.561219072922,5,208
180,1,7.76278316746,4.0,11.0,0.016016016016,0,1.24504667743,-0.972356864837,5,156
181,1,3.98323106991,,6.0,0.015015015015,0,-0.297805805482,-0.123351513641,5,135
182,1,8.60804564511,6.0,11.0,0.016016016016,0,0.245555750695,2.87137839303,5,158
183,1,1.37585031798,0.0,2.0,0.017017017017,0,-0.728464464283,-1.43875628917,5,75
184,1,9.91306213719,4.0,13.0,0.016016016016,0,1.58877525195,0.146736381334,5,282
185,1,5.13198419749,4.0,6.0,0.016016016016,0,-0.0400971587409,0.252275673711,5,154
186,1,0.758017090169,,1.0,0.019019019019,0,-1.82448811792,1.23148144393,5,70
187,1,0.0235988720003,0.0,3.0,0.016016016016,0,-1.7963804115,0.41274010651,5,139
188,1,3.97307340471,2.0,8.0,0.018018018018,0,0.177510978483,-1.55945953074,5,243
189,1,8.746965759,6.0,13.0,0.017017017017,0,1.17498052351,0.222024188483,5,565
190,1,2.10127190572,2.0,3.0,0.015015015015,1,-1.16532595302,0.597249764766,5,143
191,1,4.43705795354,4.0,5.0,0.015015015015,1,0.303864045152,-1.47453418192,5,267
192,1,6.96278299086,6.0,10.0,0.013013013013,0,0.706557173717,-0.156888530293,5,558
193,1,3.67712429965,1.0,14.0,0.017017017017,0,-0.562331149444,0.364117747985,5,600
194,1,6.34518072658,3.0,7.0,0.017017017017,0,0.342274959501,0.31835584808,5,324
195,1,7.34509056988,7.0,14.0,0.015015015015,0,0.746272258853,0.106273793319,5,722
196,1,3.74104601437,3.0,4.0,0.015015015015,1,-0.933822813463,1.54251445476,5,389
197,1,1.07079800464,1.0,2.0,0.015015015015,1,-1.34377394992,0.102119854399,5,310
198,1,2.86196819777,1.0,3.0,0.014014014014,0,-0.708509134303,-0.0125043993215,5,415
199,1,6.62406207864,2.0,7.0,0.015015015015,0,0.95818887916,-1.25050455884,5,493
200,1,0.229281424494,0.0,4.0,0.016016016016,0,-1.11035428374,-1.43965572429,5,416
201,1,5.04466055153,2.0,6.0,0.017017017017,0,-0.474549182659,1.4683080995,5,459
202,1,6.6351119355,3.0,10.0,0.016016016016,0,0.272864632662,0.816518037509,5,530
203,1,6.08198432627,1.0,10.0,0.017017017017,0,0.563196681207,-0.607605717354,5,573
204,1,5.35199248056,5.0,7.0,0.016016016016,0,-0.171025541165,0.865069104054,5,428
205,1,5.27707036678,3.0,6.0,0.016016016016,0,-0.211665948084,0.912068211036,5,529
206,1,6.31634365336,1.0,14.0,0.017017017017,0,0.807483950824,-1.10610819911,5,747
207,1,7.36850796045,3.0,11.0,0.016016016016,0,0.571311674983,0.6545729355,5,700
208,1,3.63241657012,1.0,7.0,0.015015015015,0,-0.305195840058,-0.451995909703,5,586
209,1,5.16914207043,5.0,7.0,0.016016016016,0,0.128298354703,-0.215752993675,5,617
210,1,8.48455605264,7.0,9.0,0.014014014014,0,1.14993786575,0.0347424553984,5,745
211,1,4.51147400431,1.0,5.0,0.017017017017,0,0.45434587875,-1.85156363193,5,631
212,1,0.165359859835,0.0,2.0,0.018018018018,0,-1.06412442822,-1.64226685549,5,180
213,1,6.95246141339,6.0,13.0,0.016016016016,0,0.64342850051,0.0221759118652,5,782
214,1,6.8311630802,4.0,10.0,0.016016016016,0,0.41999528324,0.571177230479,5,755
215,1,4.5991039061,2.0,5.0,0.016016016016,0,-0.230542059129,0.290730083483,5,652
216,1,9.47841634658,6.0,11.0,0.015015015015,0,1.88361101314,-1.17241669285,5,808
217,1,6.46027115683,4.0,8.0,0.018018018018,0,1.06235471274,-1.72679298139,5,735
218,1,6.88983376298,5.0,9.0,0.015015015015,0,0.975666102162,-1.0371645435,5,776
219,1,3.88768386081,2.0,4.0,0.017017017017,0,-0.253022488538,-0.353248673574,5,666
220,1,3.88888993608,3.0,14.0,0.014014014014,0,0.181113635753,-1.65445097118,5,987
221,1,2.6811549552,2.0,9.0,0.016016016016,0,-0.459156956043,-0.941374176671,5,816
222,1,8.89393410184,7.0,11.0,0.015015015015,0,1.03352386347,0.793362511426,5,897
223,1,3.5788067313,3.0,5.0,0.017017017017,0,-0.521186799661,0.142367130283,5,749
224,1,6.40911445582,5.0,8.0,0.016016016016,0,0.648073555697,-0.535106211267,5,857
225,1,8.78061144872,5.0,10.0,0.016016016016,0,1.60745360374,-1.04174936248,5,871
226,1,9.85041430774,8.0,15.0,0.016016016016,0,0.84603626546,2.31230551136,5,984
227,1,4.40441477727,4.0,7.0,0.016016016016,0,-0.765706729905,1.70153496699,5,849
228,1,5.34495270103,5.0,12.0,0.016016016016,0,0.120498379395,-0.0165424371517,5,925
229,1,3.66853104563,3.0,11.0,0.017017017017,0,-0.0464986953097,-1.19197286844,5,910
230,1,9.67054098789,7.0,10.0,0.018018018018,0,1.63300783788,-0.228482525761,5,867
231,1,1.8007754776,1.0,3.0,0.016016016016,0,-0.731757208457,-1.00395289703,5,698
232,1,8.48496199042,3.0,12.0,0.016016016016,0,1.37981211535,-0.654474355621,5,921
233,0,15.0464252162,13.0,,0.013013013013,0,3.10435833272,0.733350218069,5,792
234,1,5.15288938831,1.0,7.0,0.015015015015,0,0.068972154513,-0.0540270752278,5,788
235,1,7.23397728217,0.0,15.0,0.016016016016,0,0.618644434724,0.378043978,5,941
236,1,3.10546998205,2.0,4.0,0.015015015015,0,-0.709885254976,0.235125746977,5,707
237,1,2.71032386719,1.0,6.0,0.014014014014,0,-0.39407664007,-1.10744621261,5,768
238,1,2.33627927598,2.0,3.0,0.018018018018,1,-1.1172434928,0.688009754362,5,697
239,1,4.13273575457,4.0,11.0,0.016016016016,0,-0.0921992519201,-0.590666489674,5,803
240,1,8.78365702644,0.0,9.0,0.015015015015,0,1.04745269505,0.641298941302,5,851
241,1,2.576927116,2.0,3.0,0.016016016016,1,-0.608046809553,-0.598932455347,5,648
242,1,9.79393992385,9.0,12.0,0.017017017017,0,2.12686166112,-1.58664505951,5,848
243,1,6.61836443119,5.0,8.0,0.016016016016,0,0.754130111064,-0.644025901999,5,738
244,1,8.53617118631,3.0,14.0,0.015015015015,0,0.551340955966,1.88214831841,5,935
245,1,4.49232080764,3.0,9.0,0.016016016016,0,-0.091331436157,-0.233684883894,5,723
246,1,4.44123040148,1.0,6.0,0.016016016016,0,-0.139877633582,-0.139136697772,5,630
247,1,3.77544547627,3.0,15.0,0.015015015015,0,-0.798744290738,1.17167834848,5,965
248,1,4.27888724048,4.0,13.0,0.015015015015,0,-0.296779035936,0.169224348291,5,887
249,1,2.71978948518,2.0,3.0,0.015015015015,1,-0.0881950302488,-2.01562542408,5,337
250,1,3.62719070724,3.0,4.0,0.015015015015,1,-0.245274414715,-0.636986048618,5,408
251,1,-0.0384917040381,,0.0,0.016016016016,1,-1.02226635097,-1.97169265112,5,15
252,1,4.41186693572,4.0,9.0,0.016016016016,0,-0.575813864135,1.13930852812,5,571
253,1,9.66132407762,7.0,10.0,0.015015015015,0,0.938171758652,1.84680880166,5,611
254,1,9.21579237253,3.0,12.0,0.015015015015,0,1.16928690835,0.707931647491,5,588
255,1,6.62625617624,4.0,12.0,0.017017017017,0,0.378750724302,0.490004003337,5,553
256,1,6.32982688197,3.0,8.0,0.019019019019,0,0.858739070764,-1.24639033032,5,418
257,1,4.94469300274,3.0,6.0,0.018018018018,0,-0.58461151745,1.69852755509,5,298
258,1,-0.03888392527,,2.0,0.015015015015,0,-1.2977738464,-1.14556238607,5,25
259,1,7.4149331102,6.0,10.0,0.015015015015,0,0.556295462143,0.746046723777,5,469
260,1,2.69223113794,2.0,10.0,0.017017017017,0,-0.875811662375,0.319666125062,5,455
261,1,4.59131066385,3.0,14.0,0.017017017017,0,0.0834142470474,-0.658932077291,5,484
262,1,-1.04316399879,,0.0,0.017017017017,1,-2.21826010852,0.611616326768,5,3
263,1,4.43069494528,2.0,6.0,0.015015015015,0,-0.0517535928132,-0.414044276281,5,304
264,1,5.38866345721,5.0,8.0,0.017017017017,0,0.201297270393,-0.215228353966,5,360
265,1,1.30835391962,1.0,3.0,0.016016016016,0,-0.973055438261,-0.772479765594,5,296
266,1,3.5702914969,3.0,11.0,0.016016016016,0,-0.559156299135,0.247760394307,5,362
267,1,3.96372817258,1.0,5.0,0.017017017017,0,-0.577691759503,0.696803451087,5,302
268,1,3.71052984976,0.0,10.0,0.016016016016,0,-0.320579243404,-0.327732420031,5,421
269,1,4.34684449996,3.0,9.0,0.017017017017,0,-0.0853067980055,-0.397235106021,5,328
270,1,1.74719983198,1.0,2.0,0.016016016016,1,-1.27258283281,0.564948330417,5,269
271,1,2.57558993754,1.0,3.0,0.016016016016,0,-0.350265268705,-1.37361425635,5,279
272,1,5.26263787504,4.0,15.0,0.016016016016,0,-0.24417812808,0.995172259282,5,522
273,1,4.35513220566,4.0,8.0,0.015015015015,0,0.0215899437776,-0.709637625673,5,346
274,1,1.73854427861,1.0,5.0,0.015015015015,0,-1.15011764807,0.188897222831,5,317
275,1,2.39459060976,1.0,3.0,0.017017017017,0,-0.514555722426,-1.06174222296,5,278
276,1,2.43624762406,2.0,15.0,0.016016016016,0,-1.08636512085,0.695342986628,5,494
277,1,8.08314754587,8.0,11.0,0.016016016016,0,1.1933744773,-0.496975886044,5,472
278,1,-1.22576717921,,0.0,0.016016016016,1,-1.3310942567,-2.2324844091,5,51
279,1,7.30375232228,3.0,14.0,0.017017017017,0,0.117404474613,1.95153889844,5,482
280,1,4.57564988158,3.0,10.0,0.016016016016,0,-0.785698699073,1.9327459788,5,426
281,1,5.17507650294,5.0,7.0,0.016016016016,0,-0.440727291448,1.49725837728,5,364
282,1,2.56803780346,2.0,9.0,0.016016016016,0,-0.531053624711,-0.838801322408,5,443
283,1,-1.70303707272,,3.0,0.015015015015,0,-1.80644674193,-1.28369684694,5,261
284,1,3.40993459103,3.0,9.0,0.017017017017,0,-0.25423173001,-0.827370218943,5,446
285,1,11.0530854098,11.0,14.0,0.019019019019,0,1.56958556117,1.34432872626,5,541
286,1,4.63903940688,1.0,5.0,0.016016016016,0,0.483624580479,-1.81183433456,5,381
287,1,0.952519675897,0.0,2.0,0.015015015015,0,-1.32741508998,-0.0652350541604,5,334
288,1,9.17386579251,8.0,13.0,0.016016016016,0,1.78027309017,-1.16695347801,5,671
289,1,1.68586273024,1.0,4.0,0.019019019019,0,-0.827790555262,-0.83076560398,5,284
290,1,3.52796532143,1.0,5.0,0.015015015015,0,0.143680726603,-1.90307685838,5,525
291,1,1.40779775684,0.0,3.0,0.015015015015,0,-0.877039180122,-0.961084702792,5,397
292,0,14.1670847372,14.0,,0.014014014014,0,2.39553012678,1.98049435685,5,41
293,1,7.46906740436,4.0,9.0,0.016016016016,0,0.107699660244,2.14596842363,5,715
294,1,6.82979203467,5.0,7.0,0.017017017017,0,0.581029645386,0.086703098509,5,612
295,1,7.67221732289,7.0,13.0,0.016016016016,0,0.938633585511,-0.143683433644,5,805
296,1,6.12776713618,6.0,14.0,0.016016016016,0,0.906273002299,-1.59105187072,5,892
297,1,7.98740067072,6.0,10.0,0.018018018018,0,1.00905934755,-0.0397773719469,5,780
298,1,9.95243617026,7.0,16.0,0.017017017017,0,1.33915233916,0.93497915277,5,961
299,1,6.41497049712,3.0,8.0,0.016016016016,0,0.615772626166,-0.432347381376,5,752
300,1,7.36703807366,7.0,8.0,0.015015015015,1,0.535542608449,0.760410248308,5,754
301,1,6.23291353474,5.0,7.0,0.017017017017,0,0.729675611165,-0.956113298759,5,603
302,1,4.44571542395,4.0,10.0,0.017017017017,0,-0.175698296887,-0.0271896853883,5,769
303,1,2.241752281,1.0,3.0,0.015015015015,0,-0.918291016012,-0.00337467096749,5,547
304,1,13.3855244775,10.0,15.0,0.018018018018,0,2.36431366118,1.29258349399,5,825
305,1,10.4435773508,10.0,14.0,0.016016016016,0,2.18374742254,-1.10766491687,5,786
306,1,1.10022590919,1.0,2.0,0.016016016016,1,-1.23761932841,-0.186916105575,5,351
307,1,2.09561162351,2.0,4.0,0.018018018018,0,-0.63051270019,-1.01285027592,5,420
308,1,4.53727831413,4.0,5.0,0.019019019019,1,-0.395056478499,0.722447749624,5,463
309,1,7.72228583635,2.0,10.0,0.015015015015,0,1.35565246038,-1.34467154479,5,548
310,1,-1.28896064697,,0.0,0.014014014014,1,-1.76004229711,-1.00883375563,5,13
311,1,8.92329587586,6.0,13.0,0.018018018018,0,0.536652798573,2.31333748014,5,589
312,1,6.8108931159,5.0,10.0,0.016016016016,0,0.772350752838,-0.506159142617,5,508
313,1,8.63966477271,7.0,10.0,0.016016016016,0,1.51406505083,-0.902530379776,5,500
314,1,3.89642662795,3.0,4.0,0.017017017017,1,-0.702882849732,1.00507517715,5,332
315,1,9.87793941453,9.0,17.0,0.017017017017,0,0.905229614574,2.1622505708,5,602
316,1,3.499491052,3.0,6.0,0.017017017017,0,-0.335252717974,-0.494750794077,5,377
317,1,5.8217239649,5.0,10.0,0.017017017017,0,-0.0398891637248,0.941391456075,5,468
318,1,8.21344060774,8.0,13.0,0.017017017017,0,1.33739712219,-0.798750758836,5,531
319,1,2.1585457363,1.0,3.0,0.019019019019,0,-0.38558911708,-1.68468691246,5,263
320,1,5.83799692205,1.0,11.0,0.016016016016,0,0.00882622620964,0.811518243425,5,490
321,1,6.44794367799,4.0,8.0,0.017017017017,0,0.217084320707,0.796690715875,5,401
322,1,-0.619365339746,,0.0,0.017017017017,1,-0.83444117423,-3.11604181706,5,10
323,1,3.89949176112,3.0,5.0,0.015015015015,0,-0.219184962945,-0.44295335005,5,352
324,1,-2.09497180309,,0.0,0.014014014014,1,-2.72059335432,1.06680825989,5,64
325,1,6.75381717554,4.0,8.0,0.013013013013,0,0.349819905624,0.704357458669,5,551
326,1,4.35776900302,3.0,7.0,0.018018018018,0,-0.162626111196,-0.154352663391,5,461
327,1,2.19121507092,2.0,3.0,0.015015015015,1,-1.0072080041,0.212839083211,5,347
328,1,2.12899954522,2.0,3.0,0.017017017017,1,-0.977705111419,0.0621148794765,5,329
329,1,5.79144066933,2.0,10.0,0.016016016016,0,0.383666502917,-0.359558839418,5,587
330,1,9.92261884376,5.0,16.0,0.018018018018,0,1.20372583751,1.31144133122,5,822
331,1,2.83367593686,1.0,7.0,0.015015015015,0,-0.846211898407,0.372311632078,5,559
332,1,8.66917105246,6.0,9.0,0.018018018018,0,1.06731475753,0.467226779867,5,598
333,1,12.0623556051,11.0,14.0,0.016016016016,0,1.30468311511,3.14830625982,5,838
334,1,5.66840115221,4.0,10.0,0.017017017017,0,-0.010810137667,0.700831565208,5,726
335,1,0.292150353718,0.0,6.0,0.016016016016,0,-1.4455866112,-0.371089812689,5,618
336,1,5.21762084481,3.0,7.0,0.016016016016,0,-0.1163104361,0.566552153111,5,720
337,1,0.692293205635,0.0,1.0,0.016016016016,1,-1.28242192692,-0.460441013609,5,502
338,1,4.80810280241,3.0,6.0,0.015015015015,0,-0.514944868247,1.35293740715,5,795
339,1,5.27616436184,2.0,9.0,0.018018018018,0,-0.0734383689345,0.496479468645,5,794
340,1,10.2863138722,6.0,15.0,0.016016016016,0,1.70542322568,0.170044195138,5,927
341,1,6.86243548088,3.0,7.0,0.015015015015,0,0.516173415672,0.313915233867,5,824
342,1,7.68863641578,5.0,9.0,0.016016016016,0,1.23509519971,-1.01664918336,5,807
343,1,3.90889041642,1.0,8.0,0.018018018018,0,-0.157506132489,-0.618591186115,5,800
344,1,6.09844468911,4.0,10.0,0.015015015015,0,0.300715442198,0.196298362515,5,829
345,1,8.05195427515,8.0,9.0,0.015015015015,1,0.62316494014,1.18245945473,5,839
346,1,9.56243127294,9.0,16.0,0.016016016016,0,1.66882665505,-0.444048692209,5,958
347,1,7.5786459704,6.0,9.0,0.013013013013,0,1.12612223235,-0.799720726638,5,894
348,1,7.13504298829,7.0,8.0,0.014014014014,1,1.08356531278,-1.11565295006,5,879
349,1,9.07484572587,7.0,10.0,0.017017017017,0,0.669668180139,2.06584118545,5,890
350,1,5.18872474214,2.0,7.0,0.017017017017,0,-0.0832958715609,0.438612356827,5,853
351,1,1.35325797693,1.0,2.0,0.015015015015,1,-0.923488993023,-0.876275044,5,477
352,1,6.47570701404,4.0,13.0,0.016016016016,0,0.408746317258,0.249468062265,5,930
353,1,10.27346752,5.0,13.0,0.016016016016,0,1.2918835669,1.39781681931,5,906
354,1,6.418994484,3.0,9.0,0.015015015015,0,0.509536626107,-0.109615394316,5,876
355,1,12.4463154836,11.0,13.0,0.015015015015,0,1.53315836295,2.84684039471,5,919
356,1,4.3107857806,4.0,6.0,0.019019019019,0,-0.110487527052,-0.357751638242,5,793
357,1,5.02953992082,5.0,18.0,0.018018018018,0,-0.508807940922,1.55596374359,5,960
358,1,8.79446277413,7.0,12.0,0.018018018018,0,1.19240130077,0.217258871825,5,861
359,1,4.54721121322,3.0,8.0,0.017017017017,0,-0.419513885099,0.805752868514,5,789
360,1,4.49019803114,3.0,6.0,0.015015015015,0,-0.300170441866,0.39070935674,5,606
361,1,3.78518058788,3.0,8.0,0.016016016016,0,-0.325008491242,-0.239793938393,5,859
362,1,6.42790807543,6.0,7.0,0.016016016016,1,0.455416945229,0.0616572397469,5,678
363,1,9.52811902552,9.0,11.0,0.016016016016,0,1.73102646022,-0.664960355132,5,852
364,1,9.83657024295,9.0,12.0,0.014014014014,0,1.81267571689,-0.601456907704,5,864
365,1,4.01673967072,2.0,6.0,0.016016016016,0,-0.453254630755,0.376503562988,5,462
366,1,3.55869724559,3.0,4.0,0.013013013013,1,-0.0709314805667,-1.22850831271,5,387
367,1,10.3600220166,9.0,12.0,0.016016016016,0,1.20174142234,1.75479774953,5,691
368,1,6.24332780689,5.0,7.0,0.016016016016,0,0.71443740102,-0.899984396166,5,449
369,1,5.9308407409,5.0,6.0,0.016016016016,1,0.561136725666,-0.752569436097,5,320
370,1,9.67014115931,9.0,12.0,0.016016016016,0,1.5158816623,0.122496172397,5,537
371,1,3.2622913252,1.0,4.0,0.017017017017,0,-0.668281384826,0.267135479673,5,132
372,1,5.80672410508,,13.0,0.017017017017,0,0.263572033089,0.0160080058159,5,450
373,1,2.53741948454,2.0,4.0,0.016016016016,0,-0.658039892033,-0.48846083936,5,125
374,1,7.64797713469,4.0,8.0,0.016016016016,0,0.566792919769,0.947598375378,5,160
375,1,2.63660888192,0.0,5.0,0.017017017017,0,-0.88253738509,0.284221037195,5,120
376,1,3.97591399453,0.0,11.0,0.017017017017,0,-0.559746423172,0.655153264048,5,257
377,1,7.35731212838,6.0,11.0,0.017017017017,0,0.761861214483,0.0717284849294,5,179
378,1,3.71309102437,2.0,5.0,0.015015015015,0,-0.169595680898,-0.778121932934,5,61
379,1,1.93683296102,0.0,2.0,0.017017017017,0,-1.7269808711,2.11777557433,5,22
380,1,8.10060362048,8.0,9.0,0.017017017017,1,0.990222543148,0.129935991038,5,149
381,1,-0.131502095847,,0.0,0.018018018018,1,-1.77549759903,0.194990701256,5,12
382,1,0.495656823237,,1.0,0.016016016016,0,-0.909757416686,-1.77507092671,5,16
383,1,-2.04840267115,,4.0,0.016016016016,0,-1.61846096836,-2.19301976606,5,112
384,1,1.58444976494,,3.0,0.016016016016,0,-0.977894130408,-0.481867843839,5,50
385,1,2.78802059576,,3.0,0.016016016016,0,-0.959390811925,0.666193031535,5,47
386,1,5.23576711381,2.0,9.0,0.014014014014,0,-0.314246164321,1.17850560677,5,131
387,1,6.86247810895,5.0,10.0,0.015015015015,0,0.809169990369,-0.565031862155,5,181
388,1,8.87353970815,8.0,10.0,0.016016016016,0,0.676611981178,1.84370376462,5,151
389,1,9.16353494491,5.0,12.0,0.015015015015,0,0.971862772414,1.24794662767,5,192
390,1,4.08284845852,0.0,6.0,0.019019019019,0,-0.418092647389,0.337126400686,5,103
391,1,6.22898983894,6.0,10.0,0.016016016016,0,0.304211649131,0.316354891546,5,228
392,1,0.951901168176,,3.0,0.016016016016,0,-0.731796396321,-1.85270964286,5,95
393,1,4.80672461187,,7.0,0.015015015015,0,-0.515953165067,1.35458410707,5,161
394,1,2.93563382821,2.0,5.0,0.017017017017,0,-0.758828153204,0.212118287819,5,116
395,1,7.08302274668,4.0,14.0,0.016016016016,0,0.897337219481,-0.608988911765,5,251
396,1,7.57316291647,5.0,8.0,0.015015015015,0,1.18128678371,-0.970697434666,5,197
397,1,0.496036554866,0.0,2.0,0.019019019019,0,-1.61891464425,0.352780487622,5,65
398,1,7.24640393673,,15.0,0.016016016016,0,1.03491934703,-0.858354104365,5,255
399,1,7.91918879273,4.0,12.0,0.016016016016,0,0.369647116016,1.81024744468,5,233
400,1,4.6636336765,,12.0,0.012012012012,0,0.29222064882,-1.21302826996,5,339
401,1,7.33488373536,7.0,10.0,0.017017017017,0,0.632234168021,0.438181231297,5,225
402,1,5.76649199316,5.0,6.0,0.015015015015,1,0.178806094828,0.230073708681,5,105
403,1,-4.68364644675,,0.0,0.015015015015,1,-2.85905444267,-1.10648311873,5,21
404,1,0.381118220726,,5.0,0.017017017017,0,-1.73824504343,0.595853351024,5,72
405,1,1.32917055495,1.0,2.0,0.016016016016,1,-1.06989023654,-0.461158735423,5,53
406,1,6.59172742631,5.0,11.0,0.018018018018,0,0.535630033672,-0.015162674703,5,138
407,1,6.87562967085,,11.0,0.019019019019,0,0.846390354762,-0.66354139344,5,119
408,1,2.10231301622,,8.0,0.013013013013,0,-0.201351640512,-2.29363206225,5,124
409,1,-0.068923139974,,2.0,0.017017017017,0,-1.35048726448,-1.01746134653,5,49
410,1,-1.79659812103,,9.0,0.017017017017,0,-1.83811976953,-1.28223881245,5,86
411,1,6.06764340685,5.0,9.0,0.017017017017,0,0.56034255027,-0.613384243963,5,63
412,1,6.2036812051,0.0,11.0,0.014014014014,0,0.107947599391,0.879838406924,5,106
413,1,4.87983186618,,5.0,0.017017017017,0,0.346558320859,-1.1598430964,5,55
414,1,1.03115372145,,2.0,0.015015015015,0,-1.33327101328,0.0309667612908,5,44
415,1,5.01831074478,0.0,12.0,0.014014014014,0,0.0753006006862,-0.20759105728,5,118
416,1,0.454838766497,0.0,6.0,0.018018018018,0,-1.090709968,-1.27303132951,5,60
417,1,3.80850475874,0.0,5.0,0.015015015015,0,-0.405241445816,0.0242290961914,5,62
418,1,-4.30818592174,,0.0,0.016016016016,1,-2.37386921669,-2.18657827168,5,34
419,1,1.65620227002,0.0,2.0,0.015015015015,0,-1.18014324748,0.196632012461,5,36
420,1,4.24228954417,0.0,12.0,0.016016016016,0,-0.228917776165,-0.0709571273344,5,210
421,1,5.16396461262,,9.0,0.017017017017,0,0.0640203932971,-0.0280965672674,5,78
422,1,0.417976738162,,1.0,0.015015015015,0,-1.45398560114,-0.220066458424,5,35
423,1,2.66501881395,2.0,5.0,0.016016016016,0,-0.69129170569,-0.261106068982,5,67
424,1,9.23314278576,9.0,11.0,0.019019019019,0,1.26743935695,0.430824714922,5,186
425,1,2.43919390257,2.0,3.0,0.015015015015,1,-0.954394385027,0.302377057647,5,66
426,1,5.09572142489,,11.0,0.014014014014,0,-0.0730473209953,0.314863387871,5,200
427,1,6.1716592831,1.0,7.0,0.017017017017,0,0.0971252936736,0.880283402078,5,171
428,1,9.0399965555,6.0,14.0,0.015015015015,0,0.507986759591,2.51603627673,5,574
429,1,5.8452796406,5.0,7.0,0.016016016016,0,0.375458282174,-0.281095205923,5,178
430,1,2.73106619692,1.0,3.0,0.016016016016,0,-1.53524761749,2.33680904938,5,104
431,1,1.72379677091,0.0,4.0,0.014014014014,0,-0.645643405049,-1.33927301394,5,134
432,1,4.62885784882,1.0,8.0,0.015015015015,0,-0.0569215420908,-0.200377524906,5,231
433,1,5.18586534493,4.0,7.0,0.017017017017,0,0.199571858407,-0.412850230289,5,195
434,1,0.797120007716,,1.0,0.016016016016,0,-1.31348239766,-0.262432799311,5,111
435,1,7.46995307567,0.0,10.0,0.019019019019,0,0.42825178465,1.18519772172,5,264
436,1,2.71887500039,2.0,6.0,0.016016016016,0,-0.434014092139,-0.979082723198,5,215
437,1,10.1656528467,7.0,13.0,0.014014014014,0,1.65588622726,0.197994164892,5,431
438,1,6.00341183664,1.0,8.0,0.016016016016,0,0.358946824762,-0.0734286376443,5,303
439,1,6.42000899504,3.0,7.0,0.018018018018,0,0.0888224418397,1.15354166952,5,277
440,1,6.32160854561,6.0,7.0,0.017017017017,1,0.898797821005,-1.37478491741,5,326
441,1,0.380157313158,0.0,1.0,0.016016016016,1,-0.89289139688,-1.9411684962,5,165
442,1,7.92700366004,3.0,9.0,0.019019019019,0,0.896206481177,0.238384216507,5,394
443,1,6.8137307194,4.0,9.0,0.017017017017,0,0.724753136094,-0.360528688881,5,429
444,1,0.30452704362,0.0,4.0,0.016016016016,0,-1.07130244177,-1.48156563107,5,355
445,1,8.84478468662,3.0,9.0,0.016016016016,0,1.01020297873,0.814175750443,5,533
446,1,10.1066608576,9.0,14.0,0.017017017017,0,1.29558837207,1.21989574143,5,836
447,1,2.09934046931,2.0,5.0,0.015015015015,0,-0.949218346048,-0.0530044925411,5,361
448,1,8.95850817849,5.0,10.0,0.017017017017,0,1.35493542535,-0.106298097546,5,568
449,1,5.33554281676,4.0,6.0,0.016016016016,0,0.69000081783,-1.73445963673,5,542
450,1,3.08252329756,3.0,5.0,0.016016016016,0,-0.826341169372,0.561546805681,5,497
451,1,4.7606988782,4.0,6.0,0.016016016016,0,-0.130517031927,0.15224997398,5,557
452,1,10.175887583,10.0,11.0,0.017017017017,1,1.2549245998,1.41111378357,5,847
453,1,2.90196415299,1.0,5.0,0.015015015015,0,-0.872317695828,0.518917240479,5,609
454,1,9.24213120273,9.0,12.0,0.019019019019,0,0.943987726459,1.41016802336,5,860
455,1,8.61812631129,8.0,15.0,0.018018018018,0,1.07356212892,0.397439924518,5,940
456,1,8.37656526887,6.0,9.0,0.016016016016,0,1.16952394179,-0.132006556499,5,875
457,1,7.87838383955,4.0,9.0,0.016016016016,0,0.979161605766,-0.0591009777516,5,883
458,1,3.45512213006,1.0,4.0,0.014014014014,0,-0.35671550522,-0.474731354278,5,733
459,1,6.24629278917,5.0,8.0,0.016016016016,0,0.480184667595,-0.194261213616,5,893
460,1,4.59292412127,2.0,16.0,0.016016016016,0,-0.102919097619,-0.0983185858695,5,981
461,1,4.94391042077,3.0,8.0,0.017017017017,0,0.747573637835,-2.29881049274,5,923
462,1,3.3716262185,3.0,11.0,0.016016016016,0,-0.560524685197,0.0532002740865,5,950
463,1,7.84339901216,7.0,9.0,0.016016016016,0,0.575220364483,1.11773791871,5,947
464,1,1.04280289645,1.0,2.0,0.015015015015,1,-1.45270673433,0.40092309943,5,810
465,1,3.33588656109,3.0,8.0,0.016016016016,0,-0.59511472442,0.121230734353,5,946
466,1,9.21690815106,3.0,14.0,0.017017017017,0,1.58896720039,-0.549993450096,5,968
467,1,2.10753806562,2.0,3.0,0.015015015015,1,-0.677658175717,-0.859487407227,5,922
468,1,8.21116453895,5.0,13.0,0.016016016016,0,0.416670054024,1.96115437688,5,972
469,1,7.49491946153,2.0,10.0,0.016016016016,0,0.541316396187,0.870970272972,5,954
470,1,8.73629013287,4.0,17.0,0.017017017017,0,1.42152780045,-0.528293268475,5,991
471,1,8.04320516575,4.0,9.0,0.016016016016,0,0.621917770562,1.17745185406,5,957
472,1,4.60766078709,3.0,7.0,0.016016016016,0,0.0526882758959,-0.550404040594,5,951
473,1,3.74989176363,2.0,5.0,0.018018018018,0,-0.587056528448,0.511061348976,5,926
474,1,5.31903472209,4.0,6.0,0.014014014014,0,0.0396737015096,0.200013617564,5,964
475,1,5.25281164976,5.0,9.0,0.016016016016,0,0.159293738668,-0.22506956624,5,969
476,1,10.6872924326,0.0,11.0,0.015015015015,0,1.35391974571,1.62553319545,5,975
477,1,12.9625750693,4.0,13.0,0.014014014014,0,2.56375190314,0.271319359858,5,988
478,1,1.96980852095,1.0,4.0,0.015015015015,0,-0.570109931736,-1.31986168384,5,939
479,1,5.08340468184,4.0,11.0,0.015015015015,0,0.414919097578,-1.16135261089,5,973
480,1,7.00939186933,3.0,14.0,0.015015015015,0,0.46048088567,0.627949212315,5,979
481,1,5.18751222618,3.0,14.0,0.016016016016,0,0.393371976186,-0.992603702383,5,977
482,1,5.32453900073,5.0,8.0,0.015015015015,0,0.0913396951577,0.0505199152551,5,956
483,1,6.529395408,4.0,11.0,0.015015015015,0,0.561771885766,-0.155920249297,5,974
484,1,6.6557311044,6.0,7.0,0.016016016016,1,0.219876974846,0.996100179868,5,928
485,1,4.79122056835,3.0,6.0,0.018018018018,0,0.0583377026132,-0.383792539489,5,673
486,1,3.24598226322,3.0,8.0,0.015015015015,0,-0.371392242528,-0.639841009199,5,945
487,1,8.56753620199,3.0,12.0,0.017017017017,0,0.445136445885,2.23212686434,5,949
488,1,10.5715694005,9.0,11.0,0.016016016016,0,1.67679864777,0.54117345718,5,948
489,1,-1.16277084773,,0.0,0.018018018018,1,-2.50150431473,1.34174209647,5,18
490,1,4.46889899213,4.0,7.0,0.015015015015,0,-0.385807206339,0.626320611143,5,689
491,1,4.12615287299,2.0,8.0,0.016016016016,0,-0.0987530141801,-0.577588084474,5,778
492,1,-3.03863055033,,1.0,0.016016016016,0,-2.64979569012,-0.0892434799571,5,23
493,1,1.94898445253,0.0,2.0,0.015015015015,0,-0.265776693706,-2.25368546636,5,52
494,1,3.66075146845,3.0,4.0,0.017017017017,1,-0.143191717449,-0.909673379207,5,674
495,1,3.34513764639,3.0,10.0,0.015015015015,0,-0.343882524615,-0.623214779762,5,840
496,1,4.38426285176,3.0,8.0,0.016016016016,0,-0.0834035123511,-0.365526611186,5,781
497,1,8.11307588015,5.0,14.0,0.018018018018,0,1.11309142889,-0.226198406529,5,872
498,1,4.26268242886,3.0,5.0,0.017017017017,0,-0.992961069524,2.24156563743,5,665
499,1,4.25717905782,4.0,5.0,0.015015015015,1,-0.211135184617,-0.10941538833,5,688
500,1,5.1904127623,2.0,14.0,0.014014014014,0,0.186149943876,-0.368037069329,5,990
501,1,4.50120517661,4.0,6.0,0.016016016016,0,-0.349978771429,0.551141490895,5,837
502,1,7.42008457554,7.0,8.0,0.016016016016,1,0.637681717218,0.507039423887,5,880
503,1,11.9444631073,9.0,13.0,0.018018018018,0,2.40611327653,-0.273876722274,5,884
504,1,7.39215802284,4.0,11.0,0.016016016016,0,0.547452210374,0.749801391721,5,931
505,1,2.2465669347,1.0,7.0,0.015015015015,0,-1.33682993801,1.25705674871,5,885
506,1,-0.367262108832,,1.0,0.014014014014,0,-1.84998386671,0.182689491311,5,177
507,1,6.85398060855,3.0,10.0,0.015015015015,0,0.703599925856,-0.25681916902,5,953
508,1,6.83155916912,6.0,9.0,0.016016016016,0,0.66119709603,-0.152032118972,5,913
509,1,6.05460841908,4.0,13.0,0.017017017017,0,0.334604727144,0.050794237647,5,970
510,1,12.6019574233,12.0,13.0,0.014014014014,1,1.66647281565,2.60253897636,5,983
511,1,5.74870383151,5.0,13.0,0.015015015015,0,0.273555029046,-0.0719612556278,5,982
512,1,7.04940778179,6.0,8.0,0.015015015015,0,0.21596951732,1.40149922983,5,917
513,1,7.67034283883,6.0,13.0,0.016016016016,0,1.04290676883,-0.458377467649,5,976
514,1,3.9849321925,2.0,4.0,0.017017017017,0,-0.676840244144,1.01545292493,5,753
515,1,2.29518127379,1.0,6.0,0.015015015015,0,-0.6574014311,-0.732614432911,5,801
516,1,2.35996002051,2.0,8.0,0.016016016016,0,-1.36957086581,1.46867261793,5,865
517,1,9.78031466791,8.0,16.0,0.016016016016,0,0.718915705159,2.62356755243,5,995
518,1,1.81312942997,1.0,2.0,0.016016016016,1,-1.28138436416,0.657282522469,5,696
519,1,6.59620898948,3.0,9.0,0.017017017017,0,1.01530551572,-1.44970755768,5,811
520,1,2.09426176574,2.0,4.0,0.016016016016,0,-1.0809383152,0.337076711351,5,724
521,1,1.62008852062,1.0,2.0,0.017017017017,1,-1.3517917269,0.675463701301,5,555
522,1,2.13172704903,1.0,7.0,0.015015015015,0,-0.984043978585,0.0838589847874,5,763
523,1,-4.03285749613,,0.0,0.015015015015,1,-2.5772279424,-1.30117366892,5,17
524,1,4.79288829709,1.0,11.0,0.016016016016,0,0.339242348325,-1.22483874788,5,904
525,1,6.40895617763,6.0,15.0,0.016016016016,0,0.35540578098,0.342738834685,5,905
526,1,5.64607666251,3.0,10.0,0.017017017017,0,-0.399334964601,1.84408155631,5,777
527,1,3.64981434959,2.0,4.0,0.016016016016,0,-0.033928734922,-1.24839944564,5,709
528,1,4.39594373209,3.0,6.0,0.015015015015,0,0.143694952087,-1.03514112417,5,762
529,1,5.19722370598,5.0,9.0,0.017017017017,0,0.422121711141,-1.06914142744,5,775
530,1,7.14908854443,5.0,17.0,0.017017017017,0,0.85440149182,-0.414115931026,5,936
531,1,8.42448129243,8.0,13.0,0.015015015015,0,1.10166247318,0.119493872897,5,819
532,1,5.23201215577,4.0,9.0,0.015015015015,0,-0.157133778541,0.703413491391,5,798
533,1,8.729573703,5.0,10.0,0.016016016016,0,1.13704119925,0.318450105243,5,787
534,1,1.7409040632,1.0,2.0,0.017017017017,1,-0.832480094622,-0.761655652939,5,662
535,1,2.50343232881,2.0,4.0,0.016016016016,0,-1.20161847923,1.10828776651,5,718
536,1,8.82195800055,8.0,15.0,0.017017017017,0,0.619323169321,1.96398849259,5,873
537,1,5.00887866926,3.0,6.0,0.014014014014,0,-0.0885654575483,0.274575041906,5,783
538,1,4.32394422674,2.0,10.0,0.014014014014,0,-0.117785434476,-0.322699469833,5,818
539,1,4.69173290752,2.0,5.0,0.017017017017,0,0.0910735456818,-0.581487729528,5,711
540,1,11.1840662251,10.0,12.0,0.013013013013,0,2.00226148452,0.17728177153,5,821
541,1,2.12253054417,2.0,3.0,0.017017017017,1,-0.494321593751,-1.39450467458,5,595
542,1,7.4198308785,1.0,13.0,0.014014014014,0,0.583659305796,0.668852961118,5,856
543,1,8.41193588355,1.0,10.0,0.015015015015,0,1.03473533547,0.307729877148,5,721
544,1,6.51008564285,3.0,8.0,0.016016016016,0,-0.162216122128,1.99673400924,5,716
545,1,3.34739493752,0.0,4.0,0.016016016016,0,-0.0252929256974,-1.57672628539,5,676
546,1,7.87074850869,0.0,12.0,0.016016016016,0,0.492549579387,1.39309977053,5,766
547,1,7.94165853954,7.0,8.0,0.017017017017,1,1.08982292784,-0.327810243977,5,684
548,1,3.69271561804,2.0,4.0,0.017017017017,0,-0.180458351793,-0.765909326578,5,519
549,1,2.5405893537,2.0,7.0,0.015015015015,0,-0.55440702267,-0.796189578291,5,682
550,1,5.48857445808,4.0,6.0,0.015015015015,0,0.249058800336,-0.25860194293,5,664
551,1,4.00488678054,4.0,16.0,0.017017017017,0,-0.167834301974,-0.491610313543,5,799
552,1,4.91967559795,4.0,5.0,0.016016016016,1,-0.382989840454,1.06864511931,5,451
553,1,13.3013022327,13.0,14.0,0.016016016016,1,2.48414207488,0.84887600807,5,756
554,1,10.6873835121,6.0,13.0,0.016016016016,0,2.20769219209,-0.935693064213,5,740
555,1,7.39517471749,7.0,9.0,0.016016016016,0,0.81713505665,-0.0562304524649,5,625
556,1,10.1175654734,10.0,11.0,0.016016016016,1,1.90222099619,-0.589097515215,5,636
557,1,1.98034974199,,2.0,0.015015015015,0,-0.848738204274,-0.473435645187,5,157
558,1,5.42656735096,4.0,6.0,0.018018018018,0,-0.0706805978417,0.63860914448,5,224
559,1,7.35991866769,7.0,8.0,0.016016016016,1,0.81085144116,-0.0726356557857,5,379
560,1,3.25169261338,2.0,4.0,0.016016016016,0,-0.489349300716,-0.280259484466,5,176
561,1,0.00453923016881,,1.0,0.017017017017,0,-1.62229264378,-0.128582838487,5,27
562,1,2.7349099381,2.0,5.0,0.016016016016,0,-0.861677110122,0.319941268462,5,230
563,1,1.85706339383,1.0,2.0,0.015015015015,1,-0.787525497852,-0.780360112617,5,127
564,1,0.558544245261,,1.0,0.016016016016,0,-1.2856904966,-0.584384264927,5,48
565,1,6.28104335429,5.0,8.0,0.016016016016,0,0.513640428262,-0.259877930493,5,333
566,1,9.67867021273,7.0,12.0,0.016016016016,0,0.868948165908,2.07182571501,5,567
567,1,12.4513180636,9.0,14.0,0.016016016016,0,2.37356851506,0.330612518373,5,646
568,1,2.78592500704,2.0,5.0,0.015015015015,0,-1.06525573915,0.981692224485,5,301
569,1,4.6201340241,3.0,5.0,0.014014014014,0,-0.21527803662,0.265968133958,5,385
570,1,7.35181019762,7.0,9.0,0.016016016016,0,-0.0658983347837,2.54950520197,5,585
571,1,8.85414732252,8.0,15.0,0.018018018018,0,0.753907948325,1.59242347754,5,694
572,1,6.24742308704,6.0,14.0,0.016016016016,0,0.373714444042,0.126279754913,5,704
573,1,5.19603723107,5.0,8.0,0.017017017017,0,0.279277049237,-0.641793916642,5,419
574,1,2.50830956281,2.0,4.0,0.016016016016,0,-0.515091885766,-0.946414779892,5,464
575,1,2.57831081189,1.0,3.0,0.018018018018,0,-0.74472710704,-0.187507866991,5,417
576,1,6.64177593264,6.0,14.0,0.015015015015,0,0.20032928283,1.04078808415,5,712
577,1,4.76419765654,2.0,14.0,0.014014014014,0,-0.574770601241,1.48850946027,5,952
578,1,6.56250480992,5.0,11.0,0.017017017017,0,0.241516269637,0.837956001012,5,693
579,1,6.12214600743,3.0,8.0,0.014014014014,0,0.73268586509,-1.07591158784,5,659
580,1,4.83598708448,4.0,8.0,0.016016016016,0,-0.329183323328,0.823537054463,5,619
581,1,10.1001427192,9.0,13.0,0.016016016016,0,1.61183640629,0.264633500365,5,705
582,1,2.80381610459,1.0,6.0,0.016016016016,0,-0.765820214072,0.101276746806,5,578
583,1,2.58706962892,2.0,6.0,0.016016016016,0,-0.611757120036,-0.577659010974,5,590
584,1,-2.50653612253,,0.0,0.016016016016,1,-2.53262279354,0.0913322580838,5,85
585,1,3.69992836061,0.0,6.0,0.015015015015,0,-0.550447495555,0.351270847279,5,592
586,1,2.77151440523,2.0,3.0,0.018018018018,1,-0.579702142808,-0.489379166348,5,405
587,1,4.76139677921,1.0,13.0,0.016016016016,0,-0.21616981672,0.409906229375,5,703
588,1,6.18968856731,4.0,13.0,0.016016016016,0,0.27675351307,0.3594280281,5,642
589,1,4.74009233682,4.0,6.0,0.016016016016,0,-0.264897858465,0.534785912211,5,520
590,1,3.10687545698,3.0,7.0,0.016016016016,0,-0.37231448537,-0.776181086909,5,532
591,1,5.62123240141,3.0,15.0,0.015015015015,0,-0.350220408993,1.67189362839,5,889
592,1,10.275905053,3.0,11.0,0.017017017017,0,2.02817574236,-0.808622174119,5,620
593,1,2.45693440082,2.0,4.0,0.014014014014,0,-0.66460396627,-0.549253700368,5,384
594,1,13.3547234151,12.0,14.0,0.016016016016,0,2.16598063394,1.85678151329,5,743
595,1,5.21295977335,2.0,10.0,0.016016016016,0,0.318792248515,-0.743416972199,5,543
596,1,2.08467287177,0.0,3.0,0.016016016016,0,-1.08862586291,0.350550460492,5,239
597,1,8.40716622326,6.0,10.0,0.015015015015,0,1.15187894866,-0.0484706227316,5,514
598,1,6.43734917914,1.0,7.0,0.016016016016,0,0.526155522626,-0.141117388743,5,330
599,1,7.16389391633,7.0,10.0,0.014014014014,0,0.0867271307831,1.90371252398,5,495
600,1,2.45219416328,0.0,7.0,0.015015015015,0,-0.474499201416,-1.12430823247,5,268
601,1,1.66251558255,0.0,4.0,0.015015015015,0,-1.20688107723,0.283158814232,5,204
602,1,3.05885272559,3.0,4.0,0.015015015015,1,-0.0732155261648,-1.72150069592,5,202
603,1,6.66431228677,1.0,12.0,0.016016016016,0,0.269438865512,0.855995690235,5,323
604,1,0.627169027799,0.0,5.0,0.015015015015,0,-1.6622308315,0.613861522284,5,166
605,1,2.81499591153,1.0,12.0,0.016016016016,0,-0.778059304659,0.14917382551,5,272
606,1,5.71344409996,5.0,9.0,0.015015015015,0,0.0998864810814,0.413784656713,5,253
607,1,6.48877118512,3.0,10.0,0.017017017017,0,0.330074569031,0.498547478023,5,245
608,1,1.34828584354,1.0,4.0,0.017017017017,0,-0.88503518333,-0.996608606475,5,88
609,1,2.62769741401,,3.0,0.016016016016,0,-0.783641421099,-0.0213783226943,5,84
610,1,-1.34890446021,,6.0,0.018018018018,0,-2.4325886496,0.948861488596,5,90
611,1,2.07477722425,,3.0,0.016016016016,0,-1.02787896424,0.158414116981,5,71
612,1,5.46826296917,3.0,9.0,0.016016016016,0,0.371285598497,-0.645593826323,5,100
613,1,3.06225460103,3.0,12.0,0.017017017017,0,-1.1670614321,1.56343889734,5,221
614,1,5.69133876075,3.0,9.0,0.014014014014,0,0.561123722562,-0.99203240694,5,113
615,1,-1.8951631996,,0.0,0.017017017017,1,-2.48290176597,0.553542098301,5,7
616,1,10.1641150556,9.0,12.0,0.016016016016,0,1.25645978146,1.39473571123,5,249
617,1,-1.01230328537,,0.0,0.017017017017,1,-1.79498860847,-0.627337459963,5,26
618,1,1.62201013786,,3.0,0.019019019019,0,-0.93678515898,-0.567634385198,5,30
619,1,3.03566070002,,5.0,0.019019019019,0,-0.300046134191,-1.06420089741,5,80
620,1,-0.214017306748,,4.0,0.018018018018,0,-2.11131150619,1.11991721181,5,69
621,1,1.51194779964,,5.0,0.016016016016,0,-0.577111366488,-1.7567181009,5,82
622,1,9.72754535108,9.0,14.0,0.017017017017,0,1.15814588947,1.25310768266,5,499
623,1,11.4777525445,7.0,13.0,0.018018018018,0,2.12927345857,0.0899321687897,5,367
624,1,4.73482173053,4.0,8.0,0.016016016016,0,0.489084236995,-1.73243098046,5,305
625,1,5.6046414943,5.0,7.0,0.018018018018,0,0.201328766887,0.000655193641012,5,273
626,1,5.70181680204,3.0,6.0,0.016016016016,0,0.523090362636,-0.867454285869,5,288
627,1,5.6456555366,4.0,9.0,0.016016016016,0,0.0960628015091,0.357467132071,5,327
628,1,3.10253609944,0.0,4.0,0.017017017017,0,0.0675050570488,-2.09997907171,5,285
629,1,5.6668954915,2.0,10.0,0.014014014014,0,0.590922505681,-1.10587202554,5,402
630,1,4.56344487966,0.0,8.0,0.018018018018,0,-0.20037480513,0.164569295046,5,342
631,1,7.35419594655,0.0,16.0,0.016016016016,0,0.812552390289,-0.0834612243136,5,774
632,1,6.79547675868,1.0,9.0,0.017017017017,0,0.474622215224,0.37161011301,5,371
633,1,4.66361736304,2.0,5.0,0.016016016016,0,-0.20258272383,0.271365534534,5,308
634,1,4.41480520588,4.0,11.0,0.017017017017,0,0.263480867887,-1.37563739778,5,489
635,1,2.45577268563,1.0,3.0,0.016016016016,0,-0.54718971955,-0.90265815572,5,292
636,1,4.59867038376,4.0,5.0,0.019019019019,1,-0.589604220299,1.36748304466,5,291
637,1,9.08498767478,7.0,11.0,0.016016016016,0,1.16959008866,0.576217408802,5,517
638,1,5.31333596907,3.0,7.0,0.016016016016,0,-0.04658498815,0.45309093352,5,476
639,1,3.60033873389,1.0,4.0,0.015015015015,0,-0.500853911316,0.102900467835,5,311
640,1,4.6608484362,0.0,8.0,0.016016016016,0,-0.105256292645,-0.0233826858622,5,504
641,1,4.90060499071,4.0,7.0,0.013013013013,0,-0.249378124191,0.648739363288,5,524
642,1,5.25041435537,4.0,13.0,0.018018018018,0,0.250052425989,-0.499742922596,5,668
643,1,2.22719258412,2.0,3.0,0.019019019019,1,-1.49552428184,1.71376542964,5,226
644,1,6.67874405078,3.0,8.0,0.016016016016,0,0.181127281705,1.13536220566,5,580
645,1,2.2692596305,1.0,8.0,0.014014014014,0,-0.679062537578,-0.693552756768,5,656
646,1,6.16238822003,6.0,12.0,0.016016016016,0,0.0626618433819,0.974402689888,5,672
647,1,4.03571477991,3.0,7.0,0.017017017017,0,0.213185521048,-1.60384178323,5,624
648,1,7.82833524074,3.0,16.0,0.018018018018,0,0.811695031162,0.393250147255,5,760
649,1,5.91073658742,4.0,16.0,0.016016016016,0,0.155548358872,0.4440915108,5,862
650,1,4.52662042225,4.0,5.0,0.016016016016,1,-0.478015241572,0.960666146968,5,644
651,1,9.4910903309,7.0,10.0,0.015015015015,0,0.994305131694,1.50817493582,5,746
652,1,4.05834698976,4.0,8.0,0.015015015015,0,-0.163274291767,-0.451830134936,5,713
653,1,4.72941227587,4.0,5.0,0.015015015015,1,-0.448820869275,1.0758748837,5,651
654,1,2.51282996503,2.0,4.0,0.017017017017,0,-0.433257152199,-1.18739857838,5,622
655,1,3.29936283301,3.0,14.0,0.017017017017,0,-0.249963981655,-0.950745222029,5,850
656,1,7.19284777934,5.0,8.0,0.016016016016,0,0.851029909014,-0.360241947698,5,708
657,1,10.4564019479,8.0,12.0,0.014014014014,0,1.65321268838,0.49676388273,5,751
658,1,1.28942882321,1.0,6.0,0.015015015015,0,-1.04823097071,-0.565878264659,5,599
659,1,9.04973312265,2.0,16.0,0.016016016016,0,1.12892987134,0.66294350864,5,911
660,1,2.67689424298,1.0,13.0,0.016016016016,0,-1.04058114459,0.798637676751,5,719
661,1,4.9427485325,4.0,5.0,0.016016016016,1,0.194400564642,-0.64045316143,5,518
662,1,7.21171708641,0.0,9.0,0.016016016016,0,1.19716725425,-1.37978467634,5,570
663,1,6.07390165231,5.0,9.0,0.016016016016,0,0.623952577091,-0.797956078965,5,562
664,1,6.03278727803,5.0,9.0,0.015015015015,0,0.0966793039827,0.742749366084,5,552
665,1,6.20119244542,2.0,9.0,0.017017017017,0,-0.120155009831,1.56165747491,5,545
666,1,1.26618832822,1.0,2.0,0.015015015015,1,-1.2108049729,-0.101396753078,5,336
667,1,5.22592712354,5.0,6.0,0.016016016016,1,-0.724299382888,2.3988252722,5,454
668,1,3.53896512052,1.0,6.0,0.016016016016,0,-0.232755969759,-0.762766970199,5,453
669,1,4.92950895408,2.0,10.0,0.017017017017,0,0.0366598211471,-0.180470509358,5,478
670,1,1.3623422571,0.0,2.0,0.016016016016,0,-0.738074381358,-1.42343459883,5,322
671,1,2.94036365562,1.0,4.0,0.017017017017,0,-0.701055398493,0.0435298510968,5,340
672,1,0.999771470923,0.0,1.0,0.017017017017,1,-1.04303967305,-0.871109509918,5,260
673,1,12.7742208749,4.0,14.0,0.016016016016,0,2.91307295766,-0.964997998023,5,584
674,1,0.62508687317,0.0,4.0,0.015015015015,0,-1.29934002308,-0.476893057605,5,374
675,1,7.44423029847,1.0,11.0,0.017017017017,0,1.24181866013,-1.28122568193,5,456
676,1,4.76884470862,4.0,5.0,0.016016016016,1,-0.788593440125,2.13462502899,5,383
677,1,5.07977326909,4.0,10.0,0.015015015015,0,-0.167780395546,0.583114455732,5,442
678,1,14.7572350175,14.0,15.0,0.016016016016,1,3.01033748601,0.726222559506,5,710
679,1,7.84490513737,7.0,13.0,0.02002002002,0,0.860560893504,0.263222456859,5,433
680,1,3.4525419588,2.0,4.0,0.015015015015,0,-0.552101973655,0.108847879768,5,386
681,1,9.04847691578,8.0,13.0,0.015015015015,0,1.10398629118,0.736518042254,5,649
682,1,1.47657086854,,3.0,0.017017017017,0,-1.07842124749,-0.288165388976,5,300
683,1,9.74767970095,8.0,11.0,0.014014014014,0,1.96182705198,-1.137801455,5,527
684,1,2.86841139276,0.0,5.0,0.016016016016,0,-0.842601253339,0.396215152775,5,396
685,1,3.15423699862,1.0,4.0,0.016016016016,0,-0.307822885757,-0.922294344115,5,357
686,1,7.53783920639,3.0,9.0,0.014014014014,0,1.6238905186,-2.33383234942,5,503
687,1,10.3353603288,7.0,15.0,0.017017017017,0,1.18606501525,1.77716528311,5,596
688,1,4.87772904423,3.0,6.0,0.015015015015,0,0.454268385497,-1.48507611226,5,410
689,1,1.55326786728,1.0,2.0,0.017017017017,1,-1.32582095294,0.530730726108,5,297
690,1,1.33154244638,1.0,2.0,0.014014014014,1,-0.761718158628,-1.38330307773,5,244
691,1,9.85528797784,9.0,13.0,0.017017017017,0,1.6472817881,-0.0865573864674,5,512
692,1,5.96153730153,4.0,6.0,0.015015015015,0,0.289013339004,0.0944972845192,5,427
693,1,5.67612656909,2.0,9.0,0.016016016016,0,0.777606759189,-1.65669370848,5,435
694,1,3.35385273621,2.0,4.0,0.017017017017,0,-0.452092008153,-0.289871239326,5,399
695,1,6.03023343875,1.0,16.0,0.018018018018,0,0.0708747659728,0.817609140832,5,540
696,1,2.55947337885,1.0,7.0,0.014014014014,0,-0.811840808095,-0.00500419686451,5,432
697,1,3.47158745941,0.0,13.0,0.016016016016,0,-0.180359123282,-0.98733517074,5,486
698,1,0.832238893491,0.0,2.0,0.016016016016,0,-1.08627755875,-0.908928430248,5,356
699,1,3.40808143232,3.0,12.0,0.017017017017,0,-0.613094692655,0.247365510289,5,480
700,1,6.03232788579,0.0,10.0,0.016016016016,0,0.390193926196,-0.138253892794,5,445
701,1,4.75414998066,4.0,5.0,0.016016016016,1,-0.476255929287,1.18291776852,5,422
702,1,10.3736814868,1.0,16.0,0.016016016016,0,2.0126887449,-0.664384747887,5,655
703,1,4.82880758504,1.0,5.0,0.015015015015,0,-0.252050333669,0.584958586045,5,423
704,1,4.23030417217,2.0,10.0,0.016016016016,0,-0.217278746431,-0.117859588538,5,436
705,1,8.67148387217,5.0,9.0,0.018018018018,0,1.09780750465,0.378061358221,5,425
706,1,3.15142373997,0.0,14.0,0.015015015015,0,-0.717928522791,0.305209308348,5,627
707,1,4.73254077876,4.0,7.0,0.014014014014,0,0.378614929773,-1.40330401055,5,412
708,1,4.31026415088,4.0,5.0,0.017017017017,1,0.35604442189,-1.75786911479,5,382
709,1,-2.09627934802,,1.0,0.016016016016,0,-2.12929301782,-0.708400294557,5,196
710,1,7.13854639654,4.0,9.0,0.018018018018,0,0.881522802788,-0.506022011819,5,411
711,1,7.56123962071,6.0,14.0,0.016016016016,0,0.600264734712,0.760445416579,5,539
712,1,7.10675378147,7.0,9.0,0.016016016016,0,0.635945727637,0.198916598556,5,406
713,1,2.74056645385,2.0,7.0,0.019019019019,0,-0.740994511172,-0.0364500126314,5,254
714,1,3.55847719538,3.0,5.0,0.017017017017,0,-0.160528737552,-0.959936591962,5,240
715,1,2.52965526191,2.0,4.0,0.015015015015,0,-0.536652754197,-0.860386475503,5,235
716,1,8.87602844808,6.0,9.0,0.016016016016,0,1.50539272168,-0.640149716973,5,319
717,1,1.10672165704,1.0,2.0,0.017017017017,1,-0.546601474733,-2.25347391876,5,211
718,1,3.43775775978,1.0,14.0,0.015015015015,0,-0.816613135168,0.887597165288,5,556
719,1,5.95455873758,2.0,14.0,0.017017017017,0,0.544848952618,-0.679988120277,5,491
720,1,-1.7620016406,,0.0,0.016016016016,1,-2.3108530228,0.170557427798,5,33
721,1,1.85940642477,1.0,3.0,0.016016016016,0,-0.814132131466,-0.698197180834,5,238
722,1,5.31526403687,3.0,9.0,0.016016016016,0,0.69455294359,-1.7683947939,5,295
723,1,8.01953258648,6.0,10.0,0.016016016016,0,0.948293248283,0.174652841629,5,373
724,1,3.19234353712,3.0,5.0,0.016016016016,0,-0.474876906754,-0.383025742615,5,274
725,1,5.42225165868,5.0,8.0,0.014014014014,0,-0.224845330986,1.09678765164,5,335
726,1,6.2602683887,3.0,8.0,0.016016016016,0,0.525725030765,-0.316906703593,5,345
727,1,3.84685091971,2.0,4.0,0.017017017017,0,-0.578495744579,0.582338153443,5,271
728,1,8.357841833,3.0,15.0,0.015015015015,0,1.52064284161,-1.20408669183,5,549
729,1,7.27301470984,7.0,13.0,0.015015015015,0,0.707451078926,0.150661473058,5,403
730,1,2.42515181948,2.0,3.0,0.016016016016,1,-0.376173402737,-1.44632797231,5,265
731,1,6.6130037642,6.0,11.0,0.016016016016,0,0.7068155816,-0.507442980605,5,393
732,1,-3.04364140991,,0.0,0.016016016016,1,-2.34378049845,-1.01229991456,5,39
733,1,6.48502404118,5.0,10.0,0.015015015015,0,0.414068026606,0.242819961367,5,375
734,1,6.53530273763,4.0,10.0,0.015015015015,0,0.444721372821,0.201138619173,5,370
735,1,0.249763663215,0.0,1.0,0.016016016016,1,-1.61666215413,0.0997501256039,5,108
736,1,3.27864519603,2.0,4.0,0.014014014014,0,-0.69501030382,0.363676107489,5,299
737,1,1.04891333044,1.0,2.0,0.016016016016,1,-0.800931252064,-1.54829291336,5,236
738,1,6.91313407642,5.0,9.0,0.016016016016,0,0.666084805753,-0.0851203408436,5,365
739,1,11.2406009842,7.0,14.0,0.017017017017,0,2.01378876909,0.199234676886,5,447
740,1,7.96698933745,4.0,8.0,0.017017017017,0,0.83433496989,0.463984427782,5,354
741,1,9.85325177718,3.0,13.0,0.016016016016,0,1.66605826609,-0.144923021094,5,523
742,1,11.4523487659,11.0,14.0,0.015015015015,0,2.21630803333,-0.196575334125,5,626
743,1,6.56921781624,4.0,10.0,0.017017017017,0,0.165148713549,1.07377167559,5,395
744,1,1.98201756927,,2.0,0.016016016016,0,-0.91561834605,-0.271127392578,5,155
745,1,1.83727083187,1.0,2.0,0.015015015015,1,-1.14925816034,0.285045312892,5,220
746,1,-0.214741465159,,0.0,0.015015015015,1,-1.51838627059,-0.659582653384,5,5
747,1,4.73300468911,4.0,7.0,0.017017017017,0,-0.763436049809,2.02331283853,5,358
748,1,2.62099684174,2.0,3.0,0.016016016016,1,-0.396877272699,-1.18837134017,5,286
749,1,4.17182334167,3.0,8.0,0.016016016016,0,-0.343894860912,0.203507924409,5,398
750,1,6.52074153723,6.0,11.0,0.015015015015,0,0.668579841911,-0.484997988499,5,452
751,1,10.4837085286,7.0,11.0,0.015015015015,0,1.79096280285,0.110820120061,5,439
752,1,12.3455350287,12.0,14.0,0.014014014014,0,2.46438454374,-0.0476186024989,5,967
753,1,1.46074393504,1.0,2.0,0.015015015015,1,-1.33509910341,0.466041245284,5,247
754,1,4.38954660437,4.0,7.0,0.017017017017,0,-0.28730405978,0.25145878371,5,413
755,1,1.75025032866,1.0,2.0,0.016016016016,1,-1.22438736249,0.42341241614,5,287
756,1,8.10359527698,8.0,13.0,0.015015015015,0,0.803582221608,0.69284861216,5,896
757,1,6.22283814526,0.0,7.0,0.015015015015,0,0.17443080804,0.699545721134,5,657
758,1,2.21017467267,1.0,4.0,0.019019019019,0,-0.952770034509,0.0684847761966,5,438
759,1,9.09543728742,7.0,11.0,0.015015015015,0,1.62073267956,-0.766760751254,5,741
760,1,6.01522698191,5.0,10.0,0.016016016016,0,0.65938690685,-0.962933738645,5,714
761,1,15.6964682106,14.0,16.0,0.019019019019,0,3.15905000335,1.21931820055,5,899
762,1,1.45113851977,1.0,5.0,0.017017017017,0,-1.00252898602,-0.541274522185,5,513
763,1,7.49130921313,2.0,10.0,0.015015015015,0,0.864846717855,-0.10323094044,5,874
764,1,4.5645456074,3.0,5.0,0.019019019019,0,0.0442021150182,-0.568060737651,5,690
765,1,10.7132495066,10.0,14.0,0.019019019019,0,2.19090987143,-0.859480107636,5,924
766,1,2.1387524885,0.0,4.0,0.014014014014,0,-0.299253284468,-1.9634876581,5,695
767,1,13.0935389158,13.0,14.0,0.014014014014,1,2.41247115799,0.856125441789,5,998
768,1,9.05407151518,8.0,13.0,0.015015015015,0,1.59772955941,-0.739117163068,5,978
769,1,3.14996179908,3.0,5.0,0.015015015015,0,-0.244708323816,-1.11591322947,5,670
770,1,5.7815242653,3.0,6.0,0.014014014014,0,0.186231695569,0.222829178595,5,736
771,1,8.22219034391,8.0,12.0,0.016016016016,0,0.953390693461,0.36201826353,5,962
772,1,6.45631011275,6.0,7.0,0.015015015015,1,1.09869617488,-1.83977841188,5,744
773,1,11.5434355192,10.0,14.0,0.015015015015,0,2.05418670605,0.380875401089,5,997
774,1,7.03394438722,7.0,9.0,0.016016016016,0,1.20866665304,-1.59205557191,5,907
775,1,8.60668100067,8.0,10.0,0.017017017017,0,0.803518601812,1.19612519524,5,937
776,1,0.291313917308,,1.0,0.016016016016,0,-1.39558428391,-0.52193323097,5,76
777,1,9.76225716038,7.0,13.0,0.015015015015,0,1.19560328688,1.17544729972,5,963
778,1,2.58688596566,2.0,3.0,0.016016016016,1,-0.614934324866,-0.568311059742,5,201
779,1,0.472260385949,,1.0,0.019019019019,0,-1.176645822,-0.997802148059,5,31
780,1,5.78124958401,5.0,6.0,0.017017017017,1,0.45931473199,-0.59669461196,5,826
781,1,8.67963520046,3.0,14.0,0.015015015015,0,0.653578343585,1.71890016971,5,986
782,1,8.32864742463,7.0,10.0,0.018018018018,0,1.28710546737,-0.532668977477,5,882
783,1,8.77813365106,6.0,13.0,0.016016016016,0,1.2019621407,0.172247228957,5,943
784,1,9.41169634175,7.0,12.0,0.016016016016,0,1.07194224767,1.19586959873,5,933
785,1,6.24725777828,1.0,9.0,0.014014014014,0,0.354563529042,0.183567191157,5,901
786,1,8.03079176459,4.0,10.0,0.015015015015,0,1.22366865243,-0.640214192695,5,898
787,1,3.2176642725,3.0,5.0,0.015015015015,0,-0.659923480279,0.19743471334,5,827
788,1,2.16298971492,1.0,3.0,0.016016016016,0,-0.583239071459,-1.08729307071,5,765
789,1,6.6036202976,4.0,8.0,0.017017017017,0,0.686686798305,-0.456440097319,5,878
790,1,1.62360262133,0.0,2.0,0.016016016016,0,-1.1422828653,0.050451217237,5,702
791,1,6.2570107063,6.0,17.0,0.017017017017,0,0.287100166488,0.395710206831,5,971
792,1,10.827268227,10.0,15.0,0.016016016016,0,1.96362705079,-0.0636129253612,5,938
793,1,3.53798541165,1.0,11.0,0.017017017017,0,-0.825466288275,1.01438427648,5,855
794,1,3.77139119663,2.0,12.0,0.015015015015,0,-0.217864845291,-0.575014267497,5,895
795,1,5.84634473553,4.0,13.0,0.018018018018,0,0.215287471584,0.200482320779,5,835
796,1,6.95863028513,6.0,10.0,0.017017017017,0,0.309561032965,1.02994718624,5,831
797,1,5.52960249553,2.0,7.0,0.017017017017,0,0.260021500731,-0.25046200666,5,701
798,1,6.99232794854,1.0,7.0,0.015015015015,0,0.44667481427,0.65230350573,5,591
799,1,4.93617644687,4.0,9.0,0.017017017017,0,-0.329022804188,0.923244859431,5,638
800,1,6.94266492878,5.0,7.0,0.018018018018,0,0.516953868427,0.391803323504,5,470
801,1,7.52417974679,6.0,10.0,0.015015015015,0,0.572189322444,0.80761177946,5,767
802,1,2.05325930569,2.0,3.0,0.015015015015,1,-0.965134500847,-0.0513371917686,5,229
803,1,6.54560466916,6.0,7.0,0.015015015015,1,-0.00640190072618,1.56481037134,5,460
804,1,5.58065584485,3.0,6.0,0.016016016016,0,0.677647498253,-1.45228664991,5,392
805,1,9.18079133267,8.0,13.0,0.017017017017,0,1.2431949561,0.451206464386,5,579
806,1,9.266282218,9.0,11.0,0.017017017017,0,1.63837029246,-0.648828659367,5,550
807,1,6.66079370839,4.0,9.0,0.016016016016,0,0.789079550618,-0.706444943461,5,242
808,1,5.56783085702,3.0,7.0,0.017017017017,0,-0.151618519842,1.02268641655,5,214
809,1,0.618628235933,,1.0,0.016016016016,0,-1.21513189427,-0.735976081258,5,29
810,1,0.0965544722529,,2.0,0.015015015015,0,-0.940638189186,-2.08153096019,5,83
811,1,3.68769063405,3.0,4.0,0.016016016016,1,-0.126380743928,-0.933167134165,5,102
812,1,3.65492539408,3.0,6.0,0.016016016016,0,-0.305274183995,-0.429252053936,5,185
813,1,8.0098383044,7.0,13.0,0.014014014014,0,0.623256916233,1.1400675557,5,569
814,1,2.83915794105,2.0,5.0,0.017017017017,0,-0.461968906811,-0.774935338514,5,128
815,1,6.2737890911,3.0,10.0,0.015015015015,0,0.240535505212,0.552182575462,5,199
816,1,6.52245343671,1.0,7.0,0.015015015015,0,0.00833150412078,1.49745892435,5,140
817,1,10.3417253663,9.0,14.0,0.015015015015,0,1.79059841448,-0.0300698770958,5,256
818,1,-0.44717791505,,0.0,0.014014014014,1,-1.43916928806,-1.12967005086,5,8
819,1,1.58751718459,,6.0,0.017017017017,0,-1.5767952224,1.31790285179,5,117
820,1,9.67782232796,4.0,12.0,0.017017017017,0,2.02255227042,-1.38983448328,5,188
821,1,5.71994569233,3.0,9.0,0.017017017017,0,0.512498772709,-0.817550625794,5,167
822,1,4.61649021875,4.0,5.0,0.015015015015,1,0.0311170557441,-0.476860948483,5,110
823,1,-2.61850051248,,2.0,0.016016016016,0,-2.29418858517,-0.735934756957,5,46
824,1,6.55998196892,4.0,13.0,0.017017017017,0,0.652210457751,-0.396649404334,5,206
825,1,6.65240687477,5.0,12.0,0.016016016016,0,0.148318947058,1.20745003359,5,217
826,1,4.05658590697,,5.0,0.018018018018,0,-0.595265698539,0.842383002586,5,57
827,1,0.976101476225,,1.0,0.015015015015,0,-0.991205167865,-1.05028302018,5,42
828,1,-2.39960080141,,8.0,0.016016016016,0,-2.40021292276,-0.198962033143,5,162
829,1,3.85894842792,0.0,5.0,0.014014014014,0,-0.451536596192,0.213558216495,5,133
830,1,3.67589102891,,4.0,0.016016016016,0,-0.200164536552,-0.723615361432,5,94
831,1,5.08598352934,0.0,6.0,0.016016016016,0,0.151087993527,-0.367280451242,5,130
832,1,5.38338947501,4.0,11.0,0.016016016016,0,-0.037377564071,0.495522167222,5,258
833,1,2.13632340603,2.0,3.0,0.015015015015,1,-1.69789286329,2.23000199591,5,59
834,1,6.04321201513,5.0,8.0,0.018018018018,0,0.615719752411,-0.803947242107,5,153
835,1,5.07305174271,3.0,6.0,0.015015015015,0,-0.145187070359,0.508612953793,5,141
836,1,2.40987419687,2.0,3.0,0.013013013013,1,-1.42210634039,1.67619321805,5,129
837,1,2.18618686139,,14.0,0.016016016016,0,-1.161443847,0.67051840238,5,307
838,1,10.6376299173,8.0,14.0,0.017017017017,0,2.16740084095,-0.864572605505,5,359
839,1,3.62307865438,2.0,9.0,0.018018018018,0,-0.300939800542,-0.474101943998,5,259
840,1,-0.0196787045189,,0.0,0.015015015015,1,-1.16887241062,-1.51306147267,5,19
841,1,3.1739270234,2.0,5.0,0.016016016016,0,-0.257191146708,-1.05449953647,5,191
842,1,6.68140296406,6.0,8.0,0.017017017017,0,0.429961138396,0.391519548875,5,280
843,1,7.35963399693,1.0,13.0,0.016016016016,0,0.683910350646,0.307902944992,5,369
844,1,2.66996431547,,4.0,0.017017017017,0,-0.882288490404,0.316829786681,5,222
845,1,5.18648528039,2.0,7.0,0.016016016016,0,0.250713077647,-0.565653952557,5,270
846,1,5.85883100686,,14.0,0.017017017017,0,0.11376887071,0.51752439473,5,376
847,1,3.84525298911,1.0,9.0,0.015015015015,0,-0.0698110646397,-0.945313816974,5,344
848,1,6.63894585826,4.0,15.0,0.015015015015,0,0.0468320597432,1.49844967903,5,842
849,1,10.2221123401,10.0,11.0,0.016016016016,1,1.94738645414,-0.620047022335,5,349
850,1,4.31454064547,4.0,12.0,0.017017017017,0,0.0114236911131,-0.719730427866,5,350
851,1,2.47561768455,0.0,3.0,0.016016016016,0,-0.704248582277,-0.411636568619,5,183
852,1,6.91902450954,5.0,7.0,0.016016016016,0,0.661762991286,-0.0662644643171,5,294
853,1,1.38018628303,1.0,5.0,0.014014014014,0,-0.380706636759,-2.47769380669,5,248
854,1,8.10704810067,8.0,16.0,0.017017017017,0,0.856257232293,0.538276403794,5,457
855,1,8.92945911733,0.0,10.0,0.016016016016,0,1.45047305023,-0.421960033349,5,314
856,1,2.40740101241,2.0,4.0,0.016016016016,0,-1.04511644424,0.542750345145,5,150
857,1,7.04809111921,7.0,9.0,0.018018018018,0,0.115179083245,1.70255386948,5,290
858,1,3.19459669929,2.0,4.0,0.015015015015,0,-0.131865060577,-1.40980811898,5,144
859,1,0.625912404474,0.0,1.0,0.017017017017,1,-0.84482314166,-1.83961817055,5,89
860,1,9.1021230023,8.0,10.0,0.016016016016,0,1.19061241874,0.530285746095,5,312
861,1,3.9859647836,3.0,8.0,0.015015015015,0,-0.171820285668,-0.498574359394,5,163
862,1,1.86801544979,,3.0,0.016016016016,0,-0.808790181894,-0.705614004525,5,137
863,1,3.55123622785,1.0,13.0,0.016016016016,0,-0.286586724413,-0.589003598914,5,390
864,1,-0.269236114394,,1.0,0.016016016016,0,-1.40802577435,-1.04515879133,5,37
865,1,5.51148826035,3.0,6.0,0.014014014014,0,0.576372335748,-1.2176287469,5,152
866,1,0.649985608996,0.0,2.0,0.014014014014,0,-1.27512958709,-0.524625629723,5,122
867,1,4.37787393501,2.0,10.0,0.014014014014,0,-0.350194757841,0.428458208531,5,325
868,1,6.28778752487,3.0,7.0,0.015015015015,0,0.230412695877,0.596549437244,5,190
869,1,0.394344582592,0.0,1.0,0.017017017017,1,-1.33135206121,-0.611599233783,5,87
870,1,7.45536855722,1.0,8.0,0.016016016016,0,0.896439466095,-0.233949841062,5,313
871,1,14.4712927774,13.0,15.0,0.016016016016,0,3.1654097008,-0.0249363249631,5,640
872,1,1.98224008854,1.0,2.0,0.016016016016,1,-1.00097162069,-0.0148450493805,5,96
873,1,8.7772767018,8.0,9.0,0.017017017017,1,1.14607081352,0.339064261225,5,483
874,1,2.68952460983,0.0,3.0,0.015015015015,0,-0.959206275997,0.567143437825,5,159
875,1,6.43952375585,5.0,7.0,0.016016016016,0,0.512481014412,-0.0979192873877,5,485
876,1,8.10816501809,6.0,11.0,0.017017017017,0,0.608177700536,1.28363191649,5,561
877,1,7.51531845237,4.0,16.0,0.016016016016,0,0.449373765211,1.16719715674,5,692
878,1,4.68511163625,4.0,5.0,0.016016016016,1,0.107808915173,-0.638315109267,5,474
879,1,6.92974810933,2.0,7.0,0.016016016016,0,1.20365589828,-1.68121958551,5,538
880,1,3.7412180657,3.0,7.0,0.016016016016,0,-0.678250749897,0.775970315394,5,528
881,1,4.30253045448,4.0,5.0,0.016016016016,1,-0.46811536193,0.70687654027,5,507
882,1,7.8650948786,4.0,12.0,0.019019019019,0,0.315657397106,1.91812268728,5,645
883,1,7.04761563117,1.0,8.0,0.015015015015,0,0.682284332726,0.000762632995799,5,634
884,1,8.35681282875,1.0,9.0,0.016016016016,0,1.50395716573,-1.15505866844,5,677
885,1,7.67145795622,7.0,8.0,0.015015015015,1,0.665629258271,0.674570181404,5,685
886,1,-1.93168827539,,0.0,0.016016016016,1,-1.85078113089,-1.37934488272,5,38
887,1,3.48913572196,2.0,17.0,0.017017017017,0,-0.691237671365,0.562848736054,5,944
888,1,6.36729407573,6.0,11.0,0.016016016016,0,0.544172331874,-0.265222919891,5,737
889,1,6.03833992007,6.0,12.0,0.015015015015,0,0.231568706966,0.343633799175,5,809
890,1,5.6011637001,5.0,6.0,0.017017017017,1,0.118567295938,0.245461812283,5,498
891,1,3.90494317263,3.0,13.0,0.014014014014,0,-0.265380330119,-0.298915837015,5,841
892,1,6.60697735376,4.0,10.0,0.021021021021,0,0.282355468977,0.759910946827,5,732
893,1,9.0952586529,9.0,13.0,0.017017017017,0,1.53901843237,-0.521796644214,5,785
894,1,1.15173868108,0.0,2.0,0.015015015015,0,-0.419885570706,-2.5886046068,5,54
895,1,4.22758046513,4.0,5.0,0.017017017017,1,-0.251034956008,-0.0193146668439,5,563
896,1,9.96135229485,7.0,10.0,0.015015015015,0,1.95717529996,-0.910173605027,5,757
897,1,-0.766245615184,,0.0,0.018018018018,1,-2.06787586078,0.437381967145,5,24
898,1,9.44705912647,8.0,10.0,0.014014014014,0,1.81916708606,-1.01044213171,5,791
899,1,5.64007977704,5.0,6.0,0.015015015015,1,0.0539390224991,0.478262709547,5,739
900,1,2.21486108625,2.0,3.0,0.015015015015,1,-0.251368570291,-2.03103320288,5,172
901,1,0.519793658712,,2.0,0.017017017017,0,-0.805857719389,-2.06263318312,5,169
902,1,2.4454969247,1.0,3.0,0.016016016016,0,-0.869088373284,0.0527620445507,5,175
903,1,9.53662645184,4.0,12.0,0.016016016016,0,0.995966303225,1.54872754216,5,797
904,1,6.49593893643,6.0,9.0,0.015015015015,0,0.450810249999,0.143508186439,5,772
905,1,6.63015774315,5.0,14.0,0.016016016016,0,0.544060274365,-0.0020230799419,5,820
906,1,4.40226223636,4.0,16.0,0.016016016016,0,-0.105361818329,-0.281652308657,5,830
907,1,6.25901799249,3.0,13.0,0.015015015015,0,1.12844114924,-2.12630545522,5,828
908,1,5.09337115943,4.0,14.0,0.014014014014,0,0.196480102714,-0.496069148716,5,929
909,1,4.30812459918,3.0,7.0,0.014014014014,0,-0.551495698791,0.962611695548,5,764
910,1,8.18696157619,2.0,10.0,0.016016016016,0,0.936605532146,0.37714497975,5,784
911,1,2.1861740109,1.0,7.0,0.017017017017,0,-0.476510354327,-1.38429492612,5,758
912,1,6.79635503606,5.0,7.0,0.016016016016,0,0.576158660089,0.0678790557912,5,729
913,1,8.11702300482,7.0,13.0,0.016016016016,0,0.754650590811,0.853071232388,5,812
914,1,6.42593192002,3.0,8.0,0.015015015015,0,0.486131331109,-0.0324620733057,5,728
915,1,3.54881275599,2.0,7.0,0.014014014014,0,-0.310280590668,-0.520345472002,5,727
916,1,5.65170845086,5.0,7.0,0.016016016016,0,0.318917138036,-0.305042963246,5,577
917,1,4.43351309773,1.0,8.0,0.015015015015,0,-0.654888945783,1.39817993508,5,629
918,1,7.1153953512,4.0,8.0,0.016016016016,0,0.503092592319,0.606117574237,5,593
919,1,6.0538726144,1.0,9.0,0.016016016016,0,0.740694184034,-1.16820993771,5,576
920,1,-2.08426369262,,1.0,0.016016016016,0,-1.70684349647,-1.96373320321,5,11
921,1,3.8451154295,1.0,8.0,0.017017017017,0,-0.43774138836,0.158339594575,5,487
922,1,4.93814991824,4.0,5.0,0.017017017017,1,-0.326917031505,0.918901012753,5,441
923,1,4.94050160058,4.0,8.0,0.014014014014,0,-0.0736920273147,0.161577682528,5,554
924,1,4.83391929638,4.0,5.0,0.015015015015,1,-0.132462210194,0.231305926964,5,391
925,1,6.08576977935,4.0,8.0,0.016016016016,0,0.731627363552,-1.10911231131,5,535
926,1,3.35347455995,3.0,5.0,0.015015015015,0,0.00980690864166,-1.67594616597,5,458
927,1,-0.373293733679,,0.0,0.014014014014,1,-1.32394592921,-1.40145594605,5,2
928,1,5.83556104193,4.0,9.0,0.016016016016,0,-0.0552630233242,1.00135011191,5,467
929,1,4.70730627188,2.0,8.0,0.016016016016,0,-0.306654023961,0.627268343765,5,481
930,1,2.91367603836,2.0,3.0,0.018018018018,1,-0.224017238785,-1.41427224529,5,341
931,1,9.88606480647,6.0,15.0,0.015015015015,0,0.905145462606,2.17062841865,5,725
932,1,2.40061301011,1.0,14.0,0.016016016016,0,-1.25159875778,1.15540928344,5,706
933,1,8.04312610795,5.0,10.0,0.015015015015,0,1.30196220412,-0.862760504411,5,621
934,1,3.00069844093,2.0,8.0,0.015015015015,0,-0.630511556275,-0.107766890241,5,488
935,1,8.54763227631,2.0,11.0,0.013013013013,0,1.1950942969,-0.0376506143852,5,628
936,1,2.21613056942,2.0,4.0,0.016016016016,0,-0.609316484759,-0.955919976304,5,388
937,1,6.65249142384,6.0,13.0,0.016016016016,0,0.354202071333,0.589885209838,5,660
938,1,6.78866927661,4.0,13.0,0.016016016016,0,0.738366177946,-0.426429257231,5,641
939,1,8.34293402433,7.0,9.0,0.017017017017,0,0.935407739914,0.536710804593,5,511
940,1,1.99188617596,0.0,3.0,0.017017017017,0,-0.839643960112,-0.489181943701,5,366
941,1,8.0535448398,7.0,12.0,0.015015015015,0,0.659225660846,1.07586785727,5,575
942,1,1.86760937262,0.0,2.0,0.017017017017,0,-1.29557148284,0.754323821137,5,223
943,1,7.27295842401,3.0,8.0,0.017017017017,0,0.556850883415,0.602405773763,5,400
944,1,0.474135383189,0.0,2.0,0.015015015015,0,-1.73983040611,0.69362660151,5,262
945,1,9.00962800628,8.0,13.0,0.017017017017,0,0.918411842926,1.2543924775,5,564
946,1,0.7671976284,0.0,2.0,0.016016016016,0,-1.47261345692,0.185037999167,5,212
947,1,11.5315764924,7.0,13.0,0.016016016016,0,2.07278637709,0.313217361088,5,473
948,1,3.56116358311,0.0,9.0,0.016016016016,0,-0.871921127961,1.176926967,5,368
949,1,6.50723456939,0.0,9.0,0.014014014014,0,0.497814875218,0.0137899437393,5,414
950,1,1.38178862149,0.0,4.0,0.014014014014,0,-0.753496382826,-1.35772223003,5,205
951,1,4.38140103321,0.0,15.0,0.016016016016,0,-0.191171258478,-0.045085191352,5,583
952,1,12.2834354852,10.0,13.0,0.016016016016,0,2.01817098278,1.22892253684,5,465
953,1,1.72716830926,1.0,2.0,0.015015015015,1,-0.745741293681,-1.03560780969,5,184
954,1,2.34647806959,1.0,4.0,0.016016016016,0,-0.777769822554,-0.320212462751,5,203
955,1,-1.27377591118,,2.0,0.017017017017,0,-1.50850390105,-1.74826420804,5,174
956,1,6.15932273328,1.0,10.0,0.016016016016,0,0.755689748802,-1.10774651313,5,275
957,1,6.12589265992,,7.0,0.016016016016,0,0.181662500833,0.580905157418,5,213
958,1,2.46499013707,2.0,4.0,0.016016016016,0,-1.23804257769,1.17911787013,5,194
959,1,11.2565380371,3.0,12.0,0.018018018018,0,2.05171634693,0.101388996267,5,252
960,1,-0.765754033257,,0.0,0.017017017017,1,-1.5658806118,-1.06811219786,5,9
961,1,3.77513162462,3.0,12.0,0.016016016016,0,0.0432315734264,-1.35456309566,5,331
962,1,5.31676042223,5.0,16.0,0.016016016016,0,0.624926448581,-1.55801892351,5,448
963,1,3.08900599643,,6.0,0.015015015015,0,-0.175777657867,-1.38366102997,5,187
964,1,5.07453856536,4.0,9.0,0.016016016016,0,0.0517449164034,-0.0806961838459,5,216
965,1,10.1939587947,5.0,12.0,0.017017017017,0,1.88370774647,-0.457164444651,5,234
966,1,10.3531122763,6.0,11.0,0.016016016016,0,1.66242715096,0.365830823381,5,219
967,1,8.07780305908,7.0,13.0,0.013013013013,0,0.969221274188,0.170139236519,5,424
968,1,4.4391627474,,8.0,0.019019019019,0,-0.103069061997,-0.251630066613,5,126
969,1,2.52961613185,1.0,3.0,0.016016016016,0,-0.845276237341,0.0654448438697,5,91
970,1,0.219612030711,,5.0,0.017017017017,0,-1.60688439954,0.0402652293296,5,107
971,1,6.6730382509,4.0,8.0,0.016016016016,0,-0.15324752927,2.13278083871,5,173
972,1,3.94184680607,3.0,8.0,0.017017017017,0,-0.133175282034,-0.658627347828,5,182
973,1,1.70288939557,1.0,2.0,0.015015015015,1,-0.825289181912,-0.821243058688,5,68
974,1,-0.427970282295,,0.0,0.016016016016,1,-1.20968187117,-1.79892466879,5,14
975,1,-0.762114692795,,2.0,0.015015015015,0,-1.66583739757,-0.764602500084,5,56
976,1,-4.5446569075,,4.0,0.015015015015,0,-2.73749475096,-1.33217265461,5,58
977,1,4.2445967909,,13.0,0.018018018018,0,-0.316910845649,0.195329327847,5,276
978,1,4.54534414801,,10.0,0.017017017017,0,-0.00547874039122,-0.438219630812,5,164
979,1,8.32398701626,3.0,9.0,0.013013013013,0,1.27543656806,-0.502322687918,5,115
980,1,2.2659536567,2.0,13.0,0.016016016016,0,-0.648522561519,-0.788478658742,5,250
981,1,9.50673728493,6.0,15.0,0.017017017017,0,1.25111589534,0.753389598917,5,266
982,1,1.19541469862,,7.0,0.017017017017,0,-1.49184143854,0.670939014234,5,77
983,1,-0.718627890612,,2.0,0.016016016016,0,-1.68416005552,-0.666147724052,5,43
984,1,-0.227910072376,,0.0,0.015015015015,1,-1.97013376462,0.682491221497,5,1
985,1,6.61455224928,4.0,8.0,0.016016016016,0,0.733878621778,-0.587083616052,5,101
986,1,2.81212324914,,5.0,0.018018018018,0,-1.11560195727,1.15892912094,5,81
987,1,4.37385962543,3.0,10.0,0.014014014014,0,0.138188627834,-1.04070625808,5,114
988,1,1.68116174141,,2.0,0.016016016016,0,-0.726724241922,-1.13866553282,5,32
989,1,4.1193400612,3.0,6.0,0.015015015015,0,0.138327141762,-1.29564136409,5,98
990,1,1.3860624878,1.0,6.0,0.017017017017,0,-1.80197406202,1.79198467387,5,97
991,1,10.4278868775,5.0,11.0,0.018018018018,0,1.75186219367,0.172300296492,5,121
992,1,0.128008173409,,1.0,0.016016016016,0,-1.38626694547,-0.713190990192,5,20
993,1,5.61000755117,2.0,7.0,0.016016016016,0,-0.369348302343,1.7180524582,5,109
994,1,13.0965909943,13.0,16.0,0.016016016016,0,2.39521549978,0.910944494935,5,680
995,1,3.83114209799,,4.0,0.018018018018,0,-0.416004382119,0.0791552443488,5,99
996,1,3.40535441389,2.0,8.0,0.017017017017,0,-0.573788045415,0.126718550138,5,147
997,1,6.91442966957,4.0,14.0,0.018018018018,0,0.416983942398,0.663477842375,5,241
998,1,6.37824852992,5.0,8.0,0.015015015015,0,0.381268796163,0.234442141436,5,168
999,1,4.3924803894,1.0,5.0,0.016016016016,0,0.377269392809,-1.73932778902,5,146
