name,activated,threshold,before_activation_alters,after_activation_alters,degree,observed,var1,epsilon,constant,activation_order
0,1,3.02944666034,3.0,6.0,0.012012012012,0,0.529568273325,-3.55925815964,5,489
1,1,6.50150191747,6.0,8.0,0.013013013013,0,-0.704660105389,3.61548223364,5,500
2,1,3.91108398862,2.0,4.0,0.012012012012,0,-0.581740429068,0.656305275822,5,387
3,1,2.76888950203,2.0,6.0,0.012012012012,0,-0.122342020209,-1.86408443734,5,391
4,1,6.94220461692,4.0,8.0,0.012012012012,0,0.430283111297,0.651355283028,5,394
5,1,2.43029771362,2.0,4.0,0.011011011011,0,-0.62489453932,-0.695018668418,5,362
6,1,3.04316379097,3.0,6.0,0.012012012012,0,-0.173634505666,-1.43593269203,5,381
7,1,1.1717339469,1.0,2.0,0.011011011011,1,-0.956454055171,-0.958903887587,5,279
8,1,-0.445718897341,,0.0,0.011011011011,1,-0.492866717856,-3.96711874377,5,202
9,1,2.83731179353,2.0,3.0,0.011011011011,1,-0.84419483817,0.369896308037,5,360
10,1,9.19446780924,7.0,10.0,0.012012012012,0,1.58959911928,-0.574329548595,5,363
11,1,2.86218868599,1.0,3.0,0.012012012012,0,-0.724350638203,0.0352406005989,5,253
12,1,8.60876095183,8.0,9.0,0.01001001001,1,0.634278832955,1.70592445296,5,361
13,1,2.24565662131,2.0,4.0,0.013013013013,0,-0.86223948384,-0.167624927165,5,280
14,1,5.60007260506,2.0,7.0,0.011011011011,0,0.942051462904,-2.22608178365,5,310
15,1,3.08967736665,2.0,4.0,0.011011011011,0,-0.690358935476,0.160754173077,5,282
16,1,1.12280313093,1.0,4.0,0.012012012012,0,-0.833865271087,-1.37560105581,5,289
17,1,3.78426380742,1.0,4.0,0.013013013013,0,-1.02347131617,1.85467775593,5,296
18,1,0.83794278751,0.0,1.0,0.014014014014,1,-0.158719771045,-3.68589789935,5,68
19,1,9.4422579246,9.0,10.0,0.01001001001,1,1.17131260786,0.928320101023,5,710
20,1,8.3335545826,8.0,10.0,0.013013013013,0,1.40097159336,-0.869360197471,5,690
21,1,0.999573370727,,1.0,0.01001001001,0,-0.570132700528,-2.29002852769,5,39
22,1,6.72364397382,4.0,10.0,0.011011011011,0,0.722853366343,-0.444916125212,5,696
23,1,4.14063706887,4.0,8.0,0.014014014014,0,-0.699636982353,1.23954801593,5,676
24,1,4.79556066301,4.0,7.0,0.013013013013,0,-0.029203639582,-0.116828418247,5,670
25,1,3.7502482771,2.0,4.0,0.011011011011,0,-1.2207272368,2.41242998751,5,668
26,1,-3.10640779096,,0.0,0.012012012012,1,-2.52063821941,-0.544493132727,5,20
27,1,8.30586857122,8.0,10.0,0.012012012012,0,0.683734738416,1.25466435598,5,677
28,1,4.05318193668,4.0,5.0,0.012012012012,1,-1.17625076537,2.5819342328,5,658
29,1,4.72911519252,4.0,5.0,0.011011011011,1,0.0664471220986,-0.470226173776,5,656
30,1,10.7539295006,9.0,11.0,0.011011011011,0,1.85081342996,0.201489210735,5,685
31,1,8.26992384715,8.0,9.0,0.011011011011,1,-0.385476554076,4.42635350938,5,675
32,1,-0.201622709195,,2.0,0.013013013013,0,-0.961746205192,-2.31638409362,5,118
33,1,-2.56633082339,,0.0,0.012012012012,1,-1.19039375049,-3.99514957193,5,53
34,1,5.26810293585,5.0,6.0,0.012012012012,1,-0.504189157683,1.7806704089,5,587
35,1,8.35125946311,4.0,9.0,0.012012012012,0,0.412325415918,2.11428321535,5,651
36,1,3.86665243477,3.0,4.0,0.013013013013,1,-0.75560479126,1.13346680855,5,557
37,1,5.45785747192,5.0,8.0,0.013013013013,0,0.782397752246,-1.88933578482,5,613
38,1,3.28904099438,3.0,4.0,0.014014014014,1,0.0549323088434,-1.87575593215,5,407
39,1,4.74451715165,3.0,5.0,0.011011011011,0,0.397057093611,-1.44665412919,5,584
40,1,2.29576469185,1.0,3.0,0.013013013013,0,-1.49568321234,1.78281432888,5,516
41,1,8.45854015856,6.0,10.0,0.013013013013,0,0.914118472984,0.716184739611,5,635
42,1,5.25213142696,1.0,7.0,0.013013013013,0,0.284041762913,-0.599993861781,5,608
43,1,3.25634540122,2.0,4.0,0.012012012012,0,0.0437497781589,-1.87490393326,5,592
44,1,2.81519028747,2.0,3.0,0.011011011011,1,-0.376714085852,-1.05466745498,5,559
45,1,3.01800066255,3.0,4.0,0.011011011011,1,-0.941889533393,0.843669262735,5,602
46,1,7.51723574805,7.0,9.0,0.013013013013,0,0.493609693892,1.03640666637,5,663
47,1,5.06284046389,2.0,6.0,0.012012012012,0,0.105254727426,-0.252923718384,5,644
48,1,5.83389617223,4.0,6.0,0.013013013013,0,0.243696022836,0.102808103728,5,610
49,1,10.5152100457,10.0,11.0,0.012012012012,1,0.952154590268,2.65874627486,5,742
50,1,0.84322818483,0.0,1.0,0.00900900900901,1,-2.07275312915,2.06148757229,5,139
51,1,7.36230434223,7.0,9.0,0.012012012012,0,2.09193658148,-3.91350540221,5,719
52,1,5.4353994862,5.0,6.0,0.012012012012,1,0.240401462107,-0.28580490012,5,689
53,1,7.60314403016,7.0,11.0,0.014014014014,0,0.574468951314,0.879737176222,5,739
54,0,11.0550329412,11.0,,0.012012012012,0,0.520336500624,4.49402343934,5,208
55,1,4.21657468091,4.0,5.0,0.012012012012,1,0.407382083444,-2.00557156942,5,708
56,1,-1.24671132238,,1.0,0.011011011011,0,-1.40651245736,-2.02717395031,5,92
57,1,6.66221626892,6.0,7.0,0.014014014014,1,0.4242928607,0.389337686823,5,713
58,1,0.327845248534,,1.0,0.012012012012,0,-1.87893363562,0.964646155403,5,115
59,1,3.22935391497,3.0,5.0,0.013013013013,0,0.121020708271,-2.13370820984,5,717
60,0,8.14961267105,7.0,,0.013013013013,0,0.662789408047,1.16124444691,5,247
61,1,1.12371716407,1.0,2.0,0.012012012012,1,-0.0384458986063,-3.76094514011,5,121
62,0,8.19966751574,5.0,,0.012012012012,0,0.0650796351928,3.00442861016,5,330
63,0,7.11463221143,6.0,,0.012012012012,0,0.795569325049,-0.272075763718,5,279
64,0,8.47123506713,6.0,,0.011011011011,0,0.692050683465,1.39508301674,5,135
65,0,8.04510364746,5.0,,0.011011011011,0,0.862735428857,0.456897360893,5,269
66,0,5.15110278728,5.0,,0.012012012012,0,0.0395858866237,0.0323451274113,5,398
67,0,7.20426504102,5.0,,0.012012012012,0,0.909295551776,-0.523621614303,5,297
68,1,2.01269100313,1.0,3.0,0.012012012012,0,-1.79544347889,2.3990214398,5,358
69,0,8.40402820466,7.0,,0.012012012012,0,1.19014586951,-0.166409403888,5,105
70,1,0.934846775256,,2.0,0.012012012012,0,-1.07938998027,-0.826983283925,5,38
71,1,5.00628070944,5.0,7.0,0.013013013013,0,0.022243773527,-0.0604506111408,5,386
72,1,3.79875079553,2.0,5.0,0.014014014014,0,-0.988029500075,1.76283929576,5,306
73,1,6.10186859956,5.0,8.0,0.011011011011,0,0.0804907128834,0.860396460908,5,451
74,1,3.24775529281,2.0,5.0,0.013013013013,0,0.0474700322051,-1.89465480381,5,315
75,1,2.01193478956,1.0,3.0,0.013013013013,0,-0.795025400359,-0.60298900936,5,250
76,1,7.94545901563,4.0,8.0,0.012012012012,0,0.0316500587221,2.85050883946,5,365
77,1,5.6797499504,3.0,6.0,0.013013013013,0,1.02350083407,-2.3907525518,5,299
78,1,1.86318051387,0.0,2.0,0.013013013013,0,-0.628146865644,-1.2523788892,5,172
79,0,11.5947468344,11.0,,0.012012012012,0,0.797460732934,4.20236463555,5,28
80,1,7.94083977402,5.0,9.0,0.012012012012,0,-0.135167859751,3.34634335327,5,325
81,1,3.90693070013,3.0,4.0,0.01001001001,1,-0.193193066137,-0.513490101461,5,222
82,1,0.603140529975,,1.0,0.012012012012,0,-0.608127014407,-2.5724784268,5,105
83,1,5.73001375415,4.0,6.0,0.012012012012,0,0.840266278318,-1.79078508081,5,274
84,1,1.63452380614,1.0,2.0,0.011011011011,1,-1.27542882266,0.460810274124,5,220
85,1,6.38462617901,2.0,7.0,0.012012012012,0,-0.598220837398,3.1792886912,5,275
86,1,-1.32150537461,,0.0,0.015015015015,1,-1.4582373924,-1.94679319742,5,11
87,1,3.40866321586,3.0,4.0,0.011011011011,1,-0.891454261731,1.08302600106,5,221
88,1,5.36034559906,3.0,10.0,0.012012012012,0,0.661338059023,-1.62366857801,5,295
89,1,2.71693079809,1.0,8.0,0.012012012012,0,-0.991531339051,0.691524815244,5,292
90,1,4.37172443151,2.0,7.0,0.012012012012,0,1.07684830698,-3.85882048943,5,268
91,1,3.53126190549,3.0,5.0,0.012012012012,0,-0.273895427129,-0.647051813121,5,247
92,1,2.2778490275,2.0,3.0,0.012012012012,1,0.272732483772,-3.54034842382,5,191
93,1,1.7589472736,0.0,2.0,0.012012012012,0,-1.05578305177,-0.0737035710899,5,234
94,1,8.42601088735,8.0,9.0,0.013013013013,1,0.755537891151,1.1593972139,5,716
95,1,7.2138421319,7.0,8.0,0.011011011011,1,0.411914007267,0.978100110096,5,722
96,1,0.292320934752,0.0,2.0,0.013013013013,0,-1.06686072065,-1.50709690329,5,245
97,1,4.1409814047,4.0,6.0,0.011011011011,0,-0.951956747088,1.99685164596,5,734
98,1,4.61652986422,4.0,5.0,0.013013013013,1,0.228434361767,-1.06877322108,5,711
99,1,4.2832079596,4.0,8.0,0.013013013013,0,-1.19462717812,2.86708949396,5,738
100,1,7.75571667171,7.0,9.0,0.012012012012,0,1.33168687685,-1.23934395883,5,750
101,1,6.07336946624,5.0,7.0,0.013013013013,0,0.43445318753,-0.229990096346,5,746
102,1,7.2856690534,6.0,8.0,0.012012012012,0,-0.108189591738,2.61023782861,5,752
103,0,10.1412414691,6.0,,0.011011011011,0,1.23451471803,1.437697315,5,417
104,1,2.98009814435,2.0,3.0,0.01001001001,1,-0.502321397287,-0.512937663787,5,749
105,1,0.985059730522,0.0,2.0,0.012012012012,0,-0.708047529038,-1.89079768237,5,743
106,0,7.79581705193,7.0,,0.013013013013,0,0.427127758063,1.51443377775,5,421
107,0,7.92677750761,6.0,,0.012012012012,0,0.74799431138,0.682794573471,5,427
108,0,7.99632724089,3.0,,0.011011011011,0,0.564521974659,1.30276131691,5,422
109,0,12.0499193255,3.0,,0.012012012012,0,1.68509510362,1.9946340146,5,420
110,1,4.95177482861,4.0,5.0,0.013013013013,1,0.0324652004667,-0.145620772786,5,751
111,0,12.5572638908,3.0,,0.012012012012,0,2.16881225634,1.05082712177,5,431
112,0,3.45050882724,1.0,,0.011011011011,0,-0.512206206736,-0.0128725525567,5,425
113,0,12.4720515975,3.0,,0.014014014014,0,2.74890969918,-0.77467750007,5,424
114,0,4.07655394717,3.0,,0.013013013013,0,-0.074525956136,-0.699868184423,5,70
115,0,11.739543777,0.0,,0.011011011011,0,1.68764059839,1.67662198183,5,343
116,0,4.31571209118,3.0,,0.012012012012,0,0.372791741361,-1.80266313291,5,27
117,0,9.03148045665,0.0,,0.011011011011,0,1.17543967601,0.505161428616,5,186
118,0,5.71080262171,2.0,,0.013013013013,0,0.33382417478,-0.290669902631,5,181
119,0,5.08664915797,1.0,,0.01001001001,0,0.177866308522,-0.446949767593,5,57
120,0,12.7669350339,0.0,,0.013013013013,0,2.06374035356,1.57571397318,5,161
121,0,5.7368868907,1.0,,0.012012012012,0,-0.451384776152,2.09104121916,5,449
122,0,10.1709243845,1.0,,0.012012012012,0,0.95093815631,2.3181099156,5,437
123,0,8.39080476265,2.0,,0.012012012012,0,1.18254529975,-0.156831136592,5,77
124,0,4.84018932976,2.0,,0.012012012012,0,0.508138737213,-1.68422688188,5,479
125,0,10.9759954801,5.0,,0.011011011011,0,1.3683642232,1.87090281052,5,483
126,0,7.03531491543,6.0,,0.013013013013,0,-0.0254343533025,2.11161797533,5,459
127,1,2.87849073679,2.0,4.0,0.011011011011,0,-0.0876855121496,-1.85845272676,5,607
128,0,9.13807167614,7.0,,0.011011011011,0,1.65425430371,-0.824691234982,5,32
129,1,3.41196173705,2.0,4.0,0.013013013013,0,-0.329039850075,-0.600918712731,5,545
130,1,2.65731211926,2.0,3.0,0.012012012012,1,-0.472379469808,-0.925549471314,5,506
131,1,6.65701286306,6.0,7.0,0.012012012012,1,1.21259168699,-1.98076219792,5,549
132,1,6.36409289471,4.0,8.0,0.011011011011,0,0.359672642817,0.285074966259,5,643
133,1,-1.02409653366,,0.0,0.01001001001,1,-2.15558134119,0.44264748991,5,3
134,1,0.331636289777,,2.0,0.013013013013,0,-1.22038112563,-1.00722033332,5,65
135,1,5.85782911353,5.0,7.0,0.012012012012,0,0.828632131431,-1.62806728077,5,523
136,1,-3.94787027049,,3.0,0.013013013013,0,-2.44146747648,-1.62346784104,5,85
137,1,0.943727416951,,1.0,0.012012012012,0,-0.81899929129,-1.59927470918,5,12
138,1,4.05709401069,4.0,7.0,0.013013013013,0,0.554356320812,-2.60597495175,5,272
139,1,1.67246856174,,4.0,0.01001001001,0,-0.131554483445,-2.93286798792,5,91
140,1,10.6241073788,10.0,11.0,0.012012012012,1,1.24355043666,1.89345606882,5,460
141,1,6.68216856505,6.0,7.0,0.011011011011,1,0.226802115615,1.0017622182,5,244
142,1,0.473422150054,,6.0,0.013013013013,0,-0.285644056148,-3.6696456815,5,237
143,1,4.78976578417,3.0,5.0,0.013013013013,0,0.329455602922,-1.1986010246,5,183
144,1,6.12475556876,4.0,8.0,0.011011011011,0,0.0491414293596,0.977331280679,5,332
145,1,-0.218019103912,,0.0,0.012012012012,1,-0.517031955648,-3.66692323697,5,37
146,1,2.13157871723,2.0,6.0,0.012012012012,0,-1.02293156462,0.200373411093,5,259
147,1,1.46815131521,1.0,2.0,0.011011011011,1,-1.66513835611,1.46356638355,5,160
148,1,1.22596849396,1.0,3.0,0.013013013013,0,-0.694409121982,-1.69080414009,5,256
149,1,4.75979204335,3.0,7.0,0.013013013013,0,0.404598923319,-1.45400472661,5,313
150,1,5.19506797488,4.0,8.0,0.013013013013,0,0.595868621744,-1.59253789036,5,334
151,1,4.66077123128,4.0,8.0,0.012012012012,0,-0.483840817675,1.1122936843,5,372
152,1,1.35102118801,1.0,3.0,0.012012012012,0,-0.435071685597,-2.3437637552,5,281
153,1,4.6671358739,1.0,8.0,0.012012012012,0,0.564069401069,-2.02507232931,5,420
154,1,4.55458475289,2.0,5.0,0.013013013013,0,0.176414046968,-0.97465738801,5,316
155,1,6.33517326667,6.0,8.0,0.012012012012,0,0.0208799786094,1.27253333084,5,558
156,1,5.00228032388,5.0,6.0,0.012012012012,1,0.411544303579,-1.23235258686,5,521
157,0,7.68052277477,7.0,,0.01001001001,0,1.27381821443,-1.14093186851,5,119
158,1,4.43976843655,4.0,5.0,0.012012012012,1,-0.429765916622,0.729066186416,5,568
159,1,2.66018723583,2.0,5.0,0.011011011011,0,-1.46341647856,2.0504366715,5,576
160,0,9.98560399621,5.0,,0.012012012012,0,0.0548695387332,4.82099538001,5,139
161,0,5.61844229028,4.0,,0.011011011011,0,-0.528562814057,2.20413073245,5,37
162,0,7.199526603,3.0,,0.011011011011,0,0.305068250773,1.28432185068,5,134
163,0,4.66685864265,4.0,,0.011011011011,0,-0.646000894788,1.60486132701,5,173
164,0,4.9126066666,2.0,,0.011011011011,0,-0.513821857184,1.45407223815,5,53
165,0,9.55872377329,1.0,,0.012012012012,0,1.81063750626,-0.873188745488,5,232
166,0,8.09817372794,1.0,,0.011011011011,0,0.730992192824,0.905197149474,5,97
167,0,8.03308043069,0.0,,0.01001001001,0,1.20379131408,-0.578293511555,5,149
168,0,2.2108956683,0.0,,0.012012012012,0,-0.355611271241,-1.72227051798,5,205
169,0,2.43792503022,0.0,,0.01001001001,0,-0.073873390238,-2.34045479906,5,214
170,0,4.92811813245,1.0,,0.013013013013,0,0.863389009291,-2.66204889542,5,255
171,0,2.8147390824,0.0,,0.012012012012,0,0.0875576785767,-2.44793395334,5,256
172,0,2.28835070015,1.0,,0.012012012012,0,-0.663528889783,-0.721062630501,5,146
173,0,5.90203464052,2.0,,0.012012012012,0,0.295085358396,0.016778565328,5,258
174,0,5.50070554707,2.0,,0.012012012012,0,0.735192789798,-1.70487282232,5,198
175,0,7.28613672776,2.0,,0.013013013013,0,0.208844825543,1.65960225113,5,237
176,0,7.98151349362,4.0,,0.013013013013,0,0.0315135871766,2.88697273209,5,250
177,0,4.2731935255,2.0,,0.013013013013,0,-0.328240854881,0.25791609014,5,31
178,1,-2.49748905461,,0.0,0.012012012012,1,-0.869292463533,-4.88961166401,5,9
179,0,3.67889459196,3.0,,0.012012012012,0,-0.802774061552,1.08721677662,5,265
180,1,0.140758756034,,1.0,0.013013013013,0,-0.920214113505,-2.09859890345,5,18
181,0,7.93770267694,3.0,,0.012012012012,0,0.71546076379,0.791320385572,5,33
182,0,6.19529491576,2.0,,0.011011011011,0,-0.00701679467605,1.21634529978,5,267
183,0,5.01245205327,4.0,,0.012012012012,0,-0.085991353422,0.270426113534,5,157
184,0,7.57441211185,3.0,,0.012012012012,0,1.24801950955,-1.16964641679,5,276
185,0,4.48436558152,3.0,,0.011011011011,0,0.401555713516,-1.72030155903,5,131
186,1,-5.34976505932,,1.0,0.013013013013,0,-2.39803828366,-3.15565020834,5,46
187,0,10.6650289777,2.0,,0.013013013013,0,0.734174389144,3.46250581026,5,122
188,0,5.58364885906,2.0,,0.01001001001,0,-0.249734017683,1.33285091211,5,176
189,0,16.5789077864,3.0,,0.012012012012,0,2.72857550904,3.39318125929,5,116
190,0,3.71603060726,3.0,,0.011011011011,0,-0.88440904535,1.3692577433,5,230
191,0,8.49842573799,4.0,,0.012012012012,0,1.59090854265,-1.27429988997,5,245
192,0,8.45614195939,6.0,,0.013013013013,0,1.00998880895,0.426175532546,5,352
193,0,8.63017675564,6.0,,0.012012012012,0,0.411339658728,2.39615777946,5,412
194,1,4.07884387913,4.0,5.0,0.012012012012,1,-1.03141562749,2.1730907616,5,730
195,0,6.027254148,6.0,,0.011011011011,0,1.50985571739,-3.50231300417,5,457
196,1,5.46727803498,4.0,6.0,0.012012012012,0,0.282603458616,-0.380532340868,5,725
197,1,1.99837362514,1.0,2.0,0.013013013013,1,-0.252244704025,-2.24489226279,5,641
198,1,0.967376546474,0.0,1.0,0.011011011011,1,-0.236728035281,-3.32243934768,5,436
199,1,3.84812765818,3.0,5.0,0.013013013013,0,0.882447839556,-3.79921586049,5,650
200,1,3.95551636903,3.0,5.0,0.00900900900901,0,-0.542816317472,0.583965321446,5,654
201,1,9.23453663421,8.0,10.0,0.013013013013,0,0.744373974219,2.00141471155,5,702
202,1,6.95553698933,4.0,8.0,0.012012012012,0,0.0206580359248,1.89356288156,5,695
203,1,7.59912823507,7.0,8.0,0.013013013013,1,1.3384621402,-1.41625818553,5,649
204,1,3.37597380244,1.0,4.0,0.011011011011,0,-0.933766992702,1.17727478055,5,461
205,1,9.17487066687,9.0,10.0,0.012012012012,1,1.38282797435,0.0263867438156,5,699
206,1,1.7965698371,0.0,2.0,0.012012012012,0,-0.400340960956,-2.00240728003,5,239
207,1,6.63715366991,5.0,7.0,0.012012012012,0,0.407882454268,0.413506307109,5,453
208,1,4.2749973796,2.0,7.0,0.011011011011,0,-0.445937545698,0.612810016693,5,479
209,1,5.11125774963,5.0,6.0,0.012012012012,1,-0.30576957864,1.02856648555,5,452
210,0,9.50767388768,9.0,,0.011011011011,0,1.40213052431,0.301282314756,5,448
211,1,4.84507993783,4.0,7.0,0.012012012012,0,0.503017060682,-1.66397124421,5,440
212,1,0.834443675377,0.0,1.0,0.014014014014,1,-1.70581816972,0.951898184545,5,215
213,1,1.83286252619,1.0,2.0,0.012012012012,1,-0.600754492402,-1.36487399661,5,197
214,1,6.09781092307,5.0,7.0,0.01001001001,0,-0.462969767674,2.4867202261,5,421
215,1,3.76242168987,3.0,5.0,0.01001001001,0,0.0741072296093,-1.45989999896,5,276
216,1,7.4006774662,7.0,8.0,0.014014014014,1,1.88404771156,-3.25146566848,5,376
217,1,3.43619752878,3.0,4.0,0.012012012012,1,-0.308160076976,-0.639322240293,5,238
218,1,8.57607536666,8.0,10.0,0.013013013013,0,0.404544044147,2.36244323422,5,398
219,1,2.33188720199,1.0,3.0,0.015015015015,0,0.595883725324,-4.45576397399,5,140
220,1,-0.971410553925,,0.0,0.012012012012,1,-1.39492837138,-1.78662543978,5,29
221,1,8.43935851993,8.0,9.0,0.013013013013,1,0.304084201224,2.52710591626,5,396
222,1,7.94742354258,1.0,8.0,0.013013013013,0,0.74320552157,0.717806977872,5,241
223,1,10.1538795877,10.0,11.0,0.013013013013,1,0.412860960742,3.91529670548,5,459
224,1,0.0334860552537,,3.0,0.012012012012,0,-0.0114056210644,-4.93229708155,5,84
225,1,1.80442974502,,2.0,0.011011011011,0,-0.440095057891,-1.8752850813,5,49
226,1,3.87339612651,,4.0,0.011011011011,0,-0.711080423879,1.00663739814,5,95
227,1,8.05177343975,8.0,9.0,0.011011011011,1,2.22378556261,-3.61958324807,5,446
228,1,3.02168574027,0.0,4.0,0.012012012012,0,-0.442750456684,-0.650062889673,5,104
229,1,8.90593207702,8.0,9.0,0.011011011011,1,1.13025358959,0.515171308233,5,478
230,1,-0.429901400751,,0.0,0.012012012012,1,-1.22563655637,-1.75299173165,5,30
231,1,2.74018425578,,4.0,0.012012012012,0,0.139147034227,-2.6772568469,5,128
232,1,1.54184451925,1.0,4.0,0.012012012012,0,-0.344490986419,-2.4246825215,5,331
233,1,3.43511066497,3.0,5.0,0.013013013013,0,-0.612001846001,0.271116202971,5,369
234,0,8.05730719335,7.0,,0.012012012012,0,1.06507056077,-0.137904488973,5,398
235,0,6.67378183895,6.0,,0.012012012012,0,-0.288420169841,2.53904234847,5,60
236,1,3.48186255945,3.0,4.0,0.011011011011,1,-0.0802861962322,-1.27727885186,5,229
237,0,10.8964747152,4.0,,0.012012012012,0,2.11029188338,-0.434400934957,5,131
238,0,7.87445637993,4.0,,0.014014014014,0,0.475258162018,1.44868189387,5,231
239,0,6.95345996863,2.0,,0.011011011011,0,0.554295517049,0.290573417487,5,91
240,0,8.32844918178,3.0,,0.012012012012,0,0.320053439558,2.36828886311,5,285
241,0,8.06737114679,4.0,,0.01001001001,0,-0.560013061479,4.74741033122,5,252
242,0,14.3667199338,4.0,,0.012012012012,0,2.77025342209,1.05595966752,5,281
243,0,9.01031356547,4.0,,0.011011011011,0,2.47688669743,-3.42034652681,5,275
244,0,5.05018725852,5.0,,0.011011011011,0,-0.487727062135,1.51336844493,5,532
245,1,2.72559502279,2.0,3.0,0.011011011011,1,0.0074634598499,-2.29679535676,5,540
246,1,4.60030504582,3.0,5.0,0.012012012012,0,0.574431242036,-2.12298868029,5,569
247,0,9.42060208059,9.0,,0.012012012012,0,2.26392959842,-2.37118671465,5,513
248,1,0.283819093778,0.0,4.0,0.014014014014,0,-1.2454068749,-0.97996028151,5,457
249,1,7.77899998619,7.0,9.0,0.012012012012,0,0.376642516562,1.6490724365,5,571
250,1,6.34814502011,6.0,7.0,0.012012012012,1,0.0770685185597,1.11693946443,5,517
251,1,3.90376990294,2.0,4.0,0.012012012012,0,-0.300459587952,-0.194851333205,5,430
252,1,3.44405552104,3.0,4.0,0.013013013013,1,-0.33406156583,-0.55375978147,5,382
253,1,6.511769273,6.0,8.0,0.01001001001,0,-0.870964455249,4.12466263875,5,482
254,1,1.49150407679,1.0,3.0,0.012012012012,0,0.0774810613605,-3.7409391073,5,336
255,1,-2.6707940018,,1.0,0.012012012012,0,-1.16999700177,-4.16080299649,5,163
256,1,8.26092905675,7.0,9.0,0.012012012012,0,0.713251305279,1.12117514091,5,410
257,1,2.79016079534,0.0,3.0,0.012012012012,0,-0.208085533318,-1.58558260471,5,179
258,1,7.96486707282,6.0,9.0,0.013013013013,0,0.325836989529,1.98735610423,5,370
259,1,8.71595382588,8.0,9.0,0.013013013013,1,2.0726249296,-2.50192096293,5,338
260,1,0.81048463914,,1.0,0.011011011011,0,-1.16706563132,-0.688318466913,5,72
261,1,2.02863935326,2.0,4.0,0.012012012012,0,-0.405486090614,-1.7549023749,5,170
262,1,3.48125281389,3.0,5.0,0.012012012012,0,-0.0834105727303,-1.26851546792,5,180
263,0,11.0993888038,10.0,,0.011011011011,0,1.05948999065,2.92091883187,5,393
264,1,-0.0893699419589,,2.0,0.012012012012,0,-0.694719345429,-3.00521190567,5,131
265,1,-0.470023565746,,0.0,0.014014014014,1,-1.31339318978,-1.52984399641,5,7
266,1,4.63909309162,3.0,7.0,0.012012012012,0,-0.149406136041,0.0873114997462,5,225
267,1,3.31438276877,3.0,4.0,0.011011011011,1,-0.743358689312,0.54445883671,5,209
268,1,5.31455192116,3.0,6.0,0.011011011011,0,-0.258695317451,1.09063787351,5,337
269,0,12.4554892482,12.0,,0.013013013013,0,2.7394820253,-0.762956827714,5,399
270,1,2.12394682615,2.0,3.0,0.014014014014,1,-1.30785823452,1.04752152972,5,165
271,1,9.80441788172,6.0,11.0,0.012012012012,0,1.59446007732,0.0210376497556,5,492
272,1,2.17995119431,1.0,3.0,0.011011011011,0,-1.37245476374,1.29731548552,5,277
273,1,2.69605237021,1.0,4.0,0.013013013013,0,-1.09766980331,0.989061780129,5,392
274,1,4.15360974169,4.0,5.0,0.012012012012,1,-0.724745698041,1.32784683581,5,409
275,1,2.46200327888,2.0,10.0,0.012012012012,0,1.21700542649,-6.18901300059,5,487
276,1,7.41752220187,7.0,8.0,0.014014014014,1,-0.241926453421,3.14330156213,5,467
277,1,5.1293775634,5.0,6.0,0.012012012012,1,0.0910859122133,-0.143880173236,5,432
278,1,6.98196428445,5.0,7.0,0.013013013013,0,0.467686499632,0.578904785552,5,417
279,1,7.09048855692,7.0,8.0,0.012012012012,1,0.448502373319,0.744981436962,5,458
280,1,5.37115038472,4.0,11.0,0.012012012012,0,-0.628184021303,2.25570244863,5,472
281,1,3.73558277257,2.0,4.0,0.012012012012,0,-0.623127335959,0.604964780446,5,356
282,1,8.7869116743,5.0,10.0,0.011011011011,0,1.98721598302,-2.17473627475,5,469
283,1,1.82041425388,1.0,2.0,0.013013013013,1,-2.17283718201,3.33892579991,5,203
284,1,1.87427748088,0.0,5.0,0.014014014014,0,-0.601928638679,-1.31993660308,5,271
285,1,1.87047582249,1.0,2.0,0.01001001001,1,-1.16594086982,0.368298431938,5,126
286,1,5.12454142591,5.0,7.0,0.012012012012,0,1.14114724651,-3.29890031361,5,412
287,1,-4.0526539544,,0.0,0.012012012012,1,-2.48445648179,-1.59928450903,5,17
288,1,3.60060516638,3.0,6.0,0.012012012012,0,-0.593906869222,0.382325774045,5,248
289,1,4.13161989623,3.0,5.0,0.013013013013,0,0.0511269170977,-1.02176085507,5,223
290,1,8.4720640005,8.0,11.0,0.012012012012,0,2.09601915366,-2.81599346049,5,454
291,1,-0.336933451505,,2.0,0.012012012012,0,-1.32831661693,-1.3519836007,5,103
292,1,7.84920674564,3.0,8.0,0.012012012012,0,0.84590361215,0.31149590919,5,400
293,1,3.16854200023,2.0,4.0,0.012012012012,0,-0.4847906235,-0.377086129268,5,186
294,1,5.32459150776,4.0,7.0,0.013013013013,0,0.482394725713,-1.12259266938,5,312
295,1,8.19716976298,7.0,9.0,0.012012012012,0,0.136732240646,2.78697304104,5,343
296,1,6.92735249974,6.0,9.0,0.01001001001,0,0.327453041737,0.944993374528,5,439
297,1,3.66141726315,1.0,11.0,0.012012012012,0,-0.306697649606,-0.418489788033,5,411
298,1,2.79649588036,2.0,6.0,0.014014014014,0,-0.662660627644,-0.215522236708,5,157
299,1,3.55768631314,2.0,4.0,0.013013013013,0,-0.487485379874,0.0201424527603,5,155
300,1,6.64097812688,5.0,7.0,0.012012012012,0,-0.927393051957,4.42315728275,5,303
301,1,1.3234039115,1.0,2.0,0.012012012012,1,0.0664334996323,-3.8758965874,5,134
302,1,2.02012623193,2.0,3.0,0.013013013013,1,-0.14192234402,-2.55410673601,5,144
303,1,0.776605024935,,1.0,0.014014014014,0,-1.08773052237,-0.960203407942,5,19
304,1,-1.79299016016,,0.0,0.012012012012,1,-1.93828952333,-0.978121590175,5,15
305,1,3.86893437048,3.0,9.0,0.011011011011,0,-0.106194615198,-0.812481783926,5,270
306,1,7.84625001616,5.0,10.0,0.012012012012,0,0.403374614938,1.63612617135,5,298
307,1,3.78227209229,3.0,5.0,0.013013013013,0,-0.185515735171,-0.661180702197,5,145
308,1,5.46422656862,3.0,6.0,0.013013013013,0,0.722561203403,-1.70345704159,5,176
309,1,1.67357662202,0.0,2.0,0.012012012012,0,-1.6321197979,1.56993601573,5,25
310,1,3.86609938927,3.0,4.0,0.012012012012,1,-0.269831665772,-0.324405613415,5,156
311,1,4.49708469719,4.0,5.0,0.011011011011,1,-0.174190467667,0.01965610019,5,194
312,1,4.17554467039,3.0,8.0,0.014014014014,0,-0.649023486193,1.12261512897,5,232
313,1,8.4593312627,7.0,9.0,0.013013013013,0,-0.349996746673,4.50932150272,5,402
314,1,5.37707273147,4.0,6.0,0.012012012012,0,-0.0788100638385,0.613502922989,5,189
315,1,5.56824752234,5.0,9.0,0.012012012012,0,0.212497974851,-0.0692464022145,5,351
316,1,1.40741352783,,2.0,0.01001001001,0,-1.84149763874,1.93190644405,5,63
317,1,8.23970663243,8.0,9.0,0.011011011011,1,0.290146324759,2.36926765815,5,393
318,1,-0.0514186487271,,0.0,0.013013013013,1,-0.743749756349,-2.82016937968,5,21
319,1,3.79292318107,2.0,4.0,0.012012012012,0,-0.809854480515,1.22248662262,5,107
320,1,-2.26944563086,,1.0,0.012012012012,0,-1.59609700926,-2.48115460309,5,59
321,1,4.24271069533,4.0,5.0,0.011011011011,1,-1.08434671594,2.49575084314,5,255
322,1,0.922326651372,0.0,4.0,0.014014014014,0,-0.117296638589,-3.72578343286,5,94
323,0,8.93101727219,6.0,,0.011011011011,0,0.951846369902,1.07547816249,5,61
324,0,8.65549046319,6.0,,0.012012012012,0,1.11795966857,0.301611457472,5,251
325,0,6.33856902748,6.0,,0.012012012012,0,-0.118683154655,1.69461849144,5,231
326,0,7.48133539083,5.0,,0.012012012012,0,1.15633167455,-0.987659632826,5,366
327,1,0.566229262916,0.0,1.0,0.012012012012,1,-0.517324302008,-2.88179783106,5,62
328,0,7.48200277242,5.0,,0.012012012012,0,-0.055334759045,2.64800704956,5,44
329,0,6.56277363179,5.0,,0.012012012012,0,-0.23405019588,2.26492421943,5,43
330,0,13.7546981825,7.0,,0.013013013013,0,2.43369715554,1.45360671584,5,35
331,1,4.37755879114,4.0,5.0,0.011011011011,1,0.0418785551487,-0.748076874303,5,231
332,0,7.10134307129,5.0,,0.01001001001,0,0.748145629906,-0.143093818423,5,424
333,1,-5.92251491256,,1.0,0.012012012012,0,-1.49038061284,-6.45137307403,5,50
334,1,6.98884803133,6.0,7.0,0.011011011011,1,-0.532357842485,3.58592155878,5,261
335,1,5.29004549875,1.0,6.0,0.011011011011,0,0.563134241705,-1.39935722636,5,199
336,1,1.74934472919,,4.0,0.011011011011,0,0.0712080932791,-3.46427955065,5,182
337,1,-0.697649694059,,3.0,0.012012012012,0,-1.18223680737,-2.15093927196,5,98
338,1,-0.191830010586,,0.0,0.011011011011,1,-0.829144728629,-2.7043958247,5,13
339,1,-0.409531230974,,2.0,0.011011011011,0,-1.3020826466,-1.50328329119,5,61
340,1,5.64181680084,5.0,6.0,0.012012012012,1,-0.0374517223175,0.754171967793,5,193
341,1,5.67287767623,4.0,9.0,0.012012012012,0,1.0971951212,-2.61870768739,5,304
342,1,1.77602363575,,3.0,0.013013013013,0,-1.28138496296,0.620178524638,5,108
343,1,3.98703760404,1.0,4.0,0.01001001001,0,-1.50015182997,3.48749309394,5,148
344,1,6.32628763625,6.0,7.0,0.011011011011,1,-0.109360531112,1.65436922959,5,347
345,1,6.47376398237,5.0,7.0,0.011011011011,0,-0.405832516145,2.6912615308,5,388
346,1,2.79447050131,1.0,3.0,0.011011011011,0,-0.332989182694,-1.20656195061,5,211
347,1,2.38931974525,2.0,3.0,0.013013013013,1,-0.617431096006,-0.758386966732,5,200
348,1,9.63805042286,9.0,11.0,0.012012012012,0,0.264017333577,3.84599842213,5,504
349,1,6.91913718961,5.0,10.0,0.013013013013,0,0.26424384322,1.12640565995,5,468
350,1,2.41827056015,2.0,4.0,0.011011011011,0,-0.253217948139,-1.82207559543,5,406
351,1,3.31603388989,2.0,4.0,0.013013013013,0,-0.64249423574,0.243516597108,5,438
352,1,3.96938581255,3.0,4.0,0.012012012012,1,-0.861899858207,1.55508538717,5,444
353,1,3.55892516036,2.0,6.0,0.012012012012,0,-0.605888271883,0.376589976007,5,474
354,1,-6.43859311398,,0.0,0.011011011011,1,-1.91389175569,-5.6969178469,5,87
355,0,7.16438337344,7.0,,0.012012012012,0,-0.231755214889,2.8596490181,5,140
356,0,11.1815734129,5.0,,0.012012012012,0,1.68534777695,1.12553008206,5,59
357,0,5.36192843336,4.0,,0.012012012012,0,-0.165876644777,0.859558367693,5,80
358,0,4.6554202929,2.0,,0.01001001001,0,-1.00683066678,2.67591229323,5,72
359,0,4.11181343941,3.0,,0.011011011011,0,-0.615327996805,0.957797429823,5,1
360,0,7.2266564782,3.0,,0.012012012012,0,0.500234918509,0.725951722667,5,19
361,0,5.24345072124,2.0,,0.011011011011,0,-0.0607568476739,0.425721264261,5,215
362,0,7.01526904639,3.0,,0.012012012012,0,-0.138974278074,2.43219188062,5,4
363,0,5.53488949002,4.0,,0.01001001001,0,-0.666764578393,2.5351832252,5,162
364,0,6.52240627607,5.0,,0.013013013013,0,0.366932581499,0.421608531577,5,223
365,0,7.11995230825,6.0,,0.012012012012,0,-0.0145466919372,2.16359238406,5,362
366,1,1.9418684287,0.0,2.0,0.012012012012,0,-0.91152696535,-0.323550675246,5,185
367,1,-2.36688443265,,0.0,0.01001001001,1,-1.24602659476,-3.62880464837,5,8
368,1,1.60050817464,1.0,4.0,0.013013013013,0,-1.15261100886,0.058341201204,5,97
369,1,5.89483691997,5.0,6.0,0.011011011011,1,-0.669372936113,2.90295572831,5,190
370,1,2.57821184493,,3.0,0.012012012012,0,-0.110286094134,-2.09092987267,5,81
371,1,4.36790403885,0.0,10.0,0.012012012012,0,-0.31253378515,0.305505394301,5,196
372,1,-0.214646744352,,1.0,0.013013013013,0,-0.951840658679,-2.35912476832,5,73
373,1,2.95968786657,1.0,3.0,0.012012012012,0,-1.00252371084,0.967258999099,5,83
374,1,4.24221607407,0.0,7.0,0.012012012012,0,0.149285373228,-1.20564004562,5,125
375,1,7.87748945697,6.0,8.0,0.011011011011,0,-0.452475063097,4.23491464626,5,249
376,1,3.31968994211,0.0,4.0,0.013013013013,0,-0.825766659162,0.796989919594,5,100
377,1,1.88659885394,,4.0,0.012012012012,0,-0.468947245507,-1.70655940954,5,109
378,1,-0.814386728444,,2.0,0.012012012012,0,-1.13529549867,-2.40850023242,5,99
379,1,6.17957501883,6.0,7.0,0.012012012012,1,-0.106905828788,1.50029250519,5,286
380,0,13.1397678724,11.0,,0.012012012012,0,1.7680366729,2.83565785372,5,219
381,1,7.97264714159,7.0,8.0,0.011011011011,1,0.86746582103,0.370249678497,5,350
382,1,12.9197729808,9.0,13.0,0.014014014014,0,1.5319544103,3.32390974991,5,377
383,1,4.29040400182,4.0,5.0,0.011011011011,1,0.228665594144,-1.39559278061,5,340
384,0,12.0827867797,11.0,,0.012012012012,0,1.11312721883,3.74340512321,5,275
385,1,-2.10380418326,,0.0,0.012012012012,1,-1.49878008636,-2.60746392418,5,90
386,1,2.89416232296,1.0,4.0,0.013013013013,0,-0.342684147182,-1.0777852355,5,208
387,1,3.11199992223,3.0,4.0,0.011011011011,1,-0.600879852234,-0.0853605210626,5,217
388,1,5.54352228344,5.0,6.0,0.011011011011,1,0.0398359813537,0.42401433938,5,278
389,1,0.237255923578,0.0,2.0,0.012012012012,0,-0.833828488623,-2.26125861055,5,149
390,1,10.68971904,10.0,11.0,0.013013013013,1,2.18725248566,-0.872038416932,5,605
391,1,1.85629247893,,2.0,0.013013013013,0,-0.560154845327,-1.46324298509,5,141
392,1,2.25835087857,0.0,10.0,0.013013013013,0,-0.705047313961,-0.626507179544,5,404
393,1,4.58887094775,3.0,6.0,0.011011011011,0,-0.768892152114,1.89554740409,5,307
394,1,3.88404316024,3.0,4.0,0.012012012012,1,-0.409392463481,0.112220550679,5,260
395,1,5.25903410659,5.0,8.0,0.014014014014,0,-0.129091535777,0.646308713918,5,341
396,1,7.16509151708,3.0,8.0,0.014014014014,0,0.946239356761,-0.673626553206,5,330
397,1,1.23969014956,1.0,2.0,0.015015015015,1,-0.673181811206,-1.74076441682,5,159
398,1,0.191100158065,0.0,1.0,0.011011011011,1,-1.09316126926,-1.52941603416,5,242
399,1,4.71572904808,2.0,5.0,0.013013013013,0,-0.809789248894,2.14509679476,5,309
400,1,3.17539572127,3.0,8.0,0.012012012012,0,0.12616520394,-2.20309989055,5,401
401,1,3.47543563195,3.0,4.0,0.013013013013,1,-0.396925186272,-0.333788809231,5,333
402,1,5.78574275377,5.0,6.0,0.013013013013,1,-0.336108980689,1.79406969584,5,355
403,0,11.1832050084,11.0,,0.011011011011,0,1.66598016871,1.18526450232,5,286
404,1,3.66789537742,0.0,8.0,0.012012012012,0,-1.04431770463,1.80084849132,5,437
405,1,0.881505221385,0.0,2.0,0.00900900900901,0,-1.28255044957,-0.270843429915,5,342
406,1,5.65152021457,4.0,7.0,0.013013013013,0,-0.428967830339,1.93842370558,5,379
407,1,1.56363741001,0.0,3.0,0.012012012012,0,-1.71405906415,1.70581460247,5,352
408,1,0.576960024389,0.0,4.0,0.012012012012,0,-0.291474659844,-3.54861599608,5,367
409,1,8.11426056947,7.0,9.0,0.013013013013,0,1.07081345006,-0.0981797807147,5,737
410,1,9.05778926816,7.0,11.0,0.013013013013,0,0.423143471147,2.78835885472,5,741
411,1,1.15351595604,0.0,3.0,0.012012012012,0,-2.28180139185,2.99892013159,5,359
412,1,4.94333926174,4.0,5.0,0.013013013013,1,0.494606560844,-1.54048042079,5,590
413,1,11.3015795425,11.0,12.0,0.013013013013,1,1.44476142414,1.96729527004,5,748
414,1,3.87986923474,3.0,4.0,0.012012012012,1,-1.11979892972,2.23926602391,5,731
415,1,7.14719791325,7.0,8.0,0.013013013013,1,-0.0379592767776,2.26107574358,5,732
416,1,3.36957254484,3.0,4.0,0.013013013013,1,-0.359920583512,-0.550665704625,5,728
417,1,5.69492513285,5.0,7.0,0.011011011011,0,0.312857276925,-0.243646697923,5,745
418,1,4.70692743701,2.0,6.0,0.012012012012,0,-0.482173521286,1.15344800087,5,740
419,0,10.634635358,10.0,,0.013013013013,0,2.03394161699,-0.467189492995,5,152
420,1,6.09663772183,6.0,7.0,0.012012012012,1,0.327458421244,0.114262458101,5,744
421,1,3.64086454097,3.0,4.0,0.011011011011,1,-0.213745846013,-0.717897920986,5,723
422,1,7.88832638216,6.0,8.0,0.01001001001,0,0.16692040442,2.3875651689,5,747
423,0,15.4950189876,11.0,,0.013013013013,0,2.10821710726,4.17036766585,5,28
424,0,13.9106597378,9.0,,0.011011011011,0,1.35774697926,4.83741880002,5,168
425,1,1.91269634384,0.0,2.0,0.012012012012,0,-0.34003166781,-2.06720865273,5,471
426,1,4.41737358184,0.0,6.0,0.012012012012,0,-1.05298586545,2.57633117819,5,621
427,1,4.87863891808,4.0,7.0,0.014014014014,0,0.0476907623849,-0.264433369073,5,591
428,1,0.426694845396,0.0,1.0,0.011011011011,1,-0.702168827131,-2.46679867321,5,413
429,1,2.10354917507,2.0,3.0,0.012012012012,1,-1.04008050421,0.223790687706,5,480
430,1,4.07018758081,4.0,5.0,0.012012012012,1,-0.171467378943,-0.415410282361,5,488
431,1,1.29353430236,1.0,2.0,0.015015015015,1,0.26325561817,-4.49623255215,5,431
432,1,9.2308976385,9.0,11.0,0.011011011011,0,1.62861401944,-0.654944419828,5,632
433,1,2.75411652324,2.0,3.0,0.012012012012,1,-0.972208180227,0.670741063917,5,456
434,1,5.08194537111,5.0,7.0,0.013013013013,0,0.411623787783,-1.15292599224,5,532
435,1,6.6439237044,2.0,9.0,0.012012012012,0,0.325218818283,0.668267249547,5,533
436,1,6.02083393331,6.0,9.0,0.011011011011,0,1.11015962727,-2.30964494852,5,541
437,1,8.6526042712,8.0,9.0,0.01001001001,1,-0.12348962466,4.02307314518,5,563
438,1,7.94316837277,6.0,10.0,0.012012012012,0,-0.136563405774,3.35285859009,5,629
439,1,3.56150270739,2.0,4.0,0.012012012012,0,-1.44476986426,2.89581230017,5,263
440,1,2.58430352361,2.0,3.0,0.011011011011,1,0.265126622436,-3.2110763437,5,147
441,1,6.65653981514,6.0,8.0,0.012012012012,0,0.65148845332,-0.297925544821,5,318
442,1,0.312062881648,,2.0,0.011011011011,0,-1.58371303657,0.0632019913621,5,70
443,1,3.69222161488,,4.0,0.011011011011,0,-0.41435648778,-0.0647089217818,5,133
444,1,5.48168077018,2.0,6.0,0.012012012012,0,0.479017897131,-0.955372921215,5,178
445,1,7.73321147686,6.0,8.0,0.013013013013,0,0.835025605217,0.228134661204,5,236
446,1,-4.2211969894,,0.0,0.011011011011,1,-2.57487145609,-1.49658262113,5,2
447,1,-1.72492511321,,1.0,0.011011011011,0,-1.96873901874,-0.818708056997,5,42
448,1,1.26964532206,,2.0,0.012012012012,0,0.0450165429257,-3.86540430671,5,96
449,1,5.88378801744,3.0,9.0,0.011011011011,0,-0.66396896577,2.87569491476,5,378
450,1,2.48693533873,,4.0,0.013013013013,0,-0.688276495188,-0.448235175707,5,177
451,1,7.44461449134,7.0,9.0,0.012012012012,0,1.0670364262,-0.756494787248,5,329
452,1,2.362071786,2.0,3.0,0.011011011011,1,-1.08079989846,0.604471481373,5,204
453,1,4.22709534599,2.0,7.0,0.012012012012,0,-0.220269280774,-0.112096811688,5,305
454,1,3.90690471992,2.0,5.0,0.013013013013,0,-0.848310360387,1.45183580108,5,216
455,1,3.0704560843,0.0,8.0,0.012012012012,0,-0.700300804685,0.171358498357,5,462
456,0,8.92191952197,7.0,,0.01001001001,0,1.01785447221,0.868356105352,5,221
457,1,2.10177460978,,3.0,0.012012012012,0,-0.400989780558,-1.69525604854,5,252
458,1,1.09956964659,0.0,2.0,0.013013013013,0,-0.593594644443,-2.11964642008,5,205
459,0,7.61675954368,7.0,,0.013013013013,0,0.406448166863,1.39741504309,5,19
460,1,5.80231497408,4.0,6.0,0.013013013013,0,0.57343395069,-0.917986877988,5,473
461,0,6.33071814115,5.0,,0.012012012012,0,-0.606276275382,3.1495469673,5,124
462,0,5.32292092863,5.0,,0.012012012012,0,0.400421285064,-0.878342926562,5,187
463,0,3.5471983808,3.0,,0.011011011011,0,-0.716750355881,0.697449448448,5,199
464,1,0.736724085109,0.0,1.0,0.011011011011,1,-0.770253011904,-1.95251687918,5,195
465,0,7.39889007249,5.0,,0.014014014014,0,-0.175169717473,2.92439922491,5,309
466,0,4.83767211583,3.0,,0.012012012012,0,0.232804334296,-0.860740887062,5,152
467,0,9.37210466314,5.0,,0.012012012012,0,-0.0130873277991,4.41136664653,5,287
468,0,9.10578374149,4.0,,0.011011011011,0,1.24316598166,0.376285796519,5,116
469,0,6.50007086433,6.0,,0.012012012012,0,0.529082381895,-0.0871762813585,5,286
470,0,10.4998300844,7.0,,0.012012012012,0,1.08799489866,2.23584538847,5,316
471,0,9.83280051319,7.0,,0.01001001001,0,1.57247940536,0.115362297122,5,247
472,1,-1.18539137418,,0.0,0.012012012012,1,-1.60202051935,-1.37932981614,5,26
473,1,1.12032671486,1.0,2.0,0.01001001001,1,-1.23246810792,-0.182268961392,5,181
474,1,0.890657236045,,2.0,0.014014014014,0,-2.64110605802,3.81397541012,5,119
475,1,2.6715127227,1.0,4.0,0.012012012012,0,0.31309796829,-3.26778118218,5,357
476,1,-0.00163154131051,,1.0,0.011011011011,0,-2.01149957949,1.03286719716,5,69
477,1,4.95877716451,3.0,5.0,0.013013013013,0,-1.08033418281,3.19977971294,5,230
478,1,10.4315618836,10.0,11.0,0.013013013013,1,1.30067309813,1.52954258917,5,669
479,1,3.88320911359,3.0,4.0,0.011011011011,1,-0.51967499228,0.442234090428,5,206
480,1,5.48019457201,5.0,6.0,0.013013013013,1,0.800503116735,-1.9213147782,5,364
481,1,8.10833768045,8.0,9.0,0.011011011011,1,0.932020595468,0.312275894044,5,736
482,1,6.97717324867,6.0,7.0,0.013013013013,1,0.634969206485,0.0722656292129,5,661
483,1,9.1024863138,9.0,10.0,0.012012012012,1,1.36982386501,-0.0069852812156,5,724
484,1,6.70522499337,6.0,7.0,0.012012012012,1,-0.0926732711261,1.98324480675,5,673
485,0,12.565233387,12.0,,0.012012012012,0,1.04605874386,4.42705715543,5,204
486,1,3.24793519832,3.0,4.0,0.013013013013,1,0.176576620227,-2.28179466236,5,660
487,1,2.91204196361,1.0,7.0,0.014014014014,0,-1.06020354103,1.09265258671,5,686
488,1,3.11585774854,3.0,8.0,0.011011011011,0,0.394555817735,-3.06780970467,5,714
489,1,0.367996843241,0.0,1.0,0.012012012012,1,-0.381571713536,-3.48728801615,5,616
490,1,2.38928974809,1.0,3.0,0.014014014014,0,0.0434383605577,-2.74102533358,5,640
491,1,3.35060905191,2.0,5.0,0.013013013013,0,-0.154770980187,-1.18507800753,5,682
492,1,7.70762317294,6.0,8.0,0.012012012012,0,0.430987703972,1.41466006102,5,701
493,1,6.28497111323,6.0,7.0,0.012012012012,1,0.994043183124,-1.69715843614,5,692
494,1,7.2577662354,5.0,9.0,0.012012012012,0,-0.168248996966,2.7625132263,5,721
495,1,1.36019483428,1.0,2.0,0.012012012012,1,0.180907285565,-4.18252702242,5,634
496,1,5.45125874104,4.0,6.0,0.012012012012,0,-0.276385299859,1.28041464062,5,720
497,0,12.4042703312,8.0,,0.013013013013,0,0.270880492688,6.59162885312,5,104
498,1,1.81408211876,1.0,2.0,0.011011011011,1,-0.740201863768,-0.965312289932,5,642
499,0,11.6090608112,7.0,,0.013013013013,0,1.63494953386,1.70421220958,5,130
500,0,7.28353891198,5.0,,0.012012012012,0,-0.324574610008,3.257262742,5,262
501,0,3.48618862235,3.0,,0.01001001001,0,0.691421690555,-3.58807644931,5,150
502,0,6.90588762695,5.0,,0.012012012012,0,1.20015808129,-1.69458661692,5,307
503,1,-0.868656320637,,1.0,0.011011011011,0,-1.0074035858,-2.84644556324,5,82
504,0,5.57232742771,4.0,,0.011011011011,0,0.580993450088,-1.17065292256,5,45
505,0,6.87945876201,5.0,,0.014014014014,0,-0.230158827252,2.56993524377,5,274
506,0,11.4672689449,5.0,,0.012012012012,0,0.527416118252,4.88502059012,5,217
507,1,5.96946283754,5.0,6.0,0.015015015015,1,0.035840908123,0.861940113175,5,483
508,0,7.21672275754,7.0,,0.012012012012,0,-0.047689713437,2.35979189785,5,67
509,1,-0.354289480798,,1.0,0.013013013013,0,-0.259687777091,-4.57522614952,5,77
510,1,-0.916284055186,,1.0,0.014014014014,0,-1.63811979574,-1.00192466797,5,66
511,0,10.2807046632,9.0,,0.011011011011,0,1.06737122385,2.07859099166,5,170
512,1,-0.9759691028,,2.0,0.012012012012,0,-0.638012527086,-4.06193152154,5,162
513,1,8.30524174825,6.0,9.0,0.014014014014,0,1.73420429835,-1.89737114679,5,579
514,1,6.87835698725,5.0,8.0,0.012012012012,0,1.15523167278,-1.58733803108,5,567
515,1,3.21295586738,3.0,4.0,0.012012012012,1,-1.14200353338,1.63896646753,5,505
516,1,3.55296038762,3.0,4.0,0.011011011011,1,0.329797812405,-2.4364330496,5,543
517,1,7.59759265966,5.0,8.0,0.011011011011,0,0.790597171839,0.225801144143,5,615
518,1,6.60214086869,5.0,7.0,0.01001001001,0,0.880966912657,-1.04075986928,5,612
519,1,0.627822268706,0.0,1.0,0.012012012012,1,-0.50603193267,-2.85408193328,5,499
520,1,5.5590300232,5.0,6.0,0.014014014014,1,0.77353196294,-1.76156586562,5,538
521,1,6.95604201058,6.0,8.0,0.012012012012,0,-0.339736830805,2.975252503,5,596
522,1,9.48449242375,9.0,12.0,0.012012012012,0,0.518730420887,2.92830116109,5,623
523,1,5.17608373541,3.0,12.0,0.013013013013,0,-0.340368951749,1.19719059066,5,620
524,1,4.00495100344,3.0,5.0,0.01001001001,0,0.467853897816,-2.39861069001,5,490
525,1,5.67150063602,5.0,6.0,0.01001001001,1,-0.402868072443,1.88010485335,5,526
526,1,4.58065706142,2.0,5.0,0.012012012012,0,-0.0901298664605,-0.148953339201,5,433
527,1,-0.137554607639,,0.0,0.013013013013,1,-1.51916702393,-0.580053535834,5,112
528,1,5.04347805788,3.0,7.0,0.013013013013,0,0.256528181212,-0.726106485756,5,464
529,1,9.54202245023,9.0,10.0,0.012012012012,1,1.08702736394,1.28094035842,5,565
530,1,2.56456221916,2.0,3.0,0.011011011011,1,-1.08792332529,0.82833219502,5,389
531,1,4.05131483265,4.0,5.0,0.012012012012,1,0.105516955789,-1.26523603471,5,399
532,1,0.870989008421,,1.0,0.011011011011,0,-1.13961527825,-0.710165156843,5,227
533,1,1.37912747009,1.0,2.0,0.012012012012,1,-0.253294027159,-2.86099044844,5,262
534,1,3.9813997202,3.0,4.0,0.013013013013,1,-0.933077308517,1.78063164575,5,397
535,0,10.9739037778,10.0,,0.012012012012,0,0.997521529908,2.98133918809,5,42
536,0,9.78145248659,8.0,,0.012012012012,0,1.59410628608,-0.000866371669353,5,12
537,1,8.74963052483,8.0,9.0,0.013013013013,1,0.412160292276,2.51314964801,5,476
538,1,3.90223249825,3.0,4.0,0.011011011011,1,-0.684175500374,0.954758999374,5,285
539,1,5.51651146251,3.0,6.0,0.011011011011,0,0.262042250075,-0.269615287717,5,426
540,0,11.0293255948,10.0,,0.013013013013,0,1.35201371627,1.973284446,5,342
541,1,2.99709040379,2.0,4.0,0.011011011011,0,0.386432225934,-3.16220627401,5,414
542,1,0.361981046221,0.0,1.0,0.01001001001,1,-0.83805911254,-2.12384161616,5,152
543,1,-1.10132332272,,0.0,0.013013013013,1,-1.94374581095,-0.270085889875,5,151
544,1,5.49053572365,5.0,6.0,0.012012012012,1,1.367490051,-3.61193442934,5,373
545,1,5.56327563754,4.0,6.0,0.011011011011,0,-0.274202894082,1.38588431979,5,428
546,1,2.95526252255,2.0,3.0,0.01001001001,1,-0.211590332718,-1.40996647929,5,320
547,1,8.3197528426,5.0,9.0,0.013013013013,0,0.347347069094,2.27771163532,5,449
548,1,9.75209856979,6.0,10.0,0.011011011011,0,2.15902509571,-1.72497671733,5,547
549,1,0.339674046678,0.0,1.0,0.01001001001,1,-1.28720943887,-0.798697636707,5,167
550,1,0.795366873862,0.0,1.0,0.012012012012,1,-1.2601094011,-0.424304922831,5,291
551,1,6.88870159552,4.0,9.0,0.011011011011,0,0.604224872588,0.0760269777519,5,470
552,1,5.41810105091,2.0,8.0,0.012012012012,0,0.0392714351562,0.300286745443,5,463
553,1,7.35083006154,7.0,8.0,0.014014014014,1,-0.559302304273,4.02873697436,5,465
554,1,3.37549496999,3.0,5.0,0.013013013013,0,-0.00785696115779,-1.60093414654,5,317
555,1,1.15776868568,1.0,3.0,0.012012012012,0,-1.38526595062,0.313566537555,5,308
556,1,9.27644918696,8.0,12.0,0.012012012012,0,1.41534501658,0.03041413723,5,552
557,1,4.10325916975,3.0,8.0,0.014014014014,0,0.452820973575,-2.25520375097,5,425
558,1,2.23228458372,1.0,6.0,0.013013013013,0,-0.767201094686,-0.466112132224,5,366
559,1,3.01721643976,2.0,5.0,0.01001001001,0,-0.279685632811,-1.1437266618,5,344
560,1,1.56714900257,1.0,3.0,0.012012012012,0,-1.75842110449,1.84241231605,5,328
561,1,5.7001089577,2.0,7.0,0.011011011011,0,0.0118606066202,0.664527137836,5,375
562,1,4.62684866461,4.0,5.0,0.013013013013,1,-0.393416088849,0.80709693116,5,348
563,1,6.67043900044,6.0,9.0,0.011011011011,0,0.0501713901627,1.51992482995,5,384
564,1,-1.73097751707,,0.0,0.011011011011,1,-0.569631380739,-5.02208337485,5,51
565,1,8.99534250173,8.0,12.0,0.013013013013,0,0.313908168105,3.05361799742,5,495
566,1,4.98911672484,1.0,7.0,0.013013013013,0,-0.154395251076,0.452302478067,5,290
567,1,4.99458534306,1.0,5.0,0.01001001001,0,-0.191413859159,0.568826920542,5,233
568,1,0.327161020953,0.0,4.0,0.012012012012,0,-0.304495973418,-3.75935105879,5,207
569,1,2.14653867185,2.0,3.0,0.012012012012,1,0.0174337384292,-2.90576254344,5,175
570,1,3.71963732342,1.0,5.0,0.014014014014,0,-0.806576191795,1.13936589881,5,218
571,1,-0.0935397268668,,2.0,0.012012012012,0,-1.1983141447,-1.49859729275,5,171
572,1,5.29054273844,1.0,6.0,0.012012012012,0,-0.315548888744,1.23718940467,5,254
573,1,8.12269036747,7.0,9.0,0.011011011011,0,0.633167894801,1.22318668306,5,349
574,1,8.07081704673,7.0,9.0,0.01001001001,0,-0.159193746738,3.54839828694,5,405
575,1,7.24886779404,7.0,8.0,0.013013013013,1,1.00584787175,-0.768675821201,5,321
576,1,8.13844697052,8.0,9.0,0.011011011011,1,0.797551659189,0.745791992951,5,455
577,1,2.87084000448,,3.0,0.012012012012,0,-0.181359812911,-1.58508055678,5,114
578,1,5.76638822872,4.0,7.0,0.012012012012,0,-0.603382837624,2.57653674159,5,353
579,1,-6.39000697786,,1.0,0.011011011011,0,-3.21181480226,-1.75456257109,5,28
580,1,-1.4708706881,,0.0,0.011011011011,1,-1.05675220512,-3.30061407274,5,16
581,1,0.449217687801,,3.0,0.012012012012,0,-2.04821615881,1.59386616424,5,33
582,1,0.830709257712,0.0,1.0,0.012012012012,1,-1.63754873795,0.743355471554,5,23
583,0,6.51021525498,4.0,,0.011011011011,0,-0.505813073637,3.02765447589,5,315
584,0,7.94261343188,7.0,,0.014014014014,0,0.466010398995,1.54458223489,5,146
585,0,9.91348748491,5.0,,0.012012012012,0,1.45291796815,0.554733580457,5,345
586,0,5.78050198034,4.0,,0.012012012012,0,0.460115691569,-0.599845094366,5,375
587,0,4.08336603195,4.0,,0.013013013013,0,0.0217358589827,-0.981841545003,5,319
588,0,4.37318285801,3.0,,0.013013013013,0,-0.345165649602,0.408679806813,5,301
589,0,4.03695896506,1.0,,0.012012012012,0,0.736868512075,-3.17364657117,5,322
590,0,5.58009415374,1.0,,0.012012012012,0,-0.33662059757,1.58995594645,5,327
591,0,4.757534488,3.0,,0.014014014014,0,0.76997296601,-2.55238441003,5,126
592,0,2.15200288581,2.0,,0.011011011011,0,-0.218036090998,-2.19388884119,5,48
593,1,1.20258909215,1.0,2.0,0.013013013013,1,-1.30031552996,0.103535682012,5,546
594,0,9.18880556148,4.0,,0.012012012012,0,0.931199565255,1.39520686572,5,107
595,0,8.18924221746,4.0,,0.011011011011,0,0.892211268387,0.512608412295,5,76
596,0,5.61997018541,5.0,,0.013013013013,0,0.0144596914291,0.576591111123,5,103
597,0,9.52567396037,7.0,,0.013013013013,0,1.35827968737,0.450834898261,5,169
598,1,4.60494960256,4.0,6.0,0.014014014014,0,0.978844307118,-3.3315833188,5,322
599,0,12.9235162024,8.0,,0.012012012012,0,1.79607088623,2.53530354366,5,63
600,1,2.95871760198,2.0,3.0,0.012012012012,1,-0.478224749452,-0.606608149662,5,228
601,1,1.76560866028,1.0,3.0,0.012012012012,0,-0.353912668655,-2.17265333376,5,226
602,1,5.96197349204,1.0,7.0,0.012012012012,0,0.137949341225,0.548125468364,5,297
603,1,3.99575404145,1.0,7.0,0.014014014014,0,-0.657775531528,0.969080636032,5,288
604,1,8.22518409111,8.0,10.0,0.012012012012,0,0.533172927051,1.62566530996,5,323
605,1,-4.08158621686,,0.0,0.012012012012,1,-2.50951199518,-1.55305023132,5,10
606,1,1.26516854425,1.0,2.0,0.011011011011,1,-2.10082297605,2.5676374724,5,214
607,1,2.92035802865,2.0,3.0,0.01001001001,1,-0.336562437938,-1.06995465753,5,240
608,1,3.87297025704,3.0,5.0,0.011011011011,0,-0.350336005838,-0.0760217254444,5,269
609,1,8.38742203808,8.0,9.0,0.013013013013,1,1.09329721449,0.107530394614,5,335
610,1,4.91344812206,2.0,6.0,0.012012012012,0,0.618837605203,-1.94306469355,5,243
611,1,1.67629514855,1.0,3.0,0.014014014014,0,-1.176397526,0.205487726544,5,138
612,1,7.04460994531,5.0,8.0,0.012012012012,0,-0.248803114655,2.79101928928,5,345
613,1,1.26481236436,0.0,2.0,0.012012012012,0,-0.919187044054,-0.977626503475,5,135
614,1,7.87735560923,7.0,11.0,0.014014014014,0,1.55870370171,-1.7987554959,5,385
615,1,0.521386944623,0.0,1.0,0.011011011011,1,-1.38960228642,-0.309806196114,5,129
616,1,10.8064496993,2.0,11.0,0.013013013013,0,1.53772537902,1.19327356226,5,383
617,1,7.9615676659,6.0,9.0,0.012012012012,0,0.643919577894,1.02980893222,5,374
618,1,5.24587674074,5.0,7.0,0.012012012012,0,-0.423594136692,1.51665915081,5,371
619,1,0.742348790221,,1.0,0.013013013013,0,-0.897553766231,-1.56498991109,5,106
620,1,3.07572411785,0.0,4.0,0.011011011011,0,0.732038182154,-4.12039042861,5,166
621,0,9.19647554653,8.0,,0.012012012012,0,1.14014461361,0.776041705709,5,179
622,1,-4.95007728492,,1.0,0.013013013013,0,-3.05476101101,-0.785794251887,5,102
623,1,0.437363435599,0.0,2.0,0.012012012012,0,-1.56601310096,0.135402738492,5,116
624,0,7.5013520792,4.0,,0.01001001001,0,0.665158065597,0.505877882411,5,220
625,1,5.91606562984,5.0,6.0,0.016016016016,1,0.464734679353,-0.47813840822,5,319
626,0,10.246507602,3.0,,0.011011011011,0,1.08899962429,1.97950872911,5,39
627,0,10.3692974277,6.0,,0.014014014014,0,1.66661298972,0.36945845853,5,162
628,0,5.00168471223,4.0,,0.012012012012,0,0.715260615997,-2.14409713576,5,114
629,0,6.2036345913,4.0,,0.013013013013,0,0.966310112177,-1.69529574523,5,201
630,0,11.6086681496,3.0,,0.013013013013,0,1.21768555982,2.95561147013,5,228
631,0,3.9161109655,2.0,,0.012012012012,0,-0.398535644342,0.111717898529,5,192
632,0,7.88492926897,3.0,,0.012012012012,0,1.35210621945,-1.17138938939,5,270
633,1,-0.599631196525,,1.0,0.012012012012,0,-1.22305382776,-1.93046971325,5,111
634,0,3.72143315181,1.0,,0.012012012012,0,-0.0522005666351,-1.12196514829,5,269
635,0,4.7862193922,2.0,,0.011011011011,0,0.236377820888,-0.922914070467,5,253
636,0,8.24509852919,2.0,,0.013013013013,0,0.0687374254498,3.03888625284,5,263
637,0,3.0449962535,2.0,,0.012012012012,0,-0.747209613979,0.286625095439,5,348
638,0,9.61237098608,2.0,,0.011011011011,0,0.948420487365,1.76710952398,5,283
639,0,3.84995055859,3.0,,0.013013013013,0,0.235951103597,-1.8579027522,5,253
640,0,9.57759937553,2.0,,0.012012012012,0,0.942853904004,1.74903766352,5,488
641,1,0.84243417238,,1.0,0.012012012012,0,-0.940715178661,-1.33542029164,5,187
642,0,3.35991725561,2.0,,0.012012012012,0,-0.0925737390649,-1.3623615272,5,7
643,0,8.55348283568,1.0,,0.011011011011,0,0.539380060701,1.93534265357,5,522
644,0,6.41486381699,3.0,,0.012012012012,0,0.324187847977,0.442300273062,5,365
645,0,4.82952390066,3.0,,0.012012012012,0,-0.641347548313,1.7535665456,5,364
646,0,12.9853393078,5.0,,0.013013013013,0,1.42436427027,3.71224649695,5,348
647,1,-0.98232979608,,0.0,0.013013013013,1,-0.448768864791,-4.63602320171,5,89
648,0,6.25712238911,3.0,,0.012012012012,0,1.08485353478,-1.99743821522,5,328
649,0,6.26367793767,2.0,,0.012012012012,0,0.428344610751,-0.0213558945829,5,323
650,1,2.54611452338,2.0,3.0,0.011011011011,1,-0.364392252159,-1.36070872015,5,390
651,0,4.09038311297,2.0,,0.01001001001,0,0.190975843075,-1.48254441625,5,504
652,0,13.3371549686,3.0,,0.013013013013,0,0.443223961283,7.00748308478,5,496
653,0,2.82380658136,1.0,,0.011011011011,0,-0.660325617423,-0.195216566371,5,326
654,0,8.68245230749,2.0,,0.013013013013,0,0.767683326877,1.37940232686,5,170
655,0,2.01242707372,2.0,,0.013013013013,0,-0.467779649347,-1.58423397823,5,128
656,0,6.19363651519,2.0,,0.011011011011,0,-0.0578243384115,1.36710953043,5,353
657,0,10.225389322,2.0,,0.013013013013,0,2.65072291862,-2.72677943384,5,14
658,0,7.81620464426,4.0,,0.013013013013,0,0.289611800517,1.9473692427,5,158
659,0,3.06721698138,3.0,,0.01001001001,0,0.245020469948,-2.66784442846,5,105
660,0,11.063241111,3.0,,0.012012012012,0,1.79800108973,0.669237841813,5,377
661,0,5.20694196519,4.0,,0.012012012012,0,0.234503078142,-0.496567269234,5,306
662,1,3.42357195867,3.0,4.0,0.012012012012,1,-0.0593508327526,-1.39837554308,5,704
663,0,7.46602738551,4.0,,0.012012012012,0,0.501340867337,0.962004783501,5,267
664,1,1.33325496036,0.0,3.0,0.011011011011,0,-0.968169962443,-0.762235152306,5,201
665,0,8.87015493606,6.0,,0.01001001001,0,1.06601014938,0.672124487929,5,11
666,0,5.4650468527,5.0,,0.01001001001,0,-0.312621269158,1.40291066017,5,380
667,1,6.18039969052,6.0,7.0,0.012012012012,1,0.469388951438,-0.227767163799,5,705
668,1,5.53170872026,5.0,6.0,0.012012012012,1,0.0698506607337,0.322156738059,5,224
669,0,9.53762508612,8.0,,0.012012012012,0,1.25541210108,0.771388782876,5,168
670,1,4.32053328105,0.0,6.0,0.012012012012,0,-0.070749725406,-0.467217542734,5,173
671,1,-1.36321343812,,0.0,0.014014014014,1,-1.49862301877,-1.8673443818,5,55
672,1,2.19205819388,2.0,5.0,0.012012012012,0,-0.619198513224,-0.950346266449,5,136
673,1,-1.11691623222,,1.0,0.012012012012,0,-2.62864811177,1.76902810309,5,75
674,1,2.43916734768,1.0,3.0,0.012012012012,0,-0.587212579341,-0.7991949143,5,132
675,1,-1.50977616554,,2.0,0.012012012012,0,-0.971412560588,-3.59553848377,5,110
676,1,5.96356979655,4.0,6.0,0.012012012012,0,-0.59609725416,2.75186155903,5,146
677,1,5.46392686221,5.0,6.0,0.01001001001,1,0.399724870199,-0.735247748385,5,395
678,1,7.32746877921,7.0,8.0,0.011011011011,1,0.965620724383,-0.569393393935,5,423
679,1,3.22331190741,3.0,5.0,0.011011011011,0,-0.266987197315,-0.975726500639,5,150
680,0,8.3435257252,8.0,,0.01001001001,0,1.80201719156,-2.06252584948,5,125
681,1,3.01510888496,,4.0,0.012012012012,0,-1.50994215774,2.54493535817,5,154
682,1,5.83813174906,4.0,7.0,0.012012012012,0,-0.233900280902,1.53983259177,5,434
683,0,8.92374488357,8.0,,0.013013013013,0,1.24000554966,0.203728234591,5,156
684,1,-0.345143806961,,0.0,0.012012012012,1,-0.898042420557,-2.65101654529,5,57
685,0,7.08354139132,7.0,,0.01001001001,0,0.46766958783,0.680532627832,5,326
686,0,9.57961427077,9.0,,0.013013013013,0,1.99745587831,-1.41275336418,5,113
687,1,2.98765826279,2.0,3.0,0.013013013013,1,-0.562543621097,-0.324710873921,5,311
688,1,2.48442883553,2.0,3.0,0.011011011011,1,0.45144642893,-3.86991045126,5,424
689,0,8.83302334227,8.0,,0.012012012012,0,0.289506594205,2.96450355965,5,210
690,1,4.66584784015,3.0,5.0,0.012012012012,0,0.986538022418,-3.29376622711,5,442
691,1,0.861534998733,0.0,1.0,0.013013013013,1,-0.606444300094,-2.31913210098,5,419
692,1,3.22715270356,3.0,4.0,0.012012012012,1,-0.407804750986,-0.549433043488,5,539
693,1,3.82362591267,3.0,6.0,0.012012012012,0,-1.19555292683,2.41028469317,5,564
694,0,11.6624201879,8.0,,0.012012012012,0,1.92838519155,0.877264613223,5,303
695,1,4.90722635391,3.0,8.0,0.012012012012,0,0.0227550346477,-0.161038750037,5,566
696,1,1.49717146237,1.0,2.0,0.01001001001,1,-0.719510253847,-1.34429777609,5,502
697,1,4.32408154488,3.0,5.0,0.011011011011,0,-0.340405415132,0.345297790281,5,562
698,0,8.88184063949,7.0,,0.012012012012,0,2.01528799442,-2.16402334379,5,238
699,0,8.40168043158,7.0,,0.012012012012,0,1.16903817901,-0.105434105453,5,609
700,0,7.21947651023,7.0,,0.012012012012,0,0.838681996272,-0.296569478584,5,388
701,1,3.7624348188,3.0,4.0,0.014014014014,1,-0.105712268875,-0.920428374578,5,522
702,1,4.64813914713,1.0,5.0,0.011011011011,0,1.043637166,-3.48277235087,5,542
703,0,7.22067845852,7.0,,0.011011011011,0,1.25912119762,-1.55668513434,5,387
704,0,9.2577456679,7.0,,0.012012012012,0,0.486133963968,2.799343776,5,363
705,1,2.87296473767,2.0,3.0,0.013013013013,1,-0.286016515798,-1.26898571494,5,530
706,1,1.82962271148,1.0,2.0,0.013013013013,1,-0.194056097888,-2.58820899485,5,168
707,1,8.53481268188,7.0,9.0,0.012012012012,0,0.349503676279,2.48630165304,5,585
708,1,4.95960520325,3.0,10.0,0.013013013013,0,0.00356186067192,-0.051080378766,5,599
709,1,7.38156388834,4.0,8.0,0.012012012012,0,-0.00971242689397,2.41070116902,5,580
710,1,7.54280149924,7.0,8.0,0.013013013013,1,1.92044338802,-3.21852866482,5,578
711,1,-5.445931855,,0.0,0.013013013013,1,-1.22517004444,-6.77042172167,5,54
712,1,5.19209362244,2.0,6.0,0.011011011011,0,0.502181637409,-1.31445128979,5,560
713,1,-0.991137782196,,1.0,0.012012012012,0,-0.874077215432,-3.3689061359,5,88
714,1,4.76369005332,4.0,6.0,0.012012012012,0,0.596912363697,-2.02704703777,5,553
715,1,2.66723058579,2.0,3.0,0.013013013013,1,-0.0857968415968,-2.07537888942,5,494
716,1,3.4560385691,3.0,5.0,0.012012012012,0,-0.235237827264,-0.838247949112,5,515
717,1,4.02701829414,4.0,6.0,0.013013013013,0,-0.210641342352,-0.3410576788,5,531
718,1,6.63543867686,4.0,9.0,0.013013013013,0,0.401073990582,0.432216705118,5,594
719,1,7.65763384399,7.0,9.0,0.01001001001,0,0.559501862273,0.979128257173,5,638
720,1,8.04874028912,8.0,9.0,0.013013013013,1,0.175516895253,2.52218960336,5,570
721,1,6.53517016862,6.0,7.0,0.01001001001,1,1.18458972467,-2.01859900539,5,604
722,1,0.0952066546957,0.0,1.0,0.011011011011,1,-1.07078548262,-1.69243689744,5,67
723,1,1.83549023247,0.0,3.0,0.012012012012,0,-0.393595737226,-1.98372255585,5,80
724,1,7.86543101278,5.0,8.0,0.012012012012,0,0.172435098875,2.34812571615,5,609
725,1,7.48471512766,7.0,11.0,0.011011011011,0,0.276257934884,1.65594132301,5,715
726,1,-3.7532403255,,0.0,0.013013013013,1,-2.68963865611,-0.684324357161,5,43
727,1,4.57216872216,4.0,6.0,0.011011011011,0,0.697604603412,-2.52064508808,5,697
728,1,0.995296082211,0.0,2.0,0.012012012012,0,-1.30567995842,-0.0876640425326,5,79
729,1,8.74041054014,5.0,9.0,0.011011011011,0,0.582998557899,1.99141486644,5,698
730,1,9.80617419189,6.0,10.0,0.011011011011,0,0.82878258304,2.31982644277,5,700
731,1,6.36644417043,6.0,7.0,0.011011011011,1,0.0509640817761,1.2135519251,5,691
732,1,9.30012872605,8.0,10.0,0.013013013013,0,-0.00423575438297,4.3128359892,5,693
733,1,5.91730761688,5.0,6.0,0.012012012012,1,0.240311302978,0.196373707949,5,679
734,1,7.60224304086,7.0,8.0,0.012012012012,1,0.987976565099,-0.361686654437,5,688
735,1,3.79706552722,1.0,4.0,0.012012012012,0,-0.485771325635,0.254379504128,5,174
736,1,3.2670430095,2.0,4.0,0.01001001001,0,-0.0412481893939,-1.60921242232,5,164
737,1,-2.29579800793,,0.0,0.011011011011,1,-1.64590954978,-2.3580693586,5,14
738,1,3.27814856672,2.0,4.0,0.011011011011,0,0.403745525218,-2.93308800893,5,142
739,1,1.52495584104,,2.0,0.012012012012,0,-0.656364617211,-1.50595030733,5,130
740,1,0.39741229855,,1.0,0.012012012012,0,-1.23677854307,-0.892252072248,5,58
741,0,6.13503670638,6.0,,0.00900900900901,0,0.598719765445,-0.661122589958,5,108
742,0,10.8778080204,8.0,,0.01001001001,0,2.29884231475,-1.01871892384,5,317
743,1,-0.434470748382,,7.0,0.016016016016,0,-2.20568118363,1.1825728025,5,192
744,0,8.01951224377,8.0,,0.012012012012,0,0.788076609167,0.655282416263,5,494
745,1,-0.478475253653,,2.0,0.012012012012,0,-0.742630320928,-3.25058429087,5,137
746,0,12.4058567979,8.0,,0.012012012012,0,1.90459306997,1.69207758799,5,285
747,1,0.686325721629,0.0,1.0,0.011011011011,1,-0.519268763384,-2.75586798822,5,169
748,1,9.30920564161,9.0,10.0,0.015015015015,1,1.28654434048,0.449572620188,5,681
749,0,12.0083367009,8.0,,0.00900900900901,0,1.67841253804,1.97309908683,5,20
750,1,1.55472320388,0.0,3.0,0.012012012012,0,-1.29881403946,0.45116532227,5,212
751,1,3.4076508773,3.0,5.0,0.011011011011,0,-0.570139761943,0.118070163126,5,647
752,1,4.02855628643,4.0,7.0,0.011011011011,0,0.174560866828,-1.49512631405,5,665
753,1,5.85560012997,4.0,10.0,0.012012012012,0,-0.973787366548,3.77696222961,5,674
754,1,3.70485858106,3.0,7.0,0.012012012012,0,-1.26787895294,2.50849543989,5,657
755,1,5.57615874993,5.0,8.0,0.012012012012,0,-0.459692772921,1.95523706869,5,652
756,1,6.24426673746,6.0,7.0,0.013013013013,1,-0.438008574748,2.5582924617,5,639
757,1,6.49232960082,6.0,7.0,0.012012012012,1,-0.2500708105,2.24254203232,5,645
758,1,6.22620234394,6.0,8.0,0.014014014014,0,-0.503059318439,2.73538029926,5,622
759,1,2.83055581215,2.0,3.0,0.012012012012,1,-0.482546257125,-0.721805416475,5,435
760,1,4.03695679178,2.0,6.0,0.012012012012,0,0.0403699567191,-1.08415307837,5,518
761,1,4.78803562111,4.0,5.0,0.016016016016,1,-0.231911268876,0.483769427736,5,443
762,1,-3.04279687553,,0.0,0.013013013013,1,-2.16466033158,-1.54881588079,5,32
763,1,5.3867957869,5.0,8.0,0.013013013013,0,-0.0695910261896,0.595568865472,5,447
764,1,2.55536978948,2.0,3.0,0.013013013013,1,-1.40371544435,1.76651612252,5,354
765,1,2.86901831516,2.0,5.0,0.012012012012,0,-0.720807637256,0.0314412269283,5,445
766,1,5.52306950077,3.0,6.0,0.012012012012,0,0.0706319939229,0.311173518999,5,450
767,1,5.42210056849,3.0,9.0,0.012012012012,0,-0.238488022095,1.13756463477,5,501
768,1,0.499422135374,,1.0,0.012012012012,0,-0.459459801177,-3.12219846109,5,93
769,1,9.61545268888,9.0,10.0,0.014014014014,1,1.48191570052,0.169705587314,5,534
770,1,7.79218083861,7.0,10.0,0.012012012012,0,1.04989682383,-0.357509632886,5,618
771,1,4.78473694948,4.0,5.0,0.012012012012,1,-0.179987254728,0.324698713667,5,481
772,1,1.61239316081,1.0,2.0,0.012012012012,1,-0.877758875514,-0.754330212651,5,477
773,1,6.78791158196,6.0,7.0,0.013013013013,1,0.853647318253,-0.773030372803,5,528
774,1,7.38323074161,7.0,8.0,0.012012012012,1,0.943562338162,-0.447456272877,5,648
775,1,5.50886265011,4.0,6.0,0.013013013013,0,-0.529854482083,2.09842609635,5,544
776,1,9.02384312983,9.0,10.0,0.011011011011,1,0.410880229673,2.79120244081,5,666
777,1,6.3269430182,6.0,8.0,0.012012012012,0,0.273064949425,0.507748169922,5,664
778,1,3.67689566951,2.0,4.0,0.014014014014,0,-0.579221895154,0.414561354977,5,493
779,1,8.34124925298,8.0,10.0,0.011011011011,0,0.126997734238,2.96025605027,5,667
780,1,6.34245654371,5.0,10.0,0.011011011011,0,0.140637949087,0.920542696453,5,671
781,1,7.34890880917,6.0,8.0,0.012012012012,0,0.69352905904,0.268321632047,5,659
782,1,-2.70436297503,,0.0,0.014014014014,1,-1.10556744513,-4.38766063964,5,5
783,1,5.77526294913,4.0,6.0,0.011011011011,0,0.828285339668,-1.70959306987,5,617
784,1,3.15167344128,3.0,4.0,0.013013013013,1,0.468283384681,-3.25317671276,5,510
785,1,4.78296148756,4.0,5.0,0.013013013013,1,-0.0528959610557,-0.0583506292743,5,588
786,1,3.86028992103,3.0,4.0,0.01001001001,1,-0.278928113912,-0.302925737233,5,581
787,1,7.86120278769,7.0,8.0,0.011011011011,1,0.779552555171,0.522545122175,5,633
788,1,-2.61632714016,,0.0,0.00900900900901,1,-2.1373385155,-1.20431159367,5,36
789,1,0.815900674289,0.0,1.0,0.011011011011,1,-1.75382572576,1.07737785157,5,48
790,1,7.84485235398,6.0,9.0,0.013013013013,0,0.339338417154,1.82683710252,5,598
791,1,4.92974508257,2.0,5.0,0.012012012012,0,0.0209038968567,-0.132966608003,5,595
792,1,2.64990936957,2.0,3.0,0.013013013013,1,-0.975165395395,0.575405555754,5,574
793,1,8.2584245065,8.0,9.0,0.012012012012,1,0.622473841216,1.39100298285,5,718
794,0,14.4220059102,11.0,,0.013013013013,0,1.51580854418,4.87458027765,5,225
795,1,3.56665151355,2.0,5.0,0.012012012012,0,-0.638016160364,0.48069999464,5,655
796,1,3.28774311945,3.0,4.0,0.012012012012,1,-0.953400723724,1.14794529062,5,631
797,1,6.55176488338,5.0,7.0,0.013013013013,0,1.30240253676,-2.3554427269,5,726
798,0,11.6535911898,7.0,,0.011011011011,0,1.65921102644,1.67595811047,5,219
799,1,3.52906795887,3.0,4.0,0.012012012012,1,-0.360124914573,-0.39055729741,5,709
800,0,9.78869606425,8.0,,0.013013013013,0,0.591961338216,3.0128120496,5,58
801,0,10.7645232797,9.0,,0.012012012012,0,1.57786179204,1.03093790357,5,98
802,1,-2.23283577883,,0.0,0.013013013013,1,-2.00422714108,-1.22015435559,5,40
803,1,5.63990191483,5.0,7.0,0.012012012012,0,0.156961386767,0.169017754531,5,729
804,0,9.84259350731,9.0,,0.012012012012,0,1.51360395055,0.301781655651,5,119
805,1,2.15633346722,2.0,4.0,0.011011011011,0,-0.796526304748,-0.454087618533,5,301
806,1,1.35426404101,,2.0,0.013013013013,0,-0.547571797133,-2.00302056759,5,78
807,0,10.47345567,9.0,,0.00900900900901,0,1.75830554451,0.198539036473,5,412
808,1,4.00488083788,2.0,8.0,0.01001001001,0,-0.76411274757,1.29721908059,5,324
809,1,-2.03908085679,,0.0,0.013013013013,1,-0.873301074352,-4.41917763373,5,47
810,1,1.7008352803,1.0,3.0,0.013013013013,0,-0.672743332025,-1.28093472363,5,246
811,1,3.23304860926,3.0,4.0,0.012012012012,1,-0.30128498787,-0.863096427127,5,284
812,1,5.05843652997,3.0,9.0,0.013013013013,0,0.264817267944,-0.736015273867,5,302
813,1,3.0418016467,2.0,9.0,0.013013013013,0,0.106337105024,-2.27720966838,5,300
814,1,3.7160535784,3.0,4.0,0.012012012012,1,0.0314193581652,-1.37820449609,5,287
815,1,0.797448829168,0.0,1.0,0.013013013013,1,-0.886160059412,-1.5440709926,5,161
816,1,3.94324706278,3.0,7.0,0.013013013013,0,0.0694544025691,-1.26511614493,5,294
817,1,2.97851282,,3.0,0.011011011011,0,-1.35074317209,2.03074233626,5,264
818,1,5.42666256645,3.0,10.0,0.012012012012,0,0.44586655295,-0.9109370924,5,380
819,1,3.64182266531,3.0,5.0,0.013013013013,0,-0.31780791728,-0.404753582847,5,293
820,1,4.74491589428,3.0,6.0,0.011011011011,0,0.581122022179,-1.99845017225,5,326
821,0,11.125190567,11.0,,0.012012012012,0,0.727885066758,3.94153536672,5,78
822,1,-2.54621109383,,0.0,0.013013013013,1,-1.54466742226,-2.91220882704,5,86
823,1,1.64065399312,1.0,2.0,0.014014014014,1,-0.224785145483,-2.68499057043,5,117
824,1,4.06731437078,3.0,5.0,0.011011011011,0,-0.789252804877,1.43507278541,5,403
825,1,5.40166361045,5.0,7.0,0.012012012012,0,0.157688422139,-0.0714016559664,5,448
826,0,9.06131748798,5.0,,0.011011011011,0,1.33813298933,0.0469185200037,5,211
827,1,1.22236437214,0.0,2.0,0.012012012012,0,-0.643196078468,-1.84804739246,5,153
828,0,6.21146688158,6.0,,0.012012012012,0,0.716809126603,-0.938960498232,5,449
829,0,6.29667940381,4.0,,0.011011011011,0,0.651301339622,-0.657224615059,5,452
830,0,7.74720331974,5.0,,0.012012012012,0,0.378485906695,1.61174559966,5,444
831,0,7.62480965915,2.0,,0.012012012012,0,0.463583733877,1.23405845752,5,75
832,0,5.82387351121,2.0,,0.012012012012,0,0.0123874469397,0.78671117039,5,389
833,0,5.92927804359,2.0,,0.01001001001,0,0.386466408479,-0.230121181846,5,56
834,0,8.55842418812,0.0,,0.012012012012,0,0.897051118449,0.867270832775,5,90
835,0,5.50441611748,1.0,,0.011011011011,0,0.0489047432836,0.357701887627,5,263
836,0,5.35853915566,2.0,,0.013013013013,0,-0.388897320633,1.52523111756,5,407
837,0,3.56314359708,2.0,,0.012012012012,0,-0.524964630942,0.138037489902,5,58
838,0,4.10838944637,0.0,,0.012012012012,0,-0.517982283927,0.66233629815,5,443
839,0,2.50066735003,0.0,,0.011011011011,0,-0.39165577634,-1.32436532095,5,284
840,0,12.4713352774,2.0,,0.014014014014,0,2.05140161047,1.31713044599,5,4
841,0,10.5682076141,1.0,,0.012012012012,0,0.971329269793,2.65421980475,5,161
842,0,4.34210278393,1.0,,0.011011011011,0,0.197766138667,-1.25119563207,5,111
843,0,3.57456808532,3.0,,0.011011011011,0,0.296756845515,-2.31570245122,5,538
844,0,3.58481347751,1.0,,0.01001001001,0,-0.430472008239,-0.123770497772,5,171
845,0,3.93623460385,0.0,,0.011011011011,0,0.417254042087,-2.31552752241,5,138
846,0,5.37475406949,0.0,,0.012012012012,0,0.74428180322,-1.85809134017,5,51
847,0,5.24711839372,1.0,,0.012012012012,0,-0.0492846498482,0.394972343262,5,485
848,0,4.84764883668,1.0,,0.013013013013,0,-0.21653999062,0.497268808541,5,498
849,0,6.69758368929,2.0,,0.013013013013,0,0.359844003462,0.618051678909,5,333
850,0,6.84645064579,2.0,,0.015015015015,0,0.574616204276,0.122602032965,5,275
851,0,8.22651060112,3.0,,0.014014014014,0,1.05253413844,0.0689081857989,5,499
852,0,5.53692908387,3.0,,0.011011011011,0,0.426976984979,-0.744001871063,5,62
853,0,6.93747630031,3.0,,0.012012012012,0,0.399290718112,0.739604145973,5,494
854,0,6.01676695462,4.0,,0.014014014014,0,0.0197118131337,0.957631515219,5,235
855,0,6.18917920823,4.0,,0.011011011011,0,0.935327210817,-1.61680242422,5,443
856,1,-1.47067335936,,0.0,0.013013013013,1,-1.77367055596,-1.1496616915,5,4
857,0,6.92654376518,5.0,,0.012012012012,0,0.876104870433,-0.701770846115,5,166
858,1,-2.33713470694,,1.0,0.011011011011,0,-1.17864138719,-3.80121054537,5,27
859,0,7.13106665382,6.0,,0.011011011011,0,0.381354690051,0.987002583667,5,675
860,0,10.1790842076,6.0,,0.011011011011,0,0.572572633674,3.46136630657,5,1
861,1,0.106860297275,,2.0,0.013013013013,0,-1.09583084821,-1.60564715811,5,34
862,1,5.29933511317,4.0,6.0,0.012012012012,0,0.35118018978,-0.754205456168,5,158
863,0,7.05750488274,6.0,,0.011011011011,0,1.55498519991,-2.60745071698,5,205
864,1,2.9042008339,0.0,4.0,0.012012012012,0,-0.401140438067,-0.892377851895,5,120
865,1,6.65939666354,6.0,7.0,0.013013013013,1,0.3715309634,0.544803773343,5,735
866,1,1.36512420297,,2.0,0.011011011011,0,-1.03067112088,-0.542862434392,5,76
867,0,8.36107677221,8.0,,0.01001001001,0,1.52126206378,-1.20270941915,5,212
868,1,-0.678912052254,,2.0,0.011011011011,0,-1.73472541038,-0.474735821106,5,113
869,1,-0.389467264524,,1.0,0.01001001001,0,-1.47339726034,-0.969275483516,5,64
870,1,2.58667490446,2.0,4.0,0.012012012012,0,-0.244116722044,-1.6809749294,5,123
871,1,7.00251583358,6.0,9.0,0.012012012012,0,0.718296817085,-0.15237461768,5,727
872,1,10.7822732971,10.0,11.0,0.012012012012,1,1.51960577318,1.22345597754,5,733
873,1,7.87817707294,4.0,8.0,0.01001001001,0,0.414246375647,1.63543794599,5,712
874,1,2.98321099622,1.0,3.0,0.012012012012,0,-0.0682091610655,-1.81216152058,5,265
875,1,4.15617619524,4.0,5.0,0.013013013013,1,0.688641857002,-2.90974937577,5,684
876,1,6.92029292648,5.0,7.0,0.012012012012,0,1.76705976499,-3.38088636849,5,703
877,1,3.79765161262,1.0,4.0,0.011011011011,0,-0.521290654192,0.3615235752,5,687
878,1,4.62180851193,3.0,6.0,0.013013013013,0,-0.803244984916,2.03154346668,5,694
879,1,9.41511626119,4.0,10.0,0.012012012012,0,1.14047062741,0.993704378955,5,706
880,1,10.9390617212,9.0,11.0,0.012012012012,0,0.555687667209,4.27199871955,5,707
881,1,6.50002772694,4.0,7.0,0.013013013013,0,1.17946336665,-2.03836237302,5,683
882,1,2.79469040442,2.0,6.0,0.011011011011,0,-0.46349915124,-0.81481214186,5,680
883,1,5.67873177694,5.0,6.0,0.013013013013,1,0.389953793882,-0.491129604704,5,672
884,1,3.70333313511,3.0,5.0,0.012012012012,0,-1.06094576441,1.88617042834,5,662
885,1,2.82491384235,1.0,4.0,0.012012012012,0,0.0792863651889,-2.41294525322,5,646
886,1,2.06489726698,2.0,6.0,0.012012012012,0,-1.05798687746,0.238857899367,5,653
887,1,8.28001978358,8.0,11.0,0.014014014014,0,1.4067096355,-0.940109122913,5,678
888,1,4.76533223087,2.0,5.0,0.013013013013,0,-0.00202230269516,-0.228600861048,5,626
889,1,3.05017854123,2.0,4.0,0.011011011011,0,-0.342522993505,-0.922252478254,5,625
890,1,6.23243548215,4.0,7.0,0.012012012012,0,0.973348621399,-1.68761038205,5,627
891,1,0.974992814273,0.0,1.0,0.011011011011,1,-1.02168833654,-0.959942176118,5,101
892,1,5.64337966266,5.0,6.0,0.012012012012,1,0.0489555361818,0.49651305411,5,611
893,1,5.18055777255,3.0,6.0,0.014014014014,0,0.0670694685002,-0.0206506329536,5,603
894,1,-1.41303257988,,0.0,0.014014014014,1,-1.72580765703,-1.23560960879,5,60
895,1,8.13375769979,6.0,10.0,0.011011011011,0,0.139003998972,2.71674570288,5,628
896,1,4.51322986125,3.0,5.0,0.014014014014,0,0.777933613421,-2.82057097901,5,283
897,1,6.23741118932,4.0,7.0,0.012012012012,0,0.183164423507,0.687917918803,5,575
898,1,5.51052607861,4.0,6.0,0.012012012012,0,0.211057185739,-0.122645478607,5,527
899,0,13.330902642,11.0,,0.012012012012,0,2.11916152914,1.9734180546,5,254
900,1,4.30998981398,4.0,7.0,0.012012012012,0,-0.219619445748,-0.0311518487817,5,525
901,1,6.29621167013,3.0,8.0,0.011011011011,0,0.000197730408914,1.29561847891,5,573
902,1,0.823302464854,0.0,1.0,0.012012012012,1,-0.948993332646,-1.32971753721,5,267
903,1,0.517646350881,0.0,1.0,0.011011011011,1,-1.12605841957,-1.1041783904,5,491
904,1,4.86240485115,4.0,8.0,0.014014014014,0,0.850708579158,-2.68972088633,5,520
905,1,3.29565611855,2.0,6.0,0.012012012012,0,-0.525493014319,-0.127864838492,5,514
906,1,5.49797251106,4.0,7.0,0.012012012012,0,-0.351847791431,1.55351588535,5,511
907,1,1.03620965863,1.0,2.0,0.011011011011,1,-0.701780606977,-1.85844852043,5,346
908,1,3.43074077966,3.0,4.0,0.011011011011,1,-0.377857471107,-0.43568680702,5,441
909,1,4.04643156328,2.0,5.0,0.01001001001,0,0.285054805775,-1.80873285404,5,507
910,1,5.97460701409,4.0,8.0,0.012012012012,0,-0.148162736693,1.41909522417,5,512
911,1,6.09830652166,5.0,7.0,0.012012012012,0,0.0664140594122,0.899064343419,5,503
912,1,-1.55287880748,,0.0,0.011011011011,1,-1.27730272663,-2.7209706276,5,22
913,1,6.39616595541,5.0,7.0,0.012012012012,0,1.22300136749,-2.27283814705,5,496
914,1,8.04876293165,6.0,10.0,0.01001001001,0,0.672772188275,1.03044636683,5,508
915,1,6.70561309438,6.0,7.0,0.013013013013,1,1.04203672366,-1.42049707661,5,498
916,1,-2.4865145887,,1.0,0.013013013013,0,-2.16089889698,-1.00381789777,5,24
917,1,5.66411347604,3.0,6.0,0.012012012012,0,0.417355033157,-0.587951623435,5,219
918,1,4.96042796066,2.0,5.0,0.011011011011,0,0.41142112056,-1.27383540102,5,273
919,1,1.92482374658,,2.0,0.013013013013,0,-0.997637811423,-0.0822628191536,5,124
920,1,6.79658155384,6.0,7.0,0.011011011011,1,1.68319750328,-3.25301095599,5,368
921,1,2.55524497105,1.0,4.0,0.013013013013,0,-0.678323448255,-0.409784684185,5,213
922,1,-1.35330679266,,2.0,0.012012012012,0,-0.61459408448,-4.50952453922,5,184
923,0,12.0980857013,12.0,,0.013013013013,0,1.4103835753,2.86693497539,5,642
924,1,7.13346166982,7.0,8.0,0.011011011011,1,0.0641414373239,1.94103735785,5,415
925,1,8.5743491767,8.0,9.0,0.011011011011,1,1.05234037227,0.417328059886,5,606
926,1,1.80931994366,1.0,3.0,0.012012012012,0,-1.24519310592,0.544899261424,5,257
927,1,5.81233040499,3.0,6.0,0.012012012012,0,-0.465319905539,2.20829012161,5,327
928,1,2.99242388208,2.0,3.0,0.012012012012,1,-0.352249421724,-0.950827852745,5,314
929,1,9.18181192075,9.0,10.0,0.012012012012,1,-0.227394040546,4.86399404238,5,614
930,1,-1.75219708801,,3.0,0.013013013013,0,-1.76162810392,-1.46731277626,5,74
931,1,7.39731171067,7.0,8.0,0.011011011011,1,-0.483342999262,3.84734070845,5,418
932,1,1.41126197967,0.0,2.0,0.01001001001,0,-0.215309659015,-2.94280904328,5,44
933,1,8.0958074464,8.0,9.0,0.012012012012,1,0.917038906333,0.344690727399,5,339
934,1,7.45386537453,7.0,8.0,0.012012012012,1,0.425225260138,1.17818959412,5,429
935,1,1.00508820901,,3.0,0.013013013013,0,-1.78629510819,1.36397353358,5,56
936,1,-0.950983769225,,2.0,0.012012012012,0,-2.04704902803,0.190163314852,5,35
937,1,-1.22328542128,,0.0,0.013013013013,1,-2.21628329526,0.425564464484,5,6
938,0,9.79166588277,9.0,,0.011011011011,0,1.08299565414,1.54267892034,5,342
939,1,4.95731005664,2.0,5.0,0.01001001001,0,0.206857273138,-0.663261762772,5,475
940,0,13.2218399341,10.0,,0.012012012012,0,2.32163236815,1.25694282965,5,235
941,0,10.3961271503,10.0,,0.012012012012,0,1.47472015579,0.971966682922,5,335
942,1,0.596044670853,,1.0,0.014014014014,0,-0.298494163209,-3.50847283952,5,31
943,1,1.90107352023,1.0,2.0,0.011011011011,1,-1.04422165826,0.0337384950078,5,127
944,1,5.55975101263,5.0,8.0,0.011011011011,0,0.0239342651176,0.487948217273,5,619
945,1,4.59227297024,4.0,5.0,0.013013013013,1,-0.0768180607794,-0.177272847426,5,513
946,1,8.89950076712,7.0,10.0,0.015015015015,0,0.389158044357,2.73202663405,5,601
947,1,3.38434198437,2.0,5.0,0.013013013013,0,-1.06439938093,1.57754012716,5,551
948,1,7.86964208228,7.0,8.0,0.015015015015,1,0.215875796544,2.22201469265,5,524
949,1,7.75539081224,6.0,10.0,0.012012012012,0,0.142512786889,2.32785245157,5,624
950,1,5.03740716589,5.0,6.0,0.011011011011,1,0.543154176245,-1.59205536284,5,597
951,1,-0.286098569826,,0.0,0.01001001001,1,-0.496694729678,-3.79601438079,5,45
952,1,3.40691131525,2.0,5.0,0.012012012012,0,-0.249166797684,-0.845588291697,5,266
953,1,10.7632468734,9.0,11.0,0.012012012012,0,1.68386615087,0.711648420791,5,630
954,1,3.27230790597,0.0,4.0,0.013013013013,0,0.646763203571,-3.66798170475,5,188
955,1,10.5213756938,9.0,12.0,0.012012012012,0,1.49301153809,1.04234107955,5,637
956,1,5.05081185653,5.0,7.0,0.012012012012,0,-0.113463701568,0.391202961237,5,251
957,1,3.22368216317,3.0,6.0,0.013013013013,0,-0.16074946062,-1.29406945497,5,198
958,1,-0.352000665775,,0.0,0.014014014014,1,0.450221106795,-6.70266398616,5,71
959,1,-0.262126928672,,0.0,0.011011011011,1,-1.13947421373,-1.84370428749,5,52
960,1,1.32066712504,0.0,2.0,0.011011011011,0,-1.51633087084,0.869659737572,5,143
961,1,1.41483572604,1.0,6.0,0.011011011011,0,-0.630985053437,-1.69220911364,5,258
962,1,3.0178000466,2.0,4.0,0.012012012012,0,0.725518522638,-4.15875552131,5,235
963,1,0.0604358828824,,3.0,0.011011011011,0,-1.35674362946,-0.869333228724,5,122
964,1,7.33945753648,6.0,8.0,0.013013013013,0,1.0111049381,-0.693857277815,5,572
965,1,8.59669598988,7.0,11.0,0.013013013013,0,1.36920103907,-0.510907127335,5,586
966,1,5.75081267933,5.0,6.0,0.012012012012,1,0.543870578724,-0.880799056839,5,554
967,1,7.45108700171,5.0,8.0,0.012012012012,0,0.905979984721,-0.266852952454,5,582
968,1,6.17835237676,6.0,10.0,0.012012012012,0,-0.392462585766,2.35574013406,5,593
969,1,6.17473579028,2.0,7.0,0.011011011011,0,-0.661313470012,3.15867620031,5,583
970,1,2.29557550753,1.0,3.0,0.01001001001,0,-2.37082104422,4.4080386402,5,548
971,1,-0.363503854786,,0.0,0.013013013013,1,-0.613829641574,-3.52201493006,5,1
972,1,8.60002095318,6.0,9.0,0.012012012012,0,1.52920383623,-0.987590555503,5,589
973,1,6.594134806,4.0,13.0,0.013013013013,0,0.283289802473,0.744265398576,5,600
974,1,6.32848281463,6.0,7.0,0.014014014014,1,-0.376504732917,2.45799701339,5,535
975,1,4.38009343859,3.0,8.0,0.012012012012,0,0.538961030656,-2.23678965338,5,577
976,1,3.2916844876,3.0,4.0,0.012012012012,1,-0.341562098629,-0.683629216508,5,509
977,1,2.84161795784,2.0,6.0,0.013013013013,0,-1.71654747564,2.99126038475,5,519
978,1,5.28922203624,5.0,7.0,0.011011011011,0,0.166578025981,-0.210512041702,5,555
979,1,1.09645226592,1.0,2.0,0.011011011011,1,-0.531794973757,-2.30816281281,5,485
980,1,1.3281395991,1.0,2.0,0.014014014014,1,-1.11185451374,-0.336296859673,5,210
981,1,4.97376442538,1.0,10.0,0.01001001001,0,-1.02038101406,3.03490746757,5,556
982,1,6.35009676105,3.0,7.0,0.011011011011,0,0.010535505205,1.31849024544,5,529
983,1,2.90060776935,1.0,4.0,0.012012012012,0,-0.0756566170512,-1.8724223795,5,466
984,1,7.75357729003,7.0,9.0,0.012012012012,0,0.61254095531,0.915954424099,5,537
985,1,2.56355706108,1.0,5.0,0.011011011011,0,0.0520281509196,-2.59252739168,5,486
986,1,1.86792682073,1.0,2.0,0.012012012012,1,-0.59879847038,-1.33567776813,5,427
987,1,5.0821923924,4.0,7.0,0.012012012012,0,0.1978845689,-0.511461314299,5,536
988,1,2.97673128682,1.0,3.0,0.011011011011,0,-1.47522729973,2.402413186,5,408
989,1,2.42412697524,2.0,3.0,0.014014014014,1,-0.840134116208,-0.0554706761297,5,422
990,1,8.36988002527,7.0,9.0,0.012012012012,0,0.832663160723,0.871890543105,5,636
991,0,8.8208323464,8.0,,0.01001001001,0,0.400005646001,2.6208154084,5,170
992,1,4.67041804452,4.0,5.0,0.012012012012,1,-0.107756971248,-0.00631104173125,5,484
993,0,9.57866014385,9.0,,0.012012012012,0,1.90175617538,-1.1266083823,5,185
994,1,-1.6527763472,,0.0,0.012012012012,1,-1.11062484355,-3.32090181654,5,41
995,1,3.19453533377,3.0,5.0,0.012012012012,0,-0.679622278729,0.233402169955,5,497
996,0,11.6733471125,10.0,,0.012012012012,0,1.55421199966,2.0107111135,5,174
997,1,3.71359709177,3.0,8.0,0.011011011011,0,-1.33087659949,2.70622689025,5,550
998,1,9.95395700331,9.0,10.0,0.012012012012,1,0.672610335992,2.93612599533,5,561
999,1,6.89451494864,4.0,7.0,0.014014014014,0,0.007205454225,1.87289858596,5,416
