name,activated,threshold,before_activation_alters,after_activation_alters,degree,observed,var1,epsilon,constant,activation_order
0,1,1.82376679656,,9.0,0.122122122122,0,-0.604837817713,-1.3617197503,5,40
1,1,14.6278002749,,63.0,0.107107107107,0,3.02483818174,0.553285729686,5,569
2,1,-0.8187580824,,0.0,0.0700700700701,1,-1.5459960793,-1.1807698445,5,3
3,1,1.20588814236,,47.0,0.119119119119,0,-1.19358793152,-0.213348063081,5,359
4,1,7.32623133276,7.0,9.0,0.0910910910911,0,0.409871867211,1.09661573112,5,51
5,1,2.17150259852,,12.0,0.101101101101,0,-0.454572873774,-1.46477878016,5,65
6,1,4.81488313837,,9.0,0.0930930930931,0,0.0572300269739,-0.356806942551,5,44
7,1,8.1445182446,7.0,28.0,0.0940940940941,0,0.924990922357,0.36954547753,5,314
8,1,6.96090529271,5.0,7.0,0.0770770770771,0,0.850877442708,-0.591727035416,5,73
9,1,8.38839683645,,12.0,0.106106106106,0,0.897602734451,0.695588633094,5,79
10,1,3.2370061216,,38.0,0.163163163163,0,-1.131721037,1.63216923261,5,166
11,1,7.45045774344,,81.0,0.169169169169,0,0.553703719184,0.789346585885,5,372
12,1,8.42987039449,2.0,37.0,0.106106106106,0,0.62232895304,1.56288353537,5,239
13,1,8.98717020164,8.0,33.0,0.155155155155,0,1.55839378798,-0.688011162293,5,160
14,1,-1.85189230952,,3.0,0.0860860860861,0,-0.970811087207,-3.9394590479,5,34
15,1,2.79712228217,,90.0,0.113113113113,0,-0.913515650724,0.53766923434,5,773
16,1,8.00154770492,,10.0,0.1001001001,0,1.0628134625,-0.186892682574,5,59
17,1,7.38170591749,,90.0,0.152152152152,0,1.01353231617,-0.658891031014,5,512
18,1,-0.0968331414673,,1.0,0.0840840840841,0,-0.32504124308,-4.12170941223,5,17
19,1,4.2529610848,,40.0,0.0750750750751,0,0.658880376123,-2.72368004357,5,485
20,1,4.17048107975,,57.0,0.0950950950951,0,0.0593911349932,-1.00769232523,5,467
21,1,-0.661384278481,,0.0,0.0930930930931,1,-0.909834075953,-2.93188205062,5,5
22,1,1.97204218426,,4.0,0.0620620620621,0,-0.640829161249,-1.10547033199,5,27
23,1,5.94298293146,2.0,23.0,0.032032032032,0,0.559233517594,-0.734717621322,5,644
24,1,6.64100954764,1.0,13.0,0.047047047047,0,0.170560116672,1.12932919762,5,127
25,1,3.76315378411,,4.0,0.0800800800801,0,-0.294139215513,-0.354428569352,5,23
26,1,4.2923697694,,7.0,0.0700700700701,0,-1.1810368411,2.83548029268,5,32
27,1,0.410001570263,,3.0,0.031031031031,0,-1.68373345513,0.461201935655,5,19
28,1,0.689201805814,,1.0,0.0530530530531,0,-0.828959515801,-1.82391964678,5,20
29,1,9.09298067878,,23.0,0.034034034034,0,0.583816300788,2.34153177641,5,501
30,1,2.14900672884,2.0,18.0,0.024024024024,0,-0.854379652029,-0.287854315068,5,634
31,1,-0.567433962487,,0.0,0.03003003003,1,-2.57101959003,2.14562480759,5,4
32,1,6.80490185964,,21.0,0.0620620620621,0,0.0359378168294,1.69708840915,5,343
33,1,4.20134754981,,10.0,0.0840840840841,0,-0.210264139373,-0.167860032071,5,84
34,1,2.37452716877,0.0,7.0,0.0700700700701,0,-1.91494341323,3.11935740844,5,52
35,1,4.78848615022,,61.0,0.102102102102,0,0.111433863721,-0.545815440941,5,533
36,1,10.649458785,10.0,39.0,0.0640640640641,0,1.16037511131,2.16833345101,5,539
37,1,10.1744035619,,66.0,0.0820820820821,0,1.08366580587,1.92340614431,5,793
38,1,0.726652110991,,29.0,0.0750750750751,0,-1.33925159046,-0.255593117636,5,357
39,1,5.35518056216,4.0,9.0,0.0550550550551,0,0.170699652866,-0.156918396435,5,113
40,1,4.83739777889,,5.0,0.0720720720721,0,0.512480433376,-1.70004352124,5,66
41,1,9.06961683918,1.0,10.0,0.0520520520521,0,0.801596864865,1.66482624458,5,158
42,1,5.62933655068,2.0,27.0,0.0900900900901,0,0.606917681315,-1.19141649327,5,270
43,1,4.4880787423,,23.0,0.0710710710711,0,-0.0799015951249,-0.272216472327,5,212
44,1,1.98747507576,,22.0,0.0720720720721,0,-1.51719207278,1.5390512941,5,223
45,1,8.67555782847,8.0,18.0,0.0540540540541,0,1.05130585412,0.521640266126,5,237
46,1,5.35658805809,,36.0,0.0590590590591,0,-0.226500073672,1.03608827911,5,623
47,1,-1.03678864546,,31.0,0.0910910910911,0,-2.24368688179,0.694271999899,5,289
48,1,9.32714753612,7.0,17.0,0.0530530530531,0,0.720424377034,2.16587440502,5,224
49,1,0.798755405085,,6.0,0.041041041041,0,-0.839258854677,-1.68346803088,5,57
50,1,1.30079938995,0.0,12.0,0.046046046046,0,-1.53203347685,0.896899820491,5,209
51,1,-1.18431261864,,0.0,0.0640640640641,1,-1.56411732625,-1.49196063989,5,9
52,1,-3.48502263796,,0.0,0.0750750750751,1,-2.13264669198,-2.08708256201,5,1
53,1,7.13996201952,1.0,10.0,0.0570570570571,0,0.354803357571,1.0755519468,5,112
54,1,2.27955514344,2.0,56.0,0.0600600600601,0,-0.283050709392,-1.87129272838,5,882
55,1,7.90869918079,5.0,10.0,0.021021021021,0,-0.145802681181,3.34610722434,5,200
56,1,3.03716134247,,33.0,0.038038038038,0,-0.263490239009,-1.1723679405,5,843
57,1,9.81387144327,5.0,29.0,0.043043043043,0,1.01925193322,1.75611564362,5,686
58,1,9.83013937659,,11.0,0.035035035035,0,2.38471507311,-2.32400584275,5,153
59,1,4.85870949907,,8.0,0.024024024024,0,0.260754106313,-0.923552819868,5,101
60,1,1.66824472681,,10.0,0.03003003003,0,-1.01645424987,-0.282392523575,5,254
61,1,8.53792765543,5.0,14.0,0.027027027027,0,0.43515549959,2.23246115666,5,381
62,1,-1.12875856181,,3.0,0.027027027027,0,-1.04883394499,-2.98225672683,5,58
63,1,4.23927137082,,5.0,0.022022022022,0,-0.991731660827,2.2144663533,5,97
64,1,7.76413042563,2.0,62.0,0.0800800800801,0,1.03846067818,-0.351251608921,5,748
65,1,3.23142969707,,4.0,0.032032032032,0,0.265843318505,-2.56610025845,5,81
66,1,2.31149364671,,48.0,0.048048048048,0,-0.373891826056,-1.56683087513,5,939
67,1,8.52673720647,,15.0,0.0540540540541,0,1.54098196198,-1.09620867947,5,195
68,1,4.72659922709,,64.0,0.0650650650651,0,-0.158071187728,0.200812790279,5,958
69,1,7.99699008472,,38.0,0.0640640640641,0,0.371613522446,1.88214951738,5,604
70,1,1.97837221534,,10.0,0.037037037037,0,-1.00873318694,0.00457177616897,5,172
71,1,5.08528060984,,20.0,0.03003003003,0,0.873056983018,-2.53389033921,5,510
72,1,5.74071548059,,15.0,0.024024024024,0,-0.754854098846,3.00527777713,5,653
73,1,5.38181737757,,13.0,0.038038038038,0,0.661441950499,-1.60250847393,5,228
74,1,10.1126193053,5.0,12.0,0.038038038038,0,1.58594716162,0.354777820464,5,238
75,1,8.04413042968,3.0,46.0,0.046046046046,0,0.414334521779,1.80112686434,5,957
76,1,7.15235836258,3.0,18.0,0.0570570570571,0,1.12578289062,-1.22499030928,5,323
77,1,7.56147264723,5.0,11.0,0.042042042042,0,1.03823833203,-0.553242348856,5,219
78,1,5.53439135718,1.0,12.0,0.0700700700701,0,-0.408278549912,1.75922700692,5,107
79,1,6.84274346413,2.0,32.0,0.043043043043,0,1.260180172,-1.93779705186,5,662
80,1,7.13149613353,,9.0,0.036036036036,0,0.743676756771,-0.099534136782,5,186
81,1,8.81491368399,1.0,11.0,0.036036036036,0,1.11747218634,0.462497124954,5,231
82,1,5.68220143811,,7.0,0.034034034034,0,-0.15209437034,1.13848454913,5,125
83,1,4.92261081136,,17.0,0.04004004004,0,0.657093182233,-2.04866873534,5,316
84,1,10.4810282517,10.0,17.0,0.0510510510511,0,1.18595833469,1.9231532476,5,204
85,1,4.73266728724,0.0,6.0,0.023023023023,0,-0.11454571341,0.0763044274671,5,192
86,1,3.76076256227,,17.0,0.04004004004,0,-0.0745864723329,-1.01547802074,5,326
87,1,6.81939061045,0.0,19.0,0.036036036036,0,0.318889238493,0.862722894968,5,456
88,1,5.64353920075,,37.0,0.042042042042,0,0.521615926155,-0.92130857772,5,899
89,1,6.00854373688,1.0,8.0,0.027027027027,0,0.22479402296,0.334161668,5,376
90,1,4.74444492603,,5.0,0.023023023023,0,0.0392309056464,-0.373247790914,5,198
91,1,10.5924755241,0.0,19.0,0.025025025025,0,1.06525882013,2.39669906373,5,608
92,1,3.07006395706,,16.0,0.021021021021,0,-0.370018453589,-0.819880682178,5,371
93,1,6.81056615511,5.0,19.0,0.019019019019,0,0.248768651742,1.06426019988,5,916
94,1,2.71764118654,,7.0,0.02002002002,0,-0.602985198074,-0.473403219242,5,132
95,1,8.58354600101,6.0,13.0,0.019019019019,0,1.62474720754,-1.29069562161,5,455
96,1,7.95319550974,5.0,8.0,0.037037037037,0,1.4769489982,-1.47765148486,5,196
97,1,4.10349166621,,21.0,0.034034034034,0,-0.328834076743,0.0899938964373,5,473
98,1,2.89336908188,,34.0,0.046046046046,0,-0.752893200429,0.152048683169,5,771
99,1,3.50147238314,,20.0,0.028028028028,0,-0.275819224423,-0.671069943587,5,518
100,1,11.4798706243,8.0,26.0,0.048048048048,0,1.93420330491,0.677260709544,5,410
101,1,9.82015397222,,16.0,0.045045045045,0,2.09114186313,-1.45327161717,5,361
102,1,6.92689803343,,10.0,0.032032032032,0,0.338696672013,0.910808017393,5,182
103,1,4.71866400265,2.0,5.0,0.027027027027,0,-0.0354174620002,-0.175083611345,5,214
104,1,2.84220976649,,39.0,0.048048048048,0,-0.686112958872,-0.0994513568965,5,804
105,1,6.26706519105,1.0,12.0,0.034034034034,0,0.891572924755,-1.40765358321,5,356
106,1,4.76273131875,3.0,25.0,0.032032032032,0,-0.0386750663227,-0.121243482284,5,560
107,1,7.45364806308,5.0,17.0,0.023023023023,0,0.642637782273,0.525734716258,5,678
108,1,1.38070353699,0.0,3.0,0.03003003003,0,-1.08529785968,-0.363402883983,5,45
109,1,7.22008325489,5.0,19.0,0.034034034034,0,1.16874843186,-1.28616204071,5,515
110,1,2.24421720254,0.0,3.0,0.024024024024,0,-0.087924917197,-2.49200804587,5,131
111,1,5.83191673792,2.0,7.0,0.03003003003,0,0.341307105493,-0.192004578559,5,141
112,1,5.99618090199,,11.0,0.034034034034,0,0.519046074238,-0.560957320719,5,250
113,1,8.49957055766,4.0,17.0,0.024024024024,0,0.403285762465,2.28971327027,5,586
114,1,6.26019392278,,21.0,0.027027027027,0,0.229660286406,0.571213063565,5,594
115,1,3.84943271367,0.0,5.0,0.03003003003,0,0.266518350136,-1.95012233674,5,62
116,1,5.43574787016,1.0,7.0,0.039039039039,0,-0.367809915537,1.53917761677,5,217
117,1,10.5178311478,8.0,20.0,0.038038038038,0,1.63142496851,0.623556242288,5,517
118,1,-0.221666460683,,3.0,0.041041041041,0,-0.801417323254,-2.81741449092,5,21
119,1,8.52217464075,4.0,20.0,0.025025025025,0,0.903495319195,0.811688683161,5,829
120,1,2.94713124313,1.0,12.0,0.029029029029,0,-0.0419449650385,-1.92703386175,5,295
121,1,3.07423328319,,12.0,0.03003003003,0,-1.05625946207,1.2430116694,5,428
122,1,9.50547057178,9.0,15.0,0.025025025025,0,1.29791853517,0.611714966268,5,541
123,1,4.88012899815,4.0,17.0,0.021021021021,0,-0.663984940905,1.87208382086,5,762
124,1,3.33337098623,1.0,10.0,0.016016016016,0,-0.524009889884,-0.0945993441137,5,527
125,1,0.923585468018,0.0,11.0,0.013013013013,0,-0.735927659643,-1.86863155305,5,729
126,1,9.71533766452,4.0,13.0,0.015015015015,0,1.54855731531,0.0696657185792,5,736
127,1,9.04338926018,9.0,14.0,0.017017017017,0,0.941140307647,1.21996833724,5,755
128,1,6.99797895309,6.0,7.0,0.029029029029,1,0.878694815739,-0.638105494125,5,283
129,1,2.90550151566,,15.0,0.041041041041,0,0.112176232884,-2.431027183,5,383
130,1,8.19005376299,,9.0,0.022022022022,0,1.15090936437,-0.262674330136,5,450
131,1,-1.2376011098,,1.0,0.024024024024,0,-2.09868146997,0.0584433001176,5,28
132,1,13.0372262712,8.0,24.0,0.027027027027,0,2.5336069927,0.43640529308,5,907
133,1,-1.74391217587,,20.0,0.024024024024,0,-1.77471254323,-1.41977454618,5,718
134,1,4.67170835437,0.0,17.0,0.038038038038,0,0.126530794786,-0.707884029987,5,355
135,1,-0.297336299039,,1.0,0.028028028028,0,-1.31923164725,-1.33964135729,5,41
136,1,8.36900353118,2.0,9.0,0.036036036036,0,0.698878013545,1.27236949054,5,165
137,1,11.7209433659,4.0,14.0,0.023023023023,0,2.11018234041,0.390396344697,5,631
138,1,8.75301492315,5.0,17.0,0.026026026026,0,0.721649264773,1.58806712883,5,567
139,1,1.58700154668,,7.0,0.037037037037,0,0.343223106662,-4.44266777331,5,175
140,1,7.40637981955,5.0,16.0,0.025025025025,0,-0.062319204721,2.59333743371,5,596
141,1,5.7408260067,2.0,15.0,0.024024024024,0,0.724627129201,-1.4330553809,5,626
142,1,7.0162724286,,12.0,0.029029029029,0,0.691904862185,-0.0594421579574,5,298
143,1,7.01735079938,5.0,9.0,0.036036036036,0,0.343459902484,0.986971091931,5,193
144,1,8.27323029804,8.0,18.0,0.034034034034,0,0.731373054495,1.07911113456,5,382
145,1,2.13045402855,,7.0,0.034034034034,0,-1.54373975323,1.76167328824,5,151
146,1,7.66373815968,,8.0,0.021021021021,0,0.421803283924,1.3983283079,5,177
147,1,3.28175630568,,4.0,0.029029029029,0,-0.636016252775,0.189805064009,5,61
148,1,7.22312140391,3.0,8.0,0.019019019019,0,-0.0812214322006,2.46678570051,5,353
149,1,3.1519978913,,10.0,0.032032032032,0,-0.621455672856,0.0163649098695,5,248
150,1,6.87461906936,6.0,13.0,0.032032032032,0,0.375944058046,0.746786895222,5,256
151,1,6.78635654612,2.0,21.0,0.032032032032,0,0.352824556018,0.727882878061,5,505
152,1,10.3262552946,10.0,12.0,0.014014014014,0,2.04597011027,-0.811655036222,5,766
153,1,7.9581737684,3.0,11.0,0.03003003003,0,0.233198140423,2.25857934713,5,293
154,1,10.091952118,5.0,19.0,0.025025025025,0,1.82779114808,-0.391421326245,5,535
155,1,4.8600827421,1.0,9.0,0.021021021021,0,-0.0407636681101,-0.0176262535687,5,119
156,1,4.71426351265,3.0,15.0,0.027027027027,0,0.470130735349,-1.6961286934,5,472
157,1,4.83780842544,3.0,11.0,0.014014014014,0,-0.0276886661925,-0.0791255759811,5,659
158,1,7.10313737792,1.0,9.0,0.014014014014,0,0.661558727293,0.11846119604,5,413
159,1,4.2101861414,,12.0,0.019019019019,0,-0.497609279792,0.703013980781,5,379
160,1,6.3128107107,,7.0,0.031031031031,0,0.42709312211,0.0315313443686,5,220
161,1,2.50613919242,2.0,5.0,0.022022022022,0,-0.638956568071,-0.576991103372,5,181
162,1,6.59060633971,6.0,11.0,0.026026026026,0,0.884962393131,-1.06428083968,5,348
163,1,0.273508582639,0.0,11.0,0.031031031031,0,-1.39709843119,-0.535196123796,5,155
164,1,11.6973947489,,13.0,0.029029029029,0,0.969434466489,3.78909134942,5,429
165,1,6.94500165288,6.0,9.0,0.016016016016,0,0.637885136064,0.0313462446878,5,602
166,1,5.14185902722,4.0,15.0,0.021021021021,0,0.335828882932,-0.865627621578,5,635
167,1,8.72709988813,5.0,21.0,0.026026026026,0,0.480961955705,2.28421402102,5,551
168,1,5.60972450174,4.0,11.0,0.022022022022,0,-0.333532642244,1.61032242847,5,460
169,1,4.40013639603,4.0,9.0,0.016016016016,0,-0.487806744343,0.863556629058,5,405
170,1,3.21936458913,1.0,11.0,0.024024024024,0,0.112062279628,-2.11682224976,5,394
171,1,6.42734360234,2.0,12.0,0.032032032032,0,0.210404829663,0.796129113353,5,337
172,1,1.95349038326,,2.0,0.022022022022,0,-0.993126239601,-0.0671308979377,5,56
173,1,4.50607854237,4.0,8.0,0.037037037037,0,-0.594864160975,1.2906710253,5,148
174,1,5.65617505435,3.0,8.0,0.023023023023,0,-0.326034399987,1.63427825431,5,402
175,1,4.88818005155,4.0,12.0,0.026026026026,0,0.319931596255,-1.07161473721,5,508
176,1,9.04885163924,2.0,13.0,0.024024024024,0,0.43401888688,2.7467949786,5,344
177,1,11.356697783,2.0,16.0,0.017017017017,0,2.04842760454,0.211414969352,5,853
178,1,3.22837245035,3.0,6.0,0.028028028028,0,-1.04146274764,1.35276069326,5,197
179,1,7.41776275538,3.0,14.0,0.021021021021,0,0.867266198146,-0.184035839059,5,471
180,1,6.38172008838,2.0,8.0,0.026026026026,0,-0.332170634493,2.37823199186,5,320
181,1,9.91204649097,1.0,16.0,0.021021021021,0,0.999955051835,1.91218133547,5,921
182,1,0.926787910611,,7.0,0.036036036036,0,-1.49906287007,0.42397652083,5,280
183,1,8.19262244437,8.0,14.0,0.018018018018,0,0.0646299400521,2.99873262421,5,619
184,1,3.46329257514,,4.0,0.029029029029,0,0.239549077791,-2.25535465823,5,124
185,1,0.0082116913633,,1.0,0.016016016016,0,-0.809622577539,-2.56292057602,5,35
186,1,-0.0943733612151,,3.0,0.016016016016,0,-1.24330589301,-1.36445568217,5,169
187,1,5.86012016042,1.0,7.0,0.023023023023,0,0.211096021064,0.226832097232,5,327
188,1,6.81173003894,4.0,10.0,0.013013013013,0,0.566728370937,0.111544926125,5,664
189,1,4.30768226346,,5.0,0.02002002002,0,0.0263921689971,-0.77149424353,5,142
190,1,1.92023181568,,2.0,0.014014014014,0,-0.609584362664,-1.25101509633,5,137
191,1,3.30079831444,,6.0,0.02002002002,0,-0.610119570161,0.131157024918,5,144
192,1,5.46061308609,2.0,6.0,0.028028028028,0,0.12091227789,0.0978762524192,5,202
193,1,0.923125860755,,4.0,0.029029029029,0,-1.2638285127,-0.285388601144,5,63
194,1,6.2269467117,4.0,22.0,0.028028028028,0,0.0254664094121,1.15054748347,5,746
195,1,8.56313823715,2.0,16.0,0.022022022022,0,0.740807262289,1.34071645028,5,701
196,1,6.51383935847,0.0,9.0,0.039039039039,0,0.346206379393,0.475220220286,5,136
197,1,3.16077544676,0.0,5.0,0.02002002002,0,-0.155029492818,-1.37413607479,5,115
198,1,7.58365961631,4.0,10.0,0.025025025025,0,1.45274163517,-1.77456528921,5,418
199,1,1.7579128137,,9.0,0.017017017017,0,-0.0810537493961,-2.99892593811,5,305
200,1,3.93351518895,,12.0,0.022022022022,0,-0.0489259881415,-0.919706846621,5,459
201,1,6.33888299898,,13.0,0.027027027027,0,0.894993929882,-1.34609879067,5,466
202,1,6.63663349375,2.0,12.0,0.013013013013,0,0.27236508923,0.819538226057,5,938
203,1,1.87363032465,1.0,10.0,0.017017017017,0,-1.62464395007,1.74756217487,5,589
204,1,1.14095230341,,8.0,0.018018018018,0,-1.42203457727,0.407056035208,5,234
205,1,-3.62924341008,,3.0,0.028028028028,0,-2.07343196944,-2.40894750177,5,102
206,1,5.12120472164,,15.0,0.016016016016,0,-0.676039031939,2.14932181746,5,865
207,1,6.64289265741,2.0,15.0,0.024024024024,0,0.588992315393,-0.124084288766,5,483
208,1,1.307307912,,4.0,0.027027027027,0,-0.73830578185,-1.47777474245,5,99
209,1,6.95515117271,,12.0,0.019019019019,0,0.596462237801,0.165764459309,5,528
210,1,5.49553967545,5.0,11.0,0.02002002002,0,-0.559980129427,2.17548006374,5,498
211,1,4.60761388856,,20.0,0.021021021021,0,0.106888403765,-0.713051322732,5,778
212,1,7.91130122856,2.0,17.0,0.023023023023,0,0.280637349271,2.06938918074,5,784
213,1,9.00706860662,3.0,20.0,0.028028028028,0,1.63772121465,-0.906095037321,5,615
214,1,5.15436121842,3.0,6.0,0.026026026026,0,-0.359242289942,1.23208808825,5,297
215,1,2.83120318204,1.0,5.0,0.024024024024,0,-0.514272413585,-0.625979577204,5,369
216,1,4.73885099412,1.0,11.0,0.021021021021,0,0.323965682283,-1.23304605273,5,315
217,1,10.7601709615,6.0,19.0,0.028028028028,0,0.810035184712,3.33006540732,5,654
218,1,6.56609074682,1.0,15.0,0.025025025025,0,-0.17755122767,2.09874442983,5,537
219,1,-0.05530357378,,3.0,0.014014014014,0,-1.72460750596,0.118518944101,5,60
220,1,9.91395409334,3.0,12.0,0.015015015015,0,1.14611292753,1.47561531076,5,563
221,1,7.28051827281,3.0,15.0,0.02002002002,0,1.62974109059,-2.60870499895,5,753
222,1,3.66562194071,0.0,9.0,0.012012012012,0,-0.525571968238,0.242337845421,5,614
223,1,6.68805908316,,9.0,0.016016016016,0,0.451988844869,0.332092548552,5,277
224,1,5.10725906993,2.0,8.0,0.017017017017,0,0.456924336316,-1.26351393902,5,287
225,1,4.35263886912,3.0,6.0,0.021021021021,0,-0.392126209905,0.52901749884,5,188
226,1,7.95964870152,,18.0,0.032032032032,0,1.14348032211,-0.470792264804,5,461
227,1,1.88440026153,0.0,8.0,0.027027027027,0,-1.18060602657,0.426218341248,5,233
228,1,3.71537944189,,19.0,0.022022022022,0,-0.316760936473,-0.334337748691,5,814
229,1,5.34680459258,,30.0,0.037037037037,0,-0.375506930031,1.47332538267,5,790
230,1,5.46152032743,3.0,21.0,0.022022022022,0,0.459872041116,-0.918095795922,5,972
231,1,4.30493505988,,13.0,0.023023023023,0,-0.721878043908,1.4705691916,5,651
232,1,1.66251884551,0.0,6.0,0.021021021021,0,-0.689219832272,-1.26982165768,5,118
233,1,4.0302626473,3.0,6.0,0.028028028028,0,-0.190189392456,-0.399169175335,5,68
234,1,3.28766715185,3.0,8.0,0.018018018018,0,-0.43622649704,-0.403653357031,5,464
235,1,2.64968803624,,6.0,0.021021021021,0,0.0449772000982,-2.48524356405,5,86
236,1,10.6612337414,8.0,11.0,0.019019019019,0,1.58956771989,0.8925305817,5,663
237,1,-1.47688309722,,0.0,0.022022022022,1,-2.46191749222,0.908869379433,5,55
238,1,0.362721110593,,2.0,0.029029029029,0,-1.56782708003,0.0662023506883,5,47
239,1,6.98005454454,2.0,17.0,0.019019019019,0,1.51175199122,-2.55520142913,5,724
240,1,8.76731270789,6.0,19.0,0.021021021021,0,1.47235553204,-0.64975388822,5,803
241,1,8.1743077932,6.0,20.0,0.029029029029,0,0.548836427289,1.52779851133,5,642
242,1,5.90441685753,,7.0,0.03003003003,0,0.26463125781,0.110523084105,5,75
243,1,4.35156378123,,11.0,0.017017017017,0,-0.448056491167,0.69573325473,5,432
244,1,4.22439630367,,14.0,0.021021021021,0,-0.499278968957,0.722233210541,5,513
245,1,9.70998932849,5.0,10.0,0.024024024024,0,1.83341539141,-0.790256845743,5,268
246,1,7.48038083367,3.0,12.0,0.015015015015,0,0.347399164251,1.43818334092,5,665
247,1,5.45503485452,,10.0,0.016016016016,0,-0.436086654735,1.76329481873,5,622
248,1,2.39453710139,2.0,4.0,0.017017017017,0,-0.635443027602,-0.699133815804,5,309
249,1,-0.136515323981,,5.0,0.019019019019,0,-1.9534825566,0.723932345804,5,232
250,1,0.22318637827,0.0,11.0,0.021021021021,0,-1.14393544939,-1.34500727355,5,534
251,1,3.44245717976,3.0,5.0,0.018018018018,0,-0.781862821384,0.788045643909,5,272
252,1,10.1292658152,10.0,12.0,0.015015015015,0,0.943793972497,2.29788389769,5,584
253,1,3.90517506035,1.0,4.0,0.013013013013,0,-0.80828673234,1.33003525737,5,145
254,1,5.37880821438,5.0,6.0,0.017017017017,1,0.302473478835,-0.528612222124,5,328
255,1,3.47691228281,,4.0,0.012012012012,0,-0.441640474359,-0.198166294108,5,167
256,1,6.88025875805,5.0,18.0,0.018018018018,0,0.834913505139,-0.624481757364,5,909
257,1,2.41662156914,,6.0,0.019019019019,0,-0.491333643584,-1.10937750011,5,147
258,1,4.35438431547,,9.0,0.018018018018,0,0.274233048344,-1.46831482956,5,139
259,1,3.31110064815,0.0,8.0,0.029029029029,0,-0.79548578451,0.697558001677,5,317
260,1,11.6958981248,11.0,13.0,0.014014014014,0,2.26741103908,-0.106334992459,5,824
261,1,10.4897292515,3.0,13.0,0.02002002002,0,1.96548239094,-0.406717921276,5,436
262,1,10.5188214039,8.0,13.0,0.017017017017,0,1.00458419016,2.50506883341,5,679
263,1,9.51226693369,7.0,12.0,0.014014014014,0,1.08967876808,1.24323062943,5,789
264,1,1.82764301806,1.0,5.0,0.019019019019,0,-0.575943222488,-1.44452731447,5,171
265,1,-0.339282456654,,9.0,0.028028028028,0,-1.28453935179,-1.4856644013,5,176
266,1,7.01838686477,7.0,13.0,0.023023023023,0,0.335475784088,1.01195951251,5,431
267,1,2.70256722354,1.0,5.0,0.032032032032,0,-0.130073383994,-1.90721262448,5,190
268,1,1.8114965538,0.0,8.0,0.016016016016,0,-0.803627780014,-0.77762010616,5,307
269,1,8.83029746748,4.0,20.0,0.031031031031,0,0.480541687378,2.38867240534,5,598
270,1,7.93790916936,1.0,8.0,0.017017017017,0,0.892984887699,0.258954506264,5,362
271,1,0.73382573608,,7.0,0.022022022022,0,-1.3928984812,-0.0874788203343,5,377
272,1,1.51364164461,,14.0,0.016016016016,0,-1.33522120819,0.519305269174,5,799
273,1,5.16527687432,4.0,8.0,0.012012012012,0,-0.0963915732253,0.454451593995,5,350
274,1,7.5611457394,7.0,9.0,0.015015015015,0,1.2239732852,-1.11077411621,5,769
275,1,4.24591600531,,5.0,0.021021021021,0,-0.334348423713,0.24896127645,5,104
276,1,-0.279891667956,,1.0,0.017017017017,0,-1.16514485708,-1.78445709673,5,10
277,1,8.64218116233,2.0,16.0,0.018018018018,0,0.385611407176,2.4853469408,5,833
278,1,6.68699686603,,15.0,0.018018018018,0,0.445783764723,0.349645571864,5,705
279,1,2.75688954542,,3.0,0.017017017017,0,-1.10247259248,1.06430732286,5,162
280,1,-1.74440599827,,13.0,0.022022022022,0,-1.7496595572,-1.49542732667,5,605
281,1,0.587498717991,,1.0,0.017017017017,0,-1.45205618762,-0.0563327191389,5,31
282,1,-3.66135366835,,4.0,0.018018018018,0,-1.89415093954,-2.97890084975,5,114
283,1,10.2204819128,10.0,12.0,0.015015015015,0,1.80432826665,-0.192502887152,5,716
284,1,9.81070318665,2.0,11.0,0.014014014014,0,0.368940130715,3.70388279451,5,490
285,1,0.165063775152,,3.0,0.014014014014,0,-1.27194567376,-1.01909920356,5,159
286,1,9.9418538952,1.0,10.0,0.011011011011,0,0.908049812403,2.217704458,5,675
287,1,-1.14277149417,,2.0,0.014014014014,0,-1.64430183214,-1.20986599775,5,103
288,1,4.27354778787,1.0,5.0,0.028028028028,0,-0.973601341838,2.19435181339,5,178
289,1,7.79482033297,0.0,10.0,0.015015015015,0,-0.119407115272,3.15304167879,5,695
290,1,-0.0712402752719,,14.0,0.018018018018,0,-0.822495815819,-2.60375282781,5,774
291,1,8.94800812566,5.0,10.0,0.014014014014,0,0.486818114123,2.48755378329,5,398
292,1,5.00922239657,4.0,16.0,0.023023023023,0,-0.279738514038,0.848437938688,5,504
293,1,-0.35152766927,,1.0,0.023023023023,0,-1.74583289711,-0.11402897794,5,37
294,1,5.18543016328,2.0,14.0,0.018018018018,0,-0.264729036941,0.979617274098,5,690
295,1,3.68022493028,,7.0,0.018018018018,0,0.246312771273,-2.05871338354,5,373
296,1,6.34398584843,4.0,12.0,0.012012012012,0,0.287445169349,0.481650340383,5,857
297,1,4.22666344438,,11.0,0.021021021021,0,-0.126875937009,-0.39270874459,5,354
298,1,-0.457237002673,,3.0,0.018018018018,0,-2.05240637852,0.699982132876,5,64
299,1,3.56091674781,3.0,4.0,0.017017017017,1,-0.390833072428,-0.266584034905,5,300
300,1,5.43734094986,4.0,8.0,0.013013013013,0,-0.878876722224,3.07397111653,5,292
301,1,8.8991798229,2.0,12.0,0.013013013013,0,0.910317482714,1.16822737475,5,757
302,1,8.35557136726,0.0,11.0,0.025025025025,0,0.837727355757,0.842389299992,5,386
303,1,8.46233365912,3.0,10.0,0.012012012012,0,0.786931872997,1.10153804013,5,279
304,1,6.00193298813,3.0,7.0,0.018018018018,0,1.04003677225,-2.11817732861,5,134
305,1,6.94749018158,6.0,18.0,0.022022022022,0,-0.321927560419,2.91327286284,5,902
306,1,6.52545689222,6.0,13.0,0.014014014014,0,0.999735901907,-1.4737508135,5,860
307,1,7.24554978003,2.0,15.0,0.017017017017,0,0.295800455493,1.35814841355,5,911
308,1,9.81924201618,5.0,13.0,0.014014014014,0,1.76317364105,-0.470278906956,5,946
309,1,5.38033990397,2.0,16.0,0.017017017017,0,-0.342302171956,1.40724641984,5,735
310,1,12.6776131903,12.0,13.0,0.016016016016,1,2.20842738364,1.05233103941,5,889
311,1,4.93604890881,4.0,6.0,0.014014014014,0,-0.0763415651665,0.165073604309,5,240
312,1,4.84811208248,0.0,5.0,0.021021021021,0,-0.0802949329054,0.0889968811946,5,203
313,1,10.7552172941,3.0,11.0,0.021021021021,0,1.52852521859,1.16964163832,5,276
314,1,4.81418494783,2.0,7.0,0.024024024024,0,-0.490136444459,1.28459428121,5,210
315,1,1.05338232731,,12.0,0.014014014014,0,-1.43955257495,0.372040052173,5,730
316,1,-6.61554612118,,3.0,0.011011011011,0,-3.52349879391,-1.04504973945,5,100
317,1,4.68376316973,,5.0,0.018018018018,0,0.729330134909,-2.504227235,5,201
318,1,1.22880647814,,10.0,0.012012012012,0,-1.11832763471,-0.416210617723,5,720
319,1,4.86481025531,,5.0,0.014014014014,0,0.0602334640625,-0.315890136877,5,351
320,1,8.17751464179,6.0,13.0,0.025025025025,0,1.12248138214,-0.189929504621,5,478
321,1,12.412962583,0.0,17.0,0.021021021021,0,1.85469621751,1.84887393049,5,712
322,1,2.76794963551,1.0,4.0,0.019019019019,0,-0.225141653756,-1.55662540323,5,157
323,1,6.20222863296,2.0,9.0,0.018018018018,0,0.19184159834,0.626703837944,5,470
324,1,2.49954395263,0.0,3.0,0.019019019019,0,-0.920558315129,0.26121889802,5,168
325,1,5.81264486498,,6.0,0.016016016016,0,0.673071197104,-1.20656872633,5,523
326,1,3.66965091915,,6.0,0.017017017017,0,-0.733591312902,0.870424857854,5,339
327,1,6.17261789655,,15.0,0.023023023023,0,-0.315709222193,2.11974556313,5,696
328,1,10.3965447467,0.0,11.0,0.014014014014,0,1.92210184666,-0.369760793299,5,840
329,1,4.28279526716,,7.0,0.016016016016,0,-0.295951506203,0.170649785773,5,331
330,1,5.42203990947,,12.0,0.02002002002,0,0.989670857696,-2.54697266362,5,519
331,1,6.11533746995,4.0,7.0,0.022022022022,0,0.294644338841,0.23140445343,5,208
332,1,4.62543350267,4.0,6.0,0.02002002002,0,-0.474593511506,1.04921403719,5,194
333,1,7.68511722658,4.0,10.0,0.015015015015,0,0.346176398134,1.64658803218,5,591
334,1,2.08960914608,1.0,14.0,0.021021021021,0,-0.373665983231,-1.78939290422,5,697
335,1,5.42329364804,,6.0,0.017017017017,0,0.425028799137,-0.851792749372,5,92
336,1,0.149812283706,0.0,15.0,0.02002002002,0,-1.31150450896,-0.915674189427,5,606
337,1,5.72877186518,3.0,11.0,0.017017017017,0,-0.513861561401,2.27035654938,5,421
338,1,3.03891808553,1.0,4.0,0.015015015015,0,-0.616142794646,-0.112653530533,5,302
339,1,7.19767320644,1.0,8.0,0.012012012012,0,0.429305135214,0.909757800795,5,633
340,1,9.12457851485,7.0,15.0,0.016016016016,0,1.17320457709,0.604964783589,5,962
341,1,2.25813099293,1.0,9.0,0.019019019019,0,-0.277357597389,-1.9097962149,5,425
342,1,7.09807499612,,19.0,0.022022022022,0,0.143941829892,1.66624950644,5,901
343,1,8.94887734483,8.0,10.0,0.016016016016,0,1.30406200003,0.0366913447422,5,491
344,1,2.51829011714,,3.0,0.01001001001,0,-0.880257877637,0.159063750048,5,38
345,1,7.97562518288,3.0,8.0,0.011011011011,0,0.825641957219,0.498699311224,5,574
346,1,12.4932532244,12.0,13.0,0.014014014014,1,2.41812241581,0.238885976935,5,963
347,1,8.40438014137,0.0,14.0,0.016016016016,0,0.715071396071,1.25916595316,5,733
348,1,9.45738727823,8.0,14.0,0.015015015015,0,0.803964819115,2.04549282089,5,797
349,1,2.01855883464,,4.0,0.017017017017,0,-0.202164182374,-2.37494861824,5,152
350,1,2.75636545096,0.0,13.0,0.018018018018,0,0.320699501452,-3.2057330534,5,741
351,1,7.77897038132,7.0,9.0,0.015015015015,0,0.568670525744,1.07295880409,5,486
352,1,5.33551496611,5.0,6.0,0.019019019019,1,0.246635751936,-0.404392289697,5,215
353,1,6.12168006061,6.0,11.0,0.014014014014,0,0.678564262769,-0.914012727699,5,776
354,1,2.14986829927,,5.0,0.021021021021,0,-0.507984134993,-1.32617929575,5,94
355,1,3.70165262399,1.0,5.0,0.015015015015,0,-0.665124557157,0.697026295462,5,406
356,1,1.62843379819,1.0,8.0,0.016016016016,0,-0.992893927101,-0.392884420504,5,433
357,1,4.36781733185,2.0,8.0,0.016016016016,0,0.0472065951674,-0.773802453651,5,529
358,1,0.114561485531,,9.0,0.018018018018,0,-1.26068520234,-1.10338290744,5,415
359,1,7.53653031588,4.0,9.0,0.018018018018,0,1.57194169094,-2.17929475695,5,445
360,1,9.52380638185,9.0,11.0,0.013013013013,0,1.83509211963,-0.981469977025,5,739
361,1,5.32005755897,5.0,14.0,0.017017017017,0,0.648317233314,-1.62489414098,5,838
362,1,3.11084325422,2.0,4.0,0.015015015015,0,-0.307595390868,-0.966370573175,5,216
363,1,5.12948298015,,6.0,0.017017017017,0,0.247228623076,-0.61220288908,5,340
364,1,2.72969527644,2.0,4.0,0.017017017017,0,-1.21874414086,1.38592769903,5,156
365,1,8.7278761336,6.0,13.0,0.023023023023,0,1.13832664007,0.312896213386,5,427
366,1,2.51522469816,0.0,5.0,0.012012012012,0,-0.855887808805,0.0828881245744,5,370
367,1,9.0444364463,9.0,10.0,0.017017017017,1,0.905771108382,1.32712312116,5,683
368,1,5.43822874475,,7.0,0.012012012012,0,0.0628551531955,0.249663285163,5,273
369,1,-0.327519884474,,0.0,0.014014014014,1,-0.97890815167,-2.39079542947,5,33
370,1,1.95322807978,0.0,3.0,0.016016016016,0,-1.38719371777,1.11480923307,5,191
371,1,3.8196631089,,12.0,0.025025025025,0,-0.928812478731,1.60610054509,5,448
372,1,8.29493498085,4.0,17.0,0.018018018018,0,0.657820885183,1.3214723253,5,758
373,1,7.33423558456,4.0,9.0,0.017017017017,0,1.74122138027,-2.88942855624,5,550
374,1,4.58146949952,,10.0,0.016016016016,0,-0.143832545971,0.0129671374367,5,500
375,1,5.31874933935,1.0,11.0,0.017017017017,0,0.0531372169522,0.159337688489,5,640
376,1,3.87720818809,2.0,8.0,0.014014014014,0,-0.864736834478,1.47141869153,5,422
377,1,7.35863161094,5.0,10.0,0.012012012012,0,0.564211288871,0.665997744329,5,834
378,1,5.47189635064,3.0,6.0,0.013013013013,0,0.308853065605,-0.454662846176,5,444
379,1,7.18430742283,4.0,13.0,0.013013013013,0,0.643079618101,0.255068568527,5,794
380,1,6.80120438501,6.0,12.0,0.014014014014,0,-0.204801453845,2.41560874654,5,749
381,1,-0.246870176198,,0.0,0.012012012012,1,-1.47179651809,-0.83148062193,5,149
382,1,7.72072929572,7.0,9.0,0.013013013013,0,1.28359231725,-1.13004765604,5,813
383,1,3.64031837114,1.0,8.0,0.012012012012,0,-0.858091946538,1.21459421076,5,531
384,1,7.51921119273,,11.0,0.019019019019,0,1.1439970434,-0.912779937482,5,304
385,1,6.40976724742,5.0,14.0,0.015015015015,0,0.148149024706,0.965320173306,5,888
386,1,10.1508386069,10.0,12.0,0.015015015015,0,0.724748548167,2.97659296242,5,721
387,1,5.31727544526,4.0,9.0,0.021021021021,0,0.0476265444431,0.174395811933,5,446
388,1,2.88412985766,,3.0,0.014014014014,0,-0.400606654604,-0.914050178528,5,211
389,1,5.22600229915,2.0,9.0,0.019019019019,0,-0.0851232857306,0.481372156342,5,251
390,1,7.81417559868,7.0,10.0,0.013013013013,0,0.118829398622,2.45768740282,5,808
391,1,7.32765465938,2.0,13.0,0.018018018018,0,1.43330402633,-1.97225741961,5,816
392,1,4.02937841771,3.0,8.0,0.017017017017,0,-0.41843848717,0.284693879221,5,275
393,1,1.85695369223,,2.0,0.012012012012,0,-0.043990478193,-3.01107487319,5,116
394,1,4.39400898275,4.0,10.0,0.021021021021,0,0.247038093348,-1.3471052973,5,416
395,1,4.95940965003,2.0,13.0,0.02002002002,0,0.149505657689,-0.489107323036,5,581
396,1,3.29559639212,2.0,10.0,0.015015015015,0,-0.0443118260868,-1.57146812962,5,526
397,1,5.70163410471,3.0,6.0,0.018018018018,0,0.0269294912305,0.620845631018,5,392
398,1,1.40223019814,,8.0,0.016016016016,0,-1.28653478271,0.261834546259,5,564
399,1,-1.28794680565,,0.0,0.023023023023,1,-1.89171454564,-0.612803168722,5,15
400,1,6.92574727601,5.0,10.0,0.019019019019,0,-0.460069921359,3.30595704009,5,548
401,1,4.3281219483,2.0,7.0,0.017017017017,0,0.0131060674021,-0.711196253905,5,385
402,1,2.08919772171,1.0,8.0,0.018018018018,0,-0.855901610743,-0.343097446066,5,484
403,1,4.44138425473,1.0,5.0,0.015015015015,0,-0.726476395936,1.62081344253,5,183
404,1,5.38085815204,1.0,14.0,0.017017017017,0,-0.496484872798,1.87031277043,5,691
405,1,1.78142647749,0.0,3.0,0.016016016016,0,-0.512336524668,-1.68156394851,5,122
406,1,1.8825598722,,3.0,0.014014014014,0,-0.496084895349,-1.62918544175,5,83
407,1,4.1478294202,0.0,13.0,0.013013013013,0,-1.5068809818,3.66847236559,5,943
408,1,5.51553531026,,8.0,0.018018018018,0,-0.0122595929627,0.552314089151,5,164
409,1,1.64033439847,,3.0,0.017017017017,0,-0.940482243805,-0.538218870114,5,74
410,1,5.30945063513,5.0,8.0,0.01001001001,0,1.31324979857,-3.63029876058,5,768
411,1,3.82547305513,3.0,5.0,0.013013013013,0,-0.170744347696,-0.662293901778,5,282
412,1,4.35321907373,1.0,7.0,0.013013013013,0,-0.276038625218,0.181334949378,5,389
413,1,6.51831133361,,15.0,0.017017017017,0,-0.689891323595,3.58798530439,5,964
414,1,8.67776717431,8.0,10.0,0.012012012012,0,0.634901674979,1.77306214937,5,827
415,1,6.31832321226,5.0,7.0,0.011011011011,0,0.70953534912,-0.810282835102,5,329
416,1,5.33958405273,,7.0,0.016016016016,0,-0.398600931205,1.53538684634,5,345
417,1,0.594123218149,,4.0,0.014014014014,0,-1.25547261487,-0.639458937237,5,244
418,1,0.125098181991,,1.0,0.017017017017,0,-1.17356415143,-1.35420936373,5,18
419,1,-0.0247634722111,,1.0,0.016016016016,0,-0.972887801412,-2.10610006797,5,95
420,1,-2.7233718749,,11.0,0.016016016016,0,-2.32351860813,-0.752816050525,5,230
421,1,7.45941043892,3.0,14.0,0.014014014014,0,1.05069515972,-0.692675040254,5,961
422,1,9.75011293595,,12.0,0.015015015015,0,0.432630168255,3.45222243118,5,719
423,1,1.73242397828,,8.0,0.017017017017,0,-0.811893633286,-0.831895121856,5,269
424,1,3.09026976749,2.0,12.0,0.018018018018,0,-0.613263283493,-0.0699403820291,5,365
425,1,12.3649140554,10.0,16.0,0.019019019019,0,1.87969042633,1.72584277645,5,740
426,1,0.373946516498,,1.0,0.017017017017,0,-0.833047561823,-2.12691079803,5,43
427,1,4.63638417242,,7.0,0.018018018018,0,0.0938003537983,-0.645016888975,5,349
428,1,-1.39520942772,,2.0,0.015015015015,0,-2.36496025796,0.699671346167,5,312
429,1,3.42902252109,1.0,8.0,0.017017017017,0,0.189134697953,-2.13838157277,5,330
430,1,0.316044885122,,5.0,0.015015015015,0,-1.09057155205,-1.41224045873,5,180
431,1,3.25111665833,3.0,4.0,0.015015015015,1,-1.03537288844,1.35723532364,5,338
432,1,7.21406402279,,9.0,0.02002002002,0,0.39080893962,1.04163720393,5,380
433,1,8.83804136712,,17.0,0.017017017017,0,1.15416410768,0.375549044076,5,681
434,1,0.80373818674,,2.0,0.017017017017,0,-0.429693490934,-2.90718134046,5,54
435,1,7.31204820325,7.0,8.0,0.016016016016,1,0.510849995684,0.779498216202,5,492
436,1,9.78303074154,5.0,10.0,0.021021021021,0,1.33937727082,0.764898929085,5,375
437,1,3.44113142931,3.0,11.0,0.015015015015,0,-0.443991697304,-0.226893478781,5,549
438,1,4.3403151442,1.0,13.0,0.016016016016,0,0.366738127378,-1.75989923793,5,668
439,1,10.705858015,10.0,11.0,0.012012012012,1,1.87884711128,0.0693166811774,5,926
440,1,12.5686418196,11.0,13.0,0.014014014014,0,2.64728556762,-0.373214883263,5,871
441,1,6.77498092871,,11.0,0.015015015015,0,1.13451994661,-1.62857891113,5,645
442,1,1.88429242539,1.0,2.0,0.012012012012,1,-1.18243236246,0.431589512771,5,367
443,1,10.0349985639,10.0,12.0,0.013013013013,0,1.39671732421,0.844846591285,5,848
444,1,-1.5311410582,,0.0,0.011011011011,1,-2.26708973749,0.270128154277,5,11
445,1,4.5031627957,0.0,9.0,0.013013013013,0,0.234450457966,-1.2001885782,5,542
446,1,2.42203833507,2.0,5.0,0.014014014014,0,-1.27267441352,1.24006157564,5,342
447,1,4.42721667597,1.0,8.0,0.012012012012,0,0.435957907352,-1.88065704609,5,576
448,1,9.25178468617,3.0,15.0,0.015015015015,0,1.65539044016,-0.714386634329,5,965
449,1,5.81597941711,0.0,7.0,0.017017017017,0,0.269624949894,0.00710456742368,5,306
450,1,1.51421808048,,7.0,0.018018018018,0,-0.74005356661,-1.26562121969,5,368
451,1,4.10402790124,4.0,5.0,0.015015015015,1,-0.47664192363,0.533953672126,5,286
452,1,2.75037095686,0.0,3.0,0.017017017017,0,-0.50434599927,-0.736591045326,5,82
453,1,9.99544285008,9.0,17.0,0.018018018018,0,1.79613089375,-0.392949831169,5,928
454,1,1.3570803292,,3.0,0.01001001001,0,-1.21760308786,0.0098895927679,5,93
455,1,5.62015086008,,9.0,0.016016016016,0,0.270928223536,-0.192633810531,5,643
456,1,10.4051078738,,12.0,0.017017017017,0,0.250886941609,4.65244704894,5,424
457,1,0.921578427051,0.0,7.0,0.013013013013,0,-1.00229453177,-1.07153797763,5,207
458,1,2.86266122983,,3.0,0.013013013013,0,-0.500164479965,-0.63684533027,5,96
459,1,1.54208623859,,5.0,0.025025025025,0,-0.787679349871,-1.0948757118,5,243
460,1,5.73128467485,1.0,7.0,0.016016016016,0,-0.398433899217,1.9265863725,5,335
461,1,6.22854844252,3.0,10.0,0.015015015015,0,0.443752949386,-0.102710405644,5,772
462,1,-0.271689568977,,12.0,0.014014014014,0,-1.46948286126,-0.86324098519,5,599
463,1,10.4503650446,9.0,14.0,0.014014014014,0,2.11039543623,-0.880821264044,5,923
464,1,5.66476699087,0.0,11.0,0.018018018018,0,0.700618271492,-1.4370878236,5,571
465,1,5.70723668707,3.0,9.0,0.013013013013,0,-0.12109943161,1.0705349819,5,595
466,1,1.26419247428,1.0,4.0,0.013013013013,0,-1.44915063436,0.611644377367,5,271
467,1,3.80714545151,,10.0,0.018018018018,0,-0.490697300776,0.279237353833,5,388
468,1,3.64762569341,0.0,5.0,0.012012012012,0,-0.474129846844,0.0700152339394,5,267
469,1,7.06119517288,5.0,10.0,0.016016016016,0,1.30685953906,-1.8593834443,5,628
470,1,9.82781018652,8.0,12.0,0.012012012012,0,1.59671556808,0.0376634822936,5,967
471,1,6.38988804066,5.0,11.0,0.015015015015,0,0.155027887234,0.92480437896,5,610
472,1,7.7707375919,0.0,10.0,0.012012012012,0,0.099617681633,2.471884547,5,750
473,1,3.13831352264,3.0,5.0,0.018018018018,0,0.0881846784295,-2.12624051265,5,179
474,1,4.16693249328,,6.0,0.012012012012,0,0.0731005464348,-1.05236914602,5,463
475,1,3.69770413925,1.0,7.0,0.01001001001,0,0.457060201052,-2.6734764639,5,468
476,1,2.05580894196,,15.0,0.015015015015,0,-0.926690032386,-0.164120960885,5,949
477,1,9.03814777422,6.0,10.0,0.011011011011,0,1.8731529825,-1.58131117327,5,931
478,1,9.68473707775,8.0,12.0,0.013013013013,0,1.74930938832,-0.563191087204,5,914
479,1,9.0498584961,5.0,11.0,0.013013013013,0,1.0924100732,0.77262827649,5,706
480,1,7.16745309312,7.0,8.0,0.016016016016,1,0.124244923478,1.79471832269,5,530
481,1,3.48409579568,,6.0,0.016016016016,0,0.102765712309,-1.82420134125,5,246
482,1,5.30793190041,,11.0,0.012012012012,0,0.133701114391,-0.0931714427689,5,837
483,1,4.39294125618,,16.0,0.018018018018,0,0.486055053371,-2.06522390394,5,884
484,1,10.0779694333,4.0,11.0,0.013013013013,0,1.81553222386,-0.368627238284,5,807
485,1,5.15779149184,2.0,11.0,0.014014014014,0,0.148308037308,-0.287132620087,5,847
486,1,9.76851499511,1.0,10.0,0.013013013013,0,1.02527568896,1.69268792822,5,688
487,1,4.79562649876,,12.0,0.018018018018,0,-0.253654522651,0.556590066715,5,588
488,1,4.96978270491,3.0,10.0,0.016016016016,0,-0.131356406703,0.363851925016,5,786
489,1,1.95156889288,,2.0,0.019019019019,0,-1.43043612398,1.24287726484,5,22
490,1,-0.746909975547,,1.0,0.017017017017,0,-0.943156636036,-2.91744006744,5,69
491,1,10.7997062997,9.0,13.0,0.019019019019,0,1.61617349588,0.951185812049,5,502
492,1,5.50922810782,4.0,7.0,0.017017017017,0,0.369559899911,-0.599451591909,5,296
493,1,2.15176584964,1.0,6.0,0.013013013013,0,-0.766359498418,-0.549155655102,5,555
494,1,3.33533257967,,4.0,0.019019019019,0,0.0234254548364,-1.73494378484,5,90
495,1,7.38707490617,7.0,9.0,0.015015015015,0,0.495628960931,0.900188023372,5,601
496,1,0.677091392575,,2.0,0.013013013013,0,-0.795264368769,-1.93711550112,5,143
497,1,-0.0335609592098,,7.0,0.012012012012,0,-1.21139398525,-1.39937900347,5,710
498,1,4.59531997896,,5.0,0.013013013013,0,0.0729883968404,-0.623645211557,5,185
499,1,0.585700337698,0.0,5.0,0.012012012012,0,-0.596734570853,-2.62409594974,5,138
500,1,0.301182915469,,2.0,0.016016016016,0,-1.62723177754,0.182878248076,5,46
501,1,-0.391051239818,,2.0,0.018018018018,0,-1.17921235908,-1.85341416257,5,29
502,1,8.13427789322,3.0,9.0,0.011011011011,0,0.426131121088,1.85588452995,5,727
503,1,2.2993102533,0.0,3.0,0.02002002002,0,-0.0112045173493,-2.66707619465,5,106
504,1,6.342588063,1.0,11.0,0.011011011011,0,0.108138986588,1.01817110324,5,971
505,1,-0.0609585529266,,0.0,0.014014014014,1,-1.0859511166,-1.80310520313,5,14
506,1,10.176388732,10.0,11.0,0.011011011011,1,1.71826878684,0.0215823714905,5,924
507,1,3.61565899828,1.0,5.0,0.013013013013,0,-0.404676411072,-0.170311768508,5,163
508,1,-1.3441914674,,3.0,0.013013013013,0,-0.889606884046,-3.67537081526,5,36
509,1,9.77034728551,9.0,11.0,0.012012012012,0,0.701522723309,2.66577911559,5,910
510,1,4.23856075654,2.0,8.0,0.012012012012,0,0.299438567807,-1.65975494688,5,346
511,1,10.6974230978,5.0,11.0,0.013013013013,0,1.31403561434,1.75531625475,5,845
512,1,6.43836516662,5.0,7.0,0.017017017017,0,0.578220183309,-0.296295383308,5,556
513,1,5.98971560091,0.0,7.0,0.013013013013,0,0.000690423579244,0.98764433017,5,262
514,1,8.10728651153,6.0,11.0,0.014014014014,0,0.244831597009,2.3727917205,5,677
515,1,9.62469344408,8.0,13.0,0.018018018018,0,0.856283671936,2.05584242828,5,717
516,1,3.66060671481,3.0,11.0,0.012012012012,0,-0.156101226346,-0.871089606154,5,898
517,1,4.23450515507,1.0,5.0,0.013013013013,0,-0.474932644584,0.659303088824,5,363
518,1,4.62296179612,3.0,8.0,0.015015015015,0,-0.787159969944,1.98444170595,5,552
519,1,-4.36174254991,,0.0,0.012012012012,1,-2.64131937231,-1.43778443298,5,50
520,1,8.75024013053,8.0,11.0,0.012012012012,0,0.609318359354,1.92228505247,5,812
521,1,1.2515603845,0.0,3.0,0.012012012012,0,-1.27354024661,0.0721811243252,5,319
522,1,6.50638824716,3.0,12.0,0.013013013013,0,0.196536312624,0.916779309286,5,823
523,1,4.63147853521,2.0,6.0,0.01001001001,0,0.21094719589,-1.00136305246,5,689
524,1,7.19819970794,6.0,9.0,0.014014014014,0,1.48344321693,-2.25212994285,5,495
525,1,4.19437055293,4.0,16.0,0.018018018018,0,0.104499649704,-1.11912839618,5,828
526,1,6.24375871102,6.0,10.0,0.014014014014,0,-0.000778976969268,1.24609564193,5,756
527,1,4.13433074697,0.0,5.0,0.015015015015,0,0.284983590582,-1.72062002478,5,325
528,1,-1.02484960185,,0.0,0.016016016016,1,-0.98408903921,-3.07258248422,5,108
529,1,8.2485095211,8.0,11.0,0.013013013013,0,0.781168219044,0.905004863968,5,494
530,1,2.8005256844,,4.0,0.014014014014,0,-0.204619203366,-1.5856167055,5,213
531,1,9.16995977638,8.0,10.0,0.014014014014,0,1.210967628,0.537056892368,5,516
532,1,-0.00225210485458,,6.0,0.011011011011,0,-1.590268497,-0.231446613869,5,393
533,1,9.35297010004,8.0,12.0,0.015015015015,0,1.14173633793,0.92776108624,5,684
534,1,3.80915194361,1.0,4.0,0.011011011011,0,-0.643575590723,0.739878715783,5,509
535,1,5.97314905629,5.0,13.0,0.015015015015,0,0.920161125608,-1.78733432053,5,457
536,1,3.12378698573,,4.0,0.014014014014,0,-0.71018343132,0.254337279687,5,173
537,1,5.94216092676,2.0,9.0,0.012012012012,0,0.350963105864,-0.110728390833,5,525
538,1,8.87771907337,1.0,11.0,0.013013013013,0,0.862339783336,1.29069972336,5,572
539,1,5.45427417027,3.0,6.0,0.012012012012,0,1.13187883751,-2.94136234225,5,419
540,1,-0.0876779714964,,4.0,0.013013013013,0,-1.59782434269,-0.294204943424,5,206
541,1,2.59629830314,2.0,7.0,0.011011011011,0,-0.893677009178,0.277329330671,5,603
542,1,2.42079961692,,4.0,0.011011011011,0,-0.723585465382,-0.408443986933,5,257
543,1,4.31119457393,,10.0,0.01001001001,0,0.0395514326304,-0.80745972396,5,699
544,1,3.01034140291,2.0,8.0,0.012012012012,0,0.174175325989,-2.51218457506,5,443
545,1,5.36475607329,0.0,6.0,0.012012012012,0,0.0761766726747,0.136226055268,5,374
546,1,11.3000291544,8.0,12.0,0.014014014014,0,1.23570491643,2.59291440511,5,780
547,1,5.98705770532,0.0,7.0,0.016016016016,0,1.05393078399,-2.17473464664,5,264
548,1,1.9766138137,0.0,14.0,0.014014014014,0,-0.965851981804,-0.12583024089,5,800
549,1,2.09855567321,,4.0,0.011011011011,0,-0.860089465365,-0.321175930693,5,76
550,1,4.49959823095,2.0,14.0,0.018018018018,0,-0.297204192522,0.391210808513,5,836
551,1,8.67044623545,7.0,12.0,0.014014014014,0,0.129686380979,3.28138709252,5,809
552,1,6.5372000933,1.0,7.0,0.018018018018,0,0.74807260793,-0.707017730492,5,242
553,1,4.18159393323,0.0,9.0,0.017017017017,0,-0.398738539819,0.377809552684,5,522
554,1,5.31258364242,1.0,6.0,0.013013013013,0,0.562959467234,-1.37629475928,5,407
555,1,8.29986325889,0.0,9.0,0.014014014014,0,0.548579632267,1.65412436209,5,562
556,1,7.74557840164,7.0,8.0,0.012012012012,1,0.931443769712,-0.0487529075007,5,646
557,1,0.278402464099,,3.0,0.012012012012,0,-1.35513906616,-0.656180337427,5,89
558,1,3.81263214269,3.0,5.0,0.015015015015,0,-0.445559504004,0.149310654706,5,87
559,1,-0.547369522429,,1.0,0.011011011011,0,-1.3864843497,-1.38791647334,5,117
560,1,4.79361798628,2.0,5.0,0.018018018018,0,-0.280414617482,0.634861838725,5,465
561,1,0.29421914538,0.0,2.0,0.013013013013,0,-0.941891087142,-1.88010759319,5,128
562,0,15.3694463496,13.0,,0.013013013013,0,2.88596924771,1.71153860646,5,260
563,1,9.94959503863,6.0,10.0,0.015015015015,0,0.443216842597,3.61994451084,5,420
564,1,4.1931755437,3.0,10.0,0.013013013013,0,0.0484402557447,-0.952145223533,5,861
565,1,-0.0282849122346,,6.0,0.013013013013,0,-1.22123920438,-1.3645672991,5,284
566,1,6.4980486116,2.0,9.0,0.01001001001,0,0.619564281585,-0.360644233157,5,879
567,1,1.64130725795,,5.0,0.013013013013,0,-0.866364602495,-0.759598934566,5,352
568,0,12.1718004282,11.0,,0.011011011011,0,2.47558123339,-0.254943271971,5,525
569,1,4.4981155683,3.0,11.0,0.018018018018,0,-0.557139223211,1.16953323794,5,573
570,1,2.11338186953,,4.0,0.013013013013,0,-0.464790077302,-1.49224789856,5,227
571,1,3.19467979401,1.0,8.0,0.01001001001,0,-0.73239072679,0.391851974382,5,904
572,1,1.52788514503,1.0,7.0,0.015015015015,0,-1.31763418179,0.480787690402,5,479
573,1,6.35407178629,5.0,7.0,0.012012012012,0,-0.229971718746,2.04398694253,5,636
574,1,3.07356902376,,4.0,0.012012012012,0,-0.726117779107,0.251922361077,5,265
575,1,5.19604546479,5.0,9.0,0.014014014014,0,0.158932877785,-0.280753168569,5,652
576,1,7.39938033355,7.0,12.0,0.013013013013,0,0.359786766888,1.32002003288,5,738
577,1,2.63468507184,2.0,7.0,0.013013013013,0,0.0817584801101,-2.61059036849,5,612
578,1,1.70626976338,,3.0,0.014014014014,0,-0.945870304497,-0.456119323134,5,39
579,1,4.84773178966,4.0,10.0,0.014014014014,0,-0.125908599885,0.225457589312,5,670
580,1,8.35477983926,7.0,15.0,0.017017017017,0,0.637894657724,1.44109586609,5,897
581,1,6.24207341602,5.0,7.0,0.016016016016,0,-0.113534947608,1.58267825885,5,235
582,1,5.54743278976,,8.0,0.013013013013,0,-0.288133519921,1.41183334952,5,707
583,1,3.57566264929,2.0,6.0,0.012012012012,0,-0.136685826039,-1.01427987259,5,435
584,1,4.55741501691,,8.0,0.012012012012,0,0.711104971254,-2.57589989685,5,639
585,1,4.28900170842,,10.0,0.014014014014,0,-0.267428367711,0.0912868115513,5,887
586,1,3.0476965489,3.0,4.0,0.015015015015,1,-0.239599858432,-1.2335038758,5,321
587,1,7.89913847003,1.0,9.0,0.011011011011,0,0.642862155588,0.970552003266,5,783
588,0,12.123512976,12.0,,0.012012012012,0,2.29080236405,0.251105883892,5,48
589,0,12.5734599945,10.0,,0.01001001001,0,1.65999714976,2.59346854523,5,620
590,1,6.74982992082,6.0,11.0,0.014014014014,0,1.30420699477,-2.16279106349,5,714
591,1,7.45524945293,2.0,13.0,0.013013013013,0,1.06545048025,-0.741101987813,5,866
592,1,5.05041319779,3.0,9.0,0.011011011011,0,0.110157733728,-0.280060003396,5,744
593,1,7.91020274335,5.0,8.0,0.012012012012,0,1.36362481266,-1.18067169462,5,417
594,1,7.32887590976,3.0,10.0,0.011011011011,0,0.651331387685,0.374881746711,5,806
595,1,4.93872270423,3.0,6.0,0.013013013013,0,-0.515415957908,1.48497057796,5,322
596,1,11.6981297126,8.0,12.0,0.012012012012,0,2.61268387124,-1.13992190111,5,791
597,1,0.931758091744,0.0,3.0,0.013013013013,0,-1.69732565473,1.02373505595,5,111
598,1,10.6789688362,8.0,11.0,0.011011011011,0,1.22649044148,1.99949751173,5,687
599,1,0.297903787489,,4.0,0.014014014014,0,-1.82793975823,0.781723062184,5,133
600,1,10.568455332,9.0,11.0,0.012012012012,0,1.90245293197,-0.138903463909,5,919
601,1,4.28992496972,4.0,9.0,0.012012012012,0,0.666791848117,-2.71045057463,5,493
602,1,4.95941604306,,7.0,0.012012012012,0,-0.445726309573,1.29659497177,5,397
603,1,3.87301672708,2.0,4.0,0.014014014014,0,-0.637752072888,0.786272945742,5,308
604,1,11.1217638298,11.0,12.0,0.012012012012,1,1.68041478715,1.08051946836,5,976
605,0,10.3421879779,10.0,,0.01001001001,0,1.26956412902,1.53349559085,5,952
606,1,2.10813426849,,10.0,0.013013013013,0,-0.733067414749,-0.692663487266,5,702
607,1,8.43804537663,2.0,10.0,0.014014014014,0,0.939993015008,0.618066331605,5,669
608,1,6.28327376813,,10.0,0.011011011011,0,-0.503095530557,2.79256035981,5,846
609,1,11.1399458196,10.0,15.0,0.016016016016,0,1.69585290368,1.05238710859,5,841
610,1,5.91721793317,5.0,7.0,0.011011011011,0,0.138080114013,0.502977591135,5,582
611,1,2.85698758825,1.0,11.0,0.013013013013,0,-0.494811214411,-0.65857876852,5,849
612,1,9.78932389374,9.0,12.0,0.014014014014,0,1.6839994814,-0.26267455046,5,817
613,1,4.81109776172,,9.0,0.012012012012,0,0.24977547555,-0.938228664932,5,568
614,1,0.342647931475,0.0,1.0,0.014014014014,1,-1.05245091002,-1.49999933846,5,85
615,1,4.34618663231,,9.0,0.014014014014,0,-0.143030527797,-0.224721784301,5,570
616,1,11.3622754545,8.0,15.0,0.015015015015,0,1.63524951995,1.45652689467,5,968
617,1,7.29541564505,6.0,9.0,0.016016016016,0,1.58572142564,-2.46174863186,5,593
618,1,1.13299462425,0.0,4.0,0.013013013013,0,-1.49001146928,0.603029032084,5,358
619,1,3.7345876291,,5.0,0.014014014014,0,-0.274812858741,-0.440973794679,5,390
620,1,1.95369972549,,6.0,0.014014014014,0,-0.640320187665,-1.12533971151,5,288
621,1,5.8200651019,5.0,8.0,0.01001001001,0,0.658422168426,-1.15520140338,5,685
622,1,1.11544335671,,5.0,0.017017017017,0,-0.722647337495,-1.71661463081,5,249
623,1,7.35488692922,,8.0,0.012012012012,0,1.02961024999,-0.733943820757,5,726
624,1,7.11553621884,4.0,9.0,0.013013013013,0,0.52341950755,0.545277696187,5,482
625,1,4.11453745869,4.0,9.0,0.01001001001,0,-0.794195763231,1.49712474838,5,751
626,1,3.90529651722,,9.0,0.019019019019,0,-0.109532765791,-0.766105185408,5,745
627,1,7.39159622349,0.0,9.0,0.014014014014,0,1.58920399322,-2.37601575618,5,703
628,0,11.5350704962,11.0,,0.011011011011,0,1.0337911865,3.43369693671,5,887
629,1,1.07744931213,1.0,2.0,0.011011011011,1,-1.72677591197,1.25777704805,5,360
630,1,3.82622779557,3.0,9.0,0.014014014014,0,-0.398961219179,0.0231114531119,5,578
631,1,6.45581411512,6.0,10.0,0.014014014014,0,0.70507007115,-0.659396098328,5,624
632,1,2.29227166684,,9.0,0.013013013013,0,-0.893689883259,-0.0266586833856,5,575
633,1,1.5843619158,0.0,3.0,0.012012012012,0,-1.77511178256,1.90969726347,5,105
634,1,6.03315838739,4.0,9.0,0.011011011011,0,0.330564933754,0.0414635861256,5,818
635,1,4.379630374,0.0,9.0,0.011011011011,0,-0.0301039961122,-0.530057637665,5,667
636,1,6.62834936417,3.0,15.0,0.016016016016,0,0.238611278958,0.912515527297,5,969
637,1,9.37631436557,9.0,11.0,0.011011011011,0,1.58789892221,-0.387382401048,5,955
638,1,3.35939017853,1.0,6.0,0.012012012012,0,-0.981668633078,1.30439607776,5,497
639,1,3.7838418779,2.0,4.0,0.011011011011,0,-0.546110482855,0.422173326466,5,80
640,1,2.92928950389,,7.0,0.012012012012,0,0.164140153311,-2.56313095604,5,454
641,1,-0.430459443633,,1.0,0.012012012012,0,-1.12557178179,-2.05374409827,5,77
642,1,8.55521726786,2.0,12.0,0.013013013013,0,0.983437307744,0.604905344628,5,657
643,0,13.052311564,10.0,,0.01001001001,0,1.7453619592,2.81622568635,5,369
644,1,6.33028828174,4.0,10.0,0.011011011011,0,0.057797762686,1.15689499368,5,867
645,1,4.16748651523,3.0,11.0,0.011011011011,0,-0.544751309268,0.801740443031,5,918
646,1,2.25759438433,0.0,11.0,0.012012012012,0,-0.918346862596,0.0126349721212,5,869
647,1,2.53402840566,2.0,9.0,0.011011011011,0,-0.786304324936,-0.10705861953,5,621
648,1,5.79905419139,1.0,10.0,0.01001001001,0,-0.611013450377,2.63209454252,5,658
649,1,-1.18144378466,,6.0,0.013013013013,0,-1.95870917227,-0.305316267859,5,285
650,1,5.80693072431,5.0,9.0,0.016016016016,0,0.484307674738,-0.645992299906,5,629
651,1,7.66765071031,2.0,8.0,0.013013013013,0,-0.0642165025058,2.86030021783,5,672
652,1,5.27366960139,2.0,8.0,0.011011011011,0,-0.658326832981,2.24865010033,5,752
653,1,3.72703714534,0.0,6.0,0.01001001001,0,0.189012911208,-1.84000158828,5,408
654,1,1.2742767481,,4.0,0.016016016016,0,-0.268737380965,-2.91951110901,5,252
655,1,9.17483840806,9.0,12.0,0.014014014014,0,1.53658500999,-0.434916621901,5,676
656,1,2.81183338495,,6.0,0.012012012012,0,-0.436717207213,-0.878014993406,5,218
657,1,0.84231582963,0.0,9.0,0.012012012012,0,-1.90258771524,1.55007897535,5,844
658,1,8.0365642433,7.0,10.0,0.012012012012,0,0.583386759,1.2864039663,5,892
659,1,5.79380842426,5.0,8.0,0.011011011011,0,-0.0855036694225,1.05031943253,5,650
660,1,6.51313462753,6.0,11.0,0.014014014014,0,0.0391896174463,1.39556577519,5,565
661,1,5.23460326055,5.0,11.0,0.011011011011,0,0.693293835908,-1.84527824717,5,974
662,1,1.3300416879,,6.0,0.012012012012,0,-2.17238279481,2.84719007232,5,451
663,1,1.56765116895,,14.0,0.014014014014,0,-1.19438687952,0.150811807515,5,950
664,1,4.42315979708,,6.0,0.014014014014,0,-0.322846947954,0.391700640946,5,310
665,1,7.39346005078,5.0,10.0,0.012012012012,0,1.29758240886,-1.4992871758,5,915
666,1,-0.174588141156,,4.0,0.012012012012,0,-1.17437625143,-1.65145938687,5,70
667,1,5.15793675982,3.0,8.0,0.014014014014,0,0.70362989818,-1.95295293471,5,524
668,1,6.10343081004,0.0,9.0,0.011011011011,0,-0.353609595575,2.16425959677,5,611
669,1,9.28386548426,5.0,10.0,0.014014014014,0,0.876805913497,1.65344774377,5,545
670,1,6.82523210822,4.0,7.0,0.012012012012,0,0.251331071177,1.07123889469,5,538
671,1,7.86649188147,6.0,9.0,0.011011011011,0,0.0392354411124,2.74878555814,5,858
672,1,10.5553728425,1.0,11.0,0.014014014014,0,1.22755380735,1.87271142044,5,877
673,1,7.31300996184,7.0,10.0,0.014014014014,0,0.278621851667,1.47714440684,5,638
674,1,8.01156843857,2.0,10.0,0.012012012012,0,0.618766252501,1.15526968107,5,801
675,1,9.00941771431,9.0,10.0,0.012012012012,1,1.40836701187,-0.215683321309,5,656
676,1,5.12357397175,4.0,9.0,0.014014014014,0,0.0896330971689,-0.145325319755,5,476
677,1,4.94350363319,,12.0,0.013013013013,0,0.273682695859,-0.877544454389,5,913
678,1,0.252931272514,0.0,2.0,0.013013013013,0,-0.429904853595,-3.4573541667,5,189
679,1,9.07557922037,,13.0,0.014014014014,0,0.714781968741,1.93123331414,5,835
680,1,-1.01243863354,,1.0,0.012012012012,0,-1.40565096993,-1.79548572374,5,72
681,1,7.99929212338,6.0,10.0,0.01001001001,0,0.469807487193,1.5898696618,5,779
682,1,5.41768239476,2.0,9.0,0.01001001001,0,0.244058064229,-0.314491797931,5,630
683,1,8.97281972204,,9.0,0.012012012012,0,0.493450964789,2.49246682767,5,577
684,1,1.18248764788,,2.0,0.014014014014,0,-1.83531051211,1.6884191842,5,88
685,1,9.74233774217,2.0,11.0,0.012012012012,0,1.58870201924,-0.0237683155588,5,698
686,1,-3.07402285369,,3.0,0.014014014014,0,-2.25715307635,-1.30256362464,5,241
687,1,-0.807887792837,,0.0,0.014014014014,1,-1.45688426822,-1.43723498819,5,8
688,1,3.12337678895,,9.0,0.013013013013,0,-0.0129547413654,-1.83775898695,5,503
689,1,8.06777994217,8.0,10.0,0.013013013013,0,0.699520642093,0.969218015894,5,649
690,1,2.76785979107,,4.0,0.013013013013,0,-0.187627265445,-1.66925841259,5,187
691,1,6.41036799239,4.0,9.0,0.01001001001,0,0.443297533037,0.0804753932783,5,872
692,1,5.68591755019,3.0,10.0,0.01001001001,0,0.0540936802899,0.523636509321,5,775
693,1,11.8006200314,5.0,13.0,0.014014014014,0,1.00155300011,3.79596103109,5,929
694,1,8.05701002893,5.0,9.0,0.01001001001,0,0.564640808785,1.36308760257,5,553
695,1,3.05584997548,2.0,5.0,0.013013013013,0,-1.04921012086,1.20348033805,5,311
696,1,2.77239023428,,3.0,0.013013013013,0,-0.276946673656,-1.39676974475,5,98
697,1,3.39265836799,,9.0,0.012012012012,0,0.399959553774,-2.80722029333,5,674
698,1,1.69067288401,,3.0,0.013013013013,0,-0.178646236545,-2.77338840636,5,281
699,0,12.5611152668,11.0,,0.011011011011,0,2.06910453848,1.35380165138,5,897
700,1,5.46097470695,2.0,10.0,0.011011011011,0,0.151299759358,0.0070754288718,5,930
701,0,10.0919181684,10.0,,0.01001001001,0,1.3612263345,1.00823916491,5,294
702,1,4.06791328105,3.0,6.0,0.013013013013,0,0.356566789413,-2.00178708719,5,199
703,1,8.35077724896,8.0,12.0,0.014014014014,0,0.179046340389,2.81363822779,5,815
704,1,7.92846263109,7.0,10.0,0.013013013013,0,1.40363088409,-1.28243002117,5,854
705,0,10.4629319603,10.0,,0.01001001001,0,2.58929689963,-2.30495873856,5,729
706,1,2.73355066612,1.0,12.0,0.016016016016,0,-0.439775915781,-0.947121586541,5,759
707,1,1.15008470355,1.0,5.0,0.013013013013,0,-0.594458559921,-2.06653961668,5,613
708,1,4.76131429668,,10.0,0.011011011011,0,-0.32907024432,0.748525029638,5,821
709,1,7.5893386704,7.0,12.0,0.012012012012,0,1.15161222484,-0.865498004116,5,878
710,1,1.432837903,,3.0,0.014014014014,0,-0.822077489963,-1.10092962711,5,247
711,1,11.1666766613,6.0,13.0,0.013013013013,0,1.88964114522,0.49775322566,5,632
712,1,0.256367182277,0.0,3.0,0.016016016016,0,-1.02409631523,-1.67134387205,5,154
713,1,3.15224125666,,4.0,0.012012012012,0,-0.376943067199,-0.716929541741,5,291
714,1,3.09742322845,,10.0,0.01001001001,0,-0.403805484718,-0.691160317392,5,927
715,1,2.92115915506,,8.0,0.012012012012,0,-1.225769556,1.59846782307,5,396
716,1,6.51700776293,5.0,7.0,0.013013013013,0,0.195823161968,0.92953827703,5,585
717,1,6.3249304729,4.0,10.0,0.011011011011,0,0.380980971971,0.181987556985,5,875
718,1,0.428824254463,,2.0,0.012012012012,0,-0.899356666614,-1.8731057457,5,109
719,1,6.01096440222,5.0,11.0,0.012012012012,0,0.339763097599,-0.00832489057672,5,973
720,1,5.71654257794,5.0,10.0,0.011011011011,0,-1.22046272408,4.37793075017,5,734
721,1,6.67472157114,3.0,11.0,0.012012012012,0,0.0952225197719,1.38905401183,5,805
722,1,10.6664477859,8.0,14.0,0.014014014014,0,1.78320137402,0.316843663872,5,894
723,1,6.48947501766,4.0,9.0,0.011011011011,0,0.205856271734,0.871906202457,5,785
724,1,2.71846221808,,7.0,0.013013013013,0,-0.846968785455,0.259368574449,5,434
725,1,0.0342908876517,,3.0,0.012012012012,0,-1.71845095673,0.189643757852,5,140
726,1,8.22022614247,7.0,9.0,0.012012012012,0,0.657978331401,1.24629114827,5,647
727,1,-0.957469361877,,2.0,0.012012012012,0,-1.44161534364,-1.63262333095,5,226
728,1,9.47294555765,9.0,10.0,0.01001001001,1,1.74165619236,-0.752023019441,5,855
729,1,3.45439105225,3.0,9.0,0.012012012012,0,0.0307165683922,-1.63775865292,5,767
730,1,-1.58088433834,,0.0,0.011011011011,1,-1.02868853529,-3.49481873246,5,48
731,1,4.14986573436,1.0,5.0,0.01001001001,0,0.212741097428,-1.48835755793,5,225
732,1,-1.01588092972,,0.0,0.012012012012,1,-2.12242753019,0.351401660836,5,30
733,1,3.71599465979,2.0,7.0,0.01001001001,0,-0.575159862459,0.441474247162,5,437
734,1,0.487630908005,,1.0,0.01001001001,0,-0.431053158685,-3.21920961594,5,126
735,1,4.58096649945,4.0,5.0,0.01001001001,1,-0.931692017177,2.37604255098,5,336
736,1,8.77870007667,8.0,9.0,0.012012012012,1,1.29506130296,-0.10648383221,5,600
737,1,7.58785527813,7.0,9.0,0.01001001001,0,0.790505107095,0.216339956847,5,725
738,1,5.40621025342,4.0,6.0,0.011011011011,0,-0.148360567362,0.851291955503,5,294
739,1,8.79924181769,6.0,10.0,0.011011011011,0,0.693946450494,1.71740246621,5,782
740,1,3.7445030013,2.0,7.0,0.013013013013,0,-0.611043322393,0.577632968482,5,395
741,1,1.97709288879,0.0,8.0,0.01001001001,0,-1.98749644299,2.93958221777,5,590
742,1,7.22074651705,7.0,9.0,0.012012012012,0,1.29551738706,-1.66580564413,5,441
743,1,6.94381926136,,7.0,0.012012012012,0,0.619882682595,0.0841712135715,5,366
744,1,6.12738706233,5.0,10.0,0.014014014014,0,0.264520859849,0.333824482783,5,558
745,1,3.83884427283,3.0,9.0,0.013013013013,0,-1.35866180405,2.91482968498,5,532
746,1,9.40646532884,8.0,12.0,0.012012012012,0,0.972138612663,1.49004949086,5,941
747,1,10.5490572154,10.0,12.0,0.012012012012,0,1.78602424769,0.190984472323,5,850
748,1,2.24184765429,0.0,3.0,0.012012012012,0,-0.785239343648,-0.402434314762,5,120
749,1,8.62680594828,6.0,10.0,0.011011011011,0,0.670662606544,1.61481812865,5,763
750,1,5.17338036455,3.0,10.0,0.012012012012,0,-0.279125136304,1.01075577347,5,627
751,1,8.83983889275,6.0,9.0,0.01001001001,0,1.11230914109,0.502911469472,5,960
752,0,13.916847077,11.0,,0.011011011011,0,2.2064512361,2.29749336871,5,137
753,1,-1.65675849404,,0.0,0.011011011011,1,-2.29311286139,0.222580090133,5,26
754,1,8.49136580815,7.0,12.0,0.012012012012,0,1.21482712939,-0.153115580004,5,944
755,1,6.0765389792,1.0,8.0,0.013013013013,0,0.711431756691,-1.05775629087,5,412
756,1,7.01466249194,2.0,9.0,0.011011011011,0,0.0626670295662,1.82666140324,5,852
757,1,5.60791168761,3.0,7.0,0.011011011011,0,0.575656554004,-1.1190579744,5,660
758,1,8.73750605561,7.0,10.0,0.012012012012,0,0.188464601007,3.17211225259,5,873
759,1,3.29578550783,3.0,6.0,0.014014014014,0,-1.09037112279,1.5668988762,5,229
760,1,0.34971244721,0.0,2.0,0.012012012012,0,-1.26582684295,-0.852807023945,5,110
761,1,3.89596177487,0.0,4.0,0.01001001001,0,-0.442262495398,0.222749261069,5,261
762,1,8.0873584129,4.0,9.0,0.01001001001,0,0.793505243408,0.706842682679,5,732
763,1,7.1885130522,4.0,10.0,0.01001001001,0,0.42414140712,0.916088830843,5,880
764,1,5.86089507251,4.0,13.0,0.013013013013,0,-0.192775053384,1.43922023266,5,700
765,1,2.97695974135,1.0,7.0,0.012012012012,0,-1.09416199369,1.25944572242,5,404
766,1,5.42937857267,4.0,10.0,0.01001001001,0,-0.37984078444,1.56890092598,5,587
767,1,6.00785404717,1.0,8.0,0.011011011011,0,-0.150363076929,1.45894327796,5,895
768,1,6.78811564135,3.0,9.0,0.01001001001,0,-0.240793865029,2.51049723644,5,709
769,1,9.02266687139,9.0,11.0,0.012012012012,0,0.482432739237,2.57536865368,5,912
770,1,4.49926901842,4.0,7.0,0.013013013013,0,0.644729938632,-2.43492079748,5,442
771,1,4.72863793826,4.0,6.0,0.013013013013,0,0.0641356592239,-0.463769039411,5,499
772,1,2.95108173702,2.0,6.0,0.012012012012,0,-0.743048053079,0.180225896257,5,391
773,1,6.40135015855,6.0,7.0,0.014014014014,1,0.352900632354,0.342648261488,5,536
774,1,8.18097839808,3.0,9.0,0.011011011011,0,0.248911703581,2.43424328733,5,617
775,1,6.14567126762,3.0,8.0,0.012012012012,0,-0.278630873916,1.98156388937,5,521
776,1,5.10820281597,5.0,9.0,0.012012012012,0,0.250387944013,-0.642961016072,5,830
777,1,5.26900638256,5.0,7.0,0.01001001001,0,-0.250277360239,1.01983846328,5,693
778,1,3.42781951581,,10.0,0.011011011011,0,-0.110215838295,-1.24153296931,5,713
779,1,4.66509736471,0.0,5.0,0.011011011011,0,0.00261727897241,-0.342754472212,5,299
780,1,6.17580439483,3.0,10.0,0.01001001001,0,0.469174418542,-0.231718860799,5,671
781,1,4.57352223223,2.0,8.0,0.01001001001,0,0.510386919785,-1.95763852712,5,506
782,1,8.218334726,5.0,10.0,0.01001001001,0,0.677237517351,1.18662217395,5,933
783,1,5.73058767885,0.0,9.0,0.012012012012,0,0.88206215846,-1.91559879653,5,554
784,1,7.10107517668,6.0,9.0,0.01001001001,0,0.611917146728,0.265323736491,5,737
785,1,5.40610042188,5.0,9.0,0.012012012012,0,0.225770526239,-0.271211156839,5,414
786,1,7.3826975117,5.0,8.0,0.012012012012,0,1.2705505651,-1.42895418361,5,682
787,1,0.871303140906,,2.0,0.015015015015,0,-1.25880890975,-0.352270129829,5,67
788,1,5.519867759,5.0,9.0,0.011011011011,0,0.251831821538,-0.235627705618,5,781
789,1,4.5056843103,4.0,5.0,0.011011011011,1,-0.102284868287,-0.187461084841,5,341
790,1,2.49800171755,1.0,5.0,0.012012012012,0,-0.0425737477562,-2.37427703918,5,303
791,1,9.26429907529,0.0,11.0,0.011011011011,0,1.01480165511,1.21989410994,5,826
792,1,2.61438008541,2.0,5.0,0.01001001001,0,-1.22472786677,1.28856368572,5,245
793,1,2.59374794804,1.0,6.0,0.012012012012,0,-0.397886610461,-1.21259222058,5,489
794,1,7.51998481277,1.0,8.0,0.01001001001,0,0.971604785091,-0.394829542497,5,694
795,1,-1.57889229746,,6.0,0.01001001001,0,-1.82902370648,-1.09182117803,5,403
796,1,2.29175365326,1.0,9.0,0.01001001001,0,-1.88723864619,2.95346959183,5,708
797,1,1.3776687759,0.0,9.0,0.012012012012,0,-1.3633213463,0.467632814788,5,704
798,1,5.90614804079,0.0,6.0,0.012012012012,0,0.544734332341,-0.728054956233,5,347
799,1,2.22635655232,2.0,3.0,0.011011011011,1,-0.303476723365,-1.86321327759,5,170
800,1,4.00994491747,1.0,7.0,0.01001001001,0,-0.0540090117257,-0.828028047357,5,129
801,1,3.1893640094,2.0,4.0,0.011011011011,0,-0.876385598976,0.818520806329,5,253
802,1,4.83756459434,1.0,8.0,0.01001001001,0,-0.700210086202,1.93819485295,5,655
803,1,8.44434301193,,9.0,0.011011011011,0,1.61193797071,-1.3914709002,5,715
804,1,8.07157477291,5.0,9.0,0.01001001001,0,1.25023784761,-0.679138769919,5,607
805,1,4.41881531782,3.0,6.0,0.01001001001,0,-0.343236044288,0.448523450681,5,426
806,1,2.42608501674,,3.0,0.011011011011,0,-0.619126011918,-0.716536947505,5,146
807,1,-0.421168761604,,3.0,0.011011011011,0,-1.4926619922,-0.943182785009,5,290
808,1,1.93819214126,0.0,3.0,0.011011011011,0,-0.625613431165,-1.18496756525,5,480
809,1,5.54768082508,5.0,7.0,0.011011011011,0,-0.0250156668074,0.622727825501,5,546
810,1,6.12486116475,4.0,7.0,0.012012012012,0,0.654580946528,-0.838881674835,5,401
811,0,14.0226281917,10.0,,0.01001001001,0,2.59906977325,1.22541887198,5,695
812,1,4.5746144029,,10.0,0.011011011011,0,-0.61432470326,1.41758851268,5,922
813,1,7.14005153954,4.0,9.0,0.01001001001,0,0.363654247721,1.04908879638,5,559
814,1,6.07533155539,6.0,9.0,0.01001001001,0,0.349608144823,0.0265071209239,5,641
815,1,1.3931363789,0.0,2.0,0.01001001001,0,-0.724624674538,-1.43298959748,5,205
816,1,1.67469985178,,8.0,0.012012012012,0,-1.04115984808,-0.201820603992,5,561
817,1,3.84373982821,1.0,10.0,0.011011011011,0,-0.0596560865821,-0.977291912041,5,609
818,1,4.12424213253,2.0,6.0,0.012012012012,0,0.0190731491587,-0.93297731495,5,313
819,1,7.11602880998,4.0,8.0,0.011011011011,0,1.44193320988,-2.20977081965,5,488
820,1,7.30946123955,5.0,10.0,0.01001001001,0,0.505906748659,0.791740993571,5,893
821,1,8.57326795346,7.0,9.0,0.013013013013,0,0.695264017491,1.48747590099,5,557
822,1,1.17156914927,,10.0,0.01001001001,0,-0.652022089416,-1.87236458248,5,886
823,1,4.88431808691,4.0,6.0,0.011011011011,0,0.0877731552948,-0.379001378975,5,543
824,0,10.1190816959,10.0,,0.01001001001,0,1.18559276815,1.56230339142,5,29
825,1,3.31351626909,1.0,5.0,0.01001001001,0,0.179564159757,-2.22517621018,5,266
826,1,9.8244698463,6.0,10.0,0.012012012012,0,0.747588681161,2.58170380281,5,822
827,1,5.40530306577,3.0,10.0,0.013013013013,0,0.21632864279,-0.243682862598,5,514
828,1,5.6553013055,3.0,6.0,0.01001001001,0,0.0972967696926,0.363410996424,5,474
829,1,0.769545766661,0.0,3.0,0.012012012012,0,-0.649294297461,-2.28257134095,5,259
830,1,4.94410415536,,6.0,0.013013013013,0,0.179322660694,-0.593863826723,5,507
831,1,2.91880855815,,5.0,0.01001001001,0,-1.52943895786,2.50712543174,5,324
832,1,8.37965588923,8.0,9.0,0.01001001001,1,1.23939392425,-0.338525883526,5,856
833,1,6.05693376906,2.0,10.0,0.01001001001,0,-0.924647590189,3.83087653962,5,723
834,1,7.17120474175,7.0,9.0,0.01001001001,0,0.563212094799,0.481568457351,5,831
835,1,1.60491269707,1.0,10.0,0.01001001001,0,-1.48607887556,1.06314932377,5,637
836,0,10.9273583571,10.0,,0.011011011011,0,1.32055835599,1.96568328914,5,575
837,1,5.37547289458,,10.0,0.01001001001,0,0.504739811984,-1.13874654137,5,959
838,1,2.12957090597,1.0,4.0,0.011011011011,0,-0.518209208425,-1.31580146875,5,399
839,1,8.23790645855,7.0,9.0,0.011011011011,0,1.00758406977,0.215154249254,5,906
840,0,10.0666271859,10.0,,0.011011011011,0,1.49660987519,0.576797560368,5,214
841,1,1.13157025831,1.0,10.0,0.01001001001,0,-1.04171636412,-0.743280649336,5,947
842,1,2.36697272475,1.0,11.0,0.012012012012,0,-0.27497994857,-1.80808742954,5,862
843,1,2.17738088359,,5.0,0.011011011011,0,-1.03305623669,0.27654959365,5,161
844,1,4.84060189222,0.0,11.0,0.012012012012,0,0.599243243889,-1.95712783944,5,876
845,1,6.87404860374,2.0,7.0,0.011011011011,0,0.37486967779,0.749439570369,5,378
846,1,2.73343348253,,3.0,0.01001001001,0,0.565150265904,-3.96201731519,5,439
847,1,2.66174350683,1.0,10.0,0.01001001001,0,-1.32991251109,1.65148104009,5,760
848,1,6.08087177528,5.0,9.0,0.01001001001,0,0.482124109456,-0.365500553086,5,820
849,1,3.45302408697,2.0,5.0,0.011011011011,0,-0.00407962713284,-1.53473703163,5,332
850,1,9.39713338631,8.0,10.0,0.01001001001,0,1.43844051756,0.0818118336421,5,881
851,1,7.93088170246,7.0,11.0,0.011011011011,0,0.804846385168,0.516342546961,5,948
852,1,2.45521692318,2.0,9.0,0.012012012012,0,-0.626694766927,-0.664698776037,5,400
853,1,3.23595023191,1.0,4.0,0.011011011011,0,-1.44970168915,2.58505529935,5,318
854,0,11.3505084906,11.0,,0.011011011011,0,1.7384445696,1.13517478179,5,574
855,1,7.01550665202,7.0,9.0,0.01001001001,0,1.30773042931,-1.90768463591,5,942
856,1,3.20074330872,3.0,4.0,0.01001001001,1,-0.594217941931,-0.0166028654865,5,334
857,1,6.37694896821,6.0,12.0,0.013013013013,0,0.811586467083,-1.05781043304,5,765
858,1,3.65767241218,3.0,7.0,0.012012012012,0,0.657535740226,-3.31493480849,5,580
859,1,2.4812275264,,6.0,0.01001001001,0,-0.826444088476,-0.0394402081771,5,260
860,1,8.04255895928,8.0,10.0,0.01001001001,0,0.681214682419,0.998914912028,5,842
861,1,1.38593711989,,2.0,0.01001001001,0,-0.227921163117,-2.93029939075,5,263
862,0,11.1074715641,10.0,,0.01001001001,0,2.33835720666,-0.907600055866,5,847
863,1,6.479029886,,7.0,0.01001001001,0,0.978180216934,-1.4555107648,5,384
864,1,2.75231483675,1.0,3.0,0.013013013013,0,-0.574596755192,-0.523894897678,5,301
865,1,4.6942509526,4.0,8.0,0.012012012012,0,-0.324461585168,0.667635708104,5,496
866,1,5.886167131,1.0,6.0,0.00900900900901,0,0.0491321552511,0.73877066525,5,511
867,1,3.53344237209,2.0,4.0,0.01001001001,0,-0.394673377337,-0.2825374959,5,150
868,1,8.97910687769,8.0,9.0,0.01001001001,1,1.14705138819,0.537952713135,5,970
869,0,12.8899101634,10.0,,0.01001001001,0,1.96391077875,1.99817782716,5,318
870,1,4.50439693506,4.0,5.0,0.012012012012,1,0.207753522122,-1.1188636313,5,452
871,1,8.88193580061,7.0,9.0,0.01001001001,0,1.20958358791,0.253185036891,5,839
872,1,2.25721050179,2.0,8.0,0.011011011011,0,-0.628525533039,-0.857212899088,5,544
873,1,1.184270095,,4.0,0.011011011011,0,-1.14009027659,-0.395459075224,5,333
874,1,4.57142487437,,10.0,0.01001001001,0,0.366978472345,-1.52951054267,5,661
875,1,9.60997748262,6.0,11.0,0.012012012012,0,1.27417685089,0.787446929937,5,903
876,1,4.02535451616,3.0,8.0,0.01001001001,0,-0.0358980275073,-0.866951401321,5,851
877,1,-2.17405596676,,0.0,0.01001001001,1,-1.87059370893,-1.56227483997,5,7
878,1,5.79341692994,5.0,8.0,0.012012012012,0,0.675414818049,-1.2328275242,5,475
879,1,6.51066884238,,7.0,0.011011011011,0,0.966837279004,-1.38984299463,5,462
880,1,5.81622060347,3.0,7.0,0.012012012012,0,-0.256427670085,1.58550361372,5,255
881,1,0.679194827596,,2.0,0.012012012012,0,-0.956279979215,-1.45196523476,5,123
882,1,10.1902696958,9.0,11.0,0.011011011011,0,1.31077595079,1.25794184346,5,896
883,1,6.01938130359,4.0,7.0,0.01001001001,0,0.841755587361,-1.50588545849,5,449
884,1,4.82940217424,,12.0,0.012012012012,0,0.526110858046,-1.7489303999,5,883
885,1,4.18351794239,,5.0,0.011011011011,0,-0.496814262049,0.67396072854,5,520
886,1,0.543404737323,,8.0,0.01001001001,0,-0.901643492114,-1.75166478633,5,592
887,1,4.47102969438,2.0,8.0,0.01001001001,0,-0.360773345971,0.553349732289,5,900
888,1,-1.1389556611,,0.0,0.01001001001,1,-1.73368812089,-0.937891298442,5,25
889,1,3.92821162787,3.0,5.0,0.01001001001,0,-0.966339186406,1.82722918708,5,453
890,1,6.96948498728,6.0,10.0,0.01001001001,0,0.238916092745,1.25273670904,5,832
891,1,-1.08963675002,,0.0,0.011011011011,1,-1.00255126101,-3.08198296699,5,13
892,1,6.73973327771,3.0,9.0,0.01001001001,0,0.56650084074,0.040230755487,5,864
893,1,-1.83438735548,,0.0,0.01001001001,1,-1.95052495386,-0.982812493908,5,6
894,1,3.22785740633,,7.0,0.01001001001,0,-0.455371251376,-0.406028839542,5,481
895,1,-0.720987989876,,2.0,0.01001001001,0,-1.51889835152,-1.16429293532,5,236
896,1,8.625349572,2.0,13.0,0.013013013013,0,0.96191637629,0.739600443126,5,934
897,1,9.28731489668,0.0,10.0,0.012012012012,0,1.62156612026,-0.57738346409,5,925
898,1,7.49196675582,5.0,9.0,0.01001001001,0,0.860401276683,-0.0892370742257,5,795
899,1,7.75371086971,1.0,8.0,0.01001001001,0,0.524520435267,1.18014956391,5,742
900,1,4.98857668241,,7.0,0.01001001001,0,0.0407556707803,-0.133690329932,5,547
901,1,5.3877796379,1.0,7.0,0.011011011011,0,-0.380302002728,1.52868564608,5,487
902,1,8.48534999953,6.0,9.0,0.011011011011,0,0.870136539071,0.874940382321,5,885
903,1,9.90101886436,9.0,10.0,0.01001001001,1,1.331274968,0.907193960349,5,966
904,1,3.34722798738,,9.0,0.01001001001,0,-0.673925380768,0.369004129684,5,874
905,1,2.9465605775,,8.0,0.01001001001,0,-1.06001472389,1.12660474916,5,825
906,1,3.57298700606,1.0,5.0,0.011011011011,0,-0.398189615117,-0.232444148587,5,274
907,1,1.54163580464,0.0,2.0,0.011011011011,0,-0.976846015349,-0.527826149316,5,91
908,1,7.47080282815,4.0,8.0,0.01001001001,0,0.158589791306,1.99503345423,5,764
909,1,6.99573528463,,9.0,0.01001001001,0,0.606088772501,0.177468967125,5,566
910,1,3.93696400317,2.0,5.0,0.01001001001,0,0.27771645464,-1.89618536075,5,430
911,1,2.381748746,2.0,5.0,0.01001001001,0,0.0418970317086,-2.74394234913,5,364
912,1,-0.423573023265,,1.0,0.012012012012,0,-1.01319258404,-2.38399527114,5,42
913,1,5.64009735553,,10.0,0.01001001001,0,0.427342429682,-0.641929933516,5,975
914,1,8.08724269594,5.0,9.0,0.01001001001,0,1.40953885885,-1.14137388062,5,796
915,1,-1.74540083545,,1.0,0.01001001001,0,-2.65576157866,1.22188390053,5,53
916,0,10.8404605557,10.0,,0.01001001001,0,1.24988914036,2.09079313459,5,734
917,1,4.17779501926,1.0,9.0,0.01001001001,0,-0.0948713878174,-0.537590817285,5,788
918,1,7.37110253066,7.0,8.0,0.01001001001,1,1.20487299943,-1.24351646763,5,770
919,1,6.51479044966,5.0,8.0,0.01001001001,0,-0.137075408778,1.92601667599,5,728
920,1,10.8990158699,9.0,11.0,0.011011011011,0,2.44231742905,-1.4279364173,5,936
921,1,0.938044306927,0.0,1.0,0.011011011011,1,-1.25706996925,-0.290745785329,5,71
922,1,8.44050184804,6.0,9.0,0.01001001001,0,1.37809962461,-0.693797025799,5,680
923,1,8.27033426452,7.0,10.0,0.01001001001,0,0.951233895399,0.416632578321,5,787
924,1,10.0436703319,6.0,11.0,0.011011011011,0,1.39266697874,0.865669395717,5,945
925,1,9.44319503864,7.0,10.0,0.01001001001,0,0.535015466659,2.83814863866,5,810
926,1,2.20946168849,,8.0,0.01001001001,0,-0.397355609208,-1.59847148388,5,731
927,1,3.16543376302,0.0,7.0,0.01001001001,0,-0.0173725285195,-1.78244865142,5,597
928,1,1.02825049863,,4.0,0.01001001001,0,-1.40308099074,0.237493470832,5,184
929,0,10.3111769935,10.0,,0.01001001001,0,1.10397448194,1.99925354767,5,728
930,1,0.886053216986,,1.0,0.01001001001,0,-1.36433384542,-0.0209452467428,5,16
931,1,9.16031134844,1.0,10.0,0.01001001001,0,0.693316414691,2.08036210436,5,792
932,1,2.98566508123,0.0,12.0,0.012012012012,0,-0.892968054652,0.664569245188,5,937
933,1,7.38043367535,,9.0,0.01001001001,0,0.678433001171,0.34513467184,5,438
934,1,-0.733419761891,,0.0,0.01001001001,1,-1.54359917047,-1.10262225048,5,130
935,1,9.15185558827,7.0,10.0,0.01001001001,0,2.35719583528,-2.91973191757,5,870
936,1,0.206000391598,,8.0,0.01001001001,0,-1.29077149942,-0.921685110136,5,761
937,1,3.02908330264,2.0,5.0,0.011011011011,0,-0.755077079156,0.294314540112,5,135
938,1,5.63375079917,0.0,8.0,0.01001001001,0,0.451315377624,-0.720195333706,5,802
939,1,8.30778632953,6.0,9.0,0.01001001001,0,-0.257728029154,4.08097041699,5,890
940,1,2.51813180264,2.0,8.0,0.01001001001,0,-0.428257544806,-1.19709556295,5,477
941,1,6.05798409113,6.0,7.0,0.01001001001,1,0.598183584122,-0.736566661233,5,618
942,1,5.19222959726,5.0,6.0,0.01001001001,1,0.966765513976,-2.70806694467,5,722
943,1,6.49275725631,6.0,7.0,0.01001001001,1,0.896447198707,-1.19658433981,5,859
944,1,1.42688183377,1.0,10.0,0.01001001001,0,-0.660700050517,-1.59101801468,5,625
945,1,5.95044132922,,8.0,0.01001001001,0,0.631222701887,-0.943226776442,5,673
946,1,4.7243972039,4.0,7.0,0.01001001001,0,-0.42111587676,0.987744834176,5,692
947,1,5.33143327998,1.0,6.0,0.01001001001,0,0.01503132235,0.286339312926,5,579
948,1,8.0829718997,8.0,10.0,0.01001001001,0,0.212294253989,2.44608913773,5,908
949,1,-1.34243845659,,0.0,0.01001001001,1,-2.48766039797,1.12054273731,5,2
950,1,-1.40038413537,,1.0,0.01001001001,0,-1.86696747015,-0.799481724921,5,24
951,1,6.22679499164,,7.0,0.01001001001,0,0.173672991174,0.705776018117,5,458
952,1,5.8338376452,5.0,8.0,0.01001001001,0,0.566533458526,-0.865762730378,5,863
953,1,3.87858883944,0.0,9.0,0.01001001001,0,0.742117557653,-3.34776383352,5,951
954,1,8.0200212409,3.0,10.0,0.01001001001,0,0.335056260452,2.01485245955,5,868
955,1,3.56145512243,,7.0,0.01001001001,0,0.274040402487,-2.26066608503,5,583
956,1,-1.7381766029,,3.0,0.01001001001,0,-2.14888580441,-0.291519189658,5,409
957,1,3.21739572712,3.0,5.0,0.01001001001,0,-0.927869019224,1.00100278479,5,711
958,1,1.26649598246,,4.0,0.01001001001,0,-0.776207672459,-1.40488100016,5,411
959,1,5.999204522,0.0,9.0,0.01001001001,0,0.224567931189,0.325500728431,5,952
960,1,5.43367417087,1.0,9.0,0.01001001001,0,-0.636073182695,2.34189371896,5,648
961,1,8.99679243869,,9.0,0.01001001001,0,1.30312077742,0.0874301064143,5,616
962,1,5.34937474575,5.0,8.0,0.01001001001,0,-0.954423773228,3.21264606543,5,747
963,1,3.44933240539,2.0,10.0,0.01001001001,0,-0.639522638268,0.367900320191,5,954
964,1,9.71379012244,8.0,10.0,0.011011011011,0,1.63291242431,-0.184947150495,5,917
965,1,7.62101952268,7.0,8.0,0.011011011011,1,1.59912178257,-2.17634582503,5,777
966,1,5.20191601865,,6.0,0.01001001001,0,0.891286282899,-2.47194283005,5,440
967,0,13.5356281809,10.0,,0.01001001001,0,2.11805804952,2.18145403236,5,113
968,1,2.72657560563,,3.0,0.011011011011,0,-0.960813604786,0.609016419991,5,121
969,1,2.08186632016,,4.0,0.01001001001,0,-0.377983117339,-1.78418432782,5,469
970,1,-0.0564830056969,,0.0,0.01001001001,1,-1.15756184,-1.5837974857,5,49
971,1,4.08120082862,1.0,6.0,0.011011011011,0,-0.49484642261,0.565740096448,5,222
972,1,7.00988935975,2.0,9.0,0.01001001001,0,0.9206425554,-0.752038306446,5,920
973,1,3.33674069073,0.0,4.0,0.01001001001,0,-0.428982129818,-0.376312919815,5,258
974,1,4.6761633833,4.0,6.0,0.01001001001,0,-0.163362390692,0.16625055538,5,447
975,1,7.26111685767,7.0,10.0,0.01001001001,0,0.801407360047,-0.143105222468,5,956
976,1,8.2476907182,7.0,9.0,0.01001001001,0,0.380150972974,2.10723779927,5,743
977,1,9.97724067354,8.0,10.0,0.01001001001,0,1.7760812432,-0.35100305605,5,953
978,1,-0.502078449556,,0.0,0.01001001001,1,-0.854343252091,-2.93904869328,5,12
979,1,6.86491787949,,9.0,0.01001001001,0,1.00769278563,-1.15816047741,5,666
980,1,2.03292745901,,8.0,0.01001001001,0,-0.0206512467389,-2.90511880077,5,540
981,0,11.093497212,10.0,,0.01001001001,0,1.56807134258,1.38928318427,5,324
982,1,2.24732653185,0.0,9.0,0.01001001001,0,0.117245718919,-3.10441062491,5,754
983,1,8.35337815737,8.0,9.0,0.01001001001,1,0.425479303609,2.07694024655,5,798
984,1,6.66483443753,6.0,7.0,0.01001001001,1,-0.27646961337,2.49424327764,5,811
985,1,5.35268979009,5.0,8.0,0.01001001001,0,0.512282681944,-1.18415825574,5,423
986,1,3.90744013791,,4.0,0.01001001001,0,-0.893804898454,1.58885483328,5,174
987,1,8.33724384084,7.0,10.0,0.01001001001,0,1.48934750549,-1.13079867562,5,932
988,0,11.8621739145,10.0,,0.01001001001,0,1.86904323774,1.25504420132,5,740
989,1,5.04868258794,0.0,7.0,0.01001001001,0,0.0225222308882,-0.0188841047211,5,387
990,1,7.83919369714,6.0,9.0,0.01001001001,0,1.00591013141,-0.178536697108,5,905
991,1,3.60709201982,1.0,4.0,0.01001001001,0,-0.105861815441,-1.07532253386,5,221
992,1,3.57601636618,,7.0,0.01001001001,0,-0.815651538902,1.02297098289,5,819
993,1,9.91989694632,9.0,10.0,0.01001001001,1,1.09445134333,1.63654291631,5,935
994,1,2.18851175967,1.0,4.0,0.01001001001,0,-0.427358751517,-1.52941198578,5,278
995,1,8.83861744154,5.0,10.0,0.01001001001,0,1.15931911433,0.360660098544,5,891
996,0,10.1006434331,10.0,,0.01001001001,0,0.918755060359,2.34437825203,5,337
997,1,5.76581694805,5.0,8.0,0.01001001001,0,0.591981164617,-1.0101265458,5,620
998,1,0.358515566819,0.0,2.0,0.01001001001,0,-0.778488655842,-2.30601846565,5,78
999,1,3.04596420568,3.0,10.0,0.01001001001,0,-0.0748807905195,-1.72939342276,5,940
