name,activated,threshold,before_activation_alters,after_activation_alters,degree,observed,var1,epsilon,constant,activation_order
0,1,7.66554441927,2.0,8,0.022022022022,0,0.897275087338,-0.0262808427444,5,243
1,1,1.16075984137,,3,0.017017017017,0,-1.31126748542,0.0945622976301,5,109
2,1,1.7707361124,0.0,9,0.018018018018,0,-1.17062590084,0.282613814919,5,313
3,1,7.6715006816,5.0,20,0.02002002002,0,0.782475326419,0.324074702342,5,802
4,1,2.90504708939,,19,0.021021021021,0,-1.04153501088,1.02965212204,5,673
5,1,3.84754958823,0.0,8,0.021021021021,0,-0.0854630534779,-0.896061251341,5,256
6,1,6.12434868426,4.0,7,0.022022022022,0,0.387385008701,-0.0378063418449,5,303
7,1,7.16126570551,,12,0.021021021021,0,0.614684678719,0.317211669353,5,363
8,1,5.34331636438,3.0,17,0.021021021021,0,-0.0675278443874,0.54589989754,5,514
9,1,8.29562122252,1.0,9,0.022022022022,0,0.6938599782,1.21404128792,5,345
10,1,5.89115596093,4.0,6,0.021021021021,0,0.513403382716,-0.649054187219,5,309
11,1,2.50658622177,1.0,14,0.021021021021,0,-0.535979755171,-0.885474512713,5,445
12,1,2.03409998887,2.0,14,0.018018018018,0,-0.967471527442,-0.0634854288016,5,578
13,1,3.12857607608,3.0,13,0.019019019019,0,-0.173159620326,-1.35194506294,5,366
14,1,7.46137512832,3.0,11,0.019019019019,0,0.262934237299,1.67257241643,5,390
15,1,14.0304131176,11.0,18,0.019019019019,0,3.23785417698,-0.683149413302,5,717
16,1,4.97655602148,,6,0.018018018018,0,0.0564714994966,-0.192858477007,5,307
17,1,4.62902576041,2.0,9,0.019019019019,0,0.396394044595,-1.56015637337,5,327
18,1,6.74573125381,2.0,11,0.021021021021,0,-0.22008503382,2.40598635527,5,355
19,1,11.8007202962,1.0,16,0.019019019019,0,1.64198660324,1.87476048648,5,459
20,1,4.96749682463,2.0,16,0.019019019019,0,-0.113685387934,0.30855298843,5,432
21,1,6.91862569524,,9,0.016016016016,0,-0.286467267577,2.77802749797,5,296
22,1,2.7455075724,,5,0.018018018018,0,-0.191429784444,-1.68020307427,5,154
23,1,5.2674023094,,6,0.017017017017,0,-0.320698666518,1.22949830896,5,157
24,1,2.02734234911,,3,0.019019019019,0,-0.67769675951,-0.939567372357,5,59
25,1,7.86904956217,5.0,8,0.02002002002,0,1.09971532296,-0.430096406699,5,279
26,1,-2.87458651628,,0,0.019019019019,1,-2.3800854209,-0.734330253564,5,30
27,1,6.76059416679,,7,0.019019019019,0,0.487564960999,0.297899283793,5,241
28,1,4.64614350392,0.0,6,0.02002002002,0,0.0633424379574,-0.543883809948,5,142
29,1,1.86843914247,0.0,2,0.019019019019,0,-0.849514526483,-0.583017278083,5,33
30,1,7.06870873565,3.0,15,0.02002002002,0,0.431398924413,0.774511962416,5,416
31,1,2.77661461156,0.0,4,0.023023023023,0,-1.38647285067,1.93603316356,5,88
32,1,2.50263035868,,16,0.02002002002,0,0.320446047491,-3.45870778379,5,353
33,1,4.28486585862,3.0,20,0.022022022022,0,-0.371837580504,0.400378600131,5,759
34,1,5.21889191334,,9,0.021021021021,0,0.759673784383,-2.06012943981,5,191
35,1,9.55312362941,5.0,16,0.02002002002,0,1.83250423005,-0.944389060724,5,529
36,1,2.71027036011,,12,0.019019019019,0,-1.00364137852,0.721194495666,5,261
37,1,5.2909805399,,6,0.021021021021,0,0.0215363461175,0.226371501552,5,116
38,1,-2.84497220299,,1,0.019019019019,0,-2.4063691334,-0.625864802772,5,28
39,1,9.81382835599,1.0,17,0.019019019019,0,2.12726250222,-1.56795915067,5,603
40,1,7.57095982395,1.0,12,0.019019019019,0,0.0720279851033,2.35487586864,5,269
41,1,-0.0674231335754,,7,0.021021021021,0,-1.28141530265,-1.22317722563,5,124
42,1,7.88893768907,6.0,9,0.026026026026,0,0.825135658813,0.413530712627,5,166
43,1,1.29996188691,1.0,13,0.023023023023,0,-1.47834529307,0.734997766115,5,260
44,1,15.2107032017,3.0,19,0.02002002002,0,2.9932347307,1.23099900957,5,685
45,1,-0.668533265491,,1,0.021021021021,0,-1.43016498855,-1.37803829983,5,17
46,1,4.29254263109,,6,0.02002002002,0,-0.147221034936,-0.265794264104,5,94
47,1,2.78546986066,0.0,4,0.022022022022,0,-0.717844045765,-0.0609980020473,5,76
48,1,3.40029947403,3.0,14,0.017017017017,0,0.393406023006,-2.77991859499,5,391
49,1,2.58602769139,,3,0.021021021021,0,0.00229758846592,-2.42086507401,5,51
50,1,8.06083085309,4.0,10,0.019019019019,0,1.45387246397,-1.30078653882,5,167
51,1,4.3044259614,2.0,9,0.02002002002,0,-0.554260088778,0.967206227736,5,125
52,1,-1.18491880847,,0,0.018018018018,1,-1.56770708173,-1.48179756328,5,9
53,1,5.84015929731,4.0,6,0.02002002002,0,0.568508819059,-0.865367159862,5,114
54,1,10.8559802162,10.0,20,0.02002002002,0,0.725274789398,3.68015584801,5,961
55,1,-0.317898481009,,2,0.02002002002,0,-1.83437634325,0.185230548742,5,36
56,1,6.32454830435,5.0,13,0.021021021021,0,0.224461079108,0.651165067027,5,164
57,1,9.31897358848,4.0,15,0.02002002002,0,0.556096844471,2.65068305507,5,342
58,1,1.07557970809,,4,0.02002002002,0,-1.16012670798,-0.444040167966,5,63
59,1,6.21557217459,4.0,16,0.019019019019,0,0.652635622335,-0.742334692411,5,195
60,1,6.43459748276,,17,0.019019019019,0,0.24177524302,0.7092717537,5,579
61,1,5.41791291324,,6,0.02002002002,0,-0.205582361941,1.03465999906,5,95
62,1,0.19103365336,,12,0.021021021021,0,-1.07116105503,-1.59548318155,5,184
63,1,5.30073143427,4.0,8,0.022022022022,0,0.0434729292063,0.170312646652,5,148
64,1,7.26772051061,,12,0.019019019019,0,0.22633630674,1.58871159039,5,170
65,1,-1.61899838998,,2,0.02002002002,0,-2.47708079903,0.812244007105,5,56
66,1,3.36384551039,0.0,4,0.021021021021,0,-0.556345486797,0.0328819707777,5,86
67,1,7.0713879717,1.0,13,0.02002002002,0,1.1537409617,-1.3898349134,5,204
68,1,-2.26527856185,,0,0.018018018018,1,-1.60998904249,-2.43531143439,5,20
69,1,1.88020879516,0.0,12,0.02002002002,0,0.266504083202,-3.91930345445,5,190
70,1,13.0889902391,1.0,15,0.022022022022,0,1.89302506511,2.40991504372,5,300
71,1,3.54688219626,,9,0.02002002002,0,-0.983805815512,1.4982996428,5,153
72,1,2.21301349416,1.0,3,0.022022022022,0,-0.259176204884,-2.00945789119,5,85
73,1,2.53953279959,0.0,5,0.02002002002,0,-1.3221826229,1.5060806683,5,149
74,1,3.50457398247,0.0,7,0.022022022022,0,-0.972547211005,1.42221561548,5,152
75,1,8.03097464261,0.0,12,0.019019019019,0,0.748809556536,0.784545973002,5,373
76,1,11.6226465015,7.0,14,0.021021021021,0,2.34942205274,-0.4256196567,5,569
77,1,5.16657212392,3.0,14,0.018018018018,0,-0.282565498025,1.01426861799,5,604
78,1,2.93271301208,2.0,7,0.021021021021,0,-0.874000169235,0.554713519789,5,284
79,1,-0.823950762909,,0,0.02002002002,1,-1.09658913869,-2.53418334683,5,83
80,1,2.92993577538,,9,0.02002002002,0,-1.27853062382,1.76552764683,5,396
81,1,5.40298728874,1.0,7,0.02002002002,0,0.482941418478,-1.0458369667,5,352
82,1,3.53965355545,,19,0.022022022022,0,-0.004519477549,-1.4467880119,5,711
83,1,4.29611899308,1.0,10,0.02002002002,0,-0.806723292201,1.71628886968,5,594
84,1,8.79966471974,7.0,15,0.02002002002,0,0.841384082089,1.27551247348,5,739
85,1,6.67964203674,5.0,15,0.019019019019,0,0.0240055801326,1.60762529635,5,769
86,1,8.55543690741,5.0,13,0.017017017017,0,0.882518386116,0.907881749064,5,747
87,1,3.08148833443,1.0,4,0.019019019019,0,-0.16841259564,-1.41327387865,5,467
88,1,11.7345313183,4.0,18,0.02002002002,0,1.01161924717,3.69967357679,5,844
89,1,4.03358756457,1.0,9,0.021021021021,0,0.0134629560048,-1.00680130344,5,554
90,1,1.24533603265,0.0,19,0.02002002002,0,-1.09113844279,-0.481248638987,5,933
91,1,10.6343962818,6.0,11,0.02002002002,0,1.3333350403,1.63439116096,5,644
92,1,4.25394159285,0.0,6,0.019019019019,0,-0.462292746914,0.640819833594,5,638
93,1,7.18852637694,1.0,9,0.019019019019,0,-0.237657195869,2.90149796455,5,660
94,1,7.47755111085,5.0,20,0.02002002002,0,-0.0943247255504,2.7605252875,5,973
95,1,5.16087434485,0.0,6,0.022022022022,0,-0.369006916563,1.26789509454,5,635
96,1,6.5872517662,3.0,10,0.02002002002,0,0.451948253349,0.231407006157,5,664
97,1,1.0792362297,0.0,2,0.019019019019,0,-1.00349872071,-0.910267608171,5,478
98,1,1.01004908889,1.0,2,0.021021021021,1,-1.36082044029,0.0925104097462,5,351
99,1,3.03673888763,3.0,5,0.021021021021,0,0.0477700614629,-2.10657129676,5,576
100,1,10.7615124162,1.0,15,0.019019019019,0,0.909340259191,3.03349163864,5,781
101,1,10.7310628897,10.0,14,0.021021021021,0,1.53468143385,1.12701858816,5,677
102,1,11.1267829288,6.0,14,0.019019019019,0,1.50762799704,1.6038989377,5,721
103,1,12.8342232181,10.0,16,0.02002002002,0,2.16964043986,1.32530189857,5,746
104,1,6.8753425971,0.0,15,0.021021021021,0,1.02178458058,-1.19001114464,5,726
105,1,7.31484514552,3.0,8,0.02002002002,0,0.432159100848,1.01836784297,5,606
106,1,4.28210962498,2.0,20,0.021021021021,0,0.0908590951672,-0.990467660517,5,859
107,1,7.9321864316,3.0,8,0.019019019019,0,1.20083442054,-0.670316830022,5,566
108,1,9.42518643863,9.0,19,0.019019019019,0,1.25458571688,0.661429287988,5,938
109,1,5.27226415918,3.0,6,0.021021021021,0,-0.0824351581495,0.519569633628,5,410
110,1,5.27481946823,5.0,7,0.02002002002,0,0.117317667982,-0.0771335357166,5,361
111,1,3.0054101846,0.0,4,0.017017017017,0,-0.634914062835,-0.0898476268956,5,136
112,1,0.106006331722,0.0,1,0.02002002002,1,-1.4322485964,-0.59724787908,5,78
113,1,6.81023997845,,8,0.019019019019,0,0.943516449499,-1.02030937005,5,446
114,1,7.15671216672,3.0,13,0.017017017017,0,0.858191395222,-0.41786201895,5,652
115,1,-2.41403653178,,0,0.022022022022,1,-2.45451902789,-0.0504794481113,5,22
116,1,-3.19023243074,,7,0.02002002002,0,-1.74801671896,-2.94618227385,5,395
117,1,7.91126365068,5.0,13,0.019019019019,0,1.8387390478,-2.60495349273,5,620
118,1,4.13903529295,1.0,5,0.018018018018,0,-0.42481405685,0.413477463496,5,267
119,1,0.503305871888,0.0,3,0.019019019019,0,-1.43806390576,-0.182502410832,5,178
120,1,2.87097250094,1.0,3,0.021021021021,0,0.459188960103,-3.50659437937,5,135
121,1,5.21590512373,4.0,11,0.02002002002,0,-0.227842222204,0.899431790344,5,491
122,1,5.60505105034,3.0,10,0.019019019019,0,0.759329925169,-1.67293872517,5,483
123,1,5.32089237087,,12,0.021021021021,0,-0.511614922969,1.85573713978,5,542
124,1,9.15545471594,8.0,20,0.021021021021,0,0.952413149227,1.29821526825,5,901
125,1,6.20958174246,6.0,13,0.019019019019,0,-0.0411279035231,1.33296545303,5,718
126,1,4.81177438907,1.0,15,0.019019019019,0,-0.651779302517,1.76711229662,5,753
127,1,2.42441380701,,6,0.02002002002,0,-1.4937711606,1.90572728881,5,247
128,1,4.60620702347,,8,0.02002002002,0,-0.465049450672,1.00135537549,5,273
129,1,2.13829418039,1.0,5,0.022022022022,0,-0.123719922263,-2.49054605282,5,183
130,1,11.2464377562,2.0,18,0.02002002002,0,2.1226119002,-0.121397944419,5,895
131,1,11.5305233465,9.0,21,0.021021021021,0,1.86836987625,0.925413717768,5,911
132,1,9.37301814955,2.0,10,0.019019019019,0,0.740947248302,2.15017640464,5,548
133,1,4.44334102526,,14,0.02002002002,0,0.080419286342,-0.797916833763,5,715
134,1,3.32935777858,,18,0.021021021021,0,-0.00959787303772,-1.6418486023,5,876
135,1,-1.95943570304,,0,0.021021021021,1,-1.47957947903,-2.52069726595,5,25
136,1,5.68800022344,,12,0.021021021021,0,0.0192885142224,0.630134680772,5,401
137,1,-0.0686146003248,,1,0.019019019019,0,-1.84683181789,0.47188085334,5,54
138,1,5.03149883711,1.0,7,0.023023023023,0,0.6515212414,-1.92306488709,5,272
139,1,6.32630534119,2.0,19,0.023023023023,0,-0.00176713074943,1.33160673344,5,653
140,1,7.9994060633,2.0,9,0.022022022022,0,0.588632169451,1.23350955495,5,317
141,1,3.48750742557,,10,0.018018018018,0,0.467946144567,-2.91633100813,5,341
142,1,7.81423829154,4.0,18,0.023023023023,0,-0.343638421537,3.84515355615,5,564
143,1,-6.17921746112,,3,0.02002002002,0,-3.23164634025,-1.48427844037,5,118
144,1,10.9386604302,5.0,17,0.019019019019,0,1.6858415644,0.881135736975,5,538
145,1,6.00761875306,6.0,10,0.019019019019,0,0.267436516335,0.205309204059,5,287
146,1,6.65277522262,3.0,9,0.018018018018,0,0.580344265057,-0.0882575725467,5,274
147,1,-0.853068591843,,9,0.022022022022,0,-0.955302077365,-2.98716235975,5,257
148,1,7.34323795349,7.0,8,0.019019019019,1,0.116853037393,1.99267884131,5,244
149,1,4.67221301841,,7,0.018018018018,0,-0.882406804891,2.31943343308,5,235
150,1,4.37169887439,1.0,12,0.02002002002,0,-0.179559076945,-0.0896238947759,5,310
151,1,1.34389465479,,2,0.02002002002,0,-0.571163407801,-1.94261512181,5,77
152,1,9.92939997466,6.0,17,0.022022022022,0,0.934193971699,2.12681805956,5,333
153,1,-2.18465155441,,3,0.019019019019,0,-2.18052970726,-0.643062432632,5,84
154,1,4.27169129049,,17,0.022022022022,0,-0.216266460231,-0.0795093288224,5,354
155,1,5.67864578342,2.0,7,0.018018018018,0,0.904018226157,-2.03340889505,5,193
156,1,8.47092611047,2.0,11,0.019019019019,0,1.13379856492,0.0695304157082,5,218
157,1,4.46283559584,,7,0.019019019019,0,-0.0663754064782,-0.338038184723,5,146
158,1,1.39899581906,,11,0.021021021021,0,-0.40960328522,-2.37219432528,5,150
159,1,10.3569622925,9.0,20,0.02002002002,0,1.31963638684,1.39805313199,5,982
160,1,0.770559885061,,1,0.019019019019,0,-1.12438522963,-0.856284426051,5,13
161,1,2.106891306,,4,0.02002002002,0,-1.1745277152,0.630474451611,5,73
162,1,-1.61174829856,,0,0.02002002002,1,-2.17547448475,-0.08532484431,5,12
163,1,3.62252552651,3.0,6,0.02002002002,0,0.708045991326,-3.50161244746,5,111
164,1,3.10897053212,,17,0.018018018018,0,-0.624763725202,-0.0167382922772,5,347
165,1,2.10112796135,,3,0.021021021021,0,-0.365624398371,-1.80199884353,5,44
166,1,5.01004398445,3.0,6,0.021021021021,0,-0.1612965375,0.493933596949,5,79
167,1,5.83289859087,2.0,8,0.017017017017,0,-0.198091810325,1.42717402185,5,141
168,1,4.60245703863,3.0,8,0.023023023023,0,-0.396608617411,0.792282890859,5,130
169,1,5.47568680413,4.0,9,0.021021021021,0,-0.24903365422,1.22278776679,5,134
170,1,0.494948647888,,2,0.016016016016,0,-1.43330454708,-0.205137710873,5,64
171,1,6.81188059781,2.0,11,0.02002002002,0,0.583942966106,0.0600516994913,5,234
172,1,2.01167864013,,6,0.021021021021,0,-0.537174787365,-1.37679699778,5,123
173,1,1.13731333245,,8,0.02002002002,0,-1.55396325234,0.799203089468,5,156
174,1,5.80683038638,2.0,19,0.02002002002,0,0.147717744357,0.363677153307,5,868
175,1,5.81093521732,1.0,9,0.019019019019,0,0.186460619646,0.251553358383,5,271
176,1,8.21029845367,0.0,12,0.022022022022,0,0.567965388759,1.5064022874,5,340
177,1,9.69132932342,9.0,16,0.018018018018,0,1.06042666488,1.51004932879,5,574
178,1,6.44677703978,6.0,12,0.019019019019,0,0.896086811318,-1.24148339418,5,444
179,1,2.18776333487,0.0,14,0.016016016016,0,-0.681802051357,-0.766830511063,5,700
180,1,11.8747351621,10.0,12,0.019019019019,0,1.91389158708,1.13306040089,5,380
181,1,2.5601178726,1.0,16,0.02002002002,0,-0.630966789189,-0.546981759831,5,469
182,1,8.65515114749,4.0,11,0.02002002002,0,0.626084304141,1.77689823507,5,367
183,1,13.7645513933,10.0,22,0.022022022022,0,1.96859532002,2.8587654332,5,897
184,1,-1.85670988505,,9,0.02002002002,0,-1.1527748653,-3.39838528916,5,293
185,1,3.89258902058,0.0,7,0.02002002002,0,-0.57146457572,0.606982747741,5,259
186,1,5.00194728606,3.0,16,0.021021021021,0,0.464133563639,-1.39045340486,5,468
187,1,1.99011546775,1.0,3,0.02002002002,0,-0.722075568241,-0.843657827529,5,87
188,1,2.46538907397,,5,0.021021021021,0,-0.0581330527322,-2.36021176783,5,113
189,1,4.24572599975,,6,0.021021021021,0,0.677707749705,-2.78739724937,5,181
190,1,0.491119723913,0.0,11,0.021021021021,0,-1.50534358492,0.00715047866511,5,280
191,1,6.01590617807,2.0,18,0.02002002002,0,0.417456408721,-0.236463048095,5,539
192,1,9.79920614139,,11,0.025025025025,0,1.31359499328,0.858421161537,5,215
193,1,1.71513648194,,2,0.019019019019,0,-1.38868535092,0.881192534692,5,66
194,1,1.06757825246,,6,0.021021021021,0,-0.807243184839,-1.51069219302,5,145
195,1,6.38548928023,4.0,14,0.02002002002,0,0.16124374281,0.901758051798,5,295
196,1,-3.45562492716,,1,0.022022022022,0,-2.98402208263,0.496441320731,5,38
197,1,3.3995144039,3.0,4,0.019019019019,1,-0.466736438996,-0.200276279115,5,70
198,1,3.68162316038,,11,0.019019019019,0,-0.593176930449,0.46115395173,5,197
199,1,5.1645875519,5.0,12,0.02002002002,0,-0.197849639062,0.758136469092,5,262
200,1,4.72784529785,,18,0.022022022022,0,-0.496839549117,1.21836394521,5,506
201,1,-0.618343543891,,0,0.021021021021,1,-1.95731492388,0.253601227763,5,4
202,1,4.78546307142,2.0,5,0.019019019019,0,0.383479564831,-1.36497562308,5,122
203,1,1.79107793447,,5,0.018018018018,0,-0.78544854937,-0.85257641742,5,192
204,1,5.17713706122,2.0,18,0.021021021021,0,-1.38046907792,4.31854429497,5,662
205,1,9.01115181018,4.0,10,0.02002002002,0,0.917591995643,1.25837582325,5,308
206,1,-0.879037001433,,4,0.019019019019,0,-1.83822262708,-0.364369120181,5,112
207,1,-0.870481478498,,1,0.02002002002,0,-1.21528592821,-2.22462369386,5,41
208,1,5.07791216503,4.0,20,0.022022022022,0,-0.799571130588,2.47662555679,5,891
209,1,5.79203574783,5.0,7,0.019019019019,0,0.760772418072,-1.49028150639,5,407
210,1,4.6345105112,2.0,7,0.019019019019,0,0.0140414345682,-0.407613792505,5,412
211,1,6.42433798291,6.0,8,0.022022022022,0,0.0535413039239,1.26371407114,5,457
212,1,6.71324464302,4.0,11,0.017017017017,0,0.720089926423,-0.447025136249,5,650
213,1,4.06994045322,3.0,8,0.021021021021,0,-0.418697513107,0.32603299254,5,499
214,1,9.33902373976,9.0,20,0.02002002002,0,1.18916458885,0.77152997322,5,975
215,1,9.05059962505,,11,0.019019019019,0,1.23331798644,0.350645665741,5,611
216,1,5.75426559467,4.0,17,0.02002002002,0,-0.093414676598,1.03450962447,5,839
217,1,4.62952951516,4.0,7,0.02002002002,0,-0.269257895095,0.437303200446,5,472
218,1,7.68603571945,2.0,15,0.02002002002,0,1.28199294397,-1.15994311247,5,671
219,1,5.33443410081,1.0,13,0.02002002002,0,-0.545703206881,1.97154372146,5,613
220,1,6.14253148041,3.0,7,0.021021021021,0,-0.0591742149325,1.3200541252,5,518
221,1,9.74875541077,4.0,15,0.019019019019,0,1.2555354838,0.982148959358,5,676
222,1,8.83371997221,7.0,16,0.019019019019,0,1.40700264983,-0.387287977265,5,908
223,1,6.03678622348,3.0,9,0.019019019019,0,-0.0446120052344,1.17062223918,5,575
224,1,-0.75177687167,,1,0.02002002002,0,-1.50678466798,-1.23142286773,5,35
225,1,3.77191558236,2.0,5,0.02002002002,0,0.451356796489,-2.58215480711,5,541
226,1,4.57623720769,3.0,6,0.022022022022,0,0.0270942717281,-0.505045607496,5,371
227,1,3.9192983783,2.0,8,0.02002002002,0,-0.126732712883,-0.700503483047,5,561
228,1,2.49945302477,0.0,3,0.022022022022,0,-1.04440566916,0.632670032258,5,186
229,1,12.6155681925,12.0,18,0.019019019019,0,2.43724909486,0.303820907868,5,924
230,1,6.61367494088,4.0,11,0.02002002002,0,0.67536160613,-0.412409877515,5,654
231,1,7.32421907489,3.0,16,0.02002002002,0,0.297171032901,1.43270597619,5,867
232,1,-0.15619401354,,0,0.019019019019,1,-0.361061524993,-4.07300943856,5,15
233,1,13.1020221405,10.0,15,0.02002002002,0,2.20367489168,1.49099746551,5,780
234,1,10.5584346617,5.0,13,0.019019019019,0,1.30171333237,1.65329466461,5,710
235,1,3.289359293,3.0,15,0.02002002002,0,-0.501551134613,-0.205987303158,5,783
236,1,3.48619883196,1.0,6,0.02002002002,0,-0.271390805756,-0.69962875077,5,618
237,1,5.36720921109,4.0,6,0.021021021021,0,0.894635436901,-2.31669709961,5,614
238,1,5.01023805701,4.0,11,0.021021021021,0,0.537516480857,-1.60231138556,5,701
239,1,5.62292276039,3.0,21,0.021021021021,0,-1.18497267737,4.1778407925,5,965
240,1,5.13997176802,3.0,7,0.021021021021,0,-0.320026545521,1.10005140458,5,552
241,1,4.67085656027,3.0,12,0.021021021021,0,-0.352510163534,0.728387050872,5,723
242,1,6.31148910157,2.0,7,0.02002002002,0,0.565570956689,-0.385223768495,5,698
243,1,7.73379121325,6.0,16,0.021021021021,0,0.571536005088,1.01918319798,5,821
244,1,3.91172807258,2.0,4,0.02002002002,0,-0.729547752861,1.10037133117,5,634
245,1,8.81360412092,8.0,11,0.02002002002,0,1.32178946848,-0.151764284514,5,757
246,1,5.14145283422,4.0,16,0.022022022022,0,0.848760061822,-2.40482735124,5,767
247,1,-3.15212559078,,1,0.02002002002,0,-2.29226611836,-1.27532723569,5,74
248,1,2.3981738908,2.0,12,0.017017017017,0,-0.869580485204,0.00691534640976,5,842
249,1,4.87397246659,2.0,13,0.019019019019,0,0.0372682740063,-0.237832355428,5,770
250,1,6.41174918676,5.0,9,0.02002002002,0,0.416224916553,0.1630744371,5,655
251,1,7.31844226363,6.0,20,0.02002002002,0,1.4601486092,-2.06200356399,5,964
252,1,2.37559813677,2.0,17,0.02002002002,0,-1.09640101962,0.664801195615,5,846
253,1,5.78259252293,1.0,18,0.021021021021,0,0.366216352925,-0.316056535843,5,863
254,1,-0.377791016028,,0,0.021021021021,1,-1.29554866512,-1.49114502066,5,2
255,1,4.64722259712,3.0,6,0.02002002002,0,-0.906964049686,2.36811474618,5,589
256,1,3.56757919628,2.0,4,0.02002002002,0,-0.840395274862,1.08876502086,5,534
257,1,3.11185044888,3.0,19,0.021021021021,0,-1.07798521658,1.34580609862,5,915
258,1,2.80094476626,1.0,7,0.019019019019,0,-0.658009461952,-0.225026847883,5,600
259,1,4.61670360061,1.0,7,0.019019019019,0,-0.330961955542,0.609589467236,5,558
260,1,9.62424015961,1.0,12,0.02002002002,0,1.27461356952,0.800399451047,5,624
261,1,11.5796887052,5.0,15,0.018018018018,0,1.07736447554,3.34759527855,5,686
262,1,4.27868421426,4.0,13,0.019019019019,0,0.294188701118,-1.60388188909,5,622
263,1,8.75612206792,4.0,11,0.018018018018,0,0.803656287225,1.34515320624,5,602
264,1,4.94555321316,0.0,17,0.021021021021,0,-0.72955147541,2.13420763939,5,731
265,1,5.25769869041,3.0,6,0.019019019019,0,0.197881192013,-0.335944885631,5,526
266,1,3.64354228519,3.0,4,0.02002002002,1,-0.179920344115,-0.816696682461,5,470
267,1,4.85113372494,4.0,6,0.019019019019,0,-0.0655059732476,0.047651644684,5,523
268,1,3.77701843527,0.0,5,0.021021021021,0,0.191424298142,-1.79725445916,5,452
269,1,4.04911853812,0.0,12,0.019019019019,0,-0.0274995217956,-0.868382896495,5,536
270,1,1.23661619592,0.0,3,0.02002002002,0,-0.461380599836,-2.37924200458,5,321
271,1,-0.874593454789,,3,0.022022022022,0,-1.65895864732,-0.897717512817,5,210
272,1,7.66755281277,2.0,16,0.018018018018,0,0.987755836132,-0.295714695628,5,878
273,1,12.6255918144,2.0,15,0.02002002002,0,2.35870678922,0.549471446745,5,784
274,1,3.65453082915,1.0,4,0.019019019019,0,0.385889305242,-2.50313708658,5,222
275,1,2.75599846245,1.0,14,0.022022022022,0,-1.33532526499,1.7619742574,5,742
276,1,8.08337838805,5.0,12,0.015015015015,0,0.827777918748,0.600044631805,5,771
277,1,2.38380673796,0.0,3,0.018018018018,0,-0.764638782791,-0.322276913672,5,219
278,1,6.70204253001,0.0,9,0.02002002002,0,1.19535743756,-1.88402978267,5,525
279,1,4.80357461614,4.0,8,0.021021021021,0,0.0881972328843,-0.461017082512,5,517
280,1,6.59932321717,4.0,9,0.018018018018,0,0.147904789191,1.1556088496,5,633
281,1,6.30872819026,6.0,18,0.021021021021,0,-0.136948816224,1.71957463893,5,832
282,1,9.68551153207,4.0,19,0.019019019019,0,1.18784335735,1.12198146003,5,928
283,1,2.62409886362,1.0,3,0.023023023023,0,-1.1842294322,1.17678716023,5,182
284,1,0.0891654866215,0.0,6,0.022022022022,0,-1.00596050956,-1.8929529847,5,494
285,1,6.78188106181,5.0,19,0.021021021021,0,0.171479555191,1.26744239624,5,906
286,1,5.82170547086,5.0,8,0.02002002002,0,0.32048473013,-0.13974871953,5,513
287,1,6.67647532581,5.0,11,0.017017017017,0,1.13172979735,-1.71871406624,5,661
288,1,9.63667177525,5.0,11,0.022022022022,0,1.32377452149,0.665348210772,5,593
289,1,1.20071816955,0.0,2,0.022022022022,0,-1.48318663845,0.650278084901,5,162
290,1,12.0358733078,4.0,16,0.02002002002,0,2.54950675494,-0.612646957043,5,790
291,1,4.105381283,,14,0.02002002002,0,-0.684877702894,1.16001439169,5,670
292,1,5.01689241419,2.0,17,0.021021021021,0,-0.169071317883,0.524106367836,5,799
293,1,-1.24258005984,,0,0.019019019019,1,-1.31052482021,-2.31100559921,5,18
294,1,4.75353492805,2.0,8,0.019019019019,0,0.255056826454,-1.01163555131,5,454
295,1,2.99328465138,,5,0.02002002002,0,-0.629131591493,-0.119320574137,5,220
296,1,8.2268336462,7.0,12,0.019019019019,0,0.273548933973,2.40618684428,5,496
297,1,12.1854087965,11.0,20,0.021021021021,0,1.92330017291,1.41550827772,5,904
298,1,7.95131327573,5.0,9,0.021021021021,0,0.777600254439,0.618512512411,5,386
299,1,5.89847004194,,19,0.02002002002,0,0.469117034491,-0.508881061533,5,917
300,1,3.86226223444,3.0,10,0.021021021021,0,-0.505346764963,0.378302529324,5,437
301,1,0.657125788415,,3,0.021021021021,0,-1.41748221102,-0.0904275785234,5,75
302,1,6.72300334965,,10,0.02002002002,0,-0.174141182235,2.24542689636,5,381
303,1,-2.33549796689,,2,0.019019019019,0,-2.25263245806,-0.577600592692,5,40
304,1,6.95739880995,0.0,8,0.019019019019,0,0.222941365466,1.28857471355,5,168
305,1,6.00504293925,6.0,15,0.021021021021,0,-0.433138533404,2.30445853946,5,440
306,1,2.25960929927,0.0,3,0.022022022022,0,-0.434597066311,-1.43659950179,5,104
307,1,5.45269302833,,6,0.021021021021,0,0.220493685978,-0.208788029603,5,158
308,1,-3.0923700271,,0,0.018018018018,1,-3.04489186975,1.04230558214,5,21
309,1,1.73268934883,0.0,16,0.019019019019,0,-0.488069599767,-1.80310185187,5,535
310,1,3.220173246,,4,0.022022022022,0,-0.266586584151,-0.980067001551,5,103
311,1,4.10421253705,3.0,19,0.02002002002,0,0.147357074191,-1.33785868552,5,912
312,1,-3.05001111894,,6,0.02002002002,0,-1.85109984226,-2.49671159215,5,117
313,1,3.71229309707,3.0,12,0.017017017017,0,-0.436729827533,0.0224825796698,5,277
314,1,3.6968770549,2.0,12,0.022022022022,0,0.000201622200519,-1.3037278117,5,203
315,1,8.13695932271,6.0,10,0.022022022022,0,-0.11796694995,3.49086017256,5,196
316,1,6.68220105532,1.0,16,0.019019019019,0,0.294493243917,0.798721323565,5,344
317,1,9.74878079231,5.0,10,0.018018018018,0,2.13204868606,-1.64736526586,5,217
318,1,1.97772866316,1.0,5,0.018018018018,0,-0.577630643088,-1.28937940758,5,172
319,1,5.50824708506,,20,0.021021021021,0,0.522210465328,-1.05838431093,5,900
320,1,-0.165195125315,,0,0.02002002002,1,-1.16132480362,-1.68122071444,5,49
321,1,7.13130850468,7.0,12,0.021021021021,0,0.146716327347,1.69115952264,5,227
322,1,1.38765197917,,3,0.021021021021,0,-1.22546843182,0.064057274638,5,97
323,1,4.06952926671,,15,0.02002002002,0,-0.154414072516,-0.46722851574,5,328
324,1,5.34580295561,3.0,14,0.019019019019,0,-0.0556870904361,0.512864226923,5,258
325,1,3.40187209228,3.0,4,0.02002002002,1,0.512656840083,-3.13609842797,5,99
326,1,2.63197899195,,10,0.022022022022,0,-0.0922819411834,-2.0911751845,5,199
327,1,9.39145012942,3.0,17,0.019019019019,0,1.23910389586,0.674138441851,5,404
328,1,2.73981184599,2.0,6,0.02002002002,0,-1.18910670243,1.30713195327,5,108
329,1,-1.65876371156,,0,0.02002002002,1,-1.88811458819,-0.994419946993,5,14
330,1,1.44635836915,,2,0.019019019019,0,-1.91409896916,2.18865527662,5,52
331,1,2.65447504312,,14,0.02002002002,0,-0.523149561466,-0.776076272484,5,335
332,1,5.20054238323,0.0,9,0.02002002002,0,0.717310551607,-1.9513892716,5,318
333,1,3.99485286127,3.0,5,0.02002002002,0,-0.841917933855,1.52060666284,5,216
334,1,1.1233453635,0.0,12,0.018018018018,0,-1.46359185186,0.514120919076,5,359
335,1,4.48409394069,4.0,5,0.021021021021,1,0.181452088019,-1.06026232337,5,187
336,1,3.06447697711,1.0,6,0.021021021021,0,-0.27159460614,-1.12073920447,5,147
337,1,-0.310777575148,,14,0.018018018018,0,-1.94825860267,0.533998232859,5,503
338,1,4.05811794784,3.0,11,0.019019019019,0,-0.72474192779,1.2323437312,5,411
339,1,7.15106862451,1.0,17,0.019019019019,0,0.380779808078,1.00872920028,5,687
340,1,4.20622784433,4.0,9,0.019019019019,0,-0.568048680645,0.910373886264,5,376
341,1,5.08961865975,,19,0.019019019019,0,0.229146758882,-0.597821616894,5,719
342,1,2.13773090904,1.0,4,0.022022022022,0,-0.479025531163,-1.42519249747,5,242
343,1,4.44373336834,4.0,18,0.018018018018,0,-0.0837198201611,-0.305107171178,5,804
344,1,3.50332473159,0.0,4,0.02002002002,0,-0.552670702106,0.161336837908,5,334
345,1,4.62819381075,1.0,14,0.022022022022,0,-0.510212993547,1.15883279139,5,417
346,1,3.7199556328,3.0,14,0.022022022022,0,-0.729460418017,0.90833688685,5,447
347,1,6.42630302994,,17,0.02002002002,0,0.381608413139,0.281477790525,5,601
348,1,7.49520456508,1.0,14,0.022022022022,0,0.560506890046,0.813683894939,5,429
349,1,3.6496034326,1.0,9,0.02002002002,0,-0.161056185921,-0.867228009633,5,378
350,1,1.99729505018,1.0,2,0.022022022022,1,-0.895211602442,-0.317070142497,5,278
351,1,2.08099918932,1.0,4,0.02002002002,0,-0.984565447293,0.0346955311989,5,348
352,1,5.53139790491,0.0,8,0.021021021021,0,0.288825986759,-0.335080055366,5,393
353,1,3.95231144746,1.0,7,0.021021021021,0,0.0903786377229,-1.31882446571,5,387
354,1,2.92984819283,1.0,16,0.02002002002,0,-0.176567509228,-1.54044927948,5,505
355,1,-1.67805911737,,0,0.02002002002,1,-2.27798208048,0.155887124067,5,5
356,1,4.83438979486,1.0,5,0.021021021021,0,-0.362721791925,0.922555170638,5,358
357,1,2.82913354069,1.0,3,0.021021021021,0,-0.47536070123,-0.744784355617,5,316
358,1,8.27721838267,1.0,14,0.021021021021,0,1.26476345813,-0.517071991718,5,458
359,1,6.84118885029,3.0,12,0.02002002002,0,0.430524003226,0.549616840607,5,461
360,1,7.00403256545,2.0,17,0.019019019019,0,0.775935833065,-0.32377493374,5,596
361,1,3.30465851656,1.0,8,0.02002002002,0,-0.545258607939,-0.0595656596267,5,402
362,1,3.38212155523,1.0,9,0.021021021021,0,-0.592385150311,0.15927700616,5,425
363,1,2.31143300358,1.0,19,0.02002002002,0,-0.191680996025,-2.11352400834,5,926
364,1,1.64010189154,1.0,18,0.02002002002,0,-0.983304734389,-0.409983905292,5,736
365,1,4.68260103843,1.0,15,0.02002002002,0,0.446167534377,-1.6559015647,5,563
366,1,2.47416205948,,3,0.021021021021,0,-0.731290470629,-0.331966528631,5,283
367,1,5.72099418633,,14,0.02002002002,0,-0.0793509079063,0.959046910051,5,502
368,1,0.419261049502,0.0,5,0.02002002002,0,-0.819357562723,-2.12266626233,5,304
369,1,7.11299134152,2.0,13,0.021021021021,0,0.997276845201,-0.878839194083,5,489
370,1,8.91816444156,5.0,14,0.02002002002,0,0.308669927672,2.99215465854,5,488
371,1,6.95635958836,2.0,19,0.02002002002,0,1.08813764046,-1.30805333303,5,737
372,1,1.81321595077,1.0,2,0.019019019019,1,-0.666671512768,-1.18676951093,5,265
373,1,8.83709421531,2.0,17,0.02002002002,0,1.29239712862,-0.0400971705466,5,724
374,1,5.04623517379,3.0,7,0.022022022022,0,-0.796464943729,2.43563000498,5,299
375,1,2.5786387751,1.0,3,0.019019019019,0,-0.854893504761,0.143319289381,5,231
376,1,4.42563135278,2.0,5,0.019019019019,0,0.387651434231,-1.73732294991,5,266
377,1,6.86263057476,6.0,10,0.018018018018,0,1.36070297669,-2.21947835531,5,433
378,1,7.72161553358,5.0,8,0.021021021021,0,0.739336872838,0.50360491507,5,302
379,1,-3.27541867434,,2,0.022022022022,0,-1.7905308838,-2.90382602295,5,106
380,1,4.24789448553,0.0,9,0.021021021021,0,0.0690696578322,-0.959314487967,5,364
381,1,7.4173536381,6.0,9,0.02002002002,0,0.903909713244,-0.294375501633,5,372
382,1,6.16058775354,3.0,8,0.019019019019,0,0.307976872254,0.236657136777,5,322
383,1,-0.287257245241,,0,0.022022022022,1,-1.62412073852,-0.414895029678,5,39
384,1,4.89795597944,2.0,9,0.019019019019,0,0.741950579047,-2.3278957577,5,419
385,1,2.52649208469,1.0,3,0.02002002002,0,-0.588996076402,-0.706519686105,5,133
386,1,8.32095658318,2.0,21,0.021021021021,0,0.356334174009,2.25195406115,5,952
387,1,7.0117608677,7.0,10,0.019019019019,0,-0.178644749412,2.54769511594,5,443
388,1,5.49021658519,1.0,18,0.021021021021,0,1.60357369091,-4.32050448755,5,768
389,1,6.56277888319,,9,0.018018018018,0,0.165172219894,1.0672622235,5,422
390,1,8.41717562708,6.0,13,0.017017017017,0,0.704505453081,1.30365926783,5,632
391,1,3.81296413969,2.0,12,0.021021021021,0,-0.144592301143,-0.753258956879,5,493
392,1,4.77075603709,4.0,14,0.019019019019,0,0.228568925201,-0.914950738515,5,608
393,1,4.33186688188,,11,0.02002002002,0,0.22503438651,-1.34323627764,5,595
394,1,2.0486843177,2.0,12,0.018018018018,0,-1.15531701321,0.514635357345,5,521
395,1,7.76445859375,3.0,18,0.02002002002,0,0.649524381746,0.815885448513,5,826
396,1,5.16980066481,5.0,10,0.021021021021,0,-0.501631126698,1.6746940449,5,471
397,1,-0.450449776072,,1,0.019019019019,0,-0.731537571187,-3.25583706251,5,69
398,1,3.61754935495,0.0,4,0.02002002002,0,-0.832472175875,1.11496588257,5,298
399,1,5.60403987601,4.0,18,0.019019019019,0,-0.088291521483,0.868914440462,5,951
400,1,-0.386165916938,,2,0.019019019019,0,-2.81889131977,3.07050804237,5,288
401,1,3.84749001613,2.0,7,0.019019019019,0,-0.351776846764,-0.0971794435742,5,426
402,1,-1.74836316962,,0,0.02002002002,1,-2.11579313734,-0.400983757592,5,62
403,1,5.4302621167,2.0,11,0.02002002002,0,0.423724397558,-0.840911075973,5,617
404,1,4.70179824113,,5,0.021021021021,0,0.195599672893,-0.885000777546,5,312
405,1,5.42993708694,1.0,6,0.018018018018,0,-0.0359288384223,0.537723602203,5,441
406,1,4.12620476722,0.0,19,0.019019019019,0,-0.259511907939,-0.0952595089607,5,979
407,1,5.17266157188,5.0,10,0.021021021021,0,0.311085257322,-0.76059420009,5,466
408,1,5.89128963388,5.0,6,0.021021021021,1,0.313133774191,-0.0481116886937,5,398
409,1,8.2569300123,8.0,15,0.02002002002,0,1.19198002737,-0.319010069795,5,814
410,1,6.41839694866,1.0,18,0.021021021021,0,-0.0139333220733,1.46019691488,5,831
411,1,5.33859167042,1.0,10,0.018018018018,0,-1.11453220218,3.68218827696,5,667
412,1,6.89076042354,,9,0.021021021021,0,0.347063859318,0.849568845587,5,619
413,1,11.8531629699,0.0,21,0.022022022022,0,1.17906857065,3.31595725795,5,969
414,1,10.2183058709,8.0,17,0.018018018018,0,1.38074697418,1.07606494837,5,935
415,1,9.82948007214,7.0,12,0.019019019019,0,1.32751523373,0.846934370938,5,707
416,1,3.45778805415,2.0,14,0.02002002002,0,0.0420644113379,-1.66840517987,5,740
417,1,2.13492030613,1.0,3,0.018018018018,0,-0.557357717127,-1.19300654249,5,397
418,1,11.3801439623,1.0,12,0.022022022022,0,1.88001586137,0.740096378154,5,693
419,1,8.35025173727,8.0,16,0.019019019019,0,0.449739096775,2.00103444694,5,748
420,1,10.5517988992,9.0,11,0.02002002002,0,2.3374125968,-1.46043889115,5,647
421,1,4.17602864719,2.0,7,0.02002002002,0,-0.481776328454,0.621357632553,5,524
422,1,3.81844117022,0.0,10,0.021021021021,0,0.0424651242571,-1.30895420255,5,646
423,1,0.452732683167,0.0,3,0.02002002002,0,-1.1595819322,-1.06852152024,5,194
424,1,6.58057182471,2.0,10,0.021021021021,0,0.230402425338,0.889364548698,5,555
425,1,4.54677833786,4.0,8,0.021021021021,0,0.323708944611,-1.42434849597,5,442
426,1,2.60873693502,2.0,7,0.02002002002,0,-0.504744896879,-0.87702837434,5,349
427,1,-0.786275964753,,0,0.018018018018,1,-1.07920124543,-2.54867222845,5,82
428,1,-0.442471365245,,1,0.018018018018,0,-1.24977322361,-1.69315169442,5,93
429,1,3.84667610494,3.0,18,0.022022022022,0,0.0280245455319,-1.23739753166,5,666
430,1,8.52897910081,,9,0.02002002002,0,1.17487920143,0.0043414965291,5,253
431,1,10.4416629861,,12,0.021021021021,0,1.82207844237,-0.0245723410257,5,379
432,1,4.61540125599,4.0,5,0.021021021021,1,-0.747465200891,1.85779685866,5,165
433,1,7.35816708774,,22,0.023023023023,0,0.458430112335,0.982876750732,5,887
434,1,9.1321741291,9.0,13,0.02002002002,0,1.80799560814,-1.29181269534,5,559
435,1,8.45513452331,1.0,13,0.018018018018,0,0.530863072915,1.86254530457,5,319
436,1,2.0288406649,,6,0.02002002002,0,-0.452521861381,-1.61359375096,5,177
437,1,6.96256662314,4.0,7,0.02002002002,0,0.271860586591,1.14698486337,5,198
438,1,5.1718450385,1.0,6,0.019019019019,0,0.511683478648,-1.36320539744,5,208
439,1,1.03451426492,1.0,3,0.018018018018,0,-1.42701414187,0.315556690534,5,160
440,1,-2.9635312722,,0,0.019019019019,1,-1.01961836141,-4.90467618797,5,10
441,1,8.75565026969,5.0,9,0.02002002002,0,1.08997008235,0.485740022635,5,291
442,1,1.83418386799,1.0,2,0.019019019019,1,-0.0748233718249,-2.94134601653,5,144
443,1,-0.00893909249027,,1,0.019019019019,0,-1.38346939782,-0.858530899034,5,100
444,1,8.55920307165,4.0,19,0.019019019019,0,0.819549857873,1.10055349803,5,925
445,1,4.17396391679,,8,0.02002002002,0,-0.462447478346,0.561306351833,5,297
446,1,6.43975869845,5.0,15,0.02002002002,0,-0.0667521264232,1.64001507772,5,473
447,1,11.6413165374,0.0,15,0.019019019019,0,1.46147740658,2.25688431768,5,492
448,1,6.0607007767,1.0,10,0.021021021021,0,0.96439677629,-1.83248955217,5,275
449,1,0.578811279638,0.0,12,0.019019019019,0,-1.30017733279,-0.520656721992,5,434
450,1,6.91450729491,4.0,19,0.022022022022,0,0.33255115161,0.91685384008,5,551
451,1,5.15621460654,0.0,18,0.019019019019,0,0.534999538768,-1.44878400976,5,570
452,1,5.07047114326,0.0,12,0.019019019019,0,0.265526047955,-0.726107000603,5,484
453,1,2.96294710276,1.0,9,0.02002002002,0,-0.168860356329,-1.53047182825,5,306
454,1,5.65202565331,0.0,18,0.021021021021,0,-0.275521421409,1.47858991753,5,533
455,1,6.68291546423,0.0,13,0.02002002002,0,0.831662841551,-0.81207306042,5,486
456,1,5.47731880097,4.0,6,0.021021021021,0,-0.201982227661,1.08326548396,5,223
457,1,2.16843167491,1.0,4,0.022022022022,0,-0.924719450232,-0.0574099743946,5,201
458,1,3.90009400172,,9,0.02002002002,0,0.0411814072007,-1.22345021988,5,237
459,1,3.61884131525,1.0,8,0.019019019019,0,-0.724563284134,0.792531167651,5,211
460,1,3.38293053801,0.0,16,0.022022022022,0,-1.4434205209,2.71319210072,5,531
461,1,4.24760440495,,9,0.019019019019,0,0.452124547997,-2.10876923905,5,207
462,1,5.61901164471,3.0,6,0.018018018018,0,0.479440988716,-0.819311321439,5,163
463,1,2.16429606477,1.0,14,0.02002002002,0,-0.656753031583,-0.865444840484,5,264
464,1,5.22179960639,1.0,14,0.021021021021,0,0.985802913078,-2.73560913285,5,254
465,1,2.70476416222,2.0,3,0.02002002002,1,0.289377936337,-3.16336964679,5,120
466,1,6.64336548862,2.0,7,0.021021021021,0,0.390561740165,0.471680268121,5,143
467,1,0.197797933691,,1,0.019019019019,0,-1.43438126674,-0.499058266087,5,6
468,1,4.08159070318,1.0,7,0.019019019019,0,0.0105673628763,-0.950111385453,5,205
469,1,7.43313068807,2.0,9,0.02002002002,0,0.45536491096,1.06703595519,5,161
470,1,5.65510356766,4.0,11,0.019019019019,0,0.294129307832,-0.227284355835,5,213
471,1,4.43008451423,1.0,7,0.017017017017,0,-0.0431642327087,-0.440422787644,5,137
472,1,0.908832382048,,4,0.02002002002,0,-1.26702981162,-0.290078183102,5,115
473,1,4.31801171526,,14,0.019019019019,0,-0.740065810336,1.53820914627,5,546
474,1,4.35139762916,4.0,20,0.02002002002,0,-0.00376901972597,-0.63729531166,5,947
475,1,-0.694437593226,,2,0.019019019019,0,-1.51416137012,-1.15195348286,5,48
476,1,-1.91272065281,,0,0.02002002002,1,-1.60108933683,-2.10945264232,5,3
477,1,5.64651896649,,6,0.021021021021,0,0.622583788184,-1.22123239806,5,151
478,1,7.76837135789,4.0,10,0.021021021021,0,0.533791766275,1.16699605906,5,323
479,1,1.34370069077,1.0,2,0.02002002002,1,-0.372760935151,-2.53801650378,5,53
480,1,9.90526908252,4.0,16,0.019019019019,0,1.69215881261,-0.171207355311,5,869
481,1,5.79632447804,5.0,8,0.018018018018,0,0.194669718936,0.212315321234,5,456
482,1,6.02843179253,4.0,16,0.019019019019,0,0.92076887654,-1.73387483709,5,860
483,1,5.37635916699,5.0,16,0.021021021021,0,-0.406858795486,1.59693555345,5,735
484,1,8.06945374333,4.0,12,0.02002002002,0,1.02718442005,-0.0120995168109,5,679
485,1,5.2143152748,4.0,10,0.021021021021,0,-0.35274063933,1.27253719279,5,532
486,1,7.80596999767,,12,0.017017017017,0,0.649344686487,0.857935938208,5,758
487,1,3.94247977833,1.0,5,0.02002002002,0,-0.168511037792,-0.551987108296,5,356
488,1,6.03047680683,2.0,10,0.02002002002,0,0.435669828945,-0.276532680003,5,590
489,1,8.89043955763,5.0,11,0.021021021021,0,0.688312767293,1.82550125576,5,692
490,1,15.5174699796,8.0,16,0.021021021021,0,2.26699967803,3.71647094549,5,811
491,1,3.51132061546,3.0,4,0.021021021021,1,0.23886819742,-2.2052839768,5,464
492,1,15.5398606804,0.0,19,0.02002002002,0,2.78319895342,2.19026382016,5,972
493,1,1.04128725289,,4,0.022022022022,0,-1.12446631836,-0.585313792043,5,305
494,1,6.46180041444,5.0,9,0.018018018018,0,0.15970325859,0.982690638665,5,696
495,1,5.55434333668,5.0,7,0.02002002002,0,-0.267407660132,1.35656631708,5,481
496,1,0.835420445296,0.0,2,0.019019019019,0,-1.28491261112,-0.309841721352,5,326
497,1,7.77541945298,5.0,11,0.02002002002,0,0.638912781422,0.858681108719,5,728
498,1,4.11746311601,2.0,15,0.02002002002,0,-0.516244867044,0.666197717138,5,833
499,1,2.32458748708,0.0,17,0.02002002002,0,-0.594860780433,-0.890830171617,5,880
500,1,5.53456862041,4.0,10,0.02002002002,0,0.446835745169,-0.805938615094,5,672
501,1,10.3169097717,5.0,18,0.021021021021,0,1.71842200242,0.16164376444,5,937
502,1,5.17714696148,4.0,21,0.022022022022,0,-0.0677610045558,0.380429975149,5,939
503,1,-0.51568055727,,0,0.018018018018,1,-1.19446609641,-1.93228226804,5,292
504,1,3.68645944132,3.0,17,0.023023023023,0,-0.562254083733,0.373221692524,5,763
505,1,2.51194814262,1.0,7,0.022022022022,0,-0.840160584308,0.0324298955469,5,625
506,1,5.14011203321,1.0,16,0.02002002002,0,1.03084319389,-2.95241754846,5,874
507,1,8.98904236156,8.0,11,0.02002002002,0,1.13465577039,0.585075050379,5,760
508,1,3.35288095578,3.0,11,0.02002002002,0,-1.13302683566,1.75196146276,5,727
509,1,4.93559802825,4.0,13,0.02002002002,0,-0.159539446504,0.414216367759,5,729
510,1,6.23957838523,3.0,7,0.019019019019,0,-0.400527507309,2.44116090715,5,656
511,1,1.76230673657,0.0,3,0.02002002002,0,-0.911894605445,-0.502009447097,5,543
512,1,6.14758313793,6.0,11,0.025025025025,0,0.876241977391,-1.48114279424,5,649
513,1,3.54296124551,2.0,5,0.02002002002,0,-0.533262613396,0.142749085696,5,621
514,1,7.23267653507,3.0,10,0.023023023023,0,0.925538696558,-0.543939554601,5,678
515,1,4.50868858465,2.0,10,0.02002002002,0,-0.210868885011,0.141295239684,5,683
516,1,6.43708601092,1.0,19,0.021021021021,0,0.697733861086,-0.656115572336,5,884
517,1,-3.13600203495,,4,0.019019019019,0,-1.64734347172,-3.1939716198,5,629
518,1,1.10092285643,1.0,2,0.019019019019,1,-0.445317897546,-2.56312345093,5,385
519,1,7.04336108826,2.0,12,0.017017017017,0,-0.275757000935,2.87063209106,5,816
520,1,4.21578952258,3.0,6,0.017017017017,0,-0.276549018931,0.0454365793752,5,669
521,1,6.38937324704,4.0,9,0.02002002002,0,0.519379732146,-0.168765949398,5,774
522,1,5.45874917341,2.0,10,0.021021021021,0,0.263933658264,-0.333051801376,5,815
523,1,4.11883942494,1.0,8,0.02002002002,0,-1.15082880851,2.57132585047,5,805
524,1,4.77891575544,2.0,14,0.018018018018,0,1.0210751752,-3.28430977017,5,898
525,1,7.24602754842,3.0,12,0.022022022022,0,0.120346559365,1.88498787033,5,827
526,1,5.31224484552,3.0,19,0.019019019019,0,-0.0423886996476,0.439410944461,5,981
527,1,8.00796303931,4.0,20,0.021021021021,0,0.993844904943,0.0264283244841,5,921
528,1,-1.27179137446,,0,0.021021021021,1,-2.05442619971,-0.108512775311,5,132
529,1,1.64307316072,1.0,16,0.02002002002,0,-0.725929054991,-1.17913967431,5,903
530,1,7.3722303744,5.0,13,0.021021021021,0,0.586107527502,0.613907791896,5,889
531,1,8.09462659777,5.0,11,0.02002002002,0,1.29651513369,-0.794918803284,5,834
532,1,10.8292243643,2.0,11,0.021021021021,0,0.947866947254,2.98562352257,5,862
533,1,7.92062101624,1.0,9,0.019019019019,0,0.380409461235,1.77939263253,5,888
534,1,6.8268121555,5.0,14,0.02002002002,0,0.104874950562,1.51218730381,5,910
535,1,7.8849667035,2.0,10,0.018018018018,0,0.452153947394,1.52850486132,5,890
536,1,4.11351947925,4.0,8,0.02002002002,0,-0.235442000115,-0.180154520403,5,824
537,1,4.70495308303,4.0,5,0.017017017017,1,0.195136139717,-0.880455336123,5,713
538,1,6.76170946614,3.0,8,0.021021021021,0,1.07790713019,-1.47201192442,5,808
539,1,7.46114801199,7.0,19,0.02002002002,0,0.67979248461,0.421770558161,5,968
540,1,6.85360210171,6.0,17,0.02002002002,0,0.232342001829,1.15657609622,5,944
541,1,4.16210910479,4.0,16,0.02002002002,0,-0.262980903351,-0.0489481851554,5,914
542,1,7.29645341137,4.0,12,0.02002002002,0,0.637887654478,0.382790447936,5,823
543,1,7.85368234872,4.0,19,0.019019019019,0,1.36886969331,-1.25292673121,5,984
544,1,5.57397179696,2.0,7,0.02002002002,0,-0.068864643091,0.780565726232,5,709
545,1,2.45949035552,,4,0.019019019019,0,-0.220466615811,-1.87910979705,5,615
546,1,0.738972483995,,1,0.02002002002,0,-1.53649761397,0.348465325898,5,29
547,1,4.35636370994,3.0,5,0.022022022022,0,0.14339335585,-1.07381635761,5,562
548,1,5.0949038719,4.0,8,0.021021021021,0,-0.27119061438,0.908475715043,5,703
549,1,3.89462901451,,4,0.022022022022,0,0.485174314946,-2.56089393033,5,530
550,1,6.0051972491,1.0,18,0.019019019019,0,0.295075338275,0.119971234278,5,978
551,1,5.96481719775,4.0,7,0.02002002002,0,0.177531692109,0.432222121421,5,651
552,1,4.01839171427,4.0,16,0.018018018018,0,-0.521731959713,0.583587593414,5,854
553,1,5.14253660331,2.0,7,0.022022022022,0,-0.265751234168,0.939790305817,5,571
554,1,9.19697891117,9.0,13,0.02002002002,0,0.80278581932,1.78862145321,5,743
555,1,8.76604726085,3.0,14,0.02002002002,0,1.40697345019,-0.454873089722,5,775
556,1,9.90824427708,3.0,16,0.019019019019,0,1.3466053818,0.868428131676,5,797
557,1,5.98139158604,3.0,11,0.021021021021,0,0.677905174953,-1.05232393881,5,708
558,1,2.64975962247,2.0,3,0.021021021021,1,-0.29327829064,-1.47040550561,5,509
559,1,6.96487107342,4.0,10,0.02002002002,0,0.18605360904,1.4067102463,5,702
560,1,4.13582637713,0.0,15,0.017017017017,0,-0.323093915326,0.105108123112,5,940
561,1,6.2557269315,5.0,11,0.02002002002,0,0.040810066443,1.13329673218,5,764
562,1,7.33791388616,6.0,14,0.021021021021,0,0.912808818255,-0.400512568604,5,830
563,1,3.4631959357,3.0,5,0.021021021021,0,-1.01103699704,1.49630692681,5,527
564,1,0.906577778384,0.0,1,0.02002002002,1,-1.06707966999,-0.892183211635,5,169
565,1,9.13083663888,2.0,19,0.019019019019,0,2.05568599163,-2.03622133602,5,980
566,1,0.0500919646902,0.0,1,0.02002002002,1,-1.07089346032,-1.73722765435,5,276
567,1,4.76178270797,0.0,11,0.02002002002,0,0.39628640039,-1.4270764932,5,803
568,1,0.770443442455,0.0,1,0.02002002002,1,-1.60743823463,0.592758146352,5,159
569,1,10.0314944092,6.0,20,0.022022022022,0,1.05240315302,1.87428495011,5,913
570,1,7.45992474455,7.0,19,0.021021021021,0,0.319598597216,1.50112895291,5,907
571,1,3.74451321329,0.0,4,0.018018018018,0,0.191145444235,-1.82892311942,5,623
572,1,2.58064152824,2.0,17,0.02002002002,0,0.128169728083,-2.80386765601,5,893
573,1,7.1712052207,5.0,9,0.021021021021,0,0.671221382233,0.157541074,5,733
574,1,2.95112322836,2.0,3,0.02002002002,1,-0.125599752082,-1.67207751539,5,582
575,1,3.11811875479,2.0,15,0.019019019019,0,-0.0126770288111,-1.84385015878,5,864
576,1,6.7956957415,6.0,7,0.02002002002,1,-0.324673438487,2.76971605696,5,714
577,1,4.17375222781,1.0,15,0.022022022022,0,-0.0187930303425,-0.769868681162,5,835
578,1,6.10055328595,3.0,15,0.019019019019,0,1.12596748578,-2.27734917139,5,871
579,1,5.65534853884,5.0,8,0.02002002002,0,1.22912631419,-3.03203040374,5,782
580,1,4.9357246793,3.0,12,0.019019019019,0,-0.165812352133,0.433161735699,5,825
581,1,2.22767754212,1.0,15,0.019019019019,0,-0.193762473173,-2.19103503836,5,850
582,1,7.2663677073,1.0,11,0.019019019019,0,0.437908017242,0.952643655574,5,807
583,1,4.47062870252,2.0,5,0.019019019019,0,-0.443723954764,0.801800566817,5,680
584,1,2.34868958164,1.0,8,0.02002002002,0,-0.431917295214,-1.35555853272,5,738
585,1,5.3627126458,3.0,7,0.019019019019,0,0.396639736476,-0.827206563626,5,761
586,1,6.52995735403,4.0,20,0.021021021021,0,0.722782126429,-0.638389025255,5,929
587,1,1.29242183591,1.0,2,0.021021021021,1,-0.332372066252,-2.71046196533,5,592
588,1,8.6953755142,6.0,11,0.02002002002,0,0.705395573417,1.57918879394,5,806
589,1,8.06132761835,0.0,16,0.02002002002,0,0.659149892982,1.0838779394,5,856
590,1,8.13438263341,4.0,14,0.02002002002,0,1.32643825255,-0.844932124242,5,812
591,1,3.42072465844,3.0,4,0.021021021021,1,-0.124479437754,-1.2058370283,5,640
592,1,6.42722901354,5.0,14,0.021021021021,0,1.115548775,-1.91941731147,5,829
593,1,1.03523917161,1.0,5,0.019019019019,0,-0.73631504112,-1.75581570503,5,648
594,1,-1.74379948286,,5,0.021021021021,0,-1.35392336342,-2.68202939259,5,439
595,1,4.55233454515,2.0,16,0.02002002002,0,-0.0299283691187,-0.357880347493,5,855
596,1,5.63956018496,2.0,18,0.023023023023,0,-0.893708312712,3.3206851231,5,861
597,1,7.50462833915,3.0,9,0.019019019019,0,0.507940570576,0.980806627418,5,749
598,1,13.278268295,11.0,16,0.019019019019,0,2.35227672232,1.221438128,5,922
599,1,4.08490826525,2.0,10,0.022022022022,0,-0.567991112439,0.788881602568,5,794
600,1,2.82995011741,2.0,3,0.022022022022,1,-0.37521269629,-1.04441179372,5,406
601,1,-0.560189248415,,0,0.023023023023,1,-1.22582635546,-1.88271018205,5,23
602,1,7.13334827748,7.0,14,0.021021021021,0,0.755930380128,-0.134442862901,5,852
603,1,8.36732988483,3.0,18,0.021021021021,0,1.63151946113,-1.52722849857,5,882
604,1,5.22534511403,2.0,22,0.022022022022,0,-0.345103618145,1.26065596846,5,997
605,1,4.12359838581,4.0,10,0.023023023023,0,0.170861251952,-1.38898537004,5,409
606,1,7.27881078057,7.0,17,0.018018018018,0,0.0416853544433,2.15375471724,5,991
607,1,-1.47173164841,,0,0.021021021021,1,-1.76587731251,-1.17409971089,5,138
608,1,12.1026583934,10.0,15,0.018018018018,0,2.22451211583,0.429122045963,5,946
609,1,5.53184935531,,13,0.021021021021,0,0.242225480211,-0.194827085326,5,598
610,1,4.39318068777,1.0,12,0.021021021021,0,-0.834232159034,1.89587716487,5,587
611,1,9.13863434534,1.0,13,0.018018018018,0,1.00897573131,1.11170715142,5,836
612,1,7.1892125403,0.0,8,0.021021021021,0,0.67645900825,0.159835515552,5,368
613,1,8.12332828207,8.0,9,0.021021021021,1,0.323144116422,2.15389593281,5,399
614,1,4.12204188447,0.0,7,0.019019019019,0,-0.378894454655,0.258725248432,5,337
615,1,9.88116742953,5.0,10,0.019019019019,0,1.73691060672,-0.329564390627,5,567
616,1,2.92088770816,2.0,8,0.021021021021,0,-0.962133266391,0.807287507332,5,311
617,1,5.00685482206,4.0,20,0.02002002002,0,0.203906858504,-0.604865753447,5,983
618,1,6.43393886495,1.0,9,0.023023023023,0,0.303350481161,0.52388742147,5,301
619,1,5.72570522249,1.0,7,0.021021021021,0,0.370394175451,-0.385477303866,5,263
620,1,2.25024292481,0.0,5,0.018018018018,0,-0.261456579887,-1.96538733553,5,185
621,1,7.12683937923,2.0,10,0.018018018018,0,-0.0715479432106,2.34148320886,5,270
622,1,4.68801539316,4.0,8,0.018018018018,0,0.036831923749,-0.422480378083,5,225
623,1,3.11171890464,1.0,7,0.021021021021,0,-0.669070882141,0.118931551067,5,175
624,1,4.95111760937,0.0,5,0.017017017017,0,0.140015621603,-0.468929255436,5,179
625,1,5.33481757412,5.0,11,0.017017017017,0,0.778538895195,-2.00079911147,5,414
626,1,-1.71647299182,,1,0.021021021021,0,-1.85702612033,-1.14539463083,5,43
627,1,6.00635442107,0.0,7,0.021021021021,0,-0.033985367394,1.10831052326,5,140
628,1,6.77950241857,6.0,19,0.022022022022,0,1.22334329681,-1.89052747185,5,501
629,1,4.62421946714,4.0,6,0.017017017017,0,-0.575312803086,1.3501578764,5,126
630,1,-3.70250186528,,3,0.02002002002,0,-2.99398624841,0.27945687995,5,80
631,1,3.77192660293,0.0,4,0.02002002002,0,-1.00054308571,1.77355586006,5,107
632,1,2.16890927228,,3,0.02002002002,0,-0.852812472323,-0.272653310754,5,102
633,1,7.33311405219,,12,0.018018018018,0,0.302686979446,1.42505311385,5,428
634,1,6.42597515666,6.0,9,0.02002002002,0,0.403954934516,0.214110353116,5,249
635,1,8.27866178923,7.0,15,0.019019019019,0,1.33428979757,-0.72420760349,5,591
636,1,-1.45827590326,,0,0.02002002002,1,-2.1821789265,0.0882608762336,5,34
637,1,0.326979187109,,1,0.019019019019,0,-1.01554715285,-1.62637935435,5,55
638,1,4.77026376134,0.0,6,0.021021021021,0,0.251473822742,-0.984157706887,5,200
639,1,8.26376656578,8.0,9,0.02002002002,1,1.10114930343,-0.0396813445121,5,289
640,1,6.02710980415,3.0,13,0.019019019019,0,0.0590662503201,0.84991105319,5,612
641,1,6.81141084536,4.0,18,0.021021021021,0,0.107248941501,1.48966402086,5,809
642,1,2.21024284991,2.0,3,0.019019019019,1,-0.70959915099,-0.660959697122,5,230
643,1,10.3996445958,9.0,14,0.02002002002,0,1.12826073514,2.01486239041,5,720
644,1,3.35713551698,,7,0.022022022022,0,-0.0652697735652,-1.44705516232,5,339
645,1,9.52107030155,3.0,10,0.02002002002,0,0.969483643758,1.61261937027,5,694
646,1,4.33472506268,3.0,5,0.019019019019,0,-0.485923489557,0.792495531352,5,421
647,1,3.16547805286,1.0,19,0.019019019019,0,-0.178097282091,-1.30023010086,5,985
648,1,8.41294041647,7.0,9,0.022022022022,0,0.538675549996,1.79691376649,5,477
649,1,7.35061103314,5.0,15,0.02002002002,0,0.239046993263,1.63347005335,5,885
650,1,6.77859569756,5.0,14,0.019019019019,0,0.653119632153,-0.180763198899,5,896
651,1,6.02471385651,1.0,7,0.02002002002,0,0.636286599937,-0.8841459433,5,699
652,1,8.582228128,8.0,9,0.021021021021,1,1.07558059616,0.355486339513,5,745
653,1,6.84388755092,4.0,16,0.021021021021,0,0.893598296641,-0.836907339006,5,930
654,1,12.8880146849,5.0,18,0.021021021021,0,1.78694494533,2.52717984896,5,960
655,1,9.3423641158,3.0,16,0.021021021021,0,0.868674865019,1.73633952074,5,942
656,1,7.62094627432,3.0,9,0.02002002002,0,0.724605447425,0.447129932045,5,819
657,1,5.93775556753,3.0,6,0.02002002002,0,0.749698761585,-1.31134071722,5,796
658,1,8.98550391048,2.0,13,0.02002002002,0,0.0577565946448,3.81223412654,5,892
659,1,7.59426337212,1.0,19,0.019019019019,0,0.627031921885,0.713167606464,5,1000
660,1,6.67803919106,6.0,17,0.018018018018,0,0.320563796928,0.716347800276,5,970
661,1,5.38301927516,3.0,6,0.021021021021,0,0.956539040319,-2.4865978458,5,773
662,1,8.224635941,7.0,12,0.022022022022,0,0.142144838358,2.79820142593,5,883
663,1,10.1567207801,6.0,18,0.021021021021,0,0.760568001096,2.87501677683,5,943
664,1,2.74403239543,0.0,5,0.02002002002,0,0.131707488807,-2.65109007099,5,766
665,1,5.18606338265,,12,0.02002002002,0,0.713004635102,-1.95295052266,5,840
666,1,0.702564365839,,3,0.02002002002,0,-1.70934038176,0.830585511126,5,476
667,1,2.8397089993,2.0,11,0.02002002002,0,0.397033903951,-3.35139271256,5,838
668,1,3.0750145043,2.0,17,0.019019019019,0,-0.902662274144,0.783001326733,5,949
669,1,8.59791512921,7.0,16,0.02002002002,0,1.1847021021,0.0438088229215,5,920
670,1,-1.42431338432,,0,0.021021021021,1,-1.77182096902,-1.10885047725,5,71
671,1,10.109155147,8.0,14,0.024024024024,0,0.90765356951,2.38619443845,5,778
672,1,-1.52912975748,,0,0.018018018018,1,-2.15036234418,-0.0780427249373,5,57
673,1,4.04717694389,,6,0.022022022022,0,0.0906828231622,-1.2248715256,5,522
674,1,6.44895665004,6.0,17,0.02002002002,0,0.795992602313,-0.939021156896,5,879
675,1,6.0953089956,4.0,8,0.021021021021,0,0.340246092954,0.0745707167367,5,734
676,1,5.95845629689,3.0,10,0.019019019019,0,-0.118003097702,1.31246559,5,791
677,1,8.27020495163,7.0,15,0.02002002002,0,0.898724349701,0.574031902528,5,847
678,1,5.89451515924,3.0,6,0.018018018018,0,0.355487920683,-0.17194860281,5,643
679,1,10.8867149095,6.0,13,0.02002002002,0,1.95758668651,0.0139548499833,5,822
680,1,0.941260202078,0.0,2,0.019019019019,0,-0.844617798554,-1.52488640226,5,251
681,1,6.22462365387,6.0,11,0.021021021021,0,-0.116188318186,1.57318860843,5,751
682,1,-1.5605055536,,4,0.022022022022,0,-1.5106465841,-2.0285658013,5,455
683,1,5.47340427858,3.0,15,0.022022022022,0,-0.177119987228,1.00476424027,5,792
684,1,4.76973566713,3.0,11,0.02002002002,0,-0.154343624951,0.232766541981,5,755
685,1,9.84586092748,6.0,20,0.02002002002,0,0.75184146402,2.59033653542,5,998
686,1,7.2540499631,2.0,16,0.019019019019,0,0.613064302139,0.41485705668,5,881
687,1,5.49634820976,2.0,6,0.02002002002,0,-0.248723612557,1.24251904744,5,500
688,1,5.90170919671,4.0,6,0.02002002002,0,0.497459573518,-0.590669523843,5,557
689,1,3.40851171526,2.0,4,0.019019019019,0,-0.600939764738,0.211331009471,5,338
690,1,5.5717848437,3.0,20,0.021021021021,0,0.206622511055,-0.0480826894678,5,957
691,1,5.0782697536,2.0,8,0.021021021021,0,0.374765892261,-1.04602792318,5,642
692,1,5.82558130847,3.0,6,0.018018018018,0,0.0708672826547,0.612979460507,5,572
693,1,4.6340852747,3.0,19,0.02002002002,0,0.200888071566,-0.968578939999,5,909
694,1,7.72282873083,2.0,11,0.019019019019,0,0.870368491657,0.111723255861,5,657
695,1,4.09929712063,2.0,5,0.019019019019,0,-0.444392250393,0.432473871806,5,430
696,1,-1.53767922344,,0,0.023023023023,1,-1.66405223121,-1.54552252982,5,8
697,1,7.7977877836,3.0,13,0.02002002002,0,0.558511773707,1.12225246248,5,732
698,1,3.46128042427,1.0,17,0.019019019019,0,-0.530008306027,0.0513053423563,5,877
699,1,6.91349530479,3.0,16,0.023023023023,0,0.429487696023,0.62503221672,5,817
700,1,6.53267190904,4.0,16,0.02002002002,0,0.210026281122,0.90259306567,5,786
701,1,5.98427077359,1.0,14,0.021021021021,0,0.563102186878,-0.705035787042,5,689
702,1,9.94943660389,7.0,12,0.02002002002,0,0.999729388605,1.95024843807,5,581
703,1,6.09889379247,0.0,17,0.019019019019,0,0.386050193242,-0.0592567872594,5,820
704,1,7.3025282503,4.0,11,0.021021021021,0,-0.176185441574,2.83108457502,5,583
705,1,10.2473033532,10.0,11,0.021021021021,1,1.73402542686,0.0452270726119,5,512
706,1,8.34130537811,6.0,12,0.021021021021,0,1.21466800582,-0.302698639337,5,520
707,1,2.78473311493,,4,0.018018018018,0,-0.589579797333,-0.446527493065,5,96
708,1,9.77429970102,5.0,11,0.021021021021,0,1.44847438771,0.428876537907,5,479
709,1,-0.0613483147923,,4,0.018018018018,0,-1.85092893816,0.4914384997,5,60
710,1,7.19093823805,7.0,8,0.021021021021,1,0.548740582146,0.544716491616,5,350
711,1,-2.07023291293,,2,0.02002002002,0,-2.0695438653,-0.861601317037,5,31
712,1,13.5078816504,13.0,20,0.022022022022,0,1.85255043274,2.95023035218,5,754
713,1,3.62021821231,3.0,10,0.019019019019,0,-0.49958737379,0.118980333684,5,450
714,1,-3.84922701099,,0,0.019019019019,1,-2.42052677342,-1.58764669072,5,1
715,1,0.254169379425,,2,0.019019019019,0,-1.08661616949,-1.48598211209,5,42
716,1,6.35728127043,,12,0.02002002002,0,0.316677806589,0.407247850665,5,357
717,1,7.96981868396,7.0,10,0.02002002002,0,1.06467817121,-0.224215829663,5,229
718,1,-0.201144069219,,1,0.021021021021,0,-1.98687869893,0.759492027581,5,24
719,1,8.71047655805,7.0,13,0.019019019019,0,0.755483157934,1.44402708425,5,497
720,1,0.378822936427,,11,0.02002002002,0,-1.22544697674,-0.944836133338,5,325
721,1,0.431870351779,,19,0.022022022022,0,-2.3797296814,2.57105939598,5,515
722,1,3.54351709344,,8,0.021021021021,0,-0.277322931249,-0.624514112807,5,176
723,1,6.79301249251,6.0,16,0.019019019019,0,0.383616933566,0.64216169181,5,630
724,1,6.27064510886,,9,0.019019019019,0,0.447919126674,-0.0731122711589,5,180
725,1,4.22946299856,,8,0.019019019019,0,-1.06133469207,2.41346707477,5,209
726,1,0.100977232838,,3,0.02002002002,0,-1.2445907003,-1.16525066626,5,47
727,1,1.28413442352,0.0,5,0.021021021021,0,-1.02483586881,-0.641357970037,5,65
728,1,0.123360050468,,2,0.02002002002,0,-2.1339653695,1.52525615896,5,32
729,1,2.92918240859,,4,0.02002002002,0,-0.340395217824,-1.04963193794,5,92
730,1,5.87183457962,,9,0.02002002002,0,0.617202644369,-0.979773353486,5,451
731,1,-2.66564494174,,0,0.02002002002,1,-1.64344341676,-2.73531469146,5,16
732,1,8.43324790586,2.0,16,0.018018018018,0,0.362795793486,2.3448605254,5,801
733,1,8.10789329557,2.0,15,0.021021021021,0,0.490346844967,1.63685276067,5,776
734,1,7.45742811195,7.0,17,0.019019019019,0,0.363402434145,1.36722080951,5,936
735,1,2.05353749014,2.0,7,0.02002002002,0,-0.606268882789,-1.1276558615,5,245
736,1,6.8520473958,3.0,12,0.021021021021,0,0.544816316091,0.217598447532,5,690
737,1,7.47149287909,7.0,19,0.02002002002,0,1.36425863781,-1.62128303432,5,971
738,1,4.1547827467,4.0,5,0.02002002002,1,-0.0536350111709,-0.684312219785,5,232
739,1,2.43269694343,1.0,8,0.02002002002,0,-0.427450753117,-1.28495079722,5,462
740,1,6.29607643138,1.0,19,0.019019019019,0,1.28416021237,-2.55640420571,5,994
741,1,5.6108865906,1.0,6,0.02002002002,0,0.408017446907,-0.61316575012,5,507
742,1,6.93851131501,4.0,8,0.02002002002,0,0.241559907706,1.21383159189,5,684
743,1,7.65481864243,1.0,13,0.02002002002,0,0.984899445339,-0.29987969359,5,875
744,1,6.33266896556,6.0,7,0.019019019019,1,-0.0129684691798,1.3715743731,5,577
745,1,3.60571540753,,4,0.023023023023,0,-0.487101889363,0.067021075617,5,214
746,1,5.37252666114,3.0,9,0.02002002002,0,0.250951333538,-0.380327339478,5,787
747,1,6.43195594224,3.0,9,0.018018018018,0,0.230575402864,0.740229733648,5,800
748,1,0.361841106775,0.0,1,0.021021021021,1,-1.06239148694,-1.45098443239,5,110
749,1,7.45710080255,2.0,22,0.023023023023,0,0.406965730444,1.23620361122,5,993
750,1,3.39291100784,3.0,7,0.022022022022,0,-0.0569603564987,-1.43620792266,5,741
751,1,7.14784788408,0.0,14,0.019019019019,0,0.812769269539,-0.290459924536,5,905
752,1,4.68005340834,3.0,9,0.019019019019,0,0.22482074255,-0.99440881931,5,828
753,1,9.34712486591,5.0,15,0.017017017017,0,0.343820499025,3.31566336884,5,953
754,1,9.0978736306,5.0,18,0.021021021021,0,1.0850056396,0.842856711802,5,932
755,1,6.97054564432,5.0,11,0.021021021021,0,-0.0705246928457,2.18211972286,5,848
756,1,6.1116539787,2.0,15,0.02002002002,0,0.210248600175,0.480908178171,5,918
757,1,7.44841000402,2.0,14,0.019019019019,0,0.949638510995,-0.400505528968,5,923
758,1,3.35231386048,1.0,11,0.02002002002,0,-0.231632731453,-0.952787945162,5,899
759,1,6.30483227642,0.0,8,0.02002002002,0,0.825347385159,-1.17120987906,5,750
760,1,8.03476836238,8.0,21,0.021021021021,0,0.785139798225,0.67934896771,5,963
761,1,2.31327497648,0.0,7,0.018018018018,0,-1.09531482862,0.599219462333,5,841
762,1,10.0985772027,8.0,12,0.019019019019,0,1.05484748616,1.93403474423,5,916
763,1,4.17722869242,2.0,5,0.019019019019,0,-0.494810066304,0.661658891333,5,659
764,1,0.754701209445,0.0,6,0.021021021021,0,-1.3914432412,-0.070969066954,5,681
765,1,7.71906334293,7.0,13,0.019019019019,0,0.795029811071,0.333973909717,5,870
766,1,6.06429262813,3.0,10,0.018018018018,0,0.328870441777,0.0776813028029,5,845
767,1,4.00425985421,4.0,19,0.02002002002,0,0.0674406666121,-1.19806214563,5,956
768,1,1.89795713605,0.0,5,0.019019019019,0,-1.49427450893,1.38078066284,5,560
769,1,4.89854039126,1.0,13,0.022022022022,0,0.320971784437,-1.06437496205,5,695
770,1,7.33286419796,7.0,8,0.02002002002,1,0.760850265412,0.0503134017235,5,549
771,1,8.75752284934,1.0,13,0.021021021021,0,0.296957736908,2.86664963862,5,772
772,1,8.8670589086,1.0,11,0.02002002002,0,1.04411905453,0.734701744999,5,565
773,1,4.23322139194,0.0,5,0.019019019019,0,-0.407565270811,0.455917204374,5,495
774,1,2.00597996802,0.0,3,0.022022022022,0,-0.382923435431,-1.84524972569,5,438
775,1,5.18992314224,0.0,7,0.018018018018,0,-0.402042343942,1.39605017407,5,516
776,1,8.98943356909,1.0,19,0.02002002002,0,1.41916348614,-0.268056889321,5,849
777,1,1.36019591248,0.0,2,0.02002002002,0,-0.522320310835,-2.07284315501,5,423
778,1,0.744764705371,0.0,1,0.021021021021,1,0.0538616420745,-4.41682022085,5,374
779,1,0.571498622031,0.0,7,0.017017017017,0,-1.42697529831,-0.147575483054,5,510
780,1,5.18792220265,4.0,8,0.022022022022,0,-0.178908092524,0.724646480225,5,490
781,1,5.93526661211,2.0,13,0.022022022022,0,-0.448898536396,2.2819622213,5,547
782,1,2.09079013642,1.0,7,0.019019019019,0,-1.20626361505,0.709580981566,5,424
783,1,8.53375119779,1.0,14,0.02002002002,0,0.58955405375,1.76508903654,5,537
784,1,4.01525939202,1.0,20,0.021021021021,0,-0.897488960471,1.70772627344,5,674
785,1,6.99641577739,1.0,14,0.019019019019,0,1.14892641819,-1.45036347717,5,588
786,1,3.55028898108,1.0,17,0.02002002002,0,-0.428476913861,-0.164280277335,5,637
787,1,5.55083021185,1.0,6,0.021021021021,0,0.83907832604,-1.96640476627,5,408
788,1,7.6149847762,0.0,9,0.02002002002,0,0.397232995297,1.42328579031,5,418
789,1,5.27462825869,1.0,16,0.02002002002,0,0.457338228182,-1.09738642586,5,597
790,1,0.247305436009,0.0,1,0.018018018018,1,-1.30255733307,-0.845022564779,5,286
791,1,3.00703497638,1.0,6,0.018018018018,0,-0.842225146759,0.533710416654,5,343
792,1,3.64068454169,0.0,4,0.024024024024,0,-1.15903415731,2.11778701362,5,324
793,1,2.26959814109,1.0,4,0.019019019019,0,-1.44468824044,1.60366286241,5,290
794,1,2.04162718418,1.0,16,0.02002002002,0,-0.396634526968,-1.76846923491,5,658
795,1,-1.97799592328,,0,0.018018018018,1,-1.42288888564,-2.70932926637,5,127
796,1,4.09077960297,1.0,8,0.019019019019,0,0.846045444106,-3.44735672935,5,370
797,1,6.87188462198,,15,0.021021021021,0,0.49502008279,0.386824373607,5,427
798,1,6.2732644324,3.0,10,0.02002002002,0,0.584290630643,-0.479607459526,5,369
799,1,5.2704788975,3.0,6,0.02002002002,0,-0.71321253479,2.41011650187,5,330
800,1,4.78991644386,0.0,6,0.022022022022,0,-0.323027131156,0.758997837328,5,329
801,1,1.02912493745,1.0,20,0.02002002002,0,-1.39157884676,0.203861477736,5,977
802,1,13.4649641957,3.0,17,0.019019019019,0,2.85394006732,-0.096856006243,5,785
803,1,1.95270837045,0.0,2,0.019019019019,0,-0.937043067024,-0.23616242848,5,189
804,1,3.04226401095,0.0,16,0.02002002002,0,0.413523099331,-3.19830528704,5,504
805,1,5.75623813866,4.0,6,0.019019019019,0,-0.0615859084482,0.940995864007,5,362
806,1,8.12265905875,5.0,13,0.019019019019,0,0.452070843388,1.76644652858,5,463
807,1,8.33487047867,4.0,10,0.02002002002,0,1.57796645674,-1.39902889156,5,420
808,1,2.48128583753,0.0,5,0.019019019019,0,0.0648904693503,-2.71338557052,5,206
809,1,3.66785938746,,8,0.019019019019,0,-0.504126778352,0.180239722516,5,382
810,1,5.11209024674,4.0,8,0.021021021021,0,-0.0850735859617,0.36731100463,5,415
811,1,13.1749894015,5.0,18,0.021021021021,0,1.71642431725,3.02571644977,5,765
812,1,0.279083700352,0.0,1,0.02002002002,1,-0.618250692749,-2.8661642214,5,155
813,1,7.26555964877,7.0,14,0.017017017017,0,0.972589337015,-0.652208362275,5,752
814,1,10.2597884045,8.0,11,0.015015015015,0,1.83919767728,-0.25780462738,5,511
815,1,4.10034732939,1.0,8,0.019019019019,0,-0.871238014995,1.71406137437,5,465
816,1,2.10916119158,,9,0.022022022022,0,0.705413116393,-5.0070781576,5,460
817,1,-1.32043046623,,2,0.02002002002,0,-1.72321281673,-1.15079201604,5,91
818,1,3.42401888815,2.0,6,0.018018018018,0,-0.28185795188,-0.730407256212,5,474
819,1,9.62967890067,9.0,16,0.018018018018,0,0.87211807845,2.01332466532,5,853
820,1,8.07515572153,4.0,9,0.02002002002,0,1.13890157601,-0.3415490065,5,528
821,1,2.73492072339,2.0,7,0.021021021021,0,-0.350762267598,-1.21279247382,5,498
822,1,9.01603898235,3.0,18,0.018018018018,0,0.862791719072,1.42766382514,5,866
823,1,12.1448620728,2.0,18,0.021021021021,0,2.23137186208,0.450746486577,5,789
824,1,2.32413878129,1.0,4,0.019019019019,0,-0.747505719336,-0.433344060697,5,480
825,1,0.943871232142,0.0,13,0.019019019019,0,-0.425684271555,-2.77907595319,5,725
826,1,7.50301740929,2.0,11,0.019019019019,0,0.874886516437,-0.121642140019,5,704
827,1,3.1830048946,1.0,14,0.02002002002,0,-0.711567273688,0.317706715663,5,716
828,1,5.01438884374,4.0,8,0.02002002002,0,0.313562975599,-0.926300083053,5,627
829,1,9.09701572361,1.0,18,0.019019019019,0,0.726599850418,1.91721617236,5,967
830,1,5.92029606404,2.0,17,0.02002002002,0,0.253650986092,0.159343105765,5,756
831,1,3.07244412264,1.0,6,0.021021021021,0,-0.088681252142,-1.66151212094,5,540
832,1,4.63764474928,1.0,6,0.019019019019,0,0.0866592400149,-0.622332970768,5,599
833,1,8.13034077214,1.0,11,0.02002002002,0,0.60511645516,1.31499140666,5,631
834,1,7.6008699384,1.0,16,0.019019019019,0,0.26040209002,1.81966366833,5,777
835,1,4.99645961253,4.0,9,0.019019019019,0,-0.777000644898,2.32746154722,5,639
836,1,1.62096397049,,4,0.02002002002,0,-1.08949916602,-0.110538531443,5,449
837,1,0.451570749129,0.0,1,0.019019019019,1,-0.773710615416,-2.22729740462,5,384
838,1,3.39781510114,0.0,13,0.02002002002,0,-1.01409246353,1.44009249172,5,706
839,1,8.05593572054,7.0,11,0.022022022022,0,1.0937141882,-0.225206844055,5,626
840,1,6.08159949534,2.0,7,0.019019019019,0,-0.0656682203805,1.27860415648,5,550
841,1,0.0895154018106,,3,0.019019019019,0,-0.548872712549,-3.26386646054,5,320
842,1,5.11794707921,5.0,19,0.019019019019,0,0.193016901795,-0.461103626174,5,962
843,1,11.7096363168,9.0,20,0.021021021021,0,2.27103004863,-0.103453829071,5,948
844,1,8.85464887941,7.0,11,0.019019019019,0,0.268375455185,3.04952251385,5,641
845,1,7.3094328601,7.0,8,0.017017017017,1,1.55475125633,-2.35482090888,5,610
846,1,-0.78768107782,,4,0.021021021021,0,-1.4350563598,-1.48251199841,5,405
847,1,6.50305981264,6.0,7,0.02002002002,1,-0.424890762634,2.77773210054,5,609
848,1,0.600904031057,0.0,1,0.019019019019,1,-0.131123980458,-4.00572402757,5,314
849,1,2.06867471026,0.0,14,0.021021021021,0,-0.220885366636,-2.26866918983,5,851
850,1,4.16406756092,2.0,6,0.021021021021,0,0.0607698149846,-1.01824188403,5,475
851,1,6.04872973138,4.0,10,0.02002002002,0,0.335261587279,0.0429449695435,5,744
852,1,0.106951860036,0.0,1,0.02002002002,1,-1.4040187284,-0.680991954764,5,81
853,1,1.88390063457,0.0,17,0.02002002002,0,-0.967168524977,-0.214593790497,5,919
854,1,3.55055526367,2.0,17,0.022022022022,0,0.224407747257,-2.1226679781,5,894
855,1,8.97793546936,6.0,10,0.02002002002,0,0.32339332227,3.00775550255,5,665
856,1,5.90177141395,5.0,7,0.019019019019,0,0.160543900106,0.420139713628,5,779
857,1,5.21507670855,4.0,9,0.021021021021,0,0.497850740973,-1.27847551437,5,795
858,1,10.5931431364,10.0,17,0.019019019019,0,0.593470617359,3.81273128428,5,974
859,1,4.2681479331,3.0,8,0.019019019019,0,-0.120036751187,-0.371741813335,5,873
860,1,6.37027638612,6.0,9,0.02002002002,0,-0.086135313479,1.62868232655,5,818
861,1,10.3538417565,9.0,17,0.018018018018,0,1.94155124968,-0.470811992522,5,996
862,1,1.80653564313,1.0,2,0.021021021021,1,-0.525840563832,-1.61594266537,5,331
863,1,10.780091443,5.0,14,0.02002002002,0,1.7286541609,0.594128960271,5,959
864,1,7.58240123098,4.0,10,0.022022022022,0,0.751258840404,0.328624709772,5,931
865,1,7.43163229957,6.0,11,0.019019019019,0,0.19941388781,1.83339063614,5,954
866,1,3.5768925761,3.0,17,0.02002002002,0,0.00657677921647,-1.44283776155,5,988
867,1,8.92153209524,7.0,12,0.019019019019,0,1.50237542489,-0.585594179415,5,966
868,1,5.24815687267,1.0,7,0.02002002002,0,0.416030768662,-0.999935433316,5,934
869,1,4.8684667944,1.0,19,0.019019019019,0,-0.564383851823,1.56161834987,5,999
870,1,6.01143982235,0.0,11,0.023023023023,0,0.179460371556,0.473058707684,5,945
871,1,5.82296903635,4.0,16,0.02002002002,0,0.808662067186,-1.60301716521,5,987
872,1,6.63096598271,4.0,13,0.019019019019,0,0.509051212135,0.1038123463,5,955
873,1,9.09949813624,5.0,12,0.022022022022,0,1.10504688705,0.784357475082,5,950
874,1,7.97308367687,6.0,16,0.02002002002,0,1.02015613341,-0.0873847233432,5,976
875,1,4.94573676861,3.0,6,0.019019019019,0,0.303347146018,-0.964304669442,5,843
876,1,5.03633234853,5.0,19,0.02002002002,0,1.08378599416,-3.21502563394,5,992
877,1,10.4797744841,10.0,12,0.021021021021,0,1.17331815691,1.95982001338,5,927
878,1,6.21290547574,6.0,10,0.02002002002,0,0.346508719608,0.173379316913,5,865
879,1,6.58613166578,6.0,16,0.018018018018,0,0.18158209771,1.04138537265,5,986
880,1,3.21954749478,0.0,5,0.02002002002,0,-0.892402303096,0.896754404072,5,365
881,1,3.36217986621,1.0,9,0.02002002002,0,-0.590032137215,0.132276277861,5,663
882,1,6.46472930894,2.0,14,0.023023023023,0,0.46307921125,0.0754916751925,5,675
883,1,5.11133377278,5.0,14,0.021021021021,0,-0.215111983289,0.756669722649,5,682
884,1,6.61435146145,2.0,8,0.019019019019,0,0.138997468456,1.19735905608,5,553
885,1,1.19330052314,,3,0.021021021021,0,-1.13990810526,-0.386975161071,5,98
886,1,3.18894538437,2.0,4,0.021021021021,0,-0.746550981353,0.428598328426,5,246
887,1,5.23303965247,3.0,11,0.019019019019,0,0.261517623185,-0.551513217084,5,573
888,1,4.49677554245,,7,0.021021021021,0,0.132771980278,-0.901540398381,5,252
889,1,4.45015650005,3.0,7,0.02002002002,0,-0.266731316176,0.250350448577,5,282
890,1,4.69523775493,2.0,6,0.02002002002,0,-0.264576408005,0.48896697894,5,240
891,1,10.2369636069,5.0,17,0.02002002002,0,1.71660853694,0.0871379960678,5,616
892,1,-0.247994551778,,1,0.021021021021,0,-1.04570984386,-2.11086502019,5,27
893,1,1.35738071118,0.0,5,0.02002002002,0,-1.25279793271,0.115774509299,5,233
894,1,7.36329077423,3.0,18,0.02002002002,0,0.410056356587,1.13312170447,5,580
895,1,6.41471854269,4.0,12,0.021021021021,0,0.985755128601,-1.54254684312,5,268
896,1,2.890471613,2.0,17,0.021021021021,0,-0.61386749103,-0.267925913912,5,508
897,1,-4.00473158611,,0,0.019019019019,1,-2.62663682953,-1.12482109752,5,26
898,1,3.04855585008,1.0,14,0.02002002002,0,-1.16888201607,1.55520189829,5,336
899,1,4.32927675917,4.0,14,0.019019019019,0,0.245117647272,-1.40607618264,5,413
900,1,3.91217418217,2.0,4,0.02002002002,0,-0.258571654184,-0.312110855278,5,226
901,1,5.51533644615,2.0,8,0.018018018018,0,-0.125355075332,0.891401672149,5,248
902,1,8.16463627207,4.0,13,0.02002002002,0,0.9892940664,0.196754072866,5,403
903,1,8.14839204292,8.0,9,0.019019019019,1,1.47269670034,-1.26969805811,5,255
904,1,2.810902324,2.0,3,0.02002002002,1,-0.683767704263,-0.13779456321,5,90
905,1,5.67501318674,1.0,10,0.019019019019,0,0.794385200907,-1.70814241598,5,332
906,1,1.85440088586,,7,0.022022022022,0,-1.30120504443,0.758016019156,5,238
907,1,6.31537269622,6.0,13,0.022022022022,0,0.756434158873,-0.9539297804,5,346
908,1,-0.35517825174,,5,0.018018018018,0,-0.761507324843,-3.07065627721,5,236
909,1,4.3359652827,,5,0.02002002002,0,-0.336308584594,0.34489103648,5,128
910,1,6.286448813,4.0,18,0.019019019019,0,0.781261768361,-1.05733649208,5,722
911,1,0.482854139806,,1,0.021021021021,0,-1.2065464456,-0.897506523405,5,45
912,1,8.51000984412,5.0,12,0.017017017017,0,1.5682646925,-1.19478423337,5,389
913,1,2.55522739817,,3,0.022022022022,0,-1.7425134411,2.78276772148,5,61
914,1,8.31144147493,4.0,16,0.02002002002,0,0.356435811571,2.24213404021,5,487
915,1,9.40790503226,4.0,15,0.02002002002,0,1.39375952775,0.226626449003,5,453
916,1,6.1206612522,2.0,9,0.02002002002,0,0.917706999068,-1.632459745,5,360
917,1,0.759834922742,,1,0.022022022022,0,-0.729142210424,-2.05273844599,5,37
918,1,4.39677414931,4.0,13,0.02002002002,0,-0.611980279436,1.23271498762,5,377
919,1,12.1471873456,,17,0.018018018018,0,2.02969227162,1.05811053074,5,886
920,1,6.41380438775,1.0,15,0.021021021021,0,0.168408922975,0.908577618822,5,436
921,1,3.79118442221,2.0,5,0.02002002002,0,0.00927672469122,-1.23664575187,5,171
922,1,11.2712667661,10.0,15,0.018018018018,0,1.01007213361,3.24105036525,5,586
923,1,-0.142769853653,,0,0.02002002002,1,-0.820222906056,-2.68210113549,5,11
924,1,3.67574980103,3.0,17,0.018018018018,0,-0.0152807895974,-1.27840783018,5,607
925,1,7.80026954502,7.0,15,0.021021021021,0,0.606110933837,0.981936743515,5,394
926,1,0.483999349921,,5,0.023023023023,0,-1.36591491274,-0.418255911853,5,119
927,1,2.62715435725,,9,0.021021021021,0,-0.144276057264,-1.94001747095,5,173
928,1,5.33868889065,2.0,6,0.02002002002,0,-0.436864900635,1.64928359256,5,202
929,1,7.41598633322,4.0,10,0.019019019019,0,0.844062443416,-0.116200997025,5,221
930,1,4.49042422491,1.0,5,0.02002002002,0,-0.688330778919,1.55541656166,5,131
931,1,6.62399035114,4.0,17,0.021021021021,0,0.168739183163,1.11777280165,5,482
932,1,2.51063158916,1.0,3,0.02002002002,0,-1.12787999356,0.894271569849,5,72
933,1,7.78222208312,4.0,9,0.02002002002,0,1.29002175234,-1.08784317389,5,212
934,1,4.04344290793,0.0,5,0.022022022022,0,-0.0957381349159,-0.669342687327,5,139
935,1,7.12038975323,0.0,12,0.019019019019,0,0.40728855253,0.898524095639,5,228
936,1,-0.0512346690411,,1,0.022022022022,0,-1.63280077825,-0.152832334304,5,50
937,1,6.08888915232,3.0,12,0.019019019019,0,0.135621519352,0.682024594265,5,388
938,1,7.46331581581,1.0,10,0.018018018018,0,0.982390539189,-0.483855801761,5,375
939,1,0.966763710886,,1,0.02002002002,0,-1.18901236084,-0.466199206601,5,46
940,1,7.6440812687,3.0,19,0.019019019019,0,0.51767898031,1.09104432777,5,712
941,1,5.50822233974,3.0,7,0.023023023023,0,-0.496337040931,1.99723346253,5,188
942,1,12.9023007736,9.0,15,0.021021021021,0,2.17245515767,1.3849353006,5,435
943,1,4.55931791894,,5,0.018018018018,0,0.368023889864,-1.54475375066,5,224
944,1,8.1369796674,8.0,14,0.02002002002,0,1.8456697367,-2.40002954271,5,545
945,1,6.23805989453,4.0,13,0.021021021021,0,0.136129045776,0.829672757202,5,485
946,1,1.45578314067,,9,0.02002002002,0,-1.01258236945,-0.506469750985,5,392
947,1,0.625207053931,,2,0.018018018018,0,-0.406535641998,-3.15518602007,5,67
948,1,-3.33980949815,,0,0.02002002002,1,-2.36266349291,-1.25181901943,5,19
949,1,1.1432686038,,10,0.021021021021,0,-0.959167756859,-0.979228125624,5,585
950,1,7.46995011599,3.0,10,0.018018018018,0,0.316435786987,1.52064275503,5,628
951,1,-2.05825386172,,6,0.02002002002,0,-1.54875757598,-2.41198113379,5,285
952,1,7.35588620945,5.0,12,0.021021021021,0,0.520431927066,0.79459042825,5,605
953,1,4.74225812468,3.0,14,0.019019019019,0,-0.172093284322,0.258537977648,5,858
954,1,11.4585113052,2.0,16,0.021021021021,0,1.21759886234,2.80571471824,5,872
955,1,3.76771370619,3.0,4,0.02002002002,1,-0.595736464704,0.554923100303,5,400
956,1,7.83104837965,4.0,13,0.021021021021,0,0.0867391956034,2.57083079284,5,788
957,1,11.4611384761,6.0,19,0.02002002002,0,1.72783810069,1.27762417398,5,989
958,1,5.80955293853,4.0,9,0.021021021021,0,1.21025708585,-2.82121831903,5,645
959,1,4.3096173244,0.0,15,0.023023023023,0,-0.0993887564077,-0.392216406381,5,837
960,1,11.9528113731,6.0,15,0.019019019019,0,1.73944845932,1.73446599512,5,902
961,1,14.5314795498,11.0,19,0.021021021021,0,2.55723324117,1.85977982632,5,958
962,1,4.61824595356,4.0,18,0.018018018018,0,-0.00278500895443,-0.373399019575,5,990
963,1,1.30335068301,0.0,3,0.02002002002,0,-1.02855016746,-0.610998814617,5,568
964,1,3.93215700079,2.0,8,0.022022022022,0,0.133291684302,-1.46771805212,5,691
965,1,7.91284328661,1.0,9,0.018018018018,0,0.836105194561,0.404527702928,5,762
966,1,4.91713566381,1.0,6,0.021021021021,0,0.181801160746,-0.628267818428,5,668
967,1,2.42704304564,1.0,12,0.019019019019,0,-1.79292441386,2.80581628723,5,798
968,1,4.14491353356,0.0,5,0.021021021021,0,-0.56548075764,0.84135580648,5,584
969,1,3.74709648473,3.0,18,0.021021021021,0,-0.756712995942,1.01723547255,5,941
970,1,6.66298124737,1.0,16,0.021021021021,0,0.699808527207,-0.436444334248,5,810
971,1,7.65956985096,6.0,13,0.022022022022,0,0.631445313237,0.765233911252,5,697
972,1,10.0184273558,3.0,13,0.02002002002,0,1.70241058856,-0.0888044098863,5,793
973,1,5.24373539241,1.0,7,0.022022022022,0,-0.0160378224934,0.291848859893,5,544
974,1,5.56487827537,1.0,18,0.02002002002,0,-0.452239367463,1.92159637776,5,857
975,1,7.81429237645,1.0,10,0.021021021021,0,1.08835712116,-0.45077898704,5,636
976,1,6.60186763433,0.0,12,0.02002002002,0,0.145446057043,1.1655294632,5,688
977,1,2.61047745206,2.0,3,0.021021021021,1,-0.938108383072,0.424802601277,5,294
978,1,7.33765282833,7.0,13,0.019019019019,0,-0.360197107916,3.41824415208,5,730
979,1,1.88545262865,0.0,5,0.021021021021,0,-0.536700013701,-1.50444733025,5,250
980,1,4.32664751978,2.0,10,0.019019019019,0,-0.111051029375,-0.340199392093,5,556
981,1,3.37383341377,,21,0.021021021021,0,-0.665060147047,0.369013854913,5,995
982,1,5.9465659681,4.0,15,0.016016016016,0,-0.171574986105,1.46129092642,5,813
983,1,6.11099151535,6.0,7,0.02002002002,1,-0.0203615996696,1.17207631436,5,315
984,1,4.97008369758,4.0,6,0.023023023023,0,0.0379149978659,-0.143661296019,5,239
985,1,5.86025943575,3.0,8,0.019019019019,0,0.246159016972,0.12178238484,5,431
986,1,3.93414124494,0.0,4,0.021021021021,0,0.00184802270184,-1.07140282316,5,174
987,1,5.54353088243,,16,0.02002002002,0,0.0107554147226,0.511264638263,5,705
988,1,1.87977920102,1.0,3,0.02002002002,0,-1.2511531921,0.633238777317,5,89
989,1,0.614923009076,0.0,3,0.019019019019,0,-1.41787458634,-0.131453231917,5,101
990,1,-1.48980134054,,2,0.018018018018,0,-1.72500588602,-1.31478368247,5,68
991,1,2.5903956567,,17,0.021021021021,0,-0.375639542815,-1.28268571485,5,519
992,1,8.47837658218,7.0,12,0.02002002002,0,0.896220424246,0.789715309446,5,281
993,1,-0.0685852042995,,12,0.019019019019,0,-0.954595238422,-2.20479948903,5,383
994,1,3.81364148117,1.0,17,0.021021021021,0,-0.0412577870369,-1.06258515772,5,448
995,1,0.540538948883,,1,0.02002002002,0,-0.652642420594,-2.50153378934,5,58
996,1,3.85952326567,1.0,7,0.023023023023,0,-0.193664259728,-0.559483955143,5,121
997,1,-1.69900017439,,0,0.02002002002,1,-1.3898045188,-2.52958661799,5,7
998,1,2.93673313581,1.0,5,0.02002002002,0,-0.614748214087,-0.219022221926,5,105
999,1,1.9643985063,,4,0.018018018018,0,-1.53612950159,1.57278701106,5,129
