name,activated,threshold,before_activation_alters,after_activation_alters,degree,observed,var1,epsilon,constant,activation_order
0,1,2.15567385502,2.0,6,0.02002002002,0,-0.846983256246,-0.303376376242,5,239
1,1,8.38869200365,0.0,15,0.018018018018,0,1.16977038843,-0.120619161639,5,673
2,1,4.17115626964,2.0,19,0.021021021021,0,-0.064810077231,-0.634413498666,5,886
3,1,4.23181608359,4.0,15,0.022022022022,0,0.0467962602205,-0.908572697074,5,396
4,1,3.1097748032,3.0,10,0.02002002002,0,-0.603353877199,-0.0801635652003,5,276
5,1,4.38633799032,2.0,8,0.019019019019,0,-0.413873750607,0.627959242139,5,252
6,1,2.84387239716,2.0,3,0.02002002002,1,-0.479853408582,-0.716567377095,5,206
7,1,3.02190826313,3.0,8,0.021021021021,0,-0.953097805523,0.881201679699,5,233
8,1,6.05579895596,3.0,16,0.019019019019,0,0.451285352144,-0.298057100471,5,642
9,1,6.4964024817,1.0,7,0.021021021021,0,0.369504725608,0.387888304878,5,211
10,1,3.18833973834,3.0,6,0.018018018018,0,-0.668129541593,0.192728363113,5,203
11,1,6.78302895268,3.0,12,0.019019019019,0,0.434886687257,0.478368890904,5,337
12,1,5.69744010246,4.0,13,0.021021021021,0,0.247474939284,-0.0449847153974,5,296
13,1,2.5664069339,1.0,4,0.019019019019,0,-1.03005079663,0.656559323802,5,171
14,1,6.3147871588,0.0,19,0.019019019019,0,0.428615402506,0.0289409512841,5,545
15,1,9.86748774458,7.0,18,0.021021021021,0,1.59984312441,0.0679583713547,5,377
16,1,4.01976248028,4.0,9,0.02002002002,0,-0.0757646618765,-0.752943534087,5,172
17,1,7.31790437494,2.0,10,0.019019019019,0,0.383344427273,1.16787109312,5,191
18,1,1.92168956392,,2,0.018018018018,0,-1.08650027986,0.181190403513,5,52
19,1,-2.08821141973,,1,0.022022022022,0,-2.36513025492,0.00717934504447,5,41
20,1,5.28358266095,4.0,7,0.021021021021,0,0.15290786355,-0.175140929702,5,104
21,1,3.31618535309,0.0,11,0.018018018018,0,-0.492064155695,-0.207622179827,5,175
22,1,3.00892025058,,5,0.021021021021,0,-0.701363295479,0.113010137014,5,84
23,1,2.94766081214,0.0,7,0.021021021021,0,-0.679703213304,-0.0132295479528,5,85
24,1,2.72283611831,0.0,10,0.02002002002,0,-0.562244819258,-0.590429423913,5,105
25,1,2.21454733907,1.0,4,0.018018018018,0,-0.641999124293,-0.859455288053,5,42
26,1,0.240050584637,,2,0.021021021021,0,-1.65204365377,0.19618154595,5,28
27,1,5.27484186665,,11,0.022022022022,0,0.0293392745998,0.186824042848,5,86
28,1,5.92578451814,,15,0.021021021021,0,0.170139689927,0.415365448357,5,157
29,1,8.58962129088,2.0,18,0.021021021021,0,1.11506275771,0.24443301775,5,335
30,1,1.95758957018,0.0,14,0.02002002002,0,-0.974543975709,-0.118778502693,5,131
31,1,-0.392944243737,,0,0.022022022022,1,-1.43424176646,-1.09021894435,5,10
32,1,6.67938317459,0.0,16,0.02002002002,0,0.408359074594,0.454305950804,5,170
33,1,-4.37340603317,,7,0.021021021021,0,-3.24582014943,0.364054415126,5,70
34,1,7.37024500868,,8,0.022022022022,0,0.722753596601,0.201984218876,5,76
35,1,1.76370093043,0.0,2,0.023023023023,0,-0.947698805777,-0.393202652242,5,26
36,1,3.79770057224,,5,0.019019019019,0,-0.456623249212,0.167570319873,5,60
37,1,7.27202948359,,14,0.019019019019,0,0.666281038529,0.273186367999,5,273
38,1,-3.3047913078,,1,0.02002002002,0,-2.69170138184,-0.229687162278,5,19
39,1,8.15032131261,5.0,18,0.019019019019,0,1.20598906834,-0.467645892412,5,546
40,1,3.84327601635,,7,0.019019019019,0,-0.566740887914,0.54349868009,5,128
41,1,6.61858803903,4.0,13,0.021021021021,0,0.666441375784,-0.380736088319,5,260
42,1,0.392357321979,0.0,2,0.02002002002,0,-1.52698882148,-0.0266762135941,5,30
43,1,7.57464947494,7.0,11,0.021021021021,0,1.0535569578,-0.586021398459,5,236
44,1,3.89096303054,,7,0.021021021021,0,-0.201876999091,-0.503405972185,5,129
45,1,-1.09916661206,,4,0.019019019019,0,-1.87359667539,-0.478376585886,5,82
46,1,2.30583784638,0.0,10,0.019019019019,0,-0.591746686731,-0.918922093425,5,274
47,1,6.01261169243,6.0,13,0.018018018018,0,0.428353608042,-0.272449131693,5,494
48,1,4.91172521458,4.0,10,0.021021021021,0,0.032462445318,-0.185662121371,5,305
49,1,5.8944189522,4.0,7,0.019019019019,0,0.317738868449,-0.0587976531491,5,272
50,1,2.34476293377,2.0,4,0.019019019019,0,-1.01191588296,0.38051058264,5,153
51,1,5.89920402097,4.0,10,0.021021021021,0,0.22542284795,0.222935477119,5,394
52,1,4.28241308396,4.0,5,0.023023023023,1,-0.166990652013,-0.216614960001,5,259
53,1,8.61280432254,7.0,12,0.021021021021,0,1.34868631587,-0.433254625069,5,658
54,1,8.60943502047,8.0,19,0.019019019019,0,1.1920757232,0.0332078508853,5,962
55,1,10.0498530662,10.0,11,0.019019019019,1,1.45266227208,0.691866249989,5,680
56,1,1.65658643589,1.0,14,0.019019019019,0,-1.06305985578,-0.154233996755,5,730
57,1,6.07303057318,6.0,15,0.02002002002,0,0.401635501072,-0.131875930035,5,755
58,1,2.28384437209,2.0,8,0.02002002002,0,-0.55443697526,-1.05284470213,5,541
59,1,4.14538168552,4.0,18,0.02002002002,0,-0.0456011756025,-0.717814787674,5,955
60,1,3.42609416702,1.0,5,0.021021021021,0,-0.600329504241,0.227082679741,5,512
61,1,7.48862249145,3.0,11,0.021021021021,0,0.808660342913,0.0626414627095,5,706
62,1,7.81662890516,7.0,10,0.021021021021,0,0.885700683623,0.159526854296,5,691
63,1,4.18757734517,2.0,17,0.021021021021,0,-0.309167175338,0.115078871189,5,953
64,1,1.83660879168,0.0,3,0.022022022022,0,-1.00521659245,-0.147741430957,5,314
65,1,3.61783082933,3.0,4,0.021021021021,1,-0.415859302834,-0.134591262165,5,532
66,1,9.54829332118,2.0,18,0.018018018018,0,1.28529783267,0.692399823165,5,988
67,1,12.1615899756,11.0,20,0.021021021021,0,2.37293885898,0.0427733986469,5,976
68,1,7.92251745179,7.0,9,0.018018018018,0,1.01484179993,-0.122007947988,5,690
69,1,6.27227289839,0.0,17,0.02002002002,0,0.325557535635,0.295600291482,5,889
70,1,3.15542096586,3.0,13,0.021021021021,0,-0.64673842575,0.0956362431148,5,713
71,1,3.63471173999,3.0,7,0.021021021021,0,-0.549624576204,0.283585468602,5,622
72,1,4.12992563619,0.0,13,0.019019019019,0,-0.249653180637,-0.1211148219,5,745
73,1,0.284707998602,0.0,1,0.021021021021,1,-1.60881327433,0.111147821586,5,279
74,1,3.73662111428,3.0,8,0.023023023023,0,-0.0122672302298,-1.22657719503,5,616
75,1,2.3985876501,2.0,15,0.019019019019,0,-0.916725693503,0.148764730606,5,738
76,1,6.3127165446,1.0,15,0.019019019019,0,0.483821756433,-0.138748724696,5,826
77,1,7.15043678812,1.0,11,0.019019019019,0,0.686208844268,0.0918102553141,5,698
78,1,1.00269962458,1.0,4,0.02002002002,0,-1.23455509839,-0.29363508026,5,555
79,1,10.5010270288,4.0,16,0.022022022022,0,1.60396346567,0.689136631761,5,725
80,1,2.82303694591,0.0,4,0.019019019019,0,-0.892738878064,0.501253580105,5,520
81,1,9.82009374966,2.0,19,0.02002002002,0,1.52250092389,0.252590978,5,765
82,1,3.67944844212,0.0,11,0.02002002002,0,-0.360739464919,-0.23833316312,5,654
83,1,5.94155210622,4.0,6,0.023023023023,0,-0.0252085329371,1.01717770504,5,488
84,1,6.52125320549,1.0,7,0.02002002002,0,0.568158145778,-0.183221231839,5,596
85,1,3.84894659736,2.0,13,0.02002002002,0,-0.481778479116,0.294282034712,5,675
86,1,3.69969527061,1.0,13,0.02002002002,0,-0.685091756812,0.754970541046,5,679
87,1,10.4094586556,1.0,11,0.023023023023,0,1.79396434481,0.0275656211633,5,568
88,1,2.65117140538,2.0,5,0.021021021021,0,-0.739558454815,-0.130153230175,5,493
89,1,3.59170455578,2.0,20,0.023023023023,0,-0.634252485304,0.494462011689,5,700
90,1,2.27781870525,2.0,4,0.019019019019,0,-0.495751775495,-1.23492596826,5,467
91,1,3.7130666162,3.0,11,0.018018018018,0,-0.373787151362,-0.165571929718,5,637
92,1,5.54498669893,4.0,9,0.02002002002,0,0.389280175434,-0.622853827373,5,483
93,1,-0.0623002762291,,0,0.021021021021,1,-1.53747913335,-0.449862876193,5,50
94,1,6.46147942084,4.0,14,0.021021021021,0,0.952767421749,-1.3968228444,5,667
95,1,7.80777999258,7.0,15,0.018018018018,0,1.09132094868,-0.466182853467,5,811
96,1,3.06141844989,3.0,10,0.02002002002,0,-0.683421324501,0.111682423399,5,530
97,1,1.24547691928,,7,0.02002002002,0,-1.16353185042,-0.263927529455,5,458
98,1,0.528869847155,,2,0.02002002002,0,-1.67381258913,0.550307614559,5,57
99,1,6.80764140563,4.0,7,0.018018018018,0,0.595585030583,0.020886313884,5,472
100,1,4.1464890126,3.0,5,0.021021021021,0,-0.21310137345,-0.214206867047,5,280
101,1,6.08989977816,6.0,18,0.019019019019,0,0.4174904489,-0.162571568543,5,915
102,1,2.18404820095,1.0,3,0.019019019019,0,-1.02086970589,0.246657318627,5,107
103,1,8.95222148895,4.0,13,0.02002002002,0,1.12191540732,0.58647526699,5,559
104,1,6.33550694407,4.0,15,0.02002002002,0,0.376845557032,0.204970272968,5,731
105,1,-0.0211645447129,,0,0.019019019019,1,-1.8174243047,0.431108369377,5,53
106,1,3.32286624029,3.0,6,0.02002002002,0,-0.599134676308,0.120270269215,5,323
107,1,4.59879571182,4.0,13,0.018018018018,0,-0.410600395586,0.830596898583,5,572
108,1,8.63521251099,5.0,9,0.021021021021,0,1.14536354374,0.199121879776,5,517
109,1,4.60536719803,4.0,7,0.02002002002,0,0.183991548714,-0.946607448113,5,487
110,1,3.39559661772,3.0,14,0.022022022022,0,-0.569798688838,0.104992684237,5,554
111,1,7.20089483227,6.0,17,0.02002002002,0,0.960086964492,-0.679366061203,5,594
112,1,3.96306516773,2.0,20,0.021021021021,0,-0.26221500593,-0.250289814481,5,737
113,1,5.8306710185,5.0,13,0.02002002002,0,0.0830115182458,0.581636463759,5,528
114,1,8.28734358429,7.0,19,0.019019019019,0,1.2958602166,-0.600237065507,5,761
115,1,5.05021362718,,12,0.019019019019,0,0.284960871992,-0.804668988799,5,519
116,1,0.467792790081,,1,0.022022022022,0,-1.48989162928,-0.0625323220699,5,6
117,1,-2.47348572099,,0,0.02002002002,1,-2.13271274406,-1.07534748882,5,4
118,1,4.21829610871,4.0,7,0.019019019019,0,-0.191718704636,-0.206547777385,5,391
119,1,3.83426072923,3.0,6,0.022022022022,0,-0.297464446345,-0.273345931732,5,304
120,1,8.52425964499,8.0,9,0.02002002002,1,1.25780226784,-0.249147158533,5,395
121,1,6.28645087031,6.0,8,0.023023023023,0,0.456963353121,-0.084439189055,5,264
122,1,2.11170667637,2.0,3,0.019019019019,1,-1.03214264396,0.208134608233,5,109
123,1,1.05004099601,,2,0.019019019019,0,-1.26182470722,-0.164484882344,5,75
124,1,8.10208070763,7.0,11,0.018018018018,0,0.887172668877,0.440562701001,5,430
125,1,5.37742117422,4.0,18,0.02002002002,0,0.426078808365,-0.90081525087,5,617
126,1,4.90678539835,4.0,6,0.021021021021,0,-0.0364790113546,0.0162224324108,5,270
127,1,8.41154699513,7.0,20,0.02002002002,0,1.26785459807,-0.392016799077,5,779
128,1,9.24944174431,2.0,14,0.021021021021,0,1.28436996628,0.39633184546,5,476
129,1,8.18846803296,7.0,17,0.019019019019,0,1.19026577901,-0.382329304066,5,631
130,1,1.25901517162,0.0,3,0.021021021021,0,-1.27690366964,0.0897261805402,5,228
131,1,1.84133600054,1.0,12,0.023023023023,0,-0.677591568988,-1.12588929249,5,414
132,1,4.07952527908,4.0,16,0.021021021021,0,-0.285731426401,-0.0632804417147,5,495
133,1,5.48063667317,,18,0.021021021021,0,0.0570187840881,0.309580320901,5,529
134,1,2.0834743183,0.0,4,0.019019019019,0,-0.862843482004,-0.327995235686,5,313
135,1,2.14905433481,2.0,10,0.02002002002,0,-0.682102452512,-0.804638307655,5,402
136,1,6.48953069243,3.0,10,0.02002002002,0,0.556067243795,-0.178671038955,5,350
137,1,4.28546841435,2.0,7,0.019019019019,0,-0.133732818113,-0.313333131308,5,325
138,1,8.03635233519,7.0,9,0.017017017017,0,0.823768079785,0.565048095831,5,405
139,1,5.72910560596,5.0,19,0.02002002002,0,0.144932240149,0.294308885509,5,812
140,1,6.51283571486,5.0,8,0.021021021021,0,0.462698522053,0.124740148703,5,291
141,1,14.2859666087,10.0,16,0.021021021021,0,2.95650091079,0.416463876308,5,475
142,1,2.76222386004,2.0,3,0.021021021021,1,-0.808996449069,0.189213207249,5,122
143,1,4.04984268918,,5,0.019019019019,0,-0.326313779808,0.0287840286026,5,202
144,1,3.04161297329,3.0,6,0.019019019019,0,-0.587572403052,-0.195669817555,5,262
145,1,6.03263812812,2.0,16,0.022022022022,0,0.37770061072,-0.100463704044,5,464
146,1,-0.203303892915,,0,0.02002002002,1,-1.60537189617,-0.387188204404,5,3
147,1,6.12401926658,5.0,18,0.019019019019,0,0.366184945569,0.0254644298736,5,524
148,1,8.3349482157,8.0,11,0.019019019019,0,1.00892066637,0.308186216585,5,322
149,1,3.93471398153,,5,0.024024024024,0,-0.376500578764,0.0642157178223,5,91
150,1,0.784604785324,0.0,1,0.02002002002,1,-1.41283243574,0.023102092539,5,23
151,1,8.20961514798,5.0,16,0.019019019019,0,0.978656559131,0.273645470586,5,511
152,1,4.79054939742,,6,0.019019019019,0,0.0601555552454,-0.389917268318,5,193
153,1,6.22678501909,4.0,7,0.019019019019,0,0.421966741833,-0.0391152064125,5,230
154,1,1.23717368536,1.0,2,0.021021021021,1,-1.00808964715,-0.738557373177,5,68
155,1,2.85445000338,,5,0.02002002002,0,-0.641045801406,-0.222412592402,5,156
156,1,9.72885339076,9.0,14,0.023023023023,0,1.4855800065,0.272113371273,5,516
157,1,3.49776565721,,10,0.02002002002,0,-0.539946303659,0.117604568187,5,501
158,1,0.69826510454,,2,0.018018018018,0,-1.59437342413,0.481385376933,5,78
159,1,5.75448915524,4.0,9,0.02002002002,0,0.228870520168,0.0678775947318,5,453
160,1,6.52050452765,5.0,12,0.019019019019,0,0.420641830924,0.25857903488,5,626
161,1,2.49724763199,1.0,3,0.017017017017,0,-0.738647922734,-0.286808599811,5,275
162,1,8.57444283079,6.0,14,0.019019019019,0,1.45295377013,-0.784418479597,5,729
163,1,6.16768440627,0.0,10,0.02002002002,0,0.206290402226,0.548813199593,5,549
164,1,6.24524811413,6.0,13,0.02002002002,0,0.465690138918,-0.151822302625,5,683
165,1,6.89527424295,3.0,20,0.02002002002,0,0.812416748139,-0.54197600147,5,897
166,1,5.33112061713,3.0,16,0.019019019019,0,0.0324265500911,0.233840966852,5,806
167,1,9.03250115554,4.0,10,0.022022022022,0,1.61287653116,-0.806128437947,5,587
168,1,7.02511026773,5.0,13,0.018018018018,0,0.381479077052,0.880673036571,5,808
169,1,10.3154302271,5.0,12,0.02002002002,0,1.73402363075,0.113359334822,5,723
170,1,4.56342481061,4.0,19,0.022022022022,0,-0.168680125999,0.0694651886013,5,859
171,1,3.57383898284,1.0,5,0.02002002002,0,-0.665483135284,0.570288388696,5,355
172,1,8.38493053884,8.0,10,0.022022022022,0,1.17593018601,-0.142860019198,5,711
173,1,0.710805835022,,2,0.02002002002,0,-1.44184227672,0.0363326651732,5,386
174,1,12.6011855559,5.0,13,0.017017017017,0,2.56588007485,-0.0964546686197,5,847
175,1,0.420797409804,0.0,1,0.021021021021,1,-1.51013392515,-0.048800814745,5,165
176,1,6.7618130724,3.0,9,0.018018018018,0,0.655362497867,-0.204274421198,5,740
177,1,5.7573914341,,10,0.021021021021,0,0.233994138357,0.0554090190306,5,721
178,1,5.2643173238,4.0,19,0.02002002002,0,0.0240234110523,0.192247090639,5,913
179,1,8.29951034022,5.0,17,0.02002002002,0,0.996725156261,0.309334871433,5,870
180,1,5.57044321382,4.0,12,0.02002002002,0,0.258441482848,-0.204881234721,5,781
181,1,3.25841895227,1.0,8,0.021021021021,0,-0.429511551685,-0.453046392673,5,663
182,1,4.51105596044,2.0,6,0.019019019019,0,-0.200895283983,0.113741812386,5,540
183,1,4.2354984365,1.0,14,0.02002002002,0,-0.136910793655,-0.353769182533,5,815
184,1,0.825595994409,,2,0.02002002002,0,-1.16536332667,-0.67831402559,5,222
185,1,9.06888634881,7.0,10,0.021021021021,0,1.67050057573,-0.942615378384,5,710
186,1,1.37724814843,1.0,16,0.023023023023,0,-1.35953955479,0.455866812805,5,789
187,1,6.55190212139,3.0,20,0.02002002002,0,0.669156749546,-0.455568127245,5,985
188,1,7.10054101009,4.0,20,0.021021021021,0,0.69390165645,0.0188360407423,5,960
189,1,6.07797549657,6.0,9,0.021021021021,0,0.516476892611,-0.47145518126,5,649
190,1,1.27576486603,1.0,3,0.019019019019,0,-1.23753871365,-0.0116189930121,5,409
191,1,6.27179412402,2.0,14,0.022022022022,0,0.315170760592,0.326281842244,5,736
192,1,2.27341955973,0.0,8,0.019019019019,0,-0.872315024291,-0.109635367393,5,514
193,1,4.8307592191,1.0,17,0.019019019019,0,-0.143099979811,0.260059158534,5,912
194,1,9.12849807218,8.0,14,0.019019019019,0,1.31673427727,0.178295240355,5,764
195,1,1.61213474677,0.0,7,0.02002002002,0,-1.07521208239,-0.162229006051,5,478
196,1,5.48035502868,1.0,16,0.018018018018,0,0.0868038478833,0.219943485034,5,782
197,1,9.82828743184,0.0,11,0.02002002002,0,1.36366089129,0.737304757954,5,543
198,1,1.11574428459,0.0,4,0.018018018018,0,-0.952443245979,-1.02692597747,5,372
199,1,1.10525979362,0.0,7,0.021021021021,0,-1.52070994589,0.667389631305,5,460
200,1,11.5848878959,7.0,15,0.02002002002,0,1.99108853971,0.611622276738,5,671
201,1,9.11598993328,3.0,12,0.021021021021,0,1.31354688693,0.175349272493,5,588
202,1,1.57783883697,0.0,3,0.02002002002,0,-1.06143269983,-0.237863063555,5,298
203,1,1.23499202601,0.0,6,0.019019019019,0,-1.28865027929,0.10094286387,5,362
204,1,0.46686095594,0.0,2,0.018018018018,0,-1.25068081581,-0.781096596623,5,267
205,1,7.49995427728,6.0,8,0.021021021021,0,0.841510893795,-0.0245784041103,5,365
206,1,2.22397246769,2.0,14,0.022022022022,0,-0.76122951229,-0.492338995438,5,500
207,1,1.22552701665,,4,0.019019019019,0,-1.26898845393,0.0324923784451,5,221
208,1,4.13216127189,1.0,20,0.022022022022,0,-0.242997482717,-0.138846279961,5,774
209,1,5.33150946554,3.0,17,0.02002002002,0,0.0593515882818,0.153454700695,5,614
210,1,4.1525896996,3.0,14,0.018018018018,0,-0.549818580434,0.802045440906,5,648
211,1,4.9730198388,1.0,11,0.021021021021,0,-0.0338043857134,0.0744329959391,5,401
212,1,6.85431477319,3.0,8,0.018018018018,0,0.700106052715,-0.246003384956,5,342
213,1,6.21410471194,0.0,13,0.019019019019,0,0.290741971039,0.341878798819,5,416
214,1,-0.875592014916,,1,0.021021021021,0,-1.98251876396,0.0719642769655,5,140
215,1,0.223678846747,0.0,3,0.02002002002,0,-1.33985718588,-0.756749595623,5,182
216,1,7.16655934505,4.0,9,0.021021021021,0,0.746834898357,-0.0739453500236,5,302
217,1,3.61032423849,2.0,6,0.022022022022,0,-0.348163797787,-0.345184368151,5,200
218,1,6.89809467688,1.0,13,0.022022022022,0,0.479264957628,0.460299803997,5,376
219,1,4.5014058123,3.0,19,0.019019019019,0,0.038065233384,-0.612789887855,5,701
220,1,4.46131391928,1.0,17,0.02002002002,0,-0.432004304229,0.757326831972,5,595
221,1,7.26006593269,0.0,8,0.02002002002,0,0.655623789538,0.293194564076,5,218
222,1,3.93828614033,1.0,4,0.019019019019,0,-0.321137936932,-0.0983000488741,5,159
223,1,4.90889195002,3.0,6,0.022022022022,0,0.109183687845,-0.418659113515,5,197
224,1,-1.79662443245,,0,0.019019019019,1,-2.18860730016,-0.230802531967,5,38
225,1,4.07160724278,1.0,17,0.022022022022,0,-0.669019845961,1.07866678066,5,431
226,1,0.501003159878,,1,0.021021021021,0,-1.46302924009,-0.109909119843,5,77
227,1,4.41805259163,4.0,7,0.021021021021,0,-0.165380159034,-0.0858069312696,5,204
228,1,5.30908515566,,9,0.022022022022,0,-0.0758426562872,0.536613124517,5,237
229,1,5.31377079601,4.0,11,0.018018018018,0,0.105954023077,-0.00409127321839,5,324
230,1,6.85199024801,2.0,10,0.021021021021,0,0.583149719193,0.102541090428,5,244
231,1,3.5561325143,3.0,6,0.019019019019,0,-0.437514431372,-0.131324191578,5,214
232,1,6.69474266919,3.0,11,0.018018018018,0,0.840059370384,-0.825435441962,5,383
233,1,4.5361476375,2.0,7,0.021021021021,0,0.00759086141174,-0.486624946734,5,226
234,1,8.18946297035,2.0,9,0.019019019019,0,1.1172529129,-0.162295768353,5,266
235,1,5.19621339835,3.0,15,0.018018018018,0,0.0460576651155,0.0580404030008,5,566
236,1,7.67711235449,5.0,14,0.017017017017,0,0.765693708666,0.380031228495,5,537
237,1,-3.46092167922,,0,0.02002002002,1,-2.93339955414,0.339276983204,5,37
238,1,8.60315984708,1.0,13,0.021021021021,0,1.47951001055,-0.835370184573,5,509
239,1,3.13379211824,1.0,14,0.018018018018,0,-0.594088688549,-0.083941816115,5,556
240,1,6.93649442981,3.0,11,0.021021021021,0,0.621220105463,0.0728341134244,5,441
241,1,9.26737309783,8.0,18,0.022022022022,0,1.63258292095,-0.630375665023,5,589
242,1,5.40300253192,4.0,7,0.02002002002,0,0.152334261086,-0.054000251338,5,439
243,1,0.359060887815,0.0,1,0.02002002002,1,-1.72551278869,0.535599253877,5,124
244,1,2.74351263394,2.0,9,0.021021021021,0,-0.562397322085,-0.569295399803,5,481
245,1,3.68498524096,2.0,17,0.02002002002,0,-0.303509329575,-0.404486770314,5,620
246,1,5.92972833461,2.0,12,0.021021021021,0,0.242130375988,0.203337206642,5,533
247,1,4.39295391613,2.0,17,0.019019019019,0,-0.199982087033,-0.00709982276811,5,629
248,1,2.85247121034,0.0,11,0.021021021021,0,-0.952267044812,0.709272344776,5,489
249,1,3.56996612018,1.0,9,0.019019019019,0,-0.582259474905,0.316744544893,5,479
250,1,4.72262461656,,6,0.02002002002,0,-0.256633113189,0.492523956128,5,370
251,1,4.48955444225,1.0,10,0.019019019019,0,-0.149261380638,-0.062661415836,5,449
252,1,4.18100005136,1.0,6,0.018018018018,0,-0.399910923393,0.380732821537,5,390
253,1,5.50711732361,,11,0.02002002002,0,0.0259362581949,0.429308549029,5,471
254,1,8.60809159613,1.0,17,0.02002002002,0,1.27023183343,-0.202603904153,5,539
255,1,3.6026407712,1.0,10,0.021021021021,0,-0.630328893661,0.493627452183,5,392
256,1,3.53227631749,1.0,17,0.019019019019,0,-0.630659024119,0.424253389842,5,586
257,1,3.08954573504,2.0,20,0.02002002002,0,-0.4163492459,-0.661406527257,5,908
258,1,3.06329038388,2.0,5,0.019019019019,0,-0.429942816037,-0.646881168013,5,330
259,1,2.71751376192,2.0,4,0.019019019019,0,-0.665846691208,-0.28494616446,5,327
260,1,5.93828229685,2.0,10,0.02002002002,0,0.24416703181,0.205781201418,5,351
261,1,7.68723648959,1.0,8,0.019019019019,0,1.04520842728,-0.448388792239,5,332
262,1,13.2449338804,12.0,14,0.02002002002,0,2.81633887549,-0.204082746096,5,423
263,1,6.69032432166,4.0,8,0.02002002002,0,0.870179940728,-0.920215500528,5,331
264,1,5.32432237608,4.0,13,0.021021021021,0,0.038473743368,0.208901145975,5,343
265,1,4.33492465306,3.0,8,0.019019019019,0,-0.16101875975,-0.182019067694,5,319
266,1,0.723229826334,0.0,2,0.021021021021,0,-1.32938007763,-0.288629940786,5,44
267,1,9.57193068264,6.0,10,0.021021021021,0,1.38421684197,0.419280156718,5,243
268,1,3.24002165429,,4,0.021021021021,0,-0.538301829385,-0.145072857557,5,72
269,1,6.35166476744,6.0,20,0.022022022022,0,0.730578998222,-0.840072227226,5,703
270,1,8.9359493955,8.0,13,0.018018018018,0,1.45356017943,-0.424731142784,5,341
271,1,4.29787160359,4.0,7,0.022022022022,0,-0.316226808067,0.246552027787,5,135
272,1,1.08610972922,,2,0.021021021021,0,-0.836018520852,-1.40583470822,5,31
273,1,6.54040281366,,17,0.021021021021,0,0.458216644511,0.165752880123,5,309
274,1,6.19539467516,3.0,12,0.02002002002,0,0.257743698686,0.422163579102,5,240
275,1,-2.34211413902,,2,0.021021021021,0,-2.60727268027,0.479703901797,5,34
276,1,4.49341971627,1.0,8,0.02002002002,0,-0.273655251217,0.314385469918,5,80
277,1,-4.0097941053,,1,0.022022022022,0,-2.78525533147,-0.654028110896,5,27
278,1,6.2596996847,,15,0.019019019019,0,-0.025062128465,1.33488607009,5,231
279,1,0.735934491013,,8,0.022022022022,0,-1.37861285491,-0.128226944252,5,112
280,1,9.29930564498,7.0,11,0.02002002002,0,1.49751830243,-0.193249262322,5,190
281,1,5.50731010514,4.0,6,0.02002002002,0,0.191970315024,-0.0686008399354,5,99
282,1,1.33840601318,,6,0.02002002002,0,-1.35377027829,0.399716848053,5,66
283,1,2.84521306365,,4,0.021021021021,0,-0.225281246287,-1.47894319749,5,46
284,1,6.07314533824,,17,0.019019019019,0,0.442321631958,-0.253819557637,5,574
285,1,4.17527139098,3.0,7,0.021021021021,0,-0.44736809891,0.517375687715,5,127
286,1,1.50217250669,1.0,2,0.021021021021,1,-1.28718437793,0.363725640469,5,29
287,1,3.4127364672,,9,0.018018018018,0,-0.714504277064,0.556249298396,5,194
288,1,0.424580818347,,7,0.021021021021,0,-1.15954564418,-1.09678224912,5,139
289,1,5.42673133177,,8,0.02002002002,0,0.0580641355514,0.252538925114,5,178
290,1,11.3312367137,9.0,12,0.019019019019,0,2.33858433814,-0.684516300748,5,263
291,1,-0.952901469112,,0,0.02002002002,1,-1.80538862773,-0.536735585926,5,13
292,1,4.60647037954,2.0,14,0.02002002002,0,-0.110213931231,-0.0628878267621,5,356
293,1,8.50043434344,8.0,10,0.019019019019,0,1.06805049878,0.296282847092,5,281
294,1,8.67231347636,2.0,12,0.017017017017,0,0.988771394239,0.705999293647,5,531
295,1,3.2508775691,3.0,15,0.019019019019,0,-0.81940006178,0.709077754436,5,599
296,1,7.52744163859,0.0,17,0.019019019019,0,0.778755859573,0.191174059872,5,678
297,1,7.15244672413,7.0,19,0.019019019019,0,0.702064023363,0.0462546540423,5,712
298,1,2.19716268284,2.0,3,0.019019019019,1,-1.04222794092,0.323846505593,5,187
299,1,5.91990586878,4.0,6,0.021021021021,0,0.195605603665,0.333089057785,5,223
300,1,5.18838939816,1.0,8,0.02002002002,0,0.143601367632,-0.242414704734,5,295
301,1,5.69816009198,1.0,17,0.023023023023,0,0.139707236277,0.279038383153,5,632
302,1,3.45310150657,1.0,12,0.021021021021,0,-0.49094344359,-0.0740681626655,5,434
303,1,5.04291026352,5.0,14,0.018018018018,0,0.254736292056,-0.721298612643,5,551
304,1,4.02449626739,3.0,9,0.021021021021,0,-0.282440114495,-0.128183389128,5,301
305,1,8.49886583564,6.0,10,0.019019019019,0,0.752799280236,1.24046799493,5,359
306,1,4.94945049278,4.0,7,0.02002002002,0,-0.000600367891736,-0.0487484035439,5,219
307,1,3.35267759002,3.0,7,0.019019019019,0,-0.466741050469,-0.247099258574,5,205
308,1,6.2651186384,4.0,15,0.019019019019,0,0.384990849009,0.110146091371,5,491
309,1,7.73464517149,5.0,10,0.017017017017,0,0.899555337283,0.0359791596416,5,349
310,1,3.97500040788,2.0,6,0.02002002002,0,-0.194022465948,-0.442932194276,5,183
311,1,1.65033909552,1.0,19,0.019019019019,0,-1.03080416987,-0.257248394879,5,980
312,1,1.18960810467,,14,0.023023023023,0,-1.24431283963,-0.0774533764257,5,348
313,1,4.88293421659,,5,0.021021021021,0,0.233630496212,-0.817957272045,5,58
314,1,-2.86876411767,,0,0.021021021021,1,-2.23152676461,-1.17418382385,5,9
315,1,-1.3121888877,,1,0.02002002002,0,-2.07807530193,-0.0779629819069,5,17
316,1,7.41383134383,,8,0.02002002002,0,0.885913663741,-0.24390964739,5,134
317,1,6.44243944395,,10,0.019019019019,0,0.472244932339,0.0257046469327,5,180
318,1,1.36076177392,,2,0.02002002002,0,-1.28147046794,0.205173177748,5,18
319,1,-0.877825974822,,3,0.019019019019,0,-2.09534356221,0.408204711818,5,25
320,1,5.55132086685,,6,0.016016016016,0,0.264029314139,-0.240767075572,5,94
321,1,7.53033326178,5.0,12,0.021021021021,0,0.988070792528,-0.43387911581,5,207
322,1,6.53285599243,4.0,8,0.022022022022,0,0.403258007472,0.323081970019,5,90
323,1,7.26519148668,3.0,16,0.021021021021,0,0.634573884012,0.361469834647,5,284
324,1,3.71786964387,3.0,4,0.021021021021,1,-0.152734317226,-0.82392740445,5,67
325,1,5.26918023114,,6,0.02002002002,0,0.109602104528,-0.0596260824389,5,136
326,1,5.80195060652,2.0,10,0.021021021021,0,0.377509137157,-0.330576804955,5,166
327,1,10.497022601,5.0,13,0.019019019019,0,1.83158194402,0.00227676898021,5,444
328,1,2.37288885034,2.0,10,0.02002002002,0,-1.20072176213,0.975054136729,5,292
329,1,3.79521522413,2.0,9,0.02002002002,0,-0.284614823492,-0.35094030539,5,242
330,1,7.65427470266,7.0,10,0.018018018018,0,1.23378155348,-1.04706995777,5,421
331,1,8.1859410147,1.0,15,0.019019019019,0,0.839084987083,0.668686053451,5,592
332,1,1.58594019743,1.0,5,0.021021021021,0,-1.1824441162,0.13327254603,5,150
333,1,1.36444938236,1.0,12,0.021021021021,0,-1.20859203688,-0.00977450700474,5,535
334,1,1.73681476017,1.0,12,0.02002002002,0,-1.04347727595,-0.132753411971,5,580
335,1,-1.34502675065,,1,0.019019019019,0,-1.99492577754,-0.360249418021,5,147
336,1,10.8544766833,4.0,13,0.021021021021,0,1.83409886918,0.352180075807,5,578
337,1,8.45465399438,3.0,16,0.021021021021,0,0.968674336292,0.548630985507,5,606
338,1,8.68841044376,8.0,14,0.018018018018,0,1.49089324428,-0.784269289074,5,666
339,1,7.9283957162,6.0,16,0.019019019019,0,0.952773464517,0.070075322648,5,656
340,1,1.85760927952,1.0,20,0.02002002002,0,-0.929019898766,-0.355331024182,5,881
341,1,4.60427183036,0.0,5,0.018018018018,0,-0.21054256437,0.235899523471,5,336
342,1,11.2856852678,6.0,19,0.021021021021,0,2.37305581993,-0.833482192017,5,855
343,1,5.27593063408,5.0,8,0.017017017017,0,0.00914605470827,0.248492469953,5,579
344,1,9.54192676916,8.0,17,0.019019019019,0,1.45473534378,0.177720737807,5,866
345,1,2.87952809782,1.0,3,0.019019019019,0,-0.599241310289,-0.322747971315,5,303
346,1,4.75180799331,0.0,6,0.02002002002,0,0.227475821263,-0.930619470476,5,577
347,1,4.55012687073,4.0,5,0.019019019019,1,0.00611245620593,-0.468210497885,5,473
348,1,5.3654568808,5.0,14,0.019019019019,0,0.167925707216,-0.138320240849,5,724
349,1,1.60436022927,0.0,2,0.021021021021,0,-1.11187049164,-0.060028295823,5,225
350,1,0.645456014791,0.0,1,0.021021021021,1,-1.39748370464,-0.162092871275,5,103
351,1,4.04060499917,4.0,5,0.019019019019,1,-0.485190356102,0.496176067476,5,457
352,1,6.89949370309,6.0,12,0.018018018018,0,0.625052642027,0.0243357770034,5,802
353,1,7.98464880911,6.0,9,0.021021021021,0,1.27907501803,-0.852576244969,5,653
354,1,8.16540003239,8.0,9,0.017017017017,1,1.31303899792,-0.773716961359,5,807
355,1,3.93724536133,2.0,20,0.023023023023,0,-0.244606933186,-0.328933839116,5,883
356,1,7.79717102725,4.0,13,0.019019019019,0,1.00352394621,-0.213400811379,5,823
357,1,2.12507275215,2.0,5,0.02002002002,0,-0.908780523201,-0.148585678251,5,518
358,1,6.56153007046,4.0,17,0.018018018018,0,0.39720175099,0.369924817492,5,918
359,1,2.04995083884,2.0,3,0.021021021021,1,-1.20733124245,0.671944566179,5,515
360,1,9.63040114152,7.0,13,0.019019019019,0,1.68647706476,-0.429030052748,5,854
361,1,5.1226145799,0.0,16,0.021021021021,0,0.0314413171832,0.0282906283512,5,869
362,1,8.18278134108,6.0,20,0.023023023023,0,1.05051874816,0.0312250965897,5,887
363,1,10.402467122,10.0,14,0.021021021021,0,2.10396337574,-0.909423005206,5,850
364,1,3.16031226559,0.0,8,0.02002002002,0,-0.487351152728,-0.377634276225,5,787
365,1,6.51564618028,6.0,9,0.023023023023,0,0.412065533989,0.279449578312,5,747
366,1,6.0729835674,5.0,7,0.017017017017,0,0.543837860293,-0.558530013482,5,753
367,1,9.09049586903,1.0,10,0.019019019019,0,1.16170509676,0.605380578767,5,845
368,1,9.97256443386,3.0,18,0.019019019019,0,1.3690944462,0.86528109525,5,932
369,1,5.36921350995,4.0,6,0.022022022022,0,0.504758063085,-1.1450606793,5,728
370,1,5.8642583152,5.0,8,0.02002002002,0,0.178180452282,0.329716958353,5,760
371,1,4.61325242736,2.0,10,0.018018018018,0,-0.0592922440041,-0.208870840623,5,817
372,1,1.56716903585,,2,0.022022022022,0,-1.02917584797,-0.34530342023,5,288
373,1,8.25752017978,6.0,17,0.02002002002,0,0.981815325248,0.31207420404,5,930
374,1,6.83683903995,5.0,8,0.023023023023,0,0.568631679215,0.130944002308,5,716
375,1,5.56079009843,4.0,21,0.021021021021,0,0.340587842555,-0.460973429231,5,945
376,1,4.8438565328,4.0,12,0.019019019019,0,0.242707837803,-0.884266980606,5,837
377,1,6.28289248295,5.0,9,0.018018018018,0,0.339048074917,0.265748258201,5,770
378,1,0.579422954122,,1,0.022022022022,0,-1.31907861392,-0.463341204105,5,265
379,1,5.97828251858,,7,0.023023023023,0,0.0439558581564,0.846414944113,5,668
380,1,2.49770385286,2.0,4,0.019019019019,0,-0.763547101106,-0.211654843822,5,387
381,1,8.35678366459,8.0,13,0.018018018018,0,1.12238073381,-0.0103585368442,5,784
382,1,0.760069941893,0.0,17,0.023023023023,0,-1.2413016544,-0.516025094915,5,914
383,1,5.82807534614,5.0,21,0.022022022022,0,0.494997924644,-0.656918427792,5,940
384,1,2.28726404488,1.0,4,0.018018018018,0,-0.763657844352,-0.421762422068,5,557
385,1,1.7489013801,1.0,4,0.018018018018,0,-1.03131602456,-0.157150546223,5,496
386,1,7.59865480684,6.0,10,0.021021021021,0,0.679261229638,0.560871117923,5,743
387,1,4.94170344169,3.0,9,0.02002002002,0,-0.276636939087,0.771614258951,5,699
388,1,0.231472727414,,7,0.018018018018,0,-1.60605610444,0.0496410407452,5,696
389,1,7.6488868055,7.0,11,0.02002002002,0,1.03195753007,-0.446985784711,5,754
390,1,-0.253864508101,,0,0.018018018018,1,-1.54215081005,-0.627412077953,5,24
391,1,2.1754810196,2.0,11,0.02002002002,0,-0.966054280458,0.0736438609766,5,766
392,1,7.58116444423,1.0,12,0.019019019019,0,0.920173926543,-0.179357335404,5,793
393,1,4.12897660483,4.0,17,0.02002002002,0,-0.0867639300889,-0.610731604901,5,848
394,1,6.77837337447,6.0,7,0.022022022022,1,0.821849958512,-0.687176501062,5,692
395,1,8.17867655849,6.0,17,0.021021021021,0,1.24586331404,-0.55891338363,5,796
396,1,10.1721818562,7.0,18,0.019019019019,0,1.5678505477,0.46863021308,5,905
397,1,11.5602245486,4.0,18,0.019019019019,0,2.09356521888,0.279528891961,5,933
398,1,5.40931927174,1.0,7,0.02002002002,0,0.101037627508,0.10620638921,5,705
399,1,7.8798872465,1.0,8,0.02002002002,0,1.20687780309,-0.740746162781,5,718
400,1,3.82402104449,2.0,12,0.021021021021,0,-0.333530903888,-0.175386243846,5,727
401,1,13.5535799766,2.0,15,0.018018018018,0,2.68029791724,0.512686224887,5,862
402,1,5.60932567916,3.0,13,0.021021021021,0,0.327147557908,-0.372116994561,5,758
403,1,5.42473310768,2.0,6,0.019019019019,0,-0.0620356517111,0.610840062809,5,650
404,1,3.30214163281,1.0,4,0.021021021021,0,-0.627319180104,0.184099173122,5,571
405,1,1.47645305889,0.0,3,0.019019019019,0,-1.182419868,0.0237126629024,5,286
406,1,11.5177936317,5.0,20,0.021021021021,0,2.24376767055,-0.213509379941,5,937
407,1,8.13317788276,5.0,12,0.02002002002,0,0.959924840969,0.253403359852,5,672
408,1,3.90487443995,3.0,20,0.02002002002,0,-0.282813917225,-0.246683808377,5,995
409,1,7.72106424649,4.0,10,0.021021021021,0,0.961937410114,-0.164747983855,5,628
410,1,7.35692041793,4.0,8,0.019019019019,0,0.786093920755,-0.00136134433513,5,605
411,1,3.58050410848,3.0,4,0.02002002002,1,-0.629264550368,0.468297759588,5,317
412,1,3.32206432526,0.0,6,0.02002002002,0,-0.632210483026,0.218695774335,5,432
413,1,6.53439145163,0.0,11,0.021021021021,0,0.285466885047,0.677990796488,5,607
414,1,11.7052815936,8.0,16,0.019019019019,0,2.13283831041,0.306766662384,5,788
415,1,0.802289450902,0.0,1,0.021021021021,1,-1.41275926989,0.0405672605795,5,268
416,1,6.56487097986,3.0,14,0.019019019019,0,0.570723128881,-0.147298406785,5,635
417,1,6.7056958494,4.0,9,0.02002002002,0,0.557505715957,0.0331787015314,5,584
418,1,11.1179109035,,16,0.02002002002,0,1.97436595158,0.194813048728,5,645
419,1,8.8806278024,8.0,9,0.018018018018,1,1.34941693405,-0.167622999757,5,413
420,1,4.11920037824,2.0,5,0.02002002002,0,-0.140172022384,-0.460283554611,5,306
421,1,7.78582071872,5.0,19,0.021021021021,0,1.09591520435,-0.501924894312,5,748
422,1,2.30420165237,2.0,5,0.019019019019,0,-0.846275241735,-0.156972622423,5,250
423,1,8.98220835898,2.0,12,0.02002002002,0,1.37317608706,-0.137319902204,5,510
424,1,9.61050670423,4.0,11,0.017017017017,0,1.47815374848,0.176045458796,5,375
425,1,9.32876080292,4.0,11,0.019019019019,0,1.50334928958,-0.18128706581,5,366
426,1,-0.788815690339,,1,0.02002002002,0,-2.17206127194,0.72736812548,5,63
427,1,2.40010958765,0.0,8,0.021021021021,0,-0.815933477844,-0.152089978821,5,232
428,1,-0.096756792381,,2,0.018018018018,0,-1.50232233008,-0.589789802133,5,92
429,1,6.56678515002,1.0,7,0.022022022022,0,0.432141066511,0.270361950487,5,138
430,1,1.99545846566,0.0,18,0.019019019019,0,-0.98691715625,-0.0437900655931,5,522
431,1,6.44864422847,0.0,7,0.019019019019,0,0.362414794169,0.361399845961,5,173
432,1,5.25932928319,2.0,8,0.02002002002,0,-0.0243806391698,0.332471200699,5,216
433,1,8.24518782115,6.0,13,0.02002002002,0,1.07044289668,0.0338591311031,5,294
434,1,7.3845543567,1.0,11,0.021021021021,0,0.921280162542,-0.379286130925,5,269
435,1,0.735973355573,0.0,3,0.02002002002,0,-1.35325232981,-0.204269655009,5,97
436,1,0.448206373235,,1,0.023023023023,0,-1.54379073013,0.0795785636208,5,48
437,1,4.4284443158,4.0,5,0.022022022022,1,-0.23822254915,0.143111963254,5,141
438,1,1.89930845647,,4,0.021021021021,0,-1.0691942361,0.106891164762,5,116
439,1,7.08487362581,0.0,9,0.018018018018,0,0.740468570539,-0.136532085809,5,285
440,1,7.61847309955,1.0,13,0.02002002002,0,0.98318891074,-0.331093632672,5,320
441,1,10.5786276645,8.0,16,0.018018018018,0,1.69091331656,0.505887714854,5,702
442,1,5.02341182132,5.0,10,0.018018018018,0,0.184199007989,-0.529185202652,5,310
443,1,5.85303311867,5.0,8,0.02002002002,0,0.338802040955,-0.163373004197,5,278
444,1,2.68042540318,2.0,4,0.017017017017,0,-1.08123007965,0.92411564214,5,212
445,1,8.54000004141,5.0,20,0.021021021021,0,1.38467302986,-0.614019048164,5,843
446,1,9.0468329257,7.0,19,0.021021021021,0,1.14910673058,0.59951273396,5,809
447,1,5.90623529012,1.0,9,0.017017017017,0,0.382260323935,-0.240545681685,5,379
448,1,8.31103944997,6.0,11,0.021021021021,0,1.0736844207,0.0899861878788,5,374
449,1,5.62547329358,5.0,9,0.02002002002,0,0.147261042055,0.183690167411,5,354
450,1,1.7098281813,1.0,3,0.021021021021,0,-0.888240633805,-0.625449917288,5,114
451,1,3.01264315971,2.0,5,0.02002002002,0,-0.627979310419,-0.103418909031,5,210
452,1,10.1593360136,6.0,15,0.021021021021,0,1.66443078989,0.16604364392,5,448
453,1,3.61734253432,3.0,15,0.019019019019,0,-0.709624236167,0.746215242824,5,597
454,1,6.04234207664,5.0,17,0.022022022022,0,0.440771770528,-0.279973234945,5,463
455,1,11.6975764315,8.0,16,0.016016016016,0,1.90348872129,0.987110267632,5,715
456,1,-1.54183355398,,0,0.021021021021,1,-1.96958908354,-0.633066303354,5,8
457,1,3.02826780911,,15,0.023023023023,0,-0.785208109271,0.383892136921,5,408
458,1,-0.517626277589,,1,0.019019019019,0,-1.72236851696,-0.350520726695,5,49
459,1,2.8533250284,,3,0.02002002002,0,-0.48499276247,-0.69169668419,5,95
460,1,4.90659773205,3.0,8,0.018018018018,0,0.00516821564337,-0.108906914881,5,247
461,1,10.1970326367,5.0,16,0.021021021021,0,2.02665002145,-0.882917427627,5,456
462,1,0.349439556935,,2,0.019019019019,0,-1.59671924687,0.139597297556,5,45
463,1,6.90030125162,6.0,10,0.02002002002,0,0.590495194485,0.128815668165,5,352
464,1,5.2487270099,1.0,6,0.019019019019,0,-0.140943126125,0.671556388275,5,257
465,1,8.25409360085,4.0,15,0.018018018018,0,1.09706217656,-0.0370929288447,5,608
466,1,5.17075056943,1.0,7,0.017017017017,0,0.0523788338023,0.0136140680255,5,293
467,1,10.7447329958,7.0,16,0.019019019019,0,1.88390257458,0.0930252720349,5,593
468,1,4.93326567805,3.0,11,0.018018018018,0,0.237790067561,-0.780104524636,5,358
469,1,3.65501744296,2.0,4,0.021021021021,0,-0.232334924292,-0.647977784161,5,192
470,1,7.88885342012,5.0,8,0.02002002002,0,0.866872182436,0.288236872816,5,299
471,1,3.04930123036,3.0,11,0.02002002002,0,-0.650763510533,0.00159176196338,5,450
472,1,3.64392179053,2.0,4,0.02002002002,0,-0.27387455398,-0.534454547534,5,227
473,1,1.60533261879,0.0,9,0.02002002002,0,-1.17792629595,0.139111506632,5,393
474,1,4.69828927869,1.0,12,0.019019019019,0,0.191898988735,-0.877407687511,5,570
475,1,2.35163158318,0.0,14,0.02002002002,0,-0.575846904572,-0.920827703098,5,660
476,1,8.31639310314,7.0,9,0.021021021021,0,1.39560528575,-0.870422754107,5,454
477,1,0.301535273749,0.0,1,0.022022022022,1,-1.38848015097,-0.533024273353,5,137
478,1,4.72123443282,4.0,5,0.019019019019,1,-0.27313759451,0.540647216347,5,246
479,1,5.73639293838,5.0,9,0.02002002002,0,0.196615930147,0.146545147945,5,502
480,1,4.18345554565,4.0,7,0.017017017017,0,0.0824023309034,-1.06375144706,5,688
481,1,9.45770492267,5.0,11,0.018018018018,0,1.57395282241,-0.264153544558,5,744
482,1,3.70280918472,2.0,14,0.019019019019,0,-0.38707040127,-0.135979611468,5,799
483,1,8.48806363997,7.0,10,0.021021021021,0,1.12831980584,0.103104222439,5,719
484,1,7.21480606997,7.0,8,0.021021021021,1,0.749059556884,-0.0323726006787,5,697
485,1,8.01386150785,4.0,9,0.019019019019,0,1.02871184889,-0.0722740388187,5,757
486,1,3.73587388034,2.0,17,0.021021021021,0,-0.313371319612,-0.324012160823,5,894
487,1,6.43770971968,5.0,8,0.02002002002,0,0.248688536351,0.691644110624,5,720
488,1,4.15033318724,4.0,22,0.022022022022,0,-0.400802589875,0.352740956869,5,989
489,1,10.3918319947,2.0,12,0.02002002002,0,2.05081039637,-0.76059919445,5,840
490,1,6.63898047743,6.0,10,0.021021021021,0,0.21240829409,1.00175559516,5,801
491,1,7.20644911222,2.0,8,0.024024024024,0,0.665344070944,0.210416899386,5,769
492,1,5.20378433661,2.0,13,0.021021021021,0,0.2366554565,-0.50618203289,5,882
493,1,3.62422169691,1.0,8,0.02002002002,0,-0.696725288257,0.714397561676,5,829
494,1,6.78451523331,6.0,17,0.019019019019,0,0.459553498108,0.405854738989,5,981
495,1,3.13439322855,0.0,6,0.021021021021,0,-0.78110575836,0.477710503628,5,813
496,1,8.12930322367,6.0,9,0.019019019019,0,1.19108138341,-0.443940926551,5,920
497,1,4.61428690551,0.0,10,0.019019019019,0,-0.344052121607,0.646443270336,5,942
498,1,7.58281717547,3.0,15,0.02002002002,0,0.811292241034,0.148940452369,5,957
499,1,7.97833425263,0.0,15,0.018018018018,0,0.778508260824,0.64280947016,5,991
500,1,6.86367726066,6.0,13,0.019019019019,0,0.609132343466,0.036280230259,5,956
501,1,4.71603418709,2.0,12,0.022022022022,0,0.101576881827,-0.588696458388,5,931
502,1,8.38538074918,4.0,10,0.02002002002,0,1.27401476348,-0.43666354125,5,946
503,1,4.6651241305,4.0,6,0.021021021021,0,-0.0223324332107,-0.267878569864,5,856
504,1,9.892386116,7.0,19,0.02002002002,0,1.66761306191,-0.110453069733,5,996
505,1,8.96694739876,7.0,12,0.02002002002,0,1.54533655954,-0.669062279868,5,947
506,1,3.58270695124,2.0,6,0.019019019019,0,-0.423377163109,-0.147161559436,5,901
507,1,7.70353624653,2.0,20,0.02002002002,0,0.767504918249,0.401021491787,5,997
508,1,3.44583932893,3.0,4,0.02002002002,1,-0.513397992466,-0.0139666936748,5,804
509,1,8.82974256899,2.0,18,0.02002002002,0,1.29072717613,-0.0424389594006,5,994
510,1,2.66441847634,0.0,6,0.019019019019,0,-0.762598210946,-0.0477868908173,5,899
511,1,5.98862177623,3.0,16,0.021021021021,0,0.620426957192,-0.872659095349,5,950
512,1,7.03815069996,7.0,18,0.02002002002,0,0.472796728235,0.619760515249,5,982
513,1,3.80569928238,3.0,5,0.023023023023,0,-0.543488045242,0.436163418107,5,828
514,1,7.96921622128,6.0,8,0.019019019019,0,0.8453455169,0.433179670585,5,909
515,1,6.35082534557,5.0,10,0.02002002002,0,0.591462539183,-0.423562271983,5,916
516,1,0.789523974264,0.0,1,0.019019019019,1,-1.29645441753,-0.321112773142,5,591
517,1,3.54804720495,1.0,5,0.022022022022,0,-0.316284163251,-0.503100305302,5,722
518,1,7.84423284895,1.0,16,0.019019019019,0,0.969050317904,-0.0629181047606,5,972
519,1,2.8646748957,1.0,6,0.018018018018,0,-0.776501642825,0.19417982418,5,893
520,1,8.6163322831,2.0,15,0.02002002002,0,1.30092130735,-0.286431638953,5,924
521,1,11.5241268353,6.0,13,0.021021021021,0,1.99083943342,0.551608535025,5,921
522,1,6.38945698172,6.0,8,0.019019019019,0,0.374964833872,0.264562480104,5,836
523,1,7.26073093477,4.0,14,0.02002002002,0,0.945052984036,-0.574428017339,5,922
524,1,2.69651106571,2.0,4,0.021021021021,0,-0.428524859449,-1.01791435594,5,816
525,1,9.03050082357,0.0,16,0.018018018018,0,1.15641095872,0.561267947394,5,928
526,1,5.37654630803,0.0,9,0.02002002002,0,-0.207240022318,0.998266374987,5,867
527,1,13.4269319538,12.0,20,0.02002002002,0,2.58587206555,0.669315757169,5,978
528,1,7.76654286169,5.0,10,0.02002002002,0,1.04139670323,-0.357647248006,5,872
529,1,10.118056178,1.0,19,0.019019019019,0,1.47771309837,0.684916882931,5,970
530,1,2.03200568186,2.0,4,0.022022022022,0,-1.00715022866,0.0534563678307,5,805
531,1,6.19631651859,5.0,12,0.02002002002,0,0.134783341173,0.791966495076,5,880
532,1,5.48966997809,3.0,7,0.02002002002,0,0.319486922061,-0.468790788098,5,778
533,1,3.36062622648,2.0,9,0.019019019019,0,-0.463176812597,-0.24984333573,5,849
534,1,8.42548101214,8.0,10,0.022022022022,0,1.09271910449,0.147323698662,5,833
535,1,1.42600579378,0.0,2,0.021021021021,0,-1.03351189899,-0.473458509241,5,742
536,1,5.7996066081,1.0,15,0.02002002002,0,0.300416998594,-0.101644387682,5,874
537,1,3.62030803287,3.0,7,0.019019019019,0,-0.412848338867,-0.141146950529,5,822
538,1,8.36880592989,5.0,11,0.019019019019,0,0.978645261988,0.432870143923,5,853
539,1,4.83991410908,3.0,11,0.016016016016,0,-0.27035411977,0.650976468391,5,865
540,1,6.59724883249,5.0,19,0.019019019019,0,0.315088064901,0.65198463779,5,965
541,1,4.22252056644,2.0,8,0.021021021021,0,-0.123257649873,-0.407706483943,5,777
542,1,8.69652731275,6.0,13,0.021021021021,0,1.31934033224,-0.261493683978,5,846
543,1,5.66455022369,3.0,7,0.021021021021,0,0.117573661987,0.311829237732,5,603
544,1,5.61951016144,1.0,19,0.02002002002,0,0.0939364301846,0.337700870887,5,898
545,1,13.9289097187,12.0,16,0.021021021021,0,2.6939323317,0.84711272355,5,858
546,1,7.70455036439,1.0,11,0.022022022022,0,1.10126816211,-0.599254121954,5,576
547,1,6.46560980109,6.0,7,0.022022022022,1,0.788922018665,-0.901156254903,5,561
548,1,5.70316956758,2.0,9,0.018018018018,0,0.251991342916,-0.0528044611647,5,717
549,1,1.50661926856,1.0,19,0.02002002002,0,-1.26195197955,0.292475207206,5,884
550,1,3.68327652217,1.0,10,0.021021021021,0,-0.121868556859,-0.95111780725,5,542
551,1,3.0278090322,,4,0.02002002002,0,-0.441171780037,-0.64867562769,5,345
552,1,5.9624628122,1.0,6,0.022022022022,0,0.69876621723,-1.13383583949,5,353
553,1,5.06660776244,5.0,9,0.019019019019,0,-0.051276312331,0.220436699436,5,490
554,1,2.76746156391,0.0,3,0.021021021021,0,-0.460849782832,-0.849989087596,5,174
555,1,1.69030220039,0.0,9,0.02002002002,0,-1.06064465396,-0.127763837719,5,388
556,1,0.382253853677,,2,0.02002002002,0,-1.58990867561,0.151979880517,5,148
557,1,7.31849084902,6.0,16,0.018018018018,0,0.855660419454,-0.248490409345,5,693
558,1,2.87697747037,,12,0.02002002002,0,-0.798012511668,0.271015005378,5,466
559,1,0.0726314548266,,6,0.02002002002,0,-1.85091461106,0.625375288018,5,188
560,1,2.86437560496,0.0,3,0.021021021021,0,-0.524648419387,-0.561679136876,5,169
561,1,-1.12260989565,,0,0.018018018018,1,-1.9868036149,-0.162199050942,5,106
562,1,9.98445200632,6.0,16,0.019019019019,0,1.59015281704,0.2139935552,5,685
563,1,9.1367641377,7.0,19,0.02002002002,0,1.22686768009,0.456161097412,5,704
564,1,2.49551646537,0.0,6,0.02002002002,0,-0.493304208962,-1.02457090774,5,321
565,1,5.36391435583,0.0,7,0.022022022022,0,0.117383732893,0.0117631571531,5,363
566,1,1.2838646162,0.0,5,0.022022022022,0,-1.55894208874,0.960690882415,5,208
567,1,5.30319452696,4.0,6,0.02002002002,0,0.29869988805,-0.59290513719,5,311
568,1,3.92219052489,,18,0.02002002002,0,-0.494142728049,0.404618709032,5,752
569,1,-0.639984788963,,1,0.018018018018,0,-1.84616485901,-0.101490211928,5,162
570,1,7.53420029993,7.0,8,0.018018018018,1,0.678334596499,0.499196510435,5,447
571,1,7.18460596756,7.0,10,0.019019019019,0,0.555068123113,0.519401598217,5,582
572,1,6.35494140562,6.0,10,0.02002002002,0,0.38528354211,0.199090779289,5,602
573,1,4.14120387329,4.0,13,0.021021021021,0,-0.635056668493,1.04637387877,5,674
574,1,8.20538103276,8.0,17,0.018018018018,0,1.10330724509,-0.104540702519,5,900
575,1,1.57109881744,0.0,2,0.02002002002,0,-1.16463083476,0.0649913217046,5,220
576,1,7.70712742878,1.0,14,0.02002002002,0,0.917792083494,-0.0462488217023,5,734
577,1,2.40696423139,1.0,8,0.02002002002,0,-0.830602520531,-0.101228207021,5,558
578,1,3.64779079049,2.0,10,0.018018018018,0,-0.770510588179,0.95932255503,5,618
579,1,1.97347890665,0.0,5,0.021021021021,0,-1.16047889485,0.454915591202,5,442
580,1,5.53483687886,,17,0.019019019019,0,-0.0889118721804,0.801572495398,5,791
581,1,4.47466362697,1.0,17,0.02002002002,0,0.137427861262,-0.937619956818,5,768
582,1,10.0857092687,7.0,20,0.02002002002,0,1.59292687119,0.306928655186,5,966
583,1,4.75680429377,3.0,15,0.018018018018,0,-0.160038084341,0.236918546797,5,746
584,1,2.59953758222,2.0,3,0.02002002002,1,-0.579252795821,-0.662704030322,5,418
585,1,5.00494853901,2.0,12,0.02002002002,0,0.356016096414,-1.06309975023,5,695
586,1,6.18757823143,4.0,11,0.019019019019,0,0.579318465269,-0.550377164378,5,633
587,1,2.2343472644,2.0,5,0.019019019019,0,-0.561090976568,-1.08237980589,5,437
588,1,0.642960011875,0.0,1,0.018018018018,1,-1.63005575937,0.533127289981,5,115
589,1,5.2252940952,3.0,7,0.018018018018,0,-0.021932897789,0.291092788567,5,451
590,1,6.08754854824,4.0,12,0.016016016016,0,0.162413433997,0.60030824625,5,735
591,1,4.20324196954,3.0,10,0.019019019019,0,-0.230848676283,-0.10421200161,5,548
592,1,5.94654202118,4.0,21,0.022022022022,0,0.514426554457,-0.596737642196,5,759
593,1,8.02974629687,3.0,11,0.021021021021,0,1.19343230892,-0.550550629894,5,536
594,1,3.90201010727,3.0,10,0.02002002002,0,-0.51184271975,0.437538266514,5,477
595,1,2.42722765334,0.0,4,0.02002002002,0,-0.945522957661,0.263796526325,5,315
596,1,-3.2511054075,,1,0.02002002002,0,-2.68394730051,-0.199263505965,5,87
597,1,4.76182166415,4.0,14,0.02002002002,0,-0.0838381396544,0.013336083111,5,613
598,1,5.24877989702,,6,0.018018018018,0,0.133151142007,-0.150673529001,5,443
599,1,7.77289225318,1.0,15,0.019019019019,0,1.17848887183,-0.762574362325,5,689
600,1,4.09738340764,2.0,5,0.02002002002,0,-0.273631937441,-0.0817207800405,5,411
601,1,5.09921516375,2.0,8,0.021021021021,0,-0.12228657662,0.46607489361,5,452
602,1,3.24191415416,1.0,4,0.017017017017,0,-0.746987739462,0.482877372546,5,446
603,1,7.36001825902,3.0,17,0.02002002002,0,0.933058467906,-0.4391571447,5,825
604,1,3.93831423953,2.0,4,0.018018018018,0,-0.0240819161898,-0.989440011897,5,384
605,1,0.206431239924,,1,0.021021021021,0,-1.39849435871,-0.598085683944,5,62
606,1,3.58128115006,3.0,4,0.02002002002,1,-0.442361891688,-0.0916331748708,5,410
607,1,3.66046682277,2.0,20,0.021021021021,0,-0.74399124479,0.892440557137,5,838
608,1,5.72828044775,1.0,10,0.017017017017,0,0.38044394777,-0.413051395565,5,751
609,1,5.66169629129,3.0,16,0.021021021021,0,0.151944154725,0.205863827115,5,775
610,1,4.50969233039,1.0,8,0.02002002002,0,0.0570530268772,-0.661466750243,5,544
611,1,9.25989293025,5.0,20,0.021021021021,0,1.44882729148,-0.0865889441913,5,941
612,1,5.79539936135,5.0,12,0.018018018018,0,0.229995260675,0.105413579329,5,767
613,1,6.49555666208,2.0,11,0.02002002002,0,0.220005991299,0.835538688181,5,670
614,1,6.83607108426,6.0,8,0.021021021021,0,0.541866986102,0.210470125953,5,585
615,1,-1.59914119238,,2,0.018018018018,0,-1.92873690498,-0.812930477435,5,312
616,1,7.47591559684,5.0,19,0.019019019019,0,0.53938708856,0.857754331155,5,954
617,1,3.3228681899,2.0,4,0.021021021021,0,-0.639992471908,0.242845605627,5,498
618,1,5.72557702311,3.0,6,0.021021021021,0,0.441337167187,-0.598434478451,5,615
619,1,4.91136364439,1.0,14,0.02002002002,0,-0.110052427323,0.241520926356,5,888
620,1,6.53591804111,3.0,17,0.02002002002,0,0.61371206653,-0.305218158477,5,902
621,1,4.10640448457,4.0,10,0.02002002002,0,-0.165541741285,-0.396970291576,5,644
622,1,4.35456292589,4.0,10,0.023023023023,0,0.00908617009143,-0.672695584381,5,638
623,1,7.77732560167,4.0,14,0.019019019019,0,0.724486290411,0.603866730439,5,687
624,1,0.79625066895,0.0,1,0.022022022022,1,-1.71880547532,0.952667094903,5,195
625,1,5.2536264645,5.0,12,0.02002002002,0,0.176183367509,-0.274923638022,5,677
626,1,4.44985002355,3.0,20,0.022022022022,0,-0.652463325345,1.40723999959,5,926
627,1,2.39699419895,2.0,11,0.019019019019,0,-1.05830494072,0.57190902112,5,651
628,1,3.23367223038,1.0,17,0.02002002002,0,-0.68738884275,0.295838758628,5,892
629,1,5.14243810718,3.0,7,0.024024024024,0,0.223074884221,-0.526786545489,5,508
630,1,4.91933762362,4.0,10,0.022022022022,0,-0.164198325719,0.411932600776,5,624
631,1,5.44650928848,4.0,8,0.019019019019,0,0.121824099772,0.0810369891624,5,630
632,1,2.80930740161,0.0,20,0.02002002002,0,-0.641302318512,-0.266785642854,5,927
633,1,5.63698229185,3.0,12,0.019019019019,0,0.205974858704,0.0190577157348,5,640
634,1,7.49923320079,6.0,16,0.021021021021,0,0.736412981644,0.289994255862,5,694
635,1,8.00228161584,2.0,13,0.022022022022,0,1.07028470498,-0.208572499103,5,639
636,1,1.43601958311,1.0,2,0.018018018018,1,-1.01119542307,-0.530394147668,5,433
637,1,7.03438804727,1.0,10,0.021021021021,0,0.727387643302,-0.147774882638,5,583
638,1,4.17294816072,3.0,10,0.02002002002,0,-0.515866052336,0.720546317729,5,573
639,1,2.14321092228,1.0,7,0.02002002002,0,-0.904729322852,-0.142601109168,5,468
640,1,2.73689802209,2.0,6,0.021021021021,0,-0.314719904735,-1.31894226371,5,482
641,1,5.63276200244,4.0,20,0.022022022022,0,0.29216241663,-0.243725247445,5,732
642,1,-0.583658651721,,0,0.019019019019,1,-1.92891840252,0.203096555835,5,55
643,1,3.84130207276,3.0,5,0.019019019019,0,-0.477616445915,0.2741514105,5,364
644,1,6.77225200552,4.0,21,0.021021021021,0,0.428736409217,0.486042777871,5,818
645,1,7.89418353914,5.0,11,0.019019019019,0,0.972548318404,-0.0234614160767,5,513
646,1,8.13541677346,5.0,13,0.021021021021,0,0.738089791041,0.921147400333,5,525
647,1,3.08180725658,1.0,5,0.02002002002,0,-0.517895839732,-0.364505224221,5,407
648,1,-0.253601656297,,1,0.02002002002,0,-1.68522429125,-0.197928782543,5,132
649,1,1.17240139876,0.0,2,0.019019019019,0,-1.39158626853,0.347160204333,5,318
650,1,6.33539338917,2.0,20,0.023023023023,0,0.80780427621,-1.08801943946,5,600
651,1,11.4202785147,8.0,16,0.02002002002,0,2.03198598586,0.324320557079,5,527
652,1,3.5288761677,0.0,6,0.019019019019,0,-0.496364305346,0.017969083736,5,422
653,1,3.99268482251,2.0,4,0.021021021021,0,-0.198765276543,-0.411019347862,5,338
654,1,4.85145899357,1.0,10,0.018018018018,0,0.0172468911206,-0.200281679792,5,505
655,1,4.52477737455,2.0,5,0.02002002002,0,0.00350179476049,-0.485728009727,5,397
656,1,5.29283101491,0.0,20,0.02002002002,0,0.330098127546,-0.697463367731,5,975
657,1,4.65865835465,,9,0.019019019019,0,-0.119486746174,0.0171185931757,5,406
658,1,5.53530515545,1.0,11,0.019019019019,0,0.507878696816,-0.988330934996,5,455
659,1,1.93021596104,0.0,10,0.02002002002,0,-0.922154874496,-0.30331941547,5,440
660,1,3.14331440627,1.0,11,0.019019019019,0,-0.653584003109,0.1040664156,5,480
661,1,3.08287903301,0.0,7,0.019019019019,0,-0.742323788302,0.309850397912,5,428
662,1,11.409907213,5.0,14,0.018018018018,0,2.20003874095,-0.190209009869,5,575
663,1,-0.0717994307589,,3,0.022022022022,0,-1.58594614736,-0.313960988679,5,217
664,1,3.84695693427,0.0,5,0.02002002002,0,-0.331087640703,-0.15978014362,5,380
665,1,4.09561401911,0.0,9,0.021021021021,0,-0.275990109253,-0.0764156531296,5,419
666,1,4.55272026755,,6,0.019019019019,0,-0.18940623246,0.120938964927,5,389
667,1,4.89258036591,4.0,20,0.021021021021,0,0.124813816782,-0.481861084431,5,665
668,1,10.4084364054,6.0,16,0.019019019019,0,1.93864627994,-0.407502434451,5,652
669,1,7.51179821429,,19,0.021021021021,0,0.738577224104,0.296066541978,5,756
670,1,5.06200042268,3.0,11,0.019019019019,0,-0.121005814703,0.425017866792,5,462
671,1,5.67528627221,5.0,15,0.019019019019,0,0.229505321783,-0.0132296931399,5,601
672,1,0.20293913878,0.0,1,0.019019019019,1,-1.59310941044,-0.0177326299086,5,102
673,1,-0.135991033493,,4,0.019019019019,0,-1.71811454766,0.0183526094866,5,251
674,1,1.52257992967,0.0,2,0.021021021021,0,-1.18996049168,0.0924614047059,5,177
675,1,8.63386080906,6.0,13,0.021021021021,0,1.19648540222,0.0444046024009,5,567
676,1,3.62332689745,3.0,8,0.02002002002,0,-0.492507602216,0.100849704102,5,357
677,1,-0.095278539623,,2,0.017017017017,0,-1.58011484919,-0.354933992046,5,151
678,1,8.9980660453,,10,0.022022022022,0,1.38351943777,-0.152492268006,5,435
679,1,5.24157388944,0.0,10,0.019019019019,0,0.373486514309,-0.878885653491,5,369
680,1,5.11292945848,0.0,20,0.02002002002,0,0.0267228751636,0.032760832993,5,686
681,1,0.981371714274,,1,0.022022022022,0,-1.21251492291,-0.381083516986,5,123
682,1,6.75864270655,1.0,13,0.018018018018,0,0.594771622865,-0.0256721620479,5,499
683,1,6.99386592757,1.0,7,0.02002002002,0,0.65592947055,0.0260775159212,5,271
684,1,6.18067802891,6.0,16,0.019019019019,0,0.602165801907,-0.625819376815,5,526
685,1,5.38186940729,4.0,15,0.017017017017,0,0.0368553611102,0.271303323964,5,560
686,1,2.29231377238,0.0,9,0.018018018018,0,-0.625384456293,-0.831532858738,5,347
687,1,3.21324534693,3.0,5,0.019019019019,0,-0.355185278356,-0.721198818001,5,255
688,1,3.02221638219,0.0,8,0.02002002002,0,-0.986949201189,0.983063985758,5,360
689,1,5.40978243506,2.0,8,0.019019019019,0,0.0323161940315,0.312833852961,5,316
690,1,5.31775989649,1.0,6,0.021021021021,0,-0.0943362583759,0.600768671616,5,297
691,1,6.57960358384,2.0,7,0.02002002002,0,-0.0326293886266,1.67749174972,5,308
692,1,2.92185224717,1.0,3,0.02002002002,0,-0.464500572084,-0.684646036582,5,184
693,1,1.06461977726,1.0,2,0.019019019019,1,-1.41826633934,0.319418795287,5,176
694,1,8.19093454087,1.0,9,0.02002002002,0,0.81881214709,0.734498099598,5,340
695,1,9.55842771299,3.0,14,0.019019019019,0,1.36570610242,0.461309405743,5,459
696,1,-0.717525644414,,0,0.019019019019,1,-1.81480208433,-0.273119391437,5,36
697,1,6.63684242788,2.0,16,0.019019019019,0,0.482321073423,0.189879207607,5,429
698,1,7.02557948094,6.0,10,0.02002002002,0,0.887625019006,-0.637295576081,5,361
699,1,2.76547689506,0.0,7,0.021021021021,0,-0.532800898001,-0.636120410941,5,339
700,1,7.47652827195,4.0,8,0.02002002002,0,0.553065952672,0.817330413929,5,344
701,1,6.26726304009,5.0,17,0.021021021021,0,0.570399638431,-0.443935875204,5,465
702,1,8.99449736045,5.0,9,0.02002002002,0,1.40271721869,-0.213654295635,5,404
703,1,4.5021369092,3.0,13,0.02002002002,0,-0.00840712795999,-0.472641706923,5,461
704,1,11.3828079471,2.0,20,0.02002002002,0,2.17719083256,-0.14876455061,5,877
705,1,2.81683589242,2.0,9,0.021021021021,0,-0.598960645685,-0.386282170527,5,427
706,1,-0.336744146938,,1,0.021021021021,0,-1.9214263745,0.427534976561,5,40
707,1,3.80232015143,1.0,8,0.022022022022,0,-0.203368388383,-0.587574683421,5,417
708,1,4.65247968371,2.0,5,0.021021021021,0,-0.0425758073313,-0.219792894293,5,367
709,1,3.26611883935,1.0,10,0.021021021021,0,-0.584441303762,0.0194427506347,5,469
710,1,2.72744225086,0.0,15,0.02002002002,0,-0.797124291035,0.118815123967,5,726
711,1,4.70628338911,1.0,15,0.019019019019,0,-0.170073520446,0.216503950451,5,684
712,1,7.76256084686,1.0,9,0.02002002002,0,0.550899252858,1.10986308828,5,474
713,1,4.04814611443,3.0,17,0.02002002002,0,-0.305849252281,-0.0343061287303,5,824
714,1,7.48077009352,6.0,9,0.02002002002,0,0.793964839601,0.0988755747187,5,547
715,1,5.62484878018,1.0,6,0.02002002002,0,0.348469405969,-0.420559437726,5,486
716,1,2.77437550508,1.0,3,0.018018018018,0,-0.949550506328,0.623027024062,5,371
717,1,11.5839199306,11.0,17,0.019019019019,0,2.058787004,0.407558918636,5,929
718,1,6.63437607951,3.0,7,0.022022022022,0,0.326849964379,0.653826186371,5,562
719,1,9.00691446907,7.0,12,0.021021021021,0,1.36577402191,-0.09040759667,5,773
720,1,4.29428417896,3.0,9,0.021021021021,0,-0.470600504287,0.706085691824,5,681
721,1,0.434735893004,0.0,5,0.021021021021,0,-1.84784515874,0.978271369228,5,581
722,1,10.1442696007,9.0,13,0.018018018018,0,2.00342725936,-0.866012177366,5,952
723,1,3.53254167617,0.0,5,0.02002002002,0,-0.639137917295,0.449955428052,5,590
724,1,2.27469821835,0.0,15,0.018018018018,0,-0.807966496646,-0.30140229171,5,979
725,1,4.35083506377,0.0,6,0.022022022022,0,-0.431390702092,0.645007170047,5,707
726,1,1.98485168981,0.0,18,0.019019019019,0,-1.08845915194,0.250229145621,5,999
727,1,10.2163743975,9.0,14,0.019019019019,0,1.55078018148,0.564033853051,5,961
728,1,7.02454202087,7.0,8,0.019019019019,1,0.76481078361,-0.269890329957,5,891
729,1,4.27500130991,4.0,8,0.021021021021,0,-0.225720625939,-0.0478368122731,5,863
730,1,8.77311445123,7.0,21,0.024024024024,0,1.20705975559,0.151935184457,5,992
731,1,5.79609653165,2.0,7,0.021021021021,0,0.302962397937,-0.112790662161,5,919
732,1,10.9600859736,10.0,20,0.02002002002,0,1.9708195986,0.0476271777966,5,1000
733,1,6.729195995,2.0,12,0.022022022022,0,0.393455842442,0.548828467675,5,938
734,1,5.61051253178,1.0,10,0.019019019019,0,0.15268957566,0.152443804797,5,963
735,1,2.37301172244,2.0,4,0.021021021021,0,-0.656861727622,-0.656403094691,5,819
736,1,6.21225020027,6.0,18,0.022022022022,0,0.384234914141,0.0595454578457,5,990
737,1,4.99619409871,1.0,8,0.02002002002,0,-0.0183963203525,0.0513830597689,5,911
738,1,2.87704671491,2.0,17,0.02002002002,0,-0.893783762503,0.558398002422,5,983
739,1,4.72421087493,3.0,9,0.018018018018,0,-0.149039752604,0.171330132746,5,935
740,1,4.54018962338,1.0,20,0.021021021021,0,-0.17024483135,0.0509241174316,5,993
741,1,3.57571680412,2.0,16,0.019019019019,0,-0.508747543361,0.101959434207,5,986
742,1,3.44403594096,2.0,6,0.02002002002,0,-0.645292021727,0.379912006142,5,871
743,1,6.92245946304,1.0,14,0.018018018018,0,0.361518897983,0.837902769095,5,964
744,1,2.68787835188,2.0,6,0.02002002002,0,-0.64030481365,-0.391207207171,5,873
745,1,6.52123476573,3.0,9,0.021021021021,0,0.516796206035,-0.0291538523757,5,885
746,1,5.21142003205,4.0,16,0.022022022022,0,-0.081364883935,0.455514683859,5,967
747,1,-1.46280628208,,0,0.019019019019,1,-2.09982423016,-0.163333591602,5,2
748,1,4.23069792895,3.0,11,0.02002002002,0,-0.378238284369,0.365412782058,5,906
749,1,6.66441403957,6.0,8,0.02002002002,0,0.411875361021,0.428787956508,5,868
750,1,5.35826793937,2.0,7,0.022022022022,0,-0.287220155797,1.21992840677,5,821
751,1,4.81072310816,2.0,17,0.02002002002,0,-0.0380580674969,-0.0751026893445,5,968
752,1,4.20363575765,4.0,16,0.02002002002,0,-0.358698074742,0.279729981877,5,958
753,1,7.68535223471,7.0,8,0.02002002002,1,0.741993490398,0.45937176352,5,810
754,1,7.61730880308,7.0,21,0.022022022022,0,0.944628253202,-0.216575956522,5,971
755,1,4.58811264862,3.0,8,0.021021021021,0,-0.156288517567,0.0569782013269,5,741
756,1,6.62555488641,3.0,19,0.019019019019,0,0.755322974666,-0.640414037584,5,998
757,1,9.33154137404,1.0,12,0.02002002002,0,1.72900242635,-0.855465905013,5,861
758,1,8.32794265637,1.0,12,0.02002002002,0,1.33866900309,-0.688064352902,5,841
759,1,8.98885656276,1.0,14,0.02002002002,0,1.23501394111,0.283814739415,5,890
760,1,4.43120413391,0.0,6,0.02002002002,0,-0.104240517352,-0.256074314034,5,750
761,1,5.16428122846,5.0,6,0.019019019019,1,-0.176212833769,0.692919729764,5,771
762,1,5.06951649717,1.0,6,0.018018018018,0,-0.166067727954,0.567719681032,5,709
763,1,2.41972032522,2.0,4,0.02002002002,0,-0.88152820929,0.0643049530931,5,604
764,1,4.90575785402,1.0,17,0.019019019019,0,0.0340383586593,-0.19635722196,5,923
765,1,2.03664707977,2.0,4,0.021021021021,0,-0.930812210174,-0.170916289705,5,564
766,1,2.00604767381,2.0,10,0.019019019019,0,-1.07102588565,0.219125330777,5,831
767,1,7.58945340852,5.0,12,0.019019019019,0,0.644534763272,0.655849118703,5,785
768,1,9.26181978504,8.0,15,0.021021021021,0,1.21949771094,0.60332665221,5,814
769,1,4.54016732398,4.0,17,0.019019019019,0,-0.102988104068,-0.150868363812,5,895
770,1,2.88438890259,2.0,14,0.017017017017,0,-0.590622403243,-0.343743887682,5,876
771,1,2.62803316689,1.0,4,0.019019019019,0,-0.913489817639,0.368502619806,5,523
772,1,8.90405567795,3.0,17,0.019019019019,0,1.30956187372,-0.0246299431961,5,904
773,1,0.329021881073,0.0,1,0.02002002002,1,-1.45224395242,-0.31424626168,5,98
774,1,0.742169574768,,3,0.019019019019,0,-1.3066141309,-0.337988032527,5,149
775,1,7.99265072672,3.0,8,0.019019019019,0,1.27661178827,-0.837184638086,5,621
776,1,9.29150720799,4.0,10,0.018018018018,0,1.46526363126,-0.104283685799,5,708
777,1,6.11983743673,3.0,12,0.021021021021,0,0.434818709111,-0.184618690598,5,714
778,1,4.7359021079,4.0,6,0.02002002002,0,0.0826772996917,-0.512129791179,5,611
779,1,0.972857421848,,1,0.018018018018,0,-1.21541418401,-0.38090002612,5,51
780,1,1.89756900533,1.0,2,0.016016016016,1,-0.974491536025,-0.178956386595,5,121
781,1,6.50700288501,6.0,7,0.019019019019,1,0.164173976198,1.01448095642,5,569
782,1,10.2197298411,6.0,15,0.02002002002,0,1.83356353535,-0.280960764916,5,772
783,1,7.47562796872,6.0,9,0.018018018018,0,1.14069373231,-0.946453228204,5,641
784,1,8.3570323262,8.0,19,0.019019019019,0,1.11157541811,0.022306071883,5,949
785,1,7.07388706445,5.0,8,0.021021021021,0,0.84602692415,-0.464193707999,5,625
786,1,2.92920732999,2.0,6,0.019019019019,0,-0.602624509442,-0.262919141687,5,634
787,1,13.2192783506,6.0,18,0.023023023023,0,2.71528651372,0.0734188094904,5,839
788,1,3.78768307733,2.0,14,0.023023023023,0,-0.648818526493,0.734138656807,5,664
789,1,-0.928015846767,,0,0.019019019019,1,-2.12595041628,0.449835402077,5,11
790,1,7.28378871146,1.0,10,0.018018018018,0,0.892248430444,-0.392956579872,5,792
791,1,4.42423024256,1.0,5,0.017017017017,0,0.0343275310907,-0.678752350712,5,662
792,1,7.92996786528,0.0,12,0.019019019019,0,0.677770588532,0.896656099688,5,832
793,1,6.19203443195,4.0,10,0.023023023023,0,0.44215791089,-0.134439300722,5,739
794,1,3.1625687181,1.0,13,0.019019019019,0,-0.383468414967,-0.687026037001,5,878
795,1,1.10298303539,1.0,3,0.02002002002,0,-1.50576300478,0.620272049719,5,643
796,1,3.31315834708,1.0,14,0.02002002002,0,-0.482783509886,-0.238491123264,5,896
797,1,6.5097866664,3.0,8,0.017017017017,0,0.465335721143,0.113779502969,5,798
798,1,5.15037298967,3.0,20,0.02002002002,0,-0.430644360271,1.44230607048,5,984
799,1,1.45946085872,,3,0.02002002002,0,-1.40247280845,0.666879284063,5,538
800,1,7.1906787617,1.0,18,0.021021021021,0,0.885268970067,-0.465128148505,5,943
801,1,5.72463643363,0.0,8,0.02002002002,0,0.182321436902,0.177672122922,5,780
802,1,6.31856198869,3.0,17,0.022022022022,0,0.357787604245,0.245199175953,5,925
803,1,8.91910269392,7.0,10,0.021021021021,0,1.33861591917,-0.0967450636009,5,820
804,1,6.52069636877,0.0,11,0.017017017017,0,0.54479086025,-0.113676211975,5,907
805,1,8.05570127001,3.0,20,0.021021021021,0,0.749648510879,0.806755737372,5,969
806,1,7.21030510779,5.0,17,0.021021021021,0,0.418770404138,0.953993895381,5,951
807,1,3.3991993091,1.0,13,0.02002002002,0,-0.49455006552,-0.117150494346,5,830
808,1,2.80975988703,0.0,12,0.019019019019,0,-0.718565193016,-0.0345445339213,5,851
809,1,6.20202142678,5.0,9,0.022022022022,0,0.281200704386,0.35841931362,5,661
810,1,7.30451882019,7.0,11,0.021021021021,0,0.833689609425,-0.196550008089,5,783
811,1,6.50693928477,3.0,7,0.021021021021,0,0.851423455041,-1.04733108036,5,609
812,1,12.7055636938,0.0,22,0.022022022022,0,2.65842794304,-0.2697201353,5,974
813,1,10.8789501112,8.0,14,0.02002002002,0,1.9640259041,-0.0131276011071,5,800
814,1,3.12922610838,0.0,4,0.02002002002,0,-0.478553271577,-0.435114076886,5,378
815,1,0.338006040788,0.0,9,0.019019019019,0,-1.32622477708,-0.683319627957,5,497
816,1,4.60963452233,4.0,9,0.02002002002,0,-0.0831271642789,-0.140983984835,5,485
817,1,8.49006561144,3.0,13,0.02002002002,0,1.02051761328,0.428512771617,5,623
818,1,6.2717624354,6.0,8,0.019019019019,0,0.388550439093,0.106111118123,5,403
819,1,3.30023530903,1.0,5,0.02002002002,0,-0.839602759996,0.819043589014,5,254
820,1,4.97261195038,,15,0.019019019019,0,-0.142641583739,0.400536701597,5,676
821,1,7.25390250833,1.0,8,0.022022022022,0,0.569112026793,0.54656642795,5,400
822,1,0.272566016061,,2,0.022022022022,0,-1.43800328073,-0.41342414175,5,146
823,1,3.68905143099,1.0,5,0.02002002002,0,-0.363383772117,-0.220797252663,5,201
824,1,2.45556663324,1.0,6,0.018018018018,0,-0.745639863281,-0.307513776917,5,235
825,1,9.39585225039,8.0,10,0.021021021021,0,1.55729660952,-0.27603757818,5,253
826,1,6.86119805072,5.0,18,0.021021021021,0,0.463254594345,0.471434267681,5,659
827,1,5.13039189098,3.0,7,0.019019019019,0,0.0747007092563,-0.093710236787,5,199
828,1,4.76153048993,,21,0.021021021021,0,0.0251027171032,-0.313777661375,5,844
829,1,1.21183045953,,3,0.019019019019,0,-1.38133125367,0.355824220543,5,65
830,1,4.60158781252,4.0,14,0.022022022022,0,-0.142458875593,0.0289644393036,5,289
831,1,0.578160787898,,1,0.02002002002,0,-1.71265283839,0.716119303061,5,16
832,1,7.54893079348,6.0,8,0.019019019019,0,0.766578402129,0.249195587097,5,160
833,1,7.34523160741,6.0,12,0.021021021021,0,0.767283345584,0.0433815706541,5,241
834,1,5.41512556377,4.0,10,0.022022022022,0,0.219613254093,-0.243714198506,5,215
835,1,3.86238426041,0.0,8,0.022022022022,0,-0.516877492314,0.413016737349,5,144
836,1,2.03393199722,0.0,3,0.017017017017,0,-1.16625588212,0.532699643586,5,43
837,1,5.85384481503,3.0,16,0.02002002002,0,0.439134147384,-0.463557627117,5,290
838,1,0.219002001052,,1,0.02002002002,0,-1.7409951267,0.441987381142,5,15
839,1,2.17854128299,,8,0.021021021021,0,-0.940070265086,-0.00124792174876,5,79
840,1,3.49683271054,,4,0.02002002002,0,-0.574499942082,0.220332536789,5,47
841,1,6.49005439868,,10,0.019019019019,0,0.466060567071,0.0918726974658,5,118
842,1,9.39887884944,4.0,16,0.018018018018,0,1.36728125662,0.297035079583,5,426
843,1,0.465087152784,,2,0.022022022022,0,-1.13020521888,-1.14429719057,5,35
844,1,1.4015594751,,14,0.02002002002,0,-1.36991906772,0.511316678253,5,287
845,1,5.06128363651,5.0,16,0.021021021021,0,0.134411404898,-0.34195057818,5,326
846,1,0.955905705991,,4,0.019019019019,0,-1.05531052174,-0.878162728782,5,69
847,1,5.4639076852,3.0,11,0.021021021021,0,0.103885481305,0.152251241283,5,283
848,1,0.941234517689,,1,0.018018018018,0,-1.11010235982,-0.728458402855,5,21
849,1,5.3864940242,5.0,6,0.022022022022,1,0.0938288191326,0.105007566805,5,83
850,1,2.64030419816,,8,0.023023023023,0,-0.743971845792,-0.127780264462,5,117
851,1,2.09906969908,,8,0.018018018018,0,-1.04731438265,0.241012847037,5,142
852,1,7.38306696048,7.0,18,0.02002002002,0,0.683481423291,0.332622690605,5,627
853,1,4.66210274457,4.0,10,0.022022022022,0,-0.0167658598386,-0.287599675917,5,158
854,1,5.15737887686,1.0,17,0.02002002002,0,-0.0541494835504,0.319827327508,5,398
855,1,6.17694661634,1.0,23,0.023023023023,0,0.404635327258,-0.0369593654328,5,655
856,1,1.8540748808,0.0,6,0.019019019019,0,-1.31742404867,0.80634702682,5,113
857,1,5.98605225996,3.0,15,0.022022022022,0,0.475611033812,-0.440780841471,5,445
858,1,3.63529513895,3.0,10,0.018018018018,0,-0.419892329815,-0.105027871602,5,161
859,1,-0.286505530267,,0,0.019019019019,1,-1.74438951087,-0.0533369976527,5,32
860,1,-0.358646558155,,1,0.023023023023,0,-1.61664792662,-0.508702778281,5,39
861,1,5.4826217377,,6,0.019019019019,0,0.29944444584,-0.415711599817,5,145
862,1,8.35030808568,0.0,9,0.02002002002,0,1.15856018482,-0.125372468779,5,179
863,1,5.95770562773,4.0,10,0.019019019019,0,0.250477810232,0.20627219703,5,256
864,1,1.33597026082,,4,0.019019019019,0,-1.0619846046,-0.478075925383,5,88
865,1,3.54605351206,0.0,18,0.021021021021,0,-0.502841162654,0.0545770000206,5,565
866,1,7.57130432801,,11,0.02002002002,0,1.08057410362,-0.670417982852,5,209
867,1,5.23968460984,2.0,14,0.021021021021,0,0.0858165996368,-0.0177651890736,5,261
868,1,2.45416268484,1.0,4,0.019019019019,0,-1.13009388132,0.844444328788,5,74
869,1,-1.00811252976,,10,0.021021021021,0,-2.29410551103,0.874204003315,5,167
870,1,8.17616227955,0.0,20,0.022022022022,0,1.16995745451,-0.333710083979,5,657
871,1,4.88152986014,0.0,5,0.019019019019,0,0.136377636396,-0.527603049051,5,130
872,1,0.453857562314,,1,0.019019019019,0,-1.49641209723,-0.0569061459983,5,71
873,1,0.895393973176,,14,0.018018018018,0,-1.49559543298,0.382180272107,5,563
874,1,8.12506038204,3.0,13,0.021021021021,0,0.847482947239,0.582611540322,5,234
875,1,7.02605736341,6.0,9,0.021021021021,0,0.57841665073,0.290807411217,5,163
876,1,9.57508926466,4.0,18,0.019019019019,0,1.69834731434,-0.519952678359,5,619
877,1,-0.39211216205,,8,0.019019019019,0,-1.60223819821,-0.585397567409,5,133
878,1,3.70439274915,,4,0.019019019019,0,-0.431227623052,-0.00192438169644,5,56
879,1,4.1565736372,2.0,7,0.018018018018,0,-0.348110490344,0.200905108228,5,120
880,1,8.02553794063,8.0,16,0.02002002002,0,1.051062723,-0.127650228386,5,245
881,1,6.19042972769,,17,0.02002002002,0,0.340520565686,0.168868030628,5,470
882,1,-0.0182865917399,,3,0.021021021021,0,-1.7210032595,0.144723186755,5,22
883,1,5.44699365031,3.0,14,0.019019019019,0,0.00140553003029,0.442777060223,5,198
884,1,3.95218861685,,5,0.017017017017,0,-0.581260793804,0.695970998257,5,54
885,1,0.88108741279,,1,0.02002002002,0,-1.38199481465,0.0270718567486,5,7
886,1,9.99927730268,,15,0.02002002002,0,1.8754128395,-0.626961215829,5,213
887,1,4.38950587992,4.0,7,0.018018018018,0,-0.111053282406,-0.277334272861,5,59
888,1,12.5760481603,5.0,14,0.019019019019,0,2.45839007008,0.200877950112,5,164
889,1,-2.25686367866,,0,0.018018018018,1,-2.27855050451,-0.421212165124,5,1
890,1,3.5946456992,,4,0.02002002002,0,-0.464045694417,-0.0132172175487,5,33
891,1,-2.94037526097,,0,0.017017017017,1,-2.65772168292,0.0327897878021,5,14
892,1,10.7053957883,8.0,13,0.021021021021,0,1.90728889542,-0.0164708979467,5,108
893,1,5.74587065372,,9,0.021021021021,0,0.297063107436,-0.145318668592,5,81
894,1,7.50661217016,7.0,15,0.019019019019,0,1.01049560914,-0.524874657264,5,152
895,1,5.42412497241,,6,0.021021021021,0,0.208205594842,-0.200491812118,5,64
896,1,8.98996843845,4.0,9,0.022022022022,0,1.10640213869,0.670762022383,5,96
897,1,1.16234231658,,2,0.02002002002,0,-1.17927307577,-0.299838456114,5,20
898,1,7.66028147382,7.0,13,0.021021021021,0,0.89508826602,-0.0249833242424,5,111
899,1,6.72023454936,,15,0.019019019019,0,0.594956795708,-0.064635837764,5,328
900,1,4.79791677194,3.0,6,0.021021021021,0,-0.192438296814,0.375231662379,5,89
901,1,2.5635314003,0.0,3,0.02002002002,0,-0.717934676512,-0.282664570166,5,73
902,1,4.70823482365,1.0,6,0.019019019019,0,-0.203603727692,0.319046006725,5,100
903,1,2.28527363559,1.0,10,0.021021021021,0,-1.04187687392,0.410904257347,5,143
904,1,5.87719624235,1.0,17,0.018018018018,0,0.450883203713,-0.47545336879,5,385
905,1,5.81499829106,,14,0.02002002002,0,0.282556451443,-0.0326710632638,5,307
906,1,4.66498453137,,5,0.019019019019,0,-0.220292062153,0.325860717828,5,101
907,1,2.19720432201,1.0,8,0.019019019019,0,-1.12553212698,0.573800702948,5,125
908,1,11.2886962975,0.0,17,0.021021021021,0,2.04298665273,0.159736339277,5,382
909,1,7.45915937943,0.0,10,0.021021021021,0,0.962672198588,-0.428857216336,5,154
910,1,0.70476511851,0.0,15,0.02002002002,0,-1.76857478484,1.01048947302,5,334
911,1,-1.29080808828,,2,0.02002002002,0,-1.98940471123,-0.3225939546,5,93
912,1,5.9812387497,5.0,11,0.022022022022,0,0.241508872426,0.25671213242,5,186
913,1,0.11048800079,0.0,3,0.019019019019,0,-1.50452321338,-0.375942359068,5,110
914,1,1.82528873444,0.0,5,0.022022022022,0,-1.20657779971,0.445022133571,5,126
915,1,3.74289405241,0.0,17,0.021021021021,0,-0.256430670426,-0.487813936309,5,368
916,1,9.37566332793,1.0,15,0.02002002002,0,1.88078883396,-1.26670317396,5,329
917,1,0.901030363293,,1,0.021021021021,0,-1.60112912584,0.704417740815,5,61
918,1,5.84334812607,3.0,10,0.019019019019,0,0.275983317184,0.0153981745195,5,238
919,1,5.58875069417,5.0,10,0.019019019019,0,0.16970840373,0.0796254829848,5,282
920,1,4.01223404176,3.0,5,0.021021021021,0,-0.37847206732,0.147650243717,5,119
921,1,8.08548268782,2.0,9,0.022022022022,0,0.948152427793,0.241025404438,5,229
922,1,11.1809415733,8.0,19,0.021021021021,0,2.32768829031,-0.802123297625,5,776
923,1,4.90120708096,2.0,5,0.02002002002,0,0.164541203749,-0.592416530281,5,168
924,1,7.02157225111,5.0,12,0.021021021021,0,0.437706983621,0.708451300249,5,333
925,1,8.02426772065,3.0,10,0.02002002002,0,0.669132525499,1.01687014415,5,300
926,1,6.6180036094,6.0,9,0.02002002002,0,0.101185374578,1.31444748567,5,258
927,1,-0.419004311235,,0,0.019019019019,1,-1.91706026957,0.332176497463,5,12
928,1,1.59438241239,1.0,4,0.018018018018,0,-1.08036047516,-0.164536162115,5,189
929,1,6.0049358501,1.0,18,0.021021021021,0,0.296120369662,0.11657474111,5,598
930,1,3.8512607834,2.0,14,0.02002002002,0,-0.297570180388,-0.256028675432,5,424
931,1,6.62622378839,2.0,12,0.022022022022,0,0.58140271322,-0.11798435127,5,415
932,1,6.3886448851,1.0,11,0.02002002002,0,0.384946628916,0.233804998356,5,420
933,1,7.03625131619,6.0,10,0.021021021021,0,0.926517252306,-0.743300440726,5,381
934,1,6.06611872939,5.0,14,0.021021021021,0,0.587371469953,-0.695995680466,5,425
935,1,2.2391035605,1.0,5,0.02002002002,0,-0.809228856808,-0.333209869078,5,277
936,1,1.67539860162,1.0,2,0.025025025025,1,-0.969904619191,-0.414887540808,5,185
937,1,3.38068464767,1.0,11,0.018018018018,0,-0.506624094374,-0.0994430692062,5,507
938,1,7.25268763938,5.0,21,0.021021021021,0,0.950165777459,-0.597809693,5,944
939,1,7.53563154606,1.0,19,0.021021021021,0,0.821826630439,0.0701516547461,5,636
940,1,4.06302178907,3.0,5,0.02002002002,0,-0.375585894973,0.189779473984,5,373
941,1,7.54995155474,3.0,10,0.018018018018,0,0.777379637338,0.217812642725,5,504
942,1,4.21348557685,2.0,7,0.02002002002,0,-0.352899162248,0.272183063595,5,484
943,1,2.69715539106,1.0,4,0.02002002002,0,-0.668082823038,-0.298596139825,5,346
944,1,4.97126441308,0.0,16,0.02002002002,0,-0.0872406064745,0.232986232503,5,669
945,1,0.877273679174,0.0,1,0.019019019019,1,-1.35937493144,-0.0446015264911,5,196
946,1,6.10639592515,4.0,19,0.02002002002,0,0.383226054364,-0.043282237948,5,860
947,1,5.24178504331,1.0,13,0.022022022022,0,-0.00457209349969,0.255501323814,5,552
948,1,8.00165935627,7.0,10,0.02002002002,0,1.02193629624,-0.064149532455,5,553
949,1,3.72823378745,3.0,12,0.02002002002,0,-0.242181144174,-0.545222780029,5,612
950,1,0.180384814192,0.0,5,0.021021021021,0,-1.81238369739,0.617535906361,5,492
951,1,2.40518727977,2.0,18,0.022022022022,0,-0.832300644913,-0.0979107854934,5,749
952,1,4.74751772866,2.0,6,0.019019019019,0,0.0264965919246,-0.331972047115,5,534
953,1,4.12546466945,3.0,8,0.02002002002,0,-0.330914288721,0.118207535614,5,550
954,1,9.28210600406,7.0,20,0.022022022022,0,1.31673124662,0.331912264193,5,834
955,1,2.71601642447,2.0,6,0.02002002002,0,-0.779154615474,0.0534802708896,5,503
956,1,3.72809052847,2.0,5,0.022022022022,0,-0.324081286373,-0.299665612415,5,506
957,1,2.92426582673,2.0,10,0.021021021021,0,-0.825247004413,0.40000683997,5,647
958,1,6.25814987135,0.0,10,0.02002002002,0,0.246598652751,0.518353913098,5,682
959,1,2.07125200208,2.0,3,0.019019019019,1,-0.840129380478,-0.408359856489,5,436
960,1,7.35982336428,6.0,19,0.019019019019,0,0.797493741122,-0.0326578590841,5,959
961,1,5.22742506814,5.0,15,0.018018018018,0,-0.00330799192842,0.237349043922,5,917
962,1,7.72291000623,7.0,16,0.019019019019,0,1.05603794123,-0.445203817462,5,936
963,1,0.995596696047,,1,0.022022022022,0,-1.13451411299,-0.600860964969,5,181
964,1,3.06305689419,1.0,8,0.021021021021,0,-0.578767139145,-0.200641688373,5,790
965,1,4.61915136993,4.0,11,0.021021021021,0,-0.0497715533211,-0.231533970108,5,795
966,1,3.63263580018,3.0,9,0.02002002002,0,-0.43689043619,-0.0566928912446,5,835
967,1,1.9252353362,1.0,19,0.021021021021,0,-1.14987535236,0.374861393281,5,948
968,1,6.38850295577,4.0,17,0.02002002002,0,0.493735339064,-0.0927030614273,5,939
969,1,9.19920852393,,10,0.02002002002,0,1.28236699296,0.352107545056,5,842
970,1,6.61060859296,6.0,17,0.023023023023,0,0.683925006417,-0.44116642629,5,903
971,1,1.17650701594,1.0,5,0.021021021021,0,-1.25246587141,-0.066095369821,5,794
972,1,2.48484392309,2.0,3,0.017017017017,1,-0.737105384187,-0.303839924346,5,763
973,1,9.24970265895,9.0,21,0.021021021021,0,1.67650699758,-0.779818333788,5,987
974,1,8.69838059439,1.0,13,0.021021021021,0,1.48416987137,-0.754129019717,5,857
975,1,6.8903578073,4.0,15,0.023023023023,0,0.388477116039,0.724926459186,5,875
976,1,8.60802232629,5.0,11,0.02002002002,0,1.1827416617,0.0597973411967,5,864
977,1,9.32562505504,7.0,11,0.019019019019,0,1.38070789778,0.183501361699,5,879
978,1,4.75454225551,4.0,8,0.019019019019,0,-0.244947627516,0.489385138059,5,803
979,1,4.21587042862,2.0,6,0.02002002002,0,-0.492356277683,0.69293926167,5,762
980,1,13.4055372117,9.0,17,0.02002002002,0,2.55199451188,0.749553676005,5,934
981,1,8.02308656689,5.0,19,0.02002002002,0,1.17243446802,-0.494216837177,5,977
982,1,7.04917168223,5.0,8,0.019019019019,0,0.462328994923,0.662184697455,5,786
983,1,6.74164449244,0.0,7,0.021021021021,0,0.52331876863,0.17168818655,5,733
984,1,4.15447987292,2.0,11,0.019019019019,0,-0.155524446389,-0.378946787911,5,852
985,1,7.99771637293,7.0,15,0.019019019019,0,0.860234882236,0.41701172622,5,910
986,1,8.49449134256,6.0,22,0.023023023023,0,1.21697317651,-0.156428186974,5,973
987,1,3.32030406602,3.0,5,0.021021021021,0,-0.657225844249,0.29198159877,5,438
988,1,3.24140151141,3.0,6,0.021021021021,0,-0.523215228098,-0.188952804295,5,249
989,1,10.7011161807,10.0,17,0.022022022022,0,1.81317423082,0.261593488249,5,827
990,1,4.66301688945,1.0,5,0.022022022022,0,0.103225483851,-0.646659562103,5,248
991,1,8.40926297611,7.0,11,0.019019019019,0,1.26997423539,-0.400659730063,5,646
992,1,7.21091495511,2.0,10,0.022022022022,0,0.480220147978,0.770254511181,5,521
993,1,4.67302023922,3.0,9,0.019019019019,0,-0.149851228776,0.122573925548,5,412
994,1,0.678220848761,,13,0.021021021021,0,-1.60057697375,0.479951770006,5,610
995,1,-0.245838767267,,1,0.02002002002,0,-1.81448245989,0.197608612395,5,155
996,1,5.44142678029,0.0,7,0.022022022022,0,0.0527026002994,0.283318979392,5,399
997,1,1.61091518496,0.0,4,0.02002002002,0,-1.22037755526,0.27204785074,5,224
998,1,-0.242005567697,,0,0.019019019019,1,-1.60889351403,-0.415325025621,5,5
999,1,14.6633113646,13.0,18,0.02002002002,0,2.99014433558,0.692878357888,5,797
