name,activated,threshold,before_activation_alters,after_activation_alters,degree,observed,var1,epsilon,constant,activation_order
0,1,7.07384590409,1.0,9.0,0.015015015015,0,0.864655214021,-0.520119737969,5,843
1,1,7.56086045645,3.0,10.0,0.016016016016,0,1.02980788243,-0.528563190835,5,805
2,1,2.5654260657,0.0,3.0,0.016016016016,0,-0.897804348371,0.258839110817,5,567
3,1,9.5718135865,8.0,10.0,0.016016016016,0,1.06320868163,1.38218754161,5,799
4,1,5.01871113979,3.0,7.0,0.016016016016,0,0.0888749300395,-0.247913650327,5,793
5,1,3.05233118718,3.0,6.0,0.015015015015,0,-0.489675554978,-0.478642147888,5,752
6,1,9.4104978254,6.0,13.0,0.015015015015,0,0.946737240503,1.57028610389,5,819
7,1,1.31017286652,1.0,3.0,0.016016016016,0,-0.564528912664,-1.99624039548,5,462
8,1,4.5799792233,0.0,6.0,0.015015015015,0,0.118791696443,-0.77639586603,5,635
9,1,3.96442196723,2.0,8.0,0.015015015015,0,-0.606314719603,0.783366126044,5,701
10,1,10.0955432285,9.0,15.0,0.017017017017,0,1.43446340297,0.792153019575,5,801
11,1,5.33482410597,4.0,9.0,0.017017017017,0,0.0914420114808,0.0604980715312,5,746
12,1,2.10245931317,1.0,7.0,0.016016016016,0,-0.733303737535,-0.697629474223,5,675
13,1,0.600386482368,0.0,1.0,0.016016016016,1,-1.09896466067,-1.10271953562,5,486
14,1,2.15113083535,1.0,3.0,0.014014014014,0,-0.68410172227,-0.796563997842,5,610
15,1,1.65347059845,0.0,7.0,0.015015015015,0,-1.0843721625,-0.0934129140579,5,740
16,1,1.11287746618,1.0,2.0,0.017017017017,1,-1.16571112589,-0.389989156144,5,587
17,1,3.59855318555,2.0,5.0,0.014014014014,0,-0.867182962141,1.20010207197,5,756
18,1,4.22152106416,4.0,13.0,0.018018018018,0,0.267442186711,-1.58080549597,5,878
19,1,7.06940713586,2.0,12.0,0.015015015015,0,0.601787092989,0.26404585689,5,929
20,1,4.64516241477,2.0,16.0,0.017017017017,0,0.00260606467876,-0.36265577927,5,936
21,1,6.0563432563,6.0,7.0,0.015015015015,1,0.310198679736,0.125747217097,5,820
22,1,3.51949010043,3.0,5.0,0.016016016016,0,-0.540858128636,0.142064486342,5,777
23,1,5.46762090194,2.0,16.0,0.016016016016,0,0.57927047727,-1.27019052987,5,947
24,1,3.36141517113,2.0,4.0,0.014014014014,0,-0.124486500513,-1.26512532733,5,811
25,1,4.75480064455,1.0,13.0,0.016016016016,0,-0.429253510021,1.04256117462,5,935
26,1,2.55270612122,2.0,12.0,0.017017017017,0,-0.886314286413,0.211648980462,5,921
27,1,4.38381076276,3.0,5.0,0.016016016016,0,-0.44040896979,0.705037672126,5,838
28,1,4.57992351119,2.0,5.0,0.017017017017,0,0.0416274946135,-0.54495897265,5,831
29,1,6.03990956255,3.0,10.0,0.017017017017,0,0.364969457232,-0.0549988091488,5,886
30,1,3.17962962108,1.0,4.0,0.015015015015,0,-0.476784011566,-0.390018344225,5,850
31,1,5.47685488672,1.0,6.0,0.015015015015,0,-0.112326876197,0.813835515314,5,877
32,1,3.80407168235,3.0,11.0,0.015015015015,0,-0.878420569217,1.43933339,5,949
33,1,6.72236452856,5.0,8.0,0.016016016016,0,0.84637327779,-0.816755304808,5,896
34,1,1.95763551467,0.0,4.0,0.016016016016,0,-1.15820104069,0.432238636742,5,866
35,1,2.0368333034,1.0,17.0,0.017017017017,0,-1.02649495639,0.116318172588,5,980
36,1,8.3903307331,4.0,16.0,0.02002002002,0,1.0075934012,0.367550529506,5,962
37,1,5.6990525945,4.0,9.0,0.014014014014,0,0.419409540962,-0.559176028388,5,942
38,1,3.74759870132,0.0,6.0,0.016016016016,0,-0.639732221366,0.666795365421,5,902
39,1,8.30920599644,6.0,13.0,0.015015015015,0,0.870498315558,0.697711049761,5,975
40,1,4.81994316307,1.0,13.0,0.018018018018,0,-0.164583852936,0.313694721874,5,951
41,1,3.23945528559,1.0,4.0,0.015015015015,0,-0.528544451705,-0.174911359293,5,873
42,1,6.70614399668,4.0,7.0,0.015015015015,0,0.184035804558,1.15403658301,5,905
43,1,6.6044942188,4.0,8.0,0.017017017017,0,0.414925445751,0.359717881542,5,910
44,1,9.25942384806,8.0,16.0,0.016016016016,0,1.51612170931,-0.288941279883,5,994
45,1,3.10186316154,2.0,11.0,0.017017017017,0,-0.876969530153,0.732771751993,5,923
46,1,6.81171063757,1.0,8.0,0.016016016016,0,0.732008015015,-0.384313407478,5,895
47,1,4.81913174079,1.0,13.0,0.016016016016,0,-0.433522792116,1.11970011714,5,959
48,1,4.79730172502,4.0,5.0,0.019019019019,1,0.29497070425,-1.08761038773,5,812
49,1,2.61271443343,1.0,4.0,0.015015015015,0,-0.897514357911,0.305257507168,5,815
50,1,2.56450575154,2.0,6.0,0.016016016016,0,-0.154384631721,-1.97234035329,5,835
51,1,6.10826629541,1.0,15.0,0.016016016016,0,1.09602735726,-2.17981577638,5,988
52,1,5.21765370286,3.0,9.0,0.017017017017,0,0.064286300511,0.0247948013266,5,854
53,1,1.40898576059,1.0,2.0,0.014014014014,1,-1.03336139032,-0.490930068444,5,789
54,1,4.5592572897,3.0,11.0,0.017017017017,0,0.245522208412,-1.17730933553,5,862
55,1,6.98041085563,2.0,8.0,0.015015015015,0,0.141072713177,1.55719271609,5,845
56,1,3.05583260273,3.0,5.0,0.017017017017,0,-0.202448614103,-1.33682155496,5,798
57,1,8.83290872268,6.0,13.0,0.016016016016,0,1.74231790346,-1.3940449877,5,946
58,1,1.86434482592,1.0,2.0,0.015015015015,1,-0.990754583461,-0.163391423702,5,738
59,1,7.46104156948,3.0,10.0,0.017017017017,0,0.191285875536,1.88718394288,5,916
60,1,1.97383160218,0.0,5.0,0.018018018018,0,-0.816796541711,-0.575778772687,5,412
61,1,2.60020137417,1.0,3.0,0.015015015015,0,-0.783414249888,-0.0495558761698,5,836
62,1,3.6795372001,2.0,8.0,0.015015015015,0,-0.355727911847,-0.253279064364,5,920
63,1,7.31041336197,7.0,12.0,0.017017017017,0,0.915658171157,-0.436561151501,5,965
64,1,6.52548184929,6.0,11.0,0.014014014014,0,0.784759467703,-0.828796553821,5,968
65,1,7.15286213946,4.0,15.0,0.017017017017,0,1.00153580324,-0.851745270262,5,983
66,1,4.88863131331,4.0,5.0,0.016016016016,1,-0.469394150882,1.29681376596,5,846
67,1,5.58775783641,2.0,9.0,0.016016016016,0,0.446096055439,-0.750530329903,5,961
68,1,8.14724355185,7.0,15.0,0.017017017017,0,0.820386254547,0.686084788209,5,978
69,1,3.21793539836,1.0,7.0,0.016016016016,0,-0.428845580818,-0.495527859183,5,930
70,1,6.94273282404,4.0,15.0,0.015015015015,0,0.297946528826,1.04889323756,5,998
71,1,14.4384840734,6.0,16.0,0.017017017017,0,2.79424163647,1.05575916397,5,986
72,1,7.29427685028,7.0,11.0,0.016016016016,0,0.847988267176,-0.249687951247,5,967
73,1,5.07065382333,3.0,6.0,0.016016016016,0,-0.0844495121869,0.324002359894,5,884
74,1,1.23315936377,1.0,7.0,0.015015015015,0,-1.08551505259,-0.510295478474,5,931
75,1,5.90090429775,5.0,6.0,0.013013013013,1,0.333500208673,-0.0995963282752,5,927
76,1,5.35475573903,2.0,10.0,0.014014014014,0,-0.0923666579459,0.631855712872,5,933
77,1,3.36876492111,3.0,4.0,0.017017017017,1,-1.26229174692,2.15564016187,5,776
78,1,7.67318822085,7.0,13.0,0.015015015015,0,0.481685167452,1.22813271849,5,977
79,1,0.667959670509,0.0,1.0,0.015015015015,1,-0.550214958113,-2.68139545515,5,113
80,1,8.85254850065,6.0,9.0,0.018018018018,0,1.35937079075,-0.225563871611,5,791
81,1,5.60401289591,5.0,7.0,0.016016016016,0,0.182767622849,0.055710027359,5,763
82,1,12.6105723495,12.0,17.0,0.018018018018,0,2.61321885935,-0.229084228511,5,956
83,1,2.64509467412,2.0,3.0,0.015015015015,1,-0.648039288878,-0.410787459243,5,117
84,1,4.0505432842,4.0,10.0,0.014014014014,0,-0.126641128443,-0.56953333047,5,913
85,1,0.206880120195,,1.0,0.015015015015,0,-1.06120508931,-1.60950461187,5,58
86,1,6.38979667826,6.0,7.0,0.017017017017,1,0.669564018435,-0.618895377044,5,538
87,1,5.67868367414,5.0,7.0,0.016016016016,0,-0.0464664332991,0.818082974037,5,546
88,1,7.64926961055,6.0,8.0,0.013013013013,0,1.32290976042,-1.31945967073,5,784
89,1,-3.43022370236,,0.0,0.017017017017,1,-2.44183017464,-1.10473317845,5,41
90,1,4.40349790692,4.0,10.0,0.017017017017,0,-0.00910143505217,-0.569197787926,5,718
91,1,4.78120376432,3.0,12.0,0.017017017017,0,-0.166581906113,0.280949482661,5,765
92,1,8.13796998282,4.0,13.0,0.014014014014,0,1.00573595374,0.1207621216,5,904
93,1,7.86879056699,3.0,8.0,0.015015015015,0,0.814314427165,0.425847285491,5,668
94,1,6.1679490858,4.0,8.0,0.015015015015,0,0.297467285629,0.275547228919,5,689
95,1,6.69054850365,5.0,7.0,0.015015015015,0,1.08579427773,-1.56683432953,5,673
96,1,10.2432853389,10.0,12.0,0.015015015015,0,1.77263985456,-0.074634224811,5,855
97,1,7.65763185392,5.0,14.0,0.017017017017,0,0.545671414261,1.02061761114,5,802
98,1,9.23828692112,5.0,10.0,0.017017017017,0,1.3334636094,0.237896092934,5,731
99,1,5.61727483748,3.0,7.0,0.016016016016,0,-0.269410413876,1.4255060791,5,666
100,1,5.93220738645,0.0,6.0,0.018018018018,0,0.395788459466,-0.255157991946,5,572
101,1,1.76671324864,0.0,2.0,0.017017017017,0,-1.02485552499,-0.158720176381,5,349
102,1,5.27936532816,4.0,9.0,0.016016016016,0,0.28641308239,-0.579873919008,5,616
103,1,7.50545932425,0.0,14.0,0.015015015015,0,0.790144610369,0.13502549314,5,832
104,1,2.73727128191,0.0,3.0,0.015015015015,0,-0.161085254608,-1.77947295427,5,414
105,1,9.70084954921,9.0,10.0,0.016016016016,1,1.36662524325,0.600973819461,5,604
106,1,4.76006601314,1.0,8.0,0.016016016016,0,0.431466639258,-1.53433390463,5,529
107,1,4.42801883698,1.0,5.0,0.018018018018,0,-0.456951397888,0.79887303064,5,402
108,1,5.4988268226,4.0,7.0,0.017017017017,0,0.1108216342,0.166361919996,5,513
109,1,1.54535395451,,2.0,0.014014014014,0,-1.37104826036,0.658498735577,5,334
110,1,2.95189587085,2.0,5.0,0.015015015015,0,-0.973798216117,0.873290519202,5,460
111,1,2.71431823478,2.0,3.0,0.018018018018,1,-1.01471657545,0.758467961139,5,306
112,1,10.2239830256,6.0,16.0,0.017017017017,0,1.68084703373,0.181441924399,5,691
113,1,8.6082369678,7.0,12.0,0.015015015015,0,1.17475300509,0.0839779525262,5,679
114,1,-0.32040684802,,0.0,0.017017017017,1,-1.40274071323,-1.11218470834,5,36
115,1,9.94530512285,6.0,16.0,0.017017017017,0,0.755595076725,2.67851989268,5,770
116,1,6.11441849511,5.0,14.0,0.017017017017,0,0.504924043868,-0.400353636495,5,684
117,1,7.95019590668,7.0,11.0,0.016016016016,0,1.06607412232,-0.24802646028,5,644
118,1,1.72623382247,1.0,2.0,0.015015015015,1,-1.34451551354,0.759780363097,5,246
119,1,2.766641034,2.0,4.0,0.017017017017,0,-0.730554137027,-0.0416965549163,5,335
120,1,6.87352174669,4.0,7.0,0.014014014014,0,0.346179268369,0.834983941585,5,643
121,1,0.335529910266,,1.0,0.016016016016,0,-1.7128036515,0.473940864756,5,42
122,1,3.76376512381,2.0,4.0,0.016016016016,0,-0.554788775527,0.428131450396,5,384
123,1,5.82185627422,4.0,12.0,0.017017017017,0,0.199506581436,0.223336529909,5,721
124,1,3.85857067236,3.0,4.0,0.015015015015,1,-0.444105965561,0.190888569041,5,598
125,1,3.74773293757,1.0,5.0,0.015015015015,0,-0.282254257658,-0.405504289459,5,606
126,1,8.49202720049,6.0,9.0,0.016016016016,0,0.400900045789,2.28932706312,5,717
127,1,9.17943012407,7.0,11.0,0.016016016016,0,1.35936173797,0.101344910149,5,749
128,1,6.24794221898,2.0,7.0,0.016016016016,0,0.0943584628049,0.964866830567,5,688
129,1,6.51813618034,4.0,14.0,0.015015015015,0,0.520933619804,-0.0446646790715,5,859
130,1,2.12888671747,2.0,4.0,0.016016016016,0,-1.14392491828,0.5606614723,5,590
131,1,7.1188516696,2.0,10.0,0.016016016016,0,0.715194769156,-0.0267326378705,5,739
132,1,10.8841100432,4.0,16.0,0.017017017017,0,1.50563258344,1.36721229286,5,834
133,1,6.48903751174,5.0,14.0,0.017017017017,0,0.233804042831,0.787625383243,5,775
134,1,8.15526056165,7.0,10.0,0.015015015015,0,1.01342223683,0.114993851147,5,755
135,1,9.75263994512,6.0,12.0,0.016016016016,0,1.53839515503,0.137454480042,5,772
136,1,10.4680244793,9.0,14.0,0.014014014014,0,1.12049895619,2.10652761073,5,941
137,1,2.4523557392,2.0,3.0,0.016016016016,1,-0.819274653103,-0.0898203014885,5,344
138,1,0.572258765858,0.0,4.0,0.015015015015,0,-1.56453377767,0.265860098881,5,283
139,1,8.79605685978,8.0,9.0,0.014014014014,1,1.16359576305,0.305269570644,5,619
140,1,3.05401207451,3.0,4.0,0.015015015015,1,-0.758088507788,0.328277597872,5,203
141,1,7.24846109332,4.0,13.0,0.015015015015,0,1.08037732974,-0.992670895896,5,720
142,1,9.54698254198,8.0,11.0,0.016016016016,0,1.4198578951,0.287408856678,5,540
143,1,1.06051016161,0.0,2.0,0.016016016016,0,-1.75747033071,1.33292115373,5,53
144,1,5.57805716123,4.0,9.0,0.018018018018,0,0.551962860941,-1.07783142159,5,269
145,1,-5.51362467639,,1.0,0.017017017017,0,-2.96275359565,-1.62536388943,5,50
146,1,8.23388973638,3.0,11.0,0.015015015015,0,0.646660087755,1.29390947312,5,285
147,1,1.89017525419,0.0,5.0,0.016016016016,0,-1.0225661617,-0.0421262607092,5,194
148,1,1.22571643914,0.0,5.0,0.019019019019,0,-1.50190454049,0.731430060594,5,60
149,1,0.207838116647,,2.0,0.016016016016,0,-1.55256186564,-0.134476286439,5,52
150,1,4.72498250353,4.0,6.0,0.015015015015,0,-0.127604433259,0.107795803311,5,206
151,1,6.27114340208,5.0,12.0,0.016016016016,0,0.220046147712,0.611004958939,5,250
152,1,6.47433682368,1.0,11.0,0.017017017017,0,0.204224059632,0.861664644789,5,241
153,1,4.36213211126,,6.0,0.014014014014,0,-0.172554397149,-0.120204697287,5,205
154,1,5.9827580205,4.0,7.0,0.015015015015,0,-0.0859843821097,1.24071116683,5,208
155,1,0.7498934421,,1.0,0.016016016016,0,-2.0315516188,1.84454829851,5,26
156,1,6.59021299703,6.0,9.0,0.016016016016,0,0.146641273385,1.15028917688,5,237
157,1,6.09580378395,6.0,14.0,0.014014014014,0,0.0815734806147,0.851083342102,5,290
158,1,-0.225176305638,,0.0,0.016016016016,1,-0.870934147747,-2.6123738624,5,14
159,1,7.1391771561,4.0,11.0,0.015015015015,0,1.00884984254,-0.88737237152,5,249
160,1,6.41674453928,6.0,8.0,0.013013013013,0,0.433586483693,0.115985088203,5,229
161,1,4.24800222123,4.0,5.0,0.015015015015,1,-0.342461764513,0.27538751477,5,76
162,1,8.62233695419,7.0,11.0,0.017017017017,0,0.431826933065,2.326856155,5,210
163,1,0.888459575914,,6.0,0.018018018018,0,-1.36876801951,-0.00523636554597,5,106
164,1,-0.346506685432,,3.0,0.014014014014,0,-1.48435044046,-0.893455364038,5,47
165,1,-0.688586675283,,2.0,0.015015015015,0,-1.31076568759,-1.7562896125,5,34
166,1,4.37931481722,,7.0,0.016016016016,0,0.117364906138,-0.972779901196,5,127
167,1,-1.26070699794,,0.0,0.016016016016,1,-1.81166937428,-0.825698875114,5,18
168,1,14.5805627329,13.0,17.0,0.017017017017,0,3.11536496204,0.234467846811,5,984
169,1,6.08089361411,,8.0,0.016016016016,0,0.547920441005,-0.562867708902,5,144
170,1,3.50091199457,0.0,4.0,0.014014014014,0,-0.853135570433,1.06031870587,5,131
171,1,1.47494323022,1.0,2.0,0.016016016016,1,-1.12427444965,-0.152233420816,5,107
172,1,4.35592015624,1.0,5.0,0.015015015015,0,-0.15400321317,-0.182070204253,5,507
173,1,5.26298467071,5.0,7.0,0.016016016016,0,-0.581866009439,2.00858269903,5,521
174,1,8.00592922708,6.0,13.0,0.016016016016,0,0.56941076266,1.2976969391,5,818
175,1,5.91672818602,4.0,11.0,0.017017017017,0,0.521947300001,-0.649113713986,5,682
176,1,9.48233744136,3.0,16.0,0.017017017017,0,1.10195355346,1.17647678098,5,851
177,1,4.4337426722,4.0,15.0,0.017017017017,0,0.242144586448,-1.29269108714,5,742
178,1,7.30176605857,2.0,10.0,0.016016016016,0,0.570781823646,0.589420587634,5,649
179,1,3.95298976802,2.0,13.0,0.016016016016,0,-0.711296578136,1.08687950242,5,715
180,1,5.56779495186,2.0,8.0,0.016016016016,0,0.0130183536154,0.528739891012,5,527
181,1,3.29690827048,2.0,6.0,0.015015015015,0,-0.586721926781,0.057074050826,5,525
182,1,3.80317389394,2.0,5.0,0.016016016016,0,-0.0347758382167,-1.09249859141,5,478
183,1,3.83845745209,3.0,4.0,0.017017017017,1,-0.883694699732,1.48954155128,5,472
184,1,6.42619467102,1.0,10.0,0.016016016016,0,0.786085434986,-0.932061633942,5,617
185,1,3.40612015757,3.0,5.0,0.016016016016,0,-0.955943160877,1.2739496402,5,510
186,1,13.5567023727,7.0,18.0,0.019019019019,0,2.33841715603,1.54145090459,5,797
187,1,0.419480467064,,1.0,0.016016016016,0,-1.57217014464,0.135990900988,5,69
188,1,2.57973226833,2.0,3.0,0.018018018018,1,-0.824854730496,0.054296459821,5,238
189,1,4.19267503947,4.0,6.0,0.017017017017,0,-0.0862431607551,-0.54859547826,5,455
190,1,3.48275937098,3.0,6.0,0.015015015015,0,-0.675396872816,0.508949989431,5,424
191,1,6.47133393644,1.0,12.0,0.015015015015,0,0.186400232273,0.912133239619,5,638
192,1,9.24674724407,9.0,12.0,0.013013013013,0,1.3458812232,0.209103574461,5,637
193,1,8.81644008654,8.0,13.0,0.017017017017,0,1.20557216883,0.199723580062,5,548
194,1,6.25346563313,5.0,7.0,0.017017017017,0,0.907736238271,-1.46974308168,5,329
195,1,0.332852219029,0.0,1.0,0.015015015015,1,-1.06735040242,-1.46509657372,5,72
196,1,7.45030919963,7.0,8.0,0.015015015015,1,0.5185719158,0.894593452234,5,343
197,1,2.25327931836,,4.0,0.015015015015,0,-0.666756929756,-0.746449892376,5,140
198,1,9.98904600109,7.0,12.0,0.014014014014,0,1.23021240074,1.29840879887,5,554
199,1,7.48820203232,4.0,9.0,0.015015015015,0,0.813297984307,0.0483080794018,5,317
200,1,1.08857407476,1.0,3.0,0.016016016016,0,-1.14921018326,-0.463795375462,5,167
201,1,9.55208925377,1.0,14.0,0.017017017017,0,0.951055957067,1.69892138257,5,347
202,1,1.46959345125,0.0,2.0,0.016016016016,0,-1.27167666621,0.284623449864,5,124
203,1,1.95768898135,1.0,2.0,0.017017017017,1,-0.873624998869,-0.421436022047,5,120
204,1,4.38342926862,2.0,8.0,0.016016016016,0,-0.459161053303,0.760912428526,5,266
205,1,2.59366175474,2.0,4.0,0.016016016016,0,-0.908231105121,0.318355070102,5,152
206,1,8.11163317432,7.0,10.0,0.017017017017,0,0.869929382682,0.501845026272,5,274
207,1,6.70102396292,5.0,11.0,0.016016016016,0,0.398948349692,0.504178913842,5,276
208,1,2.26727112219,1.0,8.0,0.015015015015,0,-0.279414208732,-1.89448625161,5,259
209,1,4.54385698348,2.0,5.0,0.016016016016,0,-0.17609507218,0.072142200022,5,184
210,1,2.98611292731,2.0,12.0,0.014014014014,0,-0.11468527141,-1.66983125846,5,278
211,1,-2.22048225242,,1.0,0.017017017017,0,-2.60298254444,0.58846538091,5,23
212,1,3.54003629596,,7.0,0.018018018018,0,-1.03046722858,1.63143798168,5,252
213,1,5.59386430228,2.0,6.0,0.016016016016,0,0.39362076321,-0.586997987352,5,212
214,1,4.74547900911,2.0,14.0,0.016016016016,0,0.105291374346,-0.570395113924,5,279
215,1,-1.61502691806,,0.0,0.016016016016,1,-2.55666794467,1.05497691596,5,1
216,1,6.15697651649,1.0,14.0,0.015015015015,0,0.791720908642,-1.21818620943,5,331
217,1,5.63405356366,4.0,10.0,0.018018018018,0,-0.0854075574999,0.890276236156,5,225
218,1,3.2248994145,2.0,7.0,0.015015015015,0,-0.619968511267,0.0848049482999,5,221
219,1,10.0554807809,2.0,16.0,0.017017017017,0,1.18366610671,1.50448246077,5,296
220,1,0.281712032691,,3.0,0.014014014014,0,-1.00575044641,-1.70103662806,5,146
221,1,-0.574302299645,,1.0,0.016016016016,0,-1.78123909041,-0.230585028426,5,139
222,1,3.84542070953,1.0,10.0,0.015015015015,0,-0.622796947169,0.713811551039,5,243
223,1,1.48876416688,1.0,13.0,0.017017017017,0,-1.58458616051,1.2425226484,5,234
224,1,-0.670507774815,,0.0,0.016016016016,1,-1.72029219149,-0.509631200332,5,125
225,1,2.64821936707,0.0,7.0,0.016016016016,0,-0.411162103107,-1.1182943236,5,189
226,1,4.31361245897,0.0,8.0,0.016016016016,0,-0.153558789887,-0.225711171372,5,188
227,1,2.321353972,1.0,7.0,0.016016016016,0,-0.412530862292,-1.44105344112,5,155
228,1,6.4177095222,6.0,7.0,0.016016016016,1,0.111793285166,1.08232966671,5,187
229,1,3.14369091477,3.0,13.0,0.017017017017,0,-0.0891641319641,-1.58881668934,5,247
230,1,0.970970051688,0.0,4.0,0.018018018018,0,-1.35390405848,0.0326822271365,5,142
231,1,2.29144403562,1.0,3.0,0.016016016016,0,-1.04010482088,0.41175849825,5,141
232,1,7.81613226146,0.0,12.0,0.016016016016,0,0.85158176786,0.261386957882,5,377
233,1,3.42397572525,1.0,8.0,0.013013013013,0,-0.0925399277952,-1.29840449137,5,395
234,1,1.09339607711,,2.0,0.015015015015,0,-0.809017709059,-1.47955079571,5,99
235,1,5.83701893668,5.0,9.0,0.016016016016,0,0.287070831155,-0.0241935567818,5,260
236,1,5.64658796847,5.0,9.0,0.015015015015,0,0.0853415898939,0.390563198788,5,282
237,1,-0.0992064458101,,0.0,0.014014014014,1,-1.37405313797,-0.977047031889,5,22
238,1,1.85989273767,,7.0,0.018018018018,0,-1.64378387048,1.7912443491,5,177
239,1,11.4003132789,0.0,12.0,0.016016016016,0,1.83879357616,0.883932550406,5,293
240,1,6.06524844988,6.0,15.0,0.015015015015,0,0.0250947158638,0.989964302285,5,849
241,1,0.817874531773,,2.0,0.016016016016,0,-1.29154504517,-0.307490332721,5,78
242,1,8.35440083625,5.0,10.0,0.017017017017,0,1.06492405013,0.159628685864,5,256
243,1,4.22897577863,4.0,11.0,0.016016016016,0,-0.360437739495,0.310288997109,5,265
244,1,1.8491368982,1.0,3.0,0.015015015015,0,-0.745526778084,-0.914282767548,5,103
245,1,4.56564801506,4.0,7.0,0.016016016016,0,-0.16396133741,0.0575320272881,5,242
246,1,-1.45972656608,,0.0,0.016016016016,1,-2.52286300645,1.10886245328,5,70
247,1,7.97979248583,5.0,12.0,0.015015015015,0,0.921713125318,0.214653109872,5,352
248,1,1.14912910926,,5.0,0.015015015015,0,-1.26337559445,-0.0607441073936,5,168
249,1,1.61958661567,0.0,2.0,0.015015015015,0,-0.681200977845,-1.3368104508,5,161
250,1,1.71583910904,1.0,2.0,0.015015015015,1,-0.508888083031,-1.75749664187,5,165
251,1,2.76069479902,1.0,7.0,0.016016016016,0,-0.836619205789,0.270552416391,5,281
252,1,4.92308769813,2.0,7.0,0.016016016016,0,-0.407970554798,1.14699936253,5,301
253,1,3.4871586207,1.0,7.0,0.015015015015,0,-0.766181068235,0.785701825409,5,313
254,1,4.62898323804,4.0,9.0,0.015015015015,0,-0.0684992429376,-0.16551903315,5,506
255,1,3.92406440512,3.0,15.0,0.017017017017,0,0.208872592066,-1.70255337108,5,768
256,1,6.19925412092,0.0,9.0,0.019019019019,0,0.00284754855112,1.19071147526,5,413
257,1,9.76768928104,7.0,17.0,0.018018018018,0,1.5449649344,0.132794477854,5,771
258,1,2.50302654681,1.0,3.0,0.015015015015,0,-1.15657104144,0.972739671145,5,325
259,1,3.9480890869,0.0,7.0,0.015015015015,0,0.108877892988,-1.37854459206,5,588
260,1,2.04362997013,0.0,10.0,0.017017017017,0,-0.730211717446,-0.765734877537,5,633
261,1,7.15090774156,4.0,11.0,0.017017017017,0,0.335078774743,1.14567141733,5,734
262,1,1.38076029018,0.0,3.0,0.017017017017,0,-1.02048228266,-0.557792861832,5,522
263,1,7.28772770899,1.0,14.0,0.015015015015,0,0.401651899988,1.08277200903,5,901
264,1,2.85626525565,1.0,3.0,0.017017017017,0,-0.258513520799,-1.36819418195,5,579
265,1,11.3247059849,9.0,15.0,0.016016016016,0,1.44340506155,1.99449080023,5,992
266,1,3.04655969543,1.0,4.0,0.016016016016,0,-0.60655970882,-0.133761178107,5,613
267,1,8.31539064909,4.0,12.0,0.017017017017,0,1.27544879935,-0.510955748966,5,744
268,1,4.81555011714,3.0,6.0,0.016016016016,0,-0.0234951274794,-0.113964500423,5,724
269,1,3.66407503785,1.0,13.0,0.017017017017,0,-0.0314836996725,-1.24147386313,5,783
270,1,1.19518832574,0.0,3.0,0.016016016016,0,-0.982367249642,-0.857709925335,5,665
271,1,5.06040783259,5.0,8.0,0.016016016016,0,-0.771676591075,2.37543760581,5,733
272,1,9.33183122903,5.0,14.0,0.016016016016,0,1.76658162276,-0.967913639257,5,808
273,1,6.848639097,0.0,7.0,0.015015015015,0,0.1945432357,1.2650093899,5,732
274,1,1.01975394127,0.0,14.0,0.015015015015,0,-1.32617592398,-0.00171828678674,5,790
275,1,2.37033502916,1.0,5.0,0.017017017017,0,-1.0968690328,0.660942127564,5,653
276,1,4.48533738985,0.0,12.0,0.016016016016,0,-0.369109800261,0.592666790637,5,774
277,1,8.48846051396,6.0,13.0,0.016016016016,0,1.32643190815,-0.490835210491,5,787
278,1,6.24139550268,5.0,9.0,0.016016016016,0,0.44912435029,-0.105977548187,5,722
279,1,3.76745159055,2.0,4.0,0.017017017017,0,-0.888858257408,1.43402636277,5,512
280,1,4.18193548528,2.0,5.0,0.016016016016,0,0.165327525018,-1.31404708977,5,524
281,1,3.90590215452,1.0,9.0,0.016016016016,0,-0.188491054567,-0.528624681782,5,646
282,1,3.73393575678,3.0,7.0,0.016016016016,0,-0.687270358931,0.795746833576,5,532
283,1,10.8548363627,5.0,13.0,0.015015015015,0,1.58721127548,1.0932025363,5,753
284,1,10.5294452809,2.0,11.0,0.017017017017,0,1.50834567035,1.00440826981,5,580
285,1,5.04960493311,5.0,6.0,0.019019019019,1,0.343273092226,-0.980214343566,5,480
286,1,4.7285933166,4.0,5.0,0.016016016016,1,0.280838977594,-1.11392361618,5,239
287,1,-4.83514804681,,0.0,0.015015015015,1,-2.74179381925,-1.60976658905,5,19
288,1,9.79380694251,8.0,10.0,0.016016016016,0,1.21533559797,1.14780014859,5,499
289,1,5.87668198547,4.0,6.0,0.019019019019,0,0.0927469417567,0.598441160198,5,305
290,1,0.857627096699,,3.0,0.015015015015,0,-1.76558634436,1.15438612978,5,96
291,1,-0.163180851897,,1.0,0.015015015015,0,-1.17971604352,-1.62403272134,5,74
292,1,3.25143437397,3.0,4.0,0.014014014014,1,-1.07284506567,1.46996957098,5,176
293,1,4.36785028976,,16.0,0.016016016016,0,-0.988342737215,2.33287850141,5,709
294,1,1.78260102715,1.0,2.0,0.017017017017,1,-1.60431190361,1.59553673797,5,91
295,1,2.91645986301,,9.0,0.016016016016,0,-0.530028318505,-0.493455181475,5,463
296,1,5.52486506995,5.0,6.0,0.016016016016,1,0.493030674917,-0.954226954797,5,326
297,1,7.70333246626,7.0,16.0,0.018018018018,0,1.23708952551,-1.00793611025,5,677
298,1,9.36475683153,5.0,10.0,0.017017017017,0,1.16763268718,0.861858769985,5,471
299,1,9.88358626958,8.0,11.0,0.016016016016,0,1.89632777746,-0.805397062795,5,476
300,1,3.32175155064,3.0,11.0,0.015015015015,0,-0.27543846346,-0.851933058974,5,511
301,1,5.08731357669,3.0,6.0,0.017017017017,0,0.0327222007306,-0.0108530255013,5,399
302,1,7.22736371214,4.0,12.0,0.017017017017,0,0.566557934284,0.527689909285,5,593
303,1,0.933282408851,0.0,3.0,0.015015015015,0,-1.83861559482,1.44912919331,5,383
304,1,7.38208020361,7.0,12.0,0.018018018018,0,1.3025387436,-1.5255360272,5,530
305,1,2.80860723732,1.0,9.0,0.016016016016,0,-0.0428711685356,-2.06277925707,5,441
306,1,2.95111181513,2.0,3.0,0.016016016016,1,-1.14509222716,1.38638849661,5,361
307,1,6.40942686466,2.0,16.0,0.018018018018,0,0.679612594558,-0.629410919014,5,586
308,1,7.98963928787,1.0,14.0,0.019019019019,0,0.461755795298,1.60437190198,5,437
309,1,4.20082329944,1.0,6.0,0.015015015015,0,-0.664550410684,1.19447453149,5,362
310,1,1.71784170467,1.0,2.0,0.014014014014,1,-0.818448664288,-0.826812302468,5,288
311,1,10.4647577625,2.0,11.0,0.018018018018,0,2.30325728767,-1.44501410056,5,404
312,1,4.13588580455,1.0,5.0,0.016016016016,0,0.237683177272,-1.57716372726,5,323
313,1,-0.39760014821,,0.0,0.016016016016,1,-1.00198157564,-2.39165542129,5,51
314,1,3.94630447059,3.0,11.0,0.017017017017,0,-0.139089317022,-0.636427578348,5,394
315,1,9.04935424369,3.0,15.0,0.017017017017,0,0.00655550229212,4.02968773681,5,457
316,1,3.23557415683,3.0,4.0,0.017017017017,1,-0.759884323419,0.515227127091,5,277
317,1,7.25580203535,2.0,8.0,0.017017017017,0,0.356463876012,1.18641040731,5,295
318,1,6.80808697466,4.0,17.0,0.017017017017,0,1.32709821536,-2.17320767141,5,491
319,1,3.7482027138,3.0,8.0,0.019019019019,0,0.0881110753772,-1.51613051233,5,286
320,1,6.11172309278,4.0,8.0,0.016016016016,0,0.320399297277,0.150525200945,5,284
321,1,9.90034987293,5.0,12.0,0.017017017017,0,1.49943461873,0.40204601673,5,372
322,1,2.71157644059,1.0,3.0,0.017017017017,0,-0.946361081177,0.550659684121,5,172
323,1,3.79769751868,3.0,4.0,0.015015015015,1,-0.622305769767,0.664614827979,5,204
324,1,-0.658744455013,,0.0,0.014014014014,1,-1.74089811177,-0.436050119697,5,48
325,1,5.61961029844,4.0,8.0,0.013013013013,0,-0.301359198918,1.5236878952,5,248
326,1,7.60839182718,5.0,12.0,0.018018018018,0,0.892749602565,-0.0698569805093,5,272
327,1,2.8938745104,0.0,3.0,0.015015015015,0,-0.410481310586,-0.874681557846,5,145
328,1,4.88598104374,4.0,6.0,0.017017017017,0,-0.391450615687,1.0603328908,5,164
329,1,6.41777280525,4.0,16.0,0.016016016016,0,0.123162516117,1.0482852569,5,397
330,1,2.20472542021,,5.0,0.018018018018,0,-0.930604703708,-0.00346046867184,5,68
331,1,4.49361227529,,11.0,0.015015015015,0,-0.0648292213914,-0.311900060534,5,224
332,1,0.518975804473,,1.0,0.018018018018,0,-0.92474493287,-1.70678939692,5,49
333,1,3.26649226751,0.0,8.0,0.016016016016,0,-0.396371181937,-0.544394186683,5,198
334,1,-1.07510583122,,2.0,0.017017017017,0,-2.48620126409,1.38349796106,5,56
335,1,7.51970177259,0.0,11.0,0.016016016016,0,1.16813339162,-0.984698402279,5,216
336,1,7.92680045819,6.0,8.0,0.016016016016,0,0.620981552568,1.06385580049,5,114
337,1,7.05937324831,5.0,14.0,0.016016016016,0,0.884077922369,-0.592860518795,5,389
338,1,-2.39951390233,,0.0,0.015015015015,1,-2.37763405521,-0.26661173671,5,46
339,1,5.01488991094,4.0,6.0,0.018018018018,0,-0.213098999583,0.654186909692,5,92
340,1,2.60539576053,1.0,6.0,0.016016016016,0,-0.778185877914,-0.0600466057222,5,89
341,1,5.92931520904,4.0,8.0,0.015015015015,0,0.39674448496,-0.260918245842,5,175
342,1,7.58393922343,,11.0,0.016016016016,0,0.412009420136,1.34791096302,5,236
343,1,1.81627803332,1.0,2.0,0.018018018018,1,-1.28735946064,0.678356415238,5,55
344,1,4.86092824604,,8.0,0.015015015015,0,-0.599731757948,1.66012351989,5,130
345,1,7.36614085728,4.0,10.0,0.015015015015,0,0.986196000546,-0.592447144356,5,183
346,1,1.23828271336,0.0,3.0,0.016016016016,0,-0.983163040558,-0.812228164967,5,71
347,1,5.43113501511,5.0,10.0,0.013013013013,0,0.168260349019,-0.0736460319455,5,207
348,1,5.15286636075,4.0,7.0,0.014014014014,0,-0.42025468703,1.41363042185,5,179
349,1,5.3990974203,4.0,10.0,0.017017017017,0,0.127599511582,0.0162988855496,5,181
350,1,1.76131190403,,16.0,0.017017017017,0,-0.937853778253,-0.425126761212,5,332
351,1,0.563863803068,,1.0,0.015015015015,0,-1.26365735736,-0.645164124863,5,27
352,1,1.59488528076,,3.0,0.016016016016,0,-1.09739750856,-0.112922193559,5,40
353,1,7.63849284854,6.0,8.0,0.016016016016,0,0.228354891109,1.95342817522,5,158
354,1,9.10454103474,6.0,11.0,0.015015015015,0,0.860489876832,1.52307140424,5,201
355,1,7.06577071991,7.0,9.0,0.015015015015,0,0.458951948855,0.688914873346,5,180
356,1,-0.172244127117,,0.0,0.019019019019,1,-1.78833760122,0.192768676544,5,7
357,1,4.43040308843,2.0,10.0,0.018018018018,0,-0.176829059677,-0.0391097325346,5,156
358,1,6.12403565652,4.0,9.0,0.018018018018,0,0.42968669202,-0.165024419542,5,101
359,1,4.51485314698,4.0,5.0,0.017017017017,1,-0.104315542524,-0.172200225451,5,81
360,1,7.33717699287,0.0,10.0,0.015015015015,0,0.0207606581977,2.27489501827,5,182
361,1,-1.80498555433,,1.0,0.016016016016,0,-2.23966864304,-0.0859796252183,5,29
362,1,3.29976605786,2.0,5.0,0.016016016016,0,-0.0849020337864,-1.44552784078,5,79
363,1,3.2270741257,3.0,9.0,0.016016016016,0,-0.557584849505,-0.100171325783,5,97
364,1,-1.3779260067,,2.0,0.014014014014,0,-1.7040117649,-1.26589071198,5,65
365,1,0.509443599274,0.0,4.0,0.016016016016,0,-1.27959928429,-0.651758547868,5,94
366,1,12.1214260362,12.0,13.0,0.013013013013,1,2.04876919726,0.975118444377,5,592
367,1,10.2306332253,9.0,15.0,0.016016016016,0,1.48272827863,0.782448389376,5,571
368,1,0.831082754879,0.0,7.0,0.016016016016,0,-1.36779541124,-0.0655310114004,5,121
369,1,3.83252715246,,5.0,0.016016016016,0,0.0213008610938,-1.23137543083,5,95
370,1,0.150679842674,0.0,1.0,0.016016016016,1,-1.37644584993,-0.719982607538,5,77
371,1,1.94696927098,,6.0,0.017017017017,0,-0.363029634517,-1.96394182547,5,118
372,1,11.7267004923,7.0,12.0,0.017017017017,0,1.69113773772,1.65328727913,5,429
373,1,5.07465585051,1.0,6.0,0.016016016016,0,0.101737959056,-0.230558026656,5,254
374,1,2.63410890405,0.0,4.0,0.016016016016,0,-0.3590633461,-1.28870105764,5,143
375,1,10.8112196216,5.0,13.0,0.017017017017,0,1.72053087107,0.649627008399,5,535
376,1,4.34452674642,1.0,8.0,0.017017017017,0,0.0585036119022,-0.830984089283,5,324
377,1,5.65307094188,4.0,7.0,0.017017017017,0,0.216642646123,0.00314300351217,5,368
378,1,5.79038091926,3.0,6.0,0.015015015015,0,-0.0252018392888,0.865986437124,5,380
379,1,10.4275844765,,16.0,0.017017017017,0,1.58288772968,0.67892128745,5,773
380,1,3.28861346576,3.0,5.0,0.017017017017,0,-0.949338084254,1.13662771852,5,354
381,1,6.5475817115,4.0,9.0,0.018018018018,0,0.427047150329,0.266440260507,5,416
382,1,4.65786051464,3.0,8.0,0.016016016016,0,-0.01271680797,-0.303989061452,5,425
383,1,8.6478002866,5.0,10.0,0.016016016016,0,1.62119852861,-1.21579529924,5,545
384,1,7.28888578925,6.0,8.0,0.016016016016,0,0.55337588262,0.628758141392,5,448
385,1,7.87671693459,1.0,8.0,0.016016016016,0,1.51740194961,-1.67548891424,5,431
386,1,2.89281463015,1.0,4.0,0.014014014014,0,-0.545390302067,-0.471014463649,5,391
387,1,4.41526655323,4.0,7.0,0.015015015015,0,0.525017878931,-2.15978708356,5,474
388,1,7.24237510251,2.0,12.0,0.016016016016,0,0.47476522653,0.818079422918,5,642
389,1,14.0531645241,13.0,15.0,0.015015015015,0,2.23525530558,2.34739860735,5,981
390,1,7.22135602946,7.0,8.0,0.019019019019,1,0.161834488507,1.73585256394,5,523
391,1,6.67766442053,0.0,11.0,0.016016016016,0,0.478198292791,0.243069542153,5,686
392,1,3.96130516048,2.0,6.0,0.016016016016,0,-0.271284793172,-0.224840459999,5,629
393,1,-0.273921916187,,0.0,0.015015015015,1,-1.62350557185,-0.403405200649,5,59
394,1,6.6582833249,0.0,16.0,0.017017017017,0,0.480623984859,0.216411370328,5,979
395,1,6.23985883749,1.0,11.0,0.016016016016,0,1.16193427918,-2.24594400006,5,710
396,1,7.61621633424,6.0,12.0,0.015015015015,0,1.04906848826,-0.530989130536,5,973
397,1,6.34474981817,2.0,16.0,0.019019019019,0,0.0423150158106,1.21780477074,5,821
398,1,5.30806712027,3.0,9.0,0.016016016016,0,-0.0096392934811,0.336985000712,5,676
399,1,8.23476000415,5.0,14.0,0.016016016016,0,0.495301605565,1.74885518745,5,809
400,1,3.47206805209,1.0,10.0,0.012012012012,0,-0.583284763252,0.22192234185,5,769
401,1,3.21283506341,1.0,5.0,0.017017017017,0,-0.767220184355,0.514495616474,5,461
402,1,2.1629483178,1.0,5.0,0.015015015015,0,-0.380200799054,-1.69644928504,5,561
403,1,4.87209058087,4.0,6.0,0.015015015015,0,-0.188979629914,0.439029470608,5,591
404,1,9.43106370846,1.0,11.0,0.017017017017,0,1.05121982285,1.2774042399,5,614
405,1,6.13286588483,4.0,8.0,0.016016016016,0,0.615142577259,-0.712561846943,5,578
406,1,4.94386316923,1.0,12.0,0.018018018018,0,-0.346397267282,0.98305497108,5,611
407,1,1.74159254672,0.0,8.0,0.019019019019,0,-0.723194025395,-1.0888253771,5,505
408,1,0.10784338201,0.0,1.0,0.013013013013,1,-1.26446018576,-1.09877606072,5,39
409,1,-0.379080494483,,2.0,0.017017017017,0,-1.79207812662,-0.00284611463795,5,328
410,1,7.90572720337,5.0,9.0,0.017017017017,0,1.17914474146,-0.631707021011,5,555
411,1,5.46955807627,5.0,8.0,0.017017017017,0,0.0585788504976,0.293821524778,5,482
412,1,8.54841537054,1.0,11.0,0.014014014014,0,1.04571609694,0.411267079732,5,576
413,1,3.22556818963,3.0,4.0,0.017017017017,1,-0.377182220223,-0.642885149698,5,393
414,1,4.39015956967,3.0,7.0,0.015015015015,0,-0.352540727547,0.447781752308,5,479
415,1,4.67580946423,2.0,7.0,0.014014014014,0,-0.369245227054,0.783545145394,5,481
416,1,-2.40902860129,,1.0,0.018018018018,0,-2.01074390442,-1.37679688802,5,13
417,1,3.30992415651,2.0,6.0,0.015015015015,0,-0.189955492831,-1.120209365,5,470
418,1,10.1252687526,8.0,16.0,0.016016016016,0,2.15602593494,-1.34280905221,5,713
419,1,5.98852963445,5.0,11.0,0.015015015015,0,0.432675294074,-0.309496247772,5,485
420,1,2.45095330437,2.0,6.0,0.016016016016,0,-1.2197241192,1.11012566196,5,407
421,1,5.82644256247,3.0,15.0,0.017017017017,0,0.201197837405,0.222849050253,5,563
422,1,-1.78946105271,,0.0,0.015015015015,1,-1.89501218865,-1.10442448676,5,3
423,1,4.99980979339,4.0,5.0,0.016016016016,1,-0.271630559225,0.814701471066,5,360
424,1,3.17297074351,3.0,6.0,0.019019019019,0,-0.574445637477,-0.10369234406,5,348
425,1,0.751167000753,,1.0,0.015015015015,0,-1.16496880371,-0.753926588106,5,104
426,1,3.65267333572,2.0,7.0,0.014014014014,0,-0.0303480650996,-1.25628246898,5,432
427,1,4.38920241342,4.0,8.0,0.017017017017,0,0.380674341059,-1.75282060976,5,390
428,1,4.78772470818,3.0,15.0,0.015015015015,0,-0.241252884732,0.511483362376,5,810
429,1,6.75832989937,5.0,9.0,0.016016016016,0,0.374720761561,0.634167614688,5,405
430,1,1.85522110119,1.0,11.0,0.016016016016,0,-0.284239635587,-2.29205999205,5,517
431,1,0.434456622113,0.0,1.0,0.014014014014,1,-0.999974110541,-1.56562104627,5,108
432,1,3.56323315514,3.0,6.0,0.015015015015,0,-0.294155501295,-0.55430034098,5,366
433,1,5.87450618041,3.0,10.0,0.017017017017,0,0.334161945233,-0.127979655288,5,426
434,1,10.723387904,7.0,13.0,0.016016016016,0,1.53583408316,1.11588565453,5,501
435,1,4.32614714494,4.0,17.0,0.019019019019,0,-0.203424882703,-0.0635782069522,5,533
436,1,5.91667619341,2.0,10.0,0.016016016016,0,0.0505824409736,0.764928870488,5,422
437,1,1.66366734839,1.0,2.0,0.014014014014,1,-0.832215479404,-0.839686213403,5,133
438,1,2.94204719402,1.0,11.0,0.016016016016,0,-0.691738582916,0.0172629427652,5,378
439,1,4.19681372927,1.0,5.0,0.018018018018,0,-0.665873931248,1.19443552301,5,231
440,1,2.12381499909,2.0,5.0,0.017017017017,0,-0.414541639864,-1.63256008131,5,262
441,1,0.545366035902,,1.0,0.016016016016,0,-1.70984085707,0.674888607126,5,43
442,1,6.68591105727,4.0,7.0,0.019019019019,0,0.213147503582,1.04646854653,5,275
443,1,6.99609535245,5.0,9.0,0.017017017017,0,0.262009937414,1.21006554021,5,330
444,1,5.91777911751,3.0,14.0,0.016016016016,0,0.609051391031,-0.909375055579,5,534
445,1,3.41834568866,,4.0,0.016016016016,0,-0.5305668451,0.0100462239604,5,162
446,1,7.11309240803,3.0,11.0,0.017017017017,0,0.34847955519,1.06765374246,5,336
447,1,4.5938778306,4.0,11.0,0.015015015015,0,-0.246280384673,0.332718984618,5,440
448,1,-1.54654653528,,0.0,0.017017017017,1,-2.53414712759,1.05589484748,5,4
449,1,4.39689192552,3.0,7.0,0.016016016016,0,-0.59978529554,1.19624781214,5,304
450,1,0.679419501629,,1.0,0.016016016016,0,-0.788325274594,-1.95560467459,5,28
451,1,5.33011076438,4.0,16.0,0.016016016016,0,0.283868930728,-0.521496027807,5,870
452,1,2.57716385221,2.0,3.0,0.017017017017,1,-0.583503631269,-0.672325253983,5,228
453,1,3.39980310988,2.0,4.0,0.015015015015,0,-1.01416426975,1.44229591914,5,257
454,1,5.46109371656,4.0,10.0,0.019019019019,0,0.1651702928,-0.0344171618419,5,498
455,1,3.57326889414,2.0,16.0,0.018018018018,0,-0.329573918301,-0.438009350963,5,745
456,1,6.0429099163,5.0,9.0,0.016016016016,0,0.572643858301,-0.675021658601,5,542
457,1,3.94343703314,2.0,4.0,0.016016016016,0,-0.527871658184,0.527052007689,5,420
458,1,3.90964267908,3.0,10.0,0.014014014014,0,0.288688806232,-1.95642373961,5,628
459,1,3.9911097686,3.0,4.0,0.016016016016,1,-0.257396929683,-0.236699442346,5,528
460,1,7.42332837375,4.0,9.0,0.016016016016,0,0.93913965051,-0.39409057778,5,601
461,1,4.15145837646,3.0,16.0,0.017017017017,0,0.258831458417,-1.62503599879,5,759
462,1,3.87814650592,1.0,5.0,0.016016016016,0,0.144420864576,-1.55511608781,5,568
463,1,3.62371865741,1.0,5.0,0.016016016016,0,-0.744234132938,0.856421056224,5,577
464,1,5.15681891172,4.0,10.0,0.015015015015,0,-0.0914232678952,0.431088715409,5,625
465,1,5.56598963239,4.0,10.0,0.016016016016,0,0.0354644723469,0.459596215352,5,692
466,1,3.03486954512,2.0,12.0,0.017017017017,0,-0.405832991071,-0.74763148167,5,703
467,1,2.8173558562,1.0,13.0,0.015015015015,0,-0.713233971979,-0.0429422278643,5,788
468,1,4.57489406408,3.0,6.0,0.016016016016,0,-0.457913727159,0.948635245557,5,582
469,1,-0.00876963355442,,1.0,0.016016016016,0,-1.46264041393,-0.620848391776,5,88
470,1,9.40694759516,3.0,15.0,0.017017017017,0,1.13472846698,1.00276219422,5,795
471,1,11.2358047197,9.0,16.0,0.016016016016,0,1.87323227571,0.616107892596,5,825
472,1,8.85738357956,7.0,12.0,0.016016016016,0,1.06239778148,0.670190235135,5,714
473,1,10.1378119925,8.0,11.0,0.018018018018,0,1.19297229419,1.55889510994,5,648
474,1,5.77752902134,5.0,8.0,0.014014014014,0,-0.129198644843,1.16512495587,5,581
475,1,1.34619283876,0.0,3.0,0.016016016016,0,-1.00379948554,-0.642408704635,5,163
476,1,3.88609679069,0.0,5.0,0.015015015015,0,-0.634996867793,0.79108739407,5,307
477,1,6.52082902145,4.0,10.0,0.014014014014,0,0.182824265499,0.972356224955,5,388
478,1,5.28031175236,3.0,11.0,0.015015015015,0,0.30885394287,-0.646250076254,5,656
479,1,2.92859857508,1.0,7.0,0.015015015015,0,-1.18484998981,1.48314854452,5,355
480,1,-1.80289284081,,1.0,0.015015015015,0,-2.38480610384,0.351525470699,5,90
481,1,4.81763458397,4.0,5.0,0.016016016016,1,-0.0361318485838,-0.0739698702823,5,230
482,1,7.67164242378,,8.0,0.015015015015,0,0.877940315332,0.0378214777864,5,319
483,1,0.168811172641,,2.0,0.015015015015,0,-1.3148239393,-0.886717009446,5,129
484,1,5.19047161087,4.0,10.0,0.016016016016,0,0.354670974492,-0.873541312604,5,359
485,1,9.21829149308,1.0,11.0,0.018018018018,0,0.841290457733,1.69442011988,5,385
486,1,7.34836754198,2.0,14.0,0.015015015015,0,0.871710557413,-0.266764130256,5,520
487,1,-2.50062225384,,0.0,0.017017017017,1,-2.47723991053,-0.0689025222545,5,45
488,1,9.55865680517,6.0,12.0,0.016016016016,0,0.967759190279,1.65537923433,5,409
489,1,1.91013455657,,4.0,0.018018018018,0,-0.821142383249,-0.626438293679,5,214
490,1,7.82544197748,3.0,8.0,0.015015015015,0,0.917627141307,0.0725605535623,5,297
491,1,3.30775051047,3.0,7.0,0.016016016016,0,-0.568730059249,0.0139406882154,5,245
492,1,3.70283329375,,4.0,0.016016016016,0,-0.241144554349,-0.573733043204,5,219
493,1,8.36123389836,7.0,11.0,0.015015015015,0,0.818928590916,0.904448125613,5,446
494,1,9.42675763151,5.0,10.0,0.017017017017,0,1.43861038598,0.11092647356,5,315
495,1,3.8466893534,3.0,5.0,0.015015015015,0,-0.318504576819,-0.197796916147,5,255
496,1,9.09193813261,1.0,16.0,0.016016016016,0,1.41173741795,-0.14327412125,5,475
497,1,2.25645250201,1.0,3.0,0.018018018018,0,-0.431923533757,-1.44777689672,5,217
498,1,0.913617277901,,1.0,0.017017017017,0,-1.14120728306,-0.662760872916,5,31
499,1,4.50487001542,0.0,5.0,0.015015015015,0,-0.064524208551,-0.30155735893,5,309
500,1,2.34618390727,1.0,4.0,0.014014014014,0,-0.00459997958616,-2.64001615397,5,303
501,1,4.1782888526,4.0,11.0,0.016016016016,0,-0.12269218446,-0.45363459402,5,428
502,1,8.74074513124,3.0,10.0,0.016016016016,0,0.933221536992,0.941080520269,5,387
503,1,5.46701688255,2.0,7.0,0.018018018018,0,-0.108136549325,0.791426530527,5,321
504,1,5.15052580921,4.0,6.0,0.016016016016,0,0.326614538236,-0.829317805495,5,312
505,1,3.597999131,3.0,7.0,0.015015015015,0,-0.262706604665,-0.613881055005,5,376
506,1,5.48036583641,2.0,10.0,0.014014014014,0,-0.353867072565,1.54196705411,5,631
507,1,12.5255339124,12.0,14.0,0.015015015015,0,1.71049037528,2.39406278657,5,839
508,1,7.00353604179,6.0,16.0,0.016016016016,0,1.02466158304,-1.07044870733,5,852
509,1,6.40224632419,0.0,12.0,0.017017017017,0,0.831749142011,-1.09300110184,5,469
510,1,2.51555159986,1.0,3.0,0.014014014014,0,-0.996443038854,0.504880716424,5,157
511,1,2.77079434848,0.0,13.0,0.015015015015,0,-0.728701037256,-0.0431025397545,5,655
512,1,4.26941878496,1.0,6.0,0.015015015015,0,-0.365582124184,0.366165157511,5,160
513,1,9.626404663,8.0,10.0,0.016016016016,0,1.25127390179,0.872582957642,5,418
514,1,0.824964937639,0.0,2.0,0.017017017017,0,-1.08965053883,-0.906083445877,5,62
515,1,2.39072327957,2.0,3.0,0.015015015015,1,-0.549208891853,-0.961650044876,5,126
516,1,4.66879304508,4.0,5.0,0.016016016016,1,-0.180555790664,0.210460417069,5,135
517,1,12.4778056093,6.0,13.0,0.016016016016,0,2.36554912611,0.381158231029,5,369
518,1,7.12041448787,4.0,14.0,0.016016016016,0,0.698626117831,0.0245361343764,5,314
519,1,4.71728312161,4.0,7.0,0.017017017017,0,-0.173923526648,0.23905370155,5,147
520,1,7.79988443949,4.0,8.0,0.016016016016,0,1.48668031886,-1.66015651709,5,136
521,1,-2.82839151239,,0.0,0.017017017017,1,-2.76748382134,0.474059951613,5,2
522,1,1.04062074127,,2.0,0.015015015015,0,-1.10591786574,-0.641625661512,5,17
523,1,7.19974363555,5.0,10.0,0.015015015015,0,0.699778103006,0.100409326532,5,150
524,1,-0.692329799997,,2.0,0.016016016016,0,-1.54817072622,-1.04781762133,5,20
525,1,3.03485272155,,4.0,0.016016016016,0,-0.972164233182,0.951345421095,5,30
526,1,8.66004364881,7.0,14.0,0.017017017017,0,1.1997191593,0.0608861709225,5,209
527,1,6.21643732856,5.0,7.0,0.016016016016,0,0.629577672942,-0.67229569027,5,84
528,1,0.16332795202,,1.0,0.015015015015,0,-1.76857451588,0.469051499654,5,8
529,1,-0.122967070037,,5.0,0.017017017017,0,-1.52572206219,-0.545800883458,5,61
530,1,3.15436617223,3.0,4.0,0.017017017017,1,-0.895469842544,0.840775699865,5,75
531,1,6.01602264726,6.0,11.0,0.015015015015,0,0.301974844128,0.110098114872,5,251
532,1,7.70461044158,7.0,8.0,0.015015015015,1,0.767236332916,0.402901442835,5,169
533,1,4.96474265838,2.0,5.0,0.016016016016,0,0.0722694785496,-0.252065777268,5,98
534,1,1.97892850053,1.0,8.0,0.017017017017,0,-0.340381883925,-1.9999258477,5,202
535,1,3.55633261057,1.0,5.0,0.016016016016,0,-0.900723730763,1.25850380286,5,166
536,1,5.52918269409,3.0,14.0,0.017017017017,0,0.258696142845,-0.246905734449,5,410
537,1,11.6117855582,9.0,14.0,0.014014014014,0,2.14705288918,0.170626890703,5,585
538,1,0.298029645908,0.0,2.0,0.014014014014,0,-1.07095092816,-1.48911756961,5,122
539,1,3.46235700422,1.0,14.0,0.017017017017,0,-0.568286440853,0.167216326775,5,551
540,1,8.356002706,7.0,11.0,0.013013013013,0,0.936801541225,0.545598082325,5,447
541,1,4.50721355476,4.0,6.0,0.017017017017,0,-0.534276582872,1.11004330338,5,233
542,1,4.65982993591,4.0,6.0,0.014014014014,0,-0.455981553886,1.02777459757,5,342
543,1,0.937350680044,0.0,5.0,0.015015015015,0,-1.18776368926,-0.499358252167,5,267
544,1,5.65830448879,5.0,9.0,0.016016016016,0,0.544052403072,-0.973852720429,5,403
545,1,-0.292897328649,,1.0,0.016016016016,0,-1.0878343736,-2.02939420786,5,138
546,1,5.96948309005,,16.0,0.016016016016,0,-0.111417949793,1.30373693943,5,760
547,1,6.74147470263,0.0,7.0,0.017017017017,0,0.74164227055,-0.483452109021,5,375
548,1,4.11576269283,3.0,6.0,0.017017017017,0,-0.544420216056,0.749023340994,5,287
549,1,0.301108871715,0.0,2.0,0.015015015015,0,-0.989926022632,-1.72911306039,5,200
550,1,1.26529460586,0.0,2.0,0.015015015015,0,-1.35105423085,0.318457298399,5,261
551,1,5.24886524211,1.0,8.0,0.017017017017,0,0.0588176466381,0.0724123022001,5,415
552,1,5.45914434569,0.0,7.0,0.016016016016,0,-0.390870409203,1.63175557329,5,454
553,1,9.74309790738,7.0,10.0,0.016016016016,0,1.17811739805,1.20874571323,5,704
554,1,8.9766171409,7.0,12.0,0.016016016016,0,1.09915677073,0.679146828725,5,735
555,1,6.85936115141,2.0,7.0,0.016016016016,0,1.07694000959,-1.37145887736,5,609
556,1,1.65658873951,1.0,6.0,0.016016016016,0,-1.03189461364,-0.24772741958,5,650
557,1,7.43870744336,4.0,10.0,0.015015015015,0,0.780809644708,0.0962785092408,5,780
558,1,4.9585343231,3.0,7.0,0.018018018018,0,0.328510531066,-1.0269972701,5,702
559,1,5.84331800075,0.0,8.0,0.016016016016,0,0.471644901374,-0.571616703374,5,705
560,1,7.53993293828,0.0,15.0,0.016016016016,0,1.14742608214,-0.902345308137,5,889
561,1,8.99591207967,7.0,14.0,0.017017017017,0,1.12533182302,0.619916610603,5,888
562,1,2.96827958882,2.0,4.0,0.016016016016,0,-0.118109895442,-1.67739072485,5,690
563,1,9.71318462578,7.0,15.0,0.015015015015,0,1.36227652615,0.62635504732,5,971
564,1,8.26067378934,7.0,12.0,0.016016016016,0,0.602831514785,1.45217924498,5,875
565,1,10.6225018458,2.0,11.0,0.016016016016,0,1.00987055725,2.59289017404,5,853
566,1,6.32743916447,0.0,8.0,0.016016016016,0,0.210777301122,0.69510726111,5,781
567,1,2.84275746978,2.0,5.0,0.016016016016,0,-0.632035810755,-0.261135097953,5,698
568,1,6.33951651421,5.0,12.0,0.015015015015,0,0.858788665375,-1.23684948191,5,867
569,1,6.84914849819,6.0,8.0,0.014014014014,0,0.591318935143,0.0751916927583,5,782
570,1,3.92427667434,2.0,9.0,0.016016016016,0,-0.652048024436,0.88042074765,5,764
571,1,4.03807243744,4.0,5.0,0.018018018018,1,0.11499590742,-1.30691528482,5,658
572,1,2.90391758116,1.0,16.0,0.016016016016,0,-0.949422553045,0.752185240297,5,898
573,1,6.72209818876,6.0,9.0,0.017017017017,0,0.875876797541,-0.905532203864,5,706
574,1,3.76084402659,2.0,6.0,0.016016016016,0,0.164416020046,-1.73240403355,5,672
575,1,0.636416128712,0.0,1.0,0.018018018018,1,-1.03020535357,-1.27296781057,5,408
576,1,5.31119684084,0.0,12.0,0.015015015015,0,-0.109527380125,0.639778981212,5,741
577,1,4.40200053366,4.0,6.0,0.014014014014,0,-0.229034096536,0.0891028232699,5,634
578,1,1.56124220402,1.0,2.0,0.017017017017,1,-1.04471841138,-0.304602561838,5,439
579,1,5.15520376,0.0,11.0,0.014014014014,0,-0.204998667599,0.770199762798,5,708
580,1,4.07669232617,3.0,5.0,0.016016016016,0,0.119100615605,-1.28060952065,5,552
581,1,8.716771225,6.0,13.0,0.016016016016,0,1.47964750611,-0.722171293321,5,743
582,1,5.07194803538,4.0,7.0,0.016016016016,0,-0.742878819169,2.30058449289,5,620
583,1,4.89367126717,3.0,9.0,0.016016016016,0,0.317535624339,-1.05893560585,5,626
584,1,1.47643893315,0.0,2.0,0.016016016016,0,-1.41649184916,0.725914480617,5,515
585,1,3.63793475431,0.0,10.0,0.015015015015,0,-0.275165584736,-0.536568491479,5,640
586,1,0.314542256255,0.0,1.0,0.018018018018,1,-0.764153952432,-2.39299588645,5,452
587,1,3.19193982053,1.0,5.0,0.016016016016,0,-0.46221498637,-0.421415220366,5,560
588,1,7.07837609679,7.0,11.0,0.016016016016,0,0.95051742002,-0.773176163266,5,627
589,1,2.17044893861,2.0,13.0,0.016016016016,0,-0.577656859696,-1.0965804823,5,757
590,1,2.14692499418,0.0,4.0,0.016016016016,0,-0.798130036578,-0.458684896091,5,557
591,1,3.29648924663,0.0,6.0,0.015015015015,0,0.133885798283,-2.10516814822,5,605
592,1,3.72417068199,1.0,16.0,0.017017017017,0,-0.553858620965,0.385746544889,5,767
593,1,5.78394935187,2.0,12.0,0.014014014014,0,-0.142932819537,1.21274781048,5,727
594,1,2.70757527608,0.0,5.0,0.016016016016,0,-0.504460936042,-0.779041915797,5,602
595,1,3.42853258268,0.0,5.0,0.016016016016,0,-0.764003492241,0.720543059405,5,621
596,1,9.67227093712,1.0,10.0,0.016016016016,0,1.30587893387,0.754634135521,5,667
597,1,2.83315775104,0.0,4.0,0.015015015015,0,-0.704598915621,-0.0530455021,5,603
598,1,6.24332562514,3.0,10.0,0.016016016016,0,0.358325410033,0.168349395044,5,657
599,1,6.8765630866,1.0,12.0,0.014014014014,0,0.758464557405,-0.39883058562,5,840
600,1,9.36411961668,3.0,11.0,0.015015015015,0,1.72220822,-0.802505043327,5,693
601,1,9.43844588526,2.0,15.0,0.015015015015,0,1.35254983584,0.380796377733,5,932
602,1,4.70478267651,4.0,5.0,0.015015015015,1,-0.301153495806,0.608243163927,5,596
603,1,3.84517954175,3.0,11.0,0.016016016016,0,-0.132134076442,-0.758418228926,5,630
604,1,1.54272229536,0.0,6.0,0.015015015015,0,-1.33147043533,0.537133601344,5,597
605,1,7.8203614604,7.0,10.0,0.016016016016,0,0.874534182718,0.196758912244,5,622
606,1,-2.58064115266,,0.0,0.015015015015,1,-1.68343982043,-2.53032169138,5,102
607,1,4.69127287887,4.0,6.0,0.017017017017,0,-0.0477803811924,-0.165385977556,5,443
608,1,3.1633176576,3.0,4.0,0.017017017017,1,-0.593233611543,-0.0569815077665,5,417
609,1,6.27851079568,3.0,7.0,0.016016016016,0,0.480594021464,-0.163271268715,5,423
610,1,7.75578285496,1.0,11.0,0.018018018018,0,0.301921903316,1.85001714502,5,490
611,1,7.18272578466,3.0,14.0,0.016016016016,0,0.726212507004,0.00408826364931,5,663
612,1,8.92077942671,8.0,16.0,0.016016016016,0,1.41246208216,-0.316606819763,5,674
613,1,8.78285051399,6.0,9.0,0.017017017017,0,1.02528272266,0.707002346022,5,396
614,1,1.67931913146,,2.0,0.014014014014,0,-0.573631661181,-1.59978588499,5,185
615,1,5.49050075595,5.0,6.0,0.017017017017,1,0.0030868882643,0.481240091155,5,339
616,1,4.35668811221,2.0,6.0,0.016016016016,0,0.126942714749,-1.02414003204,5,292
617,1,4.48882431267,2.0,6.0,0.017017017017,0,-0.499329913839,0.986814054183,5,196
618,1,6.60710485988,6.0,9.0,0.019019019019,0,0.690465293779,-0.464291021456,5,363
619,1,10.9599328671,8.0,11.0,0.019019019019,0,1.01038132012,2.9287889068,5,371
620,1,5.08273431419,4.0,7.0,0.018018018018,0,-0.161215086351,0.566379573243,5,199
621,1,8.16762947698,7.0,9.0,0.016016016016,0,1.03602735806,0.0595474027889,5,351
622,1,0.752585210178,,2.0,0.017017017017,0,-1.22313346513,-0.578014394442,5,16
623,1,3.97719105297,2.0,4.0,0.018018018018,0,-0.741419016551,1.20144810262,5,159
624,1,7.89541528625,5.0,16.0,0.016016016016,0,0.839996624676,0.37542541222,5,565
625,1,5.4720049036,3.0,14.0,0.018018018018,0,-0.0415197635426,0.596564194229,5,459
626,1,5.55547223851,5.0,6.0,0.016016016016,1,0.347894645976,-0.488211699421,5,222
627,1,0.262973569286,0.0,2.0,0.016016016016,0,-1.14238553477,-1.30986982641,5,87
628,1,-0.864897831609,,3.0,0.017017017017,0,-1.49066499293,-1.39290285281,5,115
629,1,8.03342514711,5.0,10.0,0.014014014014,0,0.833134963959,0.534020255232,5,503
630,1,-5.38033113433,,0.0,0.018018018018,1,-2.77284424982,-2.06179838487,5,6
631,1,1.15794340968,1.0,5.0,0.016016016016,0,-0.959958856496,-0.962180020828,5,186
632,1,6.19762147337,4.0,8.0,0.017017017017,0,0.515853555495,-0.349939193117,5,308
633,1,7.77815760745,,14.0,0.016016016016,0,0.47586311988,1.35056824781,5,736
634,1,4.88366659096,2.0,6.0,0.017017017017,0,0.0463134390217,-0.255273726105,5,271
635,1,3.33626080442,3.0,4.0,0.016016016016,1,-0.38337411153,-0.513616860991,5,220
636,1,12.0011986688,12.0,15.0,0.019019019019,0,1.98811639288,1.03684949022,5,716
637,1,9.30117927873,6.0,11.0,0.016016016016,0,1.38067410895,0.159156951882,5,564
638,1,4.6522574386,1.0,6.0,0.016016016016,0,0.0292416977066,-0.435467654518,5,337
639,1,10.0068468596,6.0,11.0,0.015015015015,0,1.43637293612,0.697728051214,5,680
640,1,3.12137333788,1.0,4.0,0.016016016016,0,-1.49716628517,2.61287219339,5,421
641,1,4.57900773595,3.0,13.0,0.013013013013,0,-0.264095409838,0.371293965469,5,829
642,1,7.53945999494,2.0,16.0,0.018018018018,0,0.846664546434,-0.000533644365351,5,822
643,1,4.21592266578,3.0,6.0,0.019019019019,0,-0.163746045443,-0.292839197891,5,537
644,1,0.859449321829,0.0,3.0,0.016016016016,0,-0.656031966036,-2.17245478006,5,433
645,1,2.77961907845,1.0,4.0,0.014014014014,0,-0.604038026977,-0.408266840616,5,519
646,1,3.69143298515,1.0,7.0,0.016016016016,0,-0.305746311132,-0.391328081459,5,659
647,1,2.41146662408,1.0,4.0,0.017017017017,0,-1.31018411415,1.34201896654,5,502
648,1,8.1721899197,6.0,9.0,0.018018018018,0,1.02830589716,0.0872722282125,5,669
649,1,10.6445033667,10.0,13.0,0.016016016016,0,1.657846054,0.67096520475,5,751
650,1,2.48121191854,2.0,12.0,0.016016016016,0,-0.809264567503,-0.0909943789515,5,737
651,1,3.3894515869,0.0,8.0,0.015015015015,0,-0.627682652456,0.272499544263,5,699
652,1,2.38750367423,1.0,15.0,0.015015015015,0,-0.239224354252,-1.89482326302,5,872
653,1,2.37987493156,2.0,7.0,0.015015015015,0,-0.833022442876,-0.121057739814,5,647
654,1,7.45159717195,7.0,10.0,0.017017017017,0,0.607922550297,0.627829521063,5,707
655,1,5.85618603677,3.0,6.0,0.017017017017,0,0.615262377009,-0.989601094259,5,543
656,1,6.55339723103,3.0,11.0,0.016016016016,0,0.114989637731,1.20842831784,5,726
657,1,7.03288255092,7.0,9.0,0.014014014014,0,0.577183343406,0.3013325207,5,723
658,1,8.36320593031,8.0,14.0,0.015015015015,0,0.636841932616,1.45268013246,5,826
659,1,9.45686625567,9.0,14.0,0.016016016016,0,1.29291249856,0.57812875998,5,807
660,1,2.79187984061,2.0,3.0,0.016016016016,1,-0.653641361202,-0.247196075785,5,66
661,1,5.56032418956,5.0,6.0,0.016016016016,1,0.0882799648822,0.295484294914,5,450
662,1,-1.42611446042,,1.0,0.016016016016,0,-2.26265748024,0.361857980299,5,15
663,1,-0.0757339757294,,3.0,0.016016016016,0,-1.24721293624,-1.334095167,5,63
664,1,7.12693488793,5.0,8.0,0.015015015015,0,1.02806189553,-0.957250798676,5,497
665,1,5.01946470466,5.0,6.0,0.017017017017,1,0.778242251756,-2.31526205061,5,442
666,1,6.68604330153,5.0,12.0,0.015015015015,0,0.0861753830865,1.42751715227,5,641
667,1,7.79131852412,7.0,9.0,0.016016016016,0,1.0163348663,-0.257686074776,5,547
668,1,-0.594736855942,,0.0,0.016016016016,1,-2.23834457977,1.12029688336,5,5
669,1,6.54608559077,6.0,11.0,0.017017017017,0,0.374033162946,0.423986101935,5,539
670,1,2.98928422817,2.0,3.0,0.016016016016,1,-0.289764497747,-1.14142227858,5,411
671,1,5.93138448862,4.0,7.0,0.017017017017,0,0.714433305268,-1.21191542719,5,489
672,1,4.18544379997,3.0,14.0,0.017017017017,0,-0.395388581653,0.371609544928,5,600
673,1,1.26394142807,1.0,16.0,0.016016016016,0,-1.0171530333,-0.684599472014,5,762
674,1,5.47538944784,4.0,10.0,0.015015015015,0,0.109408593567,0.147163667134,5,671
675,1,5.21688895889,2.0,14.0,0.017017017017,0,0.106473407815,-0.102531264555,5,678
676,1,-0.0954955422162,,1.0,0.016016016016,0,-1.38606568243,-0.937298494931,5,111
677,1,1.24263260221,1.0,2.0,0.015015015015,1,-1.42457161987,0.51634746181,5,464
678,1,4.39824313402,2.0,6.0,0.016016016016,0,-0.297926608505,0.292022959536,5,594
679,1,4.12988510944,3.0,5.0,0.02002002002,0,-1.0225362186,2.19749376524,5,444
680,1,5.83318272165,3.0,6.0,0.015015015015,0,0.232007384194,0.137160569068,5,599
681,1,4.40342837066,2.0,11.0,0.015015015015,0,-0.276125452393,0.231804727839,5,748
682,1,8.34508306224,1.0,11.0,0.017017017017,0,0.896900671414,0.654381048003,5,712
683,1,2.0020860584,2.0,3.0,0.014014014014,1,-0.619977844581,-1.13798040786,5,516
684,1,9.076397372,9.0,13.0,0.016016016016,0,0.771005291775,1.76338149668,5,758
685,1,7.92590677979,6.0,8.0,0.016016016016,0,1.12517133488,-0.449607224863,5,719
686,1,-1.60309910293,,0.0,0.014014014014,1,-1.75084635048,-1.3505600515,5,38
687,1,3.58820434288,1.0,14.0,0.017017017017,0,-0.09338413675,-1.13164324687,5,869
688,1,5.58833599567,5.0,6.0,0.015015015015,1,-0.0511291092036,0.741723323285,5,754
689,1,1.10633993914,1.0,2.0,0.017017017017,1,-0.683953475618,-1.841799634,5,636
690,1,7.77706554606,4.0,8.0,0.014014014014,0,0.770726196038,0.464886957951,5,827
691,1,8.53348069735,7.0,14.0,0.017017017017,0,1.15016870711,0.0829745760232,5,900
692,1,3.22080389968,2.0,5.0,0.015015015015,0,-0.459234140074,-0.401493680096,5,817
693,1,4.06582967557,3.0,5.0,0.016016016016,0,-0.090546043986,-0.662532192472,5,856
694,1,7.65495166811,5.0,9.0,0.017017017017,0,0.786391180754,0.295778125849,5,876
695,1,5.01787144891,0.0,8.0,0.018018018018,0,0.178241173519,-0.516852071648,5,881
696,0,14.3648337623,14.0,,0.014014014014,0,2.64277471973,1.43650960314,5,565
697,1,7.78896913511,6.0,10.0,0.016016016016,0,0.772566464575,0.471269741386,5,908
698,1,2.81911633675,0.0,15.0,0.016016016016,0,-0.361032371555,-1.09778654858,5,999
699,1,9.00932951502,3.0,12.0,0.017017017017,0,1.14774672988,0.566089325367,5,937
700,1,7.84424789258,3.0,13.0,0.016016016016,0,0.180972049669,2.30133174357,5,993
701,1,4.50295386107,2.0,14.0,0.016016016016,0,-0.196625311523,0.0928297956396,5,995
702,1,10.0211938174,7.0,12.0,0.016016016016,0,1.95461460194,-0.842649988476,5,939
703,1,3.56397494985,3.0,7.0,0.015015015015,0,-0.65239194219,0.521150776414,5,890
704,1,4.92495718884,4.0,6.0,0.016016016016,0,-0.0674353881009,0.12726335314,5,868
705,1,8.09511734693,7.0,10.0,0.018018018018,0,1.00327766772,0.0852843437672,5,894
706,1,5.79024565889,5.0,6.0,0.015015015015,1,0.419406813391,-0.467974781285,5,860
707,1,8.37894202566,6.0,10.0,0.014014014014,0,0.732177558959,1.18240934878,5,903
708,1,3.0031585366,2.0,6.0,0.017017017017,0,-0.621682944338,-0.131792630386,5,685
709,1,3.7313072191,2.0,5.0,0.016016016016,0,-0.626984708617,0.612261344955,5,651
710,1,4.23466276468,2.0,7.0,0.018018018018,0,-0.551180089231,0.888203032373,5,681
711,1,4.0514196415,3.0,10.0,0.016016016016,0,-0.11078068974,-0.61623828928,5,848
712,1,13.4762006073,13.0,16.0,0.016016016016,0,2.32727840488,1.4943653927,5,912
713,1,7.25868270476,7.0,14.0,0.019019019019,0,1.61389823161,-2.58301199006,5,694
714,1,6.57102506007,5.0,7.0,0.017017017017,0,0.312969892823,0.632115381599,5,562
715,1,6.65402942938,2.0,9.0,0.015015015015,0,0.653433153256,-0.306270030389,5,573
716,1,0.0231538556156,0.0,2.0,0.016016016016,0,-1.87309427368,0.642436676666,5,487
717,1,8.05330295627,3.0,11.0,0.017017017017,0,0.654206297261,1.09068406449,5,623
718,1,1.81039840449,1.0,6.0,0.015015015015,0,-1.36017407429,0.890920627371,5,495
719,1,6.09961463943,0.0,7.0,0.017017017017,0,0.00358203531257,1.08886853349,5,518
720,1,2.45727958027,2.0,9.0,0.016016016016,0,-0.659555661313,-0.564053435793,5,553
721,1,2.87650087054,1.0,4.0,0.016016016016,0,-0.549848176511,-0.473954599931,5,458
722,1,3.14725557081,3.0,4.0,0.016016016016,1,-0.444992581176,-0.517766685657,5,493
723,1,2.64439630361,1.0,8.0,0.016016016016,0,-0.506257987829,-0.836829732898,5,494
724,1,3.99731267999,3.0,5.0,0.016016016016,0,-0.0825768849152,-0.754956665264,5,436
725,1,-1.33650613408,,1.0,0.014014014014,0,-2.01269078918,-0.298433766537,5,134
726,1,5.75402035364,5.0,16.0,0.016016016016,0,0.319158710122,-0.203455776728,5,796
727,1,4.19279822408,4.0,14.0,0.017017017017,0,0.124234375518,-1.17990490248,5,728
728,1,4.94041787897,4.0,5.0,0.015015015015,1,-0.0771371811102,0.171829422303,5,300
729,1,6.24699919385,3.0,8.0,0.015015015015,0,0.703713338376,-0.864140821281,5,400
730,1,2.13993076969,2.0,5.0,0.016016016016,0,-1.50116366421,1.64342176233,5,264
731,1,5.072812285,0.0,13.0,0.016016016016,0,-0.00235164254362,0.0798672126315,5,559
732,1,0.862489688957,0.0,1.0,0.016016016016,1,-1.58755380596,0.62515110685,5,82
733,1,3.79375571603,1.0,4.0,0.015015015015,0,-0.554678473515,0.457791136579,5,178
734,1,8.51758899331,8.0,9.0,0.015015015015,1,1.38580695097,-0.639831859592,5,438
735,1,10.8486240814,9.0,15.0,0.016016016016,0,1.56851017824,1.1430935467,5,624
736,1,-6.05250264153,,0.0,0.014014014014,1,-3.94924003105,0.795217451624,5,35
737,1,3.17165948891,2.0,5.0,0.016016016016,0,-0.738632232444,0.387556186239,5,223
738,1,11.7954524524,11.0,14.0,0.016016016016,0,2.15350354842,0.334941807145,5,477
739,1,5.96553866916,1.0,6.0,0.017017017017,0,0.160650932383,0.483585872017,5,173
740,1,5.37539471218,,12.0,0.017017017017,0,0.129672513775,-0.0136228291473,5,350
741,1,0.616985795072,0.0,1.0,0.016016016016,1,-1.39612550443,-0.194637691646,5,110
742,1,7.15159966461,6.0,13.0,0.015015015015,0,0.447534657541,0.808995691985,5,401
743,1,1.30255358602,1.0,5.0,0.017017017017,0,-1.40823204938,0.527249734148,5,149
744,1,6.40948560701,4.0,9.0,0.016016016016,0,0.119687192248,1.05042403026,5,193
745,1,7.3079561162,5.0,9.0,0.015015015015,0,1.03018139775,-0.782588077049,5,227
746,1,-0.277585582219,,1.0,0.015015015015,0,-1.50148399983,-0.773133582722,5,21
747,1,5.04784189818,5.0,6.0,0.017017017017,1,-0.129625587063,0.436718659367,5,153
748,1,6.20478887754,2.0,10.0,0.016016016016,0,-0.490555308013,2.67645480158,5,235
749,1,6.61183218443,2.0,11.0,0.016016016016,0,0.140168307841,1.19132726091,5,311
750,1,1.86105676278,,3.0,0.015015015015,0,-1.07300593079,0.0800745551585,5,128
751,1,3.41657929766,,4.0,0.015015015015,0,-0.744517005432,0.650130313954,5,148
752,1,-0.467205315098,,0.0,0.014014014014,1,-1.85089539595,0.0854808727483,5,9
753,1,2.6953521403,,9.0,0.015015015015,0,-0.977462449616,0.627739489144,5,170
754,1,5.88373564,4.0,7.0,0.017017017017,0,-0.0517888541221,1.03910220236,5,151
755,1,4.28905380476,3.0,11.0,0.016016016016,0,-0.499022843416,0.786122335009,5,268
756,1,5.13442520538,4.0,8.0,0.015015015015,0,-0.280833431331,0.976925499369,5,253
757,1,7.67118274026,7.0,15.0,0.015015015015,0,0.493694472069,1.19009932405,5,508
758,1,-0.113285910375,,2.0,0.019019019019,0,-1.32662795214,-1.13340205394,5,93
759,1,5.77905635501,5.0,9.0,0.015015015015,0,0.334802926354,-0.225352424055,5,327
760,1,5.96323187166,1.0,11.0,0.016016016016,0,0.273731941712,0.142036046523,5,357
761,1,2.61782649007,1.0,3.0,0.019019019019,0,-0.776121519549,-0.0538089512831,5,132
762,1,5.67011454404,5.0,7.0,0.017017017017,0,0.0220267892552,0.604034176278,5,258
763,1,3.22574521202,3.0,4.0,0.015015015015,1,-0.633644686393,0.126679271201,5,240
764,1,-0.133898245297,,1.0,0.019019019019,0,-1.54120225656,-0.510291475611,5,105
765,1,5.30458317239,3.0,9.0,0.019019019019,0,0.740248919559,-1.91616358628,5,427
766,1,3.79218649968,0.0,5.0,0.014014014014,0,-0.255447940066,-0.441469680118,5,338
767,1,6.27056788057,3.0,7.0,0.014014014014,0,0.595195645989,-0.515019057402,5,639
768,1,14.4185461026,12.0,15.0,0.015015015015,0,2.95269927801,0.560448268613,5,945
769,1,6.16053881875,6.0,7.0,0.015015015015,1,0.458313325002,-0.214401156251,5,589
770,1,8.49934971408,4.0,12.0,0.014014014014,0,1.72308615817,-1.66990876043,5,909
771,1,5.82047250882,4.0,10.0,0.016016016016,0,0.0996296592389,0.521583531101,5,865
772,1,4.97446885543,3.0,8.0,0.015015015015,0,-0.0267634899793,0.0547593253651,5,700
773,1,7.16280230397,7.0,10.0,0.015015015015,0,1.00337638936,-0.847326864098,5,907
774,1,11.6632493547,11.0,12.0,0.016016016016,1,2.5311694586,-0.930259021063,5,911
775,1,8.1550370421,7.0,9.0,0.017017017017,0,0.812522092729,0.717470763913,5,899
776,1,1.25679678441,1.0,3.0,0.016016016016,0,-0.71435143237,-1.60014891848,5,612
777,1,0.201976554934,0.0,1.0,0.015015015015,1,-1.94539434355,1.03815958559,5,584
778,1,2.95150716202,1.0,4.0,0.016016016016,0,-0.690155786951,0.0219745228743,5,842
779,1,4.88447248035,0.0,13.0,0.019019019019,0,-0.00959010164938,-0.086757214703,5,926
780,1,1.54302253009,1.0,3.0,0.017017017017,0,-0.946202546417,-0.618369830656,5,664
781,1,5.11904134527,4.0,8.0,0.015015015015,0,-0.237385859259,0.831198923045,5,948
782,1,7.6454570499,7.0,15.0,0.018018018018,0,0.491630996861,1.17056405932,5,960
783,1,5.17529234786,5.0,14.0,0.016016016016,0,-0.121245322423,0.539028315131,5,976
784,1,6.53183902168,6.0,9.0,0.016016016016,0,0.579664039033,-0.207153095417,5,952
785,1,6.02055895822,3.0,8.0,0.014014014014,0,0.608775293768,-0.805766923088,5,955
786,1,3.33343059593,1.0,11.0,0.015015015015,0,-0.0357204241039,-1.55940813176,5,958
787,1,5.53665765066,3.0,11.0,0.015015015015,0,0.0839693029486,0.284749741817,5,966
788,1,6.33187232868,3.0,16.0,0.016016016016,0,-0.081365449662,1.57596867767,5,997
789,1,7.45092845636,1.0,9.0,0.017017017017,0,0.832401748126,-0.0462767880192,5,954
790,1,10.2051258195,9.0,15.0,0.016016016016,0,1.67767847888,0.172090382803,5,990
791,1,5.60621214492,2.0,7.0,0.017017017017,0,0.734808438873,-1.5982131717,5,950
792,1,5.52956292111,3.0,9.0,0.016016016016,0,0.0896282733349,0.260678101109,5,953
793,1,4.33330583659,4.0,8.0,0.017017017017,0,-0.264758465342,0.127581232619,5,944
794,1,6.74940409957,4.0,7.0,0.015015015015,0,0.733056840851,-0.449766422979,5,943
795,1,2.68952007417,2.0,16.0,0.018018018018,0,-0.531973041704,-0.714560800722,5,985
796,1,6.499110198,6.0,7.0,0.017017017017,1,0.521267686217,-0.0646928606509,5,922
797,1,6.73455053764,4.0,10.0,0.017017017017,0,0.708975226931,-0.392375143157,5,924
798,1,6.05700623546,3.0,8.0,0.015015015015,0,0.182677924487,0.508972461993,5,918
799,1,2.30327781,1.0,6.0,0.017017017017,0,-0.875676238036,-0.0696934758868,5,828
800,1,4.4248267892,3.0,10.0,0.018018018018,0,0.224435728273,-1.24848039562,5,887
801,1,1.38657593906,1.0,2.0,0.015015015015,1,-1.34996015861,0.436456414897,5,683
802,1,2.46347665383,0.0,3.0,0.015015015015,0,-1.03463511372,0.567381994991,5,695
803,1,5.96423992976,5.0,8.0,0.015015015015,0,0.0720631932784,0.748050349923,5,824
804,1,5.60280104714,1.0,10.0,0.016016016016,0,0.116706343128,0.252682017754,5,882
805,1,5.62593079609,2.0,7.0,0.017017017017,0,0.0285449636044,0.540295905273,5,803
806,1,8.51913260619,8.0,15.0,0.017017017017,0,1.15858273185,0.0433844106318,5,906
807,1,1.41143143558,1.0,9.0,0.016016016016,0,-1.5953281814,1.19741597977,5,806
808,1,4.5075640399,2.0,5.0,0.017017017017,0,0.174540842696,-1.01605848818,5,652
809,1,3.77663323717,0.0,4.0,0.016016016016,0,-0.615874385183,0.624256392716,5,556
810,1,7.65311327831,7.0,8.0,0.015015015015,1,0.488901077717,1.18641004516,5,747
811,1,4.80857615505,2.0,11.0,0.016016016016,0,0.17526860712,-0.717229666308,5,804
812,1,10.0229094612,8.0,15.0,0.016016016016,0,1.63766571254,0.109912323553,5,915
813,1,4.25359623952,0.0,5.0,0.014014014014,0,-0.424204448345,0.526209584557,5,496
814,1,8.5883312143,7.0,9.0,0.017017017017,0,0.878838414627,0.951815970416,5,661
815,1,4.98693315655,1.0,8.0,0.015015015015,0,0.315171608284,-0.958581668301,5,615
816,1,1.46625601558,0.0,4.0,0.015015015015,0,-0.764241729248,-1.24101879668,5,358
817,1,5.99983617916,0.0,14.0,0.015015015015,0,-0.060849385474,1.18238433559,5,786
818,1,1.20222634117,1.0,8.0,0.014014014014,0,-1.05455795069,-0.634099806757,5,483
819,1,8.72092505181,6.0,9.0,0.017017017017,0,0.957166080452,0.849426810457,5,386
820,1,4.42207842646,1.0,8.0,0.017017017017,0,-0.20977521076,0.0514040587435,5,364
821,1,3.14702853214,2.0,5.0,0.017017017017,0,-0.89213873157,0.823444726855,5,346
822,1,2.54278743641,1.0,4.0,0.015015015015,0,-0.907780624737,0.266129310623,5,320
823,1,1.97544989968,1.0,2.0,0.016016016016,1,-0.763222469687,-0.734882691256,5,270
824,1,4.79726178468,2.0,8.0,0.017017017017,0,-0.0760244672862,0.025335186542,5,345
825,1,7.12189175997,2.0,13.0,0.016016016016,0,0.893196185788,-0.557696797395,5,492
826,1,5.65527549061,,6.0,0.018018018018,0,0.0639501163416,0.463425141586,5,298
827,1,1.49187918483,1.0,2.0,0.015015015015,1,-1.06533324413,-0.312121082787,5,211
828,1,11.1375094171,6.0,14.0,0.016016016016,0,1.76887916651,0.830871917579,5,382
829,1,4.53924829834,3.0,5.0,0.014014014014,0,0.0803124561513,-0.701689070116,5,316
830,1,4.33506143613,4.0,9.0,0.016016016016,0,0.0258098123753,-0.742368000997,5,356
831,1,-4.07637998929,,2.0,0.016016016016,0,-3.00125500927,-0.0726149614763,5,67
832,1,-0.403774164785,,0.0,0.016016016016,1,-1.45839733197,-1.02858216886,5,10
833,1,4.11716093304,4.0,5.0,0.015015015015,1,0.222341676993,-1.54986409794,5,302
834,1,7.02136666611,4.0,12.0,0.018018018018,0,0.598648318284,0.225421711254,5,466
835,1,5.45353045772,4.0,13.0,0.015015015015,0,0.383799945424,-0.697869378551,5,509
836,1,7.38202612485,5.0,13.0,0.013013013013,0,0.584726628269,0.627846240049,5,570
837,1,4.80873248524,3.0,10.0,0.016016016016,0,0.0708589827879,-0.403844463128,5,434
838,1,7.96356414916,7.0,9.0,0.017017017017,0,1.1026679112,-0.344439584438,5,398
839,1,-1.473794334,,1.0,0.018018018018,0,-1.41300916982,-2.23476682454,5,25
840,1,4.27929879769,3.0,8.0,0.015015015015,0,-0.422398673616,0.546494818544,5,451
841,1,10.4857586238,2.0,15.0,0.016016016016,0,1.09088247901,2.21311118677,5,531
842,1,3.6809872926,,4.0,0.017017017017,0,0.129771319657,-1.70832666637,5,280
843,1,5.13788499047,4.0,6.0,0.016016016016,0,0.174358302123,-0.385189915901,5,353
844,1,8.19695347453,7.0,13.0,0.017017017017,0,1.10765047177,-0.125997940777,5,468
845,1,0.466744591093,,3.0,0.016016016016,0,-1.85428215437,1.0295910542,5,192
846,1,11.2217024928,11.0,13.0,0.017017017017,0,1.75918978725,0.944133131017,5,453
847,1,7.73411689802,4.0,9.0,0.015015015015,0,1.03133548745,-0.359889564343,5,449
848,1,8.03224430621,8.0,9.0,0.015015015015,1,0.573881516539,1.3105997566,5,419
849,1,6.78014121593,6.0,8.0,0.016016016016,0,0.607532220382,-0.0424554452123,5,299
850,1,3.16987791559,3.0,5.0,0.017017017017,0,-0.42554061506,-0.553500239226,5,195
851,1,3.0455855978,2.0,16.0,0.016016016016,0,-1.23323338704,1.74528575892,5,550
852,1,-0.506828641137,,0.0,0.016016016016,1,-2.06759167276,0.695946377153,5,32
853,1,-0.716771026541,,0.0,0.014014014014,1,-1.71243788501,-0.5794573715,5,54
854,1,5.6132367002,,6.0,0.017017017017,0,0.137364987974,0.201141736275,5,191
855,1,5.63286923858,2.0,9.0,0.016016016016,0,0.57326040896,-1.0869119883,5,215
856,1,4.76153421185,,15.0,0.016016016016,0,-0.235706911485,0.468654946301,5,445
857,1,11.8887899178,2.0,12.0,0.018018018018,0,2.08218355438,0.642239254626,5,291
858,1,1.8056188152,0.0,2.0,0.015015015015,0,-1.66451585046,1.79916636659,5,80
859,1,2.50518486107,,4.0,0.017017017017,0,-1.05022205734,0.655851033086,5,116
860,1,1.43202299173,1.0,3.0,0.016016016016,0,-1.4960663678,0.920222095122,5,109
861,1,2.98429633535,0.0,4.0,0.015015015015,0,-0.478684367549,-0.579650561999,5,154
862,1,3.67563646909,1.0,8.0,0.016016016016,0,-0.630851106571,0.568189788804,5,263
863,1,1.67239374152,1.0,2.0,0.016016016016,1,-1.20854594305,0.298031570681,5,137
864,1,3.39090153109,0.0,6.0,0.016016016016,0,-0.280623006811,-0.767229448476,5,218
865,1,3.25416481374,0.0,6.0,0.014014014014,0,-0.500570186895,-0.244124625578,5,273
866,1,5.89909200276,1.0,8.0,0.014014014014,0,0.660057209839,-1.08107962675,5,333
867,1,9.56230933308,4.0,10.0,0.014014014014,0,1.67412434708,-0.460063708164,5,392
868,1,0.620914241548,,3.0,0.015015015015,0,-0.994190831603,-1.39651326364,5,190
869,1,5.06293201217,2.0,6.0,0.017017017017,0,-0.178831290736,0.599425884384,5,318
870,1,6.74480058691,3.0,8.0,0.016016016016,0,0.447740440723,0.401579264745,5,381
871,1,3.86333065251,0.0,4.0,0.016016016016,0,-0.407040398199,0.0844518471122,5,294
872,1,7.61253105737,2.0,9.0,0.016016016016,0,0.534491775606,1.00905573055,5,473
873,1,5.48158345297,5.0,7.0,0.017017017017,0,-0.0993318357976,0.779578960365,5,456
874,1,5.56887276484,5.0,7.0,0.015015015015,0,-0.516691374382,2.11894688798,5,500
875,1,6.62869868036,2.0,7.0,0.016016016016,0,0.120760476321,1.26641725139,5,504
876,1,6.3428444202,5.0,10.0,0.017017017017,0,0.0773028278462,1.11093593666,5,569
877,1,2.62782402574,0.0,14.0,0.016016016016,0,-1.18559928464,1.18462187967,5,654
878,1,5.92668043285,0.0,9.0,0.016016016016,0,0.351154816045,-0.126784015288,5,595
879,1,3.8357591021,3.0,7.0,0.016016016016,0,0.0219047075946,-1.22995502068,5,575
880,1,7.07773373431,5.0,8.0,0.016016016016,0,0.637587527431,0.164971152016,5,632
881,1,6.52636088734,0.0,7.0,0.016016016016,0,0.576654796262,-0.203603501449,5,608
882,1,2.32510507367,2.0,14.0,0.019019019019,0,-0.691300436883,-0.600993615682,5,697
883,1,10.0495823526,2.0,12.0,0.015015015015,0,1.66233288667,0.0625836925819,5,779
884,1,5.96264470226,2.0,8.0,0.016016016016,0,0.376927561262,-0.168137981524,5,645
885,1,0.887142833581,0.0,3.0,0.015015015015,0,-1.20815515487,-0.488391701796,5,488
886,1,8.03602789898,2.0,16.0,0.016016016016,0,1.26644302506,-0.763301176191,5,830
887,1,6.49907456311,2.0,16.0,0.017017017017,0,0.565722072515,-0.19809165443,5,814
888,1,6.09792548594,6.0,13.0,0.016016016016,0,0.192545194421,0.520289902678,5,800
889,1,8.13678323558,2.0,9.0,0.015015015015,0,1.13596219843,-0.271103359712,5,725
890,1,2.57751648298,1.0,3.0,0.017017017017,0,-0.621579974489,-0.557743593547,5,367
891,1,2.65962925219,2.0,9.0,0.014014014014,0,-0.882100670058,0.305931262359,5,660
892,1,3.54881121574,3.0,5.0,0.021021021021,0,-0.45111211454,-0.0978524406422,5,435
893,1,4.03929957516,4.0,8.0,0.017017017017,0,0.163803516211,-1.45211097347,5,467
894,1,3.61211771719,2.0,4.0,0.015015015015,0,-0.216123414241,-0.739512040087,5,289
895,1,7.29247718885,7.0,15.0,0.017017017017,0,0.233467431655,1.59207489389,5,794
896,1,10.1533278395,8.0,13.0,0.015015015015,0,2.13178866539,-1.24203815662,5,750
897,1,0.99216146763,0.0,2.0,0.018018018018,0,-1.42820544943,0.27677781593,5,44
898,1,-2.10977132257,,0.0,0.014014014014,1,-2.4882283127,0.354913615525,5,11
899,1,12.4363191559,11.0,13.0,0.015015015015,0,2.35602148363,0.36825470504,5,514
900,1,4.6240065603,,6.0,0.015015015015,0,0.26083279083,-1.15849181219,5,86
901,1,4.21768634989,3.0,9.0,0.017017017017,0,-0.459246687135,0.595426411297,5,213
902,1,7.7147651268,2.0,8.0,0.016016016016,0,0.401310841742,1.51083260157,5,119
903,1,3.68322719397,,9.0,0.016016016016,0,0.0701009009911,-1.52707550901,5,112
904,1,3.59124302567,1.0,4.0,0.015015015015,0,-0.665667496286,0.588245514533,5,64
905,1,0.58791756611,,1.0,0.016016016016,0,-1.51565786823,0.134891170786,5,24
906,1,4.92678107989,4.0,5.0,0.016016016016,1,-0.421838813089,1.19229751916,5,73
907,1,5.78439075507,2.0,6.0,0.015015015015,0,0.582388860083,-0.962775825174,5,83
908,1,3.37878968121,1.0,10.0,0.014014014014,0,-0.422476058891,-0.353782142117,5,174
909,1,8.50285316457,2.0,12.0,0.014014014014,0,0.948410246578,0.657622424833,5,322
910,1,1.55104055736,,2.0,0.016016016016,0,-0.661707393428,-1.46383726235,5,57
911,1,9.55789515171,9.0,10.0,0.017017017017,1,1.26444665464,0.7645551878,5,171
912,1,-2.04014166261,,1.0,0.016016016016,0,-2.5637579435,0.651132167904,5,33
913,1,3.60052784985,0.0,4.0,0.016016016016,0,0.214300844236,-2.04237468286,5,85
914,1,2.51688133632,1.0,5.0,0.015015015015,0,-1.39614321889,1.705310993,5,100
915,1,11.3923002329,8.0,12.0,0.014014014014,0,1.6783697419,1.35719100722,5,541
916,1,4.65396473429,1.0,8.0,0.016016016016,0,0.10808051271,-0.670276803836,5,244
917,1,4.67691234448,2.0,14.0,0.015015015015,0,-0.0232201675584,-0.253427152846,5,465
918,1,6.51663007692,6.0,7.0,0.016016016016,1,0.868617148946,-1.08922136992,5,226
919,1,0.997270955243,,4.0,0.016016016016,0,-1.49082269662,0.4697390451,5,123
920,1,9.16224028943,7.0,11.0,0.016016016016,0,1.28144407392,0.317908067664,5,379
921,1,7.08734733032,7.0,8.0,0.017017017017,1,0.184695274604,1.53326150651,5,340
922,1,6.5691016516,3.0,7.0,0.017017017017,0,0.744822959661,-0.665367227386,5,310
923,1,5.50380468077,5.0,8.0,0.014014014014,0,-0.609996795725,2.33379506795,5,374
924,1,4.70598438842,2.0,7.0,0.015015015015,0,-0.300461895754,0.607370075684,5,373
925,1,2.81838487682,2.0,3.0,0.016016016016,1,-0.571873207287,-0.465995501321,5,197
926,1,6.11164196636,2.0,10.0,0.015015015015,0,0.637735667829,-0.801565037131,5,549
927,1,-1.28055024423,,0.0,0.014014014014,1,-1.64143815161,-1.3562357894,5,12
928,1,3.86214515424,1.0,7.0,0.016016016016,0,0.0429773602586,-1.26678692653,5,406
929,1,6.10419819036,3.0,8.0,0.016016016016,0,0.536040096063,-0.503922097826,5,365
930,1,8.24123266782,7.0,14.0,0.018018018018,0,1.15594344274,-0.22659766039,5,566
931,1,7.3049485477,7.0,9.0,0.015015015015,0,0.459230791656,0.927256172731,5,558
932,1,8.79073050335,,13.0,0.016016016016,0,0.695592516003,1.70395295534,5,618
933,1,3.14323263933,1.0,6.0,0.015015015015,0,-0.256860437871,-1.08618604705,5,544
934,1,1.75905524158,1.0,8.0,0.015015015015,0,-1.38278650588,0.907414759211,5,574
935,1,3.6125469844,2.0,5.0,0.013013013013,0,-0.457981995898,-0.0135070279079,5,430
936,1,2.83766067847,1.0,10.0,0.016016016016,0,-0.792678241246,0.21569540221,5,607
937,1,0.202880946263,0.0,2.0,0.016016016016,0,-1.83109515279,0.69616640462,5,370
938,1,4.96500635473,1.0,10.0,0.016016016016,0,-0.247860698968,0.708588451636,5,662
939,1,6.25593396569,3.0,17.0,0.017017017017,0,0.777349252643,-1.07611379224,5,891
940,1,3.46756177706,1.0,10.0,0.017017017017,0,-1.18772705861,2.03074295289,5,670
941,1,6.69476833835,6.0,12.0,0.015015015015,0,0.848532250645,-0.850828413582,5,833
942,1,5.61590470698,3.0,6.0,0.017017017017,0,-0.13775197048,1.02916061842,5,583
943,1,1.15891346966,0.0,3.0,0.017017017017,0,-1.13386220395,-0.439499918492,5,484
944,1,6.35198568043,5.0,9.0,0.015015015015,0,0.00300428156302,1.34297283574,5,729
945,1,5.17350950897,0.0,7.0,0.017017017017,0,0.0114449051699,0.139174793461,5,687
946,1,5.41680456718,3.0,8.0,0.016016016016,0,0.143958986596,-0.0150723926104,5,761
947,1,5.79402782901,1.0,12.0,0.016016016016,0,-0.404775214447,2.00835347235,5,837
948,1,1.97591821436,1.0,6.0,0.016016016016,0,-1.08950016824,0.244418719094,5,711
949,1,5.62284390551,2.0,13.0,0.014014014014,0,0.249321282767,-0.125119942796,5,925
950,1,1.55776213235,1.0,2.0,0.014014014014,1,-0.524681676025,-1.86819283958,5,536
951,1,4.25220122441,4.0,9.0,0.016016016016,0,-0.545449032258,0.888548321183,5,766
952,1,10.7883182983,3.0,12.0,0.016016016016,0,1.85135375572,0.23425703112,5,841
953,1,3.37099259969,3.0,4.0,0.015015015015,1,-0.590409357074,0.142220670918,5,696
954,1,5.75497305804,4.0,15.0,0.016016016016,0,0.217491016125,0.102500009666,5,964
955,1,4.2320790455,4.0,6.0,0.017017017017,0,-0.806725953843,1.65225690703,5,778
956,1,3.31743205514,3.0,6.0,0.016016016016,0,-0.297483005411,-0.790118928625,5,816
957,1,4.69783428476,2.0,10.0,0.016016016016,0,-0.748463094326,1.94322356774,5,858
958,1,-1.27034997905,,0.0,0.016016016016,1,-2.51401550447,1.27169653437,5,37
959,1,6.2047047415,4.0,12.0,0.018018018018,0,0.00247461672713,1.19728089132,5,938
960,1,4.52423882419,4.0,5.0,0.017017017017,1,0.371956218582,-1.59162983155,5,823
961,1,5.00103752433,3.0,9.0,0.016016016016,0,-0.667700918354,2.00414027939,5,940
962,1,7.884049027,7.0,16.0,0.016016016016,0,0.423323593461,1.61407824662,5,996
963,1,7.71150526915,7.0,9.0,0.015015015015,0,0.410334280812,1.48050242671,5,957
964,1,2.2570936447,1.0,3.0,0.016016016016,0,-0.3474541062,-1.7005440367,5,844
965,1,6.97089235907,4.0,11.0,0.017017017017,0,0.300852914926,1.06833361429,5,963
966,1,7.16720455844,4.0,15.0,0.016016016016,0,1.10536131003,-1.14887937166,5,987
967,1,3.30633432807,1.0,11.0,0.013013013013,0,-0.106732106517,-1.37346935238,5,974
968,1,7.99675003268,7.0,9.0,0.019019019019,0,0.403195040385,1.78716491153,5,880
969,1,4.65569981531,4.0,12.0,0.016016016016,0,0.257316965527,-1.11625108127,5,972
970,1,7.95361210711,5.0,8.0,0.017017017017,0,0.740303291005,0.732702234097,5,893
971,1,8.14734526332,8.0,11.0,0.016016016016,0,0.806606761592,0.727524978542,5,970
972,1,7.64804657371,6.0,16.0,0.017017017017,0,0.810930268003,0.2152557697,5,982
973,1,9.35445192088,9.0,10.0,0.015015015015,1,1.31114558416,0.421015168394,5,969
974,1,4.34271087807,2.0,8.0,0.016016016016,0,-0.0779790484261,-0.423351976649,5,928
975,1,1.75271107369,0.0,2.0,0.015015015015,0,-0.758320932852,-0.972326127751,5,730
976,1,-1.78634501437,,0.0,0.015015015015,1,-2.14128677239,-0.36248469721,5,341
977,1,5.21459255173,1.0,7.0,0.018018018018,0,0.265491257758,-0.581881221543,5,861
978,1,4.63931393822,1.0,5.0,0.017017017017,0,-0.0663186030622,-0.161730252592,5,526
979,1,8.44170212853,6.0,9.0,0.013013013013,0,0.230989651905,2.74873317282,5,934
980,1,5.37239626519,5.0,6.0,0.016016016016,1,-0.338034602633,1.38650007309,5,871
981,1,3.83575899362,3.0,4.0,0.017017017017,1,-0.353238744456,-0.104524773016,5,785
982,1,10.4856060576,8.0,16.0,0.017017017017,0,1.58058109771,0.743862764479,5,989
983,1,6.95597909363,5.0,9.0,0.016016016016,0,0.311764591477,1.0206853192,5,879
984,1,6.70199209343,4.0,12.0,0.015015015015,0,0.143390615476,1.271820247,5,919
985,1,3.75790546078,3.0,16.0,0.016016016016,0,0.0608107765711,-1.42452686893,5,991
986,1,6.47595339742,6.0,12.0,0.018018018018,0,0.314763319513,0.531663438884,5,914
987,1,4.542058462,1.0,12.0,0.014014014014,0,-0.0694278270867,-0.249658056736,5,917
988,1,8.56101414675,2.0,11.0,0.016016016016,0,0.640542042949,1.63938801791,5,897
989,1,1.29261637734,1.0,2.0,0.015015015015,1,-0.833343068888,-1.20735441599,5,813
990,1,4.63061216283,1.0,7.0,0.017017017017,0,-0.36866763371,0.736615063961,5,874
991,1,3.26305148195,3.0,6.0,0.018018018018,0,-0.532486219921,-0.139489858285,5,857
992,1,5.19298269545,5.0,10.0,0.016016016016,0,-0.267694231141,0.996065388872,5,885
993,1,5.39071538961,4.0,6.0,0.016016016016,0,-0.386636830626,1.55062588148,5,847
994,1,7.64247065938,6.0,13.0,0.016016016016,0,0.468777877671,1.23613702636,5,892
995,1,0.289320352106,,2.0,0.018018018018,0,-1.14043720346,-1.28936803752,5,232
996,1,10.5580880317,2.0,11.0,0.017017017017,0,1.377982001,1.42414202867,5,863
997,1,6.76863075816,5.0,16.0,0.018018018018,0,0.497271082917,0.276817509407,5,883
998,1,5.33183856581,3.0,12.0,0.015015015015,0,0.440792891909,-0.990540109922,5,864
999,1,4.9314691307,3.0,5.0,0.016016016016,0,0.377081004929,-1.19977388409,5,792
