name,activated,threshold,before_activation_alters,after_activation_alters,degree,observed,var1,epsilon,constant,activation_order
0,1,1.81725031579,,24.0,0.103103103103,0,-0.869285142088,-0.574894257941,5,147
1,1,3.95257295267,0.0,4.0,0.0560560560561,0,-0.517344324595,0.50460592646,5,58
2,1,8.12904239513,5.0,19.0,0.045045045045,0,0.851693225844,0.573962717593,5,309
3,1,4.21918945446,2.0,11.0,0.0810810810811,0,-0.260476416518,0.000618704011055,5,59
4,1,-0.326685575766,,0.0,0.113113113113,1,-1.72566532849,-0.149689590293,5,10
5,1,5.41028995554,,14.0,0.0870870870871,0,0.402456004662,-0.797078058446,5,100
6,1,3.92042347368,,11.0,0.116116116116,0,-0.377446659304,0.0527634515946,5,57
7,1,3.33944002606,3.0,4.0,0.107107107107,1,-0.328644753892,-0.674625712269,5,25
8,1,6.01560988997,,7.0,0.142142142142,0,0.425138317973,-0.259805063946,5,46
9,1,2.4040965286,1.0,19.0,0.0850850850851,0,-1.35142678706,1.45837688977,5,127
10,1,8.5872336139,,48.0,0.109109109109,0,1.28239329503,-0.259946271194,5,289
11,1,6.6680185397,2.0,16.0,0.0880880880881,0,0.513770875516,0.126705913153,5,107
12,1,5.26174295003,2.0,11.0,0.0600600600601,0,0.0742157437595,0.0390957187508,5,76
13,1,3.78574759789,,9.0,0.0660660660661,0,-0.481310703865,0.229679709486,5,67
14,1,4.1087898573,0.0,14.0,0.048048048048,0,-0.514559400069,0.652468057509,5,198
15,1,3.87544504684,0.0,4.0,0.0530530530531,0,-0.304650275204,-0.210604127542,5,38
16,1,8.18707254227,7.0,14.0,0.0790790790791,0,1.10093478166,-0.115731802706,5,117
17,1,7.16015963114,7.0,14.0,0.0670670670671,0,0.813217646129,-0.27949330725,5,123
18,1,2.14518638008,,5.0,0.035035035035,0,-0.935791523075,-0.047439050699,5,53
19,1,13.5519523077,6.0,17.0,0.04004004004,0,2.80761087041,0.129119696503,5,347
20,1,2.40691247192,1.0,6.0,0.038038038038,0,-0.847357360379,-0.0510154469452,5,103
21,1,2.43716261206,,4.0,0.037037037037,0,-0.854497854789,0.000656176428591,5,42
22,1,3.73829809443,,6.0,0.035035035035,0,-0.221705305335,-0.596585989562,5,94
23,1,4.55223954473,,5.0,0.042042042042,0,-0.12312583735,-0.0783829432188,5,75
24,1,6.66825316509,,8.0,0.021021021021,0,0.654290877554,-0.294619467574,5,297
25,1,1.95707279726,,10.0,0.0620620620621,0,-1.00361026514,-0.032096407312,5,124
26,1,5.60158513894,5.0,29.0,0.038038038038,0,0.238801373654,-0.114818982026,5,681
27,1,9.19259516323,8.0,13.0,0.038038038038,0,1.3414299341,0.16830536094,5,174
28,1,6.76784702086,,7.0,0.029029029029,0,0.808302595442,-0.657060765468,5,234
29,1,5.56364422609,4.0,9.0,0.00900900900901,0,0.174048352172,0.0414991695777,5,531
30,1,6.561318197,3.0,10.0,0.014014014014,0,0.654792964805,-0.403060697411,5,543
31,1,5.67548596101,1.0,10.0,0.021021021021,0,0.166163508895,0.176995434322,5,200
32,1,2.3232214606,0.0,5.0,0.034034034034,0,-0.989166300913,0.290720363334,5,87
33,1,9.41972727011,,11.0,0.028028028028,0,1.24001072502,0.69969509505,5,430
34,1,2.03670180963,0.0,4.0,0.041041041041,0,-0.959668981537,-0.0842912457565,5,93
35,1,9.29371543898,,23.0,0.0630630630631,0,1.27427845802,0.470880064916,5,276
36,1,7.85983671957,5.0,24.0,0.0650650650651,0,0.936003122303,0.0518273526591,5,376
37,1,9.66341202526,6.0,10.0,0.03003003003,0,1.60752498951,-0.159162943269,5,249
38,1,3.01912676032,1.0,6.0,0.014014014014,0,-0.546236681393,-0.342163195499,5,167
39,1,2.68449541188,,10.0,0.038038038038,0,-0.79145616488,0.0588639065221,5,172
40,1,8.63954362009,3.0,12.0,0.037037037037,0,0.962349744962,0.752494385204,5,218
41,1,10.0848201658,5.0,41.0,0.0680680680681,0,1.53827391171,0.469998430644,5,579
42,1,0.356521258928,,6.0,0.034034034034,0,-1.64360048777,0.287322722233,5,126
43,1,5.33288226739,4.0,10.0,0.044044044044,0,-0.234714679181,1.03702630494,5,176
44,1,0.422553253458,0.0,1.0,0.031031031031,1,-1.46376167793,-0.18616171276,5,51
45,1,8.07409975266,7.0,12.0,0.034034034034,0,1.01895370331,0.0172386427277,5,429
46,1,3.1702720021,,11.0,0.033033033033,0,-0.474851777245,-0.405172666167,5,228
47,1,0.917421441976,,3.0,0.0630630630631,0,-1.39870889295,0.113548120831,5,40
48,1,6.28603306064,4.0,11.0,0.018018018018,0,0.514909405279,-0.258695155195,5,477
49,1,8.61267931111,1.0,9.0,0.021021021021,0,1.21418949591,-0.0298891766033,5,227
50,1,3.05883927727,0.0,4.0,0.022022022022,0,-0.445536932417,-0.604549925482,5,160
51,1,3.73538379228,,4.0,0.02002002002,0,-0.818882847779,1.19203233562,5,97
52,1,6.55232460367,4.0,9.0,0.02002002002,0,0.286052647071,0.694166662459,5,284
53,1,3.71738230949,,4.0,0.03003003003,0,-0.840008621439,1.2374081738,5,88
54,1,4.05340293295,4.0,12.0,0.022022022022,0,-0.272111047529,-0.130263924468,5,313
55,1,1.57525138033,0.0,8.0,0.028028028028,0,-1.05420614713,-0.262130178287,5,159
56,1,-0.939074831543,,0.0,0.025025025025,1,-1.75603585264,-0.670967273609,5,14
57,1,0.926007771493,,1.0,0.027027027027,0,-1.65094423058,0.878840463225,5,8
58,1,4.46369608632,0.0,5.0,0.03003003003,0,-0.130664193622,-0.144311332812,5,193
59,1,8.94067851143,,9.0,0.03003003003,0,1.26504959533,0.145529725441,5,190
60,1,-2.28843234796,,0.0,0.017017017017,1,-2.78471567594,1.06571467986,5,24
61,1,6.11659427045,6.0,11.0,0.014014014014,0,0.249632117576,0.367697917723,5,525
62,1,10.6592031663,10.0,11.0,0.014014014014,1,1.56881065647,0.952771196888,5,632
63,1,3.99442584424,1.0,5.0,0.02002002002,0,-0.268292207492,-0.200697533284,5,222
64,1,2.83721120277,,4.0,0.029029029029,0,-0.834627949933,0.341095052566,5,137
65,1,4.80016904228,0.0,8.0,0.026026026026,0,0.0500867535352,-0.350091218327,5,224
66,1,0.762113919073,,1.0,0.036036036036,0,-1.21492600109,-0.59310807766,5,72
67,1,7.35692202704,7.0,8.0,0.033033033033,1,1.06242863313,-0.830363872345,5,111
68,1,0.800302035398,,2.0,0.029029029029,0,-1.41735043574,0.0523533426109,5,43
69,1,1.81626378557,,2.0,0.025025025025,0,-1.12545968875,0.192642851808,5,44
70,1,4.38928510312,,7.0,0.037037037037,0,-0.0559893838422,-0.44274674535,5,177
71,1,10.2898088682,9.0,14.0,0.027027027027,0,1.76055211003,0.00815253813916,5,536
72,1,8.36794760099,,13.0,0.028028028028,0,0.884514776633,0.714403271093,5,367
73,1,3.08912407859,1.0,14.0,0.018018018018,0,-0.586970522945,-0.149964352572,5,598
74,1,5.52944765339,5.0,6.0,0.021021021021,1,0.0130653059712,0.490251735476,5,90
75,1,6.8226026531,2.0,14.0,0.022022022022,0,0.723359302498,-0.34747525439,5,467
76,1,2.64991682077,1.0,5.0,0.03003003003,0,-0.850157438372,0.200389135881,5,142
77,1,8.75031915121,6.0,11.0,0.027027027027,0,1.26794261757,-0.0535087015097,5,446
78,1,2.49434678412,2.0,8.0,0.014014014014,0,-0.757851630153,-0.232098325417,5,254
79,1,4.52050091849,4.0,7.0,0.037037037037,0,-0.151377295278,-0.0253671956723,5,286
80,1,4.28376558624,,5.0,0.018018018018,0,-0.282603497329,0.131576078221,5,184
81,1,7.88319614108,,14.0,0.03003003003,0,0.957702140123,0.0100897207117,5,361
82,1,5.43068124457,3.0,6.0,0.015015015015,0,-0.0406711350295,0.552694649655,5,336
83,1,0.750345447281,0.0,1.0,0.022022022022,1,-1.5137629396,0.291634266088,5,41
84,1,6.76393682016,5.0,7.0,0.019019019019,0,0.80158206835,-0.640809384891,5,488
85,1,4.27521118916,3.0,5.0,0.013013013013,0,-0.261515490313,0.0597576601016,5,229
86,1,5.47448264471,5.0,6.0,0.022022022022,1,0.0909690147776,0.201575600374,5,204
87,1,2.54508544073,1.0,7.0,0.018018018018,0,-0.510921101823,-0.9221512538,5,185
88,1,5.49379052032,4.0,10.0,0.03003003003,0,0.10595693803,0.175919706225,5,253
89,1,3.06981755469,,10.0,0.024024024024,0,-0.59986598204,-0.13058449919,5,261
90,1,4.3491885144,3.0,9.0,0.021021021021,0,-0.0422374356795,-0.524099178566,5,340
91,1,12.1129239253,1.0,13.0,0.017017017017,0,2.36372654821,0.021744280629,5,601
92,1,7.64424652569,5.0,8.0,0.01001001001,0,1.01691475164,-0.406497729241,5,563
93,1,9.3926714365,8.0,10.0,0.011011011011,0,1.49664919585,-0.097276151054,5,679
94,1,6.69190105715,2.0,11.0,0.019019019019,0,0.224234021955,1.01919899128,5,404
95,1,1.19938322303,,3.0,0.015015015015,0,-1.15842341654,-0.325346527352,5,86
96,1,-0.319697574411,,0.0,0.034034034034,1,-1.6885147602,-0.254153293806,5,3
97,1,5.32577934921,4.0,7.0,0.024024024024,0,-0.0568450580428,0.496314523336,5,212
98,1,4.69771316515,0.0,6.0,0.014014014014,0,-0.138387800268,0.112876565955,5,178
99,1,9.80736030563,8.0,10.0,0.018018018018,0,1.36077668278,0.725030257289,5,504
100,1,4.08600678989,0.0,7.0,0.022022022022,0,-0.416578844739,0.335743324104,5,274
101,1,0.013383633697,,4.0,0.022022022022,0,-1.947068651,0.854589586694,5,233
102,1,-0.903066262019,,0.0,0.032032032032,1,-1.8955032513,-0.216556508133,5,20
103,1,4.38039046516,3.0,7.0,0.018018018018,0,-0.151528966289,-0.165022635972,5,280
104,1,3.12500608608,3.0,8.0,0.016016016016,0,-0.510609727035,-0.343164732812,5,153
105,1,1.20027147329,,3.0,0.018018018018,0,-0.877145464164,-1.16829213422,5,54
106,1,2.37578566749,0.0,4.0,0.015015015015,0,-0.664683440033,-0.630164012411,5,106
107,1,4.43196150325,4.0,7.0,0.023023023023,0,-0.215550364257,0.0786125960205,5,202
108,1,2.91179746485,,12.0,0.018018018018,0,-0.701888361099,0.0174625481461,5,441
109,1,7.1775634289,1.0,8.0,0.029029029029,0,0.781703621565,-0.1675474358,5,422
110,1,2.14144079501,,3.0,0.011011011011,0,-0.875549513967,-0.231910663086,5,56
111,1,5.3520696773,5.0,10.0,0.025025025025,0,0.0520613132072,0.195885737678,5,209
112,1,4.73176760002,4.0,15.0,0.028028028028,0,-0.332411423033,0.72900186912,5,431
113,1,0.53009270591,0.0,4.0,0.025025025025,0,-1.42018353237,-0.209356696972,5,89
114,1,7.16273374234,1.0,10.0,0.017017017017,0,0.465467324729,0.766331768152,5,534
115,1,1.96838709433,,4.0,0.01001001001,0,-0.807349931464,-0.609563111283,5,61
116,1,8.56187860615,4.0,10.0,0.015015015015,0,1.19873075805,-0.0343136680034,5,578
117,1,2.92649944572,1.0,5.0,0.013013013013,0,-0.837776162708,0.439827933846,5,207
118,1,6.15261334679,,10.0,0.018018018018,0,0.124485909519,0.779155618234,5,331
119,1,3.71481192698,3.0,5.0,0.013013013013,0,-0.560518912197,0.39636866357,5,77
120,1,1.15653539979,,3.0,0.021021021021,0,-1.18797103669,-0.279551490132,5,71
121,1,5.16195683848,4.0,10.0,0.017017017017,0,-0.11524953864,0.507705454402,5,597
122,1,9.14335538901,3.0,10.0,0.018018018018,0,1.35319487407,0.0837707667837,5,335
123,1,5.51897353629,2.0,6.0,0.014014014014,0,0.12446048827,0.145592071482,5,133
124,1,6.08035164386,5.0,8.0,0.017017017017,0,0.286690309284,0.220280716009,5,439
125,0,8.11327099988,6.0,,0.00600600600601,0,1.08192113633,-0.132492409109,5,426
126,1,4.97385195729,1.0,5.0,0.013013013013,0,-0.226405453883,0.653068318934,5,381
127,1,2.25085312095,0.0,4.0,0.013013013013,0,-0.530318635062,-1.15819097387,5,152
128,1,4.34721188602,1.0,5.0,0.017017017017,0,-0.284235329479,0.199917874453,5,196
129,1,6.39808763432,6.0,10.0,0.014014014014,0,0.268885007661,0.591432611337,5,686
130,1,6.17271082821,,7.0,0.00900900900901,0,0.295927209593,0.284929199434,5,358
131,1,5.06919100006,5.0,13.0,0.016016016016,0,-0.02649751798,0.148683554,5,675
132,1,3.36642436507,2.0,5.0,0.015015015015,0,-0.561492945733,0.0509032022651,5,73
133,1,1.57993137683,1.0,7.0,0.013013013013,0,-1.13735753668,-0.00799601312516,5,332
134,1,11.4993206832,11.0,18.0,0.022022022022,0,2.00006346009,0.499130302891,5,720
135,1,9.86473969061,,10.0,0.026026026026,0,1.14436877237,1.4316333735,5,334
136,1,4.74818783722,,7.0,0.014014014014,0,0.0247526296514,-0.326070051731,5,372
137,1,2.95675268175,2.0,5.0,0.02002002002,0,-0.614590993365,-0.199474338154,5,143
138,1,3.24216353331,3.0,5.0,0.00900900900901,0,-0.39901212776,-0.56080008341,5,383
139,1,7.67051692019,7.0,8.0,0.012012012012,1,0.930450674849,-0.120835104356,5,723
140,1,4.98739831199,2.0,9.0,0.015015015015,0,-0.148059795275,0.431577697814,5,382
141,1,3.12516336891,2.0,4.0,0.014014014014,0,-0.530860806488,-0.282254211627,5,180
142,1,2.82360293802,0.0,5.0,0.00900900900901,0,-1.02021750963,0.884255466899,5,281
143,1,2.97552186962,0.0,9.0,0.022022022022,0,-0.477480380413,-0.59203698914,5,139
144,0,13.1196664443,12.0,,0.015015015015,0,2.5688693237,0.413058473176,5,399
145,1,3.95030852347,,4.0,0.02002002002,0,-0.495676579685,0.437338262527,5,132
146,1,5.15654008427,3.0,6.0,0.014014014014,0,0.344736839557,-0.877670434402,5,230
147,1,1.73285872578,,3.0,0.017017017017,0,-0.78806365007,-0.90295032401,5,84
148,1,5.95810502052,2.0,7.0,0.00700700700701,0,0.0429518743588,0.829249397444,5,565
149,1,8.57382190138,7.0,9.0,0.014014014014,0,1.28632544916,-0.285154446109,5,663
150,0,9.44442003541,8.0,,0.00900900900901,0,1.39923478089,0.24671569275,5,163
151,1,3.68327999659,2.0,8.0,0.015015015015,0,-0.386372901691,-0.157601298337,5,294
152,1,5.02110472924,4.0,7.0,0.013013013013,0,-0.0382843167881,0.135957679606,5,271
153,1,0.974837137952,,2.0,0.014014014014,0,-1.55658590688,0.644594858603,5,113
154,1,1.44544932651,,4.0,0.011011011011,0,-1.1097129432,-0.225411843895,5,119
155,1,4.86668633379,3.0,5.0,0.01001001001,0,0.0361966801363,-0.241903706624,5,197
156,1,1.14325695824,0.0,2.0,0.012012012012,0,-1.04515171334,-0.721287901747,5,82
157,1,2.09236656186,,3.0,0.011011011011,0,-0.807390198235,-0.485462843435,5,36
158,1,8.85676958117,5.0,10.0,0.012012012012,0,1.19017388127,0.286247937371,5,437
159,1,3.08710423543,3.0,4.0,0.00900900900901,1,-1.09484833892,1.3716492522,5,406
160,1,0.350557557078,,3.0,0.019019019019,0,-1.37974539172,-0.510206267761,5,63
161,1,8.59655832116,8.0,9.0,0.011011011011,1,1.35029370634,-0.454322797856,5,648
162,1,8.81795275484,7.0,9.0,0.012012012012,0,1.03014750442,0.727510241592,5,691
163,1,8.3318525026,6.0,9.0,0.015015015015,0,0.890396567151,0.660662801148,5,583
164,1,4.44961907488,,5.0,0.015015015015,0,-0.0315824733846,-0.455633504964,5,287
165,1,8.20225208857,8.0,9.0,0.013013013013,1,1.10709723761,-0.119039624264,5,732
166,1,1.50981022507,,8.0,0.018018018018,0,-1.16453142277,0.0034044933817,5,220
167,1,6.92458804385,0.0,8.0,0.012012012012,0,0.82023665617,-0.536121924661,5,539
168,1,4.90931341888,,9.0,0.011011011011,0,0.0637931817827,-0.282066126467,5,520
169,1,7.79610065477,7.0,8.0,0.015015015015,1,1.07733545867,-0.435905721229,5,498
170,1,6.33910225644,2.0,8.0,0.011011011011,0,0.351460579745,0.284720517209,5,607
171,1,0.29154168197,,7.0,0.016016016016,0,-1.74762211114,0.534408015384,5,264
172,1,7.39141380509,5.0,8.0,0.00800800800801,0,0.676180181058,0.362873261919,5,665
173,1,0.515801961328,,2.0,0.019019019019,0,-1.5118607113,0.0513840952283,5,30
174,0,11.6431066213,9.0,,0.014014014014,0,1.90523666833,0.927396616339,5,372
175,1,1.93157201528,0.0,2.0,0.012012012012,0,-1.02535289555,0.00763070192336,5,47
176,1,5.08415297842,3.0,6.0,0.00900900900901,0,0.0533026764795,-0.0757550510223,5,270
177,1,3.51241951699,,5.0,0.00900900900901,0,-0.511588958491,0.0471863924664,5,302
178,1,3.54128499788,3.0,8.0,0.017017017017,0,-0.242457221337,-0.731343338106,5,496
179,1,1.76420468899,,3.0,0.013013013013,0,-1.19212227036,0.340571500068,5,171
180,1,0.732476514542,0.0,1.0,0.013013013013,1,-1.15214359954,-0.811092686842,5,125
181,1,8.57094317999,8.0,9.0,0.015015015015,1,1.13616274453,0.162454946391,5,734
182,1,3.81277979491,3.0,6.0,0.00700700700701,0,-0.475751414844,0.240034039439,5,621
183,1,1.37610879815,,7.0,0.011011011011,0,-1.19857627085,-0.0281623893067,5,303
184,1,2.3941993716,1.0,6.0,0.013013013013,0,-0.856018577017,-0.037744897346,5,457
185,1,3.06523412916,2.0,11.0,0.019019019019,0,-0.603432151545,-0.124469416208,5,316
186,1,4.14377545198,1.0,5.0,0.00700700700701,0,-0.185337294714,-0.300212663874,5,211
187,0,10.6395749255,8.0,,0.00800800800801,0,2.10923258266,-0.688122822449,5,309
188,1,2.18168606765,1.0,3.0,0.01001001001,0,-0.745748506736,-0.581068412141,5,169
189,1,2.18653533112,2.0,6.0,0.013013013013,0,-0.96749476542,0.089019627379,5,293
190,1,7.98980075401,7.0,8.0,0.012012012012,1,1.16684320176,-0.510728851266,5,722
191,1,1.2037503185,0.0,2.0,0.00800800800801,0,-1.54611280611,0.842088736843,5,66
192,1,1.26297674597,,5.0,0.011011011011,0,-1.04693260932,-0.596225426083,5,265
193,1,2.15560924097,0.0,3.0,0.015015015015,0,-0.889578021004,-0.175656696017,5,252
194,1,4.62071061161,3.0,7.0,0.013013013013,0,-0.187653563263,0.183671301401,5,318
195,1,4.3169198163,4.0,8.0,0.016016016016,0,-0.152414282164,-0.225837337213,5,510
196,1,2.24841960048,2.0,4.0,0.01001001001,0,-0.796033380157,-0.363480259043,5,109
197,1,9.33820336341,9.0,10.0,0.016016016016,1,1.49420951328,-0.144425176431,5,558
198,1,0.745988983642,,2.0,0.00900900900901,0,-1.51292215439,0.284755446821,5,131
199,1,6.03108049139,3.0,7.0,0.013013013013,0,0.338451497118,0.0157260000342,5,606
200,0,9.235804461,9.0,,0.013013013013,0,1.47571285406,-0.191334101194,5,421
201,1,9.18442856599,8.0,10.0,0.016016016016,0,1.30743784957,0.262115017298,5,575
202,1,2.6320235441,2.0,10.0,0.015015015015,0,-0.96642907478,0.53131076844,5,373
203,1,5.38636652066,5.0,6.0,0.00900900900901,1,0.0728989298761,0.167669731036,5,343
204,1,3.68877112034,3.0,11.0,0.014014014014,0,-0.275389289039,-0.485061012548,5,472
205,1,6.70776737356,4.0,8.0,0.012012012012,0,0.270021334322,0.897703370597,5,432
206,1,9.37185559287,9.0,12.0,0.014014014014,0,1.4584728356,-0.00356291391841,5,644
207,1,7.5454812148,7.0,8.0,0.01001001001,1,0.897966267651,-0.148417588158,5,647
208,1,3.55891928491,,20.0,0.02002002002,0,-0.492517775126,0.0364726102863,5,694
209,1,5.03718450526,2.0,6.0,0.011011011011,0,-0.106096001357,0.355472509325,5,375
210,1,5.48417226632,4.0,7.0,0.014014014014,0,-0.276935886805,1.31497992673,5,635
211,1,3.95845452966,1.0,4.0,0.021021021021,0,-0.665525108797,0.955029856053,5,151
212,1,4.45326854538,3.0,5.0,0.018018018018,0,0.0370255782182,-0.657808189278,5,262
213,1,9.01637426045,7.0,10.0,0.012012012012,0,1.26704857015,0.215228549996,5,549
214,1,2.2523675972,0.0,7.0,0.015015015015,0,-0.959732999506,0.13156659572,5,208
215,1,3.29993191234,3.0,4.0,0.015015015015,1,-0.403080049143,-0.490827940228,5,330
216,1,8.99259693065,1.0,9.0,0.02002002002,0,1.62898715749,-0.894364541823,5,369
217,1,7.45763638701,6.0,13.0,0.024024024024,0,0.484198672205,1.00504037039,5,617
218,0,7.56713961705,7.0,,0.00700700700701,0,0.97290092378,-0.351563154291,5,624
219,0,10.4650579134,8.0,,0.014014014014,0,1.43328667649,1.16519788393,5,463
220,1,6.2644014769,4.0,7.0,0.00900900900901,0,0.478809603886,-0.172027334761,5,447
221,0,7.3718589981,7.0,,0.01001001001,0,0.741887852818,0.146195439644,5,321
222,1,4.8242609488,4.0,5.0,0.014014014014,1,-0.0487130224226,-0.0295999839365,5,389
223,1,7.34465651856,7.0,8.0,0.00900900900901,1,0.801825081368,-0.0608187255413,5,728
224,1,4.89185534998,3.0,6.0,0.02002002002,0,0.241784379492,-0.833497788496,5,298
225,1,0.274739973864,,1.0,0.015015015015,0,-1.28998328454,-0.855310172517,5,136
226,1,1.3558430607,,3.0,0.017017017017,0,-1.21415242045,-0.00169967795362,5,95
227,1,-0.196771056191,,0.0,0.00900900900901,1,-1.67559902388,-0.169973984558,5,13
228,1,7.92581637874,7.0,8.0,0.014014014014,1,1.0887434544,-0.340413984468,5,390
229,1,5.87623799633,2.0,8.0,0.011011011011,0,0.444559746008,-0.457441241694,5,491
230,1,5.69763099318,3.0,7.0,0.013013013013,0,0.403526682635,-0.512949054727,5,418
231,1,3.66742860289,,6.0,0.021021021021,0,-0.350229539061,-0.281882779931,5,213
232,1,6.30614374391,2.0,8.0,0.011011011011,0,0.722391455364,-0.861030622185,5,514
233,1,4.58543556181,3.0,6.0,0.016016016016,0,0.0144507667188,-0.457916738348,5,329
234,1,2.49740398968,0.0,8.0,0.014014014014,0,-0.637446730377,-0.590255819186,5,703
235,1,4.46741526291,,10.0,0.016016016016,0,-0.326792117229,0.4477916146,5,571
236,1,2.69399509425,0.0,6.0,0.02002002002,0,-0.743715194805,-0.074859321337,5,244
237,1,7.8942122592,,12.0,0.017017017017,0,1.08069782499,-0.347881215754,5,478
238,1,3.91864747043,3.0,8.0,0.01001001001,0,-0.526431673575,0.497942491156,5,433
239,1,1.64371929356,,8.0,0.00900900900901,0,-1.0614929044,-0.171801993229,5,470
240,1,6.78019892928,5.0,7.0,0.011011011011,0,0.350879432525,0.7275606317,5,556
241,1,3.57052686662,3.0,4.0,0.021021021021,1,-0.341943082761,-0.403643885095,5,108
242,1,0.175981737895,0.0,4.0,0.011011011011,0,-1.43637357789,-0.514897528427,5,256
243,1,3.99804288253,0.0,6.0,0.00900900900901,0,-0.396637550502,0.187955534039,5,414
244,1,-0.867285633997,,0.0,0.012012012012,1,-1.86389348208,-0.275605187753,5,31
245,1,6.82146895848,6.0,8.0,0.01001001001,0,0.756143597654,-0.446961834481,5,497
246,1,1.82131980719,0.0,4.0,0.013013013013,0,-0.832474211654,-0.681257557852,5,130
247,1,3.99898553636,3.0,9.0,0.014014014014,0,-0.412010704067,0.235017648557,5,371
248,1,4.20462713425,4.0,5.0,0.00700700700701,1,-0.173175522932,-0.275846296954,5,640
249,1,5.33350995432,1.0,7.0,0.012012012012,0,-0.131226871392,0.727190568498,5,328
250,1,8.94516104368,8.0,9.0,0.01001001001,1,1.41525032299,-0.30058992528,5,725
251,0,9.88203915243,8.0,,0.01001001001,0,1.61953469124,0.0234350787127,5,552
252,1,5.68226285814,3.0,6.0,0.01001001001,0,0.339735855247,-0.336944707606,5,502
253,1,5.81466304378,2.0,10.0,0.014014014014,0,0.144524544468,0.381089410373,5,540
254,0,11.1773615987,7.0,,0.00900900900901,0,1.81708889121,0.726094925095,5,521
255,1,7.42430463911,7.0,8.0,0.01001001001,1,0.920936974176,-0.338506283418,5,567
256,1,5.26470799318,1.0,6.0,0.012012012012,0,-0.0286493664574,0.350656092552,5,436
257,1,4.73447474473,4.0,6.0,0.01001001001,0,-0.230737253768,0.426686506036,5,559
258,1,6.85290299686,2.0,11.0,0.022022022022,0,0.396186323251,0.66434402711,5,428
259,1,9.71869653248,2.0,11.0,0.015015015015,0,1.62882697479,-0.167784391898,5,483
260,1,0.431074861344,0.0,2.0,0.02002002002,0,-1.65041477474,0.382319185552,5,165
261,1,3.89291076569,3.0,6.0,0.00800800800801,0,-0.321094580621,-0.143805492451,5,242
262,1,3.7249041556,3.0,4.0,0.012012012012,1,-0.534106207313,0.327222777544,5,216
263,0,9.04843831806,9.0,,0.014014014014,0,1.22505054205,0.373286691902,5,377
264,1,-1.83050132068,,0.0,0.00800800800801,1,-2.42674429713,0.449731570716,5,2
265,1,8.56024908734,6.0,9.0,0.021021021021,0,1.40720783215,-0.661374409121,5,485
266,1,1.13089801878,0.0,2.0,0.018018018018,0,-1.38403507001,0.283003228813,5,134
267,1,5.28722095945,,7.0,0.011011011011,0,0.177541550016,-0.245403690604,5,240
268,1,3.10795437367,3.0,8.0,0.01001001001,0,-0.828651395623,0.593908560545,5,661
269,1,7.09534378808,7.0,8.0,0.013013013013,1,0.624442818921,0.222015331313,5,574
270,1,8.32522182407,8.0,14.0,0.022022022022,0,1.15512265671,-0.140146146055,5,683
271,1,6.42447887879,4.0,8.0,0.012012012012,0,0.46675054804,0.0242272346651,5,513
272,1,3.17487112957,0.0,4.0,0.01001001001,0,-0.557828804469,-0.151642457021,5,305
273,0,9.85296274231,9.0,,0.01001001001,0,1.40956867883,0.62425670581,5,651
274,0,7.38037854894,5.0,,0.00800800800801,0,0.780656792562,0.0384081712532,5,355
275,1,2.60784578961,,6.0,0.013013013013,0,-0.775771291953,-0.0648403345298,5,69
276,1,3.51152903765,3.0,5.0,0.011011011011,0,-0.616018198166,0.359583632147,5,259
277,1,8.64777287912,7.0,9.0,0.016016016016,0,1.21499491874,0.00278812289624,5,526
278,1,7.88073515057,7.0,9.0,0.00900900900901,0,0.813928099691,0.438950851502,5,697
279,1,4.64543154252,1.0,6.0,0.011011011011,0,-0.0624099026955,-0.167338749398,5,350
280,1,0.962330099935,,1.0,0.01001001001,0,-0.984978340406,-1.08273487885,5,135
281,1,0.248901704729,,5.0,0.015015015015,0,-1.76947332485,0.557321679267,5,248
282,1,-0.252971415836,,0.0,0.00800800800801,1,-1.88268327644,0.39507841348,5,15
283,1,4.24104198505,,8.0,0.014014014014,0,-0.2776962488,0.074130731447,5,451
284,1,4.82704470473,2.0,5.0,0.011011011011,0,0.105096885935,-0.488245953075,5,199
285,1,4.03907653928,4.0,10.0,0.011011011011,0,-0.259489063075,-0.182456271491,5,460
286,0,7.47117994071,6.0,,0.00600600600601,0,0.565798995631,0.773782953819,5,519
287,0,8.11709736762,7.0,,0.00700700700701,0,1.03158843335,0.0223320675682,5,112
288,1,7.55274410783,4.0,9.0,0.00900900900901,0,0.92905743249,-0.234428189635,5,628
289,1,5.97791135514,5.0,6.0,0.014014014014,1,0.406222441367,-0.240755968961,5,353
290,1,4.02095510782,1.0,6.0,0.01001001001,0,-0.332409442955,0.0181834366879,5,387
291,1,9.11913681388,3.0,10.0,0.023023023023,0,1.55897349476,-0.557783670403,5,396
292,0,7.56664750656,7.0,,0.00700700700701,0,0.867794174005,-0.0367350154498,5,247
293,1,3.70246718452,3.0,7.0,0.013013013013,0,-0.342282442096,-0.270685489196,5,314
294,1,1.2831268632,,3.0,0.012012012012,0,-0.870585994242,-1.10511515407,5,116
295,1,5.94455649146,5.0,6.0,0.00700700700701,1,0.288358212282,0.0794818546184,5,613
296,1,5.33243750881,5.0,6.0,0.01001001001,1,-0.0404031761871,0.453647037368,5,730
297,1,5.78646433876,5.0,6.0,0.00800800800801,1,0.20426091218,0.173681602223,5,655
298,1,7.47942554474,7.0,8.0,0.00900900900901,1,0.941504055264,-0.345086621054,5,666
299,1,3.30290903991,2.0,7.0,0.015015015015,0,-0.538434939921,-0.0817861403246,5,315
300,1,2.34949181524,0.0,3.0,0.01001001001,0,-0.914989116291,0.0944591641133,5,173
301,1,4.09202997988,4.0,7.0,0.014014014014,0,-0.280823851246,-0.0654984663772,5,420
302,1,4.845720781,4.0,5.0,0.00900900900901,1,0.170961175255,-0.667162744766,5,615
303,1,3.66693178664,1.0,4.0,0.00700700700701,0,-0.454220281092,0.029592629912,5,308
304,1,5.3401740713,5.0,6.0,0.01001001001,1,0.143383895004,-0.0899776137061,5,385
305,1,4.58394175981,2.0,6.0,0.00700700700701,0,0.014839141343,-0.460575664223,5,544
306,1,5.76381244118,5.0,8.0,0.012012012012,0,0.249636466075,0.0149030429553,5,612
307,1,1.72752505376,1.0,4.0,0.011011011011,0,-1.20623350845,0.346225579117,5,217
308,1,5.45074811627,4.0,7.0,0.014014014014,0,-0.0666700435011,0.650758246776,5,464
309,1,3.71875237883,2.0,9.0,0.013013013013,0,-0.45133497391,0.0727573005604,5,377
310,0,7.00692644996,7.0,,0.00800800800801,0,0.734343957639,-0.196105422963,5,500
311,1,1.47948695792,0.0,3.0,0.011011011011,0,-1.32275416364,0.44774944884,5,186
312,1,4.76369560138,0.0,5.0,0.00600600600601,0,-0.309130552743,0.691087259615,5,288
313,0,8.10934566,6.0,,0.00800800800801,0,0.690320088099,1.03838539571,5,466
314,1,2.8955400445,2.0,5.0,0.00800800800801,0,-0.438292050343,-0.789583804472,5,392
315,1,2.03570042602,,3.0,0.014014014014,0,-0.989249551545,0.00344908065445,5,79
316,1,4.92819176466,,5.0,0.01001001001,0,0.0151144628767,-0.117151623967,5,267
317,0,7.96524857865,7.0,,0.01001001001,0,1.2094197189,-0.663010578058,5,445
318,1,5.74903571895,4.0,6.0,0.00800800800801,0,0.416345971222,-0.500002194719,5,474
319,0,9.6907372763,7.0,,0.00800800800801,0,1.76747690586,-0.611693441284,5,640
320,1,2.85805633292,1.0,4.0,0.00800800800801,0,-0.640775941815,-0.219615841639,5,214
321,1,8.15181905266,8.0,9.0,0.012012012012,1,0.711279233034,1.01798135356,5,692
322,1,3.19538690658,2.0,5.0,0.011011011011,0,-0.553228583933,-0.144927341621,5,515
323,1,3.83758695317,2.0,4.0,0.00700700700701,0,-0.281606031174,-0.317594953311,5,386
324,0,6.78484000027,6.0,,0.00800800800801,0,0.695870895758,-0.302772687001,5,259
325,1,3.17261821001,,7.0,0.011011011011,0,-0.500291296334,-0.326507900991,5,461
326,1,3.38338003249,2.0,4.0,0.00900900900901,0,-0.584040914236,0.135502775194,5,434
327,1,3.06098527914,2.0,4.0,0.012012012012,0,-0.524947787231,-0.364171359171,5,221
328,1,4.05680785704,4.0,6.0,0.00900900900901,0,-0.0199067441268,-0.883471910576,5,360
329,1,7.92008993951,7.0,8.0,0.011011011011,1,0.941445242309,0.0957542125792,5,351
330,1,3.45729668548,0.0,5.0,0.012012012012,0,-0.237693367725,-0.829623211347,5,232
331,1,3.18052386591,0.0,4.0,0.00700700700701,0,-0.656305732467,0.149441063312,5,150
332,0,9.601188063,7.0,,0.00700700700701,0,1.72279966862,-0.567210942847,5,179
333,1,4.83761297613,,6.0,0.017017017017,0,-0.0486559709088,-0.0164191111432,5,337
334,1,5.38819769287,1.0,10.0,0.013013013013,0,0.191010390346,-0.184833478171,5,469
335,1,3.58905730655,0.0,7.0,0.017017017017,0,-0.235012809575,-0.705904264722,5,415
336,1,4.36709560903,4.0,6.0,0.017017017017,0,-0.131300789077,-0.239002023742,5,210
337,0,8.5605767642,8.0,,0.00800800800801,0,0.873996503005,0.938587255185,5,270
338,1,4.29071831185,1.0,5.0,0.017017017017,0,-0.152417143292,-0.252030258277,5,189
339,1,3.53958577059,3.0,4.0,0.00900900900901,1,-0.280514273758,-0.618871408139,5,296
340,1,2.57317679245,0.0,3.0,0.00800800800801,0,-0.977007718352,0.504199947508,5,155
341,1,7.65600601207,7.0,8.0,0.01001001001,1,0.912018529085,-0.0800495751822,5,735
342,1,3.95248845943,1.0,5.0,0.012012012012,0,-0.23037706177,-0.356380355256,5,384
343,1,5.22418683631,5.0,6.0,0.00700700700701,1,-0.113480642445,0.564628763644,5,627
344,0,6.85284868541,6.0,,0.00600600600601,0,0.720488974559,-0.308618238263,5,662
345,0,7.81194921327,6.0,,0.00600600600601,0,1.02643955491,-0.267369451465,5,528
346,0,7.10293233939,7.0,,0.00800800800801,0,0.77189617979,-0.212756199983,5,159
347,1,4.37709684693,4.0,8.0,0.00900900900901,0,0.0677584959596,-0.826178640946,5,604
348,1,3.14536255095,0.0,4.0,0.011011011011,0,-0.576428063884,-0.125353257394,5,243
349,1,5.43281238409,5.0,6.0,0.014014014014,1,-0.116372035328,0.781928490069,5,501
350,1,5.5164387966,5.0,7.0,0.00900900900901,0,0.19737562082,-0.0756880658618,5,423
351,1,2.71833222363,1.0,4.0,0.012012012012,0,-0.75517822408,-0.0161331041348,5,393
352,1,-1.28071149546,,0.0,0.00900900900901,1,-2.10580583786,0.0367060181212,5,18
353,0,9.39162613438,8.0,,0.011011011011,0,1.5142415937,-0.151098646724,5,145
354,1,5.28155490521,1.0,8.0,0.00900900900901,0,0.100405811217,-0.0196625284423,5,569
355,1,2.27911104803,,5.0,0.014014014014,0,-0.669960748672,-0.711006705958,5,101
356,1,0.403226622466,0.0,1.0,0.00700700700701,1,-1.70061841492,0.50508186723,5,183
357,1,2.23936080358,,3.0,0.01001001001,0,-0.994838719532,0.223876962175,5,205
358,1,-1.39057736986,,1.0,0.00700700700701,0,-2.22672035176,0.289583685425,5,170
359,1,8.94105745865,7.0,10.0,0.015015015015,0,1.4900013383,-0.52894655626,5,624
360,1,-0.699070882378,,1.0,0.014014014014,0,-1.94381701284,0.132380156155,5,45
361,1,2.94148818199,,4.0,0.01001001001,0,-0.789022596321,0.308555970953,5,266
362,1,3.5718431892,1.0,4.0,0.00800800800801,0,-0.261732526437,-0.642959231486,5,654
363,1,3.36984912377,2.0,4.0,0.013013013013,0,-0.822819819543,0.838308582401,5,528
364,1,5.1090467851,5.0,7.0,0.011011011011,0,-0.10569740058,0.426138986839,5,568
365,0,8.61109543075,6.0,,0.01001001001,0,0.928029690433,0.827006359454,5,188
366,1,3.65651982559,,5.0,0.00700700700701,0,-0.604558212702,0.470194463697,5,417
367,1,2.63044798999,0.0,5.0,0.00700700700701,0,-0.575670873821,-0.642539388547,5,411
368,1,7.31378398344,4.0,8.0,0.01001001001,0,0.686671352585,0.253769925685,5,553
369,1,6.75627604367,0.0,9.0,0.01001001001,0,0.487627794404,0.293392660462,5,605
370,1,-2.05028885566,,0.0,0.00600600600601,1,-2.52471594791,0.523858988062,5,48
371,1,4.51560094128,,5.0,0.00700700700701,0,0.161121399802,-0.967763258126,5,354
372,1,1.21209245932,,2.0,0.012012012012,0,-1.33674341535,0.222322705379,5,145
373,0,10.1539723774,9.0,,0.01001001001,0,1.64225042336,0.227221107296,5,401
374,1,5.5687753051,5.0,7.0,0.00900900900901,0,0.0109492156982,0.535927658002,5,650
375,0,9.2815336331,8.0,,0.00900900900901,0,1.47372654163,-0.139645991794,5,105
376,1,5.43907229936,3.0,6.0,0.012012012012,0,0.279292336734,-0.398804710838,5,250
377,1,3.56374189896,3.0,4.0,0.01001001001,1,-0.568434048224,0.269044043632,5,339
378,0,4.99993386803,4.0,,0.00600600600601,0,-0.284923399477,0.854704066459,5,12
379,1,3.46599247909,2.0,4.0,0.01001001001,0,-0.71053300873,0.597591505276,5,545
380,1,3.44034662272,2.0,6.0,0.00800800800801,0,-0.376977819446,-0.428719918943,5,484
381,1,7.46051041051,5.0,8.0,0.00800800800801,0,0.811381638914,0.0263654937677,5,380
382,1,5.58911809918,5.0,7.0,0.00900900900901,0,0.698541802549,-1.50650730847,5,454
383,1,1.27428995117,1.0,4.0,0.00700700700701,0,-1.00316229067,-0.716223176833,5,283
384,1,7.06317068788,7.0,8.0,0.012012012012,1,0.83543619819,-0.443137906693,5,552
385,1,3.81927932008,2.0,5.0,0.00600600600601,0,-0.284931155051,-0.325927214772,5,357
386,1,-0.599298495572,,0.0,0.00900900900901,1,-1.84547514909,-0.0628730482987,5,7
387,1,4.20955474168,2.0,5.0,0.01001001001,0,-0.198515128171,-0.194899873804,5,408
388,0,8.2780981897,7.0,,0.00800800800801,0,0.92670484156,0.497983665019,5,662
389,0,13.0588505784,9.0,,0.012012012012,0,2.82638820376,-0.42031403283,5,589
390,1,1.70270466485,1.0,3.0,0.00800800800801,0,-1.20858845991,0.328470044566,5,321
391,1,1.40556941253,1.0,4.0,0.00700700700701,0,-1.01259884944,-0.556634039142,5,257
392,1,3.5512214888,2.0,4.0,0.011011011011,0,-0.266035756406,-0.650671241982,5,251
393,1,3.53309001882,1.0,5.0,0.01001001001,0,-0.703355743409,0.643157249051,5,443
394,0,11.245812208,10.0,,0.012012012012,0,1.90883726812,0.51930040368,5,568
395,1,2.10053291874,2.0,6.0,0.015015015015,0,-1.04989526476,0.250218713006,5,348
396,1,5.78822824526,5.0,6.0,0.00800800800801,1,0.515859288943,-0.759349621568,5,634
397,0,7.31526428598,6.0,,0.00700700700701,0,0.858845362311,-0.261271800948,5,300
398,1,-0.409637839736,,1.0,0.01001001001,0,-1.79222548547,-0.0329613833168,5,92
399,1,3.66874852468,3.0,4.0,0.00700700700701,1,-0.577175495871,0.40027501229,5,592
400,1,1.44026235485,0.0,3.0,0.01001001001,0,-0.814393625329,-1.11655676916,5,241
401,1,4.31647550312,4.0,6.0,0.011011011011,0,-0.521436693583,0.880785583872,5,402
402,1,4.43200405237,4.0,6.0,0.01001001001,0,-0.137915795605,-0.154248560817,5,698
403,1,4.20797756486,4.0,5.0,0.00800800800801,1,0.0333472804879,-0.892064276605,5,726
404,0,7.95454146021,7.0,,0.00700700700701,0,0.858902615298,0.377833614313,5,478
405,1,4.26320867547,3.0,5.0,0.00800800800801,0,-0.211809910916,-0.101361591781,5,421
406,0,9.51584665587,7.0,,0.01001001001,0,1.28023921364,0.675129014962,5,497
407,1,2.80742963789,,6.0,0.00900900900901,0,-1.11316685221,1.14693019451,5,608
408,0,9.75122646713,8.0,,0.00900900900901,0,1.5855112805,-0.00530737437236,5,325
409,1,6.48195463168,6.0,7.0,0.00900900900901,1,0.627563256768,-0.40073513862,5,709
410,1,-1.5182617953,,0.0,0.00900900900901,1,-2.0371318398,-0.406866275885,5,16
411,1,-0.100833109141,,0.0,0.00600600600601,1,-1.54615699013,-0.462362138751,5,1
412,1,5.75644659096,5.0,7.0,0.00700700700701,0,0.170476685588,0.245016534198,5,585
413,1,5.01950121179,5.0,6.0,0.00600600600601,1,0.213689876173,-0.621568416725,5,479
414,1,6.38908839604,6.0,7.0,0.00700700700701,1,0.705231808469,-0.726607029362,5,620
415,1,4.99484751077,2.0,5.0,0.00600600600601,0,0.000884920821399,-0.00780725169665,5,699
416,1,-1.04380732686,,2.0,0.01001001001,0,-1.88673344732,-0.383606984892,5,27
417,1,4.03710122781,0.0,5.0,0.012012012012,0,-0.198146127257,-0.368460390419,5,122
418,1,2.59219702285,2.0,4.0,0.011011011011,0,-0.806165828193,0.0106945074301,5,449
419,1,6.65932287713,6.0,7.0,0.016016016016,1,0.696156421975,-0.429146388796,5,394
420,1,3.22779849413,3.0,6.0,0.01001001001,0,-0.704835570653,0.342305206093,5,508
421,0,8.93595094092,7.0,,0.00900900900901,0,0.968178864121,1.03141434855,5,572
422,1,5.63099392731,5.0,7.0,0.013013013013,0,0.154916294413,0.166245044071,5,517
423,1,1.11510072194,,2.0,0.014014014014,0,-1.50671136849,0.635234827402,5,37
424,1,5.03831981275,0.0,7.0,0.013013013013,0,0.25820294668,-0.736289027293,5,500
425,1,-0.297811902806,,0.0,0.00900900900901,1,-1.75416852667,-0.0353063228106,5,11
426,1,2.88104516492,0.0,4.0,0.01001001001,0,-0.727617773186,0.0638984844738,5,258
427,1,5.02532393114,2.0,7.0,0.012012012012,0,-0.113725448327,0.366500276121,5,516
428,0,7.9067655129,7.0,,0.00800800800801,0,0.846855406726,0.366199292717,5,318
429,0,10.7857495132,10.0,,0.012012012012,0,1.94921484609,-0.0618950250697,5,268
430,1,5.65428287399,4.0,6.0,0.00900900900901,0,-0.0202844759306,0.715136301782,5,600
431,1,0.5882055054,,1.0,0.00900900900901,0,-1.50615173265,0.106660703362,5,65
432,1,4.71622186371,4.0,5.0,0.00700700700701,1,-0.132718511868,0.114377399317,5,721
433,0,9.82365836604,7.0,,0.00800800800801,0,1.58654504879,0.0640232196634,5,341
434,1,8.97968070169,8.0,9.0,0.011011011011,1,1.09684835051,0.689135650152,5,711
435,1,4.79425022337,4.0,6.0,0.01001001001,0,-0.0613279223403,-0.0217660096104,5,609
436,0,9.31135201237,8.0,,0.00900900900901,0,1.34241427941,0.284109174133,5,603
437,1,1.20998344605,1.0,4.0,0.00800800800801,0,-1.36945492651,0.318348225566,5,468
438,0,9.26711188365,7.0,,0.00800800800801,0,1.44660417742,-0.0727006486225,5,672
439,1,6.09000924926,2.0,8.0,0.00800800800801,0,0.511926742835,-0.445770979242,5,707
440,1,1.85442904971,1.0,4.0,0.011011011011,0,-0.947875933518,-0.30194314973,5,327
441,1,5.70599514089,5.0,7.0,0.00900900900901,0,0.380127462372,-0.434387246232,5,527
442,1,6.6930036347,6.0,7.0,0.00800800800801,1,0.539937351055,0.0731915815344,5,570
443,1,2.1313574978,2.0,6.0,0.00700700700701,0,-0.548074203985,-1.22441989024,5,368
444,1,8.20886190685,7.0,11.0,0.016016016016,0,1.1003828884,-0.0922867583544,5,700
445,1,4.13537148676,4.0,5.0,0.01001001001,1,-0.440415679845,0.456618526294,5,450
446,1,3.98766601109,2.0,4.0,0.01001001001,0,-0.628234314974,0.872368956017,5,120
447,0,8.59621250518,6.0,,0.01001001001,0,0.779159191687,1.25873493012,5,174
448,1,1.7587305882,1.0,3.0,0.00900900900901,0,-0.827876909478,-0.757638683362,5,179
449,1,-0.771372583234,,0.0,0.00800800800801,1,-1.83986337979,-0.251782443872,5,55
450,1,5.19964317657,1.0,7.0,0.00700700700701,0,-0.0292841024805,0.287495484013,5,490
451,1,5.0452823806,5.0,6.0,0.01001001001,1,0.00806758682329,0.0210796201299,5,622
452,1,5.29221520931,5.0,6.0,0.00700700700701,1,0.172617682187,-0.225637837256,5,630
453,1,5.93980400991,1.0,6.0,0.011011011011,0,0.232973355369,0.2408839438,5,564
454,1,2.4645947764,1.0,3.0,0.00900900900901,0,-0.562840054648,-0.846885059659,5,182
455,1,2.81379237104,1.0,5.0,0.011011011011,0,-0.551697329945,-0.531115639126,5,537
456,1,3.82200099308,0.0,4.0,0.012012012012,0,-0.400141155651,0.0224244600372,5,164
457,0,8.42701599033,6.0,,0.00900900900901,0,1.26269478392,-0.36106836142,5,185
458,1,9.40996531332,7.0,10.0,0.012012012012,0,1.46483290939,0.0154665851572,5,724
459,1,5.8211632131,3.0,6.0,0.00700700700701,0,-0.0254712743618,0.897577036181,5,706
460,1,4.94322612969,3.0,6.0,0.00800800800801,0,0.050039620103,-0.206892730617,5,658
461,1,5.59255121049,5.0,6.0,0.00600600600601,1,0.129461436364,0.204166901397,5,718
462,1,2.59981035529,0.0,3.0,0.012012012012,0,-0.910044770715,0.329944667434,5,64
463,1,5.27958776703,5.0,6.0,0.00800800800801,1,-0.103077498101,0.588820261329,5,555
464,1,-0.402548749849,,0.0,0.011011011011,1,-1.80435159644,0.0105060394819,5,23
465,1,5.18034397928,3.0,7.0,0.00900900900901,0,0.0573906601392,0.00817199886681,5,623
466,0,8.36048555138,6.0,,0.00700700700701,0,0.79804176878,0.966360245041,5,301
467,1,4.90771876457,,5.0,0.011011011011,0,0.044119527011,-0.224639816463,5,310
468,1,2.94591160041,0.0,3.0,0.00600600600601,0,-0.909707321307,0.675033564334,5,188
469,1,4.32949322362,4.0,5.0,0.00700700700701,1,-0.0721555095627,-0.454040247696,5,659
470,1,1.1129821717,0.0,2.0,0.00700700700701,0,-1.06291425934,-0.698275050261,5,319
471,1,4.60715725042,2.0,6.0,0.00700700700701,0,-0.123655874898,-0.0218751248841,5,593
472,0,8.47234123463,8.0,,0.00900900900901,0,1.14987096636,0.0227283355566,5,530
473,1,5.90554286517,5.0,6.0,0.00700700700701,1,0.43028539955,-0.385313333482,5,506
474,1,3.49991591692,3.0,5.0,0.00700700700701,0,-0.738373146745,0.715035357149,5,523
475,1,2.69947415479,2.0,4.0,0.00600600600601,0,-0.87267184025,0.317489675544,5,405
476,1,3.94694064029,2.0,5.0,0.012012012012,0,-0.481037086924,0.39005190106,5,481
477,1,0.111754883515,0.0,2.0,0.00600600600601,0,-1.62804650356,-0.00410560579228,5,68
478,1,4.90748145895,3.0,6.0,0.00700700700701,0,-0.115942567347,0.255309160991,5,403
479,0,8.016476044,4.0,,0.00700700700701,0,0.877210449316,0.384844696054,5,158
480,1,3.8574396074,3.0,4.0,0.00800800800801,1,-0.300325342628,-0.241584364718,5,255
481,0,6.61747400042,5.0,,0.00700700700701,0,0.781180741735,-0.72606822478,5,534
482,1,4.17796794509,3.0,6.0,0.00700700700701,0,0.100874359126,-1.12465513229,5,705
483,1,7.14515224282,7.0,8.0,0.012012012012,1,0.590453480802,0.373791800418,5,715
484,0,9.11579412161,7.0,,0.01001001001,0,1.45438195263,-0.247351736292,5,650
485,1,5.86098736973,4.0,6.0,0.01001001001,0,0.206071299752,0.242773470477,5,599
486,1,4.15524422461,1.0,5.0,0.00700700700701,0,-0.502744449505,0.66347757313,5,237
487,1,1.95501431726,0.0,2.0,0.00900900900901,0,-1.07292890436,0.173801030334,5,157
488,1,5.5944748103,,10.0,0.012012012012,0,0.478520362805,-0.841086278115,5,438
489,1,5.68184963336,5.0,6.0,0.00800800800801,1,0.236016777469,-0.0262006990444,5,668
490,1,7.995518639,7.0,8.0,0.00800800800801,1,0.804474724512,0.582094465462,5,684
491,0,5.98478548144,4.0,,0.00600600600601,0,0.19217030998,0.408274551499,5,364
492,1,2.84793379281,2.0,3.0,0.00600600600601,1,-0.351433221481,-1.09776654274,5,455
493,1,-2.50180418099,,2.0,0.00800800800801,0,-2.27060613666,-0.689985771001,5,49
494,1,-1.2309063698,,5.0,0.00900900900901,0,-2.01489390158,-0.186224665058,5,231
495,0,9.07317528151,7.0,,0.00700700700701,0,1.47380822207,-0.34824938469,5,121
496,0,6.8498521478,6.0,,0.00800800800801,0,0.612598498073,0.012056653583,5,493
497,1,2.70949653717,0.0,4.0,0.00600600600601,0,-0.67611728712,-0.262151601468,5,238
498,1,5.15977946425,4.0,6.0,0.00700700700701,0,0.164752639516,-0.334478454296,5,638
499,1,4.89344495487,3.0,5.0,0.00700700700701,0,0.0551019918725,-0.271861020744,5,660
500,1,4.22714526617,0.0,6.0,0.00800800800801,0,-0.30725832445,0.148920239526,5,260
501,1,2.93956451882,2.0,4.0,0.00800800800801,0,-0.837166504733,0.451064033022,5,312
502,1,2.61786779069,2.0,3.0,0.00700700700701,1,-0.921061078114,0.381051025029,5,541
503,1,3.08034118402,,4.0,0.00600600600601,0,-0.452755416159,-0.561392567504,5,246
504,0,9.90054409156,6.0,,0.00800800800801,0,1.48936474478,0.432449857222,5,202
505,0,7.49094730204,7.0,,0.00700700700701,0,0.589446948265,0.722606457248,5,90
506,0,9.23028912741,5.0,,0.00600600600601,0,1.36661228357,0.1304522767,5,637
507,0,11.8673313907,6.0,,0.00600600600601,0,2.01938410122,0.809179087083,5,189
508,1,2.74320613899,0.0,5.0,0.00700700700701,0,-0.825209965561,0.218836035672,5,304
509,0,9.84035265082,6.0,,0.00600600600601,0,1.31742158719,0.888087889238,5,312
510,1,-0.448671441347,,0.0,0.00800800800801,1,-1.85107827364,0.104563379568,5,34
511,1,1.91454725406,1.0,2.0,0.00600600600601,1,-1.23577885854,0.621883829675,5,80
512,1,2.29594661915,1.0,5.0,0.01001001001,0,-0.876951991697,-0.0731974057621,5,462
513,0,9.34492912967,9.0,,0.00900900900901,0,1.24478893083,0.610562337196,5,709
514,1,3.52301708894,2.0,6.0,0.00900900900901,0,-0.490944046555,-0.00415077139134,5,391
515,1,4.53367533256,4.0,5.0,0.00800800800801,1,-0.10915131404,-0.138870725319,5,688
516,1,3.13375999785,2.0,4.0,0.00900900900901,0,-0.650702712661,0.0858681358386,5,475
517,1,3.47110888649,2.0,4.0,0.00600600600601,0,-0.645754046263,0.408371025278,5,453
518,0,9.958406986,4.0,,0.00600600600601,0,1.48314587093,0.508969373218,5,623
519,1,6.01920372401,4.0,7.0,0.00700700700701,0,0.421779175858,-0.246133803567,5,566
520,1,5.01646884261,5.0,6.0,0.01001001001,1,-0.178980139315,0.553409260559,5,731
521,1,5.72928829895,5.0,6.0,0.00800800800801,1,0.513701066821,-0.811814901514,5,733
522,0,8.15983877286,6.0,,0.00600600600601,0,0.852496552592,0.602349115078,5,306
523,1,3.13707817785,2.0,4.0,0.00800800800801,0,-0.753995286632,0.399064037746,5,114
524,0,8.21599954899,6.0,,0.00700700700701,0,0.673132338074,1.19660253476,5,232
525,1,5.66225923729,5.0,6.0,0.00700700700701,1,0.294464300111,-0.221133663047,5,551
526,1,5.5963787073,5.0,6.0,0.00800800800801,1,0.325855750923,-0.38118854547,5,701
527,0,12.2333340326,7.0,,0.01001001001,0,2.48687388231,-0.227287614351,5,385
528,1,3.76694007636,3.0,6.0,0.013013013013,0,-0.322788528505,-0.264694338126,5,223
529,1,6.36088391471,5.0,7.0,0.00900900900901,0,0.405694104999,0.143801599717,5,672
530,1,-0.176538128602,,3.0,0.00800800800801,0,-1.43870236599,-0.860431030622,5,292
531,1,2.41289198679,2.0,3.0,0.00700700700701,1,-0.868027790811,0.0169753592256,5,300
532,1,2.73259079952,,3.0,0.00600600600601,0,-0.638588039742,-0.351645081259,5,235
533,0,6.32687141981,6.0,,0.00600600600601,0,0.546148284744,-0.311573434418,5,317
534,1,4.66232855062,3.0,5.0,0.00700700700701,0,-0.370470314665,0.773739494613,5,363
535,1,6.91225435729,4.0,7.0,0.00900900900901,0,0.859142569253,-0.665173350472,5,713
536,1,5.53295201383,5.0,6.0,0.00800800800801,1,0.177313999151,0.00101001637858,5,239
537,1,3.85624098765,2.0,4.0,0.00700700700701,0,-0.219382560976,-0.485611329421,5,344
538,1,4.03167612027,3.0,6.0,0.00900900900901,0,-0.692731370116,1.10987023062,5,399
539,0,9.53938631495,6.0,,0.00600600600601,0,1.75176059508,-0.715895470278,5,362
540,0,8.54008384232,6.0,,0.00700700700701,0,1.15215514928,0.0836183944677,5,531
541,1,7.07477580929,7.0,8.0,0.01001001001,1,0.774796674401,-0.249614213912,5,717
542,0,7.70059350992,6.0,,0.00800800800801,0,0.816598218141,0.250798855499,5,203
543,0,8.21247171267,7.0,,0.00700700700701,0,1.05111041423,0.0591404699782,5,702
544,0,11.4428562405,6.0,,0.00600600600601,0,2.12338672868,0.0726960544238,5,48
545,1,3.55637242159,3.0,4.0,0.00800800800801,1,-0.642005142381,0.482387848729,5,671
546,1,1.07879258635,,2.0,0.01001001001,0,-1.30250614468,-0.0136889796076,5,105
547,1,3.47910443247,,4.0,0.00900900900901,0,-0.633835032531,0.38060953006,5,219
548,1,1.97307150438,,3.0,0.00900900900901,0,-1.16486298178,0.467660449717,5,166
549,1,1.76493890049,1.0,2.0,0.01001001001,1,-1.46280775921,1.15336217812,5,96
550,0,7.5053958527,6.0,,0.00600600600601,0,0.845323832966,-0.030575646195,5,369
551,1,3.53159411975,3.0,4.0,0.00800800800801,1,-0.414991108724,-0.223432554077,5,306
552,0,10.8601956347,6.0,,0.00800800800801,0,2.10881856104,-0.466260048424,5,238
553,1,4.71055318753,1.0,5.0,0.00700700700701,0,0.0383199234999,-0.404406582968,5,279
554,1,-3.96736215974,,0.0,0.00800800800801,1,-3.00956109189,0.0613211159239,5,4
555,1,1.6934970543,0.0,5.0,0.00900900900901,0,-1.09367661532,-0.0254730997472,5,352
556,0,10.4946749342,6.0,,0.00600600600601,0,1.84178170835,-0.0306701908422,5,26
557,1,6.96049509834,4.0,9.0,0.011011011011,0,0.319938525582,1.0006795216,5,610
558,1,3.19986864073,3.0,4.0,0.00700700700701,1,-0.483130834118,-0.350738856913,5,364
559,1,3.00589026227,0.0,6.0,0.00700700700701,0,-0.657271646906,-0.0222947970119,5,359
560,1,7.0276915767,1.0,10.0,0.016016016016,0,0.546902040005,0.386985456689,5,582
561,1,1.47727828418,1.0,2.0,0.00600600600601,1,-1.21527577481,0.123105608614,5,181
562,0,12.5852569993,8.0,,0.00900900900901,0,2.65667586948,-0.384770609155,5,273
563,1,4.11023165663,2.0,5.0,0.00600600600601,0,-0.325140414631,0.0856529005257,5,587
564,1,5.91424196521,5.0,6.0,0.00700700700701,1,0.718719398342,-1.24191622982,5,493
565,0,6.91576776949,5.0,,0.00600600600601,0,0.564762210551,0.221481137839,5,97
566,1,5.36638629471,5.0,6.0,0.00800800800801,1,0.0476662936975,0.223387413618,5,680
567,0,6.25886561267,6.0,,0.00700700700701,0,0.208178825196,0.634329137082,5,498
568,1,6.55132956165,6.0,7.0,0.00900900900901,1,0.700644880979,-0.550605081289,5,637
569,1,0.097245163966,0.0,3.0,0.00800800800801,0,-1.21277508561,-1.2644295792,5,191
570,1,4.59635577429,4.0,7.0,0.00900900900901,0,-0.128154857947,-0.0191796518717,5,562
571,0,10.1903483593,7.0,,0.00700700700701,0,1.67282195156,0.171882504638,5,695
572,0,5.05832164884,5.0,,0.00600600600601,0,0.116207751577,-0.290301605888,5,356
573,1,0.678718538594,,6.0,0.00600600600601,0,-1.02911144631,-1.23394712247,5,465
574,0,6.27015104621,6.0,,0.00600600600601,0,0.74214928456,-0.956296807468,5,570
575,0,5.18757541962,5.0,,0.00700700700701,0,0.19831961238,-0.40738341752,5,236
576,1,5.32681431009,5.0,6.0,0.00600600600601,1,0.0732418802966,0.107088669203,5,678
577,1,5.03851691219,5.0,6.0,0.013013013013,1,-0.0927095676864,0.316645615245,5,649
578,1,2.2329173696,2.0,6.0,0.00600600600601,0,-0.812637587327,-0.329169868417,5,689
579,1,3.47991033082,3.0,4.0,0.00600600600601,1,-0.655454705788,0.446274448187,5,511
580,1,6.28750585886,2.0,7.0,0.00900900900901,0,0.29817595929,0.392977980992,5,588
581,1,-1.21412566871,,1.0,0.00900900900901,0,-2.14945468082,0.234238373758,5,33
582,1,6.50130861959,6.0,7.0,0.00700700700701,1,0.510763292952,-0.0309812592661,5,616
583,1,2.76290855525,2.0,4.0,0.00900900900901,0,-0.606449176134,-0.417743916346,5,203
584,1,4.17644151756,3.0,5.0,0.00800800800801,0,-0.190036601469,-0.253448678036,5,442
585,1,3.77547941354,1.0,4.0,0.00700700700701,0,-0.438895507243,0.0921659352672,5,158
586,1,4.27679257948,3.0,6.0,0.00800800800801,0,-0.242363449453,0.00388292783334,5,657
587,1,3.54295558372,3.0,5.0,0.00700700700701,0,-0.467793016956,-0.0536653654102,5,480
588,1,5.11017081263,4.0,6.0,0.01001001001,0,-0.096241534508,0.398895416154,5,338
589,1,2.28668049903,2.0,3.0,0.00800800800801,1,-0.942841727239,0.115205680744,5,225
590,1,1.80820308068,1.0,4.0,0.00600600600601,0,-1.00242439109,-0.184523746056,5,272
591,1,4.26877806761,,5.0,0.00800800800801,0,-0.111309578901,-0.397293195688,5,362
592,1,0.454939829512,,2.0,0.00900900900901,0,-1.48356816489,-0.0943556758279,5,138
593,1,1.43953321168,1.0,3.0,0.00800800800801,0,-0.892983157472,-0.881517315906,5,542
594,0,7.22649058127,5.0,,0.00600600600601,0,0.964874522642,-0.668132986652,5,312
595,1,3.10090440283,2.0,5.0,0.00800800800801,0,-0.584603135372,-0.145286191054,5,162
596,1,3.07335072051,1.0,6.0,0.00600600600601,0,-0.585827466987,-0.169166878532,5,560
597,0,4.36787236088,4.0,,0.00800800800801,0,-0.301096791207,0.271162734504,5,229
598,0,7.87267024833,6.0,,0.00600600600601,0,0.993814198491,-0.108772347146,5,160
599,0,8.24055616689,5.0,,0.00700700700701,0,1.29508039008,-0.644685003351,5,624
600,1,5.55891409992,5.0,6.0,0.00800800800801,1,0.238803402678,-0.157496108112,5,424
601,0,9.65004375375,7.0,,0.00800800800801,0,1.67990638577,-0.389675403573,5,16
602,0,6.80171326221,6.0,,0.00700700700701,0,0.449474544287,0.453289629347,5,294
603,0,10.6888737451,5.0,,0.00600600600601,0,2.01668942549,-0.361194531414,5,212
604,1,5.92977388512,5.0,6.0,0.00700700700701,1,0.262944524277,0.140940312287,5,667
605,0,10.4706343457,6.0,,0.00700700700701,0,1.41198108598,1.23469108776,5,406
606,1,5.74642428253,5.0,7.0,0.00800800800801,0,0.0168289773002,0.69593735063,5,342
607,1,4.49811631789,4.0,5.0,0.00700700700701,1,-0.449649076151,0.847063546343,5,584
608,1,4.03736218767,2.0,5.0,0.00700700700701,0,-0.37014674476,0.147802421947,5,572
609,1,2.97455874963,1.0,5.0,0.00600600600601,0,-0.512355252399,-0.48837549317,5,156
610,0,8.99748224152,8.0,,0.00900900900901,0,1.42866732421,-0.288519731122,5,297
611,1,3.6213821258,2.0,5.0,0.00700700700701,0,-0.50054341351,0.123012366332,5,522
612,0,8.3880014195,7.0,,0.01001001001,0,0.927083396052,0.606751231343,5,653
613,0,9.2985140111,6.0,,0.00600600600601,0,1.48591227697,-0.159222819813,5,639
614,0,11.3872758507,7.0,,0.00900900900901,0,2.07750055703,0.154774179597,5,611
615,1,5.58716414444,5.0,6.0,0.00800800800801,1,0.177659475103,0.0541857191303,5,695
616,1,6.51278834392,6.0,7.0,0.00800800800801,1,0.717800393151,-0.640612835528,5,641
617,1,6.3237396143,6.0,7.0,0.00700700700701,1,0.204023264444,0.711669820971,5,677
618,0,6.34275067753,5.0,,0.00600600600601,0,0.314372615241,0.399632831803,5,724
619,0,7.71235376728,6.0,,0.00900900900901,0,1.00244184573,-0.294971769908,5,378
620,1,4.45705544565,3.0,5.0,0.01001001001,0,0.0404552840585,-0.66431040653,5,426
621,0,7.12783265796,6.0,,0.00900900900901,0,0.824778492117,-0.346502818387,5,706
622,1,4.70974888342,4.0,7.0,0.00700700700701,0,-0.0459122802416,-0.152514275858,5,618
623,0,7.14923918849,6.0,,0.00600600600601,0,0.622107133283,0.282917788638,5,13
624,1,2.85380171322,2.0,4.0,0.00700700700701,0,-0.517147270735,-0.594756474573,5,311
625,1,4.7270004728,3.0,6.0,0.00900900900901,0,-0.0439845768363,-0.141045796691,5,639
626,0,4.75495674397,4.0,,0.00700700700701,0,0.114133671015,-0.587444269074,5,723
627,1,-6.21473724179,,4.0,0.00600600600601,0,-3.75965576801,0.0642300622318,5,175
628,1,5.8243128252,4.0,6.0,0.00600600600601,0,0.299489751687,-0.0741564298635,5,712
629,0,10.1573931639,6.0,,0.00900900900901,0,1.70820692626,0.0327723851554,5,332
630,1,4.68872875329,2.0,5.0,0.00600600600601,0,-0.204172324993,0.301245728268,5,326
631,1,0.314019496434,,1.0,0.00800800800801,0,-1.74131275489,0.537957761101,5,70
632,0,7.83686319681,6.0,,0.00600600600601,0,0.842679397938,0.308825002994,5,269
633,0,8.74606704961,6.0,,0.00700700700701,0,1.41553362987,-0.500533839985,5,545
634,1,1.33694636925,1.0,2.0,0.01001001001,1,-0.974523489019,-0.739483163693,5,98
635,1,5.72860457348,4.0,6.0,0.00700700700701,0,0.00716587748162,0.707106941034,5,633
636,0,8.45611505873,4.0,,0.00600600600601,0,1.32918084403,-0.531427473376,5,721
637,0,8.2618661667,6.0,,0.00700700700701,0,1.36408923789,-0.830401546961,5,27
638,1,-7.18436190322,,0.0,0.00600600600601,1,-3.94375936389,-0.353083811555,5,29
639,1,5.29701962267,5.0,6.0,0.00700700700701,1,0.214206055982,-0.345598545277,5,710
640,1,2.20590481431,1.0,4.0,0.00800800800801,0,-1.10338566618,0.516061812861,5,573
641,0,7.13361185214,6.0,,0.00600600600601,0,0.925378729323,-0.642524335828,5,150
642,1,1.95776809076,0.0,2.0,0.00700700700701,0,-0.884489894281,-0.3887622264,5,215
643,1,-2.57666577635,,1.0,0.00600600600601,0,-2.43786437308,-0.263072657108,5,21
644,0,5.22468574281,5.0,,0.00600600600601,0,0.172191201252,-0.291887860944,5,150
645,0,4.92508550496,4.0,,0.00800800800801,0,0.188504285484,-0.640427351487,5,439
646,0,7.59743664686,7.0,,0.00800800800801,0,1.03544381445,-0.508894796481,5,432
647,1,3.43632496784,3.0,4.0,0.00700700700701,1,-0.484254456224,-0.110911663491,5,473
648,1,5.41161405346,5.0,6.0,0.00800800800801,1,0.235052595874,-0.293543734164,5,547
649,1,2.59267593036,2.0,6.0,0.00700700700701,0,-0.513871382065,-0.865709923447,5,509
650,0,8.45082880085,7.0,,0.00900900900901,0,1.29162720684,-0.424052819682,5,428
651,1,3.96395439357,2.0,4.0,0.00600600600601,0,-0.248749019972,-0.28979854651,5,427
652,1,3.75889347688,3.0,4.0,0.00600600600601,1,-0.144268840363,-0.808300002026,5,594
653,1,5.04510514643,5.0,6.0,0.00900900900901,1,-0.343297976421,1.0749990757,5,529
654,1,3.04921761981,2.0,4.0,0.00600600600601,0,-0.842655591048,0.577184392955,5,524
655,1,1.56491571699,0.0,3.0,0.00800800800801,0,-1.31075340169,0.497175922052,5,121
656,1,3.12856404084,3.0,4.0,0.00600600600601,1,-0.654541530515,0.0921886323832,5,670
657,0,6.65915865758,6.0,,0.00600600600601,0,0.485934946556,0.201353817916,5,718
658,1,4.3568224694,4.0,6.0,0.00700700700701,0,-0.135510603216,-0.236645720954,5,590
659,1,5.59044276859,1.0,6.0,0.00700700700701,0,0.122922260399,0.221675987395,5,458
660,0,8.81905523908,6.0,,0.00700700700701,0,1.30354126866,-0.0915685669031,5,659
661,1,3.48802260209,3.0,5.0,0.011011011011,0,-0.394592450977,-0.328200044976,5,463
662,0,10.4648865644,7.0,,0.00900900900901,0,1.79151694887,0.0903357177423,5,676
663,0,8.2270710082,8.0,,0.00800800800801,0,0.757083099959,0.955821708321,5,337
664,0,9.46812889259,6.0,,0.00700700700701,0,1.42094244324,0.20530156286,5,140
665,1,4.89516956379,4.0,5.0,0.00700700700701,1,-0.350016570382,0.945219274939,5,440
666,0,10.7962960032,6.0,,0.00800800800801,0,2.02137459672,-0.267827786939,5,527
667,1,1.08694157827,1.0,2.0,0.00600600600601,1,-1.52372637029,0.658120689135,5,295
668,1,-1.35357421915,,0.0,0.00700700700701,1,-2.22542695816,0.322706655319,5,35
669,1,-2.39254872442,,3.0,0.00600600600601,0,-2.22941152947,-0.704314136018,5,102
670,1,2.15233339894,0.0,3.0,0.00900900900901,0,-0.964580764032,0.0460756910328,5,194
671,1,5.03257895645,5.0,6.0,0.00600600600601,1,-0.117952250562,0.386435708136,5,586
672,1,5.53547054963,5.0,6.0,0.00900900900901,1,0.373361663673,-0.584614441394,5,466
673,0,6.62869324757,6.0,,0.00700700700701,0,0.478670399845,0.192682048035,5,680
674,0,7.43505393618,7.0,,0.00700700700701,0,0.710981703082,0.302108826931,5,405
675,0,7.88848643273,7.0,,0.00800800800801,0,0.983086221962,-0.0607722331589,5,696
676,1,3.50971636299,3.0,6.0,0.00800800800801,0,-0.453878579791,-0.128647897633,5,576
677,1,7.0503364476,5.0,8.0,0.01001001001,0,0.736321932254,-0.158629349158,5,476
678,1,-4.40688520357,,0.0,0.01001001001,1,-2.87382077343,-0.785422883281,5,6
679,1,-1.98806631251,,1.0,0.00700700700701,0,-2.43191857284,0.307689405999,5,28
680,1,3.91945093234,3.0,4.0,0.00800800800801,1,-0.268638767073,-0.274632766437,5,503
681,1,1.99583377559,0.0,4.0,0.00700700700701,0,-0.987740500524,-0.0409447228331,5,282
682,1,6.41849237991,5.0,7.0,0.00700700700701,0,0.445309029858,0.0825652903347,5,651
683,1,2.86590953473,,5.0,0.00600600600601,0,-0.692159633358,-0.0576115651928,5,619
684,1,-3.6492980149,,0.0,0.00600600600601,1,-3.02502867687,0.425788015694,5,74
685,1,3.9191773516,2.0,4.0,0.00700700700701,0,-0.217568307062,-0.428117727219,5,471
686,1,4.88679831798,3.0,5.0,0.00700700700701,0,-0.197983527822,0.48074890145,5,487
687,1,2.52455325474,2.0,3.0,0.00600600600601,1,-1.01798162927,0.578498142557,5,307
688,1,1.27094084825,0.0,3.0,0.00700700700701,0,-1.27020468054,0.0815548898815,5,154
689,1,2.61094609602,1.0,3.0,0.00700700700701,0,-0.848669833711,0.156955597157,5,278
690,1,5.68981745887,5.0,6.0,0.00800800800801,1,0.273670797835,-0.131194934634,5,324
691,0,6.96049874856,6.0,,0.00600600600601,0,0.773128191242,-0.358885825168,5,533
692,0,6.07064628666,5.0,,0.00600600600601,0,0.39744535339,-0.121689773509,5,618
693,0,7.66896074591,6.0,,0.00700700700701,0,0.905585366058,-0.0477953522661,5,120
694,1,1.20739260707,0.0,3.0,0.00700700700701,0,-1.48834493726,0.672427418849,5,129
695,0,6.81983896518,6.0,,0.00600600600601,0,0.331833924741,0.824337190957,5,399
696,0,5.77761364736,5.0,,0.00600600600601,0,0.228968126323,0.0907092683938,5,646
697,0,7.56413340378,5.0,,0.00700700700701,0,0.361419204249,1.47987579104,5,278
698,0,8.65938449191,6.0,,0.00700700700701,0,1.10774529566,0.336148604918,5,571
699,0,7.61160532404,7.0,,0.00700700700701,0,0.872230580411,-0.00508641719421,5,704
700,1,2.84709065331,1.0,3.0,0.00600600600601,0,-1.02022375303,0.907761912392,5,378
701,0,6.28644267736,5.0,,0.00600600600601,0,0.335070869357,0.281230069284,5,710
702,0,10.2252277514,7.0,,0.00700700700701,0,1.55757065292,0.552515792632,5,581
703,1,0.174315422886,0.0,1.0,0.00600600600601,1,-1.61936149472,0.0323999070359,5,128
704,0,7.15952626939,7.0,,0.00700700700701,0,0.713124267452,0.0201534670314,5,391
705,1,3.49851910627,1.0,4.0,0.00700700700701,0,-0.415773893119,-0.254159214375,5,236
706,0,11.469948794,6.0,,0.00800800800801,0,2.09422856631,0.187263095109,5,697
707,0,6.89442874152,6.0,,0.00700700700701,0,0.932991265624,-0.904545055356,5,338
708,0,7.49657755807,6.0,,0.00600600600601,0,1.07329802722,-0.723316523603,5,103
709,1,3.9255828897,3.0,4.0,0.00600600600601,1,-0.266997321796,-0.273425144915,5,365
710,1,4.51835757682,0.0,6.0,0.00700700700701,0,-0.222907667591,0.187080579589,5,349
711,1,5.75738574616,5.0,6.0,0.00700700700701,1,0.24598171164,0.0194406112392,5,729
712,1,1.9723136264,0.0,4.0,0.00700700700701,0,-0.728216413167,-0.8430371341,5,398
713,0,7.05250288776,4.0,,0.00600600600601,0,0.554832813045,0.388004448626,5,147
714,1,3.55574786397,3.0,6.0,0.01001001001,0,-0.274032923669,-0.622153365021,5,611
715,0,11.4158562848,8.0,,0.00900900900901,0,2.06284205693,0.227330113988,5,447
716,0,6.91594779575,6.0,,0.00700700700701,0,0.46575038573,0.51869663856,5,370
717,0,6.11745766571,4.0,,0.00700700700701,0,0.396772722752,-0.072860502547,5,543
718,1,5.4976529218,5.0,6.0,0.00800800800801,1,0.245704607255,-0.23946089997,5,595
719,0,7.43995381185,6.0,,0.00800800800801,0,0.824907345766,-0.0347682254518,5,396
720,0,5.82516969689,5.0,,0.00700700700701,0,0.154456818642,0.361799240959,5,376
721,1,1.53619617505,,2.0,0.00700700700701,0,-0.717529598092,-1.31121503067,5,149
722,1,5.0341474273,5.0,6.0,0.00600600600601,1,-0.130214396073,0.424790615523,5,682
723,1,5.61216146852,5.0,6.0,0.00700700700701,1,0.115586638058,0.265401554345,5,685
724,1,2.42611160942,,5.0,0.01001001001,0,-0.678692168367,-0.537811885476,5,263
725,1,4.08320386426,4.0,5.0,0.00600600600601,1,-0.488508020077,0.548727924494,5,163
726,1,4.73148475902,4.0,5.0,0.00600600600601,1,0.0634360044977,-0.458823254474,5,642
727,1,1.282863002,1.0,3.0,0.00600600600601,0,-1.12238473042,-0.349982806742,5,269
728,1,4.75675902104,1.0,5.0,0.00800800800801,0,-0.000308682702669,-0.242314930854,5,401
729,0,7.6706341184,6.0,,0.00600600600601,0,0.987815217432,-0.292811533893,5,389
730,0,10.3726821634,8.0,,0.00900900900901,0,1.56878111917,0.666338805946,5,96
731,0,7.0079250691,5.0,,0.00700700700701,0,0.425556277839,0.731256235586,5,719
732,1,4.50523275463,,5.0,0.00700700700701,0,-0.103541124268,-0.184143872563,5,273
733,1,4.78738814768,3.0,5.0,0.00700700700701,0,-0.127168098661,0.168892443661,5,664
734,0,7.7164945839,7.0,,0.00900900900901,0,0.757259607308,0.444715761973,5,472
735,1,2.65288010912,2.0,4.0,0.00800800800801,0,-0.930247704156,0.443623221591,5,397
736,1,1.18186617074,1.0,2.0,0.00700700700701,1,-1.17619368279,-0.289552780901,5,99
737,0,8.51811301627,7.0,,0.00900900900901,0,1.19584546504,-0.0694233788336,5,686
738,0,9.63739657981,6.0,,0.00800800800801,0,1.35264863085,0.57945068725,5,149
739,1,3.29892332044,3.0,6.0,0.00600600600601,0,-0.741034358322,0.522026395409,5,550
740,1,-1.4541723847,,0.0,0.00700700700701,1,-1.70785960705,-1.33059356354,5,5
741,1,3.29307635016,2.0,4.0,0.00700700700701,0,-0.474123710819,-0.284552517383,5,333
742,1,6.72929688553,6.0,7.0,0.00700700700701,1,0.800051258408,-0.670856889695,5,714
743,1,2.89959685752,2.0,5.0,0.00600600600601,0,-0.641922653944,-0.17463518065,5,395
744,1,-1.57812340961,,3.0,0.00600600600601,0,-2.1406403521,-0.156202353305,5,247
745,0,12.2074833581,4.0,,0.00800800800801,0,2.3073972431,0.285291628799,5,427
746,1,5.48704421024,4.0,6.0,0.00700700700701,0,0.217376434896,-0.165085094445,5,492
747,0,5.08813338944,4.0,,0.00600600600601,0,0.118329319125,-0.266854567935,5,76
748,1,2.38086308212,2.0,3.0,0.00900900900901,1,-0.642266709297,-0.692336789993,5,206
749,0,8.35744355205,8.0,,0.01001001001,0,1.02749911856,0.274946196365,5,630
750,0,8.68641668288,7.0,,0.00700700700701,0,0.952870156207,0.827806214263,5,641
751,1,1.544829377,1.0,2.0,0.00900900900901,1,-1.26137433438,0.328952380134,5,104
752,0,6.39691769397,5.0,,0.00600600600601,0,0.380659881595,0.254938049181,5,669
753,0,7.83900326635,4.0,,0.00800800800801,0,0.801067648743,0.435800320116,5,450
754,1,4.73512877206,3.0,5.0,0.00600600600601,0,-0.295050224231,0.620279444749,5,538
755,1,2.27506515328,,6.0,0.00700700700701,0,-0.924616823967,0.0489156251847,5,345
756,1,4.07352149587,3.0,5.0,0.00600600600601,0,-0.309805593065,0.00293827506713,5,400
757,1,2.48076514031,,3.0,0.00700700700701,0,-1.17969593499,1.01985294527,5,419
758,1,-4.08402470026,,4.0,0.00600600600601,0,-2.75529798657,-0.818130740552,5,603
759,0,7.97615930458,5.0,,0.00800800800801,0,0.939577004528,0.157428290993,5,284
760,1,2.73120523225,1.0,5.0,0.00700700700701,0,-1.08086410185,0.973797537788,5,445
761,0,8.56055647589,6.0,,0.00600600600601,0,1.12267717405,0.192524953741,5,691
762,0,8.28366999183,7.0,,0.00800800800801,0,1.37656367726,-0.84602103995,5,141
763,0,4.47474075375,4.0,,0.00600600600601,0,-0.223239875795,0.144460381136,5,403
764,0,7.13985936858,6.0,,0.00600600600601,0,0.649553749267,0.191198120776,5,378
765,0,6.27812630461,5.0,,0.00600600600601,0,0.335337732491,0.272113107132,5,456
766,1,2.57557664452,1.0,3.0,0.00600600600601,0,-0.809785476947,0.00493307536286,5,535
767,1,2.26149853695,2.0,4.0,0.00700700700701,0,-1.10063129653,0.563392426536,5,693
768,1,3.07220183877,3.0,4.0,0.00700700700701,1,-0.451060844231,-0.574615628543,5,355
769,1,2.0689485368,1.0,5.0,0.00600600600601,0,-0.531345459312,-1.33701508527,5,530
770,0,6.12647168256,6.0,,0.00600600600601,0,0.417180208837,-0.125068943947,5,119
771,1,0.33219415247,0.0,1.0,0.00600600600601,1,-1.61605224121,0.180350876108,5,91
772,0,8.88153440401,6.0,,0.00700700700701,0,0.977943554164,0.947703741517,5,124
773,1,2.81567892689,2.0,6.0,0.00600600600601,0,-0.621006038341,-0.321302958087,5,118
774,1,2.67275753947,1.0,4.0,0.00600600600601,0,-0.944624275264,0.506630365262,5,489
775,1,2.97689024133,,4.0,0.00600600600601,0,-0.704009312208,0.0889181779564,5,323
776,1,2.86033423044,0.0,3.0,0.00600600600601,0,-0.853628861943,0.421220816268,5,146
777,0,7.50980683774,6.0,,0.00700700700701,0,0.666259450993,0.511028484762,5,198
778,0,12.0110753658,6.0,,0.00600600600601,0,2.23136233336,0.316988365744,5,682
779,0,6.61820699823,5.0,,0.00600600600601,0,0.459488759945,0.239740718392,5,338
780,0,5.5802878796,5.0,,0.00600600600601,0,0.292312994365,-0.29665110349,5,259
781,0,7.76414273943,6.0,,0.00600600600601,0,1.06090328215,-0.418567107016,5,716
782,1,2.85197769048,0.0,3.0,0.00600600600601,0,-0.753675995243,0.113005676211,5,456
783,1,2.18239053449,2.0,4.0,0.00700700700701,0,-0.52334937551,-1.24756133898,5,452
784,1,4.76276926243,4.0,5.0,0.00900900900901,1,-0.0509545657529,-0.0843670403099,5,580
785,1,2.99050871506,2.0,3.0,0.00700700700701,1,-0.94648066228,0.829950701902,5,110
786,1,3.32498264042,3.0,4.0,0.00600600600601,1,-0.527962618163,-0.0911295050878,5,581
787,1,2.60766567139,2.0,3.0,0.00700700700701,1,-0.51344596509,-0.851996433338,5,416
788,1,1.63058144862,1.0,4.0,0.00800800800801,0,-1.32965461721,0.61954530026,5,425
789,1,4.14195687737,3.0,5.0,0.00700700700701,0,-0.485293395101,0.59783706267,5,412
790,0,8.07803513942,5.0,,0.00600600600601,0,0.920220982449,0.317372192072,5,16
791,0,5.34476868842,5.0,,0.00600600600601,0,-0.199501355955,0.943272756283,5,6
792,1,5.88114464285,3.0,6.0,0.00700700700701,0,0.520555656135,-0.680522325552,5,589
793,0,7.70328254864,6.0,,0.01001001001,0,0.869815539148,0.0938359311989,5,712
794,0,7.79069690344,7.0,,0.00800800800801,0,1.03627509211,-0.318128372894,5,21
795,0,5.12229339565,5.0,,0.00700700700701,0,0.0176424527439,0.0693660374164,5,572
796,0,5.57744940159,5.0,,0.00700700700701,0,0.169793900636,0.0680676996813,5,412
797,1,2.42546735316,2.0,3.0,0.00700700700701,1,-0.768198570124,-0.269936936471,5,201
798,1,2.58411300472,1.0,5.0,0.00600600600601,0,-0.747527648616,-0.173304049436,5,676
799,0,8.73112750726,4.0,,0.00600600600601,0,1.23352124049,0.0305637857988,5,678
800,1,4.94397982353,1.0,5.0,0.00700700700701,0,0.237314761555,-0.767964461129,5,512
801,1,3.97091190659,2.0,4.0,0.00700700700701,0,-0.269998893012,-0.219091414369,5,602
802,0,8.72107550383,5.0,,0.00600600600601,0,1.22535853792,0.0449998900756,5,64
803,1,4.50382584515,4.0,5.0,0.00700700700701,1,-0.20262343309,0.111696144423,5,669
804,0,7.58894783218,6.0,,0.00700700700701,0,0.68476639351,0.534648651654,5,496
805,1,5.06804156006,5.0,6.0,0.00600600600601,1,0.120609760316,-0.293787720885,5,561
806,1,3.84999521276,2.0,4.0,0.00700700700701,0,-0.4537972396,0.211386931556,5,519
807,1,4.68809335382,4.0,5.0,0.00600600600601,1,-0.176309441625,0.217021678699,5,494
808,1,1.50155482367,0.0,6.0,0.00700700700701,0,-1.13682991853,-0.087955420746,5,409
809,0,8.45684678173,6.0,,0.00800800800801,0,1.23366911315,-0.244160557726,5,222
810,0,7.41926878176,7.0,,0.00900900900901,0,0.467519231679,1.01671108673,5,174
811,0,10.7761138307,6.0,,0.00800800800801,0,1.67443799724,0.752799838974,5,721
812,0,8.93723280394,6.0,,0.00600600600601,0,1.59872851195,-0.858952731914,5,420
813,1,3.13407982483,2.0,4.0,0.00700700700701,0,-0.902033194038,0.840179406943,5,285
814,0,7.03823800259,5.0,,0.00700700700701,0,0.613379639497,0.198099084102,5,224
815,1,1.68841894085,,2.0,0.00600600600601,0,-0.95067817862,-0.45954652329,5,115
816,1,1.40518810608,,2.0,0.00800800800801,0,-1.30978039992,0.334529305823,5,52
817,0,6.82908121237,5.0,,0.00700700700701,0,0.619730966878,-0.0301116882675,5,627
818,1,3.34134718428,1.0,4.0,0.00600600600601,0,-0.669573424217,0.350067456931,5,625
819,1,2.24392844614,1.0,3.0,0.00600600600601,0,-1.23788587211,0.957586062475,5,346
820,1,5.03407132804,5.0,6.0,0.00600600600601,1,0.268830087391,-0.77241893413,5,636
821,1,1.49235773889,0.0,4.0,0.00600600600601,0,-1.19272342098,0.070528001826,5,374
822,1,2.18205222999,1.0,4.0,0.00700700700701,0,-0.553203093171,-1.15833849049,5,325
823,1,-1.36344972252,,0.0,0.00700700700701,1,-1.78213372785,-1.01704853896,5,140
824,1,5.90372070713,5.0,6.0,0.00600600600601,1,-0.00237037492978,0.910831831918,5,690
825,0,10.7048122675,7.0,,0.00800800800801,0,1.77182476956,0.389337958831,5,313
826,1,1.29395018618,1.0,3.0,0.00600600600601,0,-1.38797104336,0.457863316275,5,554
827,1,0.465542877306,,5.0,0.00700700700701,0,-1.29961035142,-0.635626068432,5,226
828,1,0.0802307260896,0.0,2.0,0.00700700700701,0,-1.70936623199,0.208329422067,5,366
829,0,6.82811168235,6.0,,0.00600600600601,0,0.419511492258,0.569577205577,5,154
830,1,4.8318377766,4.0,5.0,0.00700700700701,1,-0.0542886224887,-0.00529635593835,5,673
831,0,7.57730525756,6.0,,0.00700700700701,0,0.843132174168,0.0479087350534,5,690
832,1,4.71905206326,1.0,6.0,0.00700700700701,0,-0.180147234303,0.25949376617,5,646
833,0,5.20074740692,4.0,,0.00600600600601,0,-0.117028695625,0.551833493799,5,433
834,1,-1.45819085296,,0.0,0.00800800800801,1,-2.03548149239,-0.35174637579,5,19
835,0,10.5506673558,6.0,,0.00700700700701,0,1.88040694308,-0.0905534734702,5,608
836,1,2.7808377627,2.0,3.0,0.00600600600601,1,-0.937816470815,0.594287175145,5,301
837,1,5.59918973288,5.0,6.0,0.00700700700701,1,6.872893122e-06,0.599169114202,5,674
838,1,4.90280522269,4.0,5.0,0.00600600600601,1,-0.0652236198108,0.0984760821248,5,596
839,0,9.34917447677,5.0,,0.00900900900901,0,1.3910262529,0.176095718058,5,527
840,1,0.22724997501,0.0,1.0,0.00600600600601,1,-1.5036355625,-0.261843337485,5,148
841,0,6.88890758916,5.0,,0.00600600600601,0,0.635289740965,-0.016961633739,5,230
842,1,4.62919383919,4.0,5.0,0.00600600600601,1,-0.265991791738,0.427169214405,5,652
843,1,4.68280244998,1.0,5.0,0.00600600600601,0,-0.258500752692,0.458304708057,5,168
844,0,5.38671573266,4.0,,0.00600600600601,0,0.113916079369,0.0449674945525,5,121
845,0,6.71576901528,5.0,,0.00700700700701,0,0.40847439216,0.490345838798,5,579
846,1,3.02723659254,2.0,4.0,0.00600600600601,0,-0.49578036946,-0.485422299081,5,370
847,1,3.79477430549,3.0,4.0,0.00700700700701,1,-0.545222085203,0.430440561096,5,719
848,1,4.28547640105,3.0,5.0,0.00600600600601,0,-0.154099643413,-0.25222466871,5,192
849,1,2.76332231698,2.0,3.0,0.00600600600601,1,-1.03025465024,0.854086267699,5,317
850,0,5.44353211762,4.0,,0.00800800800801,0,0.354141938164,-0.618893696873,5,535
851,0,8.30699233307,6.0,,0.00600600600601,0,0.785844094467,0.949460049675,5,582
852,1,5.75857958179,4.0,6.0,0.00600600600601,0,0.428152640943,-0.525878341036,5,591
853,0,6.7699671435,6.0,,0.00700700700701,0,0.551460307532,0.115586220903,5,488
854,1,-2.44723813295,,0.0,0.00600600600601,1,-2.28592872824,-0.589451948246,5,9
855,0,7.4207799284,5.0,,0.00600600600601,0,1.01375638576,-0.620489228888,5,395
856,0,3.60000746163,2.0,,0.00600600600601,0,-0.449542856321,-0.0513639694023,5,538
857,0,11.2852935509,5.0,,0.00600600600601,0,1.84837129053,0.74017967935,5,633
858,0,10.4572530441,6.0,,0.00700700700701,0,1.71196565662,0.321356074238,5,621
859,0,5.56936078271,5.0,,0.00700700700701,0,0.18427534989,0.0165347330402,5,469
860,1,0.392978363459,0.0,1.0,0.00600600600601,1,-1.44609206547,-0.268745440122,5,60
861,0,6.53251708122,6.0,,0.00600600600601,0,0.447243686415,0.190786021974,5,482
862,1,4.4050341207,4.0,5.0,0.00700700700701,1,-0.459638681754,0.783950165963,5,631
863,0,7.82356454204,5.0,,0.00600600600601,0,1.14031225108,-0.597372211182,5,626
864,1,5.49301174796,4.0,7.0,0.00700700700701,0,0.216810488304,-0.157419716955,5,410
865,1,4.53425541933,4.0,5.0,0.00600600600601,1,0.0459300849639,-0.603534835557,5,704
866,1,3.27293599512,2.0,5.0,0.00700700700701,0,-0.723275411104,0.442762228435,5,407
867,1,3.95849827535,1.0,4.0,0.00700700700701,0,-0.128303919314,-0.656589966708,5,656
868,0,5.40571240551,5.0,,0.00600600600601,0,0.107634696218,0.0828083168545,5,664
869,1,2.90580528882,0.0,3.0,0.00700700700701,0,-0.848180657442,0.450347261148,5,388
870,0,9.42227041577,5.0,,0.00600600600601,0,1.40365067885,0.211318379212,5,674
871,0,8.48961112262,6.0,,0.00600600600601,0,1.2620023273,-0.29639585927,5,675
872,1,4.70516500942,4.0,5.0,0.00700700700701,1,-0.183707774158,0.256288331897,5,533
873,1,4.18541778347,1.0,7.0,0.00700700700701,0,-0.486495411164,0.644904016957,5,499
874,0,7.40272612007,6.0,,0.00600600600601,0,1.26300346956,-1.3862842886,5,217
875,1,4.08340073484,2.0,5.0,0.00700700700701,0,-0.198918060831,-0.31984508267,5,653
876,1,3.52650189859,0.0,5.0,0.00600600600601,0,-0.24430167705,-0.740593070262,5,532
877,0,6.36286814596,6.0,,0.00700700700701,0,0.488598069015,-0.10292606109,5,340
878,1,1.94889865302,1.0,3.0,0.00700700700701,0,-1.03487116254,0.0535121406238,5,277
879,0,7.19257035728,7.0,,0.00700700700701,0,0.626145668668,0.314133351281,5,723
880,1,3.04159027863,3.0,5.0,0.00600600600601,0,-0.916705932201,0.79170807523,5,521
881,0,6.41111764221,4.0,,0.00700700700701,0,0.564198090632,-0.28147662969,5,708
882,1,3.81028008504,3.0,4.0,0.00600600600601,1,-0.429669778454,0.099289420404,5,444
883,0,6.18866484661,4.0,,0.00600600600601,0,0.420443073462,-0.0726643737766,5,718
884,1,2.99807740111,2.0,4.0,0.00600600600601,0,-0.867784372194,0.601430517698,5,320
885,1,4.45641995899,0.0,5.0,0.00600600600601,0,-0.183865598776,0.00801675531696,5,626
886,1,4.659769136,,6.0,0.00700700700701,0,0.0684451365826,-0.54556627375,5,448
887,1,3.57330046812,2.0,4.0,0.00600600600601,0,-0.0578411814375,-1.25317598757,5,341
888,0,4.16699026676,4.0,,0.00600600600601,0,0.0885962555393,-1.09879849986,5,167
889,0,9.24745466165,4.0,,0.00700700700701,0,1.16649609298,0.747966382722,5,518
890,0,4.86113517949,4.0,,0.00600600600601,0,-0.169178211498,0.368669813981,5,4
891,1,5.23485742671,4.0,6.0,0.00600600600601,0,0.0504063924871,0.0836382492532,5,557
892,1,0.913255174571,,1.0,0.00600600600601,0,-1.21188233255,-0.451097827783,5,12
893,0,5.0994415861,4.0,,0.00600600600601,0,0.262080123835,-0.686798785408,5,646
894,0,4.29987412631,4.0,,0.00500500500501,0,-0.616166613429,1.1483739666,5,424
895,1,2.99577320304,,5.0,0.00600600600601,0,-0.826341538109,0.474797817363,5,495
896,0,4.35038379577,3.0,,0.00700700700701,0,-0.362865811437,0.438981230081,5,635
897,0,7.38616052699,4.0,,0.00600600600601,0,0.545797152927,0.748769068206,5,638
898,0,8.75443463554,5.0,,0.00600600600601,0,1.28506222414,-0.100752036877,5,688
899,1,0.975568489796,0.0,1.0,0.00600600600601,1,-1.26079497626,-0.242046581409,5,81
900,1,1.38467477082,0.0,2.0,0.00600600600601,0,-1.24746733146,0.127076765205,5,299
901,1,5.02289932365,5.0,6.0,0.00600600600601,1,0.0368765645162,-0.0877303699004,5,687
902,1,5.27649701748,5.0,6.0,0.00700700700701,1,0.198858761809,-0.320079267944,5,708
903,0,9.09703833864,5.0,,0.00700700700701,0,1.33130441328,0.103125098816,5,522
904,0,8.45557301033,5.0,,0.00600600600601,0,1.10876058433,0.129291257344,5,682
905,0,9.67902088615,5.0,,0.00600600600601,0,1.54611155775,0.0406862128993,5,480
906,0,6.08135303113,5.0,,0.00600600600601,0,0.102183806944,0.774801610301,5,451
907,0,6.93286485852,6.0,,0.00600600600601,0,0.427545245087,0.650229123262,5,733
908,0,9.38369794016,5.0,,0.00600600600601,0,1.44441716661,0.0504464403312,5,96
909,1,1.18886559396,1.0,3.0,0.00700700700701,0,-1.34106064211,0.212047520302,5,195
910,1,1.93696730088,0.0,2.0,0.00600600600601,0,-0.879124628521,-0.425658813556,5,161
911,0,12.6376328202,5.0,,0.00700700700701,0,2.32500515021,0.66261736955,5,326
912,1,4.247390245,4.0,5.0,0.00600600600601,1,-0.475616438633,0.6742395609,5,548
913,1,0.0462179823601,,2.0,0.00700700700701,0,-1.54058009838,-0.33204172251,5,62
914,0,6.47610000901,6.0,,0.00600600600601,0,0.461406098802,0.0918817126,5,622
915,1,2.77656716653,2.0,4.0,0.00600600600601,0,-0.467587524085,-0.820670261214,5,507
916,1,3.1804419166,3.0,5.0,0.00600600600601,0,-0.616903301998,0.0311518225991,5,275
917,0,6.42273797694,5.0,,0.00600600600601,0,0.666872572129,-0.577879739448,5,88
918,1,-0.2059981897,,2.0,0.00600600600601,0,-1.85940892108,0.372228573548,5,322
919,1,3.26506918762,3.0,4.0,0.00600600600601,1,-0.557846069383,-0.0613926042269,5,702
920,1,4.11806455974,3.0,5.0,0.00600600600601,0,-0.388164287917,0.282557423487,5,716
921,0,4.71430410224,4.0,,0.00700700700701,0,0.745208095597,-2.52132018455,5,604
922,0,10.429860036,5.0,,0.00600600600601,0,1.8995161262,-0.268688342563,5,414
923,0,6.52957590602,4.0,,0.00600600600601,0,0.375298988737,0.40367893981,5,643
924,0,10.2352495629,6.0,,0.00600600600601,0,1.64939431584,0.287066615331,5,55
925,0,6.05276226151,4.0,,0.00600600600601,0,0.167991177551,0.548788728858,5,285
926,1,3.3378516946,2.0,6.0,0.00600600600601,0,-0.509813250369,-0.132708554292,5,577
927,0,7.00752503338,4.0,,0.00700700700701,0,0.626893639294,0.126844115497,5,656
928,0,5.87552254507,5.0,,0.00700700700701,0,0.243651978813,0.144566608627,5,434
929,0,6.24243081515,6.0,,0.00600600600601,0,0.509653551359,-0.286529838927,5,33
930,0,6.79159045252,5.0,,0.00700700700701,0,0.691741923166,-0.283635316974,5,36
931,0,6.36789170085,5.0,,0.00700700700701,0,0.368352966116,0.262832802505,5,655
932,1,-1.33449330474,,0.0,0.00600600600601,1,-1.86080981437,-0.752063861636,5,17
933,1,3.57436965191,3.0,4.0,0.00600600600601,1,-0.66260584454,0.562187185531,5,505
934,1,2.77181603016,1.0,3.0,0.00600600600601,0,-0.655195488206,-0.262597505222,5,187
935,1,2.51635429439,2.0,4.0,0.00600600600601,0,-0.853216647462,0.0760042367763,5,356
936,0,5.40672711742,4.0,,0.00600600600601,0,-0.0690689836825,0.613934068466,5,239
937,0,6.20564790508,4.0,,0.00600600600601,0,0.229839165777,0.516130407745,5,520
938,1,-3.80035103783,,0.0,0.00600600600601,1,-2.53950791234,-1.18182730081,5,50
939,1,2.58458439465,2.0,4.0,0.00600600600601,0,-0.319798197193,-1.45602101377,5,643
940,1,-0.585609589051,,3.0,0.00600600600601,0,-1.69783866281,-0.49209360061,5,291
941,0,6.93032502101,6.0,,0.00600600600601,0,0.604581299702,0.116581121903,5,171
942,0,9.80022079927,6.0,,0.00600600600601,0,1.34365460684,0.769256978755,5,502
943,1,2.86835166857,,3.0,0.00600600600601,0,-0.607635296371,-0.308742442314,5,85
944,0,4.9513233737,4.0,,0.00600600600601,0,-0.0815868496662,0.196083922697,5,541
945,1,3.84064285075,3.0,5.0,0.00600600600601,0,-0.414536785511,0.0842532072876,5,268
946,1,4.91934111775,4.0,5.0,0.00600600600601,1,-0.221587181421,0.584102662013,5,645
947,1,3.31654210562,3.0,4.0,0.00600600600601,1,-0.591314285,0.0904849606176,5,629
948,1,-0.190340072277,,0.0,0.00600600600601,1,-1.71644628881,-0.0410012058544,5,22
949,1,0.932287549246,0.0,1.0,0.00600600600601,1,-1.16285873339,-0.579136250596,5,112
950,0,10.7125208012,6.0,,0.00600600600601,0,2.17405237741,-0.809636331036,5,140
951,0,6.12877244809,6.0,,0.00600600600601,0,0.119601834109,0.769966945761,5,586
952,1,1.36664706608,,5.0,0.00600600600601,0,-1.22234193359,0.033672866864,5,379
953,0,7.9597225667,6.0,,0.00600600600601,0,0.823646789266,0.488782198907,5,547
954,1,2.65186600415,2.0,4.0,0.00600600600601,0,-0.831358001799,0.145940009551,5,141
955,1,5.06357796156,5.0,6.0,0.00700700700701,1,0.150475259526,-0.38784781702,5,662
956,0,5.35652027173,4.0,,0.00600600600601,0,0.0146429138852,0.312591530077,5,509
957,1,2.70394930846,0.0,3.0,0.00600600600601,0,-0.743018374793,-0.0669955671561,5,245
958,0,7.33414237855,6.0,,0.00600600600601,0,0.831495179477,-0.160343159879,5,430
959,0,5.65723910222,5.0,,0.00600600600601,0,0.304371849529,-0.255876446365,5,365
960,0,8.13107006134,5.0,,0.00600600600601,0,0.90741126367,0.408836270334,5,650
961,1,3.69649235458,3.0,4.0,0.00600600600601,1,-0.837112108509,1.2078286801,5,413
962,1,4.8622496319,3.0,5.0,0.00600600600601,0,0.0683968237847,-0.342940839455,5,614
963,0,7.54266646101,5.0,,0.00600600600601,0,0.965828168859,-0.354818045566,5,265
964,1,-0.425145445293,,0.0,0.00600600600601,1,-1.60823867485,-0.600429420736,5,26
965,0,6.07592672362,4.0,,0.00600600600601,0,0.344557692286,0.0422536467584,5,83
966,0,5.2588776762,5.0,,0.00700700700701,0,0.0244778586519,0.185444100242,5,276
967,1,3.34423293308,2.0,4.0,0.00600600600601,0,-0.633472239685,0.244649652134,5,696
968,0,4.32442604894,4.0,,0.00600600600601,0,-0.0776168630276,-0.44272336198,5,367
969,1,3.50719015627,2.0,4.0,0.00600600600601,0,-0.412369708481,-0.255700718288,5,290
970,1,-2.23165504295,,0.0,0.00600600600601,1,-2.45064812605,0.120289335188,5,78
971,1,4.61431642441,1.0,6.0,0.00600600600601,0,-0.0203498118815,-0.324634139943,5,435
972,0,5.79605642396,5.0,,0.00600600600601,0,0.24928962682,0.0481875435021,5,363
973,1,2.69785640462,,4.0,0.00600600600601,0,-0.748881924377,-0.055497822253,5,482
974,0,5.25075349964,5.0,,0.00600600600601,0,-0.047901980461,0.394459441028,5,558
975,0,7.22978779069,6.0,,0.00600600600601,0,0.893382394959,-0.450359394191,5,135
976,1,4.32040589507,4.0,5.0,0.00600600600601,1,-0.0795546555173,-0.440930138382,5,486
977,1,-0.329546406645,,4.0,0.00600600600601,0,-1.7406545366,-0.107582796852,5,83
978,0,5.90790259339,5.0,,0.00600600600601,0,0.156024610798,0.439828760999,5,375
979,0,7.17322752877,6.0,,0.00600600600601,0,0.690448974398,0.10188060558,5,183
980,1,-2.08405948115,,0.0,0.00600600600601,1,-2.33205542359,-0.0878932103853,5,39
981,0,7.92128518999,5.0,,0.00600600600601,0,1.05763676562,-0.251625106876,5,668
982,1,5.99119206386,3.0,6.0,0.00600600600601,0,0.442678910994,-0.336844669125,5,459
983,0,6.09087869407,5.0,,0.00600600600601,0,0.261040192492,0.307758116597,5,118
984,1,1.09029647264,0.0,3.0,0.00600600600601,0,-1.31387060277,0.0319082809522,5,144
985,1,5.60381827503,4.0,6.0,0.00600600600601,0,0.0253452254726,0.527782598615,5,727
986,0,6.69873690257,6.0,,0.00600600600601,0,0.365737398431,0.601524707275,5,503
987,1,2.98800430655,1.0,6.0,0.00600600600601,0,-0.644527215358,-0.0784140473796,5,518
988,0,8.0866548828,3.0,,0.00600600600601,0,0.794397835617,0.703461375949,5,559
989,0,4.33904368566,4.0,,0.00600600600601,0,-0.459470042394,0.717453812838,5,3
990,0,10.4609610221,5.0,,0.00600600600601,0,1.50511133866,0.945627006093,5,588
991,0,6.71001821305,4.0,,0.00600600600601,0,0.282050946077,0.863865374818,5,586
992,0,7.89675283247,3.0,,0.00600600600601,0,0.987039146424,-0.0643646068037,5,69
993,0,6.03070637958,6.0,,0.00600600600601,0,0.406442365376,-0.188620716543,5,183
994,1,3.88080331999,3.0,4.0,0.00600600600601,1,-0.125746717103,-0.741956528697,5,546
995,0,7.49374567965,4.0,,0.00600600600601,0,0.942863050346,-0.334843471386,5,409
996,0,6.45311828467,4.0,,0.00600600600601,0,0.156105467689,0.984801881608,5,96
997,0,7.66300675155,5.0,,0.00600600600601,0,0.901511172813,-0.0415267668938,5,214
998,1,-1.08075473571,,0.0,0.00600600600601,1,-1.98945794122,-0.112380912065,5,32
999,0,7.41622094688,5.0,,0.00600600600601,0,0.972004541738,-0.499792678338,5,73
