name,activated,threshold,before_activation_alters,after_activation_alters,degree,observed,var1,epsilon,constant,activation_order
0,1,0.141745450473,,15.0,0.152152152152,0,-1.19683600694,-1.26774652871,5,101
1,1,8.56316817533,7.0,9.0,0.0590590590591,0,1.26465279367,-0.230790205667,5,93
2,1,4.66480852036,,18.0,0.033033033033,0,-0.0526008567611,-0.17738890936,5,363
3,1,2.5511247182,,5.0,0.0590590590591,0,-0.849224416725,0.0987979683719,5,29
4,1,4.35634571886,,25.0,0.048048048048,0,-0.228584247914,0.0420984626059,5,449
5,1,6.80156867395,,40.0,0.122122122122,0,0.373222108833,0.681902347457,5,256
6,1,4.33373084537,1.0,59.0,0.12012012012,0,-0.461767179476,0.719032383796,5,460
7,1,2.52940578862,1.0,7.0,0.0840840840841,0,-1.32426123265,1.50218948657,5,50
8,1,4.04925196629,,5.0,0.166166166166,0,-0.177461726942,-0.418362852883,5,28
9,1,2.6371744317,,8.0,0.176176176176,0,-1.01919296856,0.694753337376,5,38
10,1,11.1465977077,2.0,106.0,0.133133133133,0,1.95120915353,0.292970247135,5,809
11,1,7.75155087054,,17.0,0.158158158158,0,1.14321445842,-0.678092504709,5,71
12,1,1.70515620116,,16.0,0.17017017017,0,-0.848648960848,-0.748896916294,5,75
13,1,-0.245821063174,,23.0,0.121121121121,0,-1.62321459017,-0.376177292667,5,111
14,1,6.33435435573,,20.0,0.0600600600601,0,0.470272979278,-0.0764645821038,5,322
15,1,9.1505424588,,79.0,0.0980980980981,0,1.80474684521,-1.26369807683,5,793
16,1,8.77223891644,3.0,9.0,0.043043043043,0,1.12528604084,0.396380793912,5,183
17,1,2.18745310993,,3.0,0.044044044044,0,-0.808497234879,-0.387055185432,5,17
18,1,4.31295961003,4.0,27.0,0.048048048048,0,-0.0238010322803,-0.615637293125,5,525
19,1,9.51054410081,4.0,10.0,0.045045045045,0,1.4414547314,0.186179906606,5,57
20,1,6.59022535684,,78.0,0.0920920920921,0,0.701412418233,-0.514011897857,5,903
21,1,7.58145964384,7.0,37.0,0.0600600600601,0,0.732400172184,0.384259127291,5,603
22,1,-0.428803595999,,4.0,0.042042042042,0,-1.94903424775,0.418299147243,5,64
23,1,4.82639421618,4.0,40.0,0.0640640640641,0,0.253776490617,-0.934935255667,5,682
24,1,4.50189341571,3.0,5.0,0.042042042042,0,-0.737074467254,1.71311681747,5,46
25,1,6.33685253805,4.0,8.0,0.0570570570571,0,0.233234657541,0.637148565431,5,97
26,1,5.52383906275,,13.0,0.036036036036,0,0.0707544361559,0.311575754283,5,295
27,1,4.95954514464,,10.0,0.023023023023,0,-0.178492957522,0.495024017203,5,238
28,1,0.265802124281,,16.0,0.042042042042,0,-1.62167552303,0.130828693382,5,313
29,1,-1.42254259489,,0.0,0.026026026026,1,-1.8625614982,-0.834858100292,5,1
30,1,9.57267536409,9.0,12.0,0.035035035035,0,1.71911238486,-0.584661790478,5,279
31,1,8.03420110227,,10.0,0.027027027027,0,0.414663317743,1.79021114904,5,195
32,1,2.10675753052,1.0,3.0,0.041041041041,0,-1.1734759397,0.62718534963,5,41
33,1,4.66665833451,4.0,10.0,0.046046046046,0,0.206365249578,-0.952437414221,5,174
34,1,10.7801326186,,22.0,0.043043043043,0,1.60641557583,0.960885891088,5,549
35,1,6.72796025311,,25.0,0.0680680680681,0,0.593364303819,-0.0521326583471,5,249
36,1,0.833206511944,,6.0,0.0520520520521,0,-1.58908238562,0.600453668802,5,52
37,1,6.60148732397,,11.0,0.0520520520521,0,0.684750502533,-0.452764183633,5,154
38,1,1.00072023027,,15.0,0.046046046046,0,-1.36319034088,0.0902912528977,5,323
39,1,8.96240142726,3.0,33.0,0.102102102102,0,1.32053280568,0.000803010237021,5,269
40,1,1.7907285386,,45.0,0.0540540540541,0,-0.827776066639,-0.725943261482,5,786
41,1,8.12192221315,4.0,22.0,0.0500500500501,0,0.896150600645,0.433470411212,5,331
42,1,11.2870990682,5.0,19.0,0.025025025025,0,1.91356623228,0.546400371336,5,729
43,1,1.47539455819,1.0,6.0,0.0590590590591,0,-0.824990239409,-1.04963472358,5,90
44,1,1.19789537494,0.0,4.0,0.036036036036,0,-1.41138358281,0.432046123369,5,56
45,1,0.630576887111,,10.0,0.0660660660661,0,-1.58984172303,0.400102056209,5,119
46,1,5.60397124442,2.0,14.0,0.0560560560561,0,0.309922991915,-0.325797731324,5,259
47,1,7.57937631291,7.0,14.0,0.036036036036,0,1.00286797352,-0.429227607664,5,222
48,1,4.8655967199,2.0,7.0,0.023023023023,0,-0.209633063313,0.494495909841,5,132
49,1,6.57236779238,0.0,22.0,0.036036036036,0,0.541447083504,-0.0519734581336,5,647
50,1,10.291050662,9.0,15.0,0.033033033033,0,1.34694956955,1.25020195334,5,337
51,1,6.05940100879,3.0,20.0,0.0580580580581,0,0.302879146635,0.150763568887,5,285
52,1,3.55702653856,3.0,6.0,0.036036036036,0,-0.722421215484,0.724290185009,5,117
53,1,4.37643444986,3.0,18.0,0.046046046046,0,0.109666455688,-0.952564917201,5,258
54,1,7.33759112164,7.0,16.0,0.0500500500501,0,0.657677528639,0.364558535727,5,356
55,1,1.10814393528,0.0,9.0,0.021021021021,0,-1.39963957528,0.307062661126,5,265
56,1,3.72499862603,2.0,16.0,0.033033033033,0,-0.187007203502,-0.713979763462,5,316
57,1,3.82222910245,3.0,4.0,0.013013013013,1,-0.410925533951,0.0550057042986,5,80
58,1,4.32005631448,,14.0,0.039039039039,0,-0.0628542051559,-0.491381070056,5,220
59,1,1.17134983504,,7.0,0.02002002002,0,-1.47317571701,0.590876986084,5,145
60,1,8.1795224593,5.0,10.0,0.025025025025,0,1.0539498617,0.0176728742055,5,367
61,1,6.14929758735,6.0,9.0,0.00900900900901,0,0.202875828921,0.540670100592,5,685
62,1,2.53996878153,2.0,10.0,0.021021021021,0,-0.728239125267,-0.275313842666,5,385
63,1,4.71835237369,3.0,10.0,0.019019019019,0,-0.488133851784,1.18275392904,5,203
64,1,2.7584884326,2.0,4.0,0.035035035035,0,-0.680950848877,-0.198659020768,5,72
65,1,9.42832776662,0.0,27.0,0.036036036036,0,1.11132672541,1.09434759039,5,642
66,1,1.60376599535,0.0,8.0,0.033033033033,0,-0.933213888808,-0.596592338226,5,144
67,1,5.91187594606,0.0,23.0,0.036036036036,0,0.53713558238,-0.699530801076,5,635
68,1,5.84188021617,5.0,21.0,0.029029029029,0,0.482649381995,-0.606067929815,5,617
69,1,1.57680549902,1.0,19.0,0.036036036036,0,-0.868872772141,-0.816576184559,5,498
70,1,11.0389886571,11.0,25.0,0.038038038038,0,2.30590726552,-0.878733139495,5,657
71,1,3.69068189165,1.0,9.0,0.047047047047,0,-0.295539308521,-0.422700182783,5,180
72,1,5.66264749217,2.0,15.0,0.042042042042,0,-0.0108067550058,0.695067757183,5,400
73,1,5.83159058436,,10.0,0.04004004004,0,0.316208635727,-0.117035322821,5,201
74,1,1.7530390496,0.0,12.0,0.04004004004,0,-0.660133590668,-1.2665601784,5,210
75,1,1.93744271395,,15.0,0.032032032032,0,-0.871598145596,-0.447762849264,5,379
76,1,-3.55368199435,,0.0,0.0500500500501,1,-2.72374680455,-0.382441580702,5,16
77,1,4.05120383988,,15.0,0.028028028028,0,0.296354021642,-1.83785822505,5,514
78,1,8.60252080259,1.0,9.0,0.038038038038,0,1.16172075612,0.117358534245,5,272
79,1,7.97391761074,1.0,12.0,0.018018018018,0,0.991157305141,0.000445695317256,5,561
80,1,5.76068040719,3.0,24.0,0.026026026026,0,0.203215173807,0.151034885767,5,863
81,1,6.91548791198,0.0,7.0,0.041041041041,0,0.287804842063,1.05207338579,5,188
82,1,4.31985158694,2.0,12.0,0.034034034034,0,-0.0650864843476,-0.484888960021,5,165
83,1,-0.542901773306,,1.0,0.029029029029,0,-1.48618753758,-1.08433916057,5,39
84,1,9.37838467692,7.0,14.0,0.03003003003,0,1.21731777643,0.726431347615,5,388
85,1,3.42460092249,2.0,5.0,0.019019019019,0,-0.397989265367,-0.381431281405,5,214
86,1,3.23630262402,3.0,10.0,0.02002002002,0,-0.569482617817,-0.055249522526,5,327
87,1,-0.667909554229,,5.0,0.017017017017,0,-1.54445693195,-1.03453875838,5,162
88,1,4.08124199678,,12.0,0.016016016016,0,-0.187382922941,-0.356609234392,5,659
89,1,4.51550268049,,8.0,0.035035035035,0,-0.225534713777,0.192106821819,5,168
90,1,12.107423627,9.0,18.0,0.022022022022,0,2.23445662256,0.404053759335,5,600
91,1,9.12831010451,8.0,12.0,0.015015015015,0,1.16749558365,0.625823353564,5,689
92,1,5.79328477733,4.0,7.0,0.021021021021,0,0.215991261327,0.145310993352,5,274
93,1,6.23055415226,3.0,7.0,0.019019019019,0,0.220118861676,0.57019756723,5,197
94,1,5.49835209377,,6.0,0.016016016016,0,0.20492396668,-0.116419806273,5,136
95,1,5.92548811442,2.0,10.0,0.021021021021,0,0.228943518434,0.238657559116,5,487
96,1,3.72546288003,0.0,4.0,0.02002002002,0,-0.603399351642,0.535660934954,5,84
97,1,6.92322535796,4.0,16.0,0.024024024024,0,0.932916535729,-0.875524249227,5,497
98,1,5.11930160712,2.0,18.0,0.021021021021,0,-0.247317989745,0.861255576355,5,808
99,1,1.48577688421,,6.0,0.03003003003,0,-1.24386406169,0.217369069269,5,131
100,1,8.05169216706,2.0,10.0,0.028028028028,0,0.827582533014,0.568944568017,5,235
101,1,5.40728041394,4.0,7.0,0.025025025025,0,0.451040960045,-0.945842466197,5,303
102,1,2.12862695165,,9.0,0.012012012012,0,-0.937413804563,-0.0591316346611,5,342
103,1,4.91073340855,,5.0,0.029029029029,0,-0.379203820653,1.04834487051,5,149
104,1,7.11396302751,3.0,9.0,0.024024024024,0,1.45886054821,-2.26261861713,5,264
105,1,2.04357994548,,3.0,0.033033033033,0,-1.00515594554,0.0590477820953,5,116
106,1,5.65369915081,,11.0,0.027027027027,0,0.0228677604441,0.585095869473,5,248
107,1,3.63405900488,2.0,5.0,0.022022022022,0,-1.06836553497,1.83915560979,5,176
108,1,7.79198756751,6.0,26.0,0.043043043043,0,0.897594986198,0.099202608916,5,653
109,1,2.21266433305,1.0,8.0,0.027027027027,0,-0.408822197091,-1.56086907568,5,209
110,1,7.24343366256,7.0,11.0,0.011011011011,0,0.484098600423,0.791137861292,5,613
111,1,5.85572497631,0.0,9.0,0.028028028028,0,0.58352536587,-0.894851121299,5,268
112,1,3.61764765596,3.0,16.0,0.026026026026,0,-0.152720466145,-0.924190945604,5,521
113,1,8.41603518482,4.0,13.0,0.028028028028,0,0.888830485023,0.749543729748,5,413
114,1,7.1673823108,,10.0,0.017017017017,0,0.783684763759,-0.183671980473,5,376
115,1,8.89605933924,,14.0,0.026026026026,0,1.07592832467,0.668274365222,5,381
116,1,3.60922996235,1.0,4.0,0.017017017017,0,-0.843845719634,1.14076712125,5,227
117,1,6.32220617337,5.0,15.0,0.021021021021,0,0.915216721357,-1.4234439907,5,679
118,1,5.9527400129,,22.0,0.038038038038,0,0.300331169012,0.0517465058626,5,496
119,1,5.32283327608,3.0,7.0,0.017017017017,0,0.0392491282402,0.205085891361,5,297
120,1,3.79622884198,0.0,6.0,0.017017017017,0,0.03129326579,-1.29765095539,5,311
121,1,6.25298615141,6.0,8.0,0.011011011011,0,0.186064424301,0.694792878511,5,598
122,1,6.61352257158,6.0,21.0,0.021021021021,0,0.682640066709,-0.434397628549,5,925
123,1,3.14721371977,3.0,10.0,0.017017017017,0,-0.440552129806,-0.531129890815,5,473
124,1,8.83335863934,2.0,12.0,0.022022022022,0,1.06209850936,0.647063111259,5,401
125,1,6.03454512374,6.0,8.0,0.014014014014,0,0.538096194221,-0.579743458926,5,537
126,1,4.52450046862,2.0,5.0,0.02002002002,0,0.121180362853,-0.83904061994,5,109
127,1,3.17679643137,2.0,6.0,0.01001001001,0,-0.412867372929,-0.584601449846,5,577
128,1,10.1307607317,10.0,15.0,0.023023023023,0,1.56760689131,0.427940057732,5,550
129,1,3.58999979396,0.0,4.0,0.019019019019,0,-0.736796587948,0.800389557805,5,102
130,1,13.2998754849,8.0,14.0,0.035035035035,0,2.3330141708,1.30083297253,5,302
131,1,3.59493590457,2.0,14.0,0.015015015015,0,-0.632387511523,0.492098439137,5,889
132,1,4.23039339969,4.0,7.0,0.02002002002,0,-0.350717805709,0.282546816817,5,277
133,1,6.28909670035,,8.0,0.037037037037,0,0.171313232159,0.775157003876,5,193
134,1,1.11102017205,,3.0,0.041041041041,0,-1.32826124875,0.0958039182983,5,49
135,1,4.8220511224,2.0,5.0,0.023023023023,0,0.603366922442,-1.98804964493,5,221
136,1,4.48892183611,4.0,13.0,0.028028028028,0,0.0698122934957,-0.720515044372,5,364
137,1,5.24247273733,5.0,9.0,0.021021021021,0,-0.110715111913,0.574618073069,5,282
138,1,8.02480972803,4.0,9.0,0.013013013013,0,0.895784132154,0.337457331567,5,663
139,1,0.240542892464,0.0,12.0,0.017017017017,0,-1.50065115327,-0.257503647724,5,588
140,1,-0.63549618145,,2.0,0.027027027027,0,-1.82694244245,-0.154668854115,5,95
141,1,5.81219334108,4.0,7.0,0.029029029029,0,0.147780251022,0.368852588018,5,121
142,1,2.49435725575,2.0,10.0,0.028028028028,0,-0.919890988899,0.254030222442,5,369
143,1,6.79023358231,,19.0,0.025025025025,0,0.396765903366,0.599935872214,5,677
144,1,5.4517351129,,7.0,0.017017017017,0,0.582420557425,-1.29552655937,5,251
145,1,10.0064315661,0.0,15.0,0.024024024024,0,1.69581104541,-0.0810015700951,5,509
146,1,-0.448357355223,,11.0,0.037037037037,0,-1.88517006329,0.207152834639,5,126
147,1,6.66130710642,1.0,19.0,0.025025025025,0,0.519231532366,0.103612509319,5,660
148,1,2.48456386479,0.0,3.0,0.028028028028,0,-0.807614479854,-0.0925926956455,5,127
149,1,-0.460043991803,,0.0,0.017017017017,1,-1.4992562042,-0.962275379202,5,35
150,1,-0.0240896510603,,0.0,0.037037037037,1,-1.43800339322,-0.710079471395,5,14
151,1,5.13287611529,3.0,16.0,0.028028028028,0,0.377779591394,-1.00046265889,5,371
152,1,5.78737639047,5.0,9.0,0.01001001001,0,0.144358599937,0.354300590656,5,530
153,1,3.53134503626,,9.0,0.02002002002,0,-0.323947346681,-0.496812923693,5,508
154,1,0.955292502304,0.0,4.0,0.01001001001,0,-1.63221998467,0.851952456316,5,257
155,1,8.17323089674,3.0,13.0,0.017017017017,0,0.860381442542,0.592086569117,5,713
156,1,5.34036719929,,10.0,0.014014014014,0,-0.0724045112325,0.557580732986,5,510
157,1,3.1323380084,3.0,5.0,0.022022022022,0,-0.353972054057,-0.80574582943,5,107
158,1,3.07788604388,1.0,6.0,0.026026026026,0,-0.274545911412,-1.09847622189,5,81
159,1,3.08482702189,3.0,4.0,0.014014014014,1,-0.371729531231,-0.799984384416,5,133
160,1,6.53729833421,1.0,14.0,0.021021021021,0,0.843119107685,-0.992058988842,5,548
161,1,11.2677693246,10.0,13.0,0.018018018018,0,1.78976843052,0.898464033036,5,350
162,1,3.51274619459,,6.0,0.02002002002,0,-0.610914037387,0.345488306751,5,113
163,1,7.24033243308,1.0,15.0,0.02002002002,0,0.553363363679,0.580242342041,5,712
164,1,3.41129457132,0.0,4.0,0.023023023023,0,-0.995059360264,1.39647265212,5,240
165,1,3.95666150967,2.0,8.0,0.025025025025,0,-0.532337324916,0.553673484413,5,278
166,1,4.18080548233,1.0,7.0,0.013013013013,0,-0.311993277027,0.116785313408,5,253
167,1,7.40300271602,2.0,8.0,0.018018018018,0,0.871242844042,-0.210725816109,5,246
168,1,6.27742559785,0.0,8.0,0.019019019019,0,0.406145952565,0.0589877401517,5,110
169,1,10.045823955,6.0,16.0,0.022022022022,0,2.0032059734,-0.963793965163,5,717
170,1,6.2985947628,4.0,12.0,0.019019019019,0,0.524582154746,-0.275151701441,5,370
171,1,7.92465590509,0.0,14.0,0.019019019019,0,0.818340695715,0.469633817947,5,764
172,1,2.7002826341,,3.0,0.021021021021,0,-0.642599283586,-0.371919515143,5,55
173,1,10.9666848821,6.0,12.0,0.02002002002,0,1.54531275609,1.33074661381,5,406
174,1,5.36156345429,,6.0,0.022022022022,0,0.32086740575,-0.601038762961,5,175
175,1,3.16815793305,3.0,5.0,0.015015015015,0,-0.69676855283,0.258463591544,5,181
176,1,7.10582938508,7.0,15.0,0.023023023023,0,0.797278019821,-0.286004674381,5,725
177,1,4.31729972079,0.0,10.0,0.019019019019,0,-0.000477337301901,-0.681268267303,5,310
178,1,5.82651443724,2.0,9.0,0.014014014014,0,0.713581670462,-1.31423057415,5,341
179,1,6.96302785812,1.0,8.0,0.024024024024,0,0.728483765296,-0.222423437771,5,160
180,1,3.80534060312,,7.0,0.022022022022,0,-0.296653031695,-0.30470030179,5,146
181,1,0.606113944904,,2.0,0.014014014014,0,-1.51907405017,0.163336095426,5,159
182,1,5.56708412709,0.0,16.0,0.019019019019,0,-1.29635043852e-05,0.567123017606,5,596
183,1,0.714938448397,,6.0,0.017017017017,0,-1.30799357217,-0.36108083509,5,211
184,1,5.38388311263,0.0,10.0,0.017017017017,0,0.315310715273,-0.562049033188,5,308
185,1,10.2283230857,7.0,13.0,0.016016016016,0,1.5319475573,0.632480413746,5,601
186,1,3.00044792391,,10.0,0.017017017017,0,-0.374791193577,-0.875178495356,5,378
187,1,7.08543323384,0.0,9.0,0.016016016016,0,1.01559240305,-0.961343975302,5,368
188,1,2.03294583018,2.0,6.0,0.021021021021,0,-0.937496682961,-0.154564120938,5,340
189,1,7.4479586719,3.0,8.0,0.00900900900901,0,0.700156786964,0.347488311009,5,557
190,1,3.63244164495,2.0,6.0,0.011011011011,0,-0.726720697279,0.81260373679,5,576
191,1,4.13781653589,3.0,8.0,0.01001001001,0,-0.624203104854,1.01042585045,5,570
192,1,2.77164661447,2.0,8.0,0.019019019019,0,-0.747818352014,0.0151016705157,5,275
193,1,4.47126036612,2.0,5.0,0.019019019019,0,0.0724878302478,-0.746203124623,5,77
194,1,0.147855546488,,1.0,0.016016016016,0,-1.17988323684,-1.31249474299,5,118
195,1,4.85457136793,,7.0,0.014014014014,0,-0.140020254134,0.274632130328,5,469
196,1,2.13085170033,1.0,5.0,0.013013013013,0,-0.769281157304,-0.561304827759,5,100
197,1,1.912779449,,15.0,0.034034034034,0,-1.08302986342,0.161869039255,5,397
198,1,3.34839231833,,8.0,0.02002002002,0,-0.0820615123291,-1.40542314468,5,429
199,1,0.47919810664,,1.0,0.019019019019,0,-1.65068676302,0.4312583957,5,9
200,1,0.880212821465,0.0,14.0,0.022022022022,0,-1.35935020737,-0.0417365564161,5,671
201,1,7.63404880308,5.0,9.0,0.011011011011,0,0.873508383948,0.01352365124,5,328
202,1,5.19967147403,,7.0,0.023023023023,0,0.203274136765,-0.410150936271,5,190
203,1,9.78288578428,8.0,10.0,0.012012012012,0,1.28296153453,0.934001180685,5,732
204,1,1.55712217947,0.0,2.0,0.019019019019,0,-1.13097685098,-0.0499472675817,5,60
205,1,1.24647136499,0.0,9.0,0.013013013013,0,-1.29481161292,0.130906203756,5,519
206,1,8.65866105823,4.0,13.0,0.015015015015,0,1.08579343275,0.401280759994,5,726
207,1,8.61169897902,,15.0,0.022022022022,0,1.24418826484,-0.120865815499,5,523
208,1,2.61466363346,0.0,5.0,0.012012012012,0,-0.710114189016,-0.254993799495,5,233
209,1,3.12198982964,3.0,4.0,0.02002002002,1,-1.07189039168,1.33766100467,5,141
210,1,-0.370097972864,,0.0,0.018018018018,1,-1.64204281974,-0.443969513646,5,11
211,1,-0.0184910717005,,2.0,0.015015015015,0,-2.09642881936,1.27079538638,5,43
212,1,4.53623602762,1.0,5.0,0.018018018018,0,-0.0975913723088,-0.170989855457,5,244
213,1,0.531816530067,0.0,1.0,0.014014014014,1,-1.48628691436,-0.00932272686224,5,125
214,1,6.60966744864,6.0,9.0,0.013013013013,0,0.0258008130387,1.53226500953,5,474
215,1,8.03395081175,7.0,10.0,0.013013013013,0,0.252699395653,2.27585262479,5,611
216,1,5.27859335443,5.0,6.0,0.011011011011,1,0.453642844964,-1.08233518046,5,480
217,1,-0.94432660805,,3.0,0.016016016016,0,-2.10324252935,0.365400979995,5,115
218,1,10.3904372248,10.0,12.0,0.022022022022,0,1.74289633353,0.161748224149,5,668
219,1,4.95008675349,,5.0,0.02002002002,0,-0.0606818438282,0.132132284973,5,294
220,1,7.47214787122,,8.0,0.013013013013,0,0.558654619134,0.796184013815,5,720
221,1,3.48736638681,3.0,7.0,0.011011011011,0,-0.547480178584,0.129806922564,5,747
222,1,6.27297932164,2.0,11.0,0.012012012012,0,0.155311286082,0.807045463396,5,782
223,1,4.40511012668,2.0,5.0,0.015015015015,0,0.159452118196,-1.07324622791,5,152
224,1,10.3584951689,5.0,18.0,0.024024024024,0,1.88036986865,-0.282614437057,5,779
225,1,4.73204662635,1.0,5.0,0.01001001001,0,-0.946850068831,2.57259683284,5,612
226,1,5.01531213989,,7.0,0.017017017017,0,-0.636048611477,1.92345797432,5,194
227,1,9.37978719517,9.0,14.0,0.014014014014,0,1.24131532655,0.655841215538,5,917
228,1,4.19314918212,1.0,9.0,0.022022022022,0,-0.175788557973,-0.279485143963,5,326
229,1,3.95943800091,2.0,4.0,0.014014014014,0,0.0661562840918,-1.23903085136,5,373
230,1,4.69396008463,4.0,10.0,0.014014014014,0,-0.256011391625,0.461994259505,5,774
231,1,5.32551582501,,6.0,0.021021021021,0,0.0301292328564,0.235128126441,5,199
232,1,5.44046255315,0.0,7.0,0.019019019019,0,0.19656391375,-0.149229188102,5,202
233,1,4.89896546098,4.0,5.0,0.017017017017,1,0.408347427264,-1.32607682081,5,219
234,1,6.66913370571,5.0,9.0,0.017017017017,0,0.503893680548,0.15745266407,5,633
235,1,4.97534138071,1.0,5.0,0.015015015015,0,0.095290772516,-0.310530936837,5,405
236,1,5.30754517302,0.0,8.0,0.015015015015,0,0.0549870448136,0.142584038584,5,462
237,1,5.63207247367,,6.0,0.015015015015,0,-0.0379202683319,0.745833278664,5,212
238,1,3.8943502538,2.0,10.0,0.019019019019,0,-0.393632626943,0.0752481346281,5,491
239,1,7.00388592462,2.0,15.0,0.015015015015,0,0.65829767417,0.0289929021085,5,906
240,1,8.48282032088,6.0,9.0,0.012012012012,0,1.24868235751,-0.263226751667,5,714
241,1,8.07902102251,8.0,9.0,0.014014014014,1,0.636401539783,1.16981640316,5,518
242,1,9.72426805444,3.0,10.0,0.02002002002,0,1.48864755223,0.258325397751,5,542
243,1,2.19859083826,,8.0,0.021021021021,0,-1.01924531864,0.256326794164,5,447
244,1,3.88212976104,,7.0,0.016016016016,0,0.635913293262,-3.02561011875,5,241
245,1,8.08889944408,5.0,13.0,0.021021021021,0,1.03187877729,-0.0067368878068,5,592
246,1,5.6004393479,3.0,6.0,0.011011011011,0,0.384334798529,-0.552565047682,5,589
247,1,0.799322511206,0.0,3.0,0.015015015015,0,-1.5348639983,0.403914506098,5,96
248,1,6.38830307086,1.0,14.0,0.018018018018,0,0.412855800172,0.149735670344,5,751
249,1,5.9115142189,5.0,7.0,0.012012012012,0,0.186958691092,0.350638145629,5,471
250,1,-1.49157191667,,4.0,0.01001001001,0,-1.43256885945,-2.19386533831,5,365
251,1,7.18158508584,4.0,10.0,0.014014014014,0,0.717972777926,0.0276667520602,5,705
252,1,-2.91925448892,,3.0,0.011011011011,0,-2.71433489844,0.223750206396,5,166
253,1,3.34974186808,,9.0,0.012012012012,0,-0.592863718478,0.128333023509,5,481
254,1,4.1319334703,0.0,6.0,0.011011011011,0,-0.33476252694,0.136221051123,5,218
255,1,0.144505072113,,4.0,0.01001001001,0,-1.89226490988,0.821299801739,5,151
256,1,5.15129864487,5.0,9.0,0.017017017017,0,-0.0196603155711,0.210279591588,5,484
257,1,0.594084516622,,3.0,0.013013013013,0,-1.07222968202,-1.18922643733,5,173
258,1,6.60896967978,,14.0,0.019019019019,0,0.671990603398,-0.407002130416,5,683
259,1,-0.504684890935,,10.0,0.017017017017,0,-1.24343940789,-1.77436666728,5,293
260,1,2.58848568641,0.0,11.0,0.018018018018,0,-0.160320714769,-1.93055216928,5,495
261,1,5.23916670558,0.0,9.0,0.021021021021,0,0.154496890006,-0.224323964434,5,541
262,1,2.71047223653,1.0,3.0,0.011011011011,0,-0.947544606833,0.553106057024,5,290
263,1,8.41697961918,0.0,10.0,0.017017017017,0,0.787389926112,1.05480984084,5,402
264,1,1.46312988487,,3.0,0.014014014014,0,-1.20606546186,0.0813262704405,5,83
265,1,8.80552593748,7.0,10.0,0.022022022022,0,1.533212255,-0.794110827515,5,330
266,1,4.37385036436,,16.0,0.018018018018,0,-0.0986326080727,-0.330251811423,5,821
267,1,1.6120186452,0.0,2.0,0.014014014014,0,-1.00787759921,-0.364348557179,5,130
268,1,3.98998158814,2.0,15.0,0.024024024024,0,-0.563960906925,0.681864308911,5,528
269,1,0.950660042906,,7.0,0.012012012012,0,-0.708764250753,-1.92304720483,5,298
270,1,4.96291555986,4.0,6.0,0.00800800800801,0,0.0359814367131,-0.145028750284,5,560
271,1,6.40877333757,6.0,15.0,0.022022022022,0,0.490273481324,-0.0620471063983,5,811
272,1,5.4706940692,0.0,14.0,0.016016016016,0,0.493506254553,-1.00982469446,5,936
273,1,1.87766842203,1.0,2.0,0.023023023023,1,-1.43739930262,1.18986632989,5,32
274,1,1.9924931701,1.0,3.0,0.022022022022,0,-0.752927251801,-0.748725074492,5,105
275,1,-5.04149603491,,0.0,0.00900900900901,1,-3.65181244528,0.913941300922,5,34
276,1,6.51596923285,,7.0,0.012012012012,0,0.332399103371,0.518771922738,5,534
277,1,-1.70888085018,,0.0,0.027027027027,1,-1.91442382104,-0.965609387061,5,7
278,1,6.59252021541,6.0,14.0,0.02002002002,0,0.20994948331,0.962671765481,5,673
279,1,5.41764018002,4.0,6.0,0.012012012012,0,0.156000899074,-0.0503625172018,5,394
280,1,2.14779534317,0.0,4.0,0.02002002002,0,-0.756080708816,-0.583962530376,5,123
281,1,1.44679658598,1.0,3.0,0.012012012012,0,-1.0835763841,-0.302474261716,5,424
282,1,6.21167872066,6.0,9.0,0.015015015015,0,0.486450373862,-0.24767240093,5,503
283,1,4.84846150809,3.0,6.0,0.01001001001,0,-0.236885384327,0.559117661071,5,420
284,1,4.86844424052,2.0,8.0,0.017017017017,0,0.121156842254,-0.495026286241,5,380
285,1,7.89910504466,6.0,11.0,0.012012012012,0,1.0206550285,-0.162860040838,5,758
286,1,2.09557183771,1.0,6.0,0.01001001001,0,-0.942853457823,-0.0758677888168,5,624
287,1,8.86695756562,7.0,9.0,0.01001001001,0,0.987921432079,0.903193269381,5,920
288,1,5.00683397324,5.0,9.0,0.016016016016,0,-0.238995492041,0.723820449366,5,423
289,1,6.85375143201,,8.0,0.02002002002,0,0.478173754694,0.419230167925,5,489
290,1,7.51647287754,,12.0,0.018018018018,0,0.873390747764,-0.103699365753,5,643
291,1,7.32974513624,7.0,10.0,0.012012012012,0,0.464355351358,0.936679082166,5,551
292,1,9.63396740631,8.0,11.0,0.02002002002,0,1.8825276585,-1.01361556918,5,453
293,1,6.09478020804,2.0,12.0,0.018018018018,0,0.443212626114,-0.234857670306,5,681
294,1,1.0465658967,,10.0,0.018018018018,0,-1.16423774285,-0.460720874761,5,516
295,1,-0.336199061542,,1.0,0.014014014014,0,-1.73499588386,-0.131211409949,5,88
296,1,3.729885562,2.0,12.0,0.018018018018,0,-0.418210598883,-0.0154826413521,5,723
297,1,4.71940333615,3.0,5.0,0.024024024024,0,0.0300321625885,-0.370693151612,5,292
298,1,4.38708278512,,7.0,0.013013013013,0,0.0940193773443,-0.894975346916,5,353
299,1,10.5615829472,6.0,12.0,0.022022022022,0,1.86088086429,-0.0210596456529,5,435
300,1,5.42235510821,4.0,15.0,0.019019019019,0,0.364450314287,-0.670995834649,5,658
301,1,5.50096406032,1.0,8.0,0.011011011011,0,-0.015156095458,0.546432346696,5,437
302,1,7.22248881356,5.0,10.0,0.013013013013,0,0.832586525745,-0.275270763677,5,805
303,1,1.51908596194,0.0,11.0,0.017017017017,0,-0.434112301658,-2.17857713308,5,711
304,1,3.7989451935,1.0,4.0,0.014014014014,0,-0.846698504772,1.33904070781,5,231
305,1,3.68179080175,3.0,7.0,0.015015015015,0,-0.899802164852,1.38119729631,5,468
306,1,5.78522583981,0.0,12.0,0.014014014014,0,0.230357433764,0.0941535385215,5,918
307,1,5.18311987639,0.0,7.0,0.01001001001,0,-0.0896999915654,0.452219851082,5,351
308,1,4.89731637342,0.0,5.0,0.025025025025,0,-0.241404002235,0.621528380122,5,191
309,1,6.16897553443,3.0,7.0,0.014014014014,0,-0.0481013089891,1.3132794614,5,395
310,1,0.650174635703,,3.0,0.018018018018,0,-1.27491912411,-0.525067991975,5,82
311,1,0.883817261578,,1.0,0.01001001001,0,-1.32576956318,-0.138874048877,5,186
312,1,3.64883844898,3.0,5.0,0.015015015015,0,-0.426494137304,-0.0716791391091,5,226
313,1,-1.34914954647,,0.0,0.018018018018,1,-1.95109229379,-0.495872665093,5,22
314,1,9.25219137876,6.0,11.0,0.015015015015,0,1.46461096266,-0.141641509211,5,781
315,1,3.95274596022,0.0,5.0,0.013013013013,0,-0.119738372419,-0.688038922525,5,314
316,1,1.4264568551,1.0,7.0,0.011011011011,0,-1.05704873593,-0.402396937111,5,317
317,1,2.82648633114,,3.0,0.01001001001,0,-0.882309005401,0.473413347344,5,106
318,1,4.51075788022,3.0,6.0,0.015015015015,0,-0.699936456038,1.61056724834,5,321
319,1,1.76724840537,0.0,6.0,0.012012012012,0,-1.40339357823,0.97742914007,5,329
320,1,3.63482745167,,4.0,0.017017017017,0,-0.562444142822,0.322159880135,5,99
321,1,6.09721202131,2.0,8.0,0.011011011011,0,0.871097252899,-1.51607973738,5,476
322,1,4.75462773,3.0,7.0,0.012012012012,0,-0.286961265543,0.61551152663,5,418
323,1,6.47157161792,6.0,10.0,0.012012012012,0,0.554960039763,-0.19330850137,5,605
324,1,4.26123076818,2.0,7.0,0.012012012012,0,0.211399161109,-1.37296671515,5,580
325,1,2.95597820499,0.0,12.0,0.017017017017,0,-0.292102910142,-1.16771306458,5,749
326,1,3.99809882347,,5.0,0.014014014014,0,-0.955111652505,1.86343378099,5,223
327,1,5.99208889088,4.0,12.0,0.014014014014,0,0.370678348207,-0.119946153745,5,795
328,1,9.90898495042,,11.0,0.011011011011,0,1.93615323163,-0.899474744468,5,922
329,1,3.56435581207,3.0,4.0,0.011011011011,1,-0.0462971824845,-1.29675264048,5,205
330,1,8.95504283779,8.0,9.0,0.01001001001,1,1.36286062312,-0.13353903158,5,939
331,1,6.78750736855,3.0,7.0,0.013013013013,0,0.792207316798,-0.589114581847,5,355
332,1,3.05402653916,0.0,7.0,0.014014014014,0,-0.644465723025,-0.012576291764,5,343
333,1,7.63535412857,5.0,9.0,0.016016016016,0,1.06217405172,-0.551168026601,5,740
334,1,-1.78750097045,,0.0,0.015015015015,1,-2.2815293882,0.0570871941368,5,44
335,1,6.77509707584,,13.0,0.014014014014,0,0.633134212789,-0.124305562521,5,694
336,1,2.80705390389,0.0,7.0,0.013013013013,0,-0.985438315697,0.763368850982,5,291
337,1,4.98397250187,0.0,8.0,0.017017017017,0,-0.0613442074575,0.168005124243,5,284
338,1,1.58694607168,0.0,2.0,0.014014014014,0,-1.29181286983,0.462384681159,5,92
339,1,5.85948560203,4.0,7.0,0.012012012012,0,0.720611805099,-1.30234981326,5,419
340,1,1.42632271774,1.0,3.0,0.02002002002,0,-1.14626283439,-0.134888779083,5,198
341,1,3.99339597588,3.0,4.0,0.015015015015,1,-0.329829292465,-0.0171161467259,5,122
342,1,2.09868031686,,4.0,0.00900900900901,0,-0.782036637681,-0.5552097701,5,170
343,1,5.14910158191,2.0,6.0,0.017017017017,0,-0.483035079957,1.59820682178,5,242
344,1,6.37467004159,4.0,9.0,0.01001001001,0,0.3280820102,0.390424010988,5,745
345,1,4.95947636611,4.0,11.0,0.013013013013,0,-0.341481984946,0.983922320953,5,850
346,1,5.10982361448,1.0,13.0,0.015015015015,0,-0.403043124577,1.31895298821,5,750
347,1,6.91943735407,2.0,10.0,0.011011011011,0,0.278423458511,1.08416697854,5,894
348,1,9.49711048159,2.0,13.0,0.014014014014,0,1.44583782992,0.159596991812,5,869
349,1,7.44959392086,5.0,8.0,0.00900900900901,0,0.733958387695,0.247718757771,5,862
350,1,2.61434410318,,3.0,0.012012012012,0,-0.82418210554,0.0868904197958,5,86
351,1,3.59426532005,3.0,6.0,0.014014014014,0,-0.582023682241,0.340336366773,5,299
352,1,6.77921740838,6.0,9.0,0.01001001001,0,0.786586053597,-0.580540752416,5,838
353,1,2.86244921504,2.0,5.0,0.019019019019,0,-1.1763299923,1.39143919194,5,247
354,1,6.64792266842,3.0,8.0,0.02002002002,0,0.842775417332,-0.880403583581,5,387
355,1,2.62353782443,,3.0,0.016016016016,0,-0.653386419664,-0.416302916575,5,73
356,1,8.86105427063,2.0,9.0,0.015015015015,0,1.36127202457,-0.222761803073,5,584
357,1,9.88442448937,2.0,10.0,0.017017017017,0,1.57790900974,0.150697460146,5,573
358,1,4.68664566714,0.0,9.0,0.012012012012,0,-0.451594724177,1.04142983968,5,797
359,1,5.14950526971,2.0,9.0,0.015015015015,0,-0.501699363162,1.65460335919,5,770
360,1,2.05340958416,1.0,5.0,0.015015015015,0,-1.12326063084,0.423191476662,5,357
361,1,3.21304554247,,5.0,0.016016016016,0,-0.83231775509,0.709998807743,5,206
362,1,6.85161381532,0.0,8.0,0.012012012012,0,0.383025115122,0.702538469949,5,513
363,1,10.4534351633,0.0,14.0,0.014014014014,0,2.08217678048,-0.793095178139,5,801
364,1,-1.05068282233,,0.0,0.00800800800801,1,-1.71583412709,-0.903180441044,5,48
365,1,5.58033324762,5.0,13.0,0.013013013013,0,0.426615963768,-0.699514643679,5,662
366,1,2.5049295811,0.0,3.0,0.014014014014,0,-0.865646789138,0.101869948519,5,217
367,1,5.22923607182,4.0,8.0,0.014014014014,0,-0.208451994836,0.854592056326,5,415
368,1,8.51693581921,4.0,11.0,0.014014014014,0,1.16212782005,0.0305523590691,5,575
369,1,3.79215224437,0.0,6.0,0.01001001001,0,-0.256337869336,-0.438834147626,5,384
370,1,6.46636432644,1.0,11.0,0.011011011011,0,0.549667586429,-0.182638432849,5,655
371,1,9.06250923957,9.0,14.0,0.016016016016,0,1.77392793014,-1.25927455084,5,769
372,1,4.98145145655,4.0,10.0,0.014014014014,0,-0.119882555975,0.341099124479,5,587
373,1,5.18200752179,4.0,8.0,0.01001001001,0,0.235878658842,-0.525628454733,5,640
374,1,5.6133960097,1.0,9.0,0.019019019019,0,-0.280627153287,1.45527746957,5,569
375,1,8.50408787663,1.0,11.0,0.016016016016,0,0.977199768887,0.572488569971,5,572
376,1,10.3029752925,8.0,11.0,0.016016016016,0,2.14063862394,-1.11894057935,5,721
377,1,7.19949946495,6.0,8.0,0.014014014014,0,0.70453040009,0.0859082646812,5,664
378,1,8.86431605498,7.0,9.0,0.01001001001,0,1.25667713946,0.0942846365962,5,788
379,1,3.85683042195,3.0,6.0,0.01001001001,0,-0.625292889983,0.732709091899,5,567
380,1,7.51543739144,0.0,12.0,0.013013013013,0,1.05101138015,-0.637596749007,5,924
381,1,6.60062947902,6.0,9.0,0.011011011011,0,0.423615352055,0.329783422859,5,524
382,1,4.31613112738,1.0,8.0,0.013013013013,0,-0.138538887355,-0.268252210555,5,445
383,1,4.79217534771,0.0,6.0,0.011011011011,0,-0.00475999418068,-0.193544669753,5,522
384,1,6.82620111373,6.0,7.0,0.015015015015,1,0.831423502016,-0.668069392323,5,362
385,1,0.309414994069,,14.0,0.016016016016,0,-1.42619535234,-0.411998948903,5,718
386,1,6.73824929088,,14.0,0.019019019019,0,0.404309758737,0.525320014669,5,631
387,1,2.66109974594,0.0,11.0,0.017017017017,0,-0.854377676381,0.224232775079,5,578
388,1,9.53074941258,9.0,10.0,0.012012012012,1,1.2735646796,0.710055373787,5,799
389,1,3.63535023584,3.0,8.0,0.011011011011,0,-0.147138151794,-0.923235308776,5,604
390,1,-2.57482102984,,0.0,0.018018018018,1,-2.24419648847,-0.842231564426,5,12
391,1,1.53142113147,,9.0,0.013013013013,0,-0.921492006441,-0.704102849208,5,490
392,1,3.28645145845,,12.0,0.013013013013,0,-0.360644000159,-0.631616541074,5,897
393,1,2.32103780938,,4.0,0.017017017017,0,-0.839571397088,-0.16024799936,5,187
394,1,6.39897930447,2.0,8.0,0.012012012012,0,0.714296627718,-0.74391057868,5,404
395,1,3.86989557241,3.0,7.0,0.016016016016,0,-0.4534532203,0.230255233306,5,585
396,1,5.90579317456,5.0,7.0,0.014014014014,0,0.0116906515647,0.870721219869,5,459
397,1,7.20618256401,4.0,11.0,0.018018018018,0,0.743784112308,-0.0251697729086,5,716
398,1,7.32959253445,7.0,9.0,0.012012012012,0,0.802179184935,-0.0769450203589,5,842
399,1,9.05501316079,2.0,12.0,0.02002002002,0,1.2726889466,0.236946321004,5,470
400,1,5.51198660133,5.0,12.0,0.014014014014,0,0.387952193951,-0.651869980522,5,615
401,1,10.3282149485,10.0,13.0,0.013013013013,0,1.71086638272,0.195615800323,5,883
402,1,0.242909046738,,1.0,0.011011011011,0,-1.70125461051,0.346672878257,5,36
403,1,11.514142418,,13.0,0.019019019019,0,2.30307255601,-0.395075250045,5,684
404,1,0.806961657848,0.0,1.0,0.00900900900901,1,-1.25888955946,-0.416369663778,5,114
405,1,1.60901889733,0.0,2.0,0.016016016016,0,-1.20408929652,0.221286786889,5,53
406,1,0.234580316488,0.0,3.0,0.01001001001,0,-1.29143029965,-0.891128784572,5,239
407,1,6.34232405786,6.0,8.0,0.012012012012,0,0.769095632082,-0.96496283839,5,620
408,1,4.97216323763,,5.0,0.011011011011,0,-0.165748499723,0.469408736795,5,167
409,1,4.12167953025,1.0,6.0,0.011011011011,0,-0.3249937049,0.0966606449507,5,562
410,1,8.33012233601,8.0,9.0,0.01001001001,1,0.977690634511,0.397050432477,5,832
411,1,1.64390995221,1.0,7.0,0.00800800800801,0,-1.02913634278,-0.268681019442,5,300
412,1,0.301306376007,,4.0,0.01001001001,0,-1.43030730524,-0.40777170826,5,161
413,1,-1.4403661726,,0.0,0.015015015015,1,-1.81572973541,-0.993176966363,5,2
414,1,6.94960579781,,8.0,0.012012012012,0,0.818761161705,-0.506677687304,5,733
415,1,7.7569824194,6.0,12.0,0.012012012012,0,0.93638104711,-0.0521607219317,5,933
416,1,5.48762534664,1.0,10.0,0.015015015015,0,-0.127007331283,0.868647340487,5,358
417,1,-2.65406761141,,2.0,0.014014014014,0,-2.11322189524,-1.31440192569,5,171
418,1,3.65694278489,,5.0,0.012012012012,0,-0.375682742403,-0.216008987904,5,228
419,0,11.6450276678,9.0,,0.00900900900901,0,1.87730247131,1.01312025383,5,558
420,1,9.91939283217,0.0,11.0,0.012012012012,0,1.40885086764,0.69284022924,5,760
421,1,-0.62117052756,,0.0,0.014014014014,1,-1.88274496365,0.0270643633863,5,8
422,1,3.1803662268,1.0,4.0,0.01001001001,0,-0.405289933838,-0.603763971686,5,124
423,1,5.9103843287,2.0,6.0,0.012012012012,0,0.312451284966,-0.0269695261945,5,597
424,1,2.24378911615,1.0,7.0,0.012012012012,0,-0.865688116606,-0.159146534029,5,623
425,1,2.26546681486,,5.0,0.018018018018,0,-0.43096021116,-1.44165255166,5,67
426,1,6.18791191892,6.0,7.0,0.011011011011,1,-0.00734218499778,1.20993847391,5,724
427,1,0.0483863620262,0.0,8.0,0.013013013013,0,-1.71860543591,0.204202669744,5,390
428,1,3.24684443274,3.0,6.0,0.012012012012,0,-0.597430108159,0.0391347572177,5,135
429,1,4.12897866753,0.0,5.0,0.013013013013,0,-0.4171423657,0.380405764629,5,280
430,1,1.82334272671,,5.0,0.012012012012,0,-0.565686177372,-1.47959874117,5,261
431,1,6.01056430048,5.0,9.0,0.017017017017,0,0.713285060382,-1.12929088066,5,229
432,1,-0.446007248185,,5.0,0.017017017017,0,-1.64500077429,-0.511004925309,5,129
433,1,1.45552988635,1.0,2.0,0.015015015015,1,-1.17217837332,-0.027934993677,5,63
434,1,-2.7337761315,,0.0,0.011011011011,1,-2.10185851302,-1.42820059243,5,6
435,1,6.06217032601,6.0,7.0,0.011011011011,1,0.427280024059,-0.219669746169,5,456
436,1,4.26160229372,4.0,5.0,0.014014014014,1,-0.121945507712,-0.372561183139,5,558
437,1,5.94545276585,2.0,7.0,0.013013013013,0,0.104029610019,0.63336393579,5,276
438,1,3.51839766007,3.0,7.0,0.01001001001,0,-0.536576680353,0.128127701129,5,448
439,1,6.67258675129,6.0,9.0,0.013013013013,0,0.824638074147,-0.801327471153,5,488
440,1,3.57101972178,3.0,7.0,0.013013013013,0,-0.193728106742,-0.847795957997,5,738
441,1,1.76220550294,,3.0,0.013013013013,0,-0.913846141081,-0.496256073813,5,104
442,1,6.38364885059,3.0,7.0,0.00800800800801,0,0.643707855669,-0.547474716417,5,794
443,1,0.972837975116,,3.0,0.011011011011,0,-1.24662965423,-0.287273062203,5,140
444,1,2.59414783314,2.0,10.0,0.013013013013,0,-0.698722403125,-0.309684957482,5,441
445,1,6.77617132374,0.0,8.0,0.00800800800801,0,0.637080792743,-0.13507105449,5,752
446,1,10.8987433779,7.0,12.0,0.013013013013,0,1.96044896444,0.0173964845471,5,910
447,1,4.31793237779,1.0,6.0,0.011011011011,0,-0.412791090172,0.556305648303,5,382
448,1,8.8395218778,1.0,11.0,0.011011011011,0,1.01106839918,0.80631668027,5,878
449,1,7.28204490599,6.0,11.0,0.013013013013,0,0.666587226243,0.282283227261,5,888
450,1,-0.996950863466,,3.0,0.018018018018,0,-1.91806821571,-0.242746216329,5,182
451,1,7.80418453886,7.0,8.0,0.01001001001,1,0.377874396454,1.6705613495,5,874
452,1,4.13376650499,3.0,7.0,0.011011011011,0,-0.389869960662,0.303376386972,5,393
453,1,3.59611022989,1.0,7.0,0.011011011011,0,-0.702525424499,0.703686503386,5,346
454,1,3.43131644357,2.0,8.0,0.01001001001,0,-0.59211939074,0.207674615788,5,614
455,1,0.881524991582,0.0,10.0,0.013013013013,0,-1.31352715383,-0.177893546936,5,475
456,1,-0.864514543704,,0.0,0.00900900900901,1,-1.91241936897,-0.127256436807,5,4
457,1,1.68701813723,0.0,4.0,0.01001001001,0,-0.909105257978,-0.585666088834,5,312
458,1,6.35014415692,5.0,11.0,0.012012012012,0,0.533625180869,-0.25073138569,5,754
459,1,3.86672164875,1.0,5.0,0.012012012012,0,-0.85223169978,1.42341674809,5,270
460,1,1.72006866007,,7.0,0.00900900900901,0,-0.8076644808,-0.856937897535,5,500
461,1,4.63550607346,4.0,7.0,0.011011011011,0,-0.228282682604,0.320354121273,5,455
462,1,3.23260977644,1.0,5.0,0.00800800800801,0,-0.666527918145,0.232193530871,5,128
463,1,5.49786308102,5.0,6.0,0.013013013013,1,0.0515491234739,0.343215710601,5,438
464,1,3.03454572637,3.0,8.0,0.012012012012,0,-0.817749578548,0.487794462019,5,458
465,1,2.41451507992,1.0,5.0,0.00900900900901,0,-0.67481604652,-0.561036780518,5,407
466,1,1.53095652964,1.0,4.0,0.012012012012,0,-1.14141614189,-0.044795044698,5,112
467,1,6.33259864717,1.0,11.0,0.016016016016,0,0.36784143055,0.229074355516,5,767
468,1,1.65052115217,,9.0,0.012012012012,0,-1.0877341003,-0.0862765469411,5,739
469,1,1.95859640549,0.0,4.0,0.012012012012,0,-1.29000474354,0.828610636124,5,254
470,1,0.972968653647,,1.0,0.011011011011,0,-1.08240141886,-0.779827089777,5,87
471,1,9.32389838608,6.0,10.0,0.01001001001,0,1.33246863093,0.326492493303,5,691
472,1,-1.30844018102,,5.0,0.011011011011,0,-2.00846432233,-0.283047214023,5,177
473,1,7.56245157485,5.0,9.0,0.01001001001,0,0.847126928005,0.0210707908302,5,608
474,1,2.97564645715,2.0,3.0,0.00800800800801,1,-0.637273676386,-0.112532513694,5,150
475,1,-0.187182541298,,0.0,0.011011011011,1,-1.05908242296,-2.00993527242,5,5
476,1,1.87895640561,,9.0,0.013013013013,0,-0.841266320005,-0.597244634374,5,851
477,1,3.27474877361,3.0,5.0,0.012012012012,0,-0.483378561591,-0.27511554162,5,237
478,1,2.95427490465,2.0,3.0,0.00900900900901,1,-0.703123549446,0.0636455529902,5,372
479,1,2.30177871189,2.0,9.0,0.01001001001,0,-0.628007505972,-0.814198770191,5,574
480,1,7.65302085192,7.0,9.0,0.013013013013,0,0.80098584603,0.250063313826,5,734
481,1,11.4953881407,7.0,12.0,0.014014014014,0,1.99542184112,0.509122617314,5,676
482,0,12.7479742902,9.0,,0.00900900900901,0,2.41440664697,0.504754349292,5,207
483,1,4.3927716518,0.0,5.0,0.00900900900901,0,-0.526431097469,0.972064944211,5,566
484,1,9.79547187983,8.0,11.0,0.012012012012,0,1.58074502149,0.0532368153616,5,923
485,1,3.8722488356,2.0,4.0,0.01001001001,0,0.0865102348039,-1.38728186881,5,266
486,0,10.4708944987,9.0,,0.00900900900901,0,1.38463128418,1.31700064613,5,34
487,1,-0.736194259516,,0.0,0.012012012012,1,-1.60544826982,-0.919849450066,5,24
488,1,9.75019526126,9.0,11.0,0.012012012012,0,1.44454615987,0.416556781643,5,853
489,1,8.26645217397,7.0,11.0,0.014014014014,0,1.46989631842,-1.14323678131,5,697
490,1,5.87653879948,5.0,6.0,0.012012012012,1,0.564197440617,-0.816053522375,5,426
491,1,0.701788429937,0.0,1.0,0.013013013013,1,-1.69097191943,0.774704188222,5,169
492,1,2.91223485125,,8.0,0.012012012012,0,-0.723846765081,0.0837751464899,5,547
493,1,6.35464824414,2.0,7.0,0.00800800800801,0,0.698916872798,-0.742102374256,5,792
494,1,5.20706071067,1.0,8.0,0.012012012012,0,0.00637905834817,0.187923535622,5,632
495,1,5.55615139284,5.0,9.0,0.00900900900901,0,0.307041711016,-0.364973740209,5,900
496,1,5.25046661142,5.0,7.0,0.01001001001,0,-0.00831854220722,0.275422238041,5,499
497,1,0.748484812126,,1.0,0.011011011011,0,-0.912389925371,-1.51434541176,5,26
498,1,2.67369831629,1.0,3.0,0.012012012012,0,-0.621675277892,-0.461275850039,5,179
499,1,7.88423035882,5.0,11.0,0.018018018018,0,1.2628200005,-0.904229642671,5,536
500,1,1.29366800281,1.0,2.0,0.013013013013,1,-0.970431856542,-0.795036427562,5,288
501,1,8.7332840684,7.0,11.0,0.013013013013,0,0.969809809253,0.823854640637,5,937
502,1,3.23182643822,1.0,12.0,0.013013013013,0,-1.14257122324,1.65954010792,5,856
503,1,5.61044265139,3.0,7.0,0.015015015015,0,0.120844946171,0.24790781288,5,425
504,1,0.476396258709,0.0,1.0,0.00900900900901,1,-1.54960354291,0.125206887433,5,45
505,1,7.11045159789,6.0,8.0,0.00800800800801,0,0.527998531605,0.526456003072,5,921
506,1,5.19885750012,5.0,6.0,0.011011011011,1,0.646902997354,-1.74185149194,5,283
507,1,2.7761411567,,8.0,0.013013013013,0,-1.07774988196,1.00939080258,5,607
508,1,2.43972240993,0.0,6.0,0.013013013013,0,-0.614695740137,-0.716190369653,5,472
509,1,4.7632373052,4.0,5.0,0.00800800800801,1,0.188966753403,-0.803662955005,5,665
510,1,3.30194764124,1.0,6.0,0.01001001001,0,-0.332982317861,-0.699105405174,5,408
511,1,5.68541223604,3.0,6.0,0.01001001001,0,0.0624683693762,0.498007127914,5,442
512,1,5.87085874309,5.0,7.0,0.01001001001,0,0.373196541515,-0.248730881455,5,582
513,1,3.27205229541,3.0,4.0,0.011011011011,1,-0.388767491224,-0.561645230917,5,172
514,1,2.75603016906,,3.0,0.016016016016,0,-0.693784603576,-0.16261602021,5,163
515,1,7.76490256323,1.0,9.0,0.014014014014,0,0.718826341408,0.608423539005,5,564
516,1,8.09297141662,8.0,9.0,0.012012012012,1,0.590135259281,1.32256563878,5,646
517,1,10.3197911818,10.0,11.0,0.013013013013,1,2.20910892943,-1.30753560652,5,926
518,1,6.02151857298,6.0,7.0,0.01001001001,1,0.79905304622,-1.37564056568,5,504
519,1,9.07535898905,9.0,10.0,0.011011011011,1,1.48663874173,-0.384557236147,5,815
520,1,5.35197477589,5.0,8.0,0.013013013013,0,-0.00939736243185,0.380166863182,5,345
521,1,2.31394029507,,5.0,0.01001001001,0,-1.30792671476,1.23772043935,5,230
522,1,1.73313975649,0.0,7.0,0.00900900900901,0,-1.00977713803,-0.237528829414,5,748
523,1,5.03178867708,4.0,6.0,0.011011011011,0,-0.352373982028,1.08891062317,5,609
524,1,10.9981432824,10.0,11.0,0.011011011011,1,2.21880363645,-0.658267626994,5,946
525,1,3.39254342273,1.0,5.0,0.015015015015,0,-0.23052065419,-0.915894614702,5,207
526,1,4.38117213613,3.0,9.0,0.011011011011,0,-0.266878693385,0.181808216284,5,884
527,1,4.81371495536,0.0,5.0,0.011011011011,0,0.258102527168,-0.960592626144,5,236
528,1,2.41513567545,,7.0,0.011011011011,0,-0.936151592993,0.223590454426,5,403
529,1,7.2884296602,5.0,10.0,0.01001001001,0,1.09861511145,-1.00741567413,5,813
530,1,2.20498529552,,9.0,0.01001001001,0,-0.588349990485,-1.02996473302,5,636
531,1,2.92361038129,,4.0,0.012012012012,0,-0.735151997178,0.129066372823,5,243
532,1,3.97667569922,0.0,5.0,0.011011011011,0,-0.427134086994,0.258077960204,5,539
533,1,3.44339253146,3.0,7.0,0.013013013013,0,-0.789213189429,0.811032099747,5,296
534,1,3.2366273207,1.0,6.0,0.00800800800801,0,-0.864150512618,0.829078858551,5,289
535,1,6.54918226773,,8.0,0.01001001001,0,0.250031643212,0.799087338095,5,864
536,1,7.32705860065,7.0,12.0,0.014014014014,0,0.464813324232,0.932618627954,5,885
537,1,0.278817041391,0.0,1.0,0.00800800800801,1,-1.46525969298,-0.325403879656,5,184
538,1,1.87115874629,0.0,2.0,0.00900900900901,0,-1.0850105834,0.126190496493,5,286
539,1,5.86200597269,4.0,10.0,0.01001001001,0,0.922450817219,-1.90534647897,5,880
540,1,5.66453740107,4.0,6.0,0.00900900900901,0,-0.0361809504861,0.773080252533,5,505
541,1,3.77985413007,1.0,8.0,0.00800800800801,0,-0.280862755929,-0.377557602141,5,812
542,1,8.18259294303,6.0,10.0,0.01001001001,0,0.601738345213,1.37737790739,5,944
543,1,7.06401760714,7.0,8.0,0.01001001001,1,1.58643002993,-2.69527248264,5,829
544,0,10.7781785374,9.0,,0.00900900900901,0,2.06643457309,-0.421125181887,5,613
545,1,3.99080050293,,8.0,0.01001001001,0,-0.469995730424,0.400787694199,5,571
546,1,5.83640813485,,6.0,0.00900900900901,0,0.725473427078,-1.34001214639,5,651
547,1,7.65932182521,6.0,9.0,0.01001001001,0,1.00787090793,-0.364290898574,5,935
548,1,2.71397636423,2.0,3.0,0.00900900900901,1,-0.488312126684,-0.821087255723,5,452
549,1,3.70473780063,1.0,8.0,0.013013013013,0,-0.394562292746,-0.111575321136,5,309
550,0,13.1430739377,8.0,,0.00800800800801,0,2.51976658318,0.583774188216,5,203
551,1,7.16644772919,6.0,8.0,0.00800800800801,0,0.842146743599,-0.359992501603,5,756
552,0,8.02814410062,8.0,,0.00800800800801,0,0.501427819654,1.52386064166,5,907
553,1,5.73724436666,1.0,6.0,0.011011011011,0,0.451384381462,-0.616908777724,5,250
554,1,5.68174888977,5.0,10.0,0.011011011011,0,0.290772004953,-0.19056712509,5,755
555,1,3.28006614814,,5.0,0.013013013013,0,-0.513117484407,-0.180581398637,5,336
556,1,6.11393703738,5.0,8.0,0.00800800800801,0,0.325279401469,0.138098832978,5,911
557,0,9.09385444951,9.0,,0.011011011011,0,1.3668248151,-0.00661999579844,5,753
558,1,3.48750303256,1.0,4.0,0.011011011011,0,-0.80696877302,0.908409351622,5,142
559,1,4.81675176221,1.0,10.0,0.015015015015,0,0.0186027522648,-0.239056494586,5,590
560,1,9.25568225995,9.0,10.0,0.011011011011,1,1.57136321495,-0.458407384908,5,886
561,1,7.85484491122,7.0,9.0,0.011011011011,0,0.731511271311,0.660311097293,5,777
562,1,5.96303133878,,7.0,0.011011011011,0,0.0339356485632,0.861224393092,5,703
563,1,4.98894538528,2.0,5.0,0.013013013013,0,-0.0426063669731,0.1167644862,5,409
564,1,2.94528722511,1.0,3.0,0.00900900900901,0,-0.660837458073,-0.0722004006728,5,506
565,1,8.88573212464,3.0,10.0,0.011011011011,0,0.808099462895,1.46143373596,5,802
566,1,0.968161478113,,1.0,0.01001001001,0,-1.55839671217,0.64335161462,5,37
567,1,3.72622885666,2.0,10.0,0.012012012012,0,-0.620480330482,0.587669848108,5,619
568,1,4.97588664346,1.0,10.0,0.01001001001,0,-0.0824970185561,0.223377699133,5,909
569,1,1.48445580157,0.0,9.0,0.013013013013,0,-1.11356969523,-0.174835112725,5,502
570,0,9.28768671885,8.0,,0.01001001001,0,1.24835400667,0.542624698846,5,532
571,1,7.10667731087,6.0,12.0,0.012012012012,0,0.966239681826,-0.792041734607,5,904
572,0,9.80754802685,8.0,,0.00800800800801,0,1.2809050679,0.964832823165,5,401
573,1,4.10621354869,,7.0,0.00800800800801,0,-0.657549397139,1.07886174011,5,411
574,1,1.71626521967,,7.0,0.013013013013,0,-1.28893123054,0.583058911298,5,669
575,1,6.80104866762,6.0,9.0,0.01001001001,0,0.658818571453,-0.175407046734,5,817
576,1,9.29829910081,6.0,11.0,0.012012012012,0,1.64133710469,-0.625712213264,5,896
577,1,1.31935484675,1.0,5.0,0.01001001001,0,-1.13115710422,-0.2871738406,5,428
578,1,2.72876080824,1.0,7.0,0.011011011011,0,-0.879443179071,0.367090345455,5,461
579,1,0.309917567843,,1.0,0.014014014014,0,-1.61263723004,0.147829257963,5,40
580,1,-0.514889706238,,1.0,0.01001001001,0,-2.08562383035,0.741981784805,5,164
581,1,4.62325898315,,9.0,0.011011011011,0,0.154913627381,-0.841481898994,5,315
582,1,0.0128150133527,0.0,3.0,0.012012012012,0,-1.34505163045,-0.952030095284,5,148
583,1,8.28009895474,3.0,9.0,0.00900900900901,0,1.46914759231,-1.12734382218,5,727
584,1,6.30871659121,6.0,7.0,0.00800800800801,1,0.485298788053,-0.147179772951,5,830
585,1,2.12781925382,,3.0,0.00900900900901,0,-1.22336307328,0.797908473656,5,307
586,1,7.5047919708,3.0,10.0,0.01001001001,0,0.97281618577,-0.413656586511,5,845
587,1,2.60745758117,0.0,5.0,0.015015015015,0,-1.23995126306,1.32731137034,5,189
588,1,3.42960827673,2.0,7.0,0.00800800800801,0,-0.399064717482,-0.373197570827,5,678
589,1,1.16186323601,1.0,3.0,0.00900900900901,0,-0.803862123585,-1.42655039324,5,318
590,1,4.16712526449,0.0,5.0,0.012012012012,0,-0.702692512709,1.27520280262,5,287
591,1,2.54999495856,1.0,5.0,0.01001001001,0,-0.561025577568,-0.766928308738,5,790
592,1,6.8733051181,4.0,8.0,0.00900900900901,0,0.800802046362,-0.529101020987,5,798
593,1,3.85815070315,,6.0,0.011011011011,0,-0.251396167381,-0.387660794701,5,398
594,1,5.03716900577,5.0,9.0,0.012012012012,0,-0.0559921136749,0.205145346793,5,820
595,1,5.09557223158,3.0,7.0,0.012012012012,0,-0.457797538374,1.4689648467,5,591
596,1,5.43404511546,2.0,9.0,0.00900900900901,0,-0.171688343511,0.949110145992,5,844
597,1,2.18600482396,1.0,5.0,0.01001001001,0,-1.05377380158,0.347326228712,5,483
598,1,1.58942007127,,2.0,0.011011011011,0,-1.27709141586,0.42069431886,5,91
599,1,5.44652752143,0.0,6.0,0.00900900900901,0,-0.173733351018,0.967727574485,5,507
600,1,4.79135222803,1.0,9.0,0.00900900900901,0,0.150383343333,-0.659797801974,5,865
601,1,3.53822751661,3.0,7.0,0.00900900900901,0,-0.521779400792,0.103565718985,5,753
602,1,7.66497784299,6.0,8.0,0.00900900900901,0,0.759451928,0.386622058993,5,849
603,0,8.47993822637,8.0,,0.00800800800801,0,1.48919720809,-0.987653397907,5,372
604,1,4.96835078346,1.0,8.0,0.012012012012,0,0.105471562209,-0.348063903166,5,695
605,1,8.89401080504,7.0,9.0,0.01001001001,0,1.42180424831,-0.37140193989,5,867
606,1,3.52681100834,0.0,6.0,0.00900900900901,0,-0.322982918879,-0.504240235026,5,533
607,1,8.5237502604,6.0,10.0,0.011011011011,0,0.942268119173,0.69694590288,5,693
608,1,4.80311878071,0.0,5.0,0.00800800800801,0,-0.0232454238408,-0.127144947764,5,546
609,1,10.186446167,10.0,11.0,0.012012012012,1,1.62089347966,0.323765728017,5,810
610,1,-1.17445139543,,0.0,0.011011011011,1,-1.78969749046,-0.805358924057,5,20
611,1,1.4073591045,1.0,7.0,0.00800800800801,0,-0.519173242209,-2.03512116888,5,690
612,1,-5.06857438756,,0.0,0.01001001001,1,-3.03602955373,-0.960485726368,5,23
613,1,2.7066848594,0.0,8.0,0.015015015015,0,-0.761019107353,-0.0102578185448,5,374
614,1,7.05302790795,7.0,8.0,0.00900900900901,1,0.517016400232,0.501978707254,5,928
615,1,-0.185722534648,,0.0,0.013013013013,1,-1.14634798812,-1.74667857029,5,42
616,1,0.693487499373,,1.0,0.00800800800801,0,-1.77960650298,1.0323070083,5,33
617,1,1.36655620877,0.0,2.0,0.00800800800801,0,-0.99439682615,-0.650253312782,5,139
618,1,6.61186942894,6.0,9.0,0.00900900900901,0,0.832863413098,-0.886720810357,5,650
619,0,8.77873774771,8.0,,0.00900900900901,0,0.973931669266,0.856942739911,5,434
620,1,8.5187887753,8.0,9.0,0.011011011011,1,1.40081036394,-0.683642316528,5,771
621,1,4.95463145115,3.0,9.0,0.01001001001,0,-0.166255726205,0.453398629765,5,670
622,1,1.72374001453,1.0,5.0,0.00700700700701,0,-1.06557105854,-0.0795468098534,5,396
623,1,7.35086074062,7.0,8.0,0.00800800800801,1,1.05703025737,-0.820230031479,5,618
624,1,-0.4393793357,,0.0,0.00800800800801,1,-2.23079519911,1.25300626163,5,21
625,1,0.634297768224,0.0,2.0,0.00900900900901,0,-1.15381571981,-0.90425507236,5,108
626,1,3.24483882798,,4.0,0.011011011011,0,-0.356598932119,-0.685364375665,5,433
627,1,5.96754326965,4.0,6.0,0.012012012012,0,0.631982045714,-0.928402867492,5,515
628,1,6.14343887852,5.0,8.0,0.00800800800801,0,0.617527009113,-0.709142148822,5,905
629,1,4.14963028058,,6.0,0.00900900900901,0,-0.652398876653,1.10682691054,5,610
630,1,0.937472564473,,6.0,0.01001001001,0,-1.25968425614,-0.283474667112,5,361
631,1,6.2303953763,6.0,8.0,0.00800800800801,0,0.299225465809,0.332718978869,5,875
632,1,6.68641374742,6.0,7.0,0.00900900900901,1,0.434849002255,0.381866740653,5,854
633,1,3.2586627483,,7.0,0.00900900900901,0,-0.0146259980091,-1.69745925767,5,759
634,1,6.06285059822,6.0,7.0,0.00900900900901,1,0.606477183838,-0.756580953297,5,715
635,1,3.40764950524,,7.0,0.00800800800801,0,-0.583607686369,0.158472564348,5,761
636,1,6.41832531242,4.0,8.0,0.00800800800801,0,0.686649976957,-0.64162461845,5,706
637,1,1.94421400969,,7.0,0.012012012012,0,-0.929046802112,-0.268645583972,5,301
638,0,9.74432657798,8.0,,0.00800800800801,0,1.39984632872,0.544787591816,5,14
639,1,3.99355620165,0.0,5.0,0.00900900900901,0,-0.169701942033,-0.497337972252,5,267
640,1,3.63715411961,2.0,4.0,0.01001001001,0,-0.500241517399,0.137878671805,5,262
641,1,1.64393389719,0.0,7.0,0.012012012012,0,-1.01281960751,-0.317607280271,5,532
642,1,1.92739700918,0.0,2.0,0.01001001001,0,-0.771651564309,-0.757648297895,5,66
643,1,5.05960128577,5.0,7.0,0.00900900900901,0,-0.166580741663,0.559343510757,5,710
644,1,7.73017098089,6.0,8.0,0.00800800800801,0,1.12838125156,-0.654972773807,5,855
645,1,-2.74262795061,,3.0,0.013013013013,0,-2.1176660439,-1.38962981891,5,94
646,1,4.55126452205,,6.0,0.00900900900901,0,-0.317940036925,0.505084632822,5,232
647,1,2.27417518852,1.0,3.0,0.00900900900901,0,-0.932838733683,0.0726913895657,5,319
648,1,5.11615683151,5.0,8.0,0.00800800800801,0,0.101271728469,-0.187658353896,5,688
649,1,2.00234436755,1.0,4.0,0.014014014014,0,-0.806782399809,-0.577308433024,5,134
650,1,0.875270944552,,1.0,0.012012012012,0,-1.68842181224,0.940536381273,5,70
651,0,8.66608786022,8.0,,0.00900900900901,0,1.51789410799,-0.887594463745,5,572
652,1,3.06558716108,,7.0,0.00900900900901,0,-0.171851359432,-1.41885876062,5,520
653,1,3.36423209883,1.0,8.0,0.011011011011,0,-0.530741606206,-0.0435430825475,5,493
654,1,3.49062452002,1.0,8.0,0.011011011011,0,-0.980161039358,1.43110763809,5,595
655,1,4.36904022887,4.0,5.0,0.011011011011,1,0.201902358621,-1.23666684699,5,454
656,1,9.3026022632,9.0,10.0,0.01001001001,1,1.43796016875,-0.0112782430579,5,847
657,1,7.33729014446,6.0,9.0,0.013013013013,0,0.802408704948,-0.0699359703815,5,630
658,1,3.74366099136,0.0,7.0,0.00800800800801,0,-0.171116733215,-0.742988808996,5,707
659,0,12.6227978675,10.0,,0.01001001001,0,2.00822015129,1.59813741361,5,650
660,1,6.33685800134,4.0,9.0,0.011011011011,0,1.1311653418,-2.05663802407,5,775
661,0,8.90776676024,8.0,,0.00800800800801,0,0.69572367204,1.82059574412,5,859
662,0,8.15162638615,8.0,,0.00800800800801,0,0.865557965263,0.554952490365,5,838
663,1,6.3246145557,2.0,11.0,0.014014014014,0,0.411311411728,0.0906803205182,5,559
664,1,5.6658798757,4.0,6.0,0.01001001001,0,0.231971787444,-0.0300354866353,5,486
665,1,3.97421392273,3.0,8.0,0.011011011011,0,-0.0419282945585,-0.900001193593,5,675
666,1,4.948778158,0.0,5.0,0.00900900900901,0,-0.115389227383,0.294945840146,5,344
667,1,-2.47948599072,,2.0,0.00900900900901,0,-2.12088553568,-1.11682938368,5,103
668,1,7.93751844434,6.0,8.0,0.00800800800801,0,0.792201617896,0.560913590646,5,868
669,1,4.90870824865,4.0,8.0,0.00800800800801,0,0.291751968128,-0.966547655739,5,457
670,1,0.436898613993,0.0,5.0,0.012012012012,0,-1.62635724122,0.31597033765,5,224
671,1,7.70099251905,7.0,8.0,0.00900900900901,1,0.891127530096,0.0276099287644,5,626
672,1,9.30671979115,9.0,10.0,0.01001001001,1,1.14854159568,0.861095004092,5,899
673,1,7.93102939354,7.0,8.0,0.01001001001,1,1.11638647068,-0.418130018492,5,882
674,1,6.20439211774,2.0,8.0,0.011011011011,0,0.378982813093,0.0674436784573,5,410
675,1,7.67379640455,4.0,9.0,0.01001001001,0,1.03906635084,-0.443402647967,5,831
676,1,4.34872459237,0.0,6.0,0.013013013013,0,-0.224676178851,0.0227531289268,5,349
677,1,5.15599178487,3.0,6.0,0.01001001001,0,0.171516433869,-0.358557516737,5,526
678,1,-4.40642700164,,0.0,0.011011011011,1,-3.20583933151,0.211090992897,5,69
679,1,7.44594308363,6.0,9.0,0.00900900900901,0,0.803412753349,0.0357048235879,5,927
680,1,3.13274999988,2.0,9.0,0.012012012012,0,-0.512057564024,-0.331077308048,5,766
681,1,4.6639751975,2.0,5.0,0.00800800800801,0,0.2746353287,-1.1599307886,5,347
682,1,3.62023024181,1.0,4.0,0.01001001001,0,-0.236568542366,-0.67006413109,5,260
683,1,7.41960544363,3.0,11.0,0.011011011011,0,1.11367806001,-0.921428736404,5,901
684,1,7.62929812121,6.0,9.0,0.01001001001,0,0.904750180452,-0.0849524201421,5,773
685,1,6.13609674538,6.0,7.0,0.00800800800801,1,0.791167046471,-1.23740439403,5,823
686,1,4.27743109732,2.0,8.0,0.01001001001,0,-0.0246945272412,-0.648485320954,5,804
687,1,4.34482469471,3.0,6.0,0.01001001001,0,0.303828588087,-1.56666106955,5,594
688,1,7.42672259667,6.0,8.0,0.00800800800801,0,0.618764288436,0.570429731362,5,908
689,1,2.20815538786,0.0,10.0,0.01001001001,0,-0.745440832407,-0.555522114916,5,942
690,1,1.92721154079,,2.0,0.00900900900901,0,-1.15115737864,0.380683676699,5,215
691,1,2.92198704854,2.0,3.0,0.00800800800801,1,-0.84654217087,0.461613561154,5,234
692,1,4.60640351936,4.0,5.0,0.00800800800801,1,-0.13695413529,0.0172659252245,5,517
693,1,5.06084260621,5.0,6.0,0.00900900900901,1,0.46491797638,-1.33391132293,5,666
694,1,3.02085214959,3.0,6.0,0.01001001001,0,-0.746217379999,0.259504289587,5,333
695,1,0.375346728877,0.0,1.0,0.01001001001,1,-1.98241937828,1.32260486373,5,213
696,1,8.72959623806,7.0,9.0,0.00900900900901,0,1.47380676337,-0.691824052051,5,858
697,1,5.15740735006,2.0,6.0,0.00900900900901,0,0.4668753379,-1.24321866364,5,586
698,1,2.16690322633,,9.0,0.00900900900901,0,-0.561854457369,-1.14753340157,5,929
699,1,6.58151446756,3.0,7.0,0.01001001001,0,0.774549486781,-0.742133992786,5,680
700,1,4.46512414077,2.0,6.0,0.01001001001,0,-0.195221469617,0.0507885496261,5,440
701,1,6.15227868631,5.0,7.0,0.01001001001,0,1.03180753824,-1.94314392841,5,826
702,1,5.0105061633,0.0,6.0,0.00800800800801,0,0.0958184299936,-0.276949126682,5,529
703,0,8.55228986104,7.0,,0.00800800800801,0,1.52925570014,-1.03547723937,5,416
704,1,7.30400469903,1.0,9.0,0.011011011011,0,0.941471744734,-0.520410535174,5,625
705,0,10.8389245686,9.0,,0.01001001001,0,1.46546651613,1.44252502017,5,260
706,1,0.459968025929,0.0,2.0,0.00900900900901,0,-1.08466890343,-1.28602526377,5,155
707,1,5.19174161969,4.0,6.0,0.00900900900901,0,-0.108410278536,0.516972455295,5,814
708,1,6.15512688387,6.0,7.0,0.011011011011,1,0.083658797595,0.90415049108,5,501
709,1,4.45073118957,4.0,11.0,0.012012012012,0,-0.552779630556,1.10907008123,5,730
710,1,4.74985932283,0.0,6.0,0.00900900900901,0,-0.367732170559,0.853055834512,5,417
711,1,-0.556974195327,,0.0,0.00800800800801,1,-2.02700124432,0.524029537624,5,78
712,0,8.12091424206,8.0,,0.00900900900901,0,0.959167638562,0.243411326372,5,824
713,1,7.1282825966,7.0,9.0,0.00900900900901,0,0.525639762915,0.551363307858,5,902
714,1,2.35808463027,,6.0,0.011011011011,0,-0.888470735228,0.0234968359519,5,602
715,1,4.76286504481,3.0,7.0,0.012012012012,0,0.243390347916,-0.967305998941,5,565
716,1,6.94932143591,2.0,9.0,0.01001001001,0,0.705146726852,-0.166118744643,5,890
717,1,7.23507206392,6.0,8.0,0.00800800800801,0,0.399189547309,1.03750342199,5,701
718,1,6.62799270003,6.0,7.0,0.00900900900901,1,0.0740549297194,1.40582791087,5,431
719,1,4.50404407391,3.0,7.0,0.00800800800801,0,-0.252123878784,0.260415710262,5,648
720,1,5.82119051679,2.0,8.0,0.00800800800801,0,0.33648444745,-0.188262825562,5,806
721,1,6.82804381694,0.0,7.0,0.01001001001,0,0.320719003675,0.865886805913,5,568
722,1,8.3990590598,8.0,9.0,0.00900900900901,1,1.20180910746,-0.206368262595,5,931
723,1,3.44664081383,1.0,6.0,0.00800800800801,0,-0.178028962683,-1.01927229812,5,540
724,1,0.0816675602749,0.0,2.0,0.013013013013,0,-2.01762575719,1.13454483183,5,147
725,1,0.876049717723,0.0,2.0,0.00900900900901,0,-1.35807863368,-0.0497143812272,5,192
726,1,7.311908716,6.0,10.0,0.011011011011,0,0.311456655886,1.37753874834,5,891
727,0,9.73020035463,7.0,,0.00800800800801,0,1.28061711558,0.888349007889,5,904
728,1,1.35149152225,0.0,2.0,0.00900900900901,0,-0.595708703115,-1.86138236841,5,58
729,1,1.77341473108,,2.0,0.00800800800801,0,-1.21722435765,0.425087804031,5,47
730,1,2.49651171042,,5.0,0.00900900900901,0,-0.839245873107,0.0142493297462,5,281
731,1,3.94688738157,0.0,5.0,0.00900900900901,0,-0.341920958333,-0.0273497434328,5,320
732,1,2.33370494591,2.0,4.0,0.00800800800801,0,-0.616656881965,-0.816324408193,5,466
733,0,12.4405816902,7.0,,0.00700700700701,0,2.20590500007,0.822866689985,5,425
734,0,9.62931797048,9.0,,0.01001001001,0,1.5138559454,0.0877501342869,5,82
735,1,1.91340845515,,4.0,0.00900900900901,0,-0.888305862174,-0.421673958332,5,65
736,1,0.913457998847,0.0,6.0,0.00800800800801,0,-1.33744523943,-0.0742062828646,5,743
737,1,3.93966663233,2.0,6.0,0.00800800800801,0,-0.722682762113,1.10771491867,5,699
738,1,7.43371531707,6.0,9.0,0.00900900900901,0,1.19788349425,-1.15993516569,5,638
739,1,1.38045226122,,4.0,0.013013013013,0,-0.874364540342,-0.996454117749,5,137
740,1,2.70626204672,1.0,7.0,0.00800800800801,0,-0.968399570874,0.611460759343,5,583
741,1,7.16863780662,6.0,8.0,0.00900900900901,0,0.67919366352,0.131056816064,5,840
742,0,10.3252233733,10.0,,0.01001001001,0,2.06402466253,-0.866850614259,5,592
743,1,2.32421580356,2.0,4.0,0.011011011011,0,-0.39529886841,-1.48988759121,5,245
744,1,7.56425340765,5.0,10.0,0.013013013013,0,1.22154634644,-1.10038563166,5,834
745,1,5.74771995451,5.0,6.0,0.00800800800801,1,0.169030121624,0.240629589639,5,616
746,1,6.15563941377,2.0,9.0,0.011011011011,0,0.345842548606,0.118111767947,5,544
747,1,6.37999631642,4.0,9.0,0.00900900900901,0,0.0229619606663,1.31111043442,5,579
748,1,10.0218868397,8.0,11.0,0.011011011011,0,1.70689036334,-0.098784250292,5,871
749,1,1.87216417755,,2.0,0.00800800800801,0,-0.861967721076,-0.541932659226,5,76
750,1,-1.17764522595,,2.0,0.012012012012,0,-1.73433032308,-0.974654256713,5,59
751,0,7.96095835088,7.0,,0.00800800800801,0,1.07129039596,-0.252912837013,5,392
752,1,2.64386775685,0.0,4.0,0.01001001001,0,-0.599417490546,-0.55787977151,5,324
753,1,-0.758894083946,,0.0,0.012012012012,1,-1.43855936849,-1.44321597848,5,13
754,1,6.92246204255,0.0,9.0,0.01001001001,0,0.722616926001,-0.245388735455,5,661
755,1,4.70443415735,4.0,5.0,0.01001001001,1,0.0754703675809,-0.521976945397,5,185
756,1,7.43557314953,5.0,8.0,0.00900900900901,0,0.837028445945,-0.0755121883042,5,791
757,1,2.49959985391,,4.0,0.01001001001,0,-1.0345223421,0.603166880213,5,389
758,0,9.63823093804,8.0,,0.00800800800801,0,1.30705952568,0.717052361009,5,873
759,1,2.93226634508,,6.0,0.00800800800801,0,-0.738100144842,0.146566779602,5,352
760,1,3.6795056064,1.0,5.0,0.00800800800801,0,-0.0496143662424,-1.17165129487,5,654
761,1,6.38466444947,3.0,7.0,0.00800800800801,0,0.0219901566821,1.31869397943,5,728
762,0,10.1117199003,9.0,,0.00900900900901,0,1.6781024476,0.0774125575101,5,91
763,1,1.82207547799,,2.0,0.00900900900901,0,-0.728218760018,-0.993268241956,5,153
764,1,2.83915394324,0.0,3.0,0.01001001001,0,-0.55086299807,-0.508257062548,5,158
765,1,1.93075932104,0.0,2.0,0.00800800800801,0,-1.01158349322,-0.0344901992882,5,157
766,1,2.01623780585,1.0,4.0,0.00800800800801,0,-1.22839981796,0.701437259745,5,204
767,1,3.96964058871,,4.0,0.00800800800801,0,-0.382821186496,0.118104148198,5,354
768,1,1.30064573896,1.0,6.0,0.00800800800801,0,-0.979412615882,-0.761116413391,5,392
769,1,3.46704555802,3.0,10.0,0.011011011011,0,-0.246824086403,-0.792482182773,5,709
770,1,0.707364423751,,3.0,0.01001001001,0,-1.59166243821,0.482351738371,5,79
771,0,10.2485792969,9.0,,0.00900900900901,0,1.59562663522,0.461699391251,5,216
772,1,6.70916590192,2.0,8.0,0.012012012012,0,0.382897643346,0.560472971885,5,768
773,1,5.11801127578,0.0,8.0,0.01001001001,0,0.223276858085,-0.551819298475,5,652
774,1,2.46998845566,2.0,5.0,0.00900900900901,0,-0.972843941452,0.388520280011,5,444
775,1,3.80500848176,1.0,6.0,0.00900900900901,0,-0.206769894179,-0.574681835702,5,430
776,1,3.00507532548,3.0,4.0,0.011011011011,1,-0.714542966214,0.148704224124,5,366
777,1,3.32171974762,3.0,7.0,0.00800800800801,0,-0.820003640801,0.781730670025,5,645
778,1,0.83840237446,0.0,1.0,0.00800800800801,1,-1.3040669793,-0.249396687628,5,85
779,1,5.66348316384,3.0,8.0,0.00800800800801,0,0.155311366303,0.197549064933,5,943
780,1,2.48197349039,,6.0,0.00800800800801,0,-0.726146188877,-0.339587942976,5,833
781,1,6.12784797138,0.0,9.0,0.01001001001,0,0.604630547454,-0.68604367098,5,772
782,1,7.97451848538,7.0,8.0,0.00800800800801,1,0.760078244092,0.694283753102,5,789
783,1,3.56300824754,3.0,5.0,0.013013013013,0,-0.677303096648,0.594917537486,5,252
784,1,7.98252209577,,8.0,0.012012012012,0,0.777660531573,0.649540501052,5,628
785,1,1.86321886387,1.0,3.0,0.00900900900901,0,-0.621608662868,-1.27195514753,5,143
786,1,4.37733978686,2.0,6.0,0.01001001001,0,-0.240787309808,0.0997017162866,5,581
787,1,3.41672632803,0.0,5.0,0.01001001001,0,-0.893164751203,1.09622058164,5,443
788,1,5.56664688245,,9.0,0.00900900900901,0,0.285473591677,-0.289773892582,5,803
789,1,3.70348903024,3.0,4.0,0.00900900900901,1,-0.157220251629,-0.824850214871,5,360
790,0,8.17751481979,8.0,,0.00800800800801,0,0.735932792325,0.96971644282,5,655
791,1,3.0681771749,0.0,5.0,0.00800800800801,0,-1.0926431322,1.34610657149,5,332
792,1,6.8895910751,5.0,7.0,0.00800800800801,0,0.471464078736,0.475198838889,5,819
793,1,3.84201615207,0.0,5.0,0.00800800800801,0,-0.352075392814,-0.10175766949,5,427
794,1,4.95502847654,4.0,5.0,0.00800800800801,1,0.381245772278,-1.1887088403,5,386
795,1,4.35157815178,1.0,7.0,0.00800800800801,0,-0.720538450933,1.51319350458,5,737
796,1,5.23470826872,3.0,6.0,0.01001001001,0,0.247761698982,-0.508576828225,5,479
797,1,2.46634847456,,7.0,0.00900900900901,0,-0.904577674296,0.180081497447,5,482
798,1,2.05061893689,2.0,7.0,0.00900900900901,0,-1.05714251945,0.222046495233,5,841
799,1,3.51788164096,,4.0,0.00800800800801,0,-0.0165232976148,-1.4325484662,5,208
800,1,3.24889888701,2.0,7.0,0.00900900900901,0,-0.117309872554,-1.39917149533,5,656
801,0,10.420784229,8.0,,0.00800800800801,0,2.00116749934,-0.582718268979,5,750
802,1,2.54360375446,,5.0,0.00800800800801,0,-1.14045264789,0.96496169812,5,375
803,1,7.04637396939,7.0,9.0,0.00900900900901,0,0.613192665448,0.20679597305,5,898
804,1,0.111102041682,,3.0,0.00800800800801,0,-1.63278098655,0.00944500133604,5,200
805,1,3.44430355148,3.0,6.0,0.00900900900901,0,-0.420340890113,-0.294673778179,5,422
806,1,3.76189808186,0.0,7.0,0.00900900900901,0,-0.490700802538,0.234000489476,5,556
807,1,4.55843308464,4.0,5.0,0.00800800800801,1,-0.0682155813447,-0.236920171326,5,492
808,1,4.49292806147,4.0,6.0,0.00800800800801,0,-0.183171821152,0.0424435249305,5,785
809,1,3.79370612426,3.0,5.0,0.01001001001,0,-0.805895053566,1.21139128496,5,391
810,1,-1.45815936203,,0.0,0.01001001001,1,-2.24472708497,0.276021892884,5,54
811,1,-0.00474850135853,,0.0,0.00900900900901,1,-1.73441224467,0.198488232645,5,68
812,1,7.22522853407,6.0,8.0,0.00900900900901,0,0.486137477013,0.766816103027,5,828
813,1,-0.176097476848,,1.0,0.00800800800801,0,-1.31162255101,-1.24122982381,5,138
814,1,-0.900976172226,,1.0,0.011011011011,0,-1.73422375385,-0.698304910672,5,30
815,0,9.27526329613,9.0,,0.00900900900901,0,1.56271759614,-0.412889492298,5,371
816,1,1.49659855066,1.0,4.0,0.01001001001,0,-0.849884407378,-0.95374822721,5,412
817,1,3.00903004899,3.0,5.0,0.00900900900901,0,-0.490323754781,-0.519998686668,5,563
818,0,8.40856204589,8.0,,0.00800800800801,0,0.450751333076,2.05630804667,5,141
819,1,4.9955843664,0.0,5.0,0.012012012012,0,0.26173517771,-0.789621166732,5,339
820,1,4.77706531749,4.0,7.0,0.00900900900901,0,0.115036046,-0.568042820509,5,762
821,1,2.71994280285,2.0,6.0,0.00800800800801,0,-0.876030396543,0.348033992473,5,359
822,1,6.07725156217,3.0,7.0,0.00800800800801,0,0.226369417695,0.39814330909,5,621
823,1,1.15673830068,1.0,4.0,0.00900900900901,0,-0.8685346301,-1.23765780902,5,446
824,1,4.79701789242,4.0,5.0,0.00800800800801,1,-0.173507172814,0.317539410864,5,872
825,0,9.68018801311,8.0,,0.00800800800801,0,1.51244612461,0.142849639279,5,877
826,0,9.41477672179,8.0,,0.00800800800801,0,1.04127934238,1.29093869464,5,908
827,0,9.95654989177,8.0,,0.00800800800801,0,1.73154126442,-0.238073901475,5,741
828,1,7.76717899634,6.0,8.0,0.00900900900901,0,1.15387597428,-0.694448926486,5,719
829,1,4.92787541961,2.0,6.0,0.00800800800801,0,-0.338449433541,0.943223720237,5,531
830,0,9.21501198194,8.0,,0.00800800800801,0,1.17107629871,0.701783085809,5,211
831,1,-1.11199160343,,7.0,0.00800800800801,0,-1.50380964943,-1.60056265514,5,692
832,1,3.37689362308,3.0,9.0,0.00900900900901,0,-0.708145840851,0.501331145634,5,700
833,1,5.72710499553,5.0,9.0,0.00900900900901,0,0.0750624183904,0.501917740359,5,887
834,1,5.69138295104,5.0,6.0,0.00800800800801,1,0.0601434596192,0.510952572185,5,634
835,1,6.15859561645,5.0,7.0,0.01001001001,0,-0.0391244998545,1.27596911601,5,778
836,1,2.31063364074,2.0,4.0,0.00800800800801,0,-1.13350009552,0.711133927294,5,436
837,1,7.83413152293,7.0,8.0,0.00800800800801,1,0.854608212988,0.270306883966,5,940
838,1,7.29811097655,7.0,8.0,0.00800800800801,1,0.59649699819,0.508619981981,5,822
839,0,8.23460779591,8.0,,0.00800800800801,0,0.928824508859,0.448134269335,5,445
840,1,5.57409525801,5.0,7.0,0.00900900900901,0,0.164602353561,0.0802881973265,5,827
841,1,4.17993418988,4.0,6.0,0.01001001001,0,-0.243237792182,-0.0903524335699,5,432
842,1,7.59264920987,7.0,8.0,0.00800800800801,1,1.34355483654,-1.43801529974,5,938
843,0,8.11098806047,8.0,,0.00800800800801,0,1.14956913441,-0.337719342768,5,909
844,1,4.62406708675,3.0,6.0,0.00900900900901,0,0.364875267357,-1.47055871532,5,686
845,1,4.46910554166,0.0,6.0,0.00800800800801,0,-0.345053964538,0.504267435277,5,494
846,1,-0.138273433007,,0.0,0.00800800800801,1,-1.72685999832,0.0423065619419,5,62
847,1,4.62067387973,4.0,7.0,0.00800800800801,0,-0.152320436657,0.0776351897041,5,870
848,1,1.67678061497,0.0,3.0,0.00800800800801,0,-1.10173075912,-0.018027107664,5,196
849,1,6.51921461218,5.0,8.0,0.00800800800801,0,0.555122776684,-0.146153717871,5,800
850,1,5.18793868494,5.0,7.0,0.00800800800801,0,0.0648008340681,-0.00646381726748,5,478
851,0,8.52724994432,8.0,,0.00800800800801,0,1.38289663763,-0.621439968564,5,649
852,1,5.41036077849,,8.0,0.00800800800801,0,0.0636353175887,0.219454825723,5,627
853,1,-1.02928371108,,0.0,0.00800800800801,1,-1.79230105206,-0.652380554908,5,25
854,1,5.56737810786,5.0,6.0,0.00900900900901,1,0.0661326142141,0.368980265219,5,702
855,1,4.32933166962,,8.0,0.00800800800801,0,-0.047272664153,-0.528850337924,5,464
856,0,10.6569829044,9.0,,0.00900900900901,0,1.43262460834,1.35910907942,5,39
857,0,8.95254296233,8.0,,0.00900900900901,0,1.29103507381,0.0794377408921,5,731
858,1,6.50620381726,1.0,7.0,0.00900900900901,0,0.642321559706,-0.420760861854,5,439
859,1,-1.2551668102,,1.0,0.00800800800801,0,-1.81043833909,-0.823851792928,5,18
860,1,2.73671884451,,3.0,0.01001001001,0,-0.931418060389,0.530973025679,5,216
861,1,5.37191550349,5.0,6.0,0.00800800800801,1,0.225370224015,-0.304195168554,5,538
862,1,3.7422750858,3.0,6.0,0.00800800800801,0,-0.175682982423,-0.730675966928,5,512
863,0,8.46408893644,7.0,,0.00800800800801,0,1.41790591038,-0.789628794698,5,607
864,1,7.80865450654,6.0,9.0,0.01001001001,0,0.923251266437,0.038900707229,5,637
865,1,5.55731524239,,6.0,0.01001001001,0,0.0817802228314,0.311974573899,5,416
866,1,2.51492337498,0.0,5.0,0.00800800800801,0,-0.180219654777,-1.94441766069,5,383
867,1,2.54589007197,1.0,3.0,0.00800800800801,0,-0.674517951418,-0.430556073775,5,305
868,1,2.60119653988,,3.0,0.00800800800801,0,-1.10546626401,0.91759533192,5,263
869,1,-1.82682425931,,0.0,0.00900900900901,1,-2.06579259676,-0.629446469027,5,15
870,1,5.07204865593,5.0,8.0,0.00900900900901,0,0.204375372718,-0.541077462224,5,765
871,1,0.195011435009,,1.0,0.01001001001,0,-1.14310546241,-1.37567217777,5,27
872,1,7.379980841,3.0,8.0,0.00900900900901,0,0.778317928415,0.045027055759,5,787
873,1,6.348379806,5.0,8.0,0.01001001001,0,0.845082881955,-1.18686883987,5,783
874,1,4.45287305239,0.0,7.0,0.00900900900901,0,-0.0279498042362,-0.463277534905,5,852
875,1,1.86489604298,0.0,3.0,0.00800800800801,0,-0.899612399433,-0.436266758724,5,225
876,1,4.13295842382,2.0,5.0,0.01001001001,0,0.18376749196,-1.41834405206,5,450
877,1,7.04840116643,6.0,8.0,0.00900900900901,0,0.625825277139,0.170925335008,5,816
878,1,5.70537038318,1.0,6.0,0.00800800800801,0,0.353968651856,-0.356535572388,5,543
879,1,3.91510121959,2.0,4.0,0.00800800800801,0,-0.440612329738,0.236938208804,5,463
880,1,2.68827844578,2.0,3.0,0.00800800800801,1,-0.253473749689,-1.55130030516,5,271
881,1,6.55926423391,6.0,7.0,0.00800800800801,1,0.692231363642,-0.517429857019,5,807
882,1,5.63253768908,,6.0,0.00800800800801,0,0.653065761343,-1.32665959495,5,763
883,1,3.91413556679,1.0,8.0,0.00900900900901,0,-0.687600627777,0.97693745012,5,741
884,1,7.18711667532,7.0,8.0,0.00800800800801,1,0.800716378345,-0.215032459713,5,895
885,1,2.62664362198,,4.0,0.00800800800801,0,-0.342214054559,-1.34671421434,5,255
886,1,6.35903144538,3.0,8.0,0.00800800800801,0,0.539272626755,-0.258786434885,5,941
887,1,5.67022532419,5.0,6.0,0.00900900900901,1,0.0197078838125,0.611101672753,5,535
888,1,3.6519399766,,7.0,0.00900900900901,0,-0.120043649505,-0.987929074883,5,731
889,1,7.1197202219,,8.0,0.00900900900901,0,0.478889579975,0.683051481976,5,945
890,1,7.75839483772,7.0,8.0,0.00800800800801,1,1.25018370262,-0.992156270133,5,934
891,1,-0.604098699225,,0.0,0.00800800800801,1,-1.88076496902,0.0381962078492,5,3
892,1,4.25451670844,1.0,7.0,0.00800800800801,0,0.103214174977,-1.05512581649,5,837
893,1,2.55809181985,2.0,3.0,0.00900900900901,1,-1.11545600964,0.904459848789,5,485
894,1,7.46868752737,6.0,9.0,0.012012012012,0,0.998285359078,-0.526168549864,5,776
895,1,3.39546592182,2.0,6.0,0.00800800800801,0,-0.652304185706,0.352378478933,5,784
896,1,6.91804166834,6.0,8.0,0.00800800800801,0,0.722424315785,-0.249231279014,5,912
897,0,8.11665623974,8.0,,0.00800800800801,0,1.3664551696,-0.982709269071,5,259
898,1,1.88038344987,0.0,2.0,0.00800800800801,0,-1.06269053813,0.0684550642541,5,338
899,1,4.32750646119,4.0,7.0,0.011011011011,0,-0.125263070265,-0.296704328015,5,554
900,1,6.0576494381,3.0,7.0,0.00800800800801,0,0.252568778068,0.299943103893,5,325
901,1,4.31445570786,1.0,5.0,0.00900900900901,0,-0.431078489024,0.607691174935,5,306
902,1,7.32437512904,3.0,8.0,0.011011011011,0,0.996328492754,-0.664610349225,5,757
903,1,6.58005380408,6.0,8.0,0.00800800800801,0,0.194852982307,0.995494857157,5,877
904,1,6.5359967621,6.0,8.0,0.00800800800801,0,-0.0936955186788,1.81708331814,5,857
905,1,3.59729740656,3.0,7.0,0.00900900900901,0,-0.609415804583,0.425544820307,5,796
906,1,4.38982172522,2.0,8.0,0.00900900900901,0,0.0883340846636,-0.875180528773,5,545
907,1,3.88050415085,3.0,8.0,0.00800800800801,0,-0.453186732136,0.240064347259,5,907
908,1,1.5867949021,0.0,5.0,0.00800800800801,0,-0.729842724894,-1.22367692322,5,477
909,1,0.192533888352,,1.0,0.00800800800801,0,-2.01853735161,1.24814594318,5,98
910,1,6.56155518318,6.0,7.0,0.00800800800801,1,0.850832403603,-0.99094202763,5,835
911,1,6.77005590568,6.0,7.0,0.00800800800801,1,0.735985915437,-0.437901840631,5,892
912,1,7.40072926887,6.0,8.0,0.00800800800801,0,0.363753085798,1.30947001147,5,780
913,1,4.97933849878,1.0,6.0,0.00900900900901,0,-0.0367195712283,0.0894972124636,5,377
914,1,3.15143421572,2.0,7.0,0.00800800800801,0,-0.359834727132,-0.769061602883,5,824
915,0,10.1186225804,8.0,,0.00800800800801,0,0.994009098778,2.13659528406,5,798
916,1,4.58305227656,3.0,7.0,0.00800800800801,0,-0.496202500503,1.07165977807,5,641
917,0,9.19703278914,9.0,,0.00900900900901,0,1.27344884472,0.376686254984,5,792
918,1,1.94884598345,1.0,4.0,0.00800800800801,0,-1.01832504277,0.0038211117513,5,599
919,1,3.23567525863,2.0,5.0,0.00800800800801,0,-0.591106829284,0.00899574648376,5,672
920,1,2.52878747434,0.0,4.0,0.00800800800801,0,-0.87121521064,0.142433106263,5,334
921,1,1.5915558266,0.0,4.0,0.00800800800801,0,-0.839746944408,-0.889203340173,5,527
922,1,2.02596403655,0.0,7.0,0.00800800800801,0,-1.03906629657,0.143162926276,5,861
923,1,1.21976523807,,2.0,0.00800800800801,0,-1.46494485257,0.614599795767,5,74
924,1,2.95426310858,0.0,6.0,0.00800800800801,0,-0.452817274287,-0.687285068554,5,742
925,1,6.93782128422,6.0,8.0,0.00800800800801,0,0.658210498076,-0.0368102100119,5,859
926,1,3.90629033132,2.0,5.0,0.00800800800801,0,-0.303707046294,-0.182588529797,5,434
927,0,8.52611318144,7.0,,0.00800800800801,0,1.14677327508,0.085793356193,5,584
928,1,-1.34369705784,,1.0,0.00800800800801,0,-2.15157317689,0.111022472811,5,89
929,1,5.86737121265,2.0,7.0,0.00900900900901,0,0.51264075747,-0.670551059759,5,866
930,1,4.51520492637,4.0,5.0,0.00800800800801,1,-0.349834228905,0.564707613082,5,667
931,1,6.48282643422,6.0,8.0,0.00800800800801,0,0.461368073923,0.0987222124518,5,913
932,1,1.84682252636,0.0,7.0,0.00800800800801,0,-1.12696934628,0.22773056521,5,555
933,1,5.85093501922,1.0,6.0,0.00900900900901,0,0.624046360044,-1.02120406092,5,825
934,1,3.31695713902,2.0,4.0,0.00900900900901,0,-0.569771813287,0.0262725788779,5,708
935,1,7.63478967378,7.0,8.0,0.00800800800801,1,1.24933740493,-1.113222541,5,914
936,1,6.16358968205,6.0,8.0,0.00800800800801,0,0.400359786726,-0.0374896781265,5,916
937,1,3.92929452848,2.0,5.0,0.00800800800801,0,-0.396479176159,0.118732056955,5,335
938,1,2.70560747693,2.0,4.0,0.00800800800801,0,-0.362810143936,-1.20596209126,5,451
939,1,3.6312855793,1.0,4.0,0.00900900900901,0,-0.506436491191,0.15059505287,5,273
940,1,2.95463408655,2.0,6.0,0.00900900900901,0,-0.171876054198,-1.52973775086,5,467
941,1,7.82144357493,4.0,8.0,0.00900900900901,0,0.69175105953,0.746190396342,5,593
942,1,4.53004969499,1.0,5.0,0.00800800800801,0,-0.542847953128,1.15859355437,5,414
943,1,3.73861061194,2.0,4.0,0.00800800800801,0,-0.109529765882,-0.932800090419,5,552
944,1,4.24818090008,2.0,5.0,0.00800800800801,0,-0.317565578986,0.200877637044,5,687
945,1,5.53660732952,5.0,6.0,0.00900900900901,1,0.143512556166,0.106069661025,5,639
946,1,5.64839035982,5.0,6.0,0.00900900900901,1,0.455408147527,-0.717834082766,5,553
947,1,6.05099277506,6.0,7.0,0.00800800800801,1,0.376526331331,-0.0785862189298,5,843
948,1,2.7188960073,2.0,7.0,0.00800800800801,0,-0.477004018643,-0.850091936768,5,629
949,1,5.49607439551,2.0,8.0,0.00800800800801,0,0.459725946475,-0.883103443915,5,881
950,1,6.31461467536,4.0,7.0,0.00900900900901,0,0.348738152995,0.268400216377,5,744
951,1,4.70280015149,4.0,5.0,0.00800800800801,1,-0.236903037984,0.413509265439,5,304
952,1,7.75576719955,7.0,8.0,0.00800800800801,1,0.642466834117,0.828366697198,5,622
953,1,3.78114523707,1.0,5.0,0.00800800800801,0,0.187192368956,-1.7804318698,5,674
954,1,2.53041064771,2.0,3.0,0.00800800800801,1,-0.716272377431,-0.320772219997,5,178
955,1,2.66945297864,0.0,3.0,0.00800800800801,0,-0.0947241705133,-2.04637450982,5,120
956,1,7.55089286732,6.0,8.0,0.00800800800801,0,0.954130575017,-0.311498857735,5,873
957,1,0.963624930917,0.0,2.0,0.00900900900901,0,-1.04785833292,-0.89280007031,5,61
958,1,5.25745238275,3.0,8.0,0.00800800800801,0,-0.243990802896,0.989424791443,5,860
959,1,5.97853480083,5.0,8.0,0.00800800800801,0,0.386292406308,-0.180342418098,5,876
960,1,5.92316622505,4.0,7.0,0.00800800800801,0,-0.19958206336,1.52191241513,5,919
961,0,9.96449562603,8.0,,0.00800800800801,0,1.61980295477,0.10508676172,5,594
962,1,6.63352312236,6.0,7.0,0.00800800800801,1,0.394871949622,0.448907273496,5,746
963,1,4.30133728431,4.0,7.0,0.00800800800801,0,0.199988572724,-1.29862843386,5,606
964,0,10.2151263992,8.0,,0.00800800800801,0,1.74778139674,-0.0282177909763,5,343
965,0,9.77662696257,8.0,,0.00800800800801,0,1.86168419409,-0.808425619698,5,906
966,1,4.24435539217,3.0,6.0,0.00900900900901,0,-0.16380717578,-0.264223080489,5,836
967,0,10.0090902763,7.0,,0.00800800800801,0,1.81859863065,-0.446705615686,5,204
968,0,15.1624731942,7.0,,0.00800800800801,0,3.03507305952,1.05725401565,5,831
969,1,3.7531609141,1.0,6.0,0.00800800800801,0,0.121816893089,-1.61228976516,5,722
970,1,-1.58479433578,,3.0,0.00800800800801,0,-1.93229119696,-0.787920744895,5,399
971,1,3.91778367401,3.0,7.0,0.00800800800801,0,-0.173542557627,-0.56158865311,5,696
972,1,3.2633475699,3.0,8.0,0.00800800800801,0,-0.209565629104,-1.10795554279,5,846
973,1,5.15972099711,5.0,6.0,0.00800800800801,1,0.284489750791,-0.69374825526,5,879
974,1,4.94103483557,,8.0,0.00800800800801,0,-0.000457578268723,-0.0575924296269,5,893
975,1,0.897208305474,,3.0,0.00800800800801,0,-1.05807512989,-0.928566304866,5,51
976,1,6.73775544975,4.0,7.0,0.00800800800801,0,0.650256041838,-0.213012675758,5,915
977,1,5.60553765262,4.0,7.0,0.00800800800801,0,-0.32604049807,1.58365914683,5,698
978,1,6.72160855428,5.0,7.0,0.00800800800801,0,0.802658373218,-0.686366565372,5,735
979,0,9.95384375912,8.0,,0.00800800800801,0,1.60896859657,0.126937969423,5,279
980,1,-1.0635944903,,0.0,0.00800800800801,1,-1.81124558983,-0.629857720804,5,10
981,1,5.64662765508,5.0,8.0,0.00800800800801,0,0.406728491189,-0.573557818489,5,649
982,1,5.80811356551,2.0,6.0,0.00800800800801,0,0.618819311529,-1.04834436908,5,465
983,1,5.63945555812,2.0,6.0,0.00800800800801,0,0.406275290911,-0.579370314614,5,511
984,1,4.93846891719,2.0,6.0,0.00800800800801,0,-0.158066548436,0.412668562499,5,848
985,1,2.98074022085,,6.0,0.00800800800801,0,-0.699601663043,0.0795452099831,5,421
986,1,-2.59627854672,,0.0,0.00800800800801,1,-2.57757664021,0.136451373904,5,19
987,1,7.0160961632,4.0,8.0,0.00800800800801,0,0.327495167216,1.03361066155,5,930
988,1,7.03166693145,6.0,8.0,0.00800800800801,0,0.889423966729,-0.63660496874,5,932
989,1,-1.04674810528,,2.0,0.00800800800801,0,-1.62424376277,-1.17401681696,5,156
990,0,7.81047497693,7.0,,0.00800800800801,0,0.79641273858,0.421236761187,5,622
991,0,9.80777566339,8.0,,0.00800800800801,0,1.70246845467,-0.299629700615,5,896
992,1,4.16606059106,2.0,7.0,0.00800800800801,0,0.160179148984,-1.3144768559,5,818
993,1,1.44822699999,1.0,7.0,0.00800800800801,0,-1.0370224501,-0.440705649724,5,839
994,1,6.45989673303,5.0,7.0,0.00800800800801,0,0.497715079483,-0.0332485054155,5,736
995,0,12.4192982228,8.0,,0.00800800800801,0,2.31050032721,0.48779724119,5,317
996,1,1.73585127569,1.0,4.0,0.00800800800801,0,-0.837230707079,-0.75245660307,5,644
997,1,5.71384770723,4.0,6.0,0.00800800800801,0,0.154741387964,0.249623543334,5,704
998,1,-0.0314667655549,,0.0,0.00800800800801,1,-1.52727741678,-0.449634515228,5,31
999,1,4.54852263769,3.0,5.0,0.00800800800801,0,-0.0719473839646,-0.235635210418,5,348
