name,activated,threshold,before_activation_alters,after_activation_alters,degree,observed,var1,epsilon,constant,activation_order
0,1,6.53097613849,1.0,74.0,0.116116116116,0,0.200010553738,0.930944477274,5,629
1,1,1.68608290379,,30.0,0.106106106106,0,-0.843455061673,-0.78355191119,5,312
2,1,6.44645196031,4.0,12.0,0.0700700700701,0,0.941174099111,-1.37707033702,5,149
3,1,3.56271205741,0.0,15.0,0.0970970970971,0,-0.638336384891,0.477721212083,5,102
4,1,3.67382421947,,41.0,0.147147147147,0,-0.70371902041,0.7849812807,5,267
5,1,6.64743106163,0.0,13.0,0.033033033033,0,0.535127989832,0.042047092136,5,251
6,1,7.37391822749,,57.0,0.0660660660661,0,0.470912717189,0.961180075922,5,899
7,1,2.36678508083,1.0,16.0,0.0890890890891,0,-0.759173569561,-0.355694210484,5,94
8,1,-0.796564493656,,2.0,0.135135135135,0,-1.94160427507,0.028248331544,5,8
9,1,8.30959679581,4.0,25.0,0.1001001001,0,0.71724875901,1.15785051878,5,191
10,1,5.0221639089,,64.0,0.15015015015,0,-0.376224658832,1.15083788539,5,290
11,1,-0.0319211113393,,16.0,0.206206206206,0,-2.06343022465,1.1583695626,5,58
12,1,6.83391888984,3.0,39.0,0.129129129129,0,0.777420360281,-0.498342191006,5,254
13,1,1.4423034582,,3.0,0.15015015015,0,-1.29833987747,0.337323090603,5,24
14,1,4.58639686722,,23.0,0.172172172172,0,0.0693800035806,-0.621743143521,5,120
15,1,7.17490539284,5.0,11.0,0.147147147147,0,0.313391278703,1.23473155673,5,77
16,1,9.37556539084,5.0,57.0,0.114114114114,0,1.65870748468,-0.600557063188,5,389
17,1,7.53994367195,6.0,53.0,0.0860860860861,0,0.717445100353,0.387608370889,5,533
18,1,0.21244980763,,78.0,0.0840840840841,0,-1.50187173321,-0.28193499274,5,925
19,1,7.76399931538,,45.0,0.0930930930931,0,0.700078812615,0.663762877537,5,446
20,1,0.507487156514,,8.0,0.0830830830831,0,-1.63870420602,0.42359977456,5,54
21,1,9.19500068093,6.0,13.0,0.0800800800801,0,1.74952139975,-1.05356351832,5,121
22,1,4.93574637366,,9.0,0.0850850850851,0,0.130814167553,-0.456696129001,5,111
23,1,2.99893739007,,3.0,0.0890890890891,0,-0.79248287,0.376386000073,5,27
24,1,8.01315834018,6.0,14.0,0.044044044044,0,0.914856630703,0.268588448076,5,201
25,1,7.93600350262,,24.0,0.049049049049,0,0.687528228766,0.87341881632,5,416
26,1,3.64500229473,3.0,21.0,0.046046046046,0,-0.458546882124,0.0206429411025,5,432
27,1,-0.115818661149,,13.0,0.0670670670671,0,-1.74798705834,0.128142513861,5,145
28,1,2.67370235027,,7.0,0.04004004004,0,-0.642060696915,-0.400115558981,5,112
29,1,7.85458811258,,34.0,0.036036036036,0,0.998777722163,-0.141745053912,5,918
30,1,0.728298604715,,3.0,0.034034034034,0,-1.46713901529,0.129715650595,5,65
31,1,7.51797873117,0.0,11.0,0.023023023023,0,0.713435173487,0.377673210704,5,206
32,1,7.46591276627,0.0,34.0,0.0870870870871,0,0.896665007833,-0.224082257231,5,230
33,1,9.423971704,3.0,18.0,0.0810810810811,0,1.61141808624,-0.410282554731,5,184
34,1,5.65735512214,1.0,18.0,0.0770770770771,0,0.478150555716,-0.77709654501,5,148
35,1,3.96285615224,1.0,40.0,0.0810810810811,0,-0.322611776336,-0.069308518751,5,352
36,1,3.48070814004,0.0,32.0,0.0540540540541,0,-0.59668485737,0.270762712148,5,618
37,1,0.731828666508,,12.0,0.0650650650651,0,-1.45134467447,0.0858626899264,5,186
38,1,2.84974382868,,6.0,0.0650650650651,0,-0.648404206905,-0.205043550604,5,38
39,1,7.0874527077,5.0,8.0,0.034034034034,0,0.857814611658,-0.485991127271,5,165
40,1,9.4958155272,6.0,34.0,0.0560560560561,0,1.20839504797,0.870630383302,5,589
41,1,3.62562575002,3.0,7.0,0.0570570570571,0,-0.593357606851,0.405698570578,5,132
42,1,6.81578662483,0.0,36.0,0.042042042042,0,0.778193113103,-0.518792714485,5,854
43,1,4.70888038166,,12.0,0.0620620620621,0,-0.0353389284635,-0.185102832952,5,90
44,1,4.33640882263,,8.0,0.0730730730731,0,0.19614145925,-1.25201555512,5,78
45,1,6.02555881175,0.0,27.0,0.0540540540541,0,0.539962250096,-0.594327938543,5,386
46,1,4.1126612178,,19.0,0.029029029029,0,-0.0931598380216,-0.607859268138,5,515
47,1,5.60115777257,4.0,29.0,0.0630630630631,0,0.149721555109,0.151993107248,5,463
48,1,7.37362851354,,26.0,0.0630630630631,0,0.830844359787,-0.118904565817,5,406
49,1,1.35445183712,0.0,7.0,0.0500500500501,0,-0.840599820765,-1.12374870058,5,101
50,1,0.0544182828477,,2.0,0.0540540540541,0,-1.12442421309,-1.57230907789,5,63
51,1,5.58047765372,1.0,12.0,0.041041041041,0,0.0633249246619,0.39050287973,5,202
52,1,4.86890890565,1.0,40.0,0.0680680680681,0,-0.394475735755,1.05233611292,5,512
53,1,5.09586790342,3.0,17.0,0.027027027027,0,0.0595767909761,-0.0828624695085,5,381
54,1,3.7398296389,1.0,6.0,0.036036036036,0,-0.472037670735,0.155942651106,5,231
55,1,4.2679121801,,7.0,0.0560560560561,0,-0.243974044312,-0.000165686961446,5,104
56,1,4.14496767096,,15.0,0.036036036036,0,-0.560400737236,0.826169882667,5,330
57,1,5.97080747534,4.0,17.0,0.041041041041,0,-0.0544766101398,1.13423730576,5,228
58,1,4.62435252681,3.0,12.0,0.028028028028,0,-0.173971383044,0.146266675945,5,196
59,1,10.30795075,3.0,18.0,0.025025025025,0,1.72041524217,0.146705023454,5,636
60,1,6.18119001884,2.0,13.0,0.038038038038,0,0.200114287495,0.580847156351,5,322
61,1,4.64253053646,4.0,35.0,0.037037037037,0,0.128319797663,-0.742428856525,5,890
62,1,4.89107209488,0.0,8.0,0.023023023023,0,0.0577108970828,-0.282060596372,5,221
63,1,8.83068862924,2.0,16.0,0.02002002002,0,0.986234010542,0.871986597618,5,804
64,1,-0.443533856816,,42.0,0.0610610610611,0,-1.99649940537,0.545964359288,5,664
65,1,6.42044361406,6.0,10.0,0.0560560560561,0,0.414771932958,0.176127815188,5,140
66,1,6.63817011231,5.0,43.0,0.0610610610611,0,0.841828219246,-0.887314545432,5,673
67,1,0.0175977930442,0.0,5.0,0.046046046046,0,-1.66104521208,0.000733429269868,5,60
68,1,4.21198599041,,7.0,0.026026026026,0,-0.733326723933,1.41196616221,5,152
69,1,7.34568825481,7.0,12.0,0.025025025025,0,0.664486480176,0.352228814288,5,319
70,1,10.6259353164,5.0,42.0,0.0540540540541,0,2.03486457288,-0.478658402244,5,693
71,1,0.509403120663,,23.0,0.031031031031,0,-1.5430294993,0.138491618551,5,665
72,1,11.3184854835,0.0,25.0,0.041041041041,0,2.22819625146,-0.366103270876,5,587
73,1,12.1025694175,12.0,13.0,0.023023023023,1,1.91722401325,1.35089737773,5,773
74,1,-2.03409660912,,1.0,0.0540540540541,0,-2.0288974401,-0.947404288822,5,12
75,1,5.26570503674,1.0,20.0,0.031031031031,0,-0.18745250468,0.828062550778,5,496
76,1,1.26269681469,,17.0,0.041041041041,0,-1.2098967323,-0.107612988405,5,376
77,1,3.13023392222,1.0,25.0,0.037037037037,0,-0.33954472162,-0.851131912923,5,616
78,1,3.25230270743,2.0,10.0,0.0720720720721,0,-0.465994757708,-0.349713019449,5,177
79,1,5.00381774089,,28.0,0.032032032032,0,-0.272802608664,0.822225566887,5,790
80,1,-0.685209578073,,5.0,0.0520520520521,0,-1.82808428219,-0.200956731512,5,47
81,1,3.20296602636,1.0,5.0,0.047047047047,0,-0.321779882829,-0.83169432515,5,92
82,1,1.38779248063,,15.0,0.0590590590591,0,-1.21482546786,0.032268884196,5,194
83,1,2.07060474588,1.0,15.0,0.0560560560561,0,-0.796661205934,-0.53941163632,5,180
84,1,2.30963195546,,8.0,0.031031031031,0,-1.14790727316,0.753353774946,5,41
85,1,-0.983929328945,,1.0,0.037037037037,0,-1.84754336917,-0.441299221441,5,35
86,1,3.45902976553,,13.0,0.031031031031,0,-0.651822686939,0.414497826348,5,299
87,1,3.25088093724,1.0,15.0,0.048048048048,0,-0.367152574744,-0.647661338527,5,286
88,1,5.65304818333,2.0,13.0,0.033033033033,0,0.143925235243,0.221272477602,5,263
89,1,0.534262078039,,25.0,0.027027027027,0,-1.10297629243,-1.15680904466,5,904
90,1,3.14417976108,,6.0,0.016016016016,0,-0.224374230407,-1.1826975477,5,211
91,1,7.8304872064,1.0,10.0,0.022022022022,0,1.1516707285,-0.624524979111,5,318
92,1,6.36576297603,,21.0,0.022022022022,0,0.565659974644,-0.331216947903,5,943
93,1,4.23641311949,,17.0,0.029029029029,0,-0.599333541174,1.03441374301,5,338
94,1,3.97781107842,,4.0,0.016016016016,0,-0.52025589243,0.538578755707,5,155
95,1,5.40613584147,3.0,14.0,0.021021021021,0,-0.0722789468542,0.622972682033,5,607
96,1,8.08037477515,,13.0,0.0520520520521,0,0.981143499541,0.136944276526,5,204
97,1,8.40872818485,,31.0,0.037037037037,0,0.819415585455,0.950481428487,5,752
98,1,4.28015969308,,8.0,0.0500500500501,0,-0.467818860875,0.68361627571,5,116
99,1,5.83017096305,1.0,7.0,0.036036036036,0,0.164327732665,0.337187765051,5,135
100,1,7.39265764765,7.0,11.0,0.023023023023,0,0.629445029078,0.504322560416,5,288
101,1,6.18150089056,5.0,13.0,0.039039039039,0,0.505500699269,-0.335001207248,5,176
102,1,3.85073251622,0.0,6.0,0.037037037037,0,-0.464863020774,0.245321578538,5,136
103,1,5.18152153686,,50.0,0.0520520520521,0,0.228290427299,-0.503349745043,5,885
104,1,4.52556585426,2.0,20.0,0.02002002002,0,0.0705901783404,-0.686204680765,5,978
105,1,3.55713019618,0.0,15.0,0.0610610610611,0,-0.565572177399,0.253846728375,5,123
106,1,10.1326509515,9.0,13.0,0.034034034034,0,1.41412277993,0.890282611712,5,346
107,1,3.31764297878,,12.0,0.031031031031,0,-0.516616744373,-0.132506788102,5,245
108,1,5.03370915193,4.0,25.0,0.04004004004,0,-0.286474197552,0.893131744589,5,594
109,1,4.71148189685,3.0,7.0,0.021021021021,0,-0.0266807586725,-0.208475827131,5,247
110,1,6.90364575519,3.0,22.0,0.03003003003,0,0.491194167921,0.430063251427,5,655
111,1,7.46454534144,7.0,13.0,0.022022022022,0,0.0970615206448,2.17336077951,5,367
112,1,3.0595990283,,8.0,0.034034034034,0,-0.857586108583,0.63235735405,5,274
113,1,4.39338949712,1.0,29.0,0.034034034034,0,-0.12514501789,-0.231175449211,5,910
114,1,0.390304715885,,25.0,0.046046046046,0,-1.63372356868,0.291475421938,5,420
115,1,8.05651915665,6.0,14.0,0.022022022022,0,1.11987857421,-0.30311656598,5,572
116,1,5.13803509649,3.0,13.0,0.022022022022,0,0.585891007365,-1.61963792561,5,418
117,1,3.82224095146,,16.0,0.028028028028,0,-0.421420705403,0.0865030676711,5,332
118,1,1.14040697921,,2.0,0.024024024024,0,-1.64930745901,1.08832935623,5,86
119,1,2.85825811501,0.0,22.0,0.026026026026,0,-0.719656123655,0.0172264859726,5,917
120,1,7.03295249499,,11.0,0.041041041041,0,0.62293127529,0.164158669124,5,257
121,1,5.29745985846,2.0,18.0,0.019019019019,0,-0.235790107324,1.00483018044,5,913
122,1,5.15018056092,1.0,6.0,0.032032032032,0,-0.358093036932,1.22445967172,5,159
123,1,0.662253488645,,1.0,0.028028028028,0,-1.45825432387,0.0370164602572,5,16
124,1,5.81567695745,2.0,17.0,0.02002002002,0,0.50317043896,-0.693834359428,5,849
125,1,3.49034964204,,7.0,0.019019019019,0,-0.908759005155,1.21662665751,5,153
126,1,5.33234932558,1.0,12.0,0.017017017017,0,0.26774160235,-0.470875481471,5,481
127,1,7.53479116039,,9.0,0.018018018018,0,0.910965440798,-0.198105162006,5,302
128,1,4.27858391529,0.0,9.0,0.04004004004,0,-0.610113329376,1.10892390342,5,210
129,1,3.4675047447,3.0,10.0,0.043043043043,0,-0.768339808534,0.772524170303,5,103
130,1,6.73924296022,2.0,8.0,0.038038038038,0,0.164635275402,1.24533713401,5,236
131,1,2.55538518067,1.0,26.0,0.042042042042,0,-0.883516189048,0.205933747811,5,626
132,1,6.84401134885,6.0,25.0,0.035035035035,0,0.716357473991,-0.305061073122,5,734
133,1,6.12916888859,3.0,11.0,0.026026026026,0,0.356259741369,0.0603896644834,5,232
134,1,2.87833559148,0.0,5.0,0.034034034034,0,-0.596127825704,-0.333280931408,5,119
135,1,-2.72686396768,,3.0,0.031031031031,0,-2.60682075939,0.0935983105087,5,98
136,1,6.03270768555,0.0,23.0,0.023023023023,0,0.232508472166,0.335182269053,5,983
137,1,4.39330554327,,12.0,0.023023023023,0,-0.533191267875,0.992879346898,5,256
138,1,7.76651343368,0.0,13.0,0.02002002002,0,1.10348686187,-0.543947151929,5,674
139,1,8.37635026658,5.0,14.0,0.017017017017,0,1.17916477458,-0.161144057162,5,847
140,1,4.44362648063,3.0,7.0,0.024024024024,0,-0.415830790053,0.691118850787,5,168
141,1,2.22393366222,0.0,9.0,0.0560560560561,0,-0.832864441706,-0.27747301266,5,164
142,1,9.421000264,8.0,11.0,0.025025025025,0,1.70855580978,-0.704667165336,5,405
143,1,2.91792907945,,3.0,0.015015015015,0,-0.710561446026,0.0496134175305,5,80
144,1,4.79911860508,1.0,5.0,0.03003003003,0,-0.205541281088,0.415742448339,5,100
145,1,1.13152323302,,18.0,0.038038038038,0,-1.83995131954,1.65137719163,5,440
146,1,1.05108856061,1.0,13.0,0.022022022022,0,-1.20361381352,-0.33806999884,5,412
147,1,4.75418455039,0.0,11.0,0.031031031031,0,-0.681509537106,1.79871316171,5,345
148,1,4.40452898388,,17.0,0.022022022022,0,0.168644028628,-1.101403102,5,591
149,1,-0.541803693376,,1.0,0.016016016016,0,-1.52874323949,-0.955573974907,5,33
150,1,-2.00552217936,,4.0,0.023023023023,0,-2.23962192596,-0.286656401467,5,195
151,1,6.24573183413,,14.0,0.025025025025,0,0.188360173852,0.680651312574,5,422
152,1,4.17687148338,1.0,16.0,0.02002002002,0,-0.194744497367,-0.238895024522,5,723
153,1,2.89594393607,0.0,8.0,0.027027027027,0,-1.20727688583,1.51777459356,5,234
154,1,1.88534259002,1.0,10.0,0.023023023023,0,-0.804423869005,-0.701385802963,5,287
155,1,3.94560218146,2.0,6.0,0.015015015015,0,-0.947070318853,1.78681313801,5,295
156,1,1.86939267178,,8.0,0.019019019019,0,-1.35742974764,0.941681914706,5,160
157,1,6.69396652136,1.0,9.0,0.019019019019,0,0.463718730601,0.302810329554,5,296
158,1,3.15014140278,0.0,6.0,0.015015015015,0,-0.361903708374,-0.764147472101,5,178
159,1,4.42514530247,0.0,15.0,0.016016016016,0,0.714262920702,-2.71764345964,5,715
160,1,-1.58811879716,,1.0,0.023023023023,0,-2.22279664662,0.0802711426968,5,15
161,1,8.82357529563,,22.0,0.023023023023,0,1.59502861318,-0.961510543919,5,924
162,1,3.7480263039,0.0,5.0,0.014014014014,0,-0.624417576639,0.621279033818,5,147
163,1,1.52549381325,,2.0,0.026026026026,0,-1.04813345165,-0.330105831801,5,31
164,1,2.52645482972,1.0,18.0,0.026026026026,0,-1.21026410126,1.15724713349,5,639
165,1,10.1743621514,10.0,11.0,0.027027027027,1,1.461400668,0.790160147396,5,431
166,1,9.96661676664,5.0,23.0,0.034034034034,0,1.42973987857,0.677397130919,5,738
167,1,3.06341039353,0.0,20.0,0.024024024024,0,-0.323369385176,-0.966481450948,5,850
168,1,6.01312876231,,8.0,0.024024024024,0,0.364099070701,-0.079168449796,5,472
169,1,2.05379122927,,5.0,0.032032032032,0,-0.5013924233,-1.44203150084,5,106
170,1,3.71124161182,,4.0,0.028028028028,0,-0.255156079447,-0.523290149834,5,61
171,1,9.46492856231,9.0,11.0,0.011011011011,0,1.50262265092,-0.0429393904628,5,798
172,1,8.40627741373,8.0,24.0,0.027027027027,0,0.782259375382,1.05949928758,5,667
173,1,4.66134958357,4.0,6.0,0.021021021021,0,-0.379394849675,0.799534132594,5,213
174,1,4.64166881551,4.0,15.0,0.021021021021,0,-0.0859813014283,-0.100387280205,5,661
175,1,6.9371399452,3.0,10.0,0.033033033033,0,0.918895846348,-0.819547593845,5,282
176,1,0.63440577072,,1.0,0.031031031031,0,-1.20772549407,-0.742417747071,5,30
177,1,8.42533252648,,9.0,0.044044044044,0,0.899240975005,0.727609601466,5,220
178,1,8.98598842626,6.0,14.0,0.027027027027,0,1.0239261617,0.914209941165,5,470
179,1,-1.27827995962,,5.0,0.022022022022,0,-1.82507257488,-0.803062234994,5,214
180,1,2.13057562309,,19.0,0.025025025025,0,-0.753430012228,-0.609134340222,5,600
181,1,9.55639343251,6.0,14.0,0.017017017017,0,1.45842049317,0.181131953002,5,743
182,1,6.91353180755,2.0,9.0,0.02002002002,0,0.590038401558,0.143416602874,5,413
183,1,1.28869784608,0.0,11.0,0.021021021021,0,-1.2765764914,0.118427320289,5,347
184,1,10.7925629571,2.0,12.0,0.026026026026,0,1.54237121834,1.16544930211,5,394
185,1,9.56849162631,5.0,17.0,0.027027027027,0,1.43501313927,0.263452208514,5,678
186,1,6.03408495025,0.0,12.0,0.019019019019,0,0.232873635341,0.335464044228,5,467
187,1,10.4725495574,5.0,19.0,0.032032032032,0,1.83197697837,-0.0233813776987,5,570
188,1,9.7844485433,,12.0,0.027027027027,0,1.45190609643,0.428730254001,5,483
189,1,5.19352263354,5.0,13.0,0.013013013013,0,0.450403292398,-1.15768724366,5,934
190,1,5.18795672327,1.0,12.0,0.021021021021,0,-0.310704180763,1.12006926556,5,327
191,1,2.08622007124,,7.0,0.019019019019,0,-1.14355270594,0.516878189071,5,133
192,1,6.28059987772,6.0,15.0,0.028028028028,0,0.444957265352,-0.0542719183307,5,333
193,1,4.89982691309,3.0,6.0,0.039039039039,0,0.0236848525635,-0.171227644596,5,141
194,1,3.88777268418,,4.0,0.017017017017,0,-0.466283292984,0.286622563138,5,83
195,1,5.89623329408,2.0,13.0,0.015015015015,0,0.263797371316,0.104841180127,5,659
196,1,5.39723215413,4.0,19.0,0.023023023023,0,0.199743900869,-0.201999548482,5,762
197,1,4.09859754132,2.0,19.0,0.025025025025,0,0.225232405225,-1.57709967436,5,827
198,1,7.47525591023,5.0,13.0,0.017017017017,0,1.00168703686,-0.529805200361,5,430
199,1,7.78974405892,3.0,8.0,0.014014014014,0,0.837390536615,0.277572449075,5,291
200,1,2.91155819713,1.0,3.0,0.035035035035,0,-0.556604373055,-0.418628683701,5,113
201,1,5.47135552027,5.0,6.0,0.031031031031,1,0.368865541828,-0.635241105218,5,108
202,1,11.3597537965,,34.0,0.041041041041,0,2.15876559366,-0.116542984442,5,735
203,1,6.07188371925,1.0,26.0,0.029029029029,0,-0.125438656703,1.44819968936,5,902
204,1,5.25779918233,5.0,6.0,0.026026026026,1,0.198560666955,-0.33788281853,5,174
205,1,2.97400307471,,4.0,0.037037037037,0,-0.924993169323,0.748982582685,5,76
206,1,5.81637610092,,6.0,0.023023023023,0,0.16924564291,0.30863917219,5,258
207,1,3.35551583353,2.0,4.0,0.025025025025,0,-0.136034765624,-1.2363798696,5,107
208,1,5.60639064785,3.0,8.0,0.034034034034,0,-0.123532056858,0.976986818428,5,264
209,1,4.99013871756,3.0,11.0,0.022022022022,0,0.0602824991929,-0.190708780023,5,457
210,1,1.98471278152,,6.0,0.019019019019,0,-1.23901953675,0.701771391767,5,190
211,1,5.32864731055,5.0,15.0,0.026026026026,0,-0.115442446993,0.674974651528,5,438
212,1,6.85136414357,4.0,10.0,0.022022022022,0,0.605064251748,0.0361713883224,5,227
213,1,4.57565116358,3.0,16.0,0.032032032032,0,0.263704073268,-1.21546105622,5,433
214,1,3.36498121436,2.0,7.0,0.038038038038,0,-0.52351695633,-0.064467916649,5,99
215,1,8.65367929832,4.0,13.0,0.016016016016,0,1.26348301058,-0.13676973341,5,508
216,1,5.17698480489,,11.0,0.021021021021,0,0.111727684393,-0.15819824829,5,348
217,1,5.64697057734,,8.0,0.016016016016,0,0.182170530807,0.100458984917,5,519
218,1,3.8315943474,1.0,17.0,0.023023023023,0,-0.342898536587,-0.139710042844,5,645
219,1,2.18466763866,0.0,11.0,0.013013013013,0,-0.987652311169,0.14762457217,5,553
220,1,-0.053205195649,,0.0,0.013013013013,1,-1.82445527091,0.420160617084,5,19
221,1,7.50141436389,5.0,9.0,0.014014014014,0,0.286316329523,1.64246537532,5,552
222,1,4.9795132007,3.0,6.0,0.016016016016,0,0.28024704075,-0.861227921547,5,187
223,1,7.74278403105,1.0,10.0,0.018018018018,0,0.931487391409,-0.0516781431777,5,393
224,1,-1.12464483252,,1.0,0.027027027027,0,-1.58209054422,-1.37837319986,5,25
225,1,4.74561852903,2.0,20.0,0.029029029029,0,0.156685533259,-0.724438070744,5,581
226,1,3.09862899662,0.0,7.0,0.02002002002,0,-0.895358759368,0.784705274728,5,371
227,1,1.37025225865,0.0,3.0,0.018018018018,0,-0.842684366846,-1.10169464081,5,91
228,1,10.5328139166,5.0,17.0,0.019019019019,0,1.66422669937,0.540133818489,5,755
229,1,6.57316811229,,14.0,0.018018018018,0,0.462517418554,0.185615856629,5,821
230,1,6.48199325772,,9.0,0.015015015015,0,0.622741504531,-0.386231255876,5,486
231,1,4.96262092521,,9.0,0.022022022022,0,0.0346006367379,-0.141180985004,5,521
232,1,1.65903819791,,8.0,0.022022022022,0,-0.839118870301,-0.823605191186,5,361
233,1,0.435099728401,0.0,1.0,0.017017017017,1,-1.01631615436,-1.51595180852,5,51
234,1,5.93398861217,0.0,13.0,0.025025025025,0,0.306967093644,0.0130873312361,5,447
235,1,2.81710113219,0.0,3.0,0.018018018018,0,-0.27511309523,-1.35755958212,5,182
236,1,5.03906794025,3.0,7.0,0.026026026026,0,0.328056525311,-0.945101635687,5,169
237,1,5.69395523454,5.0,9.0,0.016016016016,0,0.360015330111,-0.386090755791,5,706
238,1,7.4250473739,5.0,12.0,0.02002002002,0,0.863083971714,-0.16420454124,5,588
239,1,4.89755849785,4.0,18.0,0.019019019019,0,0.252522422985,-0.860008771105,5,891
240,1,7.0525954899,6.0,10.0,0.012012012012,0,0.864895066493,-0.542089709584,5,795
241,1,4.37433422008,,5.0,0.019019019019,0,-0.289103311767,0.241644155378,5,252
242,1,5.03622656976,,8.0,0.013013013013,0,-0.0317333708319,0.131426682257,5,443
243,1,4.26180658703,,9.0,0.029029029029,0,-0.138007076095,-0.32417218468,5,321
244,1,3.54186887436,2.0,7.0,0.03003003003,0,-0.479597209223,-0.0193394979712,5,171
245,1,4.79042640226,1.0,12.0,0.019019019019,0,-0.183813648534,0.341867347867,5,635
246,1,2.40777581308,0.0,9.0,0.02002002002,0,-0.844298694164,-0.0593281044257,5,241
247,1,8.58689471178,1.0,19.0,0.024024024024,0,0.987243045658,0.625165574806,5,741
248,1,2.60070157271,,15.0,0.016016016016,0,-0.646801114148,-0.458895084848,5,816
249,1,2.16298553267,,23.0,0.028028028028,0,-1.49155833106,1.63766052585,5,846
250,1,3.61654566612,1.0,12.0,0.013013013013,0,-0.517421379794,0.168809805502,5,791
251,1,6.61003669367,,16.0,0.021021021021,0,0.449605272871,0.261220875061,5,685
252,1,6.25912683264,4.0,12.0,0.015015015015,0,0.647774220465,-0.684195828752,5,605
253,1,6.49070183572,1.0,8.0,0.02002002002,0,0.629315534291,-0.397244767151,5,239
254,1,4.45431534868,2.0,6.0,0.016016016016,0,-0.00992699750333,-0.515903658815,5,471
255,1,2.58076162049,,10.0,0.014014014014,0,-1.09959683363,0.879552121373,5,558
256,1,5.34054506462,2.0,13.0,0.026026026026,0,-0.163768005413,0.831849080864,5,530
257,1,6.07154470419,3.0,27.0,0.031031031031,0,0.0122169496371,1.03489385528,5,813
258,1,5.49104191502,5.0,11.0,0.018018018018,0,-0.290828648996,1.36352786201,5,482
259,1,4.09920656992,,19.0,0.025025025025,0,-0.655896150579,1.06689502166,5,680
260,1,6.21678894155,3.0,11.0,0.014014014014,0,0.322392449539,0.249611592933,5,620
261,1,1.54472842101,1.0,3.0,0.02002002002,0,-0.733395927939,-1.25508379518,5,53
262,1,0.0181103377643,,4.0,0.033033033033,0,-1.62010123769,-0.12158594917,5,126
263,1,3.21333900324,,4.0,0.024024024024,0,-0.368414601782,-0.68141719141,5,45
264,1,5.78715082587,,6.0,0.013013013013,0,0.348044963736,-0.256984065337,5,199
265,1,1.02532025963,1.0,2.0,0.027027027027,1,-1.31944272368,-0.0163515693168,5,49
266,1,7.48548464562,1.0,9.0,0.019019019019,0,0.736373735665,0.276363438621,5,403
267,1,3.8292147854,1.0,9.0,0.019019019019,0,-0.495960194139,0.317095367813,5,308
268,1,4.92754364729,4.0,14.0,0.016016016016,0,-0.120202287089,0.288150508558,5,584
269,1,2.76926332062,,22.0,0.023023023023,0,-0.827328643499,0.251249251122,5,867
270,1,3.59741114592,,11.0,0.017017017017,0,-0.670096967175,0.607702047445,5,516
271,1,6.33266106681,1.0,9.0,0.021021021021,0,0.122853084854,0.964101812247,5,449
272,1,2.74191360811,,5.0,0.02002002002,0,-1.41926064541,1.99969554436,5,105
273,1,8.25638697289,8.0,13.0,0.015015015015,0,0.937867599264,0.442784175095,5,834
274,1,7.82398514886,1.0,9.0,0.021021021021,0,0.832079398486,0.327746953401,5,297
275,1,1.13609569396,,7.0,0.022022022022,0,-1.18039064799,-0.322732362068,5,270
276,1,1.05411174056,,14.0,0.019019019019,0,-1.42445938612,0.327489898921,5,713
277,1,12.6561139048,,14.0,0.016016016016,0,2.07912486405,1.41873931263,5,860
278,1,9.55328941828,9.0,12.0,0.017017017017,0,1.21066117842,0.921305883038,5,543
279,1,5.68668277031,3.0,11.0,0.019019019019,0,-0.0716429249216,0.901611545079,5,585
280,1,2.7445122428,0.0,14.0,0.023023023023,0,-0.582859405696,-0.506909540113,5,452
281,1,6.06207550754,,9.0,0.015015015015,0,0.220236648273,0.401365562716,5,454
282,1,12.7156359391,8.0,16.0,0.017017017017,0,2.67117514874,-0.297889507136,5,823
283,1,2.85256041238,0.0,10.0,0.013013013013,0,-0.628213610781,-0.262798755278,5,597
284,1,4.26666584986,1.0,7.0,0.013013013013,0,-0.0505836091243,-0.581583322764,5,456
285,1,1.30490571913,,11.0,0.017017017017,0,-1.15171086584,-0.239961683354,5,477
286,1,4.68723349657,,10.0,0.013013013013,0,-0.353451738868,0.747588713169,5,498
287,1,3.94239597987,1.0,11.0,0.014014014014,0,-0.382478532776,0.089831578197,5,833
288,1,1.27965004099,,3.0,0.033033033033,0,-1.64236386298,1.20674162992,5,40
289,1,5.37108107117,1.0,12.0,0.015015015015,0,-0.262524421897,1.15865433686,5,555
290,1,10.2017235186,1.0,13.0,0.015015015015,0,1.92975907619,-0.587553709926,5,877
291,1,1.93427484363,,13.0,0.018018018018,0,-1.24794425522,0.678107609283,5,648
292,1,1.8562099597,1.0,2.0,0.017017017017,1,-0.677481065906,-1.11134684258,5,28
293,1,7.59117475361,6.0,12.0,0.025025025025,0,0.518398931962,1.03597795773,5,311
294,1,5.55202564855,5.0,13.0,0.02002002002,0,0.145788769321,0.11465934059,5,337
295,1,8.78886402019,5.0,16.0,0.019019019019,0,0.949246193139,0.941125440769,5,766
296,1,2.6518800833,2.0,9.0,0.019019019019,0,-0.614937939273,-0.503306098884,5,285
297,1,5.89054637522,,22.0,0.022022022022,0,0.0767256229852,0.660369506261,5,935
298,1,4.09086507098,1.0,9.0,0.016016016016,0,-0.649216315543,1.03851401761,5,349
299,1,6.75847359421,1.0,11.0,0.016016016016,0,0.665493510848,-0.238006938337,5,668
300,1,-0.676134038115,,0.0,0.018018018018,1,-1.99127589533,0.297693647876,5,10
301,1,7.66836416819,5.0,8.0,0.016016016016,0,1.05037309956,-0.482755130486,5,383
302,1,0.74901635715,,2.0,0.015015015015,0,-1.16305457174,-0.761819927639,5,62
303,1,3.19866839876,,6.0,0.019019019019,0,-0.558571960901,-0.125615718534,5,150
304,1,2.70099865072,2.0,16.0,0.021021021021,0,-1.05226207513,0.857784876122,5,617
305,1,8.61614394663,,13.0,0.021021021021,0,0.95957808272,0.737409698474,5,429
306,1,2.51025825326,2.0,11.0,0.016016016016,0,-0.845150567714,0.0457099564042,5,714
307,1,1.44721759376,,8.0,0.02002002002,0,-1.23040935823,0.138445668468,5,222
308,1,5.72033899273,5.0,7.0,0.02002002002,0,0.497601525657,-0.772465584243,5,399
309,1,9.13663454548,1.0,15.0,0.015015015015,0,0.859347697586,1.55859145272,5,788
310,1,5.21955722707,0.0,14.0,0.016016016016,0,-0.233799262605,0.920955014889,5,928
311,1,3.31746008677,,4.0,0.019019019019,0,-0.600139234328,0.11787778975,5,181
312,1,2.63425889725,,5.0,0.013013013013,0,-0.9531519876,0.493714860046,5,114
313,1,4.35038634091,0.0,8.0,0.017017017017,0,-0.221474744872,0.0148105755312,5,378
314,1,2.97352785189,,9.0,0.022022022022,0,-0.66840577827,-0.0212548133049,5,316
315,0,12.3046756898,12.0,,0.012012012012,0,2.62131147847,-0.559258745616,5,433
316,1,9.98741720464,9.0,11.0,0.016016016016,0,1.32948152058,0.998972642903,5,778
317,1,1.83071630958,0.0,4.0,0.021021021021,0,-1.03585983427,-0.0617041876098,5,110
318,1,1.32189802554,0.0,10.0,0.013013013013,0,-1.62437483777,1.19502253885,5,838
319,1,8.36601876814,0.0,9.0,0.017017017017,0,1.08945528025,0.0976529273877,5,444
320,1,1.95442083422,0.0,7.0,0.016016016016,0,-1.02134807839,0.018465069375,5,450
321,1,0.0402687785239,,15.0,0.02002002002,0,-1.87762821004,0.673153408657,5,694
322,1,8.43788585447,,12.0,0.015015015015,0,1.46406269564,-0.954302232456,5,395
323,1,1.67799997125,1.0,6.0,0.022022022022,0,-1.74859598463,1.92378792513,5,317
324,1,7.21595262764,7.0,8.0,0.016016016016,1,0.942711739936,-0.61218259217,5,495
325,1,3.55825845566,,6.0,0.012012012012,0,-0.615155137272,0.403723867478,5,434
326,1,1.62616915675,,15.0,0.019019019019,0,-1.31122019755,0.559829749402,5,756
327,1,5.46907124483,2.0,10.0,0.016016016016,0,0.233409666627,-0.231157755049,5,505
328,1,5.06706558098,,8.0,0.02002002002,0,-0.0800061655315,0.30708407757,5,368
329,1,9.48714782047,4.0,12.0,0.021021021021,0,1.23393071912,0.7853556631,5,544
330,1,9.85857088356,8.0,11.0,0.015015015015,0,1.28861914021,0.992713462937,5,622
331,1,7.35691381125,1.0,15.0,0.024024024024,0,0.833509727941,-0.143615372569,5,491
332,1,4.4699986716,,8.0,0.022022022022,0,0.0976796624557,-0.823040315769,5,125
333,1,6.50108534172,,10.0,0.021021021021,0,0.431823014037,0.205616299607,5,358
334,1,-0.0328722091717,,15.0,0.026026026026,0,-1.16787585398,-1.52924464722,5,733
335,1,4.24949624778,,5.0,0.018018018018,0,-0.240988154228,-0.0275392895383,5,172
336,1,5.20682584997,4.0,11.0,0.014014014014,0,0.423492359575,-1.06365122875,5,851
337,1,6.03732073047,3.0,13.0,0.018018018018,0,0.146293205658,0.598441113491,5,461
338,1,8.00487198526,8.0,13.0,0.016016016016,0,1.14840893246,-0.440354812127,5,691
339,1,9.24579883277,1.0,10.0,0.013013013013,0,1.74917147589,-1.00171559489,5,711
340,1,6.82015608005,,8.0,0.018018018018,0,0.593678317738,0.0391211268382,5,339
341,1,4.8895956583,3.0,9.0,0.014014014014,0,0.126091633837,-0.488679243214,5,377
342,1,7.81874966238,2.0,10.0,0.015015015015,0,0.929528474228,0.0301642396928,5,525
343,1,9.23456083255,9.0,15.0,0.016016016016,0,1.74410188992,-0.99774483722,5,864
344,1,6.46437399456,1.0,13.0,0.021021021021,0,0.352875390805,0.405747822141,5,490
345,1,5.35309653876,4.0,6.0,0.016016016016,0,0.263798052258,-0.438297618009,5,507
346,1,0.922294039997,,2.0,0.016016016016,0,-1.29070206361,-0.205599769173,5,95
347,1,3.77576358952,2.0,4.0,0.015015015015,0,-0.487126077756,0.237141822793,5,315
348,1,0.197833853135,,8.0,0.011011011011,0,-1.91913927911,0.955251690467,5,772
349,1,7.788562543,7.0,8.0,0.01001001001,1,1.15909182995,-0.688712946841,5,640
350,1,6.40648240519,6.0,12.0,0.012012012012,0,0.924896128522,-1.36820598037,5,690
351,1,5.98391462104,2.0,7.0,0.013013013013,0,0.384120358734,-0.168446455162,5,476
352,1,10.2660483544,7.0,11.0,0.015015015015,0,1.55045416961,0.614685845548,5,646
353,1,0.807307209035,,4.0,0.019019019019,0,-1.26836002441,-0.387612717733,5,137
354,1,3.79081165304,0.0,6.0,0.016016016016,0,-0.165971328401,-0.711274361753,5,175
355,1,5.7859037496,0.0,10.0,0.014014014014,0,-0.0752452998445,1.01163964914,5,783
356,1,5.65410367142,5.0,14.0,0.021021021021,0,0.482920413235,-0.794657568287,5,650
357,1,2.17254228426,0.0,4.0,0.015015015015,0,-0.894740933461,-0.143234915357,5,173
358,1,7.49080613814,0.0,11.0,0.02002002002,0,0.627008026955,0.609782057275,5,280
359,1,1.34470844047,,9.0,0.017017017017,0,-1.01520271233,-0.609683422533,5,601
360,1,8.66507691461,3.0,9.0,0.01001001001,0,1.15837207267,0.189960696603,5,480
361,1,5.98585821715,,12.0,0.012012012012,0,0.00548511900313,0.969402860144,5,950
362,1,10.126522136,8.0,14.0,0.017017017017,0,2.02006122569,-0.933661541057,5,878
363,1,1.44709880002,,12.0,0.02002002002,0,-1.17995909598,-0.0130239120351,5,500
364,1,12.2128716361,11.0,13.0,0.017017017017,0,2.40621593833,-0.00577617886367,5,912
365,1,8.572196582,1.0,10.0,0.017017017017,0,0.855997295078,1.00420469677,5,598
366,1,7.90445702343,4.0,10.0,0.017017017017,0,0.686134762261,0.846052736643,5,805
367,1,2.60648471747,2.0,15.0,0.019019019019,0,-0.657892550343,-0.419837631498,5,829
368,1,9.23769867236,9.0,11.0,0.015015015015,0,1.55600089834,-0.430304022654,5,540
369,1,5.94317790556,,10.0,0.02002002002,0,0.839993924737,-1.57680386865,5,582
370,1,5.91174074701,,8.0,0.017017017017,0,0.427976176709,-0.372187783114,5,364
371,1,8.48403775434,,9.0,0.02002002002,0,1.02565151651,0.4070832048,5,207
372,1,4.37034607481,,5.0,0.013013013013,0,-0.223605687578,0.0411631375439,5,197
373,1,8.95322602123,2.0,16.0,0.017017017017,0,1.5710465091,-0.759913506077,5,881
374,1,2.69669227043,,3.0,0.016016016016,0,-0.867002993521,0.297701250993,5,42
375,1,4.10388995977,0.0,11.0,0.014014014014,0,-0.711196634063,1.23747986196,5,554
376,1,9.83687626804,3.0,10.0,0.018018018018,0,1.10963932299,1.50795829906,5,549
377,1,11.170978568,7.0,12.0,0.014014014014,0,1.74655252224,0.931321001275,5,769
378,1,6.96910209328,,7.0,0.02002002002,0,0.734457495979,-0.234270394658,5,225
379,1,5.63610355443,0.0,6.0,0.012012012012,0,0.00934401752192,0.608071501861,5,437
380,1,6.27570801675,,8.0,0.015015015015,0,0.378675849877,0.139680467121,5,328
381,1,0.299548718045,,1.0,0.019019019019,0,-1.34110554455,-0.677134648292,5,9
382,1,7.05520861308,5.0,10.0,0.012012012012,0,0.621455248134,0.19084286868,5,774
383,1,0.876182285311,0.0,3.0,0.012012012012,0,-1.03263326367,-1.02591792368,5,127
384,1,5.06629981085,3.0,6.0,0.014014014014,0,-0.0015732227774,0.0710194791857,5,189
385,1,7.78991508149,7.0,8.0,0.012012012012,1,1.28295056503,-1.05893661362,5,590
386,1,2.80881878853,,3.0,0.023023023023,0,-1.03743805982,0.921132967998,5,72
387,1,7.43285766794,3.0,13.0,0.017017017017,0,0.845978989075,-0.10507929928,5,619
388,1,3.4080395702,,7.0,0.024024024024,0,-0.765487749923,0.704502819968,5,170
389,1,9.85621914848,2.0,12.0,0.022022022022,0,1.58381390111,0.104777445136,5,514
390,1,6.752237827,0.0,13.0,0.018018018018,0,0.621022525951,-0.110829750853,5,689
391,1,5.03594723705,3.0,12.0,0.016016016016,0,0.270505601103,-0.775569566255,5,677
392,1,6.53670623719,5.0,8.0,0.012012012012,0,0.294039648816,0.654587290746,5,761
393,1,6.26755994586,1.0,13.0,0.013013013013,0,0.266453487155,0.468199484392,5,958
394,1,3.1414835821,3.0,7.0,0.015015015015,0,-0.0379471888436,-1.74467485137,5,265
395,1,6.01672125191,,12.0,0.015015015015,0,0.179433860775,0.478419669585,5,718
396,1,6.37955716277,1.0,9.0,0.018018018018,0,0.238306918681,0.664636406725,5,536
397,1,1.44431754029,1.0,11.0,0.016016016016,0,-1.27434313506,0.267346945478,5,539
398,1,1.37936434023,1.0,4.0,0.017017017017,0,-1.04003509305,-0.500530380612,5,284
399,1,6.65121315272,,7.0,0.015015015015,0,0.619078815477,-0.206023293714,5,294
400,1,4.34734236367,1.0,5.0,0.018018018018,0,-0.327048190293,0.328486934547,5,161
401,1,6.19218899036,1.0,13.0,0.014014014014,0,0.595549177206,-0.59445854126,5,961
402,1,10.7973039725,10.0,12.0,0.019019019019,0,1.58881743294,1.03085167367,5,683
403,1,0.120235407632,0.0,1.0,0.017017017017,1,-1.79889830636,0.516930326708,5,13
404,1,3.5446728891,1.0,4.0,0.014014014014,0,-0.455622193034,-0.0884605317977,5,131
405,1,8.15205819183,0.0,17.0,0.018018018018,0,1.13486492889,-0.252536594822,5,893
406,1,7.38756037837,7.0,14.0,0.017017017017,0,0.26580859834,1.59013458335,5,758
407,1,8.39738513398,8.0,16.0,0.017017017017,0,1.08805797055,0.133211222324,5,880
408,1,6.58323819982,2.0,17.0,0.017017017017,0,0.208089804479,0.958968786378,5,969
409,1,8.89890982665,,12.0,0.014014014014,0,1.06287122069,0.710296164585,5,837
410,1,3.46676289853,1.0,7.0,0.013013013013,0,-0.569694200889,0.175845501193,5,246
411,1,4.23478727886,1.0,6.0,0.013013013013,0,-0.084383420661,-0.512062459154,5,392
412,1,0.771480992888,,6.0,0.014014014014,0,-1.18656856723,-0.66881330541,5,414
413,1,5.98446275523,5.0,8.0,0.014014014014,0,0.339603411928,-0.0343474805514,5,340
414,1,0.13321482312,,1.0,0.018018018018,0,-1.02303929265,-1.79766729893,5,117
415,1,5.42818862323,0.0,7.0,0.012012012012,0,-0.153856532359,0.889758220308,5,468
416,1,2.65184979433,0.0,3.0,0.02002002002,0,-0.388729327089,-1.18196222441,5,193
417,1,4.27226232806,,11.0,0.019019019019,0,-0.14413296859,-0.295338766174,5,566
418,1,4.46794711212,1.0,7.0,0.012012012012,0,-0.0524474789238,-0.374710451111,5,475
419,1,-1.41217753661,,0.0,0.015015015015,1,-1.35134502612,-2.35814245825,5,2
420,1,3.20896941575,2.0,5.0,0.016016016016,0,-0.823966085303,0.680867671659,5,82
421,1,9.0067706464,5.0,10.0,0.013013013013,0,1.34506048868,-0.0284108196446,5,567
422,1,5.56134154573,0.0,11.0,0.013013013013,0,0.228448290719,-0.124003326429,5,828
423,1,0.853764931796,,1.0,0.015015015015,0,-0.941208946286,-1.32260822935,5,59
424,1,1.60356693605,,4.0,0.016016016016,0,-0.826329613323,-0.917444223978,5,253
425,1,5.60835533867,,15.0,0.017017017017,0,-0.192787805339,1.18671875468,5,801
426,1,6.00757769903,3.0,13.0,0.014014014014,0,0.106209583516,0.688948948483,5,956
427,1,6.55818892509,,9.0,0.016016016016,0,0.203125405026,0.948812710015,5,720
428,1,7.1186389034,0.0,8.0,0.012012012012,0,0.985845861851,-0.838898682157,5,424
429,1,7.11022293116,6.0,12.0,0.013013013013,0,0.241771218017,1.38490927711,5,782
430,1,7.63302826307,7.0,12.0,0.016016016016,0,1.30417876629,-1.2795080358,5,727
431,1,12.1992349253,12.0,13.0,0.015015015015,1,1.85778435363,1.62588186442,5,892
432,1,2.52146958526,2.0,7.0,0.015015015015,0,-0.298336145613,-1.5835219779,5,359
433,1,5.36468128014,1.0,9.0,0.018018018018,0,-0.0927272217973,0.642862945537,5,441
434,1,4.78805540237,3.0,8.0,0.015015015015,0,0.32914795176,-1.19938845291,5,277
435,1,6.30123381266,1.0,10.0,0.023023023023,0,0.109912691868,0.971495737054,5,421
436,1,1.31203689761,0.0,8.0,0.014014014014,0,-1.44544134857,0.648360943316,5,281
437,1,10.8904827758,1.0,13.0,0.013013013013,0,1.86073939476,0.308264591507,5,916
438,1,0.94750312377,,3.0,0.017017017017,0,-1.33047359047,-0.0610761048242,5,128
439,1,4.91655494335,1.0,10.0,0.018018018018,0,0.313986719721,-1.02540521581,5,518
440,1,0.921323254297,0.0,1.0,0.014014014014,1,-1.52326145688,0.491107624933,5,70
441,1,8.64630606845,8.0,9.0,0.012012012012,1,0.909455710649,0.917938936498,5,621
442,1,8.41789677467,1.0,9.0,0.013013013013,0,1.16400276226,-0.074111512105,5,633
443,1,-2.86102363217,,0.0,0.013013013013,1,-2.26744459032,-1.0586898612,5,44
444,1,6.78581779476,0.0,9.0,0.012012012012,0,0.918232855878,-0.968880772874,5,609
445,1,-2.48235401849,,1.0,0.011011011011,0,-2.25094225277,-0.729527260185,5,43
446,1,7.18004576693,4.0,12.0,0.014014014014,0,0.537285674197,0.568188744342,5,630
447,1,2.28794660775,,6.0,0.011011011011,0,-1.04985583482,0.437514112221,5,487
448,1,0.434027596812,,11.0,0.016016016016,0,-1.16097779428,-1.08303902036,5,469
449,1,5.43767778323,5.0,13.0,0.017017017017,0,0.348429880593,-0.607611858545,5,750
450,1,4.99318234222,4.0,9.0,0.021021021021,0,-0.285678215178,0.850216987749,5,506
451,1,3.93259102388,1.0,4.0,0.015015015015,0,-0.00506368020444,-1.05221793551,5,216
452,1,4.81463885544,1.0,6.0,0.013013013013,0,-0.0292410702514,-0.0976379338093,5,243
453,1,1.87394998701,,7.0,0.013013013013,0,-0.670026307551,-1.11597109033,5,511
454,1,7.24041333403,2.0,9.0,0.013013013013,0,0.570666707849,0.528413210483,5,602
455,1,5.10361294718,,7.0,0.016016016016,0,0.0958555680666,-0.18395375702,5,411
456,1,0.793230985997,,3.0,0.018018018018,0,-1.61992690378,0.653011697326,5,115
457,1,11.9171480605,7.0,15.0,0.017017017017,0,2.50490210587,-0.597558257111,5,865
458,1,2.90865322532,0.0,7.0,0.012012012012,0,-1.11635893048,1.25773001675,5,614
459,1,6.22194731546,3.0,12.0,0.013013013013,0,0.344936204062,0.187138703273,5,771
460,1,6.49341501021,5.0,7.0,0.012012012012,0,0.227383878355,0.811263375147,5,408
461,1,2.41357646454,0.0,3.0,0.014014014014,0,-0.535741207149,-0.979199914014,5,138
462,1,-1.62972733158,,0.0,0.01001001001,1,-1.62710685142,-1.74840677731,5,3
463,1,8.45817718521,6.0,10.0,0.016016016016,0,1.25138646151,-0.295982199316,5,522
464,1,11.0577381582,11.0,13.0,0.015015015015,0,1.8653892492,0.461570410637,5,814
465,1,2.02084757367,,5.0,0.021021021021,0,-0.876878467084,-0.348517025083,5,219
466,1,0.788028634932,0.0,1.0,0.013013013013,1,-1.15219158126,-0.755396621281,5,89
467,1,5.55878813393,4.0,11.0,0.011011011011,0,0.602978629158,-1.25014775355,5,777
468,1,-0.259774720814,,6.0,0.016016016016,0,-1.50425894765,-0.746997877853,5,370
469,1,2.42547858137,,5.0,0.019019019019,0,-1.08229695379,0.672369442732,5,266
470,1,4.11759021331,,8.0,0.018018018018,0,-0.243990921393,-0.150437022515,5,325
471,1,6.80480064849,2.0,10.0,0.013013013013,0,0.660423236082,-0.176469059759,5,785
472,1,3.40234724293,0.0,4.0,0.013013013013,0,-0.498164711467,-0.103158622667,5,156
473,1,2.47394185628,2.0,4.0,0.016016016016,0,-0.148820347091,-2.07959710245,5,118
474,1,0.887024765964,0.0,3.0,0.016016016016,0,-1.46342499391,0.277299747695,5,192
475,1,1.51883304438,1.0,2.0,0.016016016016,1,-1.17821419885,0.0534756409193,5,75
476,1,5.62871495317,4.0,8.0,0.014014014014,0,0.565872601878,-1.06890285247,5,484
477,1,6.35057520064,6.0,10.0,0.014014014014,0,0.285717342639,0.493423172728,5,679
478,1,6.66075746046,2.0,12.0,0.019019019019,0,0.754603108745,-0.603051865776,5,578
479,1,8.0960630351,8.0,10.0,0.01001001001,0,0.99778407957,0.102710796385,5,929
480,1,1.95688770162,1.0,4.0,0.014014014014,0,-1.00923305496,-0.0154131335094,5,250
481,1,5.7005151179,4.0,6.0,0.021021021021,0,0.093751642015,0.419260191852,5,305
482,1,5.75896968799,0.0,11.0,0.013013013013,0,0.30378962813,-0.152399196401,5,719
483,1,8.84620263956,6.0,9.0,0.013013013013,0,1.0800835458,0.605952002158,5,504
484,1,2.29280064859,0.0,6.0,0.013013013013,0,-0.528456001265,-1.12183134762,5,676
485,1,5.01423548587,2.0,12.0,0.015015015015,0,0.125414266427,-0.362007313412,5,478
486,1,4.59732782302,2.0,15.0,0.017017017017,0,-0.341565921151,0.622025586471,5,775
487,1,5.87759815181,4.0,11.0,0.015015015015,0,0.669342906897,-1.13043056888,5,819
488,1,3.07036039026,2.0,6.0,0.012012012012,0,-0.657480956122,0.042803258631,5,427
489,1,5.93840261601,5.0,10.0,0.012012012012,0,0.226267137034,0.259601204908,5,647
490,1,6.43665781234,,7.0,0.017017017017,0,0.714024863483,-0.705416778114,5,385
491,1,5.04503854471,4.0,10.0,0.011011011011,0,0.0447318533168,-0.0891570152394,5,923
492,1,3.28747929014,1.0,8.0,0.015015015015,0,-0.0508815990046,-1.55987591284,5,466
493,1,5.82586554171,,6.0,0.011011011011,0,0.245627708004,0.0889824176953,5,283
494,1,1.94267382429,,3.0,0.015015015015,0,-0.670590919989,-1.04555341574,5,81
495,1,2.76979683126,1.0,14.0,0.014014014014,0,-0.352129060297,-1.17381598785,5,971
496,1,5.60371069396,4.0,16.0,0.019019019019,0,-0.0862527852914,0.862469049829,5,841
497,1,8.39684749695,8.0,12.0,0.014014014014,0,1.24116205451,-0.326638666578,5,803
498,1,4.96141449226,,11.0,0.012012012012,0,0.415817855975,-1.28603907566,5,807
499,1,3.5855556984,2.0,12.0,0.013013013013,0,-0.398754192928,-0.218181722814,5,780
500,1,5.63487641185,3.0,8.0,0.015015015015,0,0.367200933009,-0.46672638718,5,488
501,1,4.28835623835,3.0,7.0,0.017017017017,0,-0.777904909314,1.6220709663,5,608
502,1,3.02929456014,1.0,4.0,0.018018018018,0,-0.409644399181,-0.741772242314,5,218
503,1,8.40547999699,0.0,11.0,0.014014014014,0,1.0555898789,0.238710360293,5,822
504,1,8.13981089165,5.0,11.0,0.014014014014,0,0.653165689772,1.18031382233,5,442
505,1,0.853883077597,0.0,1.0,0.013013013013,1,-1.73853055293,1.06947473638,5,87
506,1,4.37952271802,,6.0,0.015015015015,0,-0.225769291287,0.0568305918849,5,122
507,1,4.17517701338,2.0,17.0,0.018018018018,0,-0.429252833824,0.462935514851,5,947
508,1,-1.47160820052,,1.0,0.013013013013,0,-2.20730400659,0.150303819255,5,74
509,1,9.03415009217,,17.0,0.018018018018,0,1.8582775034,-1.54068241803,5,882
510,1,4.51253437904,0.0,10.0,0.013013013013,0,0.377266458002,-1.61926499496,5,574
511,1,7.13227045565,2.0,10.0,0.01001001001,0,0.825482393323,-0.344176724315,5,945
512,1,6.18395603456,1.0,11.0,0.014014014014,0,-0.147692721744,1.62703419979,5,672
513,1,3.33361597176,0.0,4.0,0.016016016016,0,-0.827609983522,0.816445922321,5,279
514,1,9.57055638404,8.0,14.0,0.016016016016,0,1.79682758202,-0.819926362018,5,936
515,1,9.02144969263,2.0,13.0,0.016016016016,0,1.18972090416,0.452286980165,5,580
516,1,1.77205815387,,8.0,0.016016016016,0,-1.54428853066,1.40492374586,5,529
517,1,3.63489418255,0.0,11.0,0.015015015015,0,-0.736375502745,0.844020690784,5,753
518,1,4.61534404906,4.0,6.0,0.013013013013,0,-0.173305966713,0.135261949196,5,396
519,1,2.30723631387,,7.0,0.011011011011,0,-1.02615336711,0.385696415197,5,606
520,1,9.39821230372,,11.0,0.016016016016,0,1.32399950958,0.426213774982,5,642
521,1,3.61031801697,0.0,10.0,0.014014014014,0,-0.303602807825,-0.478873559557,5,459
522,1,2.07737468826,1.0,4.0,0.016016016016,0,-0.80273008652,-0.514435052176,5,238
523,1,8.0981591566,6.0,12.0,0.014014014014,0,1.05696284658,-0.0727293831511,5,857
524,1,4.48266998562,,7.0,0.013013013013,0,0.229073940119,-1.20455183474,5,460
525,1,7.40389274582,6.0,12.0,0.013013013013,0,0.764713057227,0.109753574141,5,895
526,1,0.129951851259,,6.0,0.014014014014,0,-1.57965289564,-0.131089461821,5,546
527,1,5.91485521186,,9.0,0.011011011011,0,0.286040242427,0.0567344845772,5,592
528,1,5.8414626619,4.0,6.0,0.011011011011,0,0.282610847173,-0.00636987961966,5,627
529,1,2.87100964685,0.0,3.0,0.013013013013,0,-0.653392747005,-0.168812112132,5,144
530,1,8.62440119994,8.0,10.0,0.011011011011,0,1.18733706378,0.0623900086081,5,830
531,1,4.0814948206,1.0,6.0,0.014014014014,0,-0.367585597795,0.184251613986,5,261
532,1,4.91347921397,3.0,8.0,0.012012012012,0,-0.354146099309,0.975917511899,5,569
533,1,4.82848116783,3.0,7.0,0.014014014014,0,0.0399313453305,-0.291312868165,5,462
534,1,2.43932779396,,3.0,0.012012012012,0,-1.42032051043,1.70028932526,5,39
535,1,5.46007268918,1.0,9.0,0.011011011011,0,0.582861447808,-1.28851165424,5,699
536,1,6.61008075251,,8.0,0.012012012012,0,-0.181677782423,2.15511409978,5,692
537,1,1.79412275195,0.0,6.0,0.017017017017,0,-1.23743677904,0.506433089059,5,224
538,1,6.08443170543,5.0,7.0,0.014014014014,0,0.849839879041,-1.46508793169,5,355
539,1,2.33271098052,1.0,4.0,0.011011011011,0,-0.92724108514,0.114434235941,5,183
540,1,6.47399556462,1.0,7.0,0.015015015015,0,0.440972119825,0.151079205141,5,577
541,1,9.19167603888,9.0,10.0,0.011011011011,1,1.76961206996,-1.117160171,5,747
542,1,4.19765940529,1.0,11.0,0.013013013013,0,-0.289792323994,0.0670363772775,5,695
543,1,8.80966973171,6.0,12.0,0.013013013013,0,1.31767643159,-0.143359563067,5,781
544,1,1.04149273649,1.0,6.0,0.011011011011,0,-1.35209304155,0.0977718611378,5,550
545,1,-0.701320500552,,0.0,0.013013013013,1,-1.76128037031,-0.417479389633,5,36
546,1,5.0229299617,0.0,13.0,0.013013013013,0,0.206015256193,-0.595115806875,5,905
547,1,3.49541357439,,8.0,0.012012012012,0,-0.224779592203,-0.830247649001,5,323
548,1,6.6484791423,6.0,9.0,0.012012012012,0,0.353489333943,0.588011140476,5,731
549,1,10.1887024462,8.0,11.0,0.011011011011,0,1.87103603109,-0.424405647108,5,960
550,1,5.50055108883,1.0,9.0,0.01001001001,0,0.330498183463,-0.49094346156,5,749
551,1,0.639248787803,,5.0,0.013013013013,0,-0.901693385938,-1.65567105438,5,235
552,1,0.114537792678,0.0,3.0,0.015015015015,0,-1.56430211533,-0.192555861331,5,209
553,1,3.72990054168,3.0,4.0,0.012012012012,1,-0.276694892772,-0.440014780006,5,387
554,1,8.78605024408,,10.0,0.013013013013,0,1.13249091021,0.388577513453,5,748
555,1,2.15207726231,1.0,6.0,0.017017017017,0,-0.536379033481,-1.23878563725,5,233
556,1,2.137041837,0.0,4.0,0.013013013013,0,-0.41427491204,-1.62013342688,5,223
557,1,1.39780444015,1.0,16.0,0.017017017017,0,-1.54095306915,1.02066364759,5,944
558,1,9.86973873468,3.0,12.0,0.013013013013,0,1.58927165229,0.101923777812,5,732
559,1,1.1016843185,,5.0,0.018018018018,0,-1.1682188321,-0.39365918519,5,167
560,1,10.5453709449,0.0,14.0,0.015015015015,0,1.91303494084,-0.193733877654,5,906
561,1,4.51227207357,3.0,9.0,0.013013013013,0,-0.0170768171985,-0.436497474835,5,542
562,1,8.92093711593,,12.0,0.015015015015,0,1.37472691441,-0.203243627295,5,682
563,1,7.11342982528,6.0,15.0,0.016016016016,0,0.948523338433,-0.732140190019,5,919
564,1,3.45143128828,0.0,5.0,0.013013013013,0,-0.810755498117,0.88369778263,5,157
565,1,-0.159382251951,,0.0,0.017017017017,1,-1.41309035863,-0.920111176064,5,29
566,1,7.85594339701,3.0,10.0,0.014014014014,0,0.654809681591,0.891514352238,5,517
567,1,4.21419455339,4.0,8.0,0.011011011011,0,-0.0904996864463,-0.514306387269,5,644
568,1,5.94195292671,2.0,12.0,0.013013013013,0,0.556366038401,-0.727145188495,5,887
569,1,-1.80670494724,,0.0,0.017017017017,1,-1.83091584938,-1.31395739909,5,21
570,1,8.35717263992,1.0,17.0,0.018018018018,0,0.985138549504,0.401756991405,5,889
571,1,-2.24356428259,,5.0,0.015015015015,0,-2.60666069395,0.576417799272,5,307
572,1,1.93208698238,0.0,2.0,0.011011011011,0,-1.19783652617,0.525596560899,5,229
573,1,-0.315151642826,,1.0,0.013013013013,0,-1.53232602462,-0.718173568956,5,73
574,1,3.64441021088,2.0,6.0,0.013013013013,0,-0.548311874693,0.289345834962,5,215
575,1,0.200503297458,,2.0,0.013013013013,0,-1.39358218644,-0.618750143236,5,26
576,1,7.68715272489,3.0,14.0,0.014014014014,0,0.0708861260613,2.47449434671,5,922
577,1,5.72300994025,,13.0,0.017017017017,0,0.0738163288299,0.50156095376,5,722
578,1,5.65408542697,5.0,7.0,0.011011011011,0,0.0478033182299,0.51067547228,5,400
579,1,7.98267798952,0.0,9.0,0.013013013013,0,0.65714022534,1.0112573135,5,649
580,1,9.27494978363,9.0,10.0,0.013013013013,1,1.00605267683,1.25679175313,5,687
581,1,5.76644361781,1.0,12.0,0.018018018018,0,0.685668661391,-1.29056236636,5,545
582,1,6.85228886563,6.0,8.0,0.011011011011,0,0.814040994564,-0.589834118065,5,474
583,1,3.41711142036,1.0,9.0,0.016016016016,0,-0.871055773284,1.03027874021,5,423
584,1,1.8422494601,1.0,10.0,0.012012012012,0,-1.02739688825,-0.075559875162,5,870
585,1,-1.23992323146,,2.0,0.014014014014,0,-2.07873824258,-0.00370850371839,5,32
586,1,5.75018113023,5.0,13.0,0.014014014014,0,0.258371515304,-0.0249334156787,5,724
587,1,10.4001119364,9.0,13.0,0.014014014014,0,1.25387369797,1.63849084248,5,908
588,1,6.49180626685,6.0,7.0,0.013013013013,1,-0.0101497887678,1.52225563315,5,379
589,1,8.19539783285,2.0,13.0,0.015015015015,0,1.43189843569,-1.10029747421,5,740
590,1,5.16668227943,2.0,6.0,0.013013013013,0,-0.450405695151,1.51789936488,5,499
591,1,-0.300841672515,,1.0,0.014014014014,0,-1.65361892208,-0.339984906275,5,34
592,1,4.98477635083,4.0,10.0,0.019019019019,0,-0.249181910685,0.732322082888,5,464
593,1,6.76969090421,4.0,7.0,0.01001001001,0,0.986003560332,-1.18831977678,5,465
594,1,9.05560159915,5.0,10.0,0.014014014014,0,1.25419901305,0.293004560012,5,770
595,1,4.14042181945,0.0,9.0,0.014014014014,0,-0.542159050317,0.766898970398,5,451
596,1,5.49367038229,4.0,11.0,0.012012012012,0,0.288474985358,-0.371754573779,5,535
597,0,11.7464994484,10.0,,0.01001001001,0,1.94559558012,0.909712708004,5,773
598,1,6.25600734557,6.0,9.0,0.012012012012,0,0.460346926428,-0.12503343371,5,736
599,1,6.35668705124,6.0,13.0,0.016016016016,0,0.242418779613,0.629430712401,5,730
600,1,6.98600990991,3.0,7.0,0.013013013013,0,0.631063004068,0.0928208976997,5,623
601,1,9.89357810402,9.0,10.0,0.01001001001,1,0.966945089884,1.99274283436,5,624
602,1,9.43603994427,7.0,10.0,0.011011011011,0,1.22338802135,0.765875880217,5,873
603,1,4.87813754219,0.0,13.0,0.013013013013,0,0.0726742875859,-0.339885320565,5,959
604,1,5.52746130173,4.0,7.0,0.014014014014,0,0.725118845079,-1.64789523351,5,360
605,1,3.43988088728,2.0,7.0,0.014014014014,0,-0.380464751265,-0.418724858926,5,329
606,1,0.973541533414,0.0,6.0,0.01001001001,0,-0.940654692525,-1.20449438901,5,292
607,1,0.188674681676,,1.0,0.014014014014,0,-1.69197991292,0.264614420425,5,46
608,1,4.05515045688,1.0,8.0,0.012012012012,0,-1.06196018012,2.24103099725,5,565
609,1,8.15007241016,,12.0,0.015015015015,0,1.0440179105,0.0180186786581,5,571
610,1,6.76715067512,4.0,12.0,0.015015015015,0,0.279017010159,0.930099644641,5,728
611,1,4.19899432164,3.0,11.0,0.012012012012,0,-0.623902556205,1.07070199025,5,657
612,1,5.22998332237,,9.0,0.016016016016,0,0.386658516027,-0.929992225714,5,532
613,1,2.54992679098,2.0,6.0,0.015015015015,0,-0.786645070823,-0.0901379965508,5,417
614,1,4.93969439378,,8.0,0.014014014014,0,0.357515401969,-1.13285181212,5,188
615,1,6.4828928507,3.0,12.0,0.016016016016,0,0.536416669322,-0.126357157265,5,625
616,1,6.22884868577,6.0,7.0,0.011011011011,1,0.279179674709,0.391309661639,5,671
617,1,1.81345345325,,4.0,0.013013013013,0,-1.07363348545,0.0343539095871,5,357
618,1,2.64495354364,0.0,3.0,0.01001001001,0,-0.484618970385,-0.901189545201,5,362
619,1,5.66256488092,,7.0,0.015015015015,0,-0.00487612139998,0.677193245115,5,198
620,1,9.66549689025,,12.0,0.014014014014,0,1.28835434561,0.80043385341,5,593
621,1,3.61063044106,,4.0,0.013013013013,0,-0.596469548963,0.400039087945,5,273
622,1,1.20231051092,0.0,7.0,0.013013013013,0,-1.07582115204,-0.570226032969,5,527
623,0,10.7037209641,10.0,,0.01001001001,0,1.78017944736,0.363182622068,5,192
624,1,6.18435776691,4.0,8.0,0.011011011011,0,0.387765465153,0.0210613714544,5,576
625,1,5.63403871604,0.0,6.0,0.011011011011,0,0.0986201896071,0.338178147223,5,313
626,1,7.7337991938,5.0,8.0,0.013013013013,0,0.802600366567,0.325998094104,5,568
627,1,5.47123967129,4.0,9.0,0.01001001001,0,0.242528098299,-0.256344623611,5,884
628,0,14.388746536,11.0,,0.011011011011,0,3.10740548415,0.0665300835957,5,500
629,1,2.24456324494,2.0,6.0,0.013013013013,0,-0.935522216895,0.0511298956232,5,151
630,1,6.02112157855,3.0,13.0,0.013013013013,0,-0.189504759219,1.5896358562,5,966
631,1,-2.5687305776,,0.0,0.014014014014,1,-2.45896658775,-0.191830814351,5,4
632,1,4.67506535055,4.0,5.0,0.01001001001,1,-0.204090845978,0.287337888485,5,611
633,1,5.1522577597,5.0,9.0,0.011011011011,0,0.441339311878,-1.17176017594,5,879
634,1,3.85909720651,2.0,7.0,0.011011011011,0,-0.240752919725,-0.418644034315,5,662
635,1,7.08212403662,6.0,8.0,0.012012012012,0,1.14442790255,-1.35115967104,5,428
636,1,5.00138746407,5.0,6.0,0.012012012012,1,0.108973662337,-0.325533522937,5,142
637,1,3.81777042678,1.0,5.0,0.01001001001,0,-0.5358488304,0.425316917979,5,439
638,1,3.73054367858,3.0,4.0,0.012012012012,1,-0.785038100799,1.08565798098,5,109
639,1,2.37802165937,0.0,3.0,0.012012012012,0,-0.701484777853,-0.517524007073,5,57
640,1,0.955150739513,0.0,1.0,0.014014014014,1,-1.03416349017,-0.942358789968,5,124
641,1,6.77949045224,6.0,7.0,0.011011011011,1,0.544527627819,0.14590756878,5,686
642,1,5.71650453888,3.0,10.0,0.011011011011,0,0.404107442276,-0.495817787947,5,896
643,1,8.9974829405,,10.0,0.012012012012,0,1.3963827406,-0.191665281305,5,652
644,1,3.19408536275,1.0,5.0,0.017017017017,0,-0.0520222605772,-1.64984785551,5,262
645,1,1.76609145672,1.0,2.0,0.013013013013,1,-0.995070405831,-0.248697325793,5,208
646,1,4.85568299838,0.0,10.0,0.019019019019,0,0.268311244008,-0.949250733642,5,363
647,1,6.99727752463,,9.0,0.013013013013,0,0.675364180021,-0.0288150154336,5,745
648,1,3.97492789192,,6.0,0.012012012012,0,-0.802898121843,1.38362225745,5,335
649,1,3.94237877441,3.0,4.0,0.011011011011,1,0.0764611757022,-1.2870047527,5,244
650,1,6.67289998733,5.0,7.0,0.01001001001,0,0.46377141364,0.281585746412,5,510
651,1,4.29632218344,,7.0,0.019019019019,0,-0.0169334449145,-0.652877481812,5,331
652,1,0.0774337520293,0.0,1.0,0.012012012012,1,-1.59691793506,-0.131812442779,5,88
653,1,6.85416347578,6.0,10.0,0.011011011011,0,0.280109824845,1.01383400125,5,806
654,1,3.9544866253,,7.0,0.011011011011,0,-0.486321682088,0.413451671564,5,303
655,1,4.32000552321,4.0,11.0,0.011011011011,0,-0.0207456755864,-0.617757450034,5,869
656,1,-0.675880717063,,0.0,0.012012012012,1,-2.28301693011,1.17317007328,5,14
657,1,3.02460581818,0.0,8.0,0.014014014014,0,-0.692927193461,0.103387398562,5,503
658,1,5.15799068878,5.0,7.0,0.01001001001,0,0.0509743193672,0.00506773067635,5,561
659,1,3.56122666041,3.0,12.0,0.012012012012,0,-0.488848530351,0.0277722514662,5,903
660,1,3.89456713929,1.0,5.0,0.012012012012,0,-0.290971379431,-0.232518722414,5,397
661,1,6.02132459848,6.0,8.0,0.011011011011,0,-0.0552791794859,1.18716213694,5,628
662,1,6.24432105126,6.0,11.0,0.012012012012,0,0.410792126975,0.0119446703396,5,502
663,1,8.7995408612,8.0,10.0,0.014014014014,0,0.927572237399,1.01682414901,5,688
664,1,-1.0089655455,,0.0,0.012012012012,1,-1.39251568036,-1.83141850442,5,48
665,1,8.98775760109,1.0,11.0,0.011011011011,0,1.05800820134,0.813732997062,5,974
666,1,2.97253423721,2.0,5.0,0.013013013013,0,-0.448029771943,-0.683376446961,5,259
667,0,11.2402697801,10.0,,0.01001001001,0,2.34789752815,-0.80342280434,5,718
668,1,2.50634106246,0.0,6.0,0.01001001001,0,-0.79265431303,-0.11569599845,5,217
669,1,2.01897660091,,6.0,0.011011011011,0,-0.991004781189,-0.00800905552576,5,458
670,1,6.71694270008,4.0,8.0,0.012012012012,0,1.03515798147,-1.38853124435,5,401
671,0,13.82509265,11.0,,0.011011011011,0,2.17696769043,2.29418957869,5,535
672,1,1.85148230973,0.0,4.0,0.015015015015,0,-0.690721480288,-1.07635324941,5,93
673,1,9.45005149789,9.0,10.0,0.011011011011,1,1.45961124354,0.0712177672565,5,933
674,1,5.87268679514,4.0,6.0,0.01001001001,0,-0.022368029576,0.939790883872,5,415
675,1,0.0474906797502,0.0,2.0,0.01001001001,0,-1.63238678275,-0.0553489719918,5,298
676,1,6.15911710731,0.0,13.0,0.014014014014,0,0.309626580517,0.230237365758,5,852
677,1,1.14175598589,1.0,8.0,0.01001001001,0,-1.27789530856,-0.0245580884368,5,435
678,1,1.69896985019,0.0,9.0,0.011011011011,0,-1.32833143622,0.683964158837,5,656
679,1,7.91142019529,6.0,13.0,0.013013013013,0,0.832960815186,0.412537749732,5,815
680,1,-0.59122760293,,0.0,0.01001001001,1,-1.95692260545,0.279540213417,5,1
681,1,1.51407872624,,3.0,0.013013013013,0,-0.598008425804,-1.69189599634,5,97
682,1,6.49146272942,5.0,13.0,0.013013013013,0,0.1619941405,1.00548030792,5,799
683,1,7.47803161626,5.0,10.0,0.011011011011,0,0.873954259858,-0.143831163311,5,556
684,1,1.19434747085,,6.0,0.013013013013,0,-1.08292060342,-0.556890718879,5,494
685,1,8.76972487097,4.0,10.0,0.011011011011,0,1.23495647063,0.0648554590634,5,826
686,1,2.94348852512,1.0,5.0,0.012012012012,0,-0.480063978778,-0.616319538548,5,366
687,1,6.32862165708,6.0,9.0,0.011011011011,0,0.381246615549,0.184881810431,5,666
688,1,-3.55308191488,,0.0,0.013013013013,1,-2.48436475682,-1.09998764443,5,11
689,1,8.66468354112,,9.0,0.013013013013,0,0.995188062172,0.679119354606,5,586
690,1,4.95274548944,2.0,10.0,0.011011011011,0,0.144926070988,-0.482032723527,5,708
691,1,5.7769642663,,7.0,0.012012012012,0,0.582672776091,-0.971054061976,5,278
692,1,10.248487979,2.0,13.0,0.013013013013,0,2.01016029816,-0.781992915534,5,779
693,1,2.87884219994,0.0,3.0,0.013013013013,0,-0.323321360709,-1.15119371793,5,52
694,1,6.78221214754,5.0,8.0,0.015015015015,0,0.392655209253,0.60424651978,5,375
695,1,9.36589288627,6.0,12.0,0.012012012012,0,1.94225424443,-1.46086984703,5,941
696,1,4.09517697603,1.0,6.0,0.011011011011,0,-0.460213678301,0.475818010929,5,523
697,1,4.10812048693,1.0,11.0,0.012012012012,0,-0.374365393673,0.23121666795,5,951
698,1,4.28039573653,4.0,6.0,0.011011011011,0,-0.0903070459177,-0.448683125716,5,534
699,1,6.74132583803,,8.0,0.012012012012,0,0.489348929403,0.273279049818,5,382
700,1,4.6397579092,1.0,6.0,0.011011011011,0,0.117795747105,-0.713629332114,5,249
701,1,6.95796111862,6.0,9.0,0.014014014014,0,1.24351050395,-1.77257039323,5,658
702,1,2.97777445778,,9.0,0.01001001001,0,-0.678042396163,0.0119016462737,5,709
703,1,4.77609309324,4.0,6.0,0.01001001001,0,0.187340909627,-0.785929635639,5,528
704,1,1.80052738599,,3.0,0.012012012012,0,-0.771240286659,-0.885751754029,5,271
705,1,5.9682271252,0.0,10.0,0.011011011011,0,0.62665678778,-0.911743238138,5,888
706,1,8.86094190349,7.0,12.0,0.014014014014,0,1.26613186277,0.0625463151721,5,638
707,1,10.8668841229,10.0,12.0,0.012012012012,0,2.05999003691,-0.313085987819,5,909
708,1,4.63775673683,0.0,9.0,0.01001001001,0,0.0878531339855,-0.625802665123,5,560
709,1,2.49405589424,1.0,8.0,0.011011011011,0,-0.892239579386,0.170774632402,5,613
710,1,8.17879390493,0.0,9.0,0.01001001001,0,0.58648631952,1.41933494637,5,787
711,1,4.53908343404,,9.0,0.01001001001,0,-0.156892048496,0.00975957952506,5,853
712,1,9.6293742611,7.0,12.0,0.012012012012,0,1.85774110507,-0.94384905412,5,812
713,1,4.98887646426,2.0,8.0,0.01001001001,0,-0.0733407461809,0.208898702799,5,551
714,1,1.78118489711,0.0,8.0,0.011011011011,0,-0.599800286114,-1.41941424454,5,603
715,1,1.08412325545,1.0,5.0,0.01001001001,0,-1.88472515246,1.73829871283,5,179
716,1,10.5237707552,9.0,13.0,0.013013013013,0,1.1390594225,2.10659248766,5,835
717,1,5.39455038945,2.0,6.0,0.011011011011,0,-0.0339980808395,0.496544631972,5,497
718,1,0.801441876059,0.0,2.0,0.014014014014,0,-1.45982124993,0.180905625856,5,373
719,1,3.8819297732,1.0,5.0,0.01001001001,0,-0.466255506854,0.280696293762,5,310
720,1,3.53072287582,0.0,11.0,0.014014014014,0,-0.455840303018,-0.101756215121,5,712
721,1,6.53722159122,1.0,9.0,0.01001001001,0,0.662908320903,-0.451503371485,5,304
722,1,0.080503401042,0.0,2.0,0.011011011011,0,-1.62240678353,-0.0522762483567,5,139
723,1,7.33730218305,7.0,9.0,0.012012012012,0,0.799906232664,-0.0624165149474,5,754
724,1,2.10622081832,0.0,5.0,0.011011011011,0,-0.782869212586,-0.545171543924,5,226
725,1,11.4634196506,8.0,12.0,0.013013013013,0,1.96998883117,0.553453157084,5,931
726,1,6.11330077015,2.0,8.0,0.011011011011,0,0.367182971475,0.0117518557229,5,419
727,1,9.74324758193,5.0,11.0,0.011011011011,0,1.56378006792,0.0519073781789,5,967
728,1,4.16193286471,4.0,9.0,0.013013013013,0,-0.151298394463,-0.384171951896,5,703
729,1,1.83918399672,,3.0,0.011011011011,0,-1.14284004405,0.267704128859,5,68
730,1,8.04160735864,8.0,9.0,0.01001001001,1,1.0078029071,0.0181986373397,5,792
731,1,6.87495357386,6.0,10.0,0.01001001001,0,0.763527844418,-0.415629959397,5,963
732,1,1.45047659897,,8.0,0.00900900900901,0,-1.11413800339,-0.207109390849,5,820
733,1,-0.178192910305,,5.0,0.011011011011,0,-2.05020176438,0.972412382833,5,212
734,1,7.25215930854,,12.0,0.012012012012,0,0.958483051959,-0.623289847338,5,976
735,1,4.73396232425,,10.0,0.011011011011,0,-0.0509247118882,-0.113263540081,5,810
736,1,8.24163090404,6.0,11.0,0.011011011011,0,1.49263830065,-1.23628399791,5,915
737,1,5.40327295234,5.0,9.0,0.013013013013,0,0.190571497845,-0.168441541201,5,784
738,1,1.39005708139,1.0,11.0,0.011011011011,0,-1.06376914655,-0.418635478948,5,953
739,1,10.2718273187,10.0,11.0,0.012012012012,1,1.42969820871,0.982732692571,5,981
740,1,6.89494800058,1.0,10.0,0.013013013013,0,0.398159139207,0.700470582963,5,632
741,1,3.25828993394,1.0,5.0,0.013013013013,0,-0.616047039742,0.106431053169,5,300
742,1,8.83916614555,7.0,9.0,0.01001001001,0,1.4006356493,-0.362740802343,5,843
743,1,10.1447687366,5.0,11.0,0.012012012012,0,1.64588591467,0.207110992636,5,797
744,1,7.61890021707,5.0,8.0,0.011011011011,0,0.725101116294,0.443596868192,5,839
745,1,0.573343952937,0.0,3.0,0.011011011011,0,-1.01767483938,-1.37363152893,5,71
746,1,5.98760929061,0.0,6.0,0.01001001001,0,0.277022372071,0.156542174398,5,705
747,1,2.89028412039,2.0,3.0,0.012012012012,1,-0.608449645811,-0.284366942176,5,334
748,1,7.11101863217,0.0,8.0,0.01001001001,0,0.393074106768,0.93179631187,5,354
749,1,9.46506848903,7.0,10.0,0.011011011011,0,1.53444694357,-0.138272341676,5,817
750,1,2.45202595733,2.0,8.0,0.01001001001,0,-0.0103729820435,-2.51685509654,5,654
751,1,2.85413238885,0.0,10.0,0.011011011011,0,-0.652656220421,-0.187898949891,5,786
752,1,2.85841501451,,9.0,0.015015015015,0,-0.437466916932,-0.829184234697,5,531
753,1,6.55542636458,,8.0,0.017017017017,0,0.695979889222,-0.532513303082,5,513
754,1,5.09209465044,3.0,6.0,0.011011011011,0,0.153460988148,-0.368288314001,5,276
755,1,6.63007829713,2.0,10.0,0.012012012012,0,1.09277953998,-1.64826032282,5,886
756,1,5.4895904944,,9.0,0.012012012012,0,-0.201886876635,1.0952511243,5,596
757,1,4.42995074238,1.0,6.0,0.016016016016,0,0.00358673879079,-0.580809473996,5,203
758,1,3.04031796689,0.0,11.0,0.013013013013,0,-1.05208131297,1.19656190579,5,675
759,1,7.97530761455,0.0,10.0,0.011011011011,0,0.830345951437,0.48426976024,5,793
760,1,7.48598089469,7.0,8.0,0.01001001001,1,0.659206345081,0.508361859445,5,698
761,1,9.06249167004,,12.0,0.012012012012,0,0.962423188483,1.17522210459,5,926
762,1,7.45958108274,2.0,11.0,0.012012012012,0,1.41840614337,-1.79563734737,5,937
763,1,5.34974701953,5.0,8.0,0.011011011011,0,0.0220970447733,0.283455885212,5,595
764,1,5.90505692361,4.0,9.0,0.011011011011,0,0.0695566958287,0.696386836121,5,700
765,1,8.66626040337,4.0,11.0,0.012012012012,0,0.865954699574,1.06839630465,5,842
766,1,6.55743961573,0.0,8.0,0.012012012012,0,-0.110327528869,1.88842220233,5,760
767,1,0.308963150713,0.0,6.0,0.011011011011,0,-1.43445256929,-0.387679141402,5,524
768,1,10.8724409465,7.0,11.0,0.011011011011,0,1.60919507751,1.04485571391,5,980
769,1,9.3744386292,7.0,11.0,0.012012012012,0,1.41054366571,0.14280763208,5,898
770,1,-0.357211790618,,0.0,0.012012012012,1,-1.92528163496,0.418633114247,5,185
771,1,4.30898753814,1.0,8.0,0.011011011011,0,-0.128186208829,-0.306453835373,5,473
772,1,7.84953383746,7.0,10.0,0.011011011011,0,1.20664639092,-0.770405335302,5,651
773,1,3.81429520745,2.0,6.0,0.011011011011,0,-0.376615571763,-0.0558580772574,5,746
774,1,6.03389903723,0.0,9.0,0.012012012012,0,0.473633751286,-0.387002216631,5,436
775,1,6.00854741656,2.0,8.0,0.011011011011,0,0.28621522583,0.149901739074,5,599
776,1,-7.14561945893,,5.0,0.013013013013,0,-3.92967989703,-0.356579767852,5,402
777,1,3.26437376285,,7.0,0.012012012012,0,0.0712969827718,-1.94951718546,5,365
778,1,2.11593217132,,9.0,0.01001001001,0,-1.0617471856,0.301173728127,5,809
779,1,9.71847958819,8.0,10.0,0.013013013013,0,1.38040570989,0.577262458528,5,825
780,1,2.79772211992,,5.0,0.012012012012,0,-1.17962251091,1.33658965265,5,134
781,0,14.6296291444,11.0,,0.011011011011,0,3.14588199231,0.191983167492,5,374
782,1,6.03338840125,3.0,7.0,0.012012012012,0,0.263440834354,0.243065898189,5,445
783,1,4.77091989459,0.0,10.0,0.01001001001,0,-0.1633496589,0.260968871287,5,737
784,1,6.10971226839,6.0,9.0,0.012012012012,0,0.472092839906,-0.306566251327,5,883
785,0,12.1529438397,11.0,,0.011011011011,0,2.08125689349,0.909173159219,5,367
786,1,-0.901497995667,,0.0,0.01001001001,1,-1.74845662241,-0.656128128425,5,6
787,1,5.44117042072,4.0,11.0,0.012012012012,0,-0.175735507873,0.968376944335,5,970
788,1,0.886190281597,,1.0,0.013013013013,0,-1.1305548697,-0.722145109297,5,55
789,1,1.67299802303,1.0,2.0,0.011011011011,1,-0.961576372554,-0.442272859313,5,84
790,1,4.6401555325,,12.0,0.016016016016,0,-0.148815578103,0.0866022668038,5,579
791,1,6.31674094146,5.0,11.0,0.011011011011,0,0.650384962961,-0.634413947422,5,900
792,1,7.83178439702,3.0,9.0,0.011011011011,0,1.35986398875,-1.24780756922,5,526
793,1,6.49004059245,6.0,8.0,0.011011011011,0,0.42769855341,0.206944932219,5,811
794,1,2.78782757578,2.0,6.0,0.011011011011,0,-0.402618745815,-1.00431618678,5,344
795,1,5.58161059238,1.0,9.0,0.01001001001,0,0.218495054764,-0.0738745719139,5,520
796,1,0.947579759785,0.0,2.0,0.01001001001,0,-1.16220491659,-0.565805490432,5,309
797,1,5.35497813406,4.0,9.0,0.01001001001,0,0.0573784022138,0.18284292742,5,717
798,0,12.0768335378,10.0,,0.01001001001,0,2.45417155202,-0.285681118259,5,936
799,1,0.559163558769,0.0,1.0,0.01001001001,1,-1.43078480217,-0.148482034713,5,64
800,1,1.01309630888,,11.0,0.012012012012,0,-0.783294405983,-1.63702047317,5,979
801,1,-0.569363110028,,9.0,0.01001001001,0,-1.72196031004,-0.403482179914,5,794
802,1,4.51356172171,2.0,6.0,0.011011011011,0,0.0121827419004,-0.522986503992,5,314
803,1,2.59009855555,0.0,9.0,0.01001001001,0,-1.02172613516,0.655276961032,5,836
804,1,0.930103820952,,1.0,0.011011011011,0,-1.64344117497,0.860427345873,5,50
805,1,4.88050891394,3.0,10.0,0.01001001001,0,0.120091843145,-0.479766615494,5,765
806,1,5.4823468886,,9.0,0.01001001001,0,0.412107776696,-0.753976441488,5,604
807,1,5.02179310163,2.0,10.0,0.01001001001,0,-0.127654845543,0.404757638258,5,863
808,1,9.81099295455,9.0,10.0,0.01001001001,1,1.50449075951,0.297520676013,5,868
809,1,6.41888538404,3.0,8.0,0.011011011011,0,0.642173127068,-0.507633997164,5,398
810,1,5.51200673495,1.0,6.0,0.01001001001,0,9.27188913836e-05,0.511728578277,5,356
811,1,3.69859569158,,7.0,0.011011011011,0,-0.702969549054,0.807504338748,5,612
812,1,-0.467555536156,,0.0,0.01001001001,1,-1.73463457972,-0.263651796999,5,17
813,1,9.77211902009,9.0,10.0,0.01001001001,1,1.53439269463,0.1689409362,5,874
814,1,3.24944395395,,4.0,0.013013013013,0,-0.77720477485,0.581058278501,5,96
815,1,3.64043613774,3.0,4.0,0.013013013013,1,-0.740248415441,0.861181384065,5,205
816,1,1.5804692366,1.0,2.0,0.011011011011,1,-0.800130315943,-1.01913981557,5,260
817,1,1.12065056987,,10.0,0.011011011011,0,-1.42474844094,0.394895892688,5,975
818,1,7.55879795305,5.0,8.0,0.011011011011,0,0.914521491476,-0.184766521375,5,404
819,1,4.50728649566,0.0,5.0,0.012012012012,0,-0.461997671277,0.89327950949,5,200
820,1,4.89553434868,3.0,7.0,0.01001001001,0,0.182077779886,-0.65069899098,5,721
821,1,5.07640566049,3.0,10.0,0.01001001001,0,0.430813832222,-1.21603583618,5,927
822,1,2.73851950793,,6.0,0.011011011011,0,-0.867588724578,0.341285681664,5,293
823,1,2.18165779371,1.0,6.0,0.01001001001,0,-1.38686339951,1.34224799225,5,410
824,1,3.82900487121,1.0,10.0,0.011011011011,0,-0.631881262725,0.724648659387,5,306
825,1,8.19487774224,4.0,10.0,0.011011011011,0,1.50089117055,-1.3077957694,5,871
826,1,4.2654318996,0.0,9.0,0.01001001001,0,-0.682935941931,1.3142397254,5,768
827,1,5.62856015787,4.0,7.0,0.01001001001,0,0.408539598984,-0.597058639081,5,372
828,1,-3.00599240282,,0.0,0.011011011011,1,-2.67608014932,0.0222480451513,5,20
829,1,2.23631308001,1.0,11.0,0.011011011011,0,-1.05936318755,0.414402642658,5,921
830,1,1.86598338899,,2.0,0.01001001001,0,-1.28129598433,0.709871341981,5,85
831,1,7.10066866185,7.0,10.0,0.01001001001,0,1.14462378918,-1.3332027057,5,914
832,1,2.8657521939,2.0,6.0,0.011011011011,0,-1.03506846778,0.97095759725,5,493
833,1,8.24971404051,6.0,9.0,0.013013013013,0,0.997305230957,0.257798347643,5,637
834,1,5.36782492402,0.0,8.0,0.011011011011,0,0.18714414338,-0.193607506124,5,538
835,1,0.994929556935,0.0,3.0,0.011011011011,0,-1.57440992533,0.718159332919,5,407
836,1,5.40997377295,3.0,6.0,0.011011011011,0,-0.512452030766,1.94732986524,5,564
837,1,3.51972711811,,7.0,0.01001001001,0,-0.242636651302,-0.752362927979,5,541
838,1,5.79600794476,3.0,10.0,0.01001001001,0,0.543735142566,-0.835197482933,5,856
839,1,2.84057970373,,4.0,0.01001001001,0,-0.766446017343,0.139917755761,5,237
840,1,0.952827175388,,1.0,0.011011011011,0,-1.57264172641,0.670752354616,5,66
841,1,8.52110499237,4.0,9.0,0.01001001001,0,1.41898415763,-0.735847480526,5,610
842,1,5.99963849602,4.0,6.0,0.011011011011,0,0.26111988,0.216278856018,5,489
843,1,4.16938205611,3.0,6.0,0.011011011011,0,-0.00506805267648,-0.815413785865,5,272
844,1,1.60057471596,0.0,2.0,0.011011011011,0,-1.16963708634,0.109485974995,5,166
845,1,6.86684590462,3.0,10.0,0.011011011011,0,0.471262211351,0.453059270565,5,845
846,1,-1.28353775045,,2.0,0.011011011011,0,-1.89914893637,-0.586090941327,5,22
847,1,2.6103793928,,8.0,0.01001001001,0,-0.649328901784,-0.441633901851,5,573
848,1,5.32891774055,,6.0,0.011011011011,0,-0.163973287637,0.82083760346,5,374
849,1,9.99039261385,9.0,10.0,0.01001001001,1,1.57699374389,0.25941138218,5,968
850,1,4.13778790497,3.0,5.0,0.01001001001,0,-0.26945155387,-0.0538574334152,5,369
851,1,5.15190354531,5.0,8.0,0.01001001001,0,0.394838693999,-1.03261253669,5,269
852,1,6.08744278531,6.0,10.0,0.011011011011,0,0.395280077291,-0.0983974465615,5,744
853,1,2.64121601245,,8.0,0.014014014014,0,-0.412360371699,-1.12170287245,5,653
854,1,5.1701289499,5.0,7.0,0.011011011011,0,0.186006321204,-0.387890013707,5,562
855,1,8.65447101784,0.0,10.0,0.01001001001,0,0.606601979643,1.83466507891,5,802
856,1,6.33878031644,6.0,7.0,0.011011011011,1,0.0428900678834,1.21011011279,5,350
857,1,8.18224206412,6.0,11.0,0.011011011011,0,1.00805253471,0.158084459997,5,866
858,1,0.154763837985,0.0,11.0,0.012012012012,0,-1.91991432024,0.914506798718,5,897
859,1,4.34776827116,2.0,5.0,0.01001001001,0,-0.517390377078,0.89993940239,5,409
860,1,9.07458227021,9.0,10.0,0.012012012012,1,1.34086359987,0.0519914705944,5,684
861,1,5.98105171442,0.0,9.0,0.01001001001,0,0.322783921919,0.0126999486629,5,697
862,1,10.8497788177,10.0,11.0,0.011011011011,1,2.02600920452,-0.228248795868,5,982
863,0,11.1591995488,10.0,,0.01001001001,0,1.90119798525,0.455605593026,5,597
864,1,4.29200175609,,9.0,0.01001001001,0,-0.0389440083272,-0.591166218928,5,663
865,1,-0.887845208937,,0.0,0.011011011011,1,-1.96366855428,0.00316045388915,5,23
866,1,7.60247972941,7.0,8.0,0.012012012012,1,0.494356165473,1.11941123299,5,710
867,1,9.78984849342,5.0,10.0,0.01001001001,0,1.2654894572,0.993380121818,5,848
868,1,7.58354676913,6.0,9.0,0.011011011011,0,0.550624972814,0.931671850689,5,844
869,1,6.29743211785,,7.0,0.01001001001,0,0.41829571944,0.0425449595242,5,301
870,1,3.15854829679,1.0,5.0,0.012012012012,0,-0.119725736157,-1.48227449474,5,324
871,1,2.75573960523,0.0,10.0,0.011011011011,0,-0.970587006875,0.667500625861,5,751
872,1,9.3522160319,9.0,10.0,0.01001001001,1,1.69703104481,-0.738877102535,5,681
873,1,5.03528808081,4.0,11.0,0.011011011011,0,0.30157309384,-0.869431200707,5,615
874,1,4.52987733758,2.0,6.0,0.011011011011,0,-0.0300960612692,-0.379834478611,5,455
875,1,4.80163130325,2.0,8.0,0.011011011011,0,-0.584885907225,1.55628902492,5,669
876,1,5.06171734163,0.0,7.0,0.011011011011,0,-0.329478165772,1.05015183895,5,479
877,1,5.04730892063,3.0,10.0,0.01001001001,0,0.217112753205,-0.604029338987,5,946
878,1,3.30257904923,1.0,4.0,0.00900900900901,0,-0.26142121143,-0.913157316484,5,384
879,1,4.77726225842,4.0,10.0,0.012012012012,0,0.424481664338,-1.4961827346,5,739
880,1,6.12676369799,1.0,8.0,0.01001001001,0,0.170075511104,0.616537164677,5,660
881,1,5.78956892747,0.0,10.0,0.011011011011,0,0.177913851363,0.255827373382,5,894
882,1,2.76652444515,2.0,7.0,0.01001001001,0,-0.275127097511,-1.40809426231,5,575
883,0,10.1348320696,10.0,,0.01001001001,0,1.92446323564,-0.638557637374,5,852
884,1,3.24226687321,3.0,5.0,0.01001001001,0,-0.224839418952,-1.08321486993,5,326
885,1,4.5893466631,4.0,6.0,0.012012012012,0,-0.338432016949,0.604642713943,5,537
886,1,-0.599187668503,,2.0,0.01001001001,0,-1.46443448527,-1.2058842127,5,146
887,1,2.78893590742,2.0,3.0,0.01001001001,1,-0.539885542589,-0.591407464815,5,240
888,1,7.37033284271,3.0,8.0,0.011011011011,0,0.447676074842,1.02730461818,5,832
889,1,-0.398066806463,,0.0,0.01001001001,1,-2.04986358492,0.75152394829,5,37
890,1,5.69078079574,5.0,6.0,0.011011011011,1,-0.233651095716,1.39173408288,5,631
891,1,8.84494248082,8.0,10.0,0.01001001001,0,1.49646062887,-0.644439405786,5,938
892,1,10.6358291782,10.0,11.0,0.011011011011,1,1.76460954814,0.342000533739,5,965
893,1,6.77599050966,4.0,10.0,0.01001001001,0,0.459812265137,0.396553714248,5,984
894,1,6.54899017881,5.0,7.0,0.01001001001,0,0.513276679575,0.00916014008391,5,729
895,1,9.59194155057,6.0,10.0,0.01001001001,0,1.38078053588,0.449599942923,5,949
896,1,-1.62980200553,,9.0,0.01001001001,0,-2.07349087939,-0.409329367368,5,448
897,1,1.6003272989,0.0,11.0,0.012012012012,0,-1.03305281211,-0.300514264756,5,939
898,1,6.9037742918,3.0,7.0,0.011011011011,0,0.540105486728,0.283457831616,5,353
899,1,5.36199264832,4.0,10.0,0.011011011011,0,0.102360117303,0.054912296413,5,776
900,1,7.27685179208,7.0,9.0,0.011011011011,0,0.805552072365,-0.139804425014,5,634
901,1,5.83113512738,0.0,9.0,0.011011011011,0,0.274895008664,0.00645010138556,5,763
902,1,7.07577120506,1.0,11.0,0.012012012012,0,0.118198643039,1.72117527595,5,855
903,1,4.02053939601,,5.0,0.011011011011,0,-0.223048919598,-0.310313845194,5,255
904,1,4.82709552367,1.0,9.0,0.01001001001,0,-0.200514335529,0.428638530256,5,952
905,1,4.82684614125,4.0,7.0,0.01001001001,0,0.34857213956,-1.21887027743,5,726
906,1,1.19839339504,0.0,7.0,0.01001001001,0,-1.26143503803,-0.0173014908685,5,702
907,1,3.52181486323,,4.0,0.01001001001,0,-0.528117927365,0.106168645326,5,268
908,1,8.33144046995,,9.0,0.01001001001,0,1.00692902202,0.3106534039,5,557
909,1,4.27818785582,4.0,5.0,0.01001001001,1,-0.186060653771,-0.163630182865,5,426
910,1,4.10788549433,0.0,9.0,0.011011011011,0,0.148941330455,-1.33893849704,5,831
911,1,9.65008513505,9.0,10.0,0.01001001001,1,1.5878570499,-0.113486014657,5,707
912,1,8.69158559738,6.0,10.0,0.01001001001,0,0.952813707375,0.833144475261,5,920
913,1,6.55021863875,3.0,8.0,0.01001001001,0,0.679168467428,-0.487286763532,5,704
914,1,9.09923255178,5.0,10.0,0.011011011011,0,1.49572442253,-0.387940715824,5,808
915,0,12.8784223737,11.0,,0.011011011011,0,2.6469291557,-0.0623650934298,5,545
916,1,5.61706749403,,9.0,0.01001001001,0,0.334337977889,-0.385946439632,5,901
917,1,1.36059530852,,6.0,0.01001001001,0,-1.09999354929,-0.33942404361,5,391
918,1,4.43386287561,3.0,6.0,0.01001001001,0,-0.056846564863,-0.395597429804,5,583
919,1,6.87000209085,5.0,10.0,0.01001001001,0,0.608874190132,0.0433795204513,5,767
920,1,8.09328307469,5.0,11.0,0.012012012012,0,0.846450482533,0.553931627096,5,932
921,1,8.67662113125,6.0,9.0,0.01001001001,0,1.01981686656,0.61717053157,5,818
922,1,9.27714344501,0.0,10.0,0.01001001001,0,1.38582402345,0.119671374672,5,859
923,1,4.07982190573,0.0,10.0,0.01001001001,0,-0.00945157600804,-0.89182336625,5,955
924,1,9.11337660336,9.0,10.0,0.01001001001,1,1.17063138784,0.60148243985,5,972
925,1,4.78457805672,2.0,5.0,0.01001001001,0,-0.174430519897,0.307869616415,5,162
926,1,5.49385402014,3.0,10.0,0.01001001001,0,-0.0108367852279,0.52636437582,5,701
927,1,-0.645519417591,,0.0,0.01001001001,1,-1.71494928778,-0.500671554242,5,7
928,1,1.30701977154,,7.0,0.012012012012,0,-0.965294664959,-0.797096233583,5,351
929,1,2.67010547445,1.0,5.0,0.011011011011,0,-0.178692916957,-1.79381577468,5,341
930,1,4.46970211366,,11.0,0.011011011011,0,-0.097496484145,-0.237808433903,5,872
931,1,3.19974743283,2.0,6.0,0.011011011011,0,-0.382928749222,-0.651466319507,5,453
932,1,8.8285439045,8.0,9.0,0.00900900900901,1,1.15587786163,0.360910319621,5,957
933,1,8.21751071867,8.0,10.0,0.011011011011,0,0.798887178209,0.820849184042,5,973
934,1,1.60541233774,1.0,5.0,0.01001001001,0,-0.663717449435,-1.40343531396,5,320
935,1,1.09177329711,,9.0,0.01001001001,0,-1.19399865752,-0.326230730336,5,862
936,1,3.72441564106,0.0,7.0,0.01001001001,0,-0.0262014876998,-1.19697989584,5,388
937,1,-0.0167858622577,,0.0,0.01001001001,1,-1.43174778968,-0.72154249322,5,5
938,1,8.2571927559,8.0,9.0,0.01001001001,1,1.14061805405,-0.164661406238,5,940
939,1,5.75352334446,0.0,7.0,0.01001001001,0,0.394214313868,-0.429119597147,5,548
940,1,3.44296711414,3.0,4.0,0.01001001001,1,-0.662792048648,0.431343260085,5,390
941,1,4.69456036002,1.0,9.0,0.01001001001,0,-0.275976102106,0.522488666333,5,547
942,1,3.7760580772,2.0,7.0,0.01001001001,0,-0.389167583696,-0.0564391717075,5,509
943,1,6.11861266157,1.0,10.0,0.01001001001,0,0.504148727353,-0.393833520488,5,942
944,1,0.634846884037,,1.0,0.01001001001,0,-1.82297680682,1.10377730448,5,18
945,1,-1.84542584134,,0.0,0.01001001001,1,-2.33955761162,0.173246993504,5,69
946,0,11.6506558386,10.0,,0.01001001001,0,2.55329455135,-1.0092278155,5,64
947,1,3.0980980446,,4.0,0.01001001001,0,-0.865259245939,0.693875782419,5,343
948,1,6.41922104705,6.0,11.0,0.011011011011,0,0.553239346403,-0.240496992163,5,907
949,1,7.33112029665,5.0,9.0,0.01001001001,0,0.977765045551,-0.602174840007,5,696
950,1,3.89380220408,2.0,6.0,0.01001001001,0,-0.267094711229,-0.304913662236,5,742
951,1,7.46212156119,6.0,10.0,0.01001001001,0,0.653735759689,0.500914282124,5,840
952,1,2.13036369272,2.0,3.0,0.011011011011,1,-0.393222232306,-1.68996961036,5,336
953,1,9.8006278606,5.0,10.0,0.01001001001,0,1.29745357414,0.908267138187,5,876
954,1,1.18690977399,1.0,4.0,0.01001001001,0,-1.38411978813,0.339269138377,5,129
955,1,4.34635446776,,8.0,0.01001001001,0,0.0489617817036,-0.800530877348,5,563
956,1,5.72125969977,1.0,8.0,0.01001001001,0,-0.0735623063527,0.941946618825,5,858
957,1,6.93099283457,3.0,7.0,0.01001001001,0,0.894047507137,-0.751149686837,5,501
958,1,5.97655990719,4.0,8.0,0.01001001001,0,0.610208609415,-0.854065921055,5,759
959,1,6.20132390323,6.0,7.0,0.01001001001,1,0.294213432757,0.318683604961,5,800
960,1,4.82190142679,4.0,6.0,0.01001001001,0,-0.22380965343,0.493330387082,5,485
961,1,-0.458920973011,,1.0,0.01001001001,0,-1.56795199139,-0.755064998827,5,143
962,1,3.40848958264,3.0,7.0,0.01001001001,0,-0.252966482927,-0.832610968581,5,716
963,1,4.24932201245,1.0,7.0,0.011011011011,0,-0.401969467026,0.45523041353,5,289
964,1,9.32600708804,9.0,10.0,0.01001001001,1,1.42399317781,0.0540275546117,5,964
965,0,10.0093455215,10.0,,0.01001001001,0,0.983992546711,2.05736788141,5,642
966,1,3.57182156585,1.0,6.0,0.01001001001,0,-0.174463440747,-0.904788111907,5,248
967,1,6.56497770307,6.0,8.0,0.01001001001,0,0.518880974273,0.00833478024584,5,757
968,1,3.25455144751,0.0,5.0,0.011011011011,0,-0.956064518253,1.12274500226,5,380
969,1,3.45517883449,3.0,8.0,0.01001001001,0,-0.506990553754,-0.0238495042517,5,725
970,1,2.88291914392,1.0,6.0,0.01001001001,0,-0.772877766883,0.20155244457,5,342
971,1,4.12668180066,1.0,7.0,0.01001001001,0,-0.255158365773,-0.107843102021,5,492
972,1,9.12915475623,7.0,10.0,0.01001001001,0,1.47833071821,-0.305837398402,5,962
973,1,0.838902492975,,4.0,0.01001001001,0,-1.56474129542,0.533126379234,5,163
974,1,7.17732294746,6.0,8.0,0.01001001001,0,0.760648521657,-0.104622617509,5,764
975,1,6.59701410938,3.0,7.0,0.01001001001,0,0.705307903925,-0.518909602392,5,242
976,1,9.06935051409,4.0,10.0,0.01001001001,0,1.09713402179,0.777948448713,5,643
977,1,-1.86254136014,,1.0,0.01001001001,0,-1.76367744227,-1.57150903334,5,158
978,1,0.47887335521,,2.0,0.01001001001,0,-1.65331638726,0.438822516979,5,67
979,1,1.59172838467,,4.0,0.01001001001,0,-1.38135853405,0.735803986813,5,79
980,1,4.2743892473,3.0,5.0,0.01001001001,0,-0.0760102036599,-0.497580141717,5,425
981,0,11.8461153564,10.0,,0.01001001001,0,2.05838449347,0.670961875948,5,95
982,1,8.75870049759,6.0,9.0,0.011011011011,0,0.819077538738,1.30146788138,5,824
983,1,6.85623530872,0.0,9.0,0.01001001001,0,0.843880746523,-0.675406930844,5,911
984,1,6.22702574533,3.0,9.0,0.01001001001,0,0.137276469383,0.81519633718,5,796
985,1,7.32179710768,6.0,10.0,0.01001001001,0,0.642334304488,0.394794194211,5,954
986,1,9.25303236787,9.0,10.0,0.01001001001,1,1.69163045601,-0.821859000155,5,977
987,1,0.596336896241,,3.0,0.01001001001,0,-1.54103006703,0.219427097327,5,56
988,1,-2.08417356973,,2.0,0.01001001001,0,-2.2159125932,-0.436435790142,5,154
989,1,3.00589021221,2.0,9.0,0.01001001001,0,-0.711184485091,0.139443667482,5,641
990,1,3.05845935751,0.0,4.0,0.01001001001,0,-0.643412873313,-0.0113020225523,5,130
991,1,6.44228197712,6.0,7.0,0.01001001001,1,0.646669543603,-0.497726653685,5,670
992,1,5.86532554354,0.0,7.0,0.01001001001,0,0.405742161966,-0.351900942359,5,559
993,0,13.9466773371,10.0,,0.01001001001,0,2.54692460691,1.30590351637,5,521
994,1,8.33431460225,5.0,10.0,0.01001001001,0,0.915490016553,0.587844552592,5,875
995,1,5.27992192199,5.0,11.0,0.011011011011,0,-0.0940222541832,0.561988684536,5,930
996,1,3.17048823707,2.0,7.0,0.01001001001,0,-0.347466970817,-0.787110850479,5,861
997,1,6.44270765858,6.0,10.0,0.01001001001,0,0.594302954486,-0.34020120488,5,948
998,1,6.94106674329,4.0,9.0,0.01001001001,0,0.404334929942,0.728061953466,5,789
999,1,3.49657711777,,5.0,0.01001001001,0,-0.245016249257,-0.768374134456,5,275
