name,activated,threshold,before_activation_alters,after_activation_alters,degree,observed,var1,epsilon,constant,activation_order
0,1,1.80626341083,1.0,9,0.021021021021,0,-0.573906087689,-1.4720183261,5,517
1,1,2.00284377945,2.0,11,0.022022022022,0,-1.3969351432,1.19364920905,5,454
2,1,4.8692673134,4.0,5,0.022022022022,1,-0.0983815825905,0.164412061169,5,368
3,1,4.30995015899,0.0,13,0.022022022022,0,-0.54724047493,0.951671583778,5,653
4,1,9.55114097248,9.0,11,0.019019019019,0,1.11574566929,1.2039039646,5,685
5,1,4.09014112359,4.0,5,0.022022022022,1,-0.515787262962,0.637502912473,5,319
6,1,9.87095644917,4.0,16,0.02002002002,0,1.23077329379,1.17863656781,5,801
7,1,2.52904165032,2.0,3,0.02002002002,1,-0.170554201824,-1.95929574421,5,272
8,1,8.21352692635,0.0,18,0.02002002002,0,1.02921046834,0.125895521332,5,955
9,1,9.86747230508,7.0,19,0.019019019019,0,1.4429473621,0.538630218781,5,997
10,1,6.9613086684,,19,0.021021021021,0,-0.121571345401,2.3260227046,5,858
11,1,0.985483737082,,2,0.021021021021,0,-1.88674682246,1.64572420445,5,87
12,1,8.34024601339,,16,0.021021021021,0,0.463572364576,1.94952891966,5,713
13,1,2.87053826777,2.0,12,0.023023023023,0,-1.05250262599,1.02804614575,5,649
14,1,6.03862356381,,13,0.019019019019,0,0.19874851448,0.442378020373,5,798
15,1,-2.0016300485,,4,0.02002002002,0,-2.63535086737,0.904422553622,5,171
16,1,1.06389321593,1.0,2,0.019019019019,1,-0.772710643007,-1.61797485505,5,53
17,1,3.3542039758,3.0,4,0.018018018018,1,-1.40832354307,2.579174605,5,202
18,1,6.19159516789,6.0,11,0.02002002002,0,0.301029691121,0.288506094523,5,584
19,1,5.30132806955,4.0,12,0.022022022022,0,0.13790129017,-0.112375800959,5,458
20,1,1.91035992398,,2,0.019019019019,0,-0.613748798839,-1.2483936795,5,28
21,1,-0.599835331729,,0,0.019019019019,1,-1.49058485456,-1.12808076804,5,5
22,1,6.86755841297,6.0,14,0.019019019019,0,0.624377748473,-0.00557483245179,5,529
23,1,7.14005430229,5.0,19,0.019019019019,0,0.484438407148,0.686739080848,5,976
24,1,6.42048785487,6.0,8,0.019019019019,0,0.32924926666,0.43274005489,5,325
25,1,4.23822616611,4.0,10,0.02002002002,0,0.0678752814831,-0.965399678337,5,340
26,1,6.55796577297,5.0,10,0.021021021021,0,0.00985510891826,1.52840044622,5,351
27,1,6.93519332843,3.0,7,0.02002002002,0,0.492248743321,0.458447098465,5,306
28,1,4.68687253441,1.0,16,0.02002002002,0,-0.435483988078,0.993324498646,5,678
29,1,7.51855240545,7.0,13,0.02002002002,0,0.0690788133105,2.31131596552,5,434
30,1,-1.78700371258,,1,0.02002002002,0,-2.65781316701,1.18643578843,5,11
31,1,7.33606642116,4.0,19,0.02002002002,0,0.656008713224,0.368040281484,5,943
32,1,6.01136429577,2.0,7,0.021021021021,0,0.250009479535,0.261335857161,5,219
33,1,4.59372283238,2.0,11,0.018018018018,0,0.2222962123,-1.07316580452,5,308
34,1,7.3914338421,4.0,16,0.02002002002,0,0.280063433038,1.55124354298,5,435
35,1,8.47275287566,3.0,19,0.021021021021,0,0.969296792157,0.564862499185,5,583
36,1,3.96688905084,0.0,4,0.023023023023,0,0.040742193988,-1.15533753113,5,113
37,1,5.77783826197,3.0,8,0.02002002002,0,0.293422595979,-0.10242952597,5,130
38,1,2.42728757612,1.0,5,0.019019019019,0,-0.443713568398,-1.24157171868,5,92
39,1,7.62117177767,6.0,12,0.02002002002,0,1.00685638538,-0.399397378472,5,343
40,1,2.83142140574,1.0,9,0.018018018018,0,-0.525920119055,-0.590818237096,5,216
41,1,0.230809417773,0.0,1,0.021021021021,1,-1.03435467429,-1.66612655936,5,39
42,1,2.60711544453,2.0,5,0.019019019019,0,-1.31781099153,1.56054841911,5,117
43,1,7.82919346237,2.0,9,0.021021021021,0,0.691737776533,0.753980132774,5,189
44,1,2.68508306713,2.0,20,0.022022022022,0,-0.0256988851953,-2.23782027729,5,565
45,1,-1.15028894208,,0,0.02002002002,1,-1.99643097244,-0.160996024749,5,32
46,1,0.155904612823,,4,0.02002002002,0,-1.66726622803,0.157703296901,5,115
47,1,2.93276922655,1.0,3,0.021021021021,0,-0.730449380475,0.124117367976,5,90
48,1,10.9115529751,5.0,15,0.019019019019,0,1.93801506605,0.0975077769343,5,418
49,1,7.84329470001,6.0,19,0.019019019019,0,0.189787856812,2.27393112957,5,668
50,1,6.95043198124,2.0,14,0.02002002002,0,0.550973606201,0.297511162637,5,358
51,1,9.2309396524,2.0,10,0.021021021021,0,1.98337406527,-1.7191825434,5,243
52,1,4.12297394001,0.0,5,0.02002002002,0,0.011816831227,-0.91247655367,5,128
53,1,3.61782080198,1.0,11,0.019019019019,0,-0.0659703975374,-1.1842680054,5,289
54,1,4.84847998915,0.0,5,0.02002002002,0,-0.228521633293,0.53404488903,5,152
55,1,8.07034643911,4.0,10,0.02002002002,0,1.56829096975,-1.63452647014,5,246
56,1,2.82371366809,2.0,6,0.021021021021,0,-0.572927312038,-0.457504395795,5,198
57,1,3.67226260433,0.0,4,0.018018018018,0,-0.748134889414,0.916667272572,5,240
58,1,4.13834032612,0.0,13,0.018018018018,0,0.102486984037,-1.16912062599,5,621
59,1,1.28152030236,1.0,3,0.019019019019,0,-1.1777200049,-0.185319682933,5,178
60,1,7.6923415424,2.0,13,0.02002002002,0,1.26349949448,-1.09815694105,5,400
61,1,7.34768052384,4.0,17,0.018018018018,0,0.696791575498,0.257305797341,5,929
62,1,1.68047958124,1.0,3,0.021021021021,0,-0.617430859882,-1.46722783911,5,165
63,1,4.89676402098,2.0,10,0.018018018018,0,-0.213437568725,0.537076727159,5,365
64,1,7.04827048782,1.0,8,0.02002002002,0,0.897561610061,-0.644414342362,5,337
65,1,8.97742968655,7.0,22,0.022022022022,0,1.10246920827,0.670022061739,5,995
66,1,2.07292813258,1.0,4,0.021021021021,0,-1.13105825613,0.466102900953,5,213
67,1,6.48968301788,1.0,9,0.02002002002,0,0.68936741459,-0.578419225886,5,410
68,1,4.75766193227,2.0,13,0.018018018018,0,-0.232807020454,0.456082993629,5,867
69,1,-0.97146245807,,0,0.019019019019,1,-2.43802384892,1.34260908867,5,37
70,1,6.09580689592,3.0,7,0.019019019019,0,0.0304518983366,1.00445120091,5,537
71,1,10.299136291,4.0,11,0.022022022022,0,1.66514772679,0.303693110625,5,760
72,1,7.18860802739,7.0,15,0.02002002002,0,0.218159829668,1.53412853839,5,882
73,1,9.81207548664,3.0,12,0.02002002002,0,1.76576551838,-0.485221068483,5,829
74,1,8.455098679,2.0,17,0.019019019019,0,0.853331931439,0.895102884681,5,951
75,1,4.78111191511,3.0,6,0.02002002002,0,0.183336960038,-0.768898965001,5,612
76,1,10.1050830309,9.0,14,0.021021021021,0,2.06310287959,-1.08422560789,5,861
77,1,5.97934396036,5.0,6,0.021021021021,1,0.138591316826,0.563570009887,5,664
78,1,5.30006743555,5.0,12,0.021021021021,0,-0.0992292416765,0.59775516058,5,806
79,1,6.57966879447,1.0,15,0.019019019019,0,0.363452101031,0.489312491377,5,886
80,1,7.95040491581,4.0,19,0.019019019019,0,0.31765899416,1.99742793333,5,977
81,1,7.64022183362,0.0,18,0.021021021021,0,0.590053911156,0.870060100153,5,899
82,1,1.47941478239,0.0,2,0.021021021021,0,-1.27015431602,0.289877730437,5,348
83,1,0.871256638814,0.0,1,0.02002002002,1,-1.25702770043,-0.357660259895,5,361
84,1,4.92627734796,3.0,12,0.02002002002,0,0.282964421973,-0.922615917958,5,817
85,1,8.8642553603,8.0,20,0.021021021021,0,0.764837904153,1.56974164784,5,922
86,1,3.74924342663,3.0,9,0.021021021021,0,0.0658630116531,-1.44834560833,5,769
87,1,4.35448623418,1.0,6,0.021021021021,0,0.093742152222,-0.926740222482,5,730
88,1,4.77771271948,1.0,15,0.02002002002,0,-0.153443946842,0.238044560011,5,884
89,1,3.56308263249,2.0,4,0.018018018018,0,-0.144921645305,-1.00215243159,5,363
90,1,7.77566570142,3.0,12,0.02002002002,0,0.573357907548,1.05559197878,5,785
91,1,4.37303616304,1.0,17,0.021021021021,0,-0.853418900321,1.933292864,5,878
92,1,2.94407924816,1.0,4,0.02002002002,0,-0.433962324009,-0.75403377981,5,554
93,1,4.49710048293,2.0,8,0.021021021021,0,0.238421225289,-1.21816319294,5,742
94,1,3.01395701244,3.0,5,0.019019019019,0,-0.826006276767,0.491975842743,5,735
95,1,10.778621678,3.0,21,0.022022022022,0,1.5110360581,1.2455135037,5,910
96,1,4.84377274032,3.0,16,0.022022022022,0,-0.10274507305,0.152007959473,5,803
97,1,7.88624287972,3.0,10,0.02002002002,0,1.16625741026,-0.612529351052,5,774
98,1,-0.387912948958,,0,0.019019019019,1,-1.91013962696,0.342505931916,5,44
99,1,4.65496556586,4.0,7,0.02002002002,0,-0.178720062925,0.191125754636,5,754
100,1,7.80028618508,2.0,12,0.02002002002,0,0.423106537482,1.53096657263,5,794
101,1,1.60621230769,1.0,3,0.022022022022,0,-1.25773944787,0.379430651298,5,714
102,1,8.7953376704,3.0,11,0.021021021021,0,0.358070454918,2.72112630565,5,792
103,1,4.07109780235,3.0,17,0.02002002002,0,-0.86611218067,1.66943434436,5,894
104,1,6.91817294383,2.0,15,0.021021021021,0,0.570015366687,0.208126843766,5,852
105,1,1.71395240985,1.0,5,0.021021021021,0,-0.974451135348,-0.362694184109,5,757
106,1,3.63705437806,3.0,21,0.022022022022,0,-0.313111587829,-0.423610858449,5,938
107,1,5.44089401853,2.0,9,0.021021021021,0,-0.221392803521,1.10507242909,5,782
108,1,7.85981588968,3.0,8,0.021021021021,0,0.789702711057,0.49070775651,5,724
109,1,6.6507697784,3.0,10,0.02002002002,0,0.232131156261,0.954376309615,5,797
110,1,11.1590360915,2.0,15,0.023023023023,0,1.81948316315,0.700586602014,5,820
111,1,6.58879523427,2.0,15,0.019019019019,0,1.10382808265,-1.72268901369,5,926
112,1,6.70564376199,3.0,14,0.019019019019,0,0.277380445144,0.873502426561,5,905
113,1,5.35568931187,4.0,9,0.02002002002,0,0.149540544178,-0.0929323206664,5,799
114,1,9.99779792764,4.0,10,0.02002002002,0,0.559139522007,3.32037936162,5,818
115,1,2.70888390107,2.0,3,0.019019019019,1,-0.356186723951,-1.22255592707,5,624
116,1,8.12871741504,2.0,21,0.021021021021,0,1.22437729565,-0.544414471904,5,992
117,1,0.0163589709272,0.0,1,0.02002002002,1,-1.20327439128,-1.37381785525,5,239
118,1,8.96558981971,6.0,19,0.02002002002,0,1.02556133594,0.8889058119,5,991
119,1,4.67855933812,2.0,17,0.019019019019,0,0.281923292681,-1.16721053993,5,952
120,1,1.86918310357,1.0,2,0.019019019019,1,-1.32472445976,0.843356482859,5,294
121,1,5.41158084704,4.0,7,0.019019019019,0,-0.0106571417627,0.443552272325,5,645
122,1,7.25247967472,2.0,16,0.019019019019,0,0.0552617262303,2.08669449603,5,909
123,1,8.19313813184,1.0,11,0.02002002002,0,0.949079026618,0.345901051982,5,732
124,1,4.62211068568,3.0,16,0.018018018018,0,-0.238198163974,0.336705177597,5,903
125,1,4.63274119996,3.0,9,0.02002002002,0,-0.236948447733,0.343586543155,5,647
126,1,9.70779747348,3.0,15,0.021021021021,0,1.67130554018,-0.306119147054,5,828
127,1,7.24074874307,3.0,9,0.021021021021,0,0.510578154099,0.709014280777,5,636
128,1,2.65339694861,1.0,13,0.02002002002,0,-0.833928128395,0.155181333799,5,813
129,1,0.0890860432868,,1,0.02002002002,0,-1.83226625433,0.58588480628,5,89
130,1,4.20513276004,1.0,6,0.019019019019,0,-0.238680208498,-0.0788266144638,5,550
131,1,3.36603845176,1.0,4,0.022022022022,0,0.158349625171,-2.10901042375,5,509
132,1,4.33499314944,2.0,5,0.021021021021,0,-0.173664073239,-0.144014630845,5,499
133,1,8.79745080363,3.0,18,0.021021021021,0,1.54039416415,-0.823731688806,5,825
134,1,5.24227148354,4.0,20,0.021021021021,0,0.14923954029,-0.205447137334,5,859
135,1,7.5035825346,1.0,9,0.018018018018,0,1.05293467852,-0.655221500972,5,599
136,1,7.26058416294,3.0,17,0.022022022022,0,0.648082192994,0.31633758396,5,750
137,1,5.16664334521,0.0,9,0.02002002002,0,0.357171650949,-0.904871607636,5,530
138,1,8.12594639734,0.0,17,0.02002002002,0,0.739550021243,0.907296333616,5,789
139,1,3.3440281519,2.0,10,0.02002002002,0,-0.78590454485,0.701741786455,5,512
140,1,2.26494653738,2.0,4,0.02002002002,0,-0.574397160454,-1.01186198126,5,485
141,1,5.85808232805,5.0,14,0.02002002002,0,0.239023328935,0.141012341249,5,618
142,1,5.45118336954,0.0,12,0.022022022022,0,0.688175032813,-1.6133417289,5,535
143,1,2.75913170034,1.0,6,0.023023023023,0,-0.484919167282,-0.786110797811,5,406
144,1,2.93933370216,0.0,3,0.019019019019,0,-1.12091766245,1.30208668952,5,388
145,1,0.874500189931,0.0,1,0.022022022022,1,-0.74833740842,-1.88048758481,5,222
146,1,5.03816709789,1.0,11,0.019019019019,0,-0.102425257231,0.34544286958,5,508
147,1,3.72969650184,3.0,4,0.021021021021,1,0.0599153044125,-1.4500494114,5,284
148,1,4.14044713629,1.0,13,0.021021021021,0,-0.417001001357,0.391450140363,5,513
149,1,6.81428312925,1.0,15,0.017017017017,0,0.185366714869,1.25818298465,5,669
150,1,8.52357429301,7.0,22,0.022022022022,0,1.26968559575,-0.285482494234,5,819
151,1,6.23105677989,1.0,7,0.018018018018,0,-0.0763864579734,1.46021615381,5,431
152,1,3.58890345474,1.0,11,0.021021021021,0,-0.581638529291,0.333819042614,5,409
153,1,3.28613809742,1.0,5,0.019019019019,0,-0.901808264109,0.991562889748,5,281
154,1,7.14032087297,1.0,10,0.02002002002,0,1.36345233282,-1.95003612548,5,457
155,1,3.33982244576,1.0,13,0.019019019019,0,-0.534113320072,-0.0578375940185,5,491
156,1,-1.91180986868,,0,0.019019019019,1,-1.9983162107,-0.916861236565,5,6
157,1,4.18043847105,4.0,13,0.02002002002,0,-0.288611325131,0.0462724464405,5,483
158,1,5.75963894528,1.0,17,0.02002002002,0,-0.184287536684,1.31250155533,5,602
159,1,4.57800634547,4.0,18,0.02002002002,0,-0.917256740176,2.329776566,5,614
160,1,7.04664955242,2.0,8,0.019019019019,0,0.843371218437,-0.483464102891,5,341
161,1,1.71072123813,1.0,4,0.022022022022,0,-0.838781122924,-0.772935393101,5,233
162,1,5.30690347961,2.0,8,0.02002002002,0,0.0846999980807,0.0528034853671,5,274
163,1,4.89259625066,,5,0.018018018018,0,-0.251055672882,0.645763269307,5,210
164,1,11.9737018866,4.0,12,0.019019019019,0,2.50522161531,-0.541962959369,5,424
165,1,0.691840433994,,1,0.02002002002,0,-1.76180387853,0.977252069581,5,71
166,1,3.62715306909,2.0,4,0.022022022022,0,-0.662882771644,0.615801384019,5,170
167,1,0.698482295922,0.0,1,0.019019019019,1,-1.10318222027,-0.991971043269,5,150
168,1,1.4864679324,0.0,14,0.02002002002,0,-0.812460887627,-1.07614940472,5,467
169,1,4.26860293256,,7,0.022022022022,0,-0.232844740985,-0.0328628444815,5,273
170,1,2.05149347729,1.0,6,0.021021021021,0,-1.19853953414,0.647112079724,5,238
171,1,6.10703535407,6.0,17,0.019019019019,0,0.169632827371,0.59813687196,5,608
172,1,3.97669172709,,4,0.02002002002,0,-0.141488247762,-0.598843529621,5,244
173,1,6.44141717375,1.0,8,0.02002002002,0,-0.166939396906,1.94223536446,5,309
174,1,4.70429320799,3.0,8,0.019019019019,0,-0.0354904613302,-0.189235408021,5,331
175,1,3.64473174905,1.0,7,0.021021021021,0,-0.347951717781,-0.311413097604,5,287
176,1,7.84524553002,3.0,12,0.018018018018,0,0.196667982191,2.25524158345,5,579
177,1,5.26596848818,2.0,18,0.021021021021,0,0.422031818042,-1.00012696594,5,619
178,1,8.6561112905,1.0,11,0.021021021021,0,1.26943803287,-0.152202808117,5,468
179,1,7.15833292939,5.0,19,0.021021021021,0,0.277470232804,1.32592223098,5,800
180,1,2.81942887382,,7,0.023023023023,0,-0.45000259611,-0.830563337852,5,359
181,1,7.11604551538,,8,0.022022022022,0,0.786122571005,-0.242322197631,5,415
182,1,6.63616021534,4.0,11,0.021021021021,0,0.200166028428,1.03566213005,5,492
183,1,12.3942151957,0.0,13,0.019019019019,0,1.95373693779,1.53300438235,5,603
184,1,4.81469017797,0.0,17,0.017017017017,0,0.0704290994498,-0.396597120375,5,932
185,1,5.76782492405,0.0,11,0.021021021021,0,0.334352018814,-0.235231132396,5,589
186,1,2.36642211705,0.0,9,0.018018018018,0,-0.793393907533,-0.253396160349,5,595
187,1,5.83054581156,5.0,6,0.019019019019,1,0.279070337185,-0.00666519999369,5,476
188,1,4.06215131099,0.0,13,0.019019019019,0,-0.450191370456,0.412725422355,5,679
189,1,6.50527473807,4.0,16,0.018018018018,0,0.638233195542,-0.40942484855,5,865
190,1,12.5581798044,3.0,21,0.022022022022,0,2.9335233304,-1.24239018686,5,868
191,1,4.40934406995,0.0,8,0.021021021021,0,-0.363375604313,0.499470882892,5,527
192,1,3.69380591176,0.0,4,0.021021021021,0,-0.121117167702,-0.942842585134,5,385
193,1,1.86994283437,0.0,3,0.021021021021,0,-1.04745566876,0.0123098406349,5,333
194,1,7.64666866556,4.0,11,0.021021021021,0,0.727226723501,0.464988495058,5,637
195,1,3.55392373556,3.0,10,0.016016016016,0,0.0115413551753,-1.48070032996,5,656
196,1,10.2482604866,2.0,13,0.021021021021,0,0.998393235493,2.25308078008,5,659
197,1,6.86634765319,4.0,17,0.02002002002,0,0.0806152381587,1.62450193871,5,854
198,1,2.12718269029,2.0,6,0.02002002002,0,-0.580724089261,-1.13064504192,5,569
199,1,11.0732863922,10.0,13,0.019019019019,0,1.961656923,0.188315623152,5,853
200,1,3.56566706492,,4,0.022022022022,0,-0.516629226891,0.115554745591,5,313
201,1,6.4406395249,4.0,9,0.021021021021,0,0.448018297462,0.0965846325097,5,651
202,1,7.36843278871,2.0,14,0.02002002002,0,0.384913356689,1.21369271864,5,848
203,1,5.23465589457,,6,0.021021021021,0,-0.205515141901,0.851201320276,5,420
204,1,-0.862413651292,,0,0.02002002002,1,-2.00036025748,0.138667121136,5,15
205,1,7.9176751265,3.0,11,0.019019019019,0,0.335774509424,1.91035159823,5,835
206,1,3.06000983226,2.0,19,0.019019019019,0,-0.642924621111,-0.0112163044132,5,975
207,1,2.42025931945,2.0,8,0.019019019019,0,-0.7116454863,-0.444804221653,5,740
208,1,7.86693402841,5.0,18,0.021021021021,0,0.672395375739,0.849747901197,5,917
209,1,8.96026510524,2.0,20,0.022022022022,0,0.924961927857,1.18537932167,5,948
210,1,3.32714454433,3.0,5,0.018018018018,0,-0.161902883031,-1.18714680658,5,674
211,1,7.3558246508,7.0,11,0.019019019019,0,0.792276352972,-0.0210044081188,5,830
212,1,6.32447121019,4.0,19,0.025025025025,0,0.25221372036,0.567830049112,5,907
213,1,0.912871312563,,1,0.02002002002,0,-1.59698087793,0.703813946341,5,17
214,1,8.07290068877,7.0,18,0.02002002002,0,0.969115579946,0.165553948936,5,963
215,1,7.95789865279,6.0,8,0.021021021021,0,1.51287874994,-1.58073759702,5,744
216,1,8.06092876167,4.0,9,0.021021021021,0,0.9952230313,0.0752596677723,5,827
217,1,6.36144754505,3.0,10,0.02002002002,0,0.897869785352,-1.332161811,5,834
218,1,8.85417079653,4.0,13,0.021021021021,0,0.968273331215,0.94935080289,5,842
219,1,5.16994098226,4.0,7,0.02002002002,0,-0.137523548014,0.582511626305,5,758
220,1,2.08537462043,0.0,7,0.022022022022,0,-0.777200520986,-0.583023816607,5,700
221,1,-0.92679066845,,2,0.019019019019,0,-2.00664850149,0.0931548360088,5,96
222,1,8.48153352599,4.0,18,0.021021021021,0,0.979281152278,0.543690069157,5,936
223,1,10.5983019024,5.0,19,0.019019019019,0,2.29877325669,-1.29801786773,5,971
224,1,-1.2398180397,,0,0.021021021021,1,-1.55042163946,-1.58855312131,5,52
225,1,4.6808120704,4.0,18,0.021021021021,0,-0.0441377424153,-0.186774702353,5,925
226,1,8.40883737771,4.0,18,0.021021021021,0,1.23231218781,-0.288099185712,5,897
227,1,8.38127274072,4.0,12,0.022022022022,0,0.403612554421,2.17043507746,5,841
228,1,2.16246667737,2.0,3,0.021021021021,1,-0.344879260985,-1.80289553968,5,330
229,1,7.68987847976,3.0,14,0.021021021021,0,0.397984564604,1.49592478595,5,893
230,1,3.40443791087,2.0,15,0.018018018018,0,-0.472640798482,-0.177639693686,5,940
231,1,6.28070357952,6.0,11,0.021021021021,0,0.505456561152,-0.235666103934,5,844
232,1,4.65886570093,1.0,11,0.02002002002,0,-0.251745191769,0.414101276237,5,860
233,1,5.14185651256,3.0,6,0.019019019019,0,-0.260465436725,0.923252822733,5,767
234,1,1.60027366249,1.0,4,0.02002002002,0,-1.20346417721,0.210666194132,5,562
235,1,3.45735353372,1.0,4,0.019019019019,0,-0.971276111067,1.37118186693,5,334
236,1,4.15144870476,4.0,7,0.02002002002,0,-0.576844365787,0.881981802125,5,629
237,1,9.07975661887,9.0,19,0.02002002002,0,1.16952597883,0.571178682371,5,968
238,1,5.19868898112,2.0,13,0.019019019019,0,0.290184590387,-0.671864790041,5,913
239,1,1.26296265602,1.0,18,0.022022022022,0,-0.982250132887,-0.790286945319,5,930
240,1,9.49528216688,9.0,20,0.02002002002,0,1.29396852205,0.613376600723,5,981
241,1,3.73455459673,1.0,4,0.019019019019,0,-0.790924754357,1.1073288598,5,549
242,1,5.62613809,1.0,9,0.019019019019,0,0.231690347917,-0.0689329537474,5,689
243,1,6.89228360369,1.0,18,0.02002002002,0,0.833273036404,-0.607535505526,5,950
244,1,8.52386769261,4.0,16,0.019019019019,0,1.14431688743,0.0909170303119,5,941
245,1,1.62176339664,1.0,3,0.021021021021,0,-1.007704682,-0.355122557358,5,450
246,1,3.88477685762,1.0,11,0.018018018018,0,-0.194019499779,-0.53316464304,5,635
247,1,9.07762290912,6.0,12,0.018018018018,0,1.09425729342,0.794851028874,5,875
248,1,7.81877855305,4.0,8,0.02002002002,0,1.02218954891,-0.247790093668,5,560
249,1,3.46201382927,3.0,8,0.021021021021,0,-0.505947503965,-0.020143658839,5,488
250,1,1.59479102123,1.0,5,0.022022022022,0,-0.339076657608,-2.38797900595,5,387
251,1,9.86927803692,3.0,14,0.019019019019,0,1.81848219916,-0.586168560562,5,874
252,1,3.94442911874,2.0,11,0.02002002002,0,-0.435973166601,0.252348618545,5,567
253,1,2.00845842376,2.0,3,0.019019019019,1,-1.39323596716,1.18816632526,5,252
254,1,9.53352161877,9.0,17,0.019019019019,0,0.777848821,2.19997515577,5,945
255,1,8.70025040214,7.0,15,0.022022022022,0,1.41487985579,-0.544389165239,5,586
256,1,3.18637780551,2.0,8,0.019019019019,0,-0.567118953124,-0.112265335115,5,425
257,1,5.12287569969,5.0,6,0.021021021021,1,0.11766688361,-0.230124951138,5,370
258,1,0.374940819953,,2,0.02002002002,0,-1.3460222097,-0.586992550938,5,172
259,1,6.12298028577,2.0,10,0.021021021021,0,-0.0227222429021,1.19114701448,5,453
260,1,-2.76587079455,,3,0.02002002002,0,-2.46492026276,-0.371110006261,5,251
261,1,-0.363976498925,,0,0.022022022022,1,-0.867986716427,-2.76001634965,5,3
262,1,1.8223079966,1.0,12,0.019019019019,0,-1.35796321165,0.896197631549,5,526
263,1,5.02323581255,2.0,19,0.019019019019,0,0.139286508867,-0.394623714047,5,965
264,1,5.87328737814,1.0,17,0.02002002002,0,0.34769199735,-0.169788613913,5,688
265,1,8.43252116347,7.0,15,0.019019019019,0,0.828589609032,0.946752336378,5,559
266,1,4.02880429233,2.0,11,0.021021021021,0,-0.203275252149,-0.361369951225,5,412
267,1,4.12537734924,1.0,15,0.021021021021,0,0.0662880556722,-1.07348681778,5,455
268,1,2.21681973041,1.0,3,0.019019019019,0,-0.879811328997,-0.143746282602,5,259
269,1,5.24363907242,1.0,6,0.02002002002,0,0.266538974168,-0.555977850078,5,277
270,1,-0.104103642311,,1,0.019019019019,0,-1.35126839469,-1.05029845823,5,218
271,1,7.6445825379,5.0,8,0.021021021021,0,1.3264321828,-1.3347140105,5,398
272,1,6.33251401194,6.0,13,0.02002002002,0,0.555307951595,-0.333409842849,5,552
273,1,0.994951750684,0.0,3,0.019019019019,0,-1.3521179344,0.0513055538862,5,310
274,1,2.63240686708,0.0,12,0.02002002002,0,-1.11213978962,0.968826235925,5,439
275,1,3.56970853227,0.0,4,0.021021021021,0,-0.142716498318,-1.00214197278,5,267
276,1,3.46525519869,,15,0.017017017017,0,-0.718808303786,0.621680110054,5,577
277,1,8.16772040513,3.0,12,0.022022022022,0,0.627819420556,1.28426214346,5,416
278,1,8.33853024074,2.0,19,0.019019019019,0,0.89537225905,0.652413463594,5,770
279,1,1.32030194538,1.0,9,0.021021021021,0,-1.43827317412,0.635121467739,5,376
280,1,5.88627421143,5.0,6,0.019019019019,1,0.593467995152,-0.894129774027,5,364
281,1,5.5500366194,2.0,11,0.02002002002,0,0.0623622226551,0.362949951437,5,423
282,1,7.33125876312,3.0,12,0.019019019019,0,0.348608730804,1.28543257071,5,507
283,1,5.75597480475,0.0,18,0.02002002002,0,0.0080497498344,0.731825555249,5,594
284,1,0.434802208966,0.0,10,0.02002002002,0,-1.33516099238,-0.55971481388,5,436
285,1,3.57504706095,0.0,15,0.022022022022,0,-0.818524793694,1.03062144203,5,566
286,1,2.34105151059,2.0,3,0.021021021021,1,-0.390416638816,-1.48769857296,5,226
287,1,3.98122795452,3.0,5,0.024024024024,0,0.148872368688,-1.46538915154,5,278
288,1,-4.26930365923,,1,0.02002002002,0,-2.77557630986,-0.942574729667,5,79
289,1,5.38900905639,5.0,19,0.021021021021,0,0.171295031993,-0.124876039589,5,845
290,1,8.79137642232,7.0,9,0.02002002002,0,1.34684817341,-0.249168097918,5,543
291,1,0.913137552752,0.0,1,0.02002002002,1,-0.910142804171,-1.35643403474,5,169
292,1,0.889083190752,0.0,5,0.019019019019,0,-0.981771919401,-1.16560105104,5,302
293,1,2.0792324481,,3,0.02002002002,0,-0.60425628231,-1.10799870497,5,268
294,1,7.41099670269,2.0,11,0.02002002002,0,1.19691055103,-1.17973495041,5,711
295,1,2.864310437,1.0,18,0.02002002002,0,-1.23881569733,1.58075752898,5,887
296,1,1.54764093882,0.0,9,0.019019019019,0,-1.09496024039,-0.167478340008,5,771
297,1,3.12700413309,0.0,5,0.02002002002,0,-1.26177502192,1.91232919884,5,375
298,1,4.81582494886,4.0,15,0.021021021021,0,0.221633231474,-0.849074745561,5,847
299,1,7.58235837071,7.0,10,0.021021021021,0,0.340377460609,1.56122598888,5,776
300,1,7.90146589959,3.0,12,0.02002002002,0,0.796400661804,0.512263914173,5,879
301,1,5.1113484732,5.0,11,0.02002002002,0,0.32279740128,-0.857043730636,5,793
302,1,2.91532205941,0.0,4,0.019019019019,0,-0.070463616902,-1.87328708988,5,414
303,1,9.25795318108,6.0,13,0.021021021021,0,0.935932351541,1.45015612646,5,807
304,1,7.5625365589,3.0,20,0.023023023023,0,0.366145031544,1.46410146427,5,946
305,1,7.52047395341,4.0,19,0.02002002002,0,0.690876353887,0.447844891749,5,984
306,1,8.07345883413,5.0,17,0.022022022022,0,0.78777060844,0.710147008807,5,916
307,1,2.29601066188,1.0,5,0.019019019019,0,-0.787638151063,-0.341074884934,5,716
308,1,3.31447267773,3.0,15,0.02002002002,0,-0.906768867785,1.03477928108,5,921
309,1,13.1712471085,12.0,20,0.02002002002,0,2.59674756271,0.381004420403,5,1000
310,1,7.48269525184,7.0,16,0.019019019019,0,0.941178887606,-0.340841410977,5,953
311,1,3.2276558192,3.0,4,0.019019019019,1,-0.301479391182,-0.86790600725,5,592
312,1,9.88773258048,6.0,11,0.02002002002,0,1.39372536469,0.706556486415,5,786
313,1,7.63152461008,6.0,8,0.021021021021,0,0.586672633522,0.871506709514,5,743
314,1,9.60812865434,9.0,14,0.021021021021,0,1.26661366958,0.808287645609,5,892
315,1,7.55891868148,1.0,14,0.021021021021,0,0.833698526128,0.0578231030919,5,838
316,1,4.25748745931,1.0,8,0.02002002002,0,-0.552713617011,0.915628310339,5,709
317,1,2.97519203684,1.0,4,0.022022022022,0,-0.646499173775,-0.0853104418324,5,587
318,1,2.38856553449,1.0,7,0.019019019019,0,-1.40055855628,1.59024120334,5,663
319,1,7.89441681344,0.0,19,0.02002002002,0,0.716999069229,0.743419605754,5,986
320,1,1.43691130408,1.0,3,0.019019019019,0,-1.41359616701,0.677699805116,5,429
321,1,4.04856670631,4.0,16,0.019019019019,0,-0.583932305572,0.800363623023,5,756
322,1,6.23307139909,2.0,7,0.02002002002,0,0.592480484634,-0.544370054811,5,551
323,1,6.69848180708,1.0,9,0.02002002002,0,0.350830582367,0.645990059975,5,561
324,1,4.4580533377,2.0,12,0.019019019019,0,-0.600921489291,1.26081780557,5,666
325,1,3.5483600946,3.0,15,0.02002002002,0,-0.854317863204,1.11131368421,5,691
326,1,10.4033327176,3.0,19,0.02002002002,0,1.08509497645,2.14804778823,5,949
327,1,0.680405702724,0.0,2,0.019019019019,0,-1.91460908863,1.4242329686,5,405
328,1,5.45107795972,2.0,7,0.022022022022,0,0.384813805134,-0.703363455686,5,516
329,1,3.00224089445,3.0,6,0.023023023023,0,-0.601929173592,-0.191971584774,5,427
330,1,-0.0324686901608,,1,0.021021021021,0,-1.4540396215,-0.670349825655,5,61
331,1,3.54392047025,2.0,10,0.02002002002,0,-0.731277746146,0.737753708686,5,538
332,1,6.8815063374,5.0,15,0.018018018018,0,1.11135452667,-1.45255724261,5,690
333,1,-0.836641357699,,1,0.018018018018,0,-2.14228178085,0.590203984858,5,81
334,1,6.89955938431,5.0,13,0.022022022022,0,0.621847061307,0.034018200391,5,524
335,1,5.8378766145,3.0,7,0.019019019019,0,0.0920753039839,0.561650702548,5,495
336,1,6.19207600281,3.0,13,0.02002002002,0,0.905987823097,-1.52588746648,5,531
337,1,8.57436809819,3.0,19,0.02002002002,0,1.06926025514,0.36658733277,5,777
338,1,4.37843547129,3.0,5,0.022022022022,0,0.193265175062,-1.20136005389,5,402
339,1,1.71939209643,0.0,2,0.019019019019,0,-1.41006071202,0.949574232476,5,124
340,1,9.80526284318,7.0,12,0.021021021021,0,1.15410087535,1.34296021713,5,523
341,1,11.8367157989,6.0,13,0.021021021021,0,1.83120055762,1.34311412605,5,568
342,1,7.62539881909,5.0,19,0.019019019019,0,1.22210258334,-1.04090893094,5,840
343,1,7.95838005317,3.0,14,0.018018018018,0,0.631304967151,1.06446515171,5,720
344,1,8.00298985776,2.0,9,0.019019019019,0,0.988460460084,0.0376084775118,5,525
345,1,2.49384713724,2.0,3,0.018018018018,1,-0.66022403417,-0.525480760245,5,374
346,1,2.36987086945,0.0,7,0.02002002002,0,-0.937301182244,0.181774416181,5,493
347,1,4.81923935603,4.0,13,0.025025025025,0,0.045882440759,-0.318407966252,5,533
348,1,3.39837308521,1.0,17,0.02002002002,0,-0.554383945734,0.0615249224135,5,778
349,1,1.53220322235,1.0,2,0.021021021021,1,-0.539214882811,-1.85015212921,5,146
350,1,1.19840735584,0.0,4,0.02002002002,0,-0.949381605642,-0.953447827235,5,360
351,1,5.37904652039,0.0,16,0.02002002002,0,0.195397243526,-0.207145210183,5,725
352,1,5.14144815838,2.0,7,0.021021021021,0,-0.194612022205,0.72528422499,5,520
353,1,6.85133331145,0.0,10,0.019019019019,0,0.0714066155438,1.63711346482,5,680
354,1,6.69963658529,0.0,19,0.02002002002,0,0.571245576064,-0.0141001429055,5,960
355,1,10.9164017164,10.0,17,0.019019019019,0,1.2550422523,2.15127495946,5,912
356,1,8.23742751336,3.0,12,0.02002002002,0,1.094246723,-0.0453126556356,5,734
357,1,4.74427937145,4.0,18,0.02002002002,0,0.0580230894381,-0.429789896863,5,944
358,1,2.34345456082,0.0,5,0.019019019019,0,-1.38084113426,1.4859779636,5,475
359,1,6.19143244335,4.0,7,0.018018018018,0,0.291967652065,0.315529487156,5,593
360,1,-0.234029850207,,0,0.021021021021,1,-1.98464604347,0.719908280209,5,214
361,1,1.04776793661,1.0,2,0.02002002002,1,-0.872417804423,-1.33497865012,5,230
362,1,4.61288386434,3.0,10,0.02002002002,0,-0.624634221767,1.48678652964,5,702
363,1,7.90716167605,6.0,20,0.02002002002,0,0.915481910283,0.160715945204,5,994
364,1,5.07802364846,0.0,16,0.021021021021,0,-0.0736615907666,0.299008420756,5,902
365,1,2.69078124089,0.0,16,0.022022022022,0,-0.140955539053,-1.88635214195,5,881
366,1,8.27372491218,3.0,18,0.021021021021,0,1.09174969089,-0.00152416049868,5,915
367,1,5.2574035192,0.0,14,0.021021021021,0,-0.383096121355,1.40669188327,5,765
368,1,2.31837558393,1.0,4,0.018018018018,0,-0.383254983326,-1.53185946609,5,345
369,1,7.82950910873,7.0,15,0.02002002002,0,0.2189646366,2.17261519893,5,795
370,1,4.87441850612,2.0,7,0.021021021021,0,0.408873193989,-1.35220107585,5,441
371,1,10.1692709995,8.0,17,0.018018018018,0,1.49035206154,0.698214814877,5,962
372,1,5.05540087849,5.0,8,0.02002002002,0,0.194880183319,-0.529239671468,5,553
373,1,6.64381043635,5.0,9,0.019019019019,0,0.487845821836,0.180272970839,5,544
374,1,4.19929954674,3.0,13,0.019019019019,0,-0.357822998741,0.272768542961,5,751
375,1,-0.839321442966,,1,0.021021021021,0,-1.57560533988,-1.11250542331,5,59
376,1,7.52570544648,1.0,10,0.021021021021,0,0.792291417798,0.148831193087,5,615
377,1,3.54142369539,3.0,5,0.019019019019,0,-0.520323480975,0.102394138318,5,207
378,1,1.1963050863,,3,0.019019019019,0,-0.669526209407,-1.79511628547,5,173
379,1,8.11334329482,5.0,15,0.021021021021,0,-0.0158504997732,3.16089479414,5,662
380,1,-1.22431108524,,0,0.019019019019,1,-2.65891092669,1.75242169484,5,4
381,1,5.54715823891,5.0,6,0.018018018018,1,0.0616760082672,0.362130214106,5,298
382,1,1.13788916239,1.0,3,0.02002002002,0,-0.799327043581,-1.46412970686,5,119
383,1,4.29300273384,3.0,5,0.018018018018,0,-0.44005411126,0.613165067622,5,372
384,1,3.46783930258,1.0,13,0.018018018018,0,-0.29813875235,-0.637744440367,5,681
385,1,7.46990209691,6.0,18,0.02002002002,0,0.5249448081,0.895067672609,5,747
386,1,6.69713500867,4.0,21,0.021021021021,0,0.00795758021872,1.67326226801,5,920
387,1,5.51191352733,1.0,6,0.021021021021,0,0.508550856132,-1.01373904106,5,380
388,1,6.13940553263,2.0,10,0.02002002002,0,0.300820384203,0.236944380022,5,542
389,1,6.12166692899,4.0,9,0.023023023023,0,0.629799726227,-0.767732249686,5,390
390,1,4.06020784376,3.0,9,0.02002002002,0,-0.837686768253,1.57326814852,5,451
391,1,6.61083768988,2.0,9,0.019019019019,0,0.839945889664,-0.90899997911,5,519
392,1,6.91869935577,2.0,20,0.022022022022,0,0.510742355986,0.386472287816,5,752
393,1,12.6155654762,7.0,14,0.019019019019,0,2.23375038733,0.914314314236,5,687
394,1,2.48811019198,1.0,4,0.02002002002,0,-0.205654544387,-1.89492617486,5,386
395,1,6.90310940208,0.0,14,0.019019019019,0,0.853439389777,-0.657208767248,5,686
396,1,4.61158603346,0.0,14,0.019019019019,0,-0.573878890333,1.33322270446,5,591
397,1,8.25654928805,2.0,10,0.021021021021,0,0.564653306785,1.5625893677,5,500
398,1,7.98135366206,5.0,20,0.02002002002,0,1.13048246198,-0.410093723875,5,815
399,1,0.510958585282,0.0,1,0.02002002002,1,-1.65011513984,0.461304004795,5,111
400,1,5.84532041992,4.0,7,0.02002002002,0,0.157358753524,0.373244159344,5,353
401,1,6.02156816313,0.0,11,0.018018018018,0,0.408140355303,-0.202852902776,5,546
402,1,4.34809674454,4.0,5,0.021021021021,1,0.113080320477,-0.991144216893,5,236
403,1,3.79063029884,1.0,17,0.02002002002,0,-0.591217474619,0.564282722695,5,726
404,1,2.73726887944,1.0,3,0.023023023023,0,-0.53349986733,-0.662231518569,5,129
405,1,1.20708261716,1.0,9,0.019019019019,0,-1.23334773465,-0.0928741788809,5,316
406,1,6.44195465744,0.0,10,0.021021021021,0,0.55730902998,-0.229972432502,5,303
407,1,7.0069434259,7.0,20,0.021021021021,0,-0.0823291105241,2.25393075747,5,729
408,1,-0.996064930431,,0,0.019019019019,1,-1.69135766298,-0.921991941503,5,67
409,1,2.53678070923,1.0,5,0.021021021021,0,-0.714654792267,-0.319254913968,5,159
410,1,7.46076670063,0.0,14,0.019019019019,0,0.271496502538,1.64627719301,5,377
411,1,5.44459468259,4.0,11,0.02002002002,0,0.061234397835,0.260891489086,5,290
412,1,4.15719532466,1.0,5,0.021021021021,0,-0.406515459401,0.376741702858,5,142
413,1,10.9205940552,8.0,14,0.019019019019,0,2.42791241517,-1.36314319035,5,413
414,1,4.36657190744,0.0,16,0.02002002002,0,-0.115020729909,-0.288365902829,5,728
415,1,4.75746578324,3.0,5,0.019019019019,0,-0.261506071048,0.541983996387,5,126
416,1,2.09507082678,,11,0.02002002002,0,-0.620878542954,-1.04229354436,5,282
417,1,3.44304563387,0.0,7,0.019019019019,0,-0.355611978928,-0.490118429348,5,217
418,1,4.85438381753,,10,0.019019019019,0,-0.154184980387,0.316938758697,5,271
419,1,6.43115184305,1.0,8,0.021021021021,0,0.261439084678,0.646834589013,5,266
420,1,2.47642470758,1.0,3,0.019019019019,0,0.1567713548,-2.99388935682,5,95
421,1,-2.13279767615,,2,0.021021021021,0,-2.40110158255,0.0705070715054,5,69
422,1,5.55772486468,,14,0.019019019019,0,0.405520867395,-0.658837737507,5,403
423,1,3.46771188662,2.0,16,0.021021021021,0,-0.212592202094,-0.894511507097,5,563
424,1,4.96005328292,4.0,5,0.02002002002,1,-0.313210797002,0.899685673925,5,148
425,1,-0.660797013703,,0,0.022022022022,1,-2.2826232532,1.18707274589,5,16
426,1,9.63659798106,4.0,20,0.02002002002,0,1.09997420689,1.33667536037,5,908
427,1,4.52506590024,2.0,11,0.019019019019,0,-0.314309459928,0.467994280022,5,291
428,1,8.72989526277,5.0,9,0.019019019019,0,1.04514004683,0.594475122279,5,301
429,1,0.68232836354,,1,0.019019019019,0,-1.19610264029,-0.729363715579,5,25
430,1,5.5960190169,,13,0.022022022022,0,-0.598112244883,2.39035575155,5,362
431,1,4.45513312803,2.0,15,0.023023023023,0,-0.210719787618,0.0872924908811,5,329
432,1,8.27631807298,0.0,15,0.02002002002,0,1.52138609943,-1.2878402253,5,487
433,1,4.5832260215,1.0,20,0.021021021021,0,-0.0474234090778,-0.274503751263,5,805
434,1,3.5223312174,3.0,8,0.019019019019,0,-0.324799126929,-0.503271401812,5,245
435,1,6.35731881068,6.0,8,0.019019019019,0,0.642951629795,-0.571536078706,5,253
436,1,1.94965703387,0.0,6,0.021021021021,0,-0.515500838231,-1.50384045144,5,229
437,1,6.03023650635,,10,0.022022022022,0,0.597626292431,-0.762642370946,5,304
438,1,6.88101378654,3.0,8,0.018018018018,0,0.445362573315,0.5449260666,5,397
439,1,-0.297148179376,,1,0.021021021021,0,-1.44248891536,-0.969681433306,5,49
440,1,2.30129027167,2.0,3,0.02002002002,1,-0.573336276152,-0.978700899869,5,180
441,1,2.29035191716,2.0,3,0.019019019019,1,-0.79446270347,-0.326259972427,5,177
442,1,0.605354563307,0.0,1,0.021021021021,1,-1.44991962111,-0.0448865733708,5,131
443,1,6.83202764803,1.0,16,0.02002002002,0,0.166912134245,1.33129124529,5,682
444,1,4.25471966194,2.0,19,0.019019019019,0,0.0165399778402,-0.794900271579,5,974
445,1,7.62042670989,2.0,17,0.02002002002,0,0.957154230651,-0.251035982065,5,870
446,1,2.95701786927,0.0,8,0.02002002002,0,-0.906064338028,0.675210883353,5,446
447,1,3.17027379519,2.0,16,0.021021021021,0,-0.765869849968,0.467883345093,5,655
448,1,4.12729764077,2.0,5,0.021021021021,0,-0.131271098006,-0.478889065208,5,430
449,1,9.25811334212,5.0,17,0.02002002002,0,1.48484215614,-0.196413126309,5,753
450,1,8.7103463565,3.0,13,0.02002002002,0,0.437272807626,2.39852793362,5,626
451,1,5.27165429236,3.0,6,0.02002002002,0,0.427708765906,-1.01147200536,5,470
452,1,5.89180136783,2.0,9,0.02002002002,0,0.283304299224,0.0418884701586,5,564
453,1,3.86532571563,0.0,9,0.018018018018,0,0.210148742235,-1.76512051108,5,601
454,1,5.46354201548,1.0,8,0.019019019019,0,0.0459731563022,0.325622546577,5,539
455,1,0.62765334707,0.0,18,0.019019019019,0,-1.46028281559,0.00850179382977,5,947
456,1,2.25870299242,0.0,5,0.021021021021,0,-1.02283383516,0.327204497888,5,462
457,1,10.7935711319,0.0,11,0.019019019019,0,2.15390765465,-0.668151832037,5,581
458,1,5.03584686064,3.0,10,0.018018018018,0,0.182096230394,-0.510441830542,5,556
459,1,5.76047804308,3.0,7,0.021021021021,0,0.304457133974,-0.152893358837,5,480
460,1,5.13157810265,5.0,19,0.021021021021,0,-0.159904680664,0.611292144638,5,810
461,1,3.86863397432,0.0,4,0.021021021021,0,-0.270315350483,-0.320419974233,5,299
462,1,6.56780590208,5.0,17,0.02002002002,0,0.673720385676,-0.453355254947,5,648
463,1,6.58319354273,6.0,7,0.019019019019,1,0.653072381639,-0.376023602184,5,452
464,1,1.65982147933,0.0,3,0.02002002002,0,-1.16387530643,0.151447398637,5,247
465,1,11.5377087034,0.0,17,0.02002002002,0,1.5079905459,2.01373706573,5,779
466,1,6.49754040915,4.0,14,0.019019019019,0,0.179126326705,0.960161429035,5,548
467,1,5.46986749913,4.0,11,0.022022022022,0,-0.244090237525,1.20213821171,5,445
468,1,0.471012464604,0.0,1,0.02002002002,1,-0.884578363617,-1.87525244454,5,121
469,1,6.16562271,2.0,7,0.019019019019,0,0.493575185698,-0.315102847092,5,263
470,1,2.10515420592,2.0,19,0.019019019019,0,-1.26872194492,0.911320040673,5,990
471,1,3.88358597835,,8,0.02002002002,0,-0.0351916337065,-1.01083912053,5,261
472,1,1.79627006144,1.0,6,0.018018018018,0,-0.425067201156,-1.92852833509,5,257
473,1,1.07627852053,0.0,4,0.02002002002,0,-1.16766781768,-0.42071802643,5,206
474,1,4.57207886288,1.0,5,0.02002002002,0,0.345046001985,-1.46305914307,5,168
475,1,5.82652079061,1.0,11,0.02002002002,0,0.44043489764,-0.494783902308,5,336
476,1,0.913206186844,,1,0.02002002002,0,-1.64560030057,0.850007088546,5,55
477,1,4.94387484847,2.0,18,0.019019019019,0,-0.557305628236,1.61579173318,5,715
478,1,4.94691642825,3.0,10,0.016016016016,0,-0.385249670626,1.10266544013,5,464
479,1,2.52946847093,1.0,10,0.019019019019,0,-0.789803126662,-0.101122149084,5,328
480,1,5.67479399576,3.0,19,0.022022022022,0,0.123393139679,0.304614576722,5,597
481,1,5.36045683508,,15,0.02002002002,0,0.244403115387,-0.372752511081,5,494
482,1,6.70980572134,4.0,9,0.021021021021,0,-0.246197165426,2.44839721761,5,241
483,1,-1.34962853185,,3,0.019019019019,0,-2.30543066027,0.566663448959,5,100
484,1,-2.24251931667,,0,0.02002002002,1,-2.16554015559,-0.745898849902,5,12
485,1,6.1670936443,5.0,9,0.019019019019,0,0.00562416017981,1.15022116376,5,256
486,1,2.96185044605,2.0,5,0.021021021021,0,-0.477570262263,-0.605438767161,5,211
487,1,7.40559762575,4.0,12,0.019019019019,0,0.636657521368,0.495625061649,5,411
488,1,7.43035844984,7.0,19,0.02002002002,0,0.568264213514,0.725565809303,5,677
489,1,1.91569501563,1.0,5,0.019019019019,0,-0.7999756782,-0.684377949772,5,160
490,1,8.53792832332,7.0,11,0.016016016016,0,1.1744642322,0.0145356267097,5,378
491,1,0.858757021795,,1,0.018018018018,0,-1.52117717513,0.422288547171,5,97
492,1,2.21017237566,1.0,3,0.021021021021,0,-0.481041287255,-1.34670376258,5,140
493,1,3.16747294277,3.0,9,0.019019019019,0,-0.706717098756,0.287624239034,5,338
494,1,8.17658889373,8.0,11,0.021021021021,0,1.38797551591,-0.987337654002,5,342
495,1,7.42500359304,6.0,17,0.02002002002,0,0.798816955472,0.0285527266199,5,694
496,1,1.00135263428,0.0,6,0.02002002002,0,-1.17585759812,-0.471074571361,5,280
497,1,8.28199131015,7.0,18,0.018018018018,0,1.57364056812,-1.43893039421,5,967
498,1,2.21906043709,,10,0.021021021021,0,-0.921237820582,-0.0172261011643,5,408
499,1,4.24582709156,4.0,6,0.02002002002,0,-0.601425399636,1.05010329047,5,286
500,1,9.3418021746,6.0,18,0.019019019019,0,1.79710217603,-1.04950435351,5,787
501,1,2.13983247179,0.0,3,0.021021021021,0,-0.618534622933,-1.00456365941,5,250
502,1,5.47134425166,,6,0.017017017017,0,0.115808680248,0.12391821092,5,391
503,1,9.60148238992,0.0,11,0.02002002002,0,1.46480516235,0.20706690287,5,502
504,1,8.870316356,0.0,16,0.022022022022,0,1.18690316673,0.309606855806,5,683
505,1,4.25071860989,0.0,16,0.018018018018,0,-0.643528974178,1.18130553242,5,826
506,1,7.85587759113,6.0,12,0.017017017017,0,0.992632575598,-0.122020135662,5,661
507,1,4.2854680564,2.0,13,0.018018018018,0,-0.483506997093,0.735989047679,5,536
508,1,4.76956950621,3.0,7,0.02002002002,0,-0.038862230128,-0.113843803403,5,383
509,1,7.26334565515,5.0,11,0.019019019019,0,-0.0397856181,2.38270250945,5,461
510,1,3.66818223584,0.0,13,0.02002002002,0,-0.577283684941,0.400033290667,5,465
511,1,4.99482005832,1.0,5,0.02002002002,0,0.279918781207,-0.8449362853,5,318
512,1,2.88582822697,,7,0.022022022022,0,-0.790688728677,0.257894413004,5,356
513,1,7.76051832099,5.0,18,0.02002002002,0,0.323119580035,1.79115958089,5,738
514,1,7.53488779885,3.0,20,0.02002002002,0,0.496208235619,1.046263092,5,987
515,1,4.79137021117,3.0,12,0.021021021021,0,0.105434160422,-0.524932270091,5,399
516,1,0.483195365022,0.0,3,0.02002002002,0,-1.01562287394,-1.46993601317,5,163
517,1,2.29331789289,0.0,6,0.019019019019,0,-0.801267670367,-0.302879096007,5,220
518,1,3.76958802325,0.0,9,0.019019019019,0,-0.306296582109,-0.311522230423,5,347
519,1,6.27811212886,1.0,8,0.019019019019,0,0.245644024062,0.541180056678,5,242
520,1,0.726636117076,0.0,1,0.019019019019,1,-1.18662716287,-0.713482394315,5,118
521,1,4.37076961214,3.0,15,0.023023023023,0,0.0193480178376,-0.687274441372,5,379
522,1,-0.046900304898,,1,0.018018018018,0,-1.25195399933,-1.29103830692,5,76
523,1,2.69965594227,0.0,6,0.021021021021,0,-0.60731609954,-0.478395759112,5,201
524,1,0.69945148595,0.0,2,0.021021021021,0,-1.39734264356,-0.108520583367,5,116
525,1,11.5426663982,0.0,15,0.019019019019,0,2.11203297076,0.206567485912,5,644
526,1,3.16476979737,3.0,5,0.019019019019,0,-1.16373091299,1.65596253634,5,176
527,1,6.6499320597,3.0,17,0.02002002002,0,0.233293835224,0.950050554028,5,704
528,1,1.96886360586,0.0,7,0.019019019019,0,-1.34035895401,0.989940467899,5,270
529,1,3.41516884815,,4,0.02002002002,0,-0.758258852921,0.689945406912,5,164
530,1,4.8568727002,3.0,6,0.021021021021,0,0.395985408726,-1.33108352598,5,193
531,1,6.71405091354,0.0,10,0.022022022022,0,0.268952269965,0.90719410365,5,469
532,1,3.74391151857,1.0,17,0.019019019019,0,-0.0872704044026,-0.994277268218,5,708
533,1,4.74607737651,4.0,7,0.021021021021,0,0.755779119435,-2.5212599818,5,314
534,1,5.64016766258,5.0,10,0.021021021021,0,0.0852121790405,0.384531125458,5,479
535,1,6.83869268119,5.0,7,0.018018018018,0,0.478332747898,0.403694437498,5,482
536,1,4.52187866956,4.0,9,0.018018018018,0,-0.529351121412,1.1099320338,5,578
537,1,5.35512704574,0.0,20,0.021021021021,0,0.228366068976,-0.329971161184,5,896
538,1,12.1895519666,5.0,14,0.02002002002,0,2.96465028732,-1.70439889533,5,699
539,1,1.59916854321,0.0,3,0.019019019019,0,-1.15590886652,0.0668951427804,5,401
540,1,6.49180037282,4.0,12,0.019019019019,0,0.140504544682,1.07028673877,5,654
541,1,2.54858236643,0.0,7,0.018018018018,0,-0.673946325855,-0.429578656002,5,623
542,1,5.24513245204,0.0,14,0.02002002002,0,0.876936907921,-2.38567827172,5,731
543,1,4.75756367337,1.0,7,0.021021021021,0,-0.0828377755776,0.00607700010098,5,541
544,1,6.97244203008,0.0,8,0.019019019019,0,0.702271893641,-0.134373650839,5,633
545,1,2.08995556315,1.0,18,0.02002002002,0,-1.0293674052,0.178057778734,5,904
546,1,3.06626789553,1.0,5,0.02002002002,0,-0.956523575419,0.935838621787,5,570
547,1,7.35406200531,2.0,14,0.019019019019,0,0.494742812515,0.869833567764,5,775
548,1,1.42716363795,1.0,14,0.021021021021,0,-0.90015250485,-0.872378847503,5,745
549,1,2.79704531628,0.0,8,0.019019019019,0,-0.745260213285,0.0328259561311,5,650
550,1,4.25808925539,1.0,10,0.02002002002,0,-0.396737380914,0.448301398134,5,703
551,1,6.21435934335,0.0,17,0.018018018018,0,0.16738981674,0.712189893133,5,966
552,1,8.28909204305,2.0,15,0.019019019019,0,0.747426931553,1.04681124839,5,755
553,1,7.6752366674,1.0,17,0.02002002002,0,0.647673962803,0.73221477899,5,918
554,1,2.44900580903,1.0,4,0.02002002002,0,-0.377067089915,-1.41979292123,5,610
555,1,3.4608054542,2.0,7,0.019019019019,0,-0.841964634893,0.98669935888,5,671
556,1,3.99851674406,2.0,5,0.021021021021,0,-0.0766752863213,-0.771457396972,5,580
557,1,4.35374882548,2.0,5,0.022022022022,0,-0.06840779821,-0.441027779888,5,421
558,1,7.4248674303,1.0,19,0.02002002002,0,0.365995111313,1.32688209637,5,988
559,1,4.51516491794,1.0,14,0.017017017017,0,0.469648933161,-1.89378188154,5,942
560,1,4.47673396255,2.0,12,0.02002002002,0,-0.186010473994,0.0347653845289,5,723
561,1,4.61426526782,2.0,6,0.02002002002,0,-0.383294394146,0.764148450257,5,611
562,1,5.42903364381,4.0,17,0.021021021021,0,0.358311079686,-0.645899595252,5,895
563,1,-0.110115920892,,0,0.02002002002,1,-1.33582874423,-1.10262968822,5,24
564,1,11.9326004815,1.0,21,0.021021021021,0,2.0458733756,0.794980354671,5,993
565,1,1.66375889634,1.0,5,0.024024024024,0,-1.10880547865,-0.00982466771282,5,575
566,1,5.63526488027,2.0,12,0.02002002002,0,0.350197110951,-0.415326452585,5,736
567,1,3.71126874912,2.0,8,0.023023023023,0,-0.139495683643,-0.870244199949,5,622
568,1,6.90618749265,2.0,7,0.017017017017,0,0.640785345879,-0.0161685449856,5,639
569,1,4.87803204158,1.0,8,0.02002002002,0,0.596118494585,-1.91032344218,5,658
570,1,5.44430436332,1.0,7,0.021021021021,0,0.29615030793,-0.44414656047,5,627
571,1,7.86864257456,1.0,17,0.022022022022,0,0.721638600108,0.703726774238,5,824
572,1,8.56771134339,3.0,10,0.019019019019,0,1.13172325164,0.172541588472,5,660
573,1,3.80188638529,2.0,13,0.02002002002,0,-0.429090080333,0.0891566262888,5,764
574,1,7.27340579471,3.0,15,0.018018018018,0,0.494400765337,0.790203498697,5,885
575,1,1.57492009202,,4,0.022022022022,0,-0.620135204389,-1.56467429481,5,572
576,1,7.74353908744,1.0,15,0.02002002002,0,1.33764588989,-1.26939858223,5,784
577,1,8.324530927,2.0,22,0.022022022022,0,0.754207933221,1.06190712734,5,989
578,1,5.82318144811,3.0,17,0.021021021021,0,-0.0514163540217,0.97743051018,5,821
579,1,4.55170791981,2.0,8,0.021021021021,0,-0.293837472429,0.433220337096,5,638
580,1,0.78826144399,0.0,1,0.022022022022,1,-1.14550561719,-0.775221704436,5,323
581,1,6.33182228928,3.0,11,0.02002002002,0,0.478434306226,-0.103480629395,5,762
582,1,8.69180311214,3.0,12,0.018018018018,0,0.74289656182,1.46311342668,5,796
583,1,7.85209019355,0.0,17,0.02002002002,0,1.54566747492,-1.78491223122,5,956
584,1,7.72151834194,7.0,8,0.02002002002,1,0.584421205017,0.968254726885,5,710
585,1,5.62268932039,4.0,6,0.023023023023,0,-0.366001533149,1.72069391984,5,571
586,1,5.14347058414,3.0,6,0.021021021021,0,-0.0833660085642,0.39356860983,5,574
587,1,0.956483100722,0.0,1,0.02002002002,1,-1.14085713331,-0.620945499357,5,324
588,1,2.81195584526,1.0,7,0.021021021021,0,-0.117502196983,-1.8355375638,5,590
589,1,0.597978933948,0.0,5,0.02002002002,0,-1.20573685331,-0.784810506118,5,558
590,1,9.16853195126,6.0,18,0.018018018018,0,0.905814506819,1.4510884308,5,979
591,1,4.84677036546,1.0,17,0.02002002002,0,0.0472835430594,-0.295080263716,5,839
592,1,6.24059459623,2.0,15,0.021021021021,0,-0.144636114484,1.67450293968,5,739
593,1,9.00581144571,6.0,19,0.02002002002,0,1.90221879164,-1.70084492923,5,969
594,1,7.67785892184,5.0,16,0.019019019019,0,1.29559760333,-1.20893388815,5,790
595,1,2.88579138829,2.0,7,0.019019019019,0,-0.582683565448,-0.36615791537,5,522
596,1,6.39173447299,5.0,11,0.02002002002,0,0.786666915539,-0.968266273627,5,600
597,1,3.65299342305,3.0,13,0.021021021021,0,-0.556145990952,0.321431395903,5,606
598,1,4.65244040475,3.0,8,0.022022022022,0,-0.110908175212,-0.0148350696184,5,514
599,1,2.99696302632,1.0,3,0.021021021021,0,-0.535789001056,-0.395669970516,5,258
600,1,4.75590976587,0.0,6,0.021021021021,0,0.278934129447,-1.08089262247,5,460
601,1,4.45372331405,3.0,17,0.021021021021,0,0.334953442705,-1.55113701406,5,632
602,1,5.83306370036,4.0,15,0.016016016016,0,0.62380887699,-1.03836293061,5,889
603,1,5.28299471216,1.0,8,0.021021021021,0,0.168292342135,-0.221882314242,5,417
604,1,1.65400019017,1.0,7,0.021021021021,0,-1.33991993782,0.673760003616,5,382
605,1,5.60826595862,0.0,17,0.02002002002,0,0.557313587137,-1.0636748028,5,604
606,1,5.26961100189,0.0,8,0.018018018018,0,0.398348558549,-0.925434673752,5,262
607,1,3.76597884519,1.0,4,0.018018018018,0,-0.522295091493,0.332864119671,5,107
608,1,5.17884642212,5.0,6,0.019019019019,1,-0.2216393521,0.843764478421,5,186
609,1,1.65112925361,0.0,9,0.019019019019,0,-0.825775189665,-0.87154517739,5,205
610,1,3.01503926565,0.0,8,0.02002002002,0,0.129857487004,-2.37453319536,5,158
611,1,1.22896025626,0.0,3,0.019019019019,0,-1.08034067437,-0.530017720627,5,84
612,1,8.71278405454,0.0,18,0.02002002002,0,1.27405075789,-0.10936821913,5,477
613,1,9.64220074311,1.0,17,0.021021021021,0,1.8915764753,-1.03252868279,5,396
614,1,3.28714226101,0.0,12,0.019019019019,0,-0.161764738621,-1.22756352313,5,185
615,1,2.46636765357,1.0,3,0.02002002002,0,-0.579083805332,-0.79638093043,5,83
616,1,1.72584818346,1.0,2,0.023023023023,1,-0.943050960432,-0.444998935239,5,64
617,1,0.9416478893,0.0,3,0.02002002002,0,-1.33392317214,-0.0565825942722,5,80
618,1,5.40136968503,5.0,15,0.018018018018,0,0.0371160608837,0.290021502384,5,221
619,1,4.34821428816,0.0,8,0.021021021021,0,-0.303142124502,0.257640661664,5,112
620,1,6.12877405066,0.0,7,0.024024024024,0,0.183662662717,0.577786062514,5,106
621,1,6.43086849813,0.0,7,0.019019019019,0,0.527440034239,-0.151451604591,5,136
622,1,6.16991616785,0.0,9,0.021021021021,0,0.200191858565,0.569340592156,5,108
623,1,0.216796319597,0.0,4,0.02002002002,0,-1.44223720808,-0.456492056174,5,77
624,1,7.93098595146,6.0,9,0.017017017017,0,0.693668439746,0.849980632222,5,179
625,1,5.3302021875,,19,0.021021021021,0,0.204453088048,-0.283157076642,5,350
626,1,1.95928234338,,2,0.021021021021,0,-0.881837035321,-0.395206550652,5,63
627,1,7.04528640401,6.0,14,0.022022022022,0,0.410430472478,0.813994986572,5,223
628,1,2.86260489842,,11,0.02002002002,0,-0.46263145847,-0.749500726169,5,192
629,1,5.65184940357,3.0,11,0.021021021021,0,0.259860264092,-0.12773138871,5,157
630,1,2.53245547825,2.0,4,0.021021021021,0,-0.866477723591,0.13188864902,5,73
631,1,6.94218147107,5.0,10,0.02002002002,0,0.473912899073,0.520442773856,5,196
632,1,-2.25755909136,,2,0.018018018018,0,-1.62317048729,-2.38804762951,5,42
633,1,10.7874054389,10.0,13,0.021021021021,0,1.93249158552,-0.0100693176441,5,249
634,1,5.13172910484,1.0,15,0.02002002002,0,0.170689613247,-0.380339734898,5,392
635,1,4.76358644622,3.0,13,0.021021021021,0,-0.0777544176261,-0.00315030089728,5,276
636,1,0.732451717032,,1,0.019019019019,0,-1.32571871495,-0.290392138111,5,33
637,1,5.99581759205,3.0,7,0.021021021021,0,-0.216374383721,1.64494074321,5,235
638,1,6.76564411189,4.0,9,0.021021021021,0,0.396829349325,0.575156063912,5,237
639,1,-0.433062402194,,0,0.02002002002,1,-1.53749444719,-0.820579060625,5,26
640,1,6.14396439224,4.0,17,0.02002002002,0,-0.0822703513199,1.3907754462,5,545
641,1,6.48602000585,6.0,12,0.02002002002,0,0.651987793844,-0.469943375682,5,394
642,1,7.37130109872,3.0,19,0.02002002002,0,0.43337258186,1.07118335314,5,934
643,1,5.784551044,0.0,11,0.02002002002,0,-0.0110447969667,0.817685434897,5,474
644,1,2.16060220212,2.0,3,0.023023023023,1,-0.514735749083,-1.29519055063,5,182
645,1,8.85602167991,7.0,12,0.021021021021,0,1.22911682027,0.168671219084,5,506
646,1,5.04569639568,5.0,8,0.018018018018,0,0.0975222797004,-0.246870443421,5,367
647,1,2.27634763014,2.0,13,0.02002002002,0,-0.234329857515,-2.02066279732,5,515
648,1,4.84447517449,2.0,14,0.019019019019,0,0.195768447542,-0.742830168136,5,695
649,1,6.23217256828,2.0,15,0.019019019019,0,0.948330277589,-1.61281826448,5,722
650,1,5.58100029442,4.0,19,0.019019019019,0,-0.156437493411,1.05031277465,5,998
651,1,7.78769497647,3.0,16,0.019019019019,0,0.906359124224,0.0686176038014,5,781
652,1,6.61199930959,1.0,12,0.022022022022,0,0.241911744331,0.886264076594,5,471
653,1,10.1986491938,10.0,17,0.019019019019,0,1.51529190299,0.652773484784,5,891
654,1,3.14243772608,1.0,4,0.019019019019,0,-0.759504189453,0.420950294441,5,255
655,1,-2.97520661252,,0,0.021021021021,1,-1.68638822407,-2.91604194032,5,38
656,1,2.36473839636,1.0,6,0.021021021021,0,-1.15814197374,0.839164317583,5,322
657,1,5.81452539317,4.0,12,0.021021021021,0,0.153271630617,0.354710501318,5,444
658,1,6.35670858977,5.0,13,0.022022022022,0,0.219389325146,0.698540614335,5,432
659,1,11.2869643099,9.0,12,0.019019019019,0,1.99569814241,0.299869882636,5,395
660,1,1.06215192996,1.0,10,0.02002002002,0,-1.00628617223,-0.918989553334,5,371
661,1,5.96939515637,1.0,12,0.019019019019,0,0.338500971462,-0.0461077580156,5,354
662,1,0.570523341728,,7,0.021021021021,0,-1.2808141553,-0.587034192358,5,204
663,1,6.41268863879,2.0,15,0.018018018018,0,0.210737494759,0.78047615451,5,501
664,1,5.54010805615,4.0,7,0.021021021021,0,-0.218328303574,1.19509296687,5,190
665,1,7.74947569578,5.0,12,0.02002002002,0,1.24970552312,-0.999640873576,5,305
666,1,4.63749058745,4.0,8,0.02002002002,0,0.514577708951,-1.9062425394,5,275
667,1,4.35642532237,,5,0.022022022022,0,0.261177574019,-1.42710739968,5,181
668,1,4.85885440775,2.0,5,0.019019019019,0,-0.330547765199,0.850497703349,5,154
669,1,4.26708879615,,8,0.019019019019,0,-0.0521388665935,-0.576494604066,5,194
670,1,1.81058857881,1.0,4,0.017017017017,0,-1.23304622284,0.50972724733,5,141
671,1,-0.289615739402,,3,0.02002002002,0,-2.0469471262,0.851225639198,5,31
672,1,1.83618213856,1.0,2,0.02002002002,1,-0.510810773489,-1.63138554098,5,30
673,1,5.32008086437,4.0,10,0.02002002002,0,0.509680047548,-1.20895927827,5,195
674,1,9.80586965181,5.0,15,0.018018018018,0,1.05648867054,1.63640364021,5,447
675,1,-0.0392735744298,,1,0.019019019019,0,-1.45631993691,-0.670313763707,5,18
676,1,5.73452614781,4.0,16,0.021021021021,0,0.0344997111721,0.631027014294,5,448
677,1,-0.284732714513,,0,0.02002002002,1,-1.3163236364,-1.3357618053,5,8
678,1,5.02855331719,4.0,10,0.019019019019,0,0.282276593278,-0.818276462642,5,292
679,1,6.81250680132,,16,0.019019019019,0,-0.175818293525,2.33996168189,5,381
680,1,4.91123870383,,7,0.018018018018,0,-0.206667533335,0.531241303836,5,199
681,1,5.59828574151,5.0,7,0.018018018018,0,-0.109840785266,0.92780809731,5,203
682,1,0.0600761576969,,3,0.023023023023,0,-1.26877137299,-1.13360972332,5,75
683,1,4.2050837929,2.0,17,0.017017017017,0,-0.129895605211,-0.405229391466,5,871
684,1,3.2599432402,3.0,6,0.022022022022,0,-0.37422927444,-0.617368936476,5,228
685,1,7.51001840666,,9,0.02002002002,0,0.547835722592,0.866511238885,5,339
686,1,8.18702821585,6.0,9,0.02002002002,0,0.873257152544,0.567256758218,5,484
687,1,8.93542276656,8.0,16,0.017017017017,0,0.834272166114,1.43260626822,5,906
688,1,0.78014154233,0.0,1,0.02002002002,1,-0.997970589784,-1.22594668832,5,153
689,1,2.10006435575,1.0,5,0.019019019019,0,-0.0491517072867,-2.75248052239,5,288
690,1,9.74752377593,9.0,13,0.02002002002,0,1.64418633656,-0.185035233767,5,609
691,1,4.61666045621,3.0,11,0.016016016016,0,-0.234185494483,0.319216939663,5,866
692,1,7.85625017508,6.0,9,0.019019019019,0,1.04453988833,-0.277369489916,5,620
693,1,7.41828965862,5.0,16,0.02002002002,0,0.905970589781,-0.299622110724,5,869
694,1,2.30713908612,0.0,21,0.021021021021,0,-0.681566216495,-0.648162264391,5,959
695,1,5.81189729708,3.0,6,0.02002002002,0,0.375254408412,-0.313865928157,5,573
696,1,3.93692686263,2.0,6,0.022022022022,0,-0.242325814076,-0.336095695147,5,534
697,1,3.32931391955,3.0,11,0.019019019019,0,-0.586908762268,0.0900402063562,5,652
698,1,4.90954906945,3.0,8,0.02002002002,0,-0.0927785106521,0.18788460141,5,628
699,1,1.2763400231,0.0,2,0.021021021021,0,-1.30232643154,0.183319317713,5,528
700,1,7.35824432927,1.0,12,0.02002002002,0,0.809409768551,-0.0699849763867,5,812
701,1,4.21252525244,0.0,18,0.02002002002,0,-0.393449132248,0.392872649183,5,939
702,1,1.889795991,1.0,7,0.02002002002,0,-0.662353013679,-1.12314496796,5,705
703,1,1.9097567263,0.0,3,0.019019019019,0,-1.04120815697,0.0333811972149,5,641
704,1,5.54166379353,4.0,15,0.021021021021,0,0.109380434355,0.213522490461,5,846
705,1,5.79427336789,3.0,6,0.018018018018,0,0.485152239896,-0.661183351795,5,733
706,1,8.96996358464,6.0,11,0.019019019019,0,1.94501696114,-1.86508729878,5,822
707,1,4.35818310778,2.0,13,0.02002002002,0,-0.317339877731,0.310202740971,5,831
708,1,8.51273473711,2.0,20,0.021021021021,0,0.803693648523,1.10165379154,5,982
709,1,2.53439413125,0.0,14,0.02002002002,0,-0.793712978639,-0.084466932828,5,850
710,1,6.27780576069,1.0,13,0.019019019019,0,0.0681961326581,1.07321736272,5,855
711,1,3.30059764224,0.0,8,0.021021021021,0,-0.795229816286,0.686287091101,5,783
712,1,8.29984652805,3.0,19,0.021021021021,0,0.987195198738,0.338260931838,5,980
713,1,8.21801236939,7.0,11,0.021021021021,0,0.781640524477,0.873090795955,5,808
714,1,7.89735649948,3.0,8,0.02002002002,0,-0.11526940653,3.24316471907,5,746
715,1,12.6332041589,12.0,19,0.022022022022,0,2.03577716485,1.52587266432,5,958
716,1,7.37782587354,,18,0.021021021021,0,0.337592389013,1.3650487065,5,957
717,1,5.32381981511,1.0,8,0.019019019019,0,0.299378041337,-0.574314308901,5,676
718,1,1.15858255403,0.0,18,0.018018018018,0,-1.69004161361,1.22870739486,5,999
719,1,4.88991793743,2.0,9,0.02002002002,0,-0.404736996327,1.10412892641,5,673
720,1,3.20978679911,2.0,5,0.021021021021,0,0.0358465356763,-1.89775280792,5,440
721,1,5.38065155631,1.0,6,0.019019019019,0,0.401715899725,-0.824496142861,5,389
722,1,-1.6550918411,,0,0.022022022022,1,-2.53108214039,0.938154580083,5,36
723,1,7.91143486053,7.0,10,0.02002002002,0,0.774396337724,0.588245847362,5,657
724,1,6.27878158421,1.0,14,0.021021021021,0,0.580101172311,-0.461521932722,5,692
725,1,5.03792842654,2.0,8,0.019019019019,0,-0.0730784104584,0.257163657914,5,532
726,1,4.2696862562,2.0,6,0.018018018018,0,-0.287387515686,0.131848803262,5,373
727,1,3.06200996006,3.0,4,0.02002002002,1,-0.361433803927,-0.853688628159,5,346
728,1,8.0108527321,8.0,11,0.02002002002,0,0.54754057566,1.36823100512,5,503
729,1,4.10583302537,4.0,5,0.021021021021,1,-0.933022488316,1.90490049032,5,285
730,1,10.1277890648,4.0,15,0.019019019019,0,1.689571849,0.0590735177808,5,540
731,1,5.0824009113,,8,0.018018018018,0,-0.0482110980168,0.227034205352,5,355
732,1,7.16276435864,3.0,19,0.019019019019,0,0.51266872404,0.624758186518,5,849
733,1,8.91864702442,6.0,17,0.02002002002,0,1.39681215471,-0.271789439703,5,582
734,1,8.64280151797,7.0,14,0.019019019019,0,1.51823561548,-0.911905328477,5,498
735,1,2.97903592953,2.0,11,0.02002002002,0,-0.763806705409,0.270456045757,5,317
736,1,9.50334450576,8.0,14,0.018018018018,0,1.57902878699,-0.233741855214,5,472
737,1,-0.694724760234,,7,0.019019019019,0,-1.61108717369,-0.861463239171,5,166
738,1,-0.721230375857,,2,0.02002002002,0,-2.35248706821,1.33623082876,5,13
739,1,2.32935795951,1.0,4,0.02002002002,0,-0.743569297198,-0.439934148896,5,102
740,1,-2.82396829519,,0,0.022022022022,1,-2.28023571913,-0.983261137809,5,7
741,1,3.74700462532,3.0,4,0.019019019019,1,-0.261815254895,-0.467549609997,5,105
742,1,5.40640707893,1.0,8,0.02002002002,0,0.107260683525,0.0846250283582,5,134
743,1,7.68110374803,0.0,13,0.019019019019,0,0.625533344923,0.804503713264,5,269
744,1,6.33851753783,6.0,10,0.019019019019,0,0.116777880841,0.988183895302,5,139
745,1,12.3610042284,12.0,14,0.019019019019,0,2.25796560732,0.587107406473,5,151
746,1,5.08988084501,4.0,7,0.018018018018,0,0.377173132477,-1.04163855242,5,93
747,1,0.215034795322,,4,0.02002002002,0,-1.8813565324,0.85910439252,5,40
748,1,10.6142451282,5.0,11,0.021021021021,0,1.87866494656,-0.0217497114629,5,109
749,1,2.91184610489,,13,0.02002002002,0,-0.596814145587,-0.297711458346,5,114
750,1,3.98825172052,,8,0.02002002002,0,-0.465893831326,0.385933214502,5,98
751,1,3.52056001718,0.0,13,0.019019019019,0,-0.928833897425,1.30706170946,5,188
752,1,2.03427513799,0.0,6,0.02002002002,0,-0.543097798822,-1.33643146555,5,85
753,1,2.27259900238,1.0,18,0.02002002002,0,-0.720954599986,-0.564537197662,5,296
754,1,-2.62862445957,,0,0.018018018018,1,-2.86260868784,0.959201603942,5,21
755,1,3.4387711941,,4,0.021021021021,0,-0.133529412997,-1.16064056691,5,56
756,1,-3.28173250068,,1,0.019019019019,0,-2.48119066385,-0.838160509136,5,29
757,1,2.18175182127,0.0,5,0.02002002002,0,-0.673356483844,-0.798178727197,5,58
758,1,6.88083447076,6.0,11,0.02002002002,0,0.163615699847,1.38998737122,5,99
759,1,4.60433234955,2.0,19,0.019019019019,0,0.031140500508,-0.489089151976,5,352
760,1,5.78484630944,2.0,7,0.019019019019,0,0.146458057389,0.34547213727,5,70
761,1,7.82613267677,3.0,15,0.019019019019,0,0.555293089021,1.1602534097,5,234
762,1,2.79013851405,1.0,12,0.021021021021,0,-0.596709828039,-0.419732001837,5,88
763,1,5.74277318908,5.0,14,0.021021021021,0,0.134329071984,0.339785973132,5,127
764,1,2.02732599653,,6,0.02002002002,0,-0.648887163839,-1.02601251195,5,34
765,1,2.37530763582,,9,0.021021021021,0,-1.29514847393,1.26075305762,5,60
766,1,5.49262502491,,11,0.021021021021,0,1.00991933413,-2.53713297747,5,78
767,1,10.3780350748,9.0,17,0.018018018018,0,2.10029840366,-0.922860136168,5,300
768,1,9.95614127066,3.0,17,0.021021021021,0,1.7979766274,-0.437788611529,5,295
769,1,2.79755166148,,3,0.02002002002,0,-0.273218326409,-1.38279335929,5,19
770,1,7.02257436873,6.0,13,0.02002002002,0,0.646416903303,0.0833236588214,5,147
771,1,-3.93103899033,,0,0.02002002002,1,-2.56889227485,-1.22436216577,5,9
772,1,-0.647899866591,,1,0.018018018018,0,-1.75665988942,-0.377920198336,5,14
773,1,-0.807418369822,,1,0.021021021021,0,-1.80262726669,-0.399536569754,5,10
774,1,3.35245497579,,11,0.02002002002,0,-0.977750078936,1.2857052126,5,57
775,1,1.36742698425,,4,0.02002002002,0,-0.739323700192,-1.41460191518,5,41
776,1,2.15514062793,1.0,4,0.016016016016,0,-0.210323333543,-2.21388937144,5,46
777,1,3.435669298,,15,0.019019019019,0,-0.804130265645,0.848060094936,5,260
778,1,7.8353346044,,11,0.021021021021,0,0.896399844389,0.146135071237,5,62
779,1,3.26358684091,3.0,7,0.022022022022,0,-0.734467032955,0.466987939775,5,48
780,1,5.92593010129,,8,0.024024024024,0,0.0569918418176,0.754954575838,5,50
781,1,6.48881984893,4.0,15,0.019019019019,0,-0.42867007812,2.77483008329,5,208
782,1,1.43665999894,,2,0.021021021021,0,-1.41238304664,0.673809138865,5,23
783,1,3.75142183544,3.0,13,0.02002002002,0,-0.750653387511,1.00338199797,5,138
784,1,2.75531406973,1.0,3,0.02002002002,0,0.086012774263,-2.50272425306,5,45
785,1,6.61818634917,,19,0.02002002002,0,0.845619728676,-0.918672836855,5,473
786,1,6.44170561973,2.0,8,0.018018018018,0,-0.0185289040415,1.49729233185,5,86
787,1,5.37329899052,1.0,6,0.021021021021,0,0.0811810058772,0.12975597289,5,68
788,1,5.10277738755,5.0,7,0.021021021021,0,0.176479641768,-0.426661537756,5,72
789,1,6.8170987324,2.0,9,0.019019019019,0,0.740450148214,-0.404251712241,5,145
790,1,2.16377372015,1.0,6,0.018018018018,0,-1.04261591407,0.29162146237,5,120
791,1,3.33527751159,3.0,11,0.02002002002,0,-0.679193792645,0.372858889526,5,231
792,1,-1.20353995185,,0,0.021021021021,1,-1.89079990874,-0.531140225616,5,2
793,1,5.47808375078,4.0,7,0.019019019019,0,0.150859222556,0.0255060831103,5,212
794,1,7.05691169811,5.0,12,0.022022022022,0,0.1575178197,1.58435823901,5,332
795,1,4.45991197435,1.0,6,0.018018018018,0,-0.253178726277,0.219448153183,5,227
796,1,8.1768861127,8.0,20,0.022022022022,0,1.1067166624,-0.143263874489,5,802
797,1,4.07885750509,3.0,8,0.022022022022,0,-0.196831316367,-0.330648545813,5,321
798,1,6.89927949384,5.0,16,0.02002002002,0,0.851667282927,-0.655722354939,5,721
799,1,1.92279265094,1.0,8,0.02002002002,0,-1.07155064023,0.137444571628,5,335
800,1,4.57126675321,4.0,9,0.019019019019,0,-0.099300362046,-0.130832160649,5,449
801,1,5.41285730777,4.0,7,0.021021021021,0,-0.700165643668,2.51335423877,5,366
802,1,1.57549526439,0.0,8,0.017017017017,0,-1.32336744835,0.545597609452,5,456
803,1,4.1176813089,2.0,5,0.018018018018,0,-0.736455442457,1.32704763627,5,437
804,1,4.74595169409,1.0,10,0.02002002002,0,-0.170416089752,0.257199963346,5,521
805,1,7.69305863893,1.0,16,0.022022022022,0,0.537124426929,1.08168535814,5,625
806,1,2.42654739644,2.0,19,0.019019019019,0,-0.216542835609,-1.92382409674,5,923
807,1,4.62055255948,0.0,5,0.02002002002,0,-0.258946902559,0.397393267154,5,407
808,1,5.39143468703,4.0,13,0.021021021021,0,-0.237804772733,1.10484900523,5,616
809,1,6.27786873008,0.0,11,0.019019019019,0,-0.39474151623,2.46209327877,5,605
810,1,6.02952492182,0.0,10,0.02002002002,0,0.260097076891,0.249233691148,5,585
811,1,6.9959512874,2.0,16,0.019019019019,0,0.444204261399,0.663338503206,5,693
812,1,6.23808152675,0.0,14,0.019019019019,0,-0.0489456071696,1.38491834826,5,642
813,1,4.41235986144,3.0,11,0.021021021021,0,-0.405699626208,0.62945874006,5,596
814,1,5.16037628208,3.0,20,0.022022022022,0,-0.52920608345,1.74799453243,5,809
815,1,0.843786821613,0.0,1,0.019019019019,1,-1.86524894989,1.43953367129,5,197
816,1,8.27149099343,1.0,16,0.02002002002,0,0.547862806638,1.62790257352,5,748
817,1,0.581623056355,0.0,5,0.018018018018,0,-1.29716504244,-0.526881816321,5,478
818,1,5.02818030746,0.0,11,0.024024024024,0,-0.587148121859,1.78962467303,5,588
819,1,9.52256437272,8.0,12,0.02002002002,0,1.42635691082,0.243493640252,5,607
820,1,8.22371683409,7.0,9,0.02002002002,0,0.900153939576,0.523255015363,5,496
821,1,3.2677520594,,5,0.02002002002,0,-0.28407999061,-0.880007968771,5,320
822,1,2.77892905451,2.0,6,0.019019019019,0,-0.944606635827,0.612748961995,5,466
823,1,7.16522018289,6.0,20,0.021021021021,0,0.387247318396,1.00347822771,5,911
824,1,4.13429080759,4.0,5,0.02002002002,1,-0.425574555819,0.411014475044,5,265
825,1,6.12999918921,5.0,22,0.022022022022,0,0.458961531612,-0.246885405628,5,933
826,1,7.40744337929,4.0,16,0.021021021021,0,0.511596804674,0.872652965268,5,613
827,1,6.19418305141,4.0,7,0.022022022022,0,0.659421319763,-0.784080907874,5,311
828,1,5.68243296456,5.0,8,0.019019019019,0,0.599838853994,-1.11708359742,5,327
829,1,2.34454133738,0.0,3,0.021021021021,0,-0.489014549897,-1.18841501293,5,103
830,1,5.09227529376,1.0,13,0.022022022022,0,0.0191226900478,0.0349072236211,5,357
831,1,0.671828165713,,3,0.02002002002,0,-1.24398702868,-0.596210748237,5,91
832,1,11.6048139271,9.0,13,0.018018018018,0,1.86853160405,0.999219114943,5,576
833,1,5.69598093367,,7,0.018018018018,0,0.359751671764,-0.383274081621,5,161
834,1,8.20852540953,8.0,12,0.019019019019,0,0.54165638149,1.58355626506,5,297
835,1,5.15708527911,0.0,16,0.018018018018,0,-0.0115442433887,0.191718009274,5,511
836,1,4.63237705933,4.0,8,0.019019019019,0,-0.374511216095,0.755910707619,5,137
837,1,4.86591660582,4.0,13,0.02002002002,0,-0.104200351288,0.178517659684,5,183
838,1,2.77251125171,2.0,3,0.02002002002,1,-1.26318449623,1.56206474041,5,54
839,1,-0.237802691637,,1,0.019019019019,0,-1.56000721249,-0.557781054179,5,27
840,1,0.73426496115,,4,0.021021021021,0,-1.1888054385,-0.699318723357,5,65
841,1,8.45661583612,1.0,17,0.018018018018,0,1.06643313071,0.257316443996,5,712
842,1,6.95616857595,2.0,9,0.02002002002,0,0.70348275587,-0.154279691654,5,110
843,1,5.5987938112,1.0,8,0.02002002002,0,0.161199814518,0.115194367646,5,94
844,1,5.2177546398,5.0,6,0.02002002002,1,-0.0724575179095,0.435127193528,5,74
845,1,8.34069494113,1.0,11,0.018018018018,0,1.24206154635,-0.385489697925,5,149
846,1,3.80821118654,1.0,5,0.02002002002,0,-0.134415269412,-0.788543005226,5,82
847,1,-0.952527137493,,2,0.02002002002,0,-1.63816939915,-1.03801894005,5,51
848,1,-0.676140473253,,0,0.023023023023,1,-2.09995969111,0.623738600065,5,1
849,1,6.21934262265,3.0,8,0.022022022022,0,1.00620376549,-1.79926867381,5,104
850,1,5.35897292345,,7,0.02002002002,0,0.18135297716,-0.185086008031,5,144
851,1,2.01262460971,2.0,11,0.022022022022,0,-0.747135807336,-0.745967968278,5,167
852,1,11.2101295176,1.0,12,0.023023023023,0,1.33411930725,2.20777159584,5,209
853,1,7.95958505403,7.0,15,0.024024024024,0,0.72871398975,0.773443084776,5,433
854,1,3.97904798335,1.0,7,0.022022022022,0,-0.770332416886,1.29004523401,5,162
855,1,9.24229323132,1.0,10,0.024024024024,0,1.16006889504,0.7620865462,5,232
856,1,6.9049799483,5.0,15,0.021021021021,0,0.665697703021,-0.0921131607633,5,646
857,1,4.43055886272,1.0,7,0.02002002002,0,-0.343259592216,0.460337639367,5,248
858,1,6.79588822713,5.0,11,0.018018018018,0,0.242969159629,1.06698074824,5,684
859,1,6.1592408493,4.0,14,0.019019019019,0,-0.023019815695,1.22830029638,5,719
860,1,0.386372020286,0.0,6,0.02002002002,0,-1.5910908389,0.159644537001,5,307
861,1,7.05720825795,7.0,11,0.018018018018,0,0.503384552319,0.547054600992,5,761
862,1,7.2351009554,7.0,19,0.02002002002,0,0.487588548026,0.772335311323,5,935
863,1,8.4415286185,7.0,19,0.019019019019,0,1.73945855527,-1.77684704732,5,978
864,1,6.61819469074,0.0,18,0.02002002002,0,-0.00977214520972,1.64751112637,5,919
865,1,1.84702553138,1.0,3,0.02002002002,0,-0.918028687884,-0.39888840497,5,349
866,1,4.78592408136,4.0,10,0.02002002002,0,0.0293563221991,-0.302144885236,5,811
867,1,3.7728023833,1.0,4,0.02002002002,0,0.171603712576,-1.74200875443,5,643
868,1,4.48262388403,3.0,5,0.02002002002,0,-0.369560109082,0.591304211276,5,701
869,1,6.98160204176,3.0,15,0.022022022022,0,0.698594817901,-0.114182411944,5,833
870,1,8.58253768548,7.0,15,0.019019019019,0,1.50158315892,-0.922211791269,5,914
871,1,5.44923116824,4.0,15,0.021021021021,0,-0.200342754477,1.05025943167,5,862
872,1,5.97117040543,2.0,7,0.017017017017,0,0.219470723299,0.312758235537,5,836
873,1,6.4575623176,0.0,8,0.02002002002,0,0.948893096203,-1.38911697101,5,814
874,1,4.71524714867,4.0,12,0.02002002002,0,-0.382882406683,0.863894368716,5,856
875,1,2.52680297958,1.0,3,0.023023023023,0,-1.3596116313,1.60563787349,5,489
876,1,2.87291821027,2.0,19,0.02002002002,0,-0.803186254304,0.282476973185,5,924
877,1,9.54030148383,6.0,16,0.022022022022,0,1.4569319788,0.16950554744,5,857
878,1,5.19656497453,2.0,7,0.02002002002,0,0.676372636121,-1.83255293384,5,766
879,1,4.54609027458,2.0,19,0.02002002002,0,0.12216801799,-0.820413779392,5,961
880,1,5.26504172668,4.0,11,0.02002002002,0,-0.746820368036,2.50550283079,5,816
881,1,2.99670358788,1.0,3,0.019019019019,0,-0.903412346973,0.706940628795,5,717
882,1,5.1301832702,1.0,17,0.021021021021,0,0.0800825971907,-0.110064521371,5,898
883,1,1.87173878835,0.0,9,0.022022022022,0,-0.414927563925,-1.88347851987,5,763
884,1,10.209714076,3.0,20,0.02002002002,0,1.74654434039,-0.0299189452011,5,983
885,1,3.34203620598,1.0,11,0.023023023023,0,-0.285260199608,-0.802183195194,5,768
886,1,6.35235550911,6.0,8,0.021021021021,0,-0.0173841785511,1.40450804477,5,759
887,1,4.07108552413,1.0,5,0.021021021021,0,-0.810744475847,1.50331895167,5,670
888,1,0.966503666007,0.0,4,0.022022022022,0,-1.26039999135,-0.25229635995,5,547
889,1,6.72529251378,5.0,18,0.02002002002,0,0.820958538468,-0.737583101621,5,901
890,1,6.03125165587,6.0,13,0.02002002002,0,0.0943690296505,0.748144566921,5,773
891,1,6.33526148536,4.0,9,0.02002002002,0,0.375791220204,0.207887824744,5,718
892,1,5.45877032442,5.0,15,0.02002002002,0,0.270062505387,-0.351417191738,5,890
893,1,6.75629094654,5.0,15,0.018018018018,0,1.09179788694,-1.51910271428,5,900
894,1,4.71723607742,0.0,8,0.02002002002,0,-0.322742283607,0.685462928238,5,486
895,1,15.0274410293,11.0,18,0.019019019019,0,2.87820132248,1.39283706183,5,928
896,1,2.01545494392,,12,0.02002002002,0,-1.43355141994,1.31610920375,5,675
897,1,4.77029806887,,6,0.02002002002,0,-0.266354292916,0.569360947622,5,200
898,1,12.2132510055,9.0,14,0.018018018018,0,2.71285824602,-0.925323732522,5,873
899,1,5.7046633213,2.0,7,0.018018018018,0,0.729834666828,-1.48484067919,5,184
900,1,8.58913855923,6.0,11,0.021021021021,0,0.791980280111,1.2131977189,5,293
901,1,2.38065506949,1.0,4,0.019019019019,0,-1.03172941528,0.475843315318,5,174
902,1,2.21657295553,0.0,3,0.019019019019,0,-0.811877575226,-0.347794318789,5,122
903,1,5.04257309919,,10,0.019019019019,0,-0.627280781825,1.92441544467,5,215
904,1,3.20236374227,2.0,5,0.025025025025,0,-0.7181964019,0.356952947969,5,125
905,1,0.783258264178,0.0,1,0.018018018018,1,-1.29265738429,-0.338769582943,5,35
906,1,0.416485237558,,3,0.018018018018,0,-0.981243507224,-1.63978424077,5,123
907,1,2.78688537112,,12,0.022022022022,0,-0.347085931278,-1.17185683505,5,283
908,1,-2.25337483416,,1,0.018018018018,0,-2.4234966468,0.0171151062335,5,43
909,1,1.51296964151,0.0,6,0.018018018018,0,-1.18675471591,0.0732337892441,5,175
910,1,8.16428434655,2.0,13,0.018018018018,0,0.928285933647,0.379426545614,5,384
911,1,-0.484061018742,,0,0.018018018018,1,-1.20622424147,-1.86538829433,5,22
912,1,5.77898268456,3.0,6,0.021021021021,0,0.220006589812,0.118962915126,5,143
913,1,9.80236587915,4.0,12,0.02002002002,0,1.6130063332,-0.0366531204354,5,344
914,1,0.551015633899,,7,0.02002002002,0,-1.20894949593,-0.8221358783,5,155
915,1,3.50231460577,3.0,13,0.017017017017,0,-0.671613817041,0.51715605689,5,504
916,1,4.1587889978,3.0,9,0.023023023023,0,0.0845501350416,-1.09486140732,5,312
917,1,4.19903184746,3.0,13,0.021021021021,0,-1.01783651271,2.25254138559,5,463
918,1,10.2786540898,10.0,16,0.019019019019,0,1.48365154678,0.827699449486,5,557
919,1,2.01449506637,2.0,13,0.02002002002,0,-1.04992033857,0.164256082071,5,459
920,1,4.25310595913,2.0,16,0.018018018018,0,-1.00492124777,2.26786970244,5,727
921,1,1.58834231526,0.0,2,0.02002002002,0,-1.37227599894,0.705170312091,5,47
922,1,3.96597821888,2.0,11,0.017017017017,0,-0.115955375953,-0.686155653261,5,481
923,1,6.34177044733,3.0,16,0.022022022022,0,0.310390079625,0.410600208455,5,672
924,1,0.12837012825,,19,0.021021021021,0,-1.71534234485,0.274397162794,5,823
925,1,7.84206041703,6.0,8,0.022022022022,0,0.50056809645,1.34035612768,5,428
926,1,4.12016055571,3.0,8,0.022022022022,0,-0.390863268318,0.292750360662,5,422
927,1,7.15792581283,6.0,18,0.019019019019,0,0.791880434693,-0.217715491252,5,780
928,1,2.39349478149,2.0,4,0.02002002002,0,-0.620629960602,-0.744615336702,5,264
929,1,4.37736455363,3.0,5,0.018018018018,0,0.200525849527,-1.22421299495,5,326
930,1,-1.42978251008,,0,0.023023023023,1,-1.87706381861,-0.79859105425,5,20
931,1,9.76517186697,6.0,16,0.019019019019,0,1.2815331406,0.920572445174,5,505
932,1,2.76435653952,1.0,5,0.02002002002,0,-0.199092273896,-1.6383666388,5,279
933,1,8.48622397786,8.0,11,0.021021021021,0,0.895827234627,0.798742273979,5,404
934,1,3.94865119731,1.0,16,0.02002002002,0,-0.405670694503,0.165663280819,5,497
935,1,7.89807634639,6.0,13,0.02002002002,0,1.46747232038,-1.50434061475,5,443
936,1,3.03847461439,1.0,13,0.019019019019,0,-1.01690361381,1.08918545583,5,490
937,1,0.646422242736,,2,0.02002002002,0,-1.44073743577,-0.0313654499511,5,132
938,1,2.53134233257,2.0,5,0.021021021021,0,-0.771299403298,-0.154759457539,5,156
939,1,5.42454231026,4.0,10,0.017017017017,0,0.858318687376,-2.15041375187,5,393
940,1,1.38825957721,0.0,6,0.019019019019,0,-1.55292674819,1.04703982178,5,191
941,1,1.0871020699,1.0,3,0.022022022022,0,-1.2292085667,-0.22527223,5,135
942,1,3.85339135167,0.0,5,0.018018018018,0,-0.511485535327,0.387847957655,5,187
943,1,6.40156948622,5.0,7,0.019019019019,0,0.422256815247,0.134799040479,5,369
944,1,6.15214091005,6.0,18,0.019019019019,0,-0.121259053992,1.51591807202,5,937
945,1,6.22081712321,6.0,14,0.019019019019,0,-0.0707538512373,1.43307867692,5,555
946,1,1.25666516595,1.0,2,0.018018018018,1,-0.957796977859,-0.869943900476,5,133
947,1,8.94468298836,1.0,11,0.019019019019,0,1.08426623254,0.691884290732,5,510
948,1,12.0166467113,11.0,18,0.022022022022,0,2.34046921542,-0.00476093498651,5,931
949,1,6.69394546407,6.0,7,0.022022022022,1,0.48479705172,0.239554308905,5,254
950,1,10.27381159,7.0,11,0.02002002002,0,1.80440595847,-0.139406285436,5,617
951,1,11.3737230672,11.0,18,0.018018018018,0,1.76167888725,1.08868640545,5,996
952,1,9.18687340626,5.0,15,0.021021021021,0,1.67830875783,-0.848052867221,5,804
953,1,6.79756006127,6.0,9,0.02002002002,0,0.289737505486,0.928347544807,5,634
954,1,7.67734174689,7.0,8,0.017017017017,1,1.12315131337,-0.692112193226,5,442
955,1,0.981733899313,0.0,1,0.018018018018,1,-1.41903463232,0.238837796282,5,66
956,1,11.5558306035,11.0,20,0.021021021021,0,2.02623174964,0.477135354558,5,964
957,1,6.38144306357,5.0,15,0.02002002002,0,0.241343397727,0.657412870394,5,864
958,1,0.732778528913,0.0,2,0.02002002002,0,-1.17666744871,-0.737219124949,5,224
959,1,7.84989691361,5.0,16,0.018018018018,0,1.08103738186,-0.393215231965,5,888
960,1,5.71683574049,0.0,6,0.02002002002,0,-0.294960167118,1.60171624184,5,438
961,1,9.88718875562,4.0,10,0.019019019019,0,1.725483048,-0.289260388383,5,741
962,1,0.743850206094,0.0,2,0.022022022022,0,-1.44330542137,0.0737664702039,5,101
963,1,0.919621531526,,13,0.02002002002,0,-1.61338170598,0.75976664946,5,843
964,1,4.71690213496,,6,0.021021021021,0,-0.079774840942,-0.0437733422174,5,630
965,1,6.10677196792,2.0,7,0.018018018018,0,0.530230658204,-0.48392000669,5,737
966,1,8.44697252242,2.0,13,0.019019019019,0,1.06023332873,0.266272536243,5,832
967,1,1.89618725636,1.0,2,0.019019019019,1,-0.412316113484,-1.86686440318,5,518
968,1,8.74563774804,7.0,9,0.019019019019,0,1.51845187009,-0.809717862236,5,749
969,1,7.1930680538,4.0,13,0.017017017017,0,0.606146434946,0.374628748967,5,863
970,1,7.45855784789,5.0,20,0.023023023023,0,0.619192190002,0.600981277881,5,883
971,1,10.0716382772,6.0,16,0.018018018018,0,0.949169892725,2.224128599,5,970
972,1,2.31148779032,2.0,5,0.02002002002,0,-0.635929641477,-0.780723285249,5,696
973,1,3.47962077632,2.0,7,0.021021021021,0,-0.281813047305,-0.674940081762,5,667
974,1,2.55885761636,0.0,9,0.019019019019,0,-0.296626721683,-1.55126221859,5,772
975,1,2.4318368682,2.0,4,0.021021021021,0,-0.706684022028,-0.448111065718,5,665
976,1,3.78065515359,,10,0.02002002002,0,0.239545141208,-1.93798027004,5,837
977,1,2.50254912118,1.0,13,0.019019019019,0,-1.06370897801,0.693676055221,5,876
978,1,4.39499905802,4.0,19,0.019019019019,0,0.0459291555841,-0.742788408732,5,973
979,1,-0.653098096033,,0,0.02002002002,1,-1.67589354395,-0.625417464171,5,225
980,1,12.1791444427,7.0,20,0.021021021021,0,1.98810119401,1.21484086069,5,972
981,1,6.73640989271,3.0,15,0.018018018018,0,0.581991100784,-0.00956340964252,5,927
982,1,6.55974174286,1.0,16,0.021021021021,0,0.932354863083,-1.23732284639,5,877
983,1,8.96621112346,7.0,16,0.02002002002,0,1.68631279893,-1.09272727333,5,880
984,1,1.90742530667,0.0,3,0.02002002002,0,-0.565596408569,-1.39578546762,5,640
985,1,7.48708700138,2.0,10,0.019019019019,0,1.13896207326,-0.929799218404,5,851
986,1,6.05721587838,5.0,7,0.02002002002,0,0.117450597852,0.704864084826,5,697
987,1,1.63976858972,1.0,5,0.019019019019,0,-0.958274514615,-0.485407866435,5,598
988,1,8.52495379551,7.0,12,0.02002002002,0,0.984306412879,0.572034556869,5,791
989,1,4.94036795785,0.0,9,0.02002002002,0,0.0243593293173,-0.132710030101,5,706
990,1,1.02450913499,0.0,18,0.02002002002,0,-1.50033051005,0.525500665135,5,954
991,1,5.50914861127,4.0,10,0.019019019019,0,0.154460156625,0.0457681413941,5,707
992,1,6.75689743077,0.0,9,0.02002002002,0,0.662062276356,-0.229289398296,5,698
993,1,4.10016009583,0.0,20,0.024024024024,0,-0.264013130531,-0.107800512572,5,872
994,1,2.98738931029,1.0,5,0.022022022022,0,-0.582215530449,-0.265964098365,5,426
995,1,7.1738848629,1.0,16,0.02002002002,0,0.0467514638552,2.03363047133,5,788
996,1,0.764536693516,0.0,2,0.02002002002,0,-1.67673264987,0.794734643124,5,315
997,1,2.33014326295,2.0,5,0.02002002002,0,-1.32213873946,1.29655948134,5,419
998,1,5.86368673917,3.0,21,0.021021021021,0,0.40604248627,-0.354440719641,5,985
999,1,6.39173177137,1.0,7,0.017017017017,0,0.306656843896,0.471761239681,5,631
