name,activated,threshold,before_activation_alters,after_activation_alters,degree,observed,var1,epsilon,constant,activation_order
0,1,5.9983226577,5.0,27.0,0.0660660660661,0,0.547302832167,-0.643585838801,5,390
1,1,3.08060798527,0.0,39.0,0.0810810810811,0,-0.967968128259,0.984512370044,5,383
2,1,7.66609116559,,11.0,0.148148148148,0,1.12347204246,-0.704324961777,5,36
3,1,0.238626791045,,5.0,0.0520520520521,0,-1.47948041615,-0.322931960511,5,65
4,1,3.99056278166,3.0,5.0,0.0890890890891,0,-0.444160817349,0.323045233704,5,55
5,1,6.34589060116,5.0,8.0,0.0920920920921,0,0.472291222107,-0.0709830651614,5,117
6,1,5.82951410963,3.0,13.0,0.119119119119,0,-0.00121756685813,0.833166810202,5,76
7,1,4.34715222918,4.0,25.0,0.0590590590591,0,-0.188349558614,-0.0877990949746,5,328
8,1,6.23841194232,5.0,9.0,0.118118118118,0,0.372229713163,0.121722802833,5,68
9,1,8.55932498503,7.0,50.0,0.0800800800801,0,1.15514070051,0.0939028834911,5,589
10,1,1.23650611292,0.0,60.0,0.153153153153,0,-1.25686986285,0.00711570146455,5,315
11,1,6.51536883369,6.0,136.0,0.174174174174,0,0.360610899546,0.43353613505,5,696
12,1,0.490801429632,,1.0,0.154154154154,0,-1.42207394041,-0.242976749128,5,19
13,1,5.1893964611,1.0,31.0,0.133133133133,0,0.0529659717898,0.0304985457303,5,180
14,1,-1.76653448221,,3.0,0.144144144144,0,-1.95583207002,-0.899038272147,5,20
15,1,9.38974895516,0.0,13.0,0.169169169169,0,1.45561308796,0.0229096912874,5,71
16,1,2.69040192517,,35.0,0.129129129129,0,-0.66266165618,-0.321613106288,5,215
17,1,3.89123375508,2.0,9.0,0.0730730730731,0,-0.641015447987,0.81428009904,5,98
18,1,7.25571747475,2.0,26.0,0.109109109109,0,0.638845412386,0.339181237591,5,190
19,1,0.259086555032,,52.0,0.0960960960961,0,-1.63072806199,0.151270741003,5,396
20,1,7.28984439024,1.0,17.0,0.0940940940941,0,0.62514551345,0.414407849894,5,185
21,1,4.37489347497,1.0,50.0,0.101101101101,0,-0.038274704584,-0.510282411275,5,482
22,1,4.49017269273,,16.0,0.039039039039,0,-0.209360568746,0.11825439897,5,384
23,1,2.06813301164,,18.0,0.114114114114,0,-0.923226964319,-0.162186095407,5,97
24,1,4.81385609222,0.0,10.0,0.0820820820821,0,-0.0388581694511,-0.0695693994305,5,102
25,1,1.87354447236,,7.0,0.0900900900901,0,-1.06703292779,0.0746432557302,5,54
26,1,6.5492035655,,9.0,0.046046046046,0,0.526179408024,-0.0293346585675,5,83
27,1,12.6206324236,12.0,16.0,0.028028028028,0,2.19991717893,1.02088088675,5,472
28,1,6.60203370932,6.0,14.0,0.037037037037,0,0.42502574333,0.326956479327,5,287
29,1,15.0874082508,,22.0,0.031031031031,0,3.33810257268,0.0731005327986,5,430
30,1,3.71168302882,0.0,7.0,0.025025025025,0,-0.417958320597,-0.0344420093859,5,109
31,1,7.67399129591,7.0,16.0,0.025025025025,0,0.844916320319,0.139242334955,5,661
32,1,0.589913872967,,1.0,0.0680680680681,0,-1.73842424963,0.805186621859,5,29
33,1,-0.0436283765799,,1.0,0.116116116116,0,-1.6664763482,-0.0441993319931,5,5
34,1,2.30482621911,,31.0,0.044044044044,0,-0.980787870594,0.247189830894,5,557
35,1,8.56625502485,6.0,32.0,0.0590590590591,0,1.04265373447,0.438293821432,5,378
36,1,6.78786452473,6.0,49.0,0.0520520520521,0,0.692662851198,-0.290124028865,5,916
37,1,3.98974985224,2.0,7.0,0.036036036036,0,-0.394422328836,0.173016838748,5,161
38,1,3.21633104051,,6.0,0.0920920920921,0,-0.522512653766,-0.216130998189,5,37
39,1,2.45453003744,,15.0,0.0710710710711,0,-0.763664730072,-0.254475772348,5,216
40,1,9.56188579806,0.0,10.0,0.048048048048,0,1.53777275523,-0.0514324676307,5,122
41,1,5.92025030404,5.0,32.0,0.0720720720721,0,0.201158839714,0.316773784895,5,363
42,1,3.8024331684,,5.0,0.0770770770771,0,-0.321560213151,-0.232886192149,5,39
43,1,10.2223288264,0.0,36.0,0.0970970970971,0,1.99875803849,-0.773945289033,5,342
44,1,7.21770867563,,26.0,0.0500500500501,0,0.841047070482,-0.30543253582,5,373
45,1,6.16517331544,6.0,12.0,0.044044044044,0,0.283919676991,0.313414284469,5,275
46,1,4.48089825561,3.0,7.0,0.035035035035,0,-0.103971998571,-0.20718574868,5,217
47,1,8.63841968607,,21.0,0.036036036036,0,1.10525397708,0.322657754841,5,406
48,1,3.46785357373,0.0,55.0,0.0570570570571,0,-0.491347382898,-0.0581042775723,5,924
49,1,13.5025207111,3.0,16.0,0.0570570570571,0,2.58365087293,0.751568092333,5,229
50,1,7.29455420542,3.0,8.0,0.048048048048,0,0.776667481052,-0.0354482377336,5,107
51,1,0.857975544708,0.0,4.0,0.0510510510511,0,-1.36758243277,-0.0392771569711,5,59
52,1,8.1613164777,3.0,14.0,0.0560560560561,0,1.00410408669,0.149004217616,5,223
53,1,1.41973416706,0.0,15.0,0.035035035035,0,-1.12768229956,-0.197218934272,5,301
54,1,1.57121297927,0.0,3.0,0.042042042042,0,-1.13372224183,-0.0276202952311,5,73
55,1,6.26573752947,5.0,14.0,0.035035035035,0,0.160100678845,0.785435492932,5,397
56,1,6.05260068874,6.0,8.0,0.04004004004,0,0.263149814288,0.263151245875,5,131
57,1,7.99142953845,5.0,13.0,0.017017017017,0,1.17625113806,-0.537323875723,5,603
58,1,7.07750329128,3.0,20.0,0.023023023023,0,0.882122962217,-0.568865595374,5,859
59,1,5.25166344719,2.0,18.0,0.041041041041,0,0.110028411576,-0.0784217875346,5,303
60,1,8.59232667948,6.0,26.0,0.039039039039,0,1.01668176478,0.542281385134,5,608
61,1,6.2662378136,6.0,15.0,0.025025025025,0,0.529053697719,-0.320923279562,5,425
62,1,6.24424604492,0.0,8.0,0.024024024024,0,0.286978750383,0.383309793775,5,90
63,1,3.15365511013,3.0,6.0,0.011011011011,0,-0.506993035019,-0.325365784808,5,157
64,1,-0.192593650548,,10.0,0.0670670670671,0,-1.63090885298,-0.299867091618,5,105
65,1,8.67920017609,0.0,30.0,0.0580580580581,0,1.00313494394,0.669795344272,5,434
66,1,6.38868058349,3.0,35.0,0.0510510510511,0,0.47942367434,-0.0495904395268,5,547
67,1,10.1255153489,2.0,24.0,0.046046046046,0,1.66237943843,0.138377033629,5,337
68,1,2.88945884228,0.0,46.0,0.0560560560561,0,-0.849250798154,0.437211236744,5,880
69,1,7.05189018824,6.0,42.0,0.043043043043,0,0.630095530413,0.161603596999,5,934
70,1,5.2876544743,,7.0,0.033033033033,0,0.1686112604,-0.2181793069,5,106
71,1,6.38713590319,0.0,39.0,0.0730730730731,0,0.491880817412,-0.0885065490457,5,544
72,1,1.64906861363,,8.0,0.024024024024,0,-1.0694158965,-0.14268369686,5,319
73,1,6.37011598533,1.0,9.0,0.047047047047,0,0.272482806431,0.552667566036,5,70
74,1,4.28169196391,0.0,6.0,0.0550550550551,0,-0.0552540866742,-0.552545776072,5,94
75,1,-1.16940693662,,2.0,0.032032032032,0,-2.03934300897,-0.0513779097242,5,33
76,1,4.87299494259,4.0,18.0,0.049049049049,0,-0.16473710768,0.367206265634,5,221
77,1,7.0541208161,4.0,10.0,0.0530530530531,0,0.705043409546,-0.0610094125373,5,88
78,1,-0.292301736303,,0.0,0.031031031031,1,-1.93563395933,0.514600141688,5,46
79,1,1.96273572177,0.0,7.0,0.029029029029,0,-1.01485996412,0.007315614125,5,130
80,1,11.1438605061,1.0,39.0,0.039039039039,0,1.9014517638,0.43950521472,5,969
81,1,4.88056661971,3.0,25.0,0.029029029029,0,-0.209536881874,0.50917726533,5,748
82,1,2.92306059593,,12.0,0.038038038038,0,-0.421782762979,-0.811591115131,5,219
83,1,3.8314537205,,18.0,0.024024024024,0,-0.0933001234805,-0.888645909058,5,597
84,1,0.0219009798842,,14.0,0.029029029029,0,-1.57213166592,-0.261704022361,5,470
85,1,-1.02171559295,,0.0,0.035035035035,1,-2.01120718354,0.0119059576699,5,9
86,1,5.49431820997,,9.0,0.033033033033,0,-0.0784238719687,0.729589825872,5,154
87,1,7.60991647591,4.0,8.0,0.035035035035,0,0.889135281747,-0.0574893693293,5,136
88,1,5.86607514188,4.0,20.0,0.023023023023,0,0.183042905057,0.316946426705,5,881
89,1,5.16339587753,2.0,7.0,0.023023023023,0,-0.254303425404,0.92630615374,5,172
90,1,4.23387302292,2.0,29.0,0.03003003003,0,-0.566955639846,0.934739942462,5,913
91,1,1.09784019784,0.0,10.0,0.019019019019,0,-1.39147966898,0.272279204763,5,250
92,1,5.8174165207,2.0,30.0,0.039039039039,0,0.373355198757,-0.302649075569,5,785
93,1,1.79118198759,,9.0,0.027027027027,0,-0.993469954629,-0.228408148523,5,174
94,1,7.55610693958,4.0,9.0,0.028028028028,0,0.878562345887,-0.0795800980804,5,273
95,1,4.24335250939,2.0,15.0,0.017017017017,0,-0.29464585642,0.127290078647,5,825
96,1,9.32590128251,9.0,24.0,0.0500500500501,0,1.64683913224,-0.614616114222,5,413
97,1,12.9643971016,9.0,19.0,0.034034034034,0,2.45800991869,0.590367345579,5,344
98,1,6.50505834166,1.0,24.0,0.038038038038,0,0.663643491697,-0.485872133433,5,507
99,1,-0.754719051936,,34.0,0.0500500500501,0,-1.84979925116,-0.20532129847,5,811
100,1,0.00735356075305,0.0,2.0,0.043043043043,0,-1.67688222722,0.0380002424125,5,57
101,1,7.89176612249,6.0,24.0,0.044044044044,0,1.12136282122,-0.472322341185,5,455
102,1,8.35000403172,8.0,9.0,0.048048048048,1,1.04142447611,0.225730603396,5,133
103,1,4.8269030951,,15.0,0.034034034034,0,-0.0161290773152,-0.124709672958,5,385
104,1,1.96735761661,,4.0,0.0620620620621,0,-0.845857390026,-0.495070213315,5,66
105,1,7.83596923009,,9.0,0.04004004004,0,1.0218144811,-0.229474213207,5,135
106,1,8.26790481197,,20.0,0.033033033033,0,1.04305182207,0.138749345754,5,667
107,1,7.95815077098,5.0,14.0,0.03003003003,0,1.13936498244,-0.459944176328,5,499
108,1,8.57554820571,4.0,9.0,0.039039039039,0,1.24382112322,-0.155915163953,5,306
109,1,7.57467670695,,10.0,0.033033033033,0,0.860590913882,-0.00709603469756,5,108
110,1,7.09115431053,7.0,15.0,0.024024024024,0,0.562043454699,0.405023946436,5,657
111,1,11.1945309089,5.0,38.0,0.0540540540541,0,2.07919418954,-0.0430516596746,5,673
112,1,1.05364069149,0.0,7.0,0.031031031031,0,-1.29626758077,-0.057556566202,5,142
113,1,5.71598046774,4.0,21.0,0.025025025025,0,0.192694375985,0.137897339781,5,855
114,1,3.06631835865,1.0,7.0,0.0530530530531,0,-0.702804078114,0.174730592992,5,84
115,1,1.67746238269,0.0,4.0,0.023023023023,0,-1.21463013531,0.321352788628,5,119
116,1,6.7255922391,2.0,11.0,0.029029029029,0,0.719391932846,-0.432583559437,5,313
117,1,6.3156677896,5.0,7.0,0.019019019019,0,0.679715448154,-0.723478554858,5,255
118,1,9.59345190839,8.0,16.0,0.016016016016,0,1.42548315922,0.317002430732,5,959
119,1,5.3213231256,1.0,11.0,0.028028028028,0,0.114179236225,-0.0212145830782,5,318
120,1,3.70050800265,,5.0,0.02002002002,0,-0.399770039305,-0.100181879431,5,79
121,1,6.06124584157,,22.0,0.028028028028,0,0.323059216385,0.092068192413,5,714
122,1,4.46887579145,4.0,24.0,0.025025025025,0,0.0208919666403,-0.593800108472,5,973
123,1,2.04825178279,2.0,6.0,0.03003003003,0,-0.713530667205,-0.811156215594,5,61
124,1,2.76695798938,0.0,3.0,0.027027027027,0,-1.06606449612,0.96515147773,5,51
125,1,5.04670562137,5.0,16.0,0.023023023023,0,0.108933162422,-0.280093865894,5,706
126,1,6.95916465135,4.0,10.0,0.014014014014,0,0.557815650365,0.285717700253,5,701
127,1,1.17550544617,,3.0,0.017017017017,0,-1.17218677965,-0.307934214886,5,113
128,1,8.13375093182,8.0,34.0,0.04004004004,0,0.979197040759,0.196159809546,5,845
129,1,9.4743195569,6.0,11.0,0.024024024024,0,1.17728789679,0.942455866529,5,536
130,1,4.5885933454,4.0,36.0,0.04004004004,0,-0.261139620396,0.372012206584,5,903
131,1,1.17731617335,,10.0,0.031031031031,0,-1.13751987754,-0.410124194029,5,240
132,1,4.20626327947,0.0,5.0,0.021021021021,0,0.0487748045513,-0.940061134183,5,248
133,1,4.26111523095,,12.0,0.017017017017,0,-0.10850044,-0.413383449048,5,564
134,1,8.94157844534,1.0,21.0,0.034034034034,0,1.22435571439,0.26851130218,5,601
135,1,8.35742274002,3.0,32.0,0.036036036036,0,0.785521434333,1.00085843703,5,793
136,1,3.64841554973,,7.0,0.028028028028,0,-0.329109643146,-0.364255520831,5,143
137,1,3.62368534871,2.0,21.0,0.03003003003,0,-0.584406798881,0.376905745351,5,522
138,1,3.24654228275,2.0,41.0,0.048048048048,0,-0.956935635402,1.11734918895,5,834
139,1,5.07047390842,0.0,8.0,0.023023023023,0,-0.0876478856468,0.333417565356,5,308
140,1,5.54985364825,,22.0,0.045045045045,0,0.530427492684,-1.0414288298,5,437
141,1,3.12527629426,1.0,18.0,0.018018018018,0,-0.860427201418,0.706557898512,5,940
142,1,-3.37918675341,,0.0,0.028028028028,1,-2.60815098006,-0.554733813218,5,17
143,1,-3.40581967718,,1.0,0.015015015015,0,-2.51550087996,-0.859317037289,5,56
144,1,4.55873524752,3.0,13.0,0.046046046046,0,-0.0965676476081,-0.151561809654,5,253
145,1,5.44088952281,1.0,21.0,0.03003003003,0,0.0875990021981,0.178092516216,5,758
146,1,2.85320765895,1.0,7.0,0.021021021021,0,-0.699186591643,-0.0492325661208,5,261
147,1,7.24032093771,4.0,9.0,0.033033033033,0,0.526758434463,0.660045634318,5,206
148,1,6.66791494595,,7.0,0.019019019019,0,0.718024796849,-0.486159444599,5,167
149,1,5.88037535598,5.0,8.0,0.031031031031,0,0.188193622267,0.315794489177,5,132
150,1,8.82267446,,24.0,0.028028028028,0,1.5219812459,-0.743269277696,5,817
151,1,6.8653891138,4.0,7.0,0.029029029029,0,0.657672165662,-0.107627383187,5,233
152,1,6.71493464619,4.0,14.0,0.016016016016,0,0.464599489546,0.321136177551,5,964
153,1,4.88394892301,4.0,7.0,0.033033033033,0,-0.165125711534,0.379326057613,5,147
154,1,9.11256323554,9.0,17.0,0.017017017017,0,1.34812108604,0.0681999774141,5,958
155,1,0.235939797955,,7.0,0.019019019019,0,-1.62176266898,0.101227804883,5,264
156,1,4.51885258365,0.0,12.0,0.019019019019,0,-0.118337171625,-0.126135901478,5,210
157,1,4.28943689141,0.0,8.0,0.016016016016,0,-0.486715531908,0.749583487138,5,372
158,1,6.70311900122,,8.0,0.02002002002,0,0.428289811514,0.418249566676,5,496
159,1,7.56332268076,5.0,11.0,0.017017017017,0,1.14392636496,-0.868456414116,5,538
160,1,3.73284577441,1.0,12.0,0.031031031031,0,-0.348962623054,-0.220266356428,5,305
161,1,1.4170594531,1.0,8.0,0.025025025025,0,-1.11114418743,-0.249507984617,5,276
162,1,10.8598587498,10.0,14.0,0.023023023023,0,1.75597556076,0.591932067554,5,540
163,1,6.17369002327,0.0,15.0,0.027027027027,0,0.627551455788,-0.708964344098,5,509
164,1,4.74871733839,2.0,7.0,0.015015015015,0,-0.0757816911315,-0.0239375882144,5,235
165,1,4.48807541322,,25.0,0.025025025025,0,-0.428787958096,0.774439287502,5,953
166,1,2.38494168581,,10.0,0.037037037037,0,-0.728067636738,-0.430855403974,5,89
167,1,11.1952421537,11.0,17.0,0.025025025025,0,1.81772951287,0.742053615118,5,584
168,1,5.7067229065,1.0,11.0,0.032032032032,0,0.0487705308773,0.560411313868,5,228
169,1,0.444722283957,,2.0,0.028028028028,0,-1.36348267429,-0.464829693175,5,27
170,1,-0.380355211572,,1.0,0.019019019019,0,-1.94242999508,0.446934773662,5,23
171,1,4.93679315496,0.0,5.0,0.02002002002,0,-0.197402232343,0.528999851984,5,211
172,1,4.53579950024,1.0,5.0,0.018018018018,0,-0.325361503821,0.511884011699,5,279
173,1,2.71455536325,1.0,4.0,0.014014014014,0,-0.674409891774,-0.262214961425,5,394
174,1,2.7169356766,,4.0,0.019019019019,0,-0.612179008956,-0.446527296533,5,152
175,1,8.04847914042,3.0,18.0,0.034034034034,0,0.900754543323,0.346215510455,5,511
176,1,3.80504167614,1.0,10.0,0.035035035035,0,-0.494144132491,0.287474073614,5,191
177,1,7.60418019695,,18.0,0.022022022022,0,1.02577812803,-0.473154187144,5,681
178,1,5.91223239741,2.0,10.0,0.019019019019,0,0.0599497444537,0.732383164051,5,410
179,1,5.58100412527,5.0,17.0,0.031031031031,0,0.316879724247,-0.369635047467,5,441
180,1,4.77518023147,0.0,12.0,0.019019019019,0,-0.273881417598,0.596824484265,5,481
181,1,10.1716570691,3.0,13.0,0.017017017017,0,1.73762198102,-0.041208873971,5,868
182,1,6.59664268456,1.0,20.0,0.03003003003,0,0.590238316579,-0.174072265182,5,655
183,1,5.80958954242,,8.0,0.022022022022,0,0.263791207474,0.0182159200003,5,164
184,1,8.70970009996,,18.0,0.023023023023,0,1.32859782946,-0.276093388418,5,588
185,1,-2.47472359842,,0.0,0.026026026026,1,-2.41061161871,-0.242888742298,5,4
186,1,4.2570253897,,12.0,0.02002002002,0,0.0712266131181,-0.956654449655,5,300
187,1,1.42851505288,1.0,5.0,0.025025025025,0,-1.11084761304,-0.238942108006,5,96
188,1,4.23373194003,,20.0,0.02002002002,0,-0.374574555525,0.357455606603,5,951
189,1,-2.11256407426,,1.0,0.019019019019,0,-2.23629588811,-0.403676409922,5,45
190,1,5.58401780166,0.0,8.0,0.012012012012,0,0.146757733599,0.143744600862,5,439
191,1,4.56054825061,1.0,8.0,0.016016016016,0,0.0460380636369,-0.577565940301,5,438
192,1,3.94486545257,,7.0,0.021021021021,0,-0.438313075068,0.259804677772,5,200
193,1,7.26190780769,6.0,18.0,0.023023023023,0,0.636566052713,0.352209649551,5,849
194,1,-1.17400738938,,5.0,0.013013013013,0,-1.97674503347,-0.243772288979,5,124
195,1,6.63385811351,6.0,8.0,0.021021021021,0,0.402345732029,0.426820917427,5,307
196,1,4.61283776433,4.0,16.0,0.018018018018,0,-0.278011528485,0.446872349781,5,712
197,1,4.04199184317,,34.0,0.035035035035,0,-0.490731973207,0.514187762789,5,804
198,1,5.55459372502,,7.0,0.023023023023,0,0.23801081731,-0.159438726913,5,196
199,1,5.76626386144,1.0,9.0,0.014014014014,0,0.297618522099,-0.126591704852,5,360
200,1,4.56994457333,3.0,15.0,0.017017017017,0,-0.30867662539,0.495974449501,5,824
201,1,6.47516557685,6.0,8.0,0.027027027027,0,0.508993375793,-0.0518145505275,5,198
202,1,8.16560962346,8.0,15.0,0.024024024024,0,1.11949739324,-0.192882556253,5,654
203,1,5.00587120416,3.0,7.0,0.025025025025,0,0.0833215599953,-0.244093475828,5,110
204,1,7.50186266979,2.0,15.0,0.026026026026,0,0.785340672694,0.145840651706,5,581
205,1,3.02779592921,,30.0,0.036036036036,0,-0.73971010107,0.246926232419,5,886
206,1,7.9856263735,3.0,11.0,0.025025025025,0,0.792416359056,0.608377296328,5,534
207,1,6.52849491493,6.0,22.0,0.029029029029,0,0.533963169231,-0.0733945927589,5,829
208,1,9.65455907144,2.0,12.0,0.023023023023,0,1.65527916468,-0.311278422607,5,599
209,1,1.96977600826,0.0,4.0,0.017017017017,0,-1.06947824074,0.178210730473,5,87
210,1,2.14693311673,,13.0,0.025025025025,0,-0.736184400696,-0.644513681183,5,560
211,1,-0.687244812612,,0.0,0.015015015015,1,-1.99818830767,0.307320110394,5,26
212,1,5.58585252101,1.0,22.0,0.023023023023,0,0.0708398884828,0.373332855565,5,908
213,1,1.54691353798,1.0,3.0,0.019019019019,0,-1.23129497581,0.240798465395,5,146
214,1,1.3571522505,0.0,8.0,0.024024024024,0,-1.17059584862,-0.131060203637,5,288
215,1,1.04399789453,1.0,8.0,0.02002002002,0,-1.42230982433,0.310927367526,5,436
216,1,7.99814869789,4.0,15.0,0.017017017017,0,0.921219511487,0.234490163433,5,896
217,1,2.92363502327,,16.0,0.016016016016,0,-0.3704095454,-0.965136340527,5,907
218,1,5.67505435264,,10.0,0.017017017017,0,0.64975886398,-1.2742222393,5,332
219,1,4.90801389533,3.0,8.0,0.019019019019,0,-0.109958451947,0.23788925117,5,134
220,1,1.13163094502,0.0,4.0,0.026026026026,0,-1.55500494656,0.796645784713,5,138
221,1,9.86638833547,4.0,10.0,0.012012012012,0,1.5003310738,0.365395114078,5,639
222,1,7.53744881879,3.0,13.0,0.014014014014,0,0.855791458142,-0.0299255556396,5,753
223,1,6.21849154925,2.0,9.0,0.013013013013,0,0.428307448809,-0.0664307971729,5,518
224,1,8.07222321179,8.0,13.0,0.02002002002,0,0.924585773815,0.29846589034,5,402
225,1,6.46509409498,,7.0,0.032032032032,0,0.38782323832,0.301624380023,5,126
226,1,3.72781072965,2.0,8.0,0.024024024024,0,-0.458857368295,0.104382834532,5,232
227,1,7.54497500283,2.0,9.0,0.03003003003,0,0.700620369871,0.44311389322,5,322
228,1,1.91224926163,,2.0,0.028028028028,0,-1.25813901911,0.686666318945,5,25
229,1,5.81997884381,3.0,15.0,0.023023023023,0,0.0869791165969,0.559041494021,5,539
230,1,6.38940461786,3.0,15.0,0.02002002002,0,0.471961624151,-0.02648025459,5,707
231,1,2.59193784065,,3.0,0.019019019019,0,-0.915456044049,0.338305972792,5,80
232,1,6.37382261636,6.0,7.0,0.022022022022,1,0.232494732687,0.676338418302,5,292
233,1,5.13357136969,,9.0,0.019019019019,0,-0.122771633607,0.501886270508,5,325
234,1,4.10268991226,0.0,11.0,0.015015015015,0,-0.467259134592,0.504467316038,5,747
235,1,3.05397238188,2.0,19.0,0.028028028028,0,-0.595289302975,-0.16015970919,5,686
236,1,0.539389698336,,3.0,0.028028028028,0,-1.30008504166,-0.56035517669,5,43
237,1,2.43023561879,,3.0,0.021021021021,0,-0.954574507829,0.29395914228,5,78
238,1,5.08927729128,1.0,12.0,0.028028028028,0,0.0701756139366,-0.121249550531,5,285
239,1,4.33432910188,3.0,8.0,0.021021021021,0,-0.361520829684,0.418891590933,5,162
240,1,4.38252173468,,6.0,0.025025025025,0,-0.149168897071,-0.16997157411,5,207
241,1,4.02498403,1.0,18.0,0.018018018018,0,-0.501216254472,0.528632793418,5,919
242,1,1.85755520368,0.0,12.0,0.015015015015,0,-1.04405746174,-0.0102724111001,5,689
243,1,5.27132422213,2.0,15.0,0.025025025025,0,0.457177985116,-1.10020973322,5,520
244,1,3.23966888938,1.0,9.0,0.018018018018,0,-0.353634510907,-0.699427577903,5,296
245,1,4.68673014138,,6.0,0.023023023023,0,-0.0798979261623,-0.0735760801358,5,186
246,1,3.25140900143,,25.0,0.026026026026,0,-0.93462089183,1.05527167692,5,901
247,1,7.62228908861,3.0,18.0,0.03003003003,0,0.685489260862,0.565821306025,5,543
248,1,5.22054889049,2.0,8.0,0.021021021021,0,0.152542712478,-0.237079246948,5,400
249,1,3.70662858939,2.0,15.0,0.018018018018,0,-0.323533118698,-0.322772054517,5,808
250,1,10.7035373502,7.0,11.0,0.022022022022,0,1.91475043791,-0.0407139635196,5,432
251,1,6.10727683756,1.0,8.0,0.013013013013,0,0.411211624094,-0.126358034718,5,298
252,1,5.96845964202,3.0,19.0,0.019019019019,0,0.215332969935,0.322460732215,5,910
253,1,6.51961789926,4.0,16.0,0.02002002002,0,0.737181429074,-0.691926387965,5,795
254,1,3.90244467367,2.0,11.0,0.014014014014,0,-0.342426038529,-0.070277210739,5,744
255,1,4.69539728256,3.0,6.0,0.018018018018,0,0.0940636821953,-0.586793764022,5,151
256,1,6.02240548107,1.0,7.0,0.021021021021,0,0.180700583219,0.480303731412,5,267
257,1,1.42794108847,0.0,2.0,0.025025025025,0,-1.02131769952,-0.50810581298,5,52
258,1,7.27378551867,4.0,9.0,0.019019019019,0,1.07334338011,-0.94624462167,5,347
259,1,4.09901616695,2.0,9.0,0.021021021021,0,-0.546935291884,0.739822042604,5,266
260,1,5.68400853368,1.0,14.0,0.021021021021,0,0.305967833661,-0.233894967306,5,582
261,1,5.03332372052,4.0,9.0,0.031031031031,0,-0.00776007244329,0.0566039378497,5,168
262,1,4.1908309084,,9.0,0.022022022022,0,-0.282087876275,0.0370945372284,5,349
263,1,0.0416962772144,0.0,1.0,0.016016016016,1,-1.68763030813,0.104587201609,5,64
264,1,7.54800614344,5.0,14.0,0.018018018018,0,0.773815735882,0.226558935797,5,713
265,1,1.42075411912,,5.0,0.023023023023,0,-0.896810200799,-0.888815278488,5,77
266,1,0.428026920232,,12.0,0.016016016016,0,-1.46618121994,-0.173429419942,5,533
267,1,5.26250257993,0.0,17.0,0.023023023023,0,0.187453468,-0.299857824068,5,703
268,1,0.547697208166,,3.0,0.018018018018,0,-1.32354470703,-0.481668670743,5,47
269,1,6.20241309672,3.0,7.0,0.02002002002,0,0.6090191406,-0.624644325079,5,274
270,1,0.402271305651,,9.0,0.031031031031,0,-1.60560123661,0.219075015471,5,324
271,1,2.98596763848,1.0,3.0,0.016016016016,0,-0.553841083015,-0.352509112475,5,85
272,1,13.3045496074,13.0,14.0,0.014014014014,1,2.96631203662,-0.594386502424,5,977
273,1,5.02217894139,,15.0,0.02002002002,0,0.357797654205,-1.05121402122,5,679
274,1,4.63695895118,1.0,11.0,0.014014014014,0,-0.166934711962,0.137763087066,5,552
275,1,6.08212808425,3.0,13.0,0.014014014014,0,0.640007336862,-0.837893926339,5,819
276,1,3.51048595367,2.0,7.0,0.021021021021,0,-0.352343907793,-0.432482322954,5,176
277,1,8.21829877854,7.0,15.0,0.019019019019,0,0.980180221322,0.277758114573,5,827
278,1,3.74788305025,2.0,5.0,0.012012012012,0,-0.450353283954,0.0989429021173,5,243
279,1,5.98777211479,2.0,12.0,0.019019019019,0,0.380023931744,-0.152299680441,5,609
280,1,6.97700397248,3.0,7.0,0.02002002002,0,0.51650238921,0.427496804846,5,311
281,1,4.5337633332,2.0,13.0,0.02002002002,0,-0.140981763541,-0.0432913761789,5,634
282,1,4.40334492202,,8.0,0.015015015015,0,0.11410766025,-0.938978058735,5,282
283,1,4.83904890832,0.0,10.0,0.015015015015,0,-0.00861862014041,-0.135095231256,5,553
284,1,5.18842255418,,10.0,0.022022022022,0,0.219438773888,-0.46989376749,5,251
285,1,9.32281469796,7.0,14.0,0.015015015015,0,1.25807531191,0.548588762232,5,846
286,1,5.96563701432,5.0,16.0,0.023023023023,0,0.324488059516,-0.00782716422901,5,637
287,1,2.98508438605,2.0,3.0,0.012012012012,1,-1.02266994701,1.05309422708,5,120
288,1,-2.77719059532,,0.0,0.02002002002,1,-2.56039796968,-0.0959966862911,5,22
289,1,8.74148098162,0.0,14.0,0.025025025025,0,1.12297835648,0.372545912187,5,422
290,1,2.35198095176,,3.0,0.021021021021,0,-0.785532820337,-0.291420587229,5,104
291,1,2.21419890392,1.0,3.0,0.016016016016,0,-1.06181704963,0.399650052803,5,63
292,1,7.30507954433,7.0,8.0,0.018018018018,1,0.82436404085,-0.168012578219,5,471
293,1,0.757592002405,,7.0,0.016016016016,0,-1.52633991353,0.336611743004,5,265
294,1,7.39571377064,2.0,8.0,0.021021021021,0,0.853751839619,-0.165541748218,5,234
295,1,4.43763081634,3.0,19.0,0.031031031031,0,-0.387255460915,0.599397199086,5,550
296,1,0.284146536735,0.0,1.0,0.013013013013,1,-1.39348429723,-0.535400571571,5,40
297,1,-0.247130561684,,4.0,0.015015015015,0,-1.95372557853,0.614046173914,5,209
298,1,5.61874917117,3.0,6.0,0.025025025025,0,0.295000139116,-0.266251246182,5,231
299,1,3.61480487615,1.0,7.0,0.013013013013,0,-0.276958831408,-0.554318629624,5,256
300,1,2.85198651167,0.0,10.0,0.014014014014,0,-0.663726417523,-0.15683423576,5,461
301,1,5.72468067328,3.0,9.0,0.017017017017,0,0.111311907508,0.390744950759,5,411
302,1,5.81604583529,,6.0,0.015015015015,0,0.242084949202,0.0897909876831,5,230
303,1,10.145537961,,12.0,0.014014014014,0,2.03989830067,-0.974156941032,5,573
304,1,4.95746298656,1.0,11.0,0.017017017017,0,-0.10652252647,0.277030565972,5,421
305,1,7.71434110857,7.0,14.0,0.015015015015,0,0.698358060348,0.619266927525,5,763
306,1,1.50218417835,,10.0,0.021021021021,0,-1.33640663935,0.511404096402,5,458
307,1,6.55077692309,0.0,7.0,0.026026026026,0,0.617228307599,-0.30090799971,5,327
308,1,8.50027986783,8.0,11.0,0.023023023023,0,1.33826742928,-0.514522420004,5,475
309,1,4.2463090632,2.0,10.0,0.011011011011,0,-0.33140911186,0.240536398781,5,463
310,1,6.6666652255,4.0,14.0,0.022022022022,0,0.703236177643,-0.44304330743,5,688
311,1,6.05466285638,,22.0,0.025025025025,0,0.1505967727,0.602872538278,5,771
312,1,2.35554330405,1.0,5.0,0.022022022022,0,-0.971367606102,0.269646122358,5,116
313,1,5.12805649417,2.0,6.0,0.012012012012,0,-0.0706270347371,0.339937598381,5,474
314,1,10.5527544553,5.0,22.0,0.024024024024,0,1.94796555554,-0.291142211345,5,630
315,1,10.6348884074,9.0,18.0,0.02002002002,0,1.61516617609,0.789389879159,5,750
316,1,7.57223535622,7.0,15.0,0.017017017017,0,0.750347622826,0.321192487738,5,897
317,1,2.71494137755,1.0,3.0,0.011011011011,0,-0.745139821052,-0.0496391592947,5,74
318,1,2.43930704959,0.0,4.0,0.022022022022,0,-0.713025193869,-0.421617368807,5,156
319,1,3.30306469484,1.0,8.0,0.015015015015,0,-0.686313834528,0.362006198426,5,270
320,1,2.62738262412,,3.0,0.016016016016,0,-1.00606119899,0.645566221081,5,93
321,1,10.4359584302,5.0,14.0,0.016016016016,0,1.87409736438,-0.186333662948,5,888
322,1,0.202172674713,,3.0,0.025025025025,0,-1.47995558524,-0.357960569578,5,175
323,1,6.45352665096,2.0,7.0,0.017017017017,0,0.548185159122,-0.191028826403,5,377
324,1,7.18834193822,6.0,11.0,0.02002002002,0,0.808813450391,-0.238098412956,5,716
325,1,4.75657310986,3.0,5.0,0.022022022022,0,0.125504113139,-0.619939229557,5,86
326,1,5.80594496021,0.0,6.0,0.019019019019,0,0.241389988917,0.081774993458,5,144
327,1,5.28645031658,1.0,7.0,0.015015015015,0,-0.199456801525,0.884820721157,5,371
328,1,3.048916555,0.0,8.0,0.015015015015,0,-0.658722402875,0.0250837636281,5,381
329,1,6.59004518831,,13.0,0.021021021021,0,0.436906893297,0.279324508419,5,607
330,1,4.29734038737,,8.0,0.018018018018,0,0.00329113110749,-0.712533005957,5,259
331,1,5.15047013687,0.0,9.0,0.013013013013,0,0.225329776404,-0.525519192347,5,765
332,1,6.22572729854,1.0,11.0,0.02002002002,0,0.332643328733,0.227797312345,5,638
333,1,2.61670767144,,16.0,0.018018018018,0,-0.785140819866,-0.0278698689597,5,812
334,1,7.23164150347,5.0,9.0,0.011011011011,0,0.762702833193,-0.0564669961118,5,676
335,1,4.33970174838,1.0,5.0,0.023023023023,0,0.167505977075,-1.16281618284,5,177
336,1,4.98024925152,,6.0,0.017017017017,0,-0.245011837233,0.715284763222,5,141
337,1,4.04211029033,1.0,12.0,0.018018018018,0,-0.173355325966,-0.437823731772,5,497
338,1,7.94692809682,7.0,12.0,0.013013013013,0,0.984882165497,-0.00771839966831,5,947
339,1,6.7908441099,2.0,13.0,0.019019019019,0,0.561215764957,0.107196815026,5,578
340,1,4.15620721702,3.0,8.0,0.014014014014,0,-0.0966886741231,-0.553726760613,5,683
341,1,6.60322840545,5.0,10.0,0.014014014014,0,0.656982833804,-0.367720095964,5,636
342,1,6.08696180676,5.0,13.0,0.016016016016,0,0.288071841059,0.222746283578,5,928
343,1,4.75614024261,2.0,6.0,0.021021021021,0,0.0169368387011,-0.29467027349,5,169
344,1,6.90187981088,4.0,14.0,0.017017017017,0,0.610013809413,0.0718383826405,5,670
345,1,3.39416874579,,5.0,0.018018018018,0,-0.70745245264,0.516526103712,5,188
346,1,9.44556708295,,10.0,0.014014014014,0,1.6667315963,-0.554627705944,5,514
347,1,6.33711988987,6.0,7.0,0.013013013013,1,0.776270908123,-0.991692834496,5,576
348,1,8.77160857594,,11.0,0.016016016016,0,1.02173214698,0.706412134999,5,675
349,1,6.01735259416,6.0,11.0,0.014014014014,0,0.175194515112,0.491769048824,5,585
350,1,-2.10291203019,,3.0,0.01001001001,0,-2.28538864569,-0.246746093108,5,125
351,1,4.61507166494,3.0,6.0,0.015015015015,0,-0.35503883,0.680188154938,5,330
352,1,5.89949004786,4.0,7.0,0.024024024024,0,0.129127229418,0.512108359601,5,178
353,1,10.7836655396,6.0,12.0,0.014014014014,0,1.88476104433,0.129382406605,5,774
354,1,6.49057163817,,20.0,0.021021021021,0,0.413222858684,0.250903062116,5,971
355,1,7.31368236835,6.0,8.0,0.023023023023,0,0.532972988363,0.714763403265,5,355
356,1,8.8613590578,1.0,13.0,0.028028028028,0,1.08154136759,0.61673495503,5,304
357,1,4.9715403686,3.0,8.0,0.019019019019,0,0.086471943846,-0.287875462937,5,398
358,1,7.41548932027,3.0,23.0,0.023023023023,0,0.76540516849,0.119273814805,5,920
359,1,7.04853878251,,11.0,0.02002002002,0,0.889168115704,-0.618965564602,5,504
360,1,8.94942392181,8.0,18.0,0.018018018018,0,1.31822765829,-0.00525905306226,5,980
361,1,1.96565192308,0.0,12.0,0.02002002002,0,-1.19360464745,0.546465865422,5,457
362,1,2.70683349317,2.0,6.0,0.019019019019,0,-0.835688488475,0.213898958593,5,203
363,1,2.11567115678,0.0,3.0,0.013013013013,0,-1.14040203909,0.536877274032,5,199
364,1,6.21361680944,0.0,8.0,0.013013013013,0,0.467724549588,-0.189556839325,5,478
365,1,3.27602981896,1.0,4.0,0.012012012012,0,-0.376645349671,-0.594034132029,5,173
366,1,8.60484204017,8.0,12.0,0.016016016016,0,0.919779471447,0.845503625831,5,571
367,1,3.49839047732,3.0,16.0,0.02002002002,0,-0.428860959062,-0.215026645498,5,600
368,1,-1.32823090342,,0.0,0.018018018018,1,-2.3453987281,0.707965280867,5,15
369,1,11.1594483593,10.0,16.0,0.018018018018,0,1.80371069623,0.748316270665,5,932
370,1,6.06607288543,0.0,7.0,0.015015015015,0,0.215085106066,0.420817567237,5,246
371,1,7.98989883861,0.0,12.0,0.014014014014,0,1.03673447629,-0.120304590277,5,641
372,1,7.82757992589,1.0,8.0,0.014014014014,0,0.814261028056,0.384796841719,5,445
373,1,7.53707321385,3.0,12.0,0.013013013013,0,0.690022294345,0.467006330814,5,872
374,1,3.18351450103,,17.0,0.018018018018,0,-0.822867017161,0.652115552508,5,952
375,1,8.51535244679,8.0,10.0,0.012012012012,0,1.19865351002,-0.080608083263,5,769
376,1,10.2507172712,9.0,11.0,0.013013013013,0,1.58046828051,0.509312429713,5,931
377,1,6.35649065205,,10.0,0.018018018018,0,0.221803516189,0.691080103484,5,494
378,1,3.48929908909,1.0,11.0,0.012012012012,0,-0.359041305115,-0.433576995569,5,891
379,1,7.9296595461,1.0,8.0,0.011011011011,0,0.776522996957,0.600090555227,5,531
380,1,2.29213859631,0.0,3.0,0.015015015015,0,-1.12579579603,0.669525984401,5,99
381,1,8.36832843346,8.0,14.0,0.014014014014,0,1.16297623968,-0.120600285576,5,929
382,1,8.22248931571,3.0,11.0,0.014014014014,0,0.831263811199,0.728697882115,5,682
383,1,2.04594524428,2.0,6.0,0.01001001001,0,-0.977981374399,-0.0201106325248,5,424
384,1,7.10693307783,5.0,8.0,0.014014014014,0,0.948802914188,-0.739475664729,5,590
385,1,6.93826123204,2.0,11.0,0.017017017017,0,0.570264369244,0.227468124312,5,602
386,1,2.16691903419,0.0,8.0,0.017017017017,0,-1.27867790126,1.00295273797,5,635
387,1,3.81889400116,2.0,13.0,0.015015015015,0,-0.255112415416,-0.415768752589,5,711
388,1,1.69953637454,0.0,7.0,0.018018018018,0,-1.20384609419,0.311074657107,5,353
389,1,4.86072021913,,13.0,0.016016016016,0,-0.115153858573,0.20618179485,5,830
390,1,3.506323983,2.0,7.0,0.017017017017,0,-0.802627485443,0.914206439324,5,376
391,1,7.51016668755,,12.0,0.017017017017,0,1.02405656784,-0.562003015963,5,340
392,1,4.74935048601,1.0,13.0,0.014014014014,0,-0.120917981638,0.112104430925,5,936
393,1,3.11942078908,1.0,13.0,0.015015015015,0,-0.485272153351,-0.42476275087,5,873
394,1,2.37974816376,0.0,13.0,0.016016016016,0,-0.895520812312,0.0663106006947,5,486
395,1,4.3468270434,3.0,11.0,0.017017017017,0,-0.192125984189,-0.0767950040337,5,464
396,1,3.36148451073,0.0,8.0,0.014014014014,0,-0.801589104163,0.766251823216,5,192
397,1,7.07040867435,3.0,11.0,0.025025025025,0,0.69557650308,-0.0163208348912,5,554
398,1,7.9094955398,4.0,10.0,0.015015015015,0,1.03886390852,-0.207096185761,5,498
399,1,4.34722354766,1.0,11.0,0.011011011011,0,-0.279813108508,0.186662873181,5,874
400,1,1.79957807092,,8.0,0.019019019019,0,-1.02880252545,-0.114014352732,5,314
401,1,3.70798902122,1.0,5.0,0.017017017017,0,-0.575374794102,0.434113403521,5,299
402,1,2.64268951257,1.0,9.0,0.015015015015,0,-0.800347845582,0.043733049313,5,524
403,1,8.21251815031,4.0,13.0,0.015015015015,0,0.896026025995,0.524440072328,5,726
404,1,0.767636286437,0.0,11.0,0.013013013013,0,-1.34570278474,-0.19525535933,5,949
405,1,9.56038357476,6.0,14.0,0.016016016016,0,1.48414827491,0.107938750044,5,842
406,1,2.96962564536,0.0,7.0,0.015015015015,0,-0.608196515868,-0.205784807039,5,476
407,1,6.11135674623,4.0,8.0,0.022022022022,0,0.63517331498,-0.794163198707,5,495
408,1,2.70355600669,0.0,14.0,0.018018018018,0,-0.732324470562,-0.0994705816238,5,737
409,1,6.02514170514,2.0,14.0,0.014014014014,0,0.253177697139,0.26560861372,5,956
410,1,7.95435576235,7.0,8.0,0.016016016016,1,0.932139613876,0.157936920724,5,456
411,1,0.30048055682,,3.0,0.015015015015,0,-1.68753816834,0.363095061832,5,92
412,1,8.0660049145,1.0,9.0,0.014014014014,0,1.22298999699,-0.60296507646,5,674
413,1,5.44922024453,2.0,10.0,0.014014014014,0,0.354026710278,-0.612859886309,5,627
414,1,6.54835765636,6.0,13.0,0.013013013013,0,0.623402134317,-0.32184874659,5,779
415,1,2.3596993335,1.0,3.0,0.01001001001,0,-0.923797425757,0.13109161077,5,129
416,1,8.92786300102,1.0,13.0,0.015015015015,0,1.29869323477,0.0317832967074,5,914
417,1,12.1560287804,1.0,13.0,0.017017017017,0,2.30596872893,0.238122593632,5,847
418,1,1.1279055766,,4.0,0.019019019019,0,-1.0001249423,-0.871719596512,5,184
419,1,5.67041045156,,6.0,0.014014014014,0,0.102456900811,0.363039749124,5,350
420,1,-0.33518079562,,1.0,0.016016016016,0,-1.86282947202,0.253307620439,5,53
421,1,-0.455226288624,,0.0,0.014014014014,1,-1.97224208307,0.461499960588,5,31
422,1,6.38526399557,,16.0,0.018018018018,0,0.559082944982,-0.291984839379,5,867
423,1,1.76183411769,0.0,2.0,0.014014014014,0,-0.957426003923,-0.365887870539,5,155
424,1,3.4410385071,0.0,12.0,0.015015015015,0,-0.350692592582,-0.506883715156,5,574
425,1,8.81039573792,0.0,11.0,0.019019019019,0,1.45040517436,-0.540819785158,5,762
426,1,1.83228003152,0.0,8.0,0.016016016016,0,-1.1418032297,0.257689720632,5,388
427,1,0.89656262472,0.0,11.0,0.02002002002,0,-1.65428855969,0.859428303794,5,321
428,1,8.83218487621,5.0,9.0,0.015015015015,0,1.13769936193,0.41908679043,5,361
429,1,4.5786614574,,7.0,0.017017017017,0,-0.201694743752,0.183745688659,5,238
430,1,6.98677141628,4.0,10.0,0.013013013013,0,0.553478466539,0.326336016657,5,767
431,1,5.30220824925,5.0,7.0,0.015015015015,0,-0.402502653738,1.50971621046,5,375
432,1,6.90425206414,5.0,9.0,0.016016016016,0,0.484228921684,0.451565299088,5,345
433,1,4.40968227317,,14.0,0.017017017017,0,-0.144935291604,-0.155511852017,5,801
434,1,3.61236295374,0.0,5.0,0.02002002002,0,-0.316340319931,-0.438616086464,5,254
435,1,13.2469926381,13.0,16.0,0.018018018018,0,2.39011046374,1.07666124686,5,770
436,1,6.43719401415,5.0,9.0,0.013013013013,0,0.329393652181,0.449013057609,5,792
437,1,4.2056339932,3.0,17.0,0.017017017017,0,-0.178209678239,-0.259736972084,5,892
438,1,7.86554781226,2.0,8.0,0.013013013013,0,1.15557281176,-0.601170623026,5,626
439,1,3.40414799015,3.0,4.0,0.011011011011,1,-0.589069640766,0.171356912453,5,244
440,1,6.71014794036,,10.0,0.023023023023,0,0.913186343789,-1.02941109101,5,343
441,1,10.3807287812,10.0,12.0,0.012012012012,0,1.8372928481,-0.131149763083,5,957
442,1,4.53760614538,,11.0,0.018018018018,0,-0.356560477585,0.607287578131,5,419
443,1,7.50095692964,0.0,12.0,0.017017017017,0,0.742817732364,0.272503732549,5,577
444,1,6.80511376352,1.0,7.0,0.015015015015,0,0.329424536472,0.816840154103,5,442
445,1,5.25240388718,3.0,9.0,0.011011011011,0,0.209692005871,-0.376672130428,5,664
446,1,4.24567670664,1.0,11.0,0.013013013013,0,-0.101641341574,-0.449399268642,5,757
447,1,9.96665011874,7.0,11.0,0.015015015015,0,1.36375976586,0.875370821173,5,650
448,1,2.28616183836,0.0,9.0,0.015015015015,0,-0.877297071487,-0.0819469471771,5,525
449,1,4.55396846532,4.0,12.0,0.013013013013,0,-0.157228714519,0.0256546088787,5,605
450,1,5.25167171006,3.0,8.0,0.017017017017,0,0.0178135659546,0.198231012195,5,284
451,1,3.40456391329,,11.0,0.014014014014,0,-0.401709791671,-0.390306711702,5,705
452,1,-2.30299473593,,9.0,0.015015015015,0,-2.03311284605,-1.20365619777,5,429
453,1,9.04457865791,,14.0,0.017017017017,0,1.23169952148,0.349480093478,5,479
454,1,7.29783198113,,16.0,0.018018018018,0,1.08716278166,-0.963656363862,5,822
455,1,8.71529980995,6.0,12.0,0.014014014014,0,1.21980856387,0.0558741183448,5,687
456,0,14.0383695814,14.0,,0.014014014014,0,2.90211636982,0.332020471939,5,762
457,1,3.95282020963,1.0,5.0,0.013013013013,0,-0.240669163459,-0.325172299995,5,150
458,1,-0.422660329745,,16.0,0.017017017017,0,-1.62007759005,-0.562427559604,5,906
459,1,9.19754059536,5.0,13.0,0.016016016016,0,1.13353654915,0.796930947914,5,818
460,1,8.98787316737,7.0,10.0,0.015015015015,0,1.47508661822,-0.437386687295,5,751
461,1,6.13357545827,0.0,13.0,0.015015015015,0,0.646216084901,-0.805072796438,5,856
462,1,-2.66118997896,,0.0,0.013013013013,1,-2.29973664664,-0.761980039031,5,7
463,1,7.67105563185,0.0,16.0,0.016016016016,0,0.710907403175,0.538333422321,5,968
464,1,7.09984212172,5.0,8.0,0.016016016016,0,0.615664098814,0.252849825275,5,633
465,1,9.21551904348,5.0,17.0,0.017017017017,0,1.42576297746,-0.0617698888984,5,978
466,1,6.58243657975,1.0,8.0,0.013013013013,0,0.66238301539,-0.404712466422,5,401
467,1,4.90320594295,,8.0,0.011011011011,0,0.194098598927,-0.679089853836,5,426
468,1,10.4510845184,8.0,11.0,0.011011011011,0,2.08529176654,-0.804790781204,5,777
469,1,11.2219710659,,13.0,0.015015015015,0,1.81208235106,0.785724012747,5,895
470,1,2.0175065314,1.0,5.0,0.012012012012,0,-1.03282691795,0.115987285241,5,237
471,1,5.19652157932,2.0,12.0,0.014014014014,0,0.282370939726,-0.65059123986,5,656
472,1,5.56236049993,0.0,9.0,0.013013013013,0,0.259302652534,-0.215547457671,5,546
473,1,8.71310316844,1.0,12.0,0.015015015015,0,1.29097709347,-0.159828111962,5,848
474,1,3.02805284002,0.0,5.0,0.015015015015,0,-0.687498305383,0.0905477561693,5,171
475,1,8.95601388199,3.0,17.0,0.02002002002,0,1.09016002025,0.685533821237,5,797
476,1,9.46582047703,5.0,11.0,0.015015015015,0,1.22894866233,0.778974490031,5,625
477,1,3.15958140664,2.0,11.0,0.014014014014,0,-0.487808075971,-0.376994365451,5,666
478,1,2.02948631143,2.0,3.0,0.013013013013,1,-0.930060781229,-0.180331344886,5,148
479,1,4.12123946034,3.0,10.0,0.013013013013,0,-0.424339350852,0.394257512896,5,653
480,1,1.69173244014,0.0,3.0,0.015015015015,0,-0.958858938132,-0.431690745463,5,62
481,1,1.20455390062,,5.0,0.017017017017,0,-1.4013114812,0.40848834424,5,179
482,1,4.2628865278,0.0,9.0,0.014014014014,0,-0.468308346391,0.667811566972,5,487
483,1,-0.83171322965,,5.0,0.011011011011,0,-1.51387444368,-1.29008989861,5,278
484,1,1.62309073347,0.0,3.0,0.011011011011,0,-1.05641605498,-0.207661101598,5,252
485,1,7.67953721043,1.0,9.0,0.015015015015,0,1.05131313945,-0.474402207931,5,387
486,1,6.18396216004,4.0,9.0,0.011011011011,0,0.409515694749,-0.0445849242123,5,559
487,1,1.0025210452,0.0,9.0,0.013013013013,0,-1.20095820177,-0.394604349497,5,323
488,1,10.6403774052,5.0,12.0,0.012012012012,0,1.91300956552,-0.0986512913763,5,861
489,1,4.47344809648,0.0,9.0,0.015015015015,0,-0.00380194773545,-0.51514606031,5,563
490,1,6.94301703577,,7.0,0.012012012012,0,1.05152898534,-1.21156992026,5,277
491,1,4.66450835233,2.0,13.0,0.013013013013,0,-0.110279685043,-0.00465259254064,5,942
492,1,6.79690797492,0.0,10.0,0.015015015015,0,0.668238717207,-0.207808176703,5,523
493,1,2.41685551565,,3.0,0.015015015015,0,-0.986194227801,0.37543819905,5,41
494,1,9.30941120086,1.0,14.0,0.016016016016,0,1.00237909158,1.30227392612,5,775
495,1,3.00089600783,1.0,5.0,0.014014014014,0,-0.602096531242,-0.19281439844,5,212
496,1,2.22586692768,,14.0,0.017017017017,0,-0.672771680569,-0.75581803061,5,776
497,1,4.02065989654,3.0,10.0,0.013013013013,0,-0.333699059089,0.0217570738016,5,764
498,1,4.3145492817,,9.0,0.014014014014,0,-0.208428916183,-0.0601639697564,5,405
499,1,6.73720600463,1.0,9.0,0.013013013013,0,0.809326630849,-0.690773887916,5,565
500,1,6.30383130331,6.0,9.0,0.014014014014,0,0.798056049539,-1.09033684531,5,468
501,1,3.25435475341,0.0,11.0,0.014014014014,0,-0.745890527054,0.492026334569,5,622
502,1,-1.27065723812,,0.0,0.01001001001,1,-1.98923747137,-0.30294482401,5,35
503,1,7.98362653746,3.0,8.0,0.015015015015,0,0.821220932266,0.519963740659,5,145
504,1,3.37978773579,,4.0,0.01001001001,0,-0.894365202864,1.06288334438,5,263
505,1,7.13235266268,7.0,9.0,0.013013013013,0,0.745140806006,-0.103069755337,5,742
506,1,3.7663964857,2.0,4.0,0.012012012012,0,-0.289192423142,-0.366026244879,5,329
507,1,7.6940793969,5.0,9.0,0.012012012012,0,1.15524843155,-0.771665897756,5,469
508,1,7.15265273037,0.0,11.0,0.013013013013,0,0.612226831498,0.315972235878,5,677
509,1,4.8659859532,1.0,9.0,0.012012012012,0,0.00379334787612,-0.14539409043,5,521
510,1,3.89816373486,2.0,10.0,0.014014014014,0,-0.190940525998,-0.529014687146,5,587
511,1,3.63407668085,0.0,9.0,0.012012012012,0,-0.369194576308,-0.258339590229,5,443
512,1,6.91066940359,5.0,10.0,0.015015015015,0,0.608231571094,0.0859746903117,5,611
513,1,5.56725117551,4.0,11.0,0.017017017017,0,0.115634679975,0.220347135581,5,530
514,1,7.38932456047,0.0,10.0,0.016016016016,0,0.861868776592,-0.196281769306,5,691
515,1,4.28088719241,2.0,5.0,0.016016016016,0,-0.279143124561,0.118316566097,5,286
516,1,1.96310081328,,6.0,0.018018018018,0,-1.00814958024,-0.012450446013,5,103
517,1,7.57756760131,,9.0,0.013013013013,0,0.808772959562,0.151248722626,5,620
518,1,-0.857366800819,,0.0,0.013013013013,1,-2.22789878203,0.826329545283,5,10
519,1,3.117807872,3.0,9.0,0.012012012012,0,-0.474934477956,-0.457388694128,5,616
520,1,10.4206853853,0.0,11.0,0.012012012012,0,1.84143657391,-0.103624336454,5,790
521,1,5.09274821647,2.0,13.0,0.014014014014,0,-0.142019813907,0.518807658192,5,815
522,1,7.70666926152,5.0,9.0,0.015015015015,0,0.851291236369,0.152795552409,5,339
523,1,0.362582096251,,5.0,0.016016016016,0,-1.56067450742,0.0446056185072,5,195
524,1,8.41144043928,3.0,11.0,0.017017017017,0,0.990926840201,0.438659918678,5,542
525,1,1.40001066013,1.0,5.0,0.019019019019,0,-1.09588799418,-0.312325357322,5,121
526,1,2.87618376915,0.0,12.0,0.012012012012,0,-0.663647553719,-0.132873569693,5,945
527,1,0.727363475647,0.0,3.0,0.014014014014,0,-1.09430491116,-0.989721790877,5,262
528,0,11.2093834669,10.0,,0.01001001001,0,2.18975679296,-0.359886911963,5,939
529,1,1.97442799518,0.0,4.0,0.012012012012,0,-1.05991231882,0.154164951651,5,202
530,1,4.90978198725,,8.0,0.012012012012,0,-0.29668484428,0.799836520093,5,449
531,1,8.65314534058,3.0,11.0,0.012012012012,0,1.16430832412,0.160220368225,5,904
532,1,1.32546869765,1.0,3.0,0.014014014014,0,-1.35387948781,0.387107161086,5,236
533,1,6.97489079325,3.0,9.0,0.016016016016,0,0.70876272589,-0.151397384422,5,613
534,1,6.9694087504,0.0,7.0,0.015015015015,0,0.831325102855,-0.524566558166,5,293
535,1,4.15483074765,,5.0,0.013013013013,0,-0.523863425942,0.726421025474,5,247
536,1,5.62411662374,,9.0,0.014014014014,0,0.404817965328,-0.590337272239,5,407
537,1,4.78015416552,3.0,8.0,0.015015015015,0,-0.0802664869665,0.0209536264218,5,320
538,1,2.70553878473,2.0,3.0,0.015015015015,1,-0.895693242645,0.392618512662,5,72
539,1,7.81340169165,6.0,9.0,0.015015015015,0,0.901626689917,0.108521621897,5,595
540,1,7.54794305102,4.0,11.0,0.012012012012,0,0.477800211241,1.1145424173,5,950
541,1,1.31072836674,0.0,4.0,0.011011011011,0,-1.31600634043,0.258747388027,5,239
542,1,9.46768185684,3.0,10.0,0.012012012012,0,1.7477774284,-0.775650428356,5,912
543,1,7.44513507676,,9.0,0.012012012012,0,0.434154992468,1.14267009935,5,462
544,1,6.10637721657,6.0,7.0,0.014014014014,1,0.400127926089,-0.0940065616978,5,399
545,1,7.2364241331,6.0,9.0,0.013013013013,0,0.726438016539,0.0571100834832,5,672
546,1,7.33556236356,5.0,8.0,0.011011011011,0,0.726755394615,0.155296179717,5,369
547,1,5.78330016119,5.0,12.0,0.015015015015,0,0.411962391863,-0.452587014395,5,864
548,1,2.91468817773,,10.0,0.016016016016,0,-0.495739749613,-0.59809257343,5,549
549,1,2.17232990218,,3.0,0.013013013013,0,-0.774525189047,-0.504094530674,5,95
550,1,5.78202913099,3.0,7.0,0.012012012012,0,0.414859243829,-0.462548600501,5,380
551,1,5.82235030158,3.0,8.0,0.012012012012,0,0.35771944841,-0.250808043652,5,548
552,1,5.68951302913,2.0,6.0,0.019019019019,0,0.298432577712,-0.20578470401,5,222
553,1,0.437432708997,0.0,3.0,0.011011011011,0,-1.49293771899,-0.0837541340352,5,170
554,1,0.928883074364,,2.0,0.015015015015,0,-1.0189698601,-1.01420734532,5,82
555,1,3.99734969362,2.0,7.0,0.015015015015,0,-0.232200256508,-0.306049536858,5,356
556,1,2.43060331185,,9.0,0.011011011011,0,-0.875524744032,0.0571775439426,5,447
557,1,2.55549841854,2.0,11.0,0.013013013013,0,-0.881043359896,0.198628498225,5,685
558,1,1.16083403857,,4.0,0.016016016016,0,-1.13298338869,-0.440215795378,5,58
559,1,1.935177939,,3.0,0.016016016016,0,-1.24680329354,0.675587819604,5,44
560,1,6.06863466763,5.0,12.0,0.015015015015,0,0.33147717963,0.0742031287355,5,745
561,1,8.55831131177,8.0,10.0,0.012012012012,0,1.24117130486,-0.165202602802,5,700
562,1,7.44606030106,2.0,9.0,0.012012012012,0,0.81346705594,0.00565913324143,5,752
563,1,3.62652700798,1.0,6.0,0.015015015015,0,-0.418212339712,-0.118835972885,5,352
564,1,1.43783341244,,12.0,0.012012012012,0,-1.18113690758,-0.0187558648186,5,840
565,1,5.38979890781,2.0,6.0,0.014014014014,0,0.0501936580478,0.239217933667,5,226
566,1,7.67988389221,1.0,9.0,0.011011011011,0,0.76225391072,0.393122160053,5,659
567,1,2.31564968114,1.0,3.0,0.011011011011,0,-0.898183323786,0.0101996525001,5,346
568,0,11.9731871725,10.0,,0.01001001001,0,2.5190506024,-0.583964634739,5,962
569,1,2.79623540395,2.0,5.0,0.013013013013,0,-0.580425476828,-0.462488165566,5,404
570,1,6.81000816008,0.0,9.0,0.01001001001,0,0.421015160974,0.546962677159,5,882
571,1,5.86096183511,,10.0,0.012012012012,0,0.271131822046,0.0475663689733,5,844
572,1,0.754100938449,,2.0,0.018018018018,0,-1.25854106941,-0.470275853315,5,24
573,1,4.01231671801,0.0,10.0,0.01001001001,0,-0.00207546726927,-0.981456880182,5,624
574,1,3.17217759999,0.0,4.0,0.013013013013,0,-0.634081507958,0.0744221238641,5,183
575,1,2.44357800933,,3.0,0.011011011011,0,-0.930325269244,0.234553817062,5,60
576,1,5.4264443585,2.0,11.0,0.012012012012,0,0.20926480643,-0.20135006079,5,877
577,1,6.42278899347,3.0,9.0,0.015015015015,0,0.376458211857,0.293414357897,5,759
578,1,-1.47388660886,,0.0,0.013013013013,1,-2.09367538654,-0.192860449248,5,30
579,1,2.91331925597,0.0,4.0,0.01001001001,0,-0.997129745001,0.904708490973,5,280
580,1,5.98156779151,5.0,10.0,0.013013013013,0,0.201427899299,0.377284093618,5,699
581,1,7.08211764804,6.0,8.0,0.012012012012,0,0.60176738762,0.276815485184,5,528
582,1,3.86589411958,1.0,4.0,0.015015015015,0,-0.393887906773,0.0475578398977,5,81
583,1,5.34351463042,2.0,14.0,0.015015015015,0,0.238911666607,-0.373220369406,5,865
584,1,4.45372219973,2.0,6.0,0.01001001001,0,-0.532277602022,1.0505550058,5,409
585,1,6.82245373764,4.0,16.0,0.017017017017,0,0.530971885613,0.229538080804,5,911
586,1,2.77576851557,2.0,5.0,0.017017017017,0,-0.548531523916,-0.57863691268,5,268
587,1,3.02835148062,0.0,5.0,0.013013013013,0,-0.80480738825,0.44277364537,5,153
588,1,0.242576061409,0.0,3.0,0.014014014014,0,-1.36269043156,-0.669352643901,5,149
589,1,6.36535366387,6.0,8.0,0.01001001001,0,0.633811367752,-0.536080439386,5,257
590,1,4.46648299378,3.0,7.0,0.015015015015,0,-0.335002183408,0.471489544009,5,205
591,1,6.79933729729,1.0,12.0,0.013013013013,0,0.58749726902,0.0368454902336,5,930
592,1,4.22566958018,,11.0,0.014014014014,0,-0.0904879411018,-0.502866596516,5,809
593,1,2.89832303623,0.0,7.0,0.012012012012,0,-0.638323595563,-0.186706177085,5,831
594,1,1.46691739086,0.0,5.0,0.014014014014,0,-1.15322212292,-0.0734162403918,5,213
595,1,-2.14130539942,,11.0,0.016016016016,0,-2.36980720919,-0.0318837718562,5,773
596,1,0.564509665676,0.0,14.0,0.014014014014,0,-1.15336425048,-0.97539758287,5,976
597,1,6.99582077255,4.0,10.0,0.012012012012,0,0.527405199725,0.413605173377,5,836
598,1,2.75104725404,0.0,8.0,0.012012012012,0,-0.695380741227,-0.162810522277,5,841
599,1,5.02315687471,3.0,10.0,0.014014014014,0,0.119115997544,-0.334191117919,5,501
600,1,10.6395973946,4.0,13.0,0.014014014014,0,1.77853533418,0.303991392085,5,723
601,1,7.57563337298,0.0,10.0,0.012012012012,0,0.707073623354,0.454412502919,5,649
602,1,4.70445720601,,5.0,0.012012012012,0,-0.101973498654,0.010377701974,5,364
603,1,3.09960517269,1.0,4.0,0.013013013013,0,-0.827740922333,0.582827939692,5,218
604,1,5.89198751052,2.0,6.0,0.013013013013,0,0.467149771169,-0.509461802989,5,408
605,1,3.7975243824,0.0,5.0,0.012012012012,0,-0.517077249088,0.348756129666,5,317
606,1,5.71011146729,0.0,6.0,0.013013013013,0,0.664164173979,-1.28238105465,5,454
607,0,11.5765630013,10.0,,0.011011011011,0,1.81772816803,1.12337849721,5,769
608,1,7.36443058458,2.0,15.0,0.017017017017,0,0.843278180115,-0.165403955761,5,728
609,1,7.33692472721,4.0,8.0,0.011011011011,0,0.834524876241,-0.166649901515,5,452
610,1,9.24244645169,6.0,10.0,0.012012012012,0,1.5522146352,-0.414197453912,5,512
611,1,9.12636460077,2.0,10.0,0.011011011011,0,1.21863671475,0.470454456519,5,937
612,1,6.34406146374,0.0,12.0,0.014014014014,0,0.322893449295,0.37538111585,5,566
613,1,6.71121461855,6.0,11.0,0.012012012012,0,0.646659207156,-0.228763002923,5,579
614,1,8.55892881109,8.0,10.0,0.011011011011,0,1.00578569731,0.541571719155,5,851
615,1,-1.54156694238,,0.0,0.013013013013,1,-1.80997975475,-1.11162767814,5,14
616,1,0.0484881947737,,1.0,0.014014014014,0,-1.57843059409,-0.216220022947,5,28
617,1,4.03237339482,3.0,7.0,0.011011011011,0,-0.660158974254,1.01285031758,5,431
618,1,6.02936440109,1.0,7.0,0.017017017017,0,0.146984588907,0.588410634366,5,483
619,1,7.9767631393,7.0,8.0,0.011011011011,1,1.27972078814,-0.862399225128,5,725
620,1,9.68031171694,6.0,10.0,0.013013013013,0,1.73893181184,-0.536483718578,5,642
621,1,4.88940224932,,11.0,0.014014014014,0,-0.126112264104,0.267739041629,5,821
622,1,9.72674104432,2.0,10.0,0.011011011011,0,1.4931497619,0.247291758625,5,878
623,1,5.15534159674,3.0,6.0,0.013013013013,0,-0.237879131787,0.868978992103,5,484
624,1,-1.74841812137,,0.0,0.016016016016,1,-1.83165218281,-1.25346157294,5,13
625,1,5.1298073193,3.0,10.0,0.012012012012,0,0.408604871744,-1.09600729593,5,678
626,1,5.94133535931,4.0,6.0,0.011011011011,0,0.410675125279,-0.290690016525,5,467
627,1,9.75680246279,8.0,11.0,0.011011011011,0,1.68439842096,-0.296392800105,5,889
628,1,2.55380025711,2.0,6.0,0.012012012012,0,-0.781104372526,-0.102886625312,5,465
629,1,-1.02221400328,,2.0,0.011011011011,0,-1.79434308761,-0.639184740459,5,12
630,1,3.88150364886,1.0,6.0,0.018018018018,0,-0.357972294498,-0.0445794676419,5,272
631,1,2.91298990826,1.0,9.0,0.013013013013,0,-0.400244783279,-0.886275741898,5,493
632,1,4.23498956572,2.0,5.0,0.013013013013,0,0.0849421514017,-1.01983688848,5,294
633,1,3.46403502119,3.0,6.0,0.011011011011,0,-0.654450516629,0.427386571075,5,386
634,1,6.7187719423,,7.0,0.011011011011,0,0.844503881535,-0.814739702306,5,158
635,1,4.24989697527,,6.0,0.01001001001,0,-0.70285871526,1.35847312105,5,271
636,1,2.07362883946,2.0,5.0,0.011011011011,0,-0.766567002095,-0.626670154251,5,197
637,1,7.40648704074,4.0,11.0,0.012012012012,0,0.949910882333,-0.443245606261,5,890
638,1,5.83437982416,,8.0,0.011011011011,0,0.192279682231,0.257540777466,5,491
639,1,3.40158203982,,8.0,0.012012012012,0,-0.48265016436,-0.150467467097,5,444
640,1,2.03451826296,,3.0,0.012012012012,0,-1.04641742764,0.173770545875,5,334
641,1,7.90652343746,5.0,9.0,0.012012012012,0,0.898257398416,0.21175124221,5,651
642,1,4.84379782248,0.0,8.0,0.012012012012,0,0.118913689309,-0.512943245445,5,766
643,1,3.96510979847,1.0,11.0,0.014014014014,0,-0.458352416667,0.340167048474,5,736
644,1,6.76429229167,6.0,9.0,0.013013013013,0,0.320593794001,0.802510909672,5,336
645,1,6.41337170515,3.0,8.0,0.015015015015,0,0.483569518791,-0.0373368512174,5,370
646,1,11.020628476,11.0,12.0,0.012012012012,1,1.85963032875,0.441737489743,5,970
647,1,6.39214543033,,11.0,0.012012012012,0,0.0436459338718,1.26120762872,5,741
648,1,2.64296397785,1.0,9.0,0.011011011011,0,-0.756330591498,-0.0880442476582,5,768
649,1,7.83029355812,2.0,8.0,0.015015015015,0,0.70912133178,0.702929562784,5,358
650,1,4.97633099197,2.0,8.0,0.014014014014,0,0.116866241444,-0.374267732361,5,717
651,1,1.24702753777,1.0,3.0,0.012012012012,0,-1.30906040377,0.174208749084,5,114
652,1,3.37976657693,2.0,4.0,0.014014014014,0,-0.468636699663,-0.214323324077,5,302
653,1,7.52585398079,7.0,12.0,0.012012012012,0,0.852035625872,-0.0302528968272,5,887
654,1,5.57352039349,4.0,8.0,0.014014014014,0,-0.0342680536619,0.676324554473,5,575
655,1,12.1129526507,7.0,13.0,0.014014014014,0,2.17737442844,0.580829365336,5,863
656,1,3.55867990056,1.0,9.0,0.014014014014,0,-0.514498917229,0.102176652248,5,391
657,1,3.81825523762,0.0,4.0,0.012012012012,0,-0.50691777366,0.339008558601,5,415
658,1,-3.52522840485,,0.0,0.01001001001,1,-2.53533792551,-0.919214628305,5,6
659,1,8.3575227564,8.0,10.0,0.013013013013,0,1.21618523966,-0.291032962569,5,592
660,1,3.41153773008,1.0,7.0,0.013013013013,0,-0.668739512629,0.417756267963,5,510
661,1,4.84817412613,4.0,7.0,0.01001001001,0,-0.231597915728,0.542967873319,5,459
662,1,6.07186628366,5.0,10.0,0.011011011011,0,0.677524129435,-0.960706104648,5,871
663,1,1.98900614586,1.0,9.0,0.013013013013,0,-1.05768683835,0.162066660894,5,730
664,1,5.8603722262,,16.0,0.016016016016,0,0.123693970228,0.489290315516,5,938
665,1,2.25609171465,1.0,3.0,0.013013013013,0,-0.626782496663,-0.863560795359,5,67
666,1,3.81581503736,,11.0,0.013013013013,0,-0.586798331291,0.576210031236,5,799
667,1,2.81699021717,1.0,7.0,0.012012012012,0,-0.789957004816,0.186861231615,5,580
668,1,3.73461385485,,7.0,0.011011011011,0,-0.604228498808,0.547299351271,5,615
669,1,0.927160755862,,3.0,0.013013013013,0,-1.67956375425,0.965852018611,5,166
670,1,7.1183562387,1.0,8.0,0.01001001001,0,0.667946368036,0.114517134593,5,591
671,0,12.9117213356,12.0,,0.012012012012,0,2.58668593535,0.151663529527,5,210
672,1,9.84774038807,6.0,10.0,0.013013013013,0,1.65676759987,-0.122562411538,5,698
673,1,7.87667576617,7.0,9.0,0.011011011011,0,0.729309167982,0.68874826222,5,852
674,1,3.31009694795,2.0,6.0,0.012012012012,0,-0.514341917277,-0.146877300214,5,451
675,1,2.1774461265,1.0,4.0,0.012012012012,0,-1.02690246668,0.258153526526,5,112
676,1,1.86548763406,1.0,6.0,0.014014014014,0,-1.07812655887,0.0998673106763,5,645
677,1,9.84808874757,2.0,12.0,0.012012012012,0,1.27845754662,1.01271610772,5,802
678,1,5.13719614671,3.0,6.0,0.012012012012,0,0.0691551427312,-0.0702692814832,5,695
679,1,4.69183517345,0.0,12.0,0.013013013013,0,-0.360939620581,0.774654035189,5,918
680,1,2.42809511571,2.0,11.0,0.016016016016,0,-1.02184508276,0.493630364002,5,567
681,1,6.60597660895,1.0,9.0,0.014014014014,0,0.354074347369,0.543753566847,5,527
682,1,4.56909971699,,12.0,0.012012012012,0,-0.298409488283,0.464328181841,5,927
683,1,6.05312755275,1.0,9.0,0.012012012012,0,0.693351710451,-1.0269275786,5,480
684,1,3.94555145495,3.0,6.0,0.012012012012,0,-0.483494128308,0.396033839872,5,428
685,1,5.79832998702,3.0,8.0,0.014014014014,0,0.327674814192,-0.18469445556,5,583
686,1,2.5257046674,0.0,3.0,0.011011011011,0,-0.865019404966,0.120762882294,5,291
687,1,6.92104367352,1.0,10.0,0.012012012012,0,0.906936514287,-0.799765869343,5,515
688,1,2.31632692524,1.0,9.0,0.012012012012,0,-0.432383971109,-1.38652116143,5,598
689,1,2.06039580879,1.0,5.0,0.013013013013,0,-0.725976413943,-0.761674949386,5,374
690,1,2.89273077688,1.0,3.0,0.012012012012,0,-0.745781454495,0.130075140365,5,187
691,1,7.22827485637,,12.0,0.015015015015,0,0.760087138716,-0.0519865597752,5,816
692,1,4.51454377928,3.0,8.0,0.013013013013,0,-0.380708521997,0.656669345269,5,761
693,1,5.39361330175,1.0,12.0,0.013013013013,0,0.0389030188527,0.276904245197,5,943
694,1,-1.47490321232,,2.0,0.013013013013,0,-2.14622380153,-0.0362318077265,5,50
695,1,6.07622717827,3.0,7.0,0.011011011011,0,0.157241267724,0.604503375098,5,506
696,1,4.00422485262,4.0,10.0,0.012012012012,0,-0.284824387437,-0.141301985065,5,800
697,1,0.941144837151,,2.0,0.012012012012,0,-1.18349987931,-0.508355524924,5,42
698,1,6.94164731502,5.0,8.0,0.01001001001,0,0.505263408242,0.42585709029,5,798
699,1,1.5731243838,0.0,2.0,0.014014014014,0,-0.894391070626,-0.743702404317,5,165
700,1,5.66936127185,5.0,11.0,0.013013013013,0,0.454049709021,-0.692787855209,5,680
701,1,-0.579461183359,,0.0,0.015015015015,1,-1.74026684888,-0.358660636718,5,18
702,1,7.35228200222,7.0,9.0,0.012012012012,0,0.806093604051,-0.0659988099313,5,643
703,1,2.78675531979,,3.0,0.01001001001,0,-0.842181825832,0.313300797289,5,182
704,1,1.78127362547,,3.0,0.012012012012,0,-1.16703792656,0.282387405162,5,503
705,1,1.85635163207,,9.0,0.011011011011,0,-0.935910984748,-0.335915413685,5,684
706,1,3.76001383527,,8.0,0.012012012012,0,-0.274370860525,-0.416873583157,5,648
707,1,6.59614782451,4.0,11.0,0.011011011011,0,0.605882120647,-0.221498537434,5,926
708,1,7.2552658782,4.0,9.0,0.014014014014,0,0.777890875449,-0.078406748145,5,738
709,1,4.66657333656,3.0,9.0,0.01001001001,0,-0.0685651240151,-0.127731291398,5,805
710,1,6.2067956338,1.0,13.0,0.013013013013,0,0.311536449763,0.272186284517,5,960
711,1,5.9488607996,,6.0,0.014014014014,0,0.180506411062,0.407341566412,5,490
712,1,7.3134250051,1.0,9.0,0.011011011011,0,0.804028989398,-0.0986619630997,5,427
713,1,10.8883398719,10.0,11.0,0.013013013013,1,1.62229273167,1.02146167693,5,813
714,1,-0.813434872921,,0.0,0.011011011011,1,-1.77848450929,-0.477981345053,5,8
715,1,3.14027543385,0.0,6.0,0.011011011011,0,-0.67359285303,0.161053992934,5,568
716,1,2.1231930695,,4.0,0.01001001001,0,-1.16158470659,0.607947189281,5,204
717,1,5.99629733097,3.0,8.0,0.011011011011,0,0.277082721124,0.165049167596,5,448
718,1,6.95272876456,,8.0,0.013013013013,0,0.471493527577,0.538248181834,5,513
719,1,7.46736005186,6.0,13.0,0.013013013013,0,0.918499221602,-0.288137612942,5,820
720,1,1.72556960852,,2.0,0.014014014014,0,-1.16804054934,0.229691256534,5,137
721,1,6.15640855808,4.0,7.0,0.013013013013,0,0.423236362674,-0.113300529941,5,492
722,1,-0.320046473827,,7.0,0.012012012012,0,-1.94174466926,0.505187533952,5,357
723,1,2.64632120246,1.0,3.0,0.012012012012,0,-1.00065072387,0.648273374058,5,38
724,1,8.01705353189,6.0,9.0,0.012012012012,0,1.27917297115,-0.82046538155,5,876
725,1,4.05527503986,4.0,6.0,0.012012012012,0,-0.429081139306,0.342518457774,5,453
726,1,6.79245260871,3.0,9.0,0.01001001001,0,0.58037020416,0.0513419962344,5,778
727,1,6.77940069964,6.0,11.0,0.012012012012,0,0.299580218822,0.880660043179,5,885
728,0,11.96904024,9.0,,0.011011011011,0,2.24672455306,0.228866580806,5,874
729,1,3.00831388846,1.0,4.0,0.01001001001,0,-0.723564572472,0.17900760588,5,359
730,1,1.242064377,0.0,5.0,0.014014014014,0,-1.14838205564,-0.312789456087,5,368
731,1,2.50876571016,0.0,5.0,0.01001001001,0,-0.779767479011,-0.151931852805,5,348
732,1,2.21871534917,1.0,6.0,0.01001001001,0,-1.05715500153,0.390180353747,5,593
733,1,5.5660068342,1.0,6.0,0.011011011011,0,-0.0600973507906,0.746298886569,5,460
734,1,5.66068803275,5.0,7.0,0.01001001001,0,0.182354592317,0.113624255803,5,789
735,1,5.98779977235,0.0,7.0,0.01001001001,0,0.165846128497,0.490261386861,5,535
736,1,6.34341812086,4.0,7.0,0.013013013013,0,0.733047698488,-0.855724974606,5,433
737,1,4.04079362534,3.0,8.0,0.01001001001,0,-0.306924086575,-0.0384341149329,5,860
738,1,6.01684316056,0.0,8.0,0.011011011011,0,0.732664927477,-1.18115162187,5,724
739,1,4.91205790568,0.0,6.0,0.01001001001,0,0.0574758441838,-0.26036962687,5,466
740,1,5.51674221479,4.0,9.0,0.011011011011,0,0.458991018755,-0.86023084147,5,837
741,1,5.6295935759,5.0,8.0,0.012012012012,0,0.202965079312,0.020698337964,5,621
742,1,3.42878779909,,4.0,0.012012012012,0,-0.0554758020746,-1.40478479468,5,297
743,1,4.93038806245,2.0,5.0,0.012012012012,0,-0.269610413093,0.739219301729,5,341
744,1,7.48157722598,7.0,10.0,0.011011011011,0,0.744680482539,0.247535778368,5,743
745,1,3.32151367635,2.0,5.0,0.013013013013,0,-0.284988166365,-0.823521824557,5,241
746,1,1.21735580002,1.0,4.0,0.011011011011,0,-1.27549998772,0.04385576319,5,417
747,1,6.21666352386,3.0,11.0,0.012012012012,0,0.439312664126,-0.101274468516,5,446
748,1,0.173088972364,,2.0,0.01001001001,0,-1.53888681501,-0.210250582618,5,160
749,1,6.81393280067,6.0,11.0,0.011011011011,0,0.613035017786,-0.0251722526929,5,965
750,1,1.8629289144,,4.0,0.011011011011,0,-1.28645636739,0.722298016579,5,159
751,1,9.67684915869,8.0,11.0,0.012012012012,0,1.63729951787,-0.235049394914,5,862
752,1,9.30776017997,6.0,11.0,0.011011011011,0,1.36939762887,0.199567293367,5,923
753,1,5.07669041327,2.0,10.0,0.01001001001,0,-0.256738220251,0.846905074026,5,961
754,1,9.13965254309,7.0,10.0,0.013013013013,0,1.55550209215,-0.526853733367,5,900
755,1,2.8838182768,,10.0,0.011011011011,0,-0.608119318811,-0.291823766772,5,663
756,1,6.26477811595,5.0,13.0,0.014014014014,0,0.263483939461,0.474326297563,5,783
757,1,-1.38334484021,,2.0,0.011011011011,0,-2.06732037319,-0.181383720633,5,34
758,1,0.371142486038,0.0,1.0,0.012012012012,1,-1.42472328186,-0.354687668378,5,32
759,1,8.39037368196,7.0,9.0,0.011011011011,0,1.04825306952,0.245614473394,5,875
760,1,3.22362311835,3.0,4.0,0.013013013013,1,-0.464319749645,-0.383417632718,5,100
761,0,11.5155141977,11.0,,0.011011011011,0,2.16436457752,0.0224204650764,5,785
762,1,5.83875433247,0.0,8.0,0.01001001001,0,0.118115861138,0.484406749061,5,731
763,1,4.91354239888,2.0,12.0,0.013013013013,0,0.0374077268768,-0.198680781753,5,781
764,1,8.11725982935,7.0,10.0,0.012012012012,0,0.901024969921,0.414184919586,5,746
765,1,3.80311613541,0.0,4.0,0.01001001001,0,-0.537184221173,0.414668798932,5,208
766,1,3.76228117567,0.0,4.0,0.012012012012,0,-0.270491726339,-0.426243645317,5,189
767,1,5.90850353405,3.0,6.0,0.011011011011,0,0.23049083099,0.217031041078,5,366
768,1,3.09695242824,,4.0,0.012012012012,0,-0.681696515267,0.142041974045,5,249
769,1,5.35025355803,4.0,7.0,0.012012012012,0,0.157401663631,-0.121951432868,5,290
770,0,12.7116526991,10.0,,0.01001001001,0,2.25658394873,0.941900852939,5,327
771,1,7.80615003173,5.0,10.0,0.012012012012,0,0.976952165784,-0.124706465625,5,857
772,1,5.99653736103,,9.0,0.012012012012,0,0.396191209343,-0.192036266994,5,722
773,1,8.84054616351,5.0,9.0,0.011011011011,0,1.40805160483,-0.383608650973,5,517
774,1,6.59135387957,4.0,10.0,0.011011011011,0,0.426524803476,0.311779469141,5,708
775,1,4.51486748996,1.0,5.0,0.01001001001,0,-0.281852217863,0.360424143551,5,604
776,1,3.59250975524,3.0,6.0,0.011011011011,0,-0.367343500551,-0.30545974311,5,418
777,1,7.46796732031,6.0,10.0,0.01001001001,0,1.09489968864,-0.816731745607,5,898
778,1,6.5147857321,5.0,7.0,0.015015015015,0,0.441854432839,0.189222433585,5,529
779,1,2.06736712939,,10.0,0.012012012012,0,-1.01321187903,0.107002766484,5,835
780,1,7.71907303505,4.0,11.0,0.013013013013,0,0.841283171416,0.1952235208,5,826
781,1,5.13141079524,4.0,9.0,0.011011011011,0,-0.205878604878,0.749046609872,5,754
782,1,2.07409528863,2.0,3.0,0.011011011011,1,-1.04933696588,0.222106186264,5,220
783,1,4.98980843199,1.0,7.0,0.014014014014,0,0.115412682425,-0.356429615287,5,485
784,0,11.6041854648,10.0,,0.01001001001,0,2.15273067999,0.145993424847,5,104
785,1,5.09084911814,5.0,6.0,0.012012012012,1,-0.167661857549,0.593834690785,5,690
786,1,5.99339146535,4.0,8.0,0.011011011011,0,0.16400447815,0.501378030906,5,869
787,1,0.816109542663,,2.0,0.012012012012,0,-1.30630501176,-0.264975422047,5,333
788,1,4.06867300906,1.0,6.0,0.012012012012,0,-0.387146089492,0.230111277539,5,500
789,1,6.59828715813,3.0,7.0,0.01001001001,0,0.197612712491,1.00544902066,5,224
790,1,8.97183111238,6.0,9.0,0.011011011011,0,1.13262393987,0.573959292784,5,760
791,1,3.13618532544,0.0,8.0,0.012012012012,0,-0.533681592379,-0.262769897425,5,884
792,1,6.20131936021,4.0,7.0,0.01001001001,0,0.153131028825,0.741926273732,5,704
793,1,-1.12453257064,,1.0,0.011011011011,0,-2.16712434371,0.376840460499,5,21
794,1,-0.414798416624,,0.0,0.011011011011,1,-1.74499131191,-0.179824480901,5,11
795,1,1.94047024404,0.0,5.0,0.011011011011,0,-0.90550287532,-0.343021129997,5,163
796,1,9.36429815021,6.0,10.0,0.011011011011,0,1.38013641035,0.223888919152,5,866
797,1,3.26287695207,3.0,4.0,0.01001001001,1,-0.500020559594,-0.237061369153,5,326
798,1,4.02675230913,2.0,6.0,0.012012012012,0,-0.461881773552,0.412397629783,5,516
799,1,4.48829147457,3.0,8.0,0.01001001001,0,-0.160484451239,-0.0302551717104,5,668
800,1,5.89096725423,4.0,6.0,0.011011011011,0,0.532497231395,-0.706524439952,5,414
801,1,4.25690162699,4.0,11.0,0.012012012012,0,-0.389312919404,0.424840385202,5,899
802,1,4.29318858582,3.0,6.0,0.01001001001,0,-0.260750077552,0.0754388184724,5,780
803,1,8.40800749957,8.0,9.0,0.013013013013,1,1.4462625946,-0.930780284244,5,572
804,1,0.87984514496,0.0,9.0,0.011011011011,0,-1.26722892813,-0.318468070662,5,660
805,1,3.92745246174,0.0,7.0,0.012012012012,0,-0.544785587432,0.561809224035,5,214
806,1,6.97149642446,3.0,8.0,0.011011011011,0,0.646073744976,0.0332751895294,5,628
807,1,8.60214351063,7.0,10.0,0.01001001001,0,1.19484070985,0.0176213810954,5,909
808,1,1.98557508747,0.0,10.0,0.012012012012,0,-1.11674330421,0.335805000104,5,879
809,1,6.21983082613,5.0,7.0,0.011011011011,0,0.556860537972,-0.45075078779,5,351
810,1,2.34588893275,2.0,11.0,0.011011011011,0,-0.996611772048,0.335724248898,5,843
811,1,5.0458436168,0.0,8.0,0.017017017017,0,0.0864915435006,-0.213631013701,5,508
812,1,2.15944241258,1.0,5.0,0.011011011011,0,-0.82039580691,-0.379370166689,5,128
813,1,1.50014382081,1.0,2.0,0.011011011011,1,-1.21890150327,0.156848330625,5,242
814,1,8.01053257428,8.0,10.0,0.01001001001,0,0.92893210777,0.223736250967,5,941
815,1,5.3625769688,5.0,8.0,0.01001001001,0,0.128100452051,-0.0217243873553,5,537
816,1,5.23657080406,0.0,9.0,0.011011011011,0,-0.122624447992,0.604444148034,5,838
817,1,5.49643688917,0.0,7.0,0.011011011011,0,0.177947758689,-0.0374063868958,5,662
818,1,1.46523462117,0.0,7.0,0.01001001001,0,-1.19237687141,0.0423652353978,5,803
819,1,11.736619417,,13.0,0.014014014014,0,2.05815097042,0.562166505758,5,794
820,1,9.66926639815,8.0,11.0,0.011011011011,0,1.44069533228,0.347180401314,5,975
821,1,6.94182427358,0.0,10.0,0.011011011011,0,0.625167257266,0.0663225017876,5,740
822,1,9.62586348148,7.0,10.0,0.015015015015,0,1.64183605367,-0.299644679542,5,354
823,1,7.32076683161,7.0,8.0,0.011011011011,1,0.825178335007,-0.154768173412,5,719
824,1,2.42654921277,1.0,6.0,0.011011011011,0,-1.07831779509,0.661502598023,5,555
825,1,2.49918225433,1.0,4.0,0.011011011011,0,-0.759645942649,-0.221879917725,5,392
826,1,3.70912501815,0.0,6.0,0.011011011011,0,-0.579265628961,0.446921905038,5,420
827,1,1.97578864821,,6.0,0.01001001001,0,-1.24781183483,0.719224152693,5,416
828,1,2.69694776315,,5.0,0.01001001001,0,-0.584863698891,-0.548461140172,5,435
829,1,9.34602789458,5.0,11.0,0.011011011011,0,1.40947520838,0.117602269434,5,858
830,1,5.22495676941,1.0,6.0,0.012012012012,0,-0.118935178745,0.581762305644,5,709
831,1,3.9475714579,3.0,9.0,0.01001001001,0,-0.247372991052,-0.310309568945,5,788
832,1,10.5119729716,5.0,13.0,0.014014014014,0,2.06590381626,-0.685738477177,5,870
833,1,5.41156965257,5.0,9.0,0.011011011011,0,0.167569855454,-0.0911399137896,5,791
834,1,5.06317671019,1.0,10.0,0.011011011011,0,-0.205659598925,0.680155506959,5,839
835,1,1.39884523293,1.0,2.0,0.011011011011,1,-1.25147929425,0.153283115671,5,48
836,1,6.41134023994,3.0,7.0,0.01001001001,0,0.531753531455,-0.183920354421,5,640
837,1,7.09342310702,3.0,9.0,0.011011011011,0,0.865666101888,-0.503575198641,5,721
838,1,5.45509744164,3.0,8.0,0.012012012012,0,0.00749114117476,0.432624018111,5,610
839,1,4.7046769293,3.0,7.0,0.01001001001,0,-0.0667841500325,-0.0949706206022,5,671
840,1,9.88551547628,7.0,10.0,0.011011011011,0,1.42054736427,0.623873383458,5,925
841,1,7.50377869225,4.0,11.0,0.011011011011,0,0.931644287202,-0.291154169361,5,823
842,1,0.533650598356,0.0,6.0,0.011011011011,0,-1.27704193541,-0.635223595399,5,312
843,1,7.05992244755,2.0,10.0,0.011011011011,0,0.725033398002,-0.115177746453,5,853
844,1,3.98496549186,2.0,5.0,0.011011011011,0,-0.226398202062,-0.335839901958,5,309
845,1,0.454278615136,,1.0,0.011011011011,0,-1.66167353602,0.439299223195,5,2
846,1,2.23584481542,0.0,4.0,0.01001001001,0,-0.778878651438,-0.427519230267,5,227
847,1,2.24484561846,0.0,3.0,0.011011011011,0,-0.81998179479,-0.295208997172,5,139
848,1,7.40076659471,7.0,8.0,0.01001001001,1,0.74759993974,0.157966775491,5,894
849,1,6.90828013104,4.0,9.0,0.01001001001,0,0.885544030743,-0.748351961191,5,787
850,1,1.29995063532,1.0,8.0,0.01001001001,0,-0.970904630487,-0.787335473217,5,693
851,1,3.15337138426,0.0,8.0,0.01001001001,0,-0.572770988828,-0.128315649259,5,617
852,1,6.3562540088,6.0,9.0,0.01001001001,0,0.389884315971,0.186601060886,5,710
853,1,8.96226407936,4.0,10.0,0.01001001001,0,1.29667270167,0.0722459743676,5,963
854,1,2.5681174917,,3.0,0.01001001001,0,-0.791003398605,-0.0588723124872,5,194
855,1,0.518066977738,0.0,5.0,0.011011011011,0,-1.91042613677,1.24934538804,5,310
856,0,14.0026948148,11.0,,0.011011011011,0,3.11708194063,-0.348551007075,5,743
857,1,2.22228834453,1.0,4.0,0.012012012012,0,-0.646218073011,-0.839057436437,5,379
858,1,2.57928314718,2.0,10.0,0.013013013013,0,-0.676923639314,-0.389945934877,5,697
859,1,5.19275624422,2.0,6.0,0.01001001001,0,0.0192068034746,0.135135833797,5,473
860,1,4.02249002126,,9.0,0.01001001001,0,-0.118964770649,-0.620615666791,5,618
861,1,3.55544363547,,5.0,0.012012012012,0,-0.472438399574,-0.0272411658078,5,362
862,1,3.95630895082,0.0,8.0,0.01001001001,0,-0.169535673556,-0.535084028508,5,732
863,1,6.31225806858,1.0,8.0,0.011011011011,0,0.295374500321,0.426134567614,5,619
864,1,1.72119169259,1.0,4.0,0.011011011011,0,-1.09673133257,0.0113856902943,5,181
865,1,2.95421584384,2.0,3.0,0.011011011011,1,-0.593807443896,-0.264361824476,5,75
866,1,8.92537248593,8.0,12.0,0.014014014014,0,0.99899488134,0.928387841907,5,733
867,1,2.62272456094,,4.0,0.012012012012,0,-0.751688753228,-0.122209179374,5,269
868,0,12.8571470014,11.0,,0.011011011011,0,2.31409547048,0.914860589997,5,401
869,1,6.57864941654,5.0,7.0,0.01001001001,0,0.520468261531,0.017244631947,5,562
870,1,0.631411949633,0.0,5.0,0.01001001001,0,-1.51702241919,0.182479207207,5,295
871,1,10.7651480335,9.0,11.0,0.012012012012,0,2.0678984742,-0.438547389118,5,946
872,1,2.03435832618,0.0,9.0,0.01001001001,0,-0.650330074112,-1.01465145148,5,749
873,1,2.77654618793,,5.0,0.01001001001,0,-0.392563272745,-1.04576399383,5,389
874,1,5.71870975194,0.0,8.0,0.01001001001,0,0.610262908204,-1.11207897268,5,541
875,1,3.72109194011,1.0,6.0,0.011011011011,0,-0.348358147844,-0.233833616358,5,331
876,1,3.84487794803,2.0,4.0,0.01001001001,0,-0.259383644601,-0.376971118171,5,281
877,1,-1.85748469921,,1.0,0.011011011011,0,-2.40867435762,0.368538373648,5,16
878,1,4.75142665071,4.0,6.0,0.012012012012,0,-0.169866898906,0.261027347425,5,395
879,1,4.78068383238,0.0,7.0,0.012012012012,0,0.185924297614,-0.777089060466,5,631
880,1,4.44718157902,0.0,5.0,0.01001001001,0,-0.099891178623,-0.253144885109,5,526
881,1,1.92265435141,0.0,4.0,0.01001001001,0,-1.02205369652,-0.0111845590111,5,201
882,1,6.71628195468,6.0,8.0,0.01001001001,0,0.62456039615,-0.157399233771,5,532
883,1,6.56786396519,0.0,9.0,0.01001001001,0,0.467752498422,0.164606469922,5,596
884,1,6.52443249335,3.0,8.0,0.01001001001,0,0.0638815618304,1.33278780786,5,883
885,1,3.35214440977,2.0,6.0,0.01001001001,0,-0.385971118308,-0.489942235308,5,644
886,1,4.45711130223,4.0,9.0,0.01001001001,0,-0.11415671334,-0.200418557752,5,905
887,1,7.73429308997,7.0,9.0,0.01001001001,0,0.957985973783,-0.139664831382,5,772
888,0,12.3943083927,10.0,,0.011011011011,0,2.51273722519,-0.143903282811,5,862
889,1,6.03456227736,2.0,8.0,0.011011011011,0,0.195100394962,0.44926109247,5,614
890,1,7.64818662592,7.0,9.0,0.01001001001,0,1.27466412738,-1.17580575623,5,806
891,1,1.02823770733,0.0,2.0,0.01001001001,0,-1.14550113069,-0.535258900599,5,140
892,1,8.85962734562,8.0,9.0,0.01001001001,1,1.39198192904,-0.316318441512,5,967
893,1,3.74592436318,0.0,10.0,0.01001001001,0,-0.322445136706,-0.286740226704,5,979
894,1,7.13294764519,3.0,9.0,0.011011011011,0,0.742770365918,-0.0953634525603,5,720
895,0,13.0201387793,10.0,,0.01001001001,0,2.40357697181,0.809407863858,5,806
896,1,-1.54359448446,,0.0,0.011011011011,1,-1.87136088715,-0.929511823012,5,193
897,1,5.89317170864,3.0,7.0,0.01001001001,0,0.520632231342,-0.668724985387,5,586
898,1,4.38192524424,2.0,6.0,0.01001001001,0,-0.697748537696,1.47517085733,5,440
899,1,3.21826151164,0.0,5.0,0.01001001001,0,-0.348551848651,-0.736082942403,5,225
900,1,5.23592024624,1.0,7.0,0.012012012012,0,0.524064670918,-1.33627376651,5,558
901,1,8.23127363151,8.0,9.0,0.01001001001,1,1.2498156753,-0.518173394391,5,893
902,0,11.972030738,11.0,,0.012012012012,0,2.1224005015,0.604829233539,5,95
903,1,4.44557814484,4.0,6.0,0.01001001001,0,-0.331228994052,0.439265126998,5,505
904,1,5.46231621075,,7.0,0.011011011011,0,0.0562067644343,0.293695917446,5,316
905,1,8.46925919587,7.0,10.0,0.01001001001,0,1.22108069078,-0.193982876455,5,974
906,1,7.93110638556,1.0,8.0,0.011011011011,0,0.986895665302,-0.0295806103437,5,477
907,1,-0.400339040974,,2.0,0.011011011011,0,-1.97598765753,0.527623931606,5,118
908,1,2.89952805837,1.0,5.0,0.012012012012,0,-0.843141248305,0.428951803285,5,260
909,1,1.6248977989,0.0,2.0,0.01001001001,0,-1.02984427752,-0.285569368535,5,69
910,1,4.7022064731,2.0,7.0,0.01001001001,0,-0.0630602738674,-0.1086127053,5,412
911,1,8.49454534278,7.0,10.0,0.01001001001,0,1.20696427247,-0.126347474617,5,718
912,1,2.92980387581,1.0,3.0,0.01001001001,0,-0.552326650365,-0.413216173093,5,289
913,1,5.42909999733,5.0,6.0,0.011011011011,1,0.232080340565,-0.267141024364,5,658
914,1,2.35386333358,0.0,6.0,0.01001001001,0,-0.972326673546,0.270843354217,5,612
915,1,5.75907309717,3.0,6.0,0.01001001001,0,0.279970557173,-0.0808385743537,5,922
916,1,7.34362046038,6.0,9.0,0.011011011011,0,0.480353932793,0.902558662006,5,948
917,1,2.94771110359,2.0,7.0,0.01001001001,0,-0.730340472906,0.138732522306,5,807
918,1,6.13624386914,1.0,9.0,0.01001001001,0,0.336215638827,0.127596952657,5,944
919,1,5.83573285396,5.0,8.0,0.011011011011,0,0.201259711945,0.231953718126,5,756
920,1,4.64910960611,2.0,8.0,0.011011011011,0,0.0808115553833,-0.593325060042,5,367
921,1,-1.52772667952,,0.0,0.011011011011,1,-2.05825235991,-0.352969599789,5,1
922,1,5.69299667906,1.0,9.0,0.01001001001,0,-0.156044763519,1.16113096962,5,727
923,0,10.0500315656,9.0,,0.01001001001,0,1.60700123837,0.229027850445,5,968
924,1,-1.87663603646,,0.0,0.01001001001,1,-2.08736075176,-0.614553781195,5,3
925,0,11.9932441777,10.0,,0.01001001001,0,2.42124184523,-0.270481357988,5,83
926,1,-5.65366889684,,5.0,0.011011011011,0,-3.60723950853,0.168049628754,5,488
927,1,4.8169166285,1.0,7.0,0.01001001001,0,-0.196126624882,0.405296503142,5,828
928,1,3.2935760263,0.0,5.0,0.011011011011,0,-0.676913305612,0.324315943137,5,111
929,1,7.35728663841,2.0,11.0,0.011011011011,0,0.559818269467,0.677831830015,5,796
930,1,5.35080422021,5.0,10.0,0.011011011011,0,0.183440924405,-0.199518553005,5,902
931,1,2.05881498849,2.0,11.0,0.011011011011,0,-0.86198478788,-0.35523064787,5,854
932,1,5.76796687699,0.0,8.0,0.012012012012,0,0.318554971861,-0.187698038588,5,647
933,1,7.38500211806,4.0,10.0,0.012012012012,0,0.250942129678,1.63217572903,5,915
934,1,3.92257263284,2.0,4.0,0.011011011011,0,-0.463985977289,0.314530564705,5,393
935,1,7.39752207899,0.0,9.0,0.01001001001,0,0.995255763134,-0.588245210408,5,735
936,1,7.63277464021,1.0,10.0,0.01001001001,0,0.71852224835,0.477207895164,5,955
937,1,1.08448785573,0.0,2.0,0.01001001001,0,-1.49599133924,0.57246187345,5,91
938,0,10.0469955206,10.0,,0.01001001001,0,1.58452007607,0.293435292438,5,264
939,1,5.4219684728,,7.0,0.01001001001,0,0.260801620292,-0.360436388071,5,833
940,1,3.11381948342,2.0,4.0,0.011011011011,0,-0.317582221313,-0.933433852645,5,382
941,0,11.1785084875,11.0,,0.011011011011,0,1.89500283762,0.493499974685,5,857
942,1,6.62832309795,6.0,7.0,0.011011011011,1,0.429985591282,0.338366324107,5,652
943,1,9.82742000026,9.0,10.0,0.01001001001,1,1.9355423379,-0.979207013455,5,962
944,1,3.40490077038,3.0,7.0,0.01001001001,0,-0.510800671427,-0.0626972153432,5,365
945,0,11.2427297967,10.0,,0.01001001001,0,2.0404432659,0.121399998983,5,545
946,1,3.81131054973,0.0,6.0,0.012012012012,0,-0.400281839187,0.0121560672958,5,338
947,1,1.55730659142,0.0,7.0,0.01001001001,0,-1.01542074939,-0.396431160397,5,569
948,1,3.59394050098,1.0,4.0,0.011011011011,0,-0.410236813999,-0.175349057026,5,49
949,1,9.95107996434,9.0,10.0,0.01001001001,1,1.59046681768,0.179679511298,5,917
950,1,1.47505634812,,7.0,0.01001001001,0,-0.780354966526,-1.1838787523,5,623
951,1,8.58626209871,8.0,9.0,0.01001001001,1,0.761890743699,1.30058986762,5,954
952,1,8.47119765352,7.0,9.0,0.011011011011,0,1.15243204372,0.0139015223511,5,632
953,1,4.54368903659,1.0,8.0,0.011011011011,0,0.111262937569,-0.790099776114,5,556
954,1,9.36696047429,8.0,10.0,0.01001001001,0,1.45806549591,-0.00723601343645,5,561
955,1,5.23687093567,4.0,6.0,0.011011011011,0,-0.0164830267992,0.286320016066,5,570
956,1,4.35066793733,3.0,7.0,0.01001001001,0,-0.194462762556,-0.0659437749969,5,594
957,1,5.63274507776,4.0,8.0,0.01001001001,0,0.180576623211,0.0910152081221,5,665
958,1,3.79939968641,0.0,9.0,0.01001001001,0,-0.482626144889,0.247278121073,5,810
959,1,1.9432755158,0.0,3.0,0.01001001001,0,-1.10286769378,0.251878597134,5,101
960,1,2.05796104444,2.0,10.0,0.011011011011,0,-1.01463020904,0.101851671568,5,784
961,1,9.83006402977,7.0,10.0,0.01001001001,0,1.76758761268,-0.472698808275,5,629
962,1,1.40564491312,,3.0,0.011011011011,0,-1.33239815646,0.402839382505,5,335
963,1,6.30219613974,6.0,8.0,0.01001001001,0,0.640462237028,-0.619190571347,5,921
964,1,5.90529560407,2.0,7.0,0.01001001001,0,0.344014561268,-0.126748079734,5,669
965,1,9.66193907751,9.0,10.0,0.01001001001,1,1.40855815978,0.436264598165,5,972
966,1,3.50644462494,1.0,4.0,0.011011011011,0,-0.0354314162111,-1.38726112643,5,450
967,1,5.86277777436,5.0,8.0,0.01001001001,0,0.304746223723,-0.0514608968076,5,606
968,1,5.15163020673,5.0,7.0,0.01001001001,0,-0.0438440121948,0.28316224331,5,694
969,1,3.42120022163,3.0,6.0,0.01001001001,0,-0.613967455893,0.263102589308,5,646
970,1,8.43084525996,3.0,9.0,0.01001001001,0,1.1343612934,0.0277613797624,5,502
971,1,2.43773584344,,8.0,0.01001001001,0,-0.714587239255,-0.418502438791,5,782
972,1,6.00528365007,5.0,7.0,0.011011011011,0,0.490911863223,-0.467451939597,5,850
973,1,7.06727699085,2.0,8.0,0.01001001001,0,0.69506660822,-0.0179228338084,5,734
974,1,7.48123987289,7.0,9.0,0.01001001001,0,0.642867160857,0.552638390316,5,933
975,1,1.2962864631,1.0,7.0,0.01001001001,0,-1.46680705567,0.696707630123,5,489
976,1,3.19047697906,1.0,7.0,0.01001001001,0,-0.689303597587,0.258387771825,5,739
977,1,9.04175628444,9.0,10.0,0.01001001001,1,1.49495670326,-0.443113825341,5,966
978,1,8.68830471021,8.0,9.0,0.01001001001,1,1.38992841655,-0.481480539434,5,939
979,1,6.14770773505,0.0,8.0,0.01001001001,0,0.436276891494,-0.161122939428,5,519
980,1,4.76979808984,1.0,9.0,0.01001001001,0,-0.0304885277416,-0.138736326933,5,551
981,1,7.54932819807,1.0,8.0,0.01001001001,0,0.746644296801,0.309395307669,5,729
982,1,2.93784934508,1.0,3.0,0.01001001001,0,-0.666004616124,-0.0641368065508,5,115
983,1,4.71982753151,2.0,8.0,0.011011011011,0,-0.20047250343,0.321245041802,5,832
984,1,3.25123963122,,9.0,0.01001001001,0,-0.670733245749,0.263439368467,5,702
985,0,10.2286731417,10.0,,0.01001001001,0,1.44160738904,0.903850974561,5,37
986,1,7.05429175292,6.0,8.0,0.01001001001,0,0.347225017738,1.0126166997,5,692
987,1,2.29974587928,0.0,4.0,0.01001001001,0,-0.625858570841,-0.822678408195,5,283
988,1,1.51317539258,1.0,5.0,0.01001001001,0,-1.32904687004,0.500316002698,5,127
989,1,6.27836923614,6.0,8.0,0.01001001001,0,0.20937055069,0.650257584068,5,786
990,1,4.21032826767,3.0,5.0,0.01001001001,0,-0.278268437302,0.0451335795787,5,258
991,1,5.1372863916,4.0,8.0,0.01001001001,0,0.116055666459,-0.210880607781,5,423
992,1,5.85018869714,2.0,8.0,0.01001001001,0,0.530044035453,-0.739943409217,5,755
993,1,-0.795628694985,,1.0,0.01001001001,0,-1.76154963871,-0.510979778864,5,123
994,1,6.89870483836,6.0,10.0,0.01001001001,0,0.590054948349,0.128539993316,5,545
995,1,7.47425611727,5.0,10.0,0.01001001001,0,0.570560525248,0.762574541524,5,935
996,1,3.29589192726,0.0,5.0,0.01001001001,0,-0.857635180524,0.868797468832,5,403
997,1,6.21247261221,1.0,7.0,0.01001001001,0,0.246142009998,0.47404658222,5,814
998,1,2.86447254295,2.0,3.0,0.01001001001,1,-0.742299245714,0.0913702800974,5,245
999,1,9.92362675091,,10.0,0.01001001001,0,1.30012334489,1.02325671624,5,715
