name,activated,threshold,before_activation_alters,after_activation_alters,degree,observed,var1,epsilon,constant,activation_order
0,1,6.86282295942,1.0,98.0,0.122122122122,0,0.387874370155,0.699199848958,5,748
1,1,10.3885689275,2.0,14.0,0.107107107107,0,1.83774219006,-0.124657642717,5,118
2,1,8.62541885457,7.0,17.0,0.0700700700701,0,0.984417651741,0.672165899346,5,127
3,1,7.53753107757,5.0,23.0,0.119119119119,0,0.531861066473,0.941947878146,5,161
4,1,8.46449344694,,44.0,0.0910910910911,0,0.980562219853,0.522806787378,5,421
5,1,-1.91171719934,,50.0,0.101101101101,0,-2.0114169064,-0.877466480125,5,406
6,1,8.29331295447,,29.0,0.0930930930931,0,1.03110919739,0.199985362294,5,261
7,1,9.32143530452,9.0,27.0,0.0940940940941,0,1.37577456964,0.194111595603,5,181
8,1,-0.382029707264,,24.0,0.0770770770771,0,-1.00114358121,-2.37859896362,5,293
9,1,5.86468090576,,7.0,0.106106106106,0,0.0628705088241,0.676069379287,5,33
10,1,4.10297840328,,15.0,0.163163163163,0,0.748928351122,-3.14380665008,5,77
11,1,1.98612104039,,69.0,0.169169169169,0,-0.258138696987,-2.23946286865,5,350
12,1,6.54657940177,3.0,34.0,0.106106106106,0,0.898477394446,-1.14885278157,5,290
13,1,3.04046193199,,22.0,0.155155155155,0,-0.423242372054,-0.689810951844,5,130
14,1,0.761409832054,0.0,9.0,0.0860860860861,0,-0.479853374975,-2.79903004302,5,137
15,1,1.50971325183,1.0,4.0,0.113113113113,0,-0.839677059141,-0.97125557075,5,38
16,1,1.93596883349,1.0,9.0,0.1001001001,0,-0.724825790285,-0.88955379566,5,53
17,1,9.09070051994,0.0,93.0,0.152152152152,0,1.64570017292,-0.846399998808,5,562
18,1,4.39435153955,1.0,16.0,0.0840840840841,0,0.0266089004022,-0.685475161653,5,151
19,1,5.3924680433,0.0,16.0,0.0750750750751,0,0.574843629057,-1.33206284387,5,154
20,1,6.75473474252,,71.0,0.0950950950951,0,0.531824858394,0.159260167342,5,836
21,1,6.58585630971,,23.0,0.0930930930931,0,0.400663045703,0.383867172604,5,149
22,1,8.4254182027,5.0,12.0,0.0620620620621,0,1.04070450214,0.303304696284,5,116
23,1,6.30838074843,0.0,16.0,0.032032032032,0,1.19587209852,-2.27923554712,5,546
24,1,7.17214492607,0.0,16.0,0.047047047047,0,0.373273255162,1.05232516059,5,212
25,1,4.54737132337,,10.0,0.0800800800801,0,0.0991500705983,-0.75007888843,5,105
26,1,5.69802168429,,57.0,0.0700700700701,0,0.0143590378336,0.654944570792,5,753
27,1,4.03949995847,0.0,12.0,0.031031031031,0,-0.283646321801,-0.109561076127,5,169
28,1,9.8278572028,5.0,52.0,0.0530530530531,0,0.991498073234,1.8533629831,5,920
29,1,4.52019879112,,8.0,0.034034034034,0,-0.131494642236,-0.08531728217,5,144
30,1,6.95304811065,6.0,10.0,0.024024024024,0,0.981261290612,-0.990735761188,5,286
31,1,7.76280009482,0.0,18.0,0.03003003003,0,0.710708175833,0.630675567317,5,467
32,1,8.36102381973,3.0,12.0,0.0620620620621,0,1.23584856402,-0.346521872344,5,145
33,1,8.0191947278,8.0,9.0,0.0840840840841,1,1.19554813231,-0.567449669127,5,75
34,1,6.30525266731,6.0,16.0,0.0700700700701,0,0.28835245119,0.440195313742,5,112
35,1,5.96254219744,2.0,12.0,0.102102102102,0,0.712132843374,-1.17385633268,5,111
36,1,2.61469008737,,61.0,0.0640640640641,0,-0.532822025988,-0.786843834668,5,899
37,1,7.09878066386,,9.0,0.0820820820821,0,-0.0803338412302,2.33978218755,5,69
38,1,5.93331885027,3.0,20.0,0.0750750750751,0,-0.516425898193,2.48259654485,5,227
39,1,4.2940913264,,13.0,0.0550550550551,0,0.360888735178,-1.78857487913,5,250
40,1,6.27917148132,,37.0,0.0720720720721,0,-0.125187478584,1.65473391707,5,408
41,1,4.10121692567,,17.0,0.0520520520521,0,-0.447946056731,0.445055095867,5,413
42,1,2.57369129579,0.0,21.0,0.0900900900901,0,-0.605742868049,-0.609080100062,5,222
43,1,6.52126051325,,13.0,0.0710710710711,0,0.301563230302,0.616570822343,5,91
44,1,5.44051820644,5.0,36.0,0.0720720720721,0,-0.265120073682,1.23587842749,5,481
45,1,5.98670176758,3.0,6.0,0.0540540540541,0,0.114691241119,0.64262804422,5,78
46,1,2.05365859525,,13.0,0.0590590590591,0,-0.619007629702,-1.08931851565,5,148
47,1,9.5350187183,8.0,38.0,0.0910910910911,0,1.08882264274,1.26855079007,5,398
48,1,4.07927907857,0.0,27.0,0.0530530530531,0,-0.418801632683,0.33568397662,5,483
49,1,6.62447828606,3.0,8.0,0.041041041041,0,0.0666713720263,1.42446416998,5,146
50,1,5.53407597688,1.0,27.0,0.046046046046,0,0.310132268655,-0.396320829087,5,565
51,1,5.09442920357,5.0,53.0,0.0640640640641,0,0.0616504292737,-0.0905220842483,5,726
52,1,2.08267157055,,4.0,0.0750750750751,0,-1.30284846187,0.991216956161,5,58
53,1,6.59939127292,0.0,8.0,0.0570570570571,0,0.963116857127,-1.28995929846,5,99
54,1,2.69289103467,,17.0,0.0600600600601,0,-0.532390710989,-0.709936832358,5,192
55,1,7.43527347326,4.0,10.0,0.021021021021,0,0.0335453522347,2.33463741656,5,393
56,1,7.84655114501,,15.0,0.038038038038,0,-0.0934848775775,3.12700577775,5,214
57,1,-0.268133095364,,1.0,0.043043043043,0,-1.03106962754,-2.17492421273,5,26
58,1,9.59718755178,0.0,15.0,0.035035035035,0,1.20512263888,0.981819635146,5,364
59,1,5.07153888216,,8.0,0.024024024024,0,0.422529889994,-1.19605078782,5,321
60,1,0.880002931463,,1.0,0.03003003003,0,-1.00243447188,-1.11269365289,5,103
61,1,8.56186787069,3.0,27.0,0.027027027027,0,1.67196351353,-1.4540226699,5,856
62,1,5.36225754071,3.0,19.0,0.027027027027,0,0.432798838029,-0.936138973375,5,535
63,1,5.54643357998,0.0,10.0,0.022022022022,0,-0.603427932335,2.35671737698,5,191
64,1,-3.22365505853,,2.0,0.0800800800801,0,-1.94336821951,-2.39355039999,5,18
65,1,5.3211280637,,16.0,0.032032032032,0,-0.237450702733,1.0334801719,5,322
66,1,0.966735099712,0.0,1.0,0.048048048048,1,-1.32851824574,-0.0477101630635,5,37
67,1,1.13483365128,,3.0,0.0540540540541,0,-1.63335848706,1.03490911245,5,67
68,1,7.13094624275,,9.0,0.0650650650651,0,0.699752581067,0.0316884995439,5,83
69,1,1.55390217548,1.0,8.0,0.0640640640641,0,-0.655522723495,-1.47952965403,5,158
70,1,6.42623646263,3.0,7.0,0.037037037037,0,-0.135804986135,1.83365142103,5,147
71,1,3.44300877488,3.0,13.0,0.03003003003,0,-0.33529036461,-0.551120131295,5,303
72,1,8.38074150283,0.0,20.0,0.024024024024,0,1.08622786387,0.122057911221,5,815
73,1,9.2354517008,8.0,28.0,0.038038038038,0,2.08262657006,-2.0124280094,5,761
74,1,2.42732341452,0.0,26.0,0.038038038038,0,-0.696829752195,-0.482187328894,5,445
75,1,-0.0242060299397,,3.0,0.046046046046,0,-1.10841241974,-1.69896877073,5,19
76,1,0.77834791903,,3.0,0.0570570570571,0,-0.542789354166,-2.59328401847,5,50
77,1,6.48287548086,,9.0,0.042042042042,0,0.54876186528,-0.163410114979,5,193
78,1,13.2031696736,12.0,51.0,0.0700700700701,0,2.13402306796,1.80110046972,5,680
79,1,7.10215249569,,27.0,0.043043043043,0,-0.282298874503,2.9490491192,5,624
80,1,9.14544292742,1.0,20.0,0.036036036036,0,1.60681245605,-0.674994440738,5,307
81,1,6.06369937768,5.0,14.0,0.036036036036,0,0.257643979895,0.290767437995,5,297
82,1,4.8059801674,4.0,29.0,0.034034034034,0,-0.503344345432,1.31601320369,5,814
83,1,2.91701104277,,6.0,0.04004004004,0,-0.879230415246,0.554702288511,5,122
84,1,-3.27254735595,,42.0,0.0510510510511,0,-1.99008011903,-2.30230699886,5,853
85,1,9.80386206756,6.0,18.0,0.023023023023,0,0.580035103532,3.06375675697,5,653
86,1,10.4491232138,0.0,16.0,0.04004004004,0,1.23078567886,1.75676617724,5,315
87,1,4.77033880975,,31.0,0.036036036036,0,-0.126649995403,0.150288795963,5,915
88,1,7.60205716554,,27.0,0.042042042042,0,1.16337473498,-0.8880670394,5,401
89,1,8.48787656058,3.0,23.0,0.027027027027,0,0.372784073163,2.36952434109,5,880
90,1,2.59235799728,0.0,13.0,0.023023023023,0,-0.573470754401,-0.687229739515,5,474
91,1,-0.685480661543,,25.0,0.025025025025,0,-1.07955303527,-2.44682155573,5,912
92,1,8.13981145536,,13.0,0.021021021021,0,0.888457381651,0.474439310405,5,576
93,1,9.44807621786,8.0,12.0,0.019019019019,0,1.34678921237,0.407708580745,5,493
94,1,7.00276488896,5.0,8.0,0.02002002002,0,0.405153541938,0.787304263148,5,254
95,1,8.76465433821,3.0,18.0,0.019019019019,0,1.16012036227,0.284293251406,5,960
96,1,7.07539206987,4.0,23.0,0.037037037037,0,0.577909753982,0.341662807925,5,628
97,1,8.72967445606,,10.0,0.034034034034,0,0.43558296389,2.42292556439,5,196
98,1,0.331766071119,,4.0,0.046046046046,0,-0.663398520509,-2.67803836736,5,45
99,1,5.45397089527,,9.0,0.028028028028,0,0.272562629296,-0.363716992614,5,239
100,1,7.09068737209,3.0,9.0,0.048048048048,0,1.31057455847,-1.84103630332,5,231
101,1,7.68701550562,,14.0,0.045045045045,0,1.05154987516,-0.467634119859,5,201
102,1,4.27642953454,,27.0,0.032032032032,0,-1.28005074785,3.1165817781,5,589
103,1,2.62750537619,,3.0,0.027027027027,0,-0.421649589851,-1.10754585425,5,74
104,1,1.57794104099,,12.0,0.048048048048,0,-1.40625738954,0.796713209613,5,256
105,1,4.06400832627,3.0,5.0,0.034034034034,0,-0.562800876734,0.752410956474,5,140
106,1,7.39512792742,6.0,23.0,0.032032032032,0,0.123823962295,2.02365604053,5,506
107,1,2.30195299625,0.0,8.0,0.023023023023,0,-0.659768249976,-0.718742253821,5,361
108,1,6.16798158488,,20.0,0.03003003003,0,0.297507178408,0.275460049651,5,585
109,1,6.8955082251,5.0,21.0,0.034034034034,0,0.739991929068,-0.324467562103,5,505
110,1,7.75427549609,0.0,8.0,0.024024024024,0,0.295279392406,1.86843731888,5,180
111,1,2.42141472472,1.0,9.0,0.03003003003,0,-1.40900451091,1.64842825744,5,292
112,1,1.37129440828,,15.0,0.034034034034,0,-0.983612004456,-0.677869578349,5,325
113,1,6.68945489803,1.0,15.0,0.024024024024,0,1.15096111201,-1.76342843798,5,556
114,1,7.11689147432,1.0,14.0,0.027027027027,0,0.783549525483,-0.233757102131,5,554
115,1,1.1932954075,1.0,11.0,0.03003003003,0,-0.947078499089,-0.965469095237,5,168
116,1,9.33252660196,6.0,12.0,0.039039039039,0,0.786882801354,1.9718781979,5,203
117,1,4.60340783522,3.0,6.0,0.038038038038,0,0.110836530611,-0.729101756609,5,246
118,1,0.531924439601,,4.0,0.041041041041,0,-1.19290547331,-0.88935914048,5,43
119,1,1.52755670163,,6.0,0.025025025025,0,-0.569492251711,-1.76396654324,5,238
120,1,1.89230147068,,2.0,0.029029029029,0,-0.422510580957,-1.84016678645,5,86
121,1,6.32465108607,6.0,25.0,0.03003003003,0,0.196949695017,0.733802001018,5,883
122,1,5.2640721462,1.0,11.0,0.025025025025,0,-0.151139372702,0.717490264308,5,335
123,1,-0.0545955717221,,9.0,0.021021021021,0,-1.67704177491,-0.0234702469879,5,345
124,1,1.24651671484,,9.0,0.016016016016,0,-1.18742075293,-0.191221026372,5,281
125,1,9.94205335431,9.0,11.0,0.013013013013,0,1.36855671582,0.836383206851,5,823
126,1,0.00509204369801,,10.0,0.015015015015,0,-0.791868683248,-2.61930190656,5,639
127,1,5.04240307724,2.0,9.0,0.017017017017,0,0.262752922669,-0.745855690772,5,458
128,1,4.35096682267,1.0,13.0,0.029029029029,0,-1.08898784955,2.61793037132,5,300
129,1,4.10403794357,,5.0,0.041041041041,0,-0.68054202871,1.1456640297,5,131
130,1,6.82453508025,0.0,15.0,0.022022022022,0,0.652544820866,-0.133099382347,5,459
131,1,5.2669070544,,9.0,0.024024024024,0,0.697195295041,-1.82467883072,5,279
132,1,6.21089081065,6.0,12.0,0.027027027027,0,-0.00810568792883,1.23520787444,5,428
133,1,12.293815009,10.0,19.0,0.024024024024,0,1.97525663485,1.36804510446,5,825
134,1,7.83202780729,,30.0,0.038038038038,0,0.585842302867,1.07450089869,5,655
135,1,9.68312020778,0.0,10.0,0.028028028028,0,0.889691803889,2.01404479611,5,224
136,1,6.02377423335,3.0,12.0,0.036036036036,0,0.769498539574,-1.28472138537,5,164
137,1,7.15246924987,3.0,18.0,0.023023023023,0,1.6095759948,-2.67625873452,5,704
138,1,-1.12949693118,,0.0,0.026026026026,1,-1.46593820505,-1.73168231603,5,56
139,1,1.88389599932,0.0,26.0,0.037037037037,0,-1.71588388548,2.03154765578,5,634
140,1,7.50301243358,5.0,15.0,0.025025025025,0,0.345157007431,1.46754141129,5,682
141,1,1.66540308158,0.0,4.0,0.024024024024,0,-1.04746793368,-0.192193117384,5,114
142,1,5.09291963418,0.0,23.0,0.029029029029,0,-0.179351664299,0.630974627073,5,866
143,1,-0.922283172812,,1.0,0.036036036036,0,-1.93531322651,-0.116343493285,5,59
144,1,11.0120597959,2.0,15.0,0.034034034034,0,1.94528190205,0.176214089785,5,395
145,1,5.40372063226,,25.0,0.034034034034,0,-0.087348868121,0.665767236626,5,662
146,1,0.458191670831,,15.0,0.021021021021,0,-1.10145829299,-1.23743345018,5,424
147,1,12.0144330842,1.0,15.0,0.029029029029,0,1.87961220129,1.3755964803,5,489
148,1,0.801825256396,0.0,13.0,0.019019019019,0,-1.8465328988,1.34142395279,5,551
149,1,7.80045861407,6.0,15.0,0.032032032032,0,0.209055767617,2.17329131122,5,389
150,1,4.1449696148,1.0,31.0,0.032032032032,0,-0.84128114844,1.66881306012,5,841
151,1,9.46948254243,,31.0,0.032032032032,0,1.92037845222,-1.29165281424,5,873
152,1,5.8046565576,,10.0,0.014014014014,0,0.206768394943,0.184351372768,5,652
153,1,4.62713629279,4.0,9.0,0.03003003003,0,-1.09710493757,2.9184511055,5,166
154,1,2.59078248381,2.0,5.0,0.025025025025,0,-0.840656371958,0.112751599688,5,72
155,1,0.379427419314,,11.0,0.021021021021,0,-1.799194048,0.777009563305,5,175
156,1,3.24114989319,,7.0,0.027027027027,0,0.105520874969,-2.07541273172,5,157
157,1,3.44973523811,3.0,8.0,0.014014014014,0,0.387782063641,-2.71361095281,5,274
158,1,8.86790060485,5.0,12.0,0.014014014014,0,0.762736755523,1.57969033828,5,754
159,1,4.96533426091,1.0,8.0,0.019019019019,0,-0.0898714000315,0.234948461004,5,184
160,1,4.40740461599,,17.0,0.031031031031,0,0.440764769685,-1.91488969306,5,563
161,1,5.56996846712,3.0,6.0,0.022022022022,0,0.564707523669,-1.12415410389,5,288
162,1,-0.754213905994,,2.0,0.026026026026,0,-1.45138542014,-1.40005764556,5,51
163,1,5.28525002994,4.0,8.0,0.031031031031,0,-0.579115863583,2.02259762068,5,275
164,1,3.11387424676,,4.0,0.029029029029,0,0.097804832944,-2.17954025207,5,100
165,1,7.01400631949,1.0,14.0,0.016016016016,0,1.3031707165,-1.89550582999,5,594
166,1,5.43668360733,4.0,17.0,0.021021021021,0,0.182624338785,-0.11118940902,5,766
167,1,2.61437384209,2.0,3.0,0.026026026026,1,-0.972249554228,0.531122504771,5,143
168,1,-0.105630074665,,1.0,0.022022022022,0,-1.29439900691,-1.22243305392,5,22
169,1,7.8895651889,2.0,9.0,0.016016016016,0,1.41316201766,-1.3499208641,5,400
170,1,7.96037955933,7.0,16.0,0.024024024024,0,1.13427668076,-0.442450482965,5,615
171,1,2.88071625898,2.0,25.0,0.032032032032,0,-1.28038105127,1.72185941278,5,728
172,1,6.81196759114,5.0,21.0,0.022022022022,0,-0.746111420738,4.05030185336,5,824
173,1,4.95746861186,,18.0,0.037037037037,0,0.0855101815835,-0.29906193289,5,499
174,1,4.96794357403,,10.0,0.023023023023,0,-0.137874118611,0.381565929868,5,351
175,1,6.96779460836,6.0,13.0,0.026026026026,0,0.257736296913,1.19458571762,5,380
176,1,3.4959448621,3.0,7.0,0.024024024024,0,-0.106019974009,-1.18599521588,5,223
177,1,3.65911121004,3.0,7.0,0.017017017017,0,-0.334083203195,-0.338639180374,5,312
178,1,2.55387266063,1.0,5.0,0.028028028028,0,-1.31013471837,1.48427681575,5,195
179,1,4.25941218611,2.0,10.0,0.021021021021,0,-0.23617599235,-0.0320598368381,5,225
180,1,0.704359698501,,2.0,0.026026026026,0,-1.07984622671,-1.05610162137,5,52
181,1,3.40041651932,,18.0,0.021021021021,0,-0.248477154413,-0.854152017444,5,764
182,1,10.1910807256,,16.0,0.036036036036,0,1.65655604934,0.221412577563,5,266
183,1,5.98085450121,3.0,16.0,0.018018018018,0,1.15051424096,-2.47068822167,5,821
184,1,3.16385351265,3.0,4.0,0.029029029029,1,-0.238394252056,-1.12096373119,5,71
185,1,0.983357649599,0.0,5.0,0.016016016016,0,-1.48256575052,0.431054901161,5,331
186,1,5.50612887516,4.0,16.0,0.016016016016,0,-0.384648787313,1.6600752371,5,952
187,1,-3.68262558791,,7.0,0.023023023023,0,-2.0102125526,-2.6519879301,5,255
188,1,7.56395097257,,11.0,0.013013013013,0,0.411456739392,1.32958075439,5,780
189,1,5.98320830706,0.0,18.0,0.02002002002,0,0.815980735995,-1.46473390093,5,927
190,1,9.13315227181,8.0,10.0,0.014014014014,0,1.68992795314,-0.936631587618,5,507
191,1,2.66635912051,,7.0,0.02002002002,0,-0.26435421252,-1.54057824193,5,337
192,1,-0.733929028906,,15.0,0.028028028028,0,-0.528065836534,-4.14973151931,5,531
193,1,-1.45782083131,,2.0,0.029029029029,0,-1.72558744989,-1.28105848165,5,68
194,1,6.06575593128,,8.0,0.028028028028,0,0.437651492441,-0.247198546038,5,423
195,1,7.67010545994,,9.0,0.022022022022,0,0.318699568073,1.71400675572,5,299
196,1,6.23028022376,0.0,17.0,0.039039039039,0,0.144871276244,0.795666395029,5,444
197,1,3.67747510153,,4.0,0.02002002002,0,0.0639695665136,-1.51443359801,5,84
198,1,-0.177008556872,,0.0,0.025025025025,1,-0.338764417926,-4.16071530309,5,8
199,1,2.05447913901,,17.0,0.017017017017,0,-0.637147732635,-1.03407766308,5,854
200,1,-3.02157166684,,12.0,0.022022022022,0,-2.35337726245,-0.961439879494,5,465
201,1,7.17998866936,7.0,19.0,0.027027027027,0,0.677443424766,0.147658395067,5,517
202,1,7.94220232559,5.0,10.0,0.013013013013,0,0.874904542209,0.317488698966,5,557
203,1,2.30599445921,,9.0,0.017017017017,0,-1.58839102245,2.07116752657,5,340
204,1,6.31299937751,0.0,12.0,0.018018018018,0,0.281979653274,0.467060417691,5,560
205,1,3.34253603959,3.0,7.0,0.028028028028,0,-0.745607733211,0.579359239225,5,197
206,1,3.78230516576,1.0,6.0,0.016016016016,0,-0.893937451837,1.46411752127,5,265
207,1,-5.39833909395,,8.0,0.024024024024,0,-2.52925599832,-2.81057109899,5,167
208,1,1.30144430658,0.0,9.0,0.027027027027,0,-0.994723991975,-0.714383717501,5,436
209,1,8.140436151,8.0,18.0,0.019019019019,0,0.660184012742,1.15988411277,5,947
210,1,11.1448896745,,12.0,0.02002002002,0,1.90839034938,0.41971862637,5,311
211,1,1.91755728484,0.0,19.0,0.021021021021,0,-0.856847486358,-0.511900256082,5,926
212,1,4.24491971608,,7.0,0.023023023023,0,0.1769219744,-1.28584620712,5,296
213,1,5.25787575862,2.0,7.0,0.028028028028,0,0.136957087556,-0.152995504049,5,183
214,1,1.55913558401,0.0,5.0,0.026026026026,0,-1.10141498972,-0.136619446834,5,204
215,1,9.64500871215,8.0,21.0,0.024024024024,0,1.68849832191,-0.420486253573,5,954
216,1,3.25458310971,2.0,10.0,0.021021021021,0,-0.881519574615,0.899141833558,5,456
217,1,6.37796693372,2.0,18.0,0.028028028028,0,0.507596962003,-0.144823952285,5,577
218,1,10.3361870522,8.0,15.0,0.025025025025,0,1.62748129219,0.453743175633,5,673
219,1,6.8102832092,,8.0,0.014014014014,0,0.447789990518,0.466913237642,5,188
220,1,9.6055013035,9.0,11.0,0.015015015015,0,1.55141024094,-0.0487294193141,5,875
221,1,10.6908874965,2.0,17.0,0.02002002002,0,2.24011494269,-1.02945733156,5,796
222,1,3.19222958396,,6.0,0.012012012012,0,-0.676321491595,0.221194058747,5,271
223,1,3.99016335632,2.0,5.0,0.016016016016,0,-1.6519372558,3.94597512371,5,427
224,1,7.1714445843,0.0,17.0,0.017017017017,0,0.685179949185,0.115904736744,5,969
225,1,10.4532760845,10.0,14.0,0.021021021021,0,1.34813865075,1.40886013223,5,515
226,1,9.20144305841,,14.0,0.032032032032,0,1.78154567699,-1.14319397255,5,200
227,1,8.8642687092,7.0,9.0,0.027027027027,0,0.184723191956,3.31009913333,5,248
228,1,1.44411127089,,2.0,0.022022022022,0,-1.19574260745,0.031339093239,5,31
229,1,1.86834072404,0.0,17.0,0.037037037037,0,-0.7908774395,-0.759026957455,5,552
230,1,2.21310803559,,7.0,0.022022022022,0,-0.760897152599,-0.504200506615,5,229
231,1,6.4257130763,2.0,12.0,0.023023023023,0,0.85152592781,-1.12886470713,5,472
232,1,1.38131986906,,4.0,0.021021021021,0,-0.668064093473,-1.61448785052,5,76
233,1,-0.275877620226,,0.0,0.028028028028,1,-1.19483960776,-1.69135879694,5,42
234,1,3.72911219962,0.0,14.0,0.018018018018,0,1.14942738311,-4.7191699497,5,568
235,1,6.20384871992,5.0,12.0,0.021021021021,0,0.264153389678,0.411388550884,5,415
236,1,11.0342268353,3.0,14.0,0.019019019019,0,2.22313418953,-0.635175733249,5,756
237,1,6.55562224111,1.0,10.0,0.022022022022,0,-0.349581553085,2.60436690037,5,332
238,1,9.80570502146,2.0,28.0,0.029029029029,0,0.897104361321,2.1143919375,5,928
239,1,4.61327555867,,5.0,0.019019019019,0,0.0829700135568,-0.635634482002,5,213
240,1,0.344192743972,0.0,3.0,0.021021021021,0,-0.626772441164,-2.77548993254,5,63
241,1,5.09194635927,,6.0,0.029029029029,0,0.428283203464,-1.19290325112,5,94
242,1,1.14355862808,,3.0,0.03003003003,0,-0.873856807252,-1.23487095017,5,70
243,1,12.6823116814,11.0,16.0,0.017017017017,0,1.46189364213,3.29663075495,5,902
244,1,4.09927404645,1.0,5.0,0.021021021021,0,-0.5518312447,0.75476778055,5,139
245,1,1.03593399154,0.0,2.0,0.024024024024,0,-0.80183415182,-1.558563553,5,89
246,1,3.06906113352,2.0,4.0,0.015015015015,0,-1.11884015599,1.42558160149,5,124
247,1,4.06134560861,2.0,8.0,0.016016016016,0,-0.331811276109,0.0567794369326,5,357
248,1,3.98567629766,1.0,12.0,0.017017017017,0,-0.200185849714,-0.4137661532,5,713
249,1,11.6825907632,0.0,15.0,0.019019019019,0,1.58663161005,1.92269593308,5,811
250,1,6.83132951425,1.0,15.0,0.021021021021,0,0.873656880678,-0.789641127787,5,592
251,1,8.25357482902,0.0,16.0,0.018018018018,0,0.331213849138,2.25993328161,5,794
252,1,2.80813352608,,12.0,0.015015015015,0,-0.499323912346,-0.693894736882,5,769
253,1,2.41004099841,1.0,8.0,0.013013013013,0,-0.608826624079,-0.763479129356,5,457
254,1,5.251184232,3.0,14.0,0.017017017017,0,-0.0687653811439,0.457480375436,5,773
255,1,2.39756460199,0.0,6.0,0.012012012012,0,-0.211629060639,-1.96754821609,5,194
256,1,4.63648661707,4.0,14.0,0.018018018018,0,0.323968302695,-1.33541829101,5,668
257,1,1.87371533156,0.0,3.0,0.019019019019,0,-0.739222686081,-0.908616610201,5,101
258,1,1.2242534502,,7.0,0.018018018018,0,-0.917444306888,-1.02341362913,5,342
259,1,5.59272213014,,14.0,0.029029029029,0,0.745851653078,-1.64483282909,5,496
260,1,4.42560251137,,8.0,0.014014014014,0,-0.495909190102,0.913330081678,5,289
261,1,2.88039378202,2.0,6.0,0.02002002002,0,-0.298106621572,-1.22528635327,5,215
262,1,2.75685099362,0.0,3.0,0.017017017017,0,-0.725520150148,-0.0665885559329,5,126
263,1,9.14371344631,3.0,11.0,0.014014014014,0,1.26023539735,0.363007254269,5,788
264,1,10.8036153982,8.0,18.0,0.019019019019,0,0.796168435257,3.41511009243,5,803
265,1,5.30852803065,1.0,16.0,0.028028028028,0,0.417239028876,-0.943189055977,5,584
266,1,5.13666793772,3.0,6.0,0.023023023023,0,0.515485865712,-1.40978965942,5,218
267,1,4.97342941973,0.0,7.0,0.032032032032,0,0.0825201027874,-0.274130888632,5,258
268,1,7.50509335102,0.0,14.0,0.016016016016,0,0.330750549944,1.51284170119,5,882
269,1,8.52846541743,8.0,20.0,0.031031031031,0,0.894462377956,0.845078283559,5,844
270,1,2.58990766199,,5.0,0.017017017017,0,-0.646319203717,-0.471134726859,5,244
271,1,6.13965574556,1.0,7.0,0.022022022022,0,-0.0180432584158,1.1937855208,5,278
272,1,8.94491487813,8.0,16.0,0.016016016016,0,0.437145900152,2.63347717768,5,845
273,1,7.09952571122,,8.0,0.012012012012,0,1.18850333789,-1.46598430246,5,529
274,1,1.35577659124,1.0,11.0,0.015015015015,0,-1.59573977726,1.14299592302,5,374
275,1,1.07009639682,,3.0,0.021021021021,0,-1.10260260304,-0.622095794055,5,82
276,1,7.61824557871,0.0,14.0,0.017017017017,0,1.25847291413,-1.15717316367,5,840
277,1,7.12873522968,3.0,14.0,0.018018018018,0,-0.0932798217048,2.4085746948,5,721
278,1,1.5647054687,0.0,5.0,0.018018018018,0,-0.884264062529,-0.782502343713,5,221
279,1,4.63927468886,,5.0,0.017017017017,0,-0.780764705842,1.98156880639,5,282
280,1,9.87148389325,5.0,20.0,0.022022022022,0,1.54979248079,0.222106450876,5,907
281,1,2.78393151731,,4.0,0.017017017017,0,-0.99410414258,0.766243945052,5,136
282,1,10.2511356688,0.0,14.0,0.018018018018,0,2.34060128843,-1.77066819652,5,813
283,1,9.32228764554,9.0,11.0,0.015015015015,0,-0.014557227581,4.36595932828,5,486
284,1,0.627998319816,,4.0,0.014014014014,0,-0.936355276693,-1.5629358501,5,123
285,1,-1.72306292116,,5.0,0.014014014014,0,-1.17619770924,-3.19446979344,5,243
286,1,4.55869084508,4.0,8.0,0.011011011011,0,0.384695325439,-1.59539513124,5,482
287,1,6.20670599245,1.0,11.0,0.014014014014,0,0.450445250209,-0.144629758175,5,731
288,1,1.0434855928,1.0,2.0,0.028028028028,1,-1.36714837634,0.144930721825,5,23
289,1,5.04286038533,3.0,8.0,0.015015015015,0,-0.674301180172,2.06576392584,5,620
290,1,4.37920155556,,9.0,0.018018018018,0,-0.722863689577,1.54779262429,5,586
291,1,5.58538929598,2.0,8.0,0.014014014014,0,0.588743281172,-1.18084054753,5,316
292,1,9.0221677327,,21.0,0.023023023023,0,0.485533576057,2.56556700453,5,701
293,1,0.286488521152,,2.0,0.023023023023,0,-1.23589043988,-1.00584015921,5,93
294,1,8.9969941946,1.0,11.0,0.018018018018,0,1.24223354793,0.270293550818,5,313
295,1,2.87023850417,,6.0,0.018018018018,0,-0.619996431659,-0.269772200858,5,160
296,1,7.09746024795,7.0,8.0,0.012012012012,1,0.0614927896597,1.91298187898,5,333
297,1,8.06843240181,4.0,16.0,0.021021021021,0,0.362000713816,1.98243026036,5,810
298,1,2.51193153778,,8.0,0.018018018018,0,-0.716709765517,-0.337939165671,5,209
299,1,1.77352774419,1.0,15.0,0.017017017017,0,-0.530274573746,-1.63564853457,5,574
300,1,1.76180034409,,3.0,0.013013013013,0,-0.511514971939,-1.70365474009,5,206
301,1,6.00637164234,4.0,9.0,0.013013013013,0,0.492179814967,-0.470167802559,5,538
302,1,7.58171099752,6.0,14.0,0.025025025025,0,0.124298153499,2.20881653703,5,523
303,1,4.97033368606,3.0,8.0,0.012012012012,0,-0.13253000518,0.367923701598,5,683
304,1,3.37666763613,,5.0,0.018018018018,0,-0.258728696978,-0.847146272931,5,263
305,1,9.09979738691,6.0,18.0,0.022022022022,0,0.839887000608,1.58013638509,5,869
306,1,7.64133405771,1.0,8.0,0.014014014014,0,0.287523418286,1.77876380285,5,498
307,1,11.127484497,10.0,14.0,0.017017017017,0,1.27259415818,2.30970202251,5,852
308,1,5.23429319477,2.0,9.0,0.014014014014,0,0.039073244744,0.117073460534,5,323
309,1,9.63757304558,3.0,12.0,0.017017017017,0,1.12735907849,1.25549581012,5,521
310,1,9.90033034451,9.0,15.0,0.016016016016,0,1.60080368984,0.097919274973,5,828
311,1,7.06196694352,5.0,11.0,0.014014014014,0,1.12265996382,-1.30601294795,5,606
312,1,0.922872466402,,14.0,0.021021021021,0,-1.05607609339,-0.908899253414,5,720
313,1,5.71497443027,2.0,7.0,0.021021021021,0,0.122284671494,0.34812041579,5,369
314,1,1.85705662746,0.0,5.0,0.024024024024,0,-1.06233343737,0.044056939574,5,134
315,1,0.278659666683,0.0,1.0,0.014014014014,1,-1.07875737803,-1.48506819922,5,60
316,1,6.19816952315,6.0,8.0,0.011011011011,0,0.456613605588,-0.171671293614,5,409
317,1,3.62183414474,,14.0,0.018018018018,0,-0.0107631026606,-1.34587654728,5,843
318,1,4.89146499885,2.0,10.0,0.012012012012,0,-0.79405245472,2.27362236301,5,859
319,1,7.17661928803,,11.0,0.014014014014,0,0.471433386298,0.762319129132,5,696
320,1,9.30562587459,9.0,11.0,0.025025025025,0,1.15512597951,0.840247936069,5,663
321,1,5.75653750196,,6.0,0.021021021021,0,0.426360665828,-0.522544495523,5,304
322,1,-5.66585813725,,1.0,0.019019019019,0,-2.96837295225,-1.76073928051,5,21
323,1,2.31365246757,0.0,6.0,0.018018018018,0,-0.552111204799,-1.03001391803,5,291
324,1,4.11911533293,2.0,9.0,0.019019019019,0,-0.664072874053,1.11133395509,5,550
325,1,5.8640550855,5.0,14.0,0.016016016016,0,-0.088980506173,1.13099660402,5,820
326,1,2.75831672758,0.0,3.0,0.017017017017,0,-0.141284340321,-1.81783025146,5,128
327,1,5.6891641158,,18.0,0.023023023023,0,0.386134966813,-0.46924078464,5,681
328,1,4.83434047653,3.0,5.0,0.014014014014,0,0.0383574127258,-0.280731761644,5,242
329,1,0.271197592522,0.0,5.0,0.016016016016,0,-1.34752453443,-0.686228804185,5,138
330,1,2.94954480903,2.0,11.0,0.02002002002,0,-0.484413715961,-0.597214043089,5,572
331,1,6.76206024872,6.0,11.0,0.022022022022,0,0.764869628615,-0.532548637127,5,434
332,1,6.90964133176,6.0,12.0,0.02002002002,0,0.578666677879,0.173641298118,5,646
333,1,10.7803992858,10.0,12.0,0.015015015015,0,2.18665445793,-0.779564088022,5,798
334,1,0.731526161621,,2.0,0.021021021021,0,-0.899864568665,-1.56888013238,5,46
335,1,4.57160039802,0.0,9.0,0.017017017017,0,-0.45943043614,0.949891706439,5,553
336,1,0.256836449475,0.0,2.0,0.02002002002,0,-0.31951482683,-3.78461907004,5,109
337,1,9.2856794273,4.0,12.0,0.017017017017,0,1.69499090509,-0.799293287975,5,571
338,1,7.02951482138,0.0,11.0,0.015015015015,0,0.427857460448,0.745942440036,5,636
339,0,12.9016506432,12.0,,0.012012012012,0,1.35159778014,3.84685730282,5,877
340,1,6.21630352856,2.0,9.0,0.016016016016,0,0.232948803643,0.517457117636,5,410
341,1,4.84693685964,1.0,11.0,0.019019019019,0,-0.445159259273,1.18241463746,5,328
342,1,9.94488896664,9.0,12.0,0.022022022022,0,0.18159223148,4.4001122722,5,375
343,1,8.61286038861,2.0,10.0,0.016016016016,0,0.328071516349,2.62864583956,5,461
344,1,6.5323532247,,8.0,0.01001001001,0,1.4184363666,-2.72295587509,5,252
345,1,3.70397075485,2.0,6.0,0.011011011011,0,-1.01502687903,1.74905139195,5,372
346,1,1.96896915287,,4.0,0.014014014014,0,-0.975250588295,-0.105279082241,5,217
347,1,7.60095199643,5.0,13.0,0.016016016016,0,1.97943182611,-3.3373434819,5,818
348,1,0.857357265618,,4.0,0.015015015015,0,-0.732350522771,-1.94559116607,5,90
349,1,4.5474457613,1.0,10.0,0.017017017017,0,-0.0885602436251,-0.186873507821,5,414
350,1,7.15020142157,5.0,15.0,0.018018018018,0,0.0499664211834,2.00030215801,5,887
351,1,4.95245523054,3.0,9.0,0.015015015015,0,-0.573343928635,1.67248701645,5,645
352,1,9.26860131047,8.0,12.0,0.019019019019,0,0.884905640022,1.6138843904,5,418
353,1,2.36481364308,0.0,3.0,0.014014014014,0,-0.386004590424,-1.47717258565,5,87
354,1,1.00851765405,,2.0,0.021021021021,0,-1.36852863282,0.114103552499,5,41
355,1,8.01850367669,7.0,9.0,0.015015015015,0,1.23149119856,-0.675969918979,5,630
356,1,4.71234624639,3.0,6.0,0.016016016016,0,0.273021069468,-1.10671696202,5,353
357,1,1.87489667125,1.0,12.0,0.016016016016,0,-0.763851630635,-0.833548436847,5,632
358,1,2.66357628226,0.0,6.0,0.018018018018,0,-0.498926761904,-0.839643432029,5,347
359,1,2.87787806022,,7.0,0.018018018018,0,-0.443653284852,-0.79116208522,5,338
360,1,6.09419142432,6.0,8.0,0.013013013013,0,0.0266100489208,1.01436127756,5,491
361,1,5.67265067755,1.0,7.0,0.017017017017,0,-0.270612969465,1.48448958595,5,259
362,1,0.10769300938,,1.0,0.015015015015,0,-1.5075089467,-0.369780150512,5,28
363,1,4.13350360027,0.0,8.0,0.017017017017,0,-0.676911839263,1.16423911806,5,366
364,1,5.84776331967,1.0,8.0,0.017017017017,0,-0.40340850237,2.05798882678,5,399
365,1,6.24962464081,,7.0,0.023023023023,0,-0.337143612372,2.26105547793,5,135
366,1,2.3236286505,0.0,7.0,0.012012012012,0,-0.47077463498,-1.26404744456,5,492
367,1,4.27659350211,,9.0,0.017017017017,0,-0.171011920664,-0.210370735903,5,449
368,1,2.3460279915,,9.0,0.012012012012,0,-0.768724351079,-0.347798955264,5,487
369,1,7.26227490823,2.0,13.0,0.014014014014,0,0.0865762253166,2.00254623228,5,937
370,1,7.79668945851,1.0,10.0,0.016016016016,0,0.196380690799,2.20754738611,5,386
371,1,4.23559368457,2.0,5.0,0.025025025025,0,-0.264696782856,0.0296840331417,5,119
372,1,-0.295718307766,,1.0,0.018018018018,0,-0.456629428508,-3.92583002224,5,129
373,1,4.63423752368,0.0,10.0,0.017017017017,0,0.110056454497,-0.69593183981,5,801
374,1,9.69734316154,5.0,11.0,0.016016016016,0,1.86093268353,-0.885454889038,5,685
375,1,9.61707495386,9.0,13.0,0.017017017017,0,0.819578305932,2.15834003606,5,686
376,1,6.60136885416,,11.0,0.014014014014,0,1.50905675948,-2.92580142429,5,722
377,1,4.51300953456,4.0,7.0,0.012012012012,0,-0.148474549243,-0.0415668177133,5,268
378,1,2.43931678209,1.0,9.0,0.013013013013,0,-0.823899830699,-0.0889837258118,5,540
379,1,7.16765141192,,11.0,0.013013013013,0,1.10841603327,-1.15759668789,5,889
380,1,3.18981145191,1.0,5.0,0.014014014014,0,-0.177687067779,-1.27712734476,5,309
381,1,4.29217592323,0.0,7.0,0.012012012012,0,0.0423439921218,-0.834856053135,5,402
382,1,4.2285090762,1.0,11.0,0.013013013013,0,0.443732945934,-2.1026897616,5,611
383,1,1.54818696539,,9.0,0.012012012012,0,-0.528916288761,-1.86506416832,5,792
384,1,3.52424866323,1.0,7.0,0.019019019019,0,-0.371210571877,-0.362119621135,5,216
385,1,10.7041880725,5.0,14.0,0.015015015015,0,1.66338107034,0.714044861455,5,827
386,1,4.63059484122,0.0,6.0,0.015015015015,0,-0.352839122466,0.689112208618,5,267
387,1,9.11281694072,,10.0,0.021021021021,0,1.6529599703,-0.846062970187,5,455
388,1,8.4488644867,8.0,14.0,0.014014014014,0,1.21790005433,-0.204835676293,5,923
389,1,6.16350221087,2.0,14.0,0.019019019019,0,0.29138799215,0.289338234418,5,733
390,1,3.8458285019,0.0,5.0,0.013013013013,0,-0.466519055865,0.245385669496,5,287
391,1,1.47804212577,,13.0,0.018018018018,0,-0.814464370218,-1.07856476357,5,541
392,1,1.95700999939,,3.0,0.017017017017,0,-0.882919440089,-0.394231680343,5,44
393,1,9.43546659423,9.0,10.0,0.012012012012,1,1.29347092939,0.555053806058,5,702
394,1,4.71156626872,2.0,6.0,0.021021021021,0,-0.125235696916,0.0872733594695,5,159
395,1,1.7437385946,,6.0,0.02002002002,0,-1.51641627985,1.29298743415,5,205
396,1,4.05631232032,2.0,11.0,0.015015015015,0,0.219054680689,-1.60085172174,5,707
397,1,8.10921875956,4.0,13.0,0.018018018018,0,0.669004615381,1.10220491342,5,440
398,1,10.3933644666,10.0,11.0,0.016016016016,1,1.6080996103,0.569065635706,5,479
399,1,-0.577381350256,,0.0,0.023023023023,1,-2.06015661168,0.603088484777,5,7
400,1,9.79102125099,,11.0,0.019019019019,0,1.05441789665,1.62776756102,5,437
401,1,9.51969242305,9.0,11.0,0.017017017017,0,1.8001798923,-0.880847253854,5,484
402,1,10.1320082324,8.0,17.0,0.018018018018,0,1.49454382855,0.648376746788,5,719
403,1,7.84463419539,7.0,15.0,0.015015015015,0,1.39012123108,-1.32572949786,5,598
404,1,0.988115573833,0.0,13.0,0.017017017017,0,-0.621063794179,-2.14869304363,5,808
405,1,5.97957957225,0.0,7.0,0.016016016016,0,-0.291897094339,1.85527085527,5,453
406,1,5.78874224618,,6.0,0.014014014014,0,0.916816376091,-1.9617068821,5,407
407,1,10.6368601868,10.0,11.0,0.013013013013,1,1.62739493428,0.754675383926,5,860
408,1,10.6197220384,8.0,13.0,0.018018018018,0,1.57833206438,0.884725845258,5,609
409,1,11.2950426803,,12.0,0.017017017017,0,1.55699244526,1.62406534449,5,561
410,1,5.05624960136,,6.0,0.01001001001,0,0.696912148886,-2.0344868453,5,174
411,1,11.4969259936,11.0,12.0,0.013013013013,1,2.30581435744,-0.420517078703,5,917
412,1,4.92726627912,0.0,5.0,0.013013013013,0,-0.488546032509,1.39290437664,5,156
413,1,7.07508425349,6.0,8.0,0.017017017017,0,1.15048598702,-1.37637370756,5,388
414,1,4.25017789615,1.0,8.0,0.012012012012,0,-0.589237033706,1.01788899727,5,564
415,1,0.00566953307374,,1.0,0.011011011011,0,-1.76903758859,0.312782298829,5,73
416,1,8.69626768354,3.0,12.0,0.016016016016,0,0.980045554937,0.756131018728,5,694
417,1,-0.291654096572,,1.0,0.014014014014,0,-1.54474205874,-0.657427920354,5,17
418,1,3.51459596637,3.0,9.0,0.017017017017,0,-0.459017578534,-0.108351298023,5,650
419,1,3.3971244679,0.0,12.0,0.016016016016,0,0.212869700105,-2.24148463241,5,692
420,1,8.0475129046,8.0,11.0,0.016016016016,0,1.51485143813,-1.49704140979,5,659
421,1,7.32309279627,0.0,8.0,0.014014014014,0,0.750407396535,0.071870606664,5,610
422,1,0.769951713358,,5.0,0.015015015015,0,-1.42263026084,0.0378424958818,5,173
423,1,8.4046217094,3.0,9.0,0.017017017017,0,0.0527386968042,3.24640561899,5,381
424,1,7.32127162652,2.0,10.0,0.018018018018,0,0.867554488777,-0.281391839811,5,370
425,1,8.65237850542,5.0,11.0,0.019019019019,0,1.34879055902,-0.393993171628,5,640
426,1,3.02119393232,,4.0,0.017017017017,0,-0.357820988028,-0.905343103596,5,48
427,1,3.3031939144,,14.0,0.018018018018,0,-0.160106901469,-1.2164853812,5,644
428,1,3.95454188068,,6.0,0.015015015015,0,0.439284495795,-2.3633116067,5,412
429,1,0.0722799174207,,5.0,0.017017017017,0,-1.23886607663,-1.21112185269,5,417
430,1,8.51305314421,6.0,13.0,0.015015015015,0,0.430112486463,2.22271568482,5,847
431,1,1.98817542385,0.0,12.0,0.015015015015,0,-1.97119838005,2.901770564,5,429
432,1,5.5794454414,5.0,16.0,0.02002002002,0,-0.325550696208,1.55609753002,5,809
433,1,5.06098945622,,8.0,0.017017017017,0,0.00421807796343,0.0483352223302,5,314
434,1,12.3595430325,11.0,13.0,0.017017017017,0,2.41031738313,0.128590883144,5,919
435,1,6.05994409657,,11.0,0.016016016016,0,0.171637114781,0.545032752226,5,750
436,1,4.50834235345,4.0,7.0,0.021021021021,0,-0.00469158874734,-0.477582880307,5,310
437,1,0.987500639114,0.0,4.0,0.015015015015,0,-0.618440145776,-2.15717892356,5,177
438,1,2.68848787231,2.0,15.0,0.016016016016,0,-0.0205375591454,-2.24989945025,5,906
439,1,7.53651625857,5.0,11.0,0.012012012012,0,0.661278286216,0.552681399922,5,935
440,1,7.54356090363,,10.0,0.014014014014,0,0.560798683663,0.861164852637,5,330
441,1,7.23621267363,0.0,9.0,0.015015015015,0,0.803006667865,-0.172807329959,5,760
442,1,-0.440275659514,,4.0,0.012012012012,0,-1.63059929425,-0.548477776766,5,98
443,1,4.96891241502,,8.0,0.013013013013,0,-0.447657084707,1.31188366914,5,190
444,1,3.73168841412,,7.0,0.011011011011,0,-0.487940417838,0.195509667629,5,522
445,1,10.6841220971,7.0,11.0,0.013013013013,0,0.838414638206,3.16887818245,5,881
446,1,3.32857283215,1.0,7.0,0.014014014014,0,-0.711137492111,0.461985308482,5,352
447,1,6.13243577289,4.0,12.0,0.012012012012,0,0.331916531789,0.13668617752,5,936
448,1,1.66895466637,0.0,13.0,0.015015015015,0,-1.05171918621,-0.175887775012,5,708
449,1,3.85253627851,3.0,4.0,0.017017017017,1,-0.0551895833398,-0.981894971471,5,270
450,1,7.08439012942,7.0,9.0,0.018018018018,0,1.41027791046,-2.14644360195,5,593
451,1,2.3765627524,0.0,8.0,0.015015015015,0,-0.308779859387,-1.69709766944,5,470
452,1,4.03997378009,4.0,13.0,0.017017017017,0,0.639712157034,-2.87916269101,5,716
453,1,4.40229396678,1.0,7.0,0.018018018018,0,-0.138343728392,-0.182674848041,5,237
454,1,6.47703285151,4.0,10.0,0.01001001001,0,0.322755038844,0.508767734984,5,941
455,1,-2.87052831007,,0.0,0.016016016016,1,-1.10721474784,-4.54888406654,5,30
456,1,5.28795116308,3.0,7.0,0.017017017017,0,-0.49282260901,1.7664189901,5,397
457,1,11.3226884728,11.0,13.0,0.013013013013,0,1.94432393504,0.489716667717,5,916
458,1,0.749254988325,,1.0,0.013013013013,0,-0.689611095665,-2.18191172468,5,81
459,1,4.7437489822,,5.0,0.025025025025,0,-0.160132428221,0.224146266866,5,176
460,1,-5.38549800861,,0.0,0.016016016016,1,-2.64138928573,-2.46133015142,5,4
461,1,10.4825506588,10.0,12.0,0.015015015015,0,1.35981097076,1.40311774649,5,805
462,1,5.96690862109,0.0,9.0,0.014014014014,0,0.201504776229,0.362394292404,5,526
463,1,8.34794292108,7.0,11.0,0.014014014014,0,1.62566412977,-1.52904946823,5,477
464,1,8.75118170095,1.0,12.0,0.018018018018,0,0.976797962256,0.820787814185,5,846
465,1,2.64498518734,,13.0,0.013013013013,0,-0.435353234393,-1.04895510948,5,872
466,1,2.70871645031,0.0,4.0,0.013013013013,0,-0.904697449513,0.422808798845,5,277
467,1,9.97508469568,3.0,17.0,0.018018018018,0,0.516534416404,3.42548144647,5,747
468,1,9.19742966211,8.0,10.0,0.012012012012,0,1.1623797345,0.71029045862,5,749
469,1,1.51480591335,,14.0,0.016016016016,0,-1.52268546398,1.08286230528,5,736
470,1,2.83020374247,,10.0,0.012012012012,0,0.128517925137,-2.55535003295,5,693
471,1,4.17614106646,0.0,11.0,0.015015015015,0,0.521782032949,-2.38920503239,5,597
472,1,5.48182454993,5.0,9.0,0.012012012012,0,0.100298318277,0.180929595099,5,473
473,1,2.16829569587,,5.0,0.018018018018,0,0.254053502258,-3.5938648109,5,431
474,1,11.2143129134,5.0,12.0,0.012012012012,0,1.78511691182,0.858962177976,5,855
475,1,2.91440049427,,3.0,0.01001001001,0,-0.361083567142,-1.00234880431,5,219
476,1,11.8030649391,11.0,15.0,0.015015015015,0,1.67437371554,1.77994379249,5,962
477,1,2.00262473721,,7.0,0.011011011011,0,-1.20610836278,0.620949825537,5,463
478,1,1.79953320468,1.0,7.0,0.013013013013,0,-1.06054807077,-0.0188225830227,5,404
479,1,9.0979302554,3.0,10.0,0.013013013013,0,1.67529571915,-0.927956902053,5,670
480,1,7.25104314669,3.0,12.0,0.016016016016,0,0.854800535881,-0.313358460954,5,709
481,1,1.23201605244,0.0,3.0,0.016016016016,0,-1.14538866025,-0.331817966812,5,64
482,0,14.5606592345,12.0,,0.012012012012,0,3.03717762859,0.449126348724,5,812
483,1,1.68875462396,,5.0,0.018018018018,0,-0.729573242788,-1.12252564768,5,240
484,1,8.25443987065,8.0,11.0,0.013013013013,0,0.894495657625,0.570952897775,5,877
485,1,8.55219147696,,11.0,0.014014014014,0,0.547185574356,1.91063475389,5,363
486,1,9.00817595936,7.0,12.0,0.013013013013,0,1.22763481137,0.325271525261,5,977
487,1,1.77821629186,1.0,5.0,0.018018018018,0,-0.947168683306,-0.38027765822,5,264
488,1,3.79667158098,1.0,16.0,0.016016016016,0,-0.807318082503,1.21862582848,5,909
489,1,2.71663868905,,12.0,0.019019019019,0,-0.0372142516826,-2.1717185559,5,468
490,1,8.49517417756,7.0,13.0,0.017017017017,0,1.39959294889,-0.703604669118,5,746
491,1,1.76424948215,,7.0,0.019019019019,0,-0.736930783736,-1.02495816665,5,150
492,1,5.35854998866,5.0,9.0,0.017017017017,0,0.296171384318,-0.529964164297,5,339
493,1,1.141034111,,3.0,0.013013013013,0,-0.985832502829,-0.901468380514,5,47
494,1,1.75034774597,,9.0,0.019019019019,0,-0.79944004354,-0.851332123409,5,368
495,1,3.70460892486,,13.0,0.015015015015,0,-0.756688293767,0.974673806163,5,789
496,1,7.63125497669,3.0,9.0,0.013013013013,0,1.2258725239,-1.046362595,5,690
497,1,4.50645424182,3.0,10.0,0.012012012012,0,-0.188733708792,0.0726553681938,5,558
498,1,8.24492273122,3.0,13.0,0.013013013013,0,0.746120536584,1.00656112147,5,922
499,1,2.43697212417,,4.0,0.012012012012,0,-1.29258063645,1.31471403351,5,92
500,1,7.53526761401,1.0,10.0,0.016016016016,0,0.222866514512,1.86666807048,5,631
501,1,9.97426587501,1.0,15.0,0.018018018018,0,1.72573595099,-0.202941977947,5,781
502,1,7.47253907991,4.0,9.0,0.011011011011,0,0.711767452933,0.33723672111,5,834
503,1,-1.15714372997,,0.0,0.02002002002,1,-2.81383219363,2.28435285092,5,15
504,1,8.28934700065,5.0,10.0,0.011011011011,0,0.556354263683,1.6202842096,5,955
505,1,8.63096813643,8.0,13.0,0.014014014014,0,0.817605536943,1.1781515256,5,942
506,1,8.37376430113,7.0,10.0,0.011011011011,0,1.10159351092,0.0689837683569,5,974
507,1,3.8591373689,0.0,4.0,0.013013013013,0,0.0331126978825,-1.24020072474,5,104
508,1,8.82806193643,7.0,9.0,0.013013013013,0,0.0577563855603,3.65479277975,5,658
509,1,5.87928048502,4.0,6.0,0.012012012012,0,0.696881271325,-1.21136332895,5,742
510,1,4.6577201286,4.0,8.0,0.012012012012,0,-0.116203019147,0.006329186046,5,525
511,1,5.51187677134,2.0,6.0,0.013013013013,0,-0.212439719146,1.14919592878,5,280
512,1,7.91758653975,3.0,8.0,0.017017017017,0,1.63903572275,-1.99952062852,5,446
513,1,-0.104369995832,,1.0,0.013013013013,0,-1.63885342847,-0.187809710423,5,79
514,1,1.57302594427,1.0,5.0,0.014014014014,0,-0.866583288182,-0.827224191182,5,232
515,1,1.34623231099,,2.0,0.018018018018,0,-1.42349944454,0.616730644608,5,102
516,1,5.76817715559,1.0,6.0,0.012012012012,0,0.302959130227,-0.14070023509,5,319
517,1,-2.14168336166,,0.0,0.013013013013,1,-1.96875249032,-1.23542589071,5,32
518,1,8.67985183546,5.0,9.0,0.015015015015,0,1.35042992944,-0.371437952871,5,384
519,1,3.45810678176,3.0,6.0,0.012012012012,0,-0.39822862897,-0.347207331333,5,382
520,1,3.44592972348,,4.0,0.012012012012,0,-1.09053171209,1.71752485974,5,88
521,1,7.54641811358,7.0,10.0,0.012012012012,0,1.18041554974,-0.994828535645,5,633
522,1,1.31301057337,1.0,8.0,0.013013013013,0,-0.239212993826,-2.96935044515,5,341
523,0,10.278101291,10.0,,0.01001001001,0,1.66855993923,0.272421473297,5,904
524,1,1.19539574709,,13.0,0.014014014014,0,-0.985072794851,-0.849385868357,5,908
525,1,4.95577859709,,9.0,0.018018018018,0,0.0972790342281,-0.336058505596,5,371
526,1,3.94019976532,0.0,12.0,0.014014014014,0,-0.300164332081,-0.159307238434,5,772
527,1,11.1945508191,11.0,13.0,0.015015015015,0,1.75354837834,0.933905684043,5,966
528,1,0.790357425922,,4.0,0.016016016016,0,-1.55336173515,0.450442631383,5,172
529,1,9.77006712937,1.0,10.0,0.013013013013,0,0.95564825246,1.90312237199,5,607
530,1,5.1292309279,4.0,11.0,0.014014014014,0,-0.125591349054,0.506004975062,5,835
531,1,6.33924443441,4.0,11.0,0.014014014014,0,-0.452762527644,2.69753201734,5,666
532,1,3.63416589654,0.0,11.0,0.011011011011,0,-0.865347706573,1.23020901626,5,775
533,1,14.2336520383,13.0,15.0,0.015015015015,0,2.9034904728,0.523180619947,5,958
534,1,1.400528962,0.0,2.0,0.011011011011,0,-0.63792392603,-1.68569925991,5,80
535,1,4.32655090709,0.0,7.0,0.015015015015,0,-0.312882878522,0.265199542655,5,385
536,1,5.06796529234,0.0,9.0,0.014014014014,0,-0.101613285972,0.372805150256,5,464
537,1,6.52538661077,6.0,7.0,0.012012012012,1,0.555281810523,-0.140458820797,5,566
538,1,10.1025722313,,12.0,0.013013013013,0,0.485129454993,3.64718386637,5,740
539,1,7.75596967765,6.0,12.0,0.012012012012,0,-0.0151471742874,2.80141120051,5,895
540,1,5.12592323778,,8.0,0.013013013013,0,0.229601945948,-0.562882600061,5,202
541,1,0.437957339109,,7.0,0.011011011011,0,-0.537229764679,-2.95035336685,5,536
542,1,7.0652887563,2.0,9.0,0.011011011011,0,0.309053062814,1.13812956785,5,795
543,1,8.06379834196,8.0,10.0,0.01001001001,0,0.944106317645,0.231479389029,5,970
544,1,1.56245647561,,7.0,0.012012012012,0,-0.356008830219,-2.36951703374,5,426
545,1,7.55475909166,7.0,12.0,0.012012012012,0,1.01312759947,-0.484623706751,5,950
546,1,3.60588222865,0.0,8.0,0.014014014014,0,0.791414716968,-3.76836192225,5,570
547,1,6.30120000929,2.0,10.0,0.016016016016,0,0.336352103284,0.292143699436,5,383
548,1,4.65760940213,3.0,7.0,0.014014014014,0,-0.0667347515378,-0.142186343254,5,671
549,1,1.85760994909,,5.0,0.011011011011,0,-0.910816832421,-0.409939553648,5,141
550,1,11.1608901014,,17.0,0.018018018018,0,2.80804049119,-2.26323137217,5,973
551,1,6.37183725838,4.0,14.0,0.014014014014,0,0.783255778883,-0.977930078265,5,911
552,1,0.411445030549,,10.0,0.018018018018,0,-1.67747770904,0.443878157664,5,648
553,1,-1.38750348602,,1.0,0.017017017017,0,-3.0803688765,2.85360314347,5,24
554,1,3.3262880106,0.0,8.0,0.013013013013,0,-1.14535142898,1.76234229755,5,698
555,1,0.479699985494,,2.0,0.014014014014,0,-0.58915487039,-2.75283540334,5,57
556,1,6.132857692,6.0,8.0,0.012012012012,0,-0.217571730921,1.78557288477,5,703
557,1,6.01194744959,2.0,12.0,0.012012012012,0,-0.218667932153,1.66795124605,5,819
558,1,2.31496471531,0.0,4.0,0.015015015015,0,-0.58318479861,-0.935480888855,5,125
559,1,1.29460370983,1.0,3.0,0.011011011011,0,-1.11685734955,-0.354824241529,5,343
560,1,9.05129147621,,10.0,0.018018018018,0,1.00097442369,1.04836820514,5,377
561,1,8.10190052191,4.0,13.0,0.013013013013,0,0.511928977574,1.56611358919,5,829
562,1,9.29612678314,0.0,13.0,0.013013013013,0,1.13928744802,0.878264439075,5,791
563,1,-1.5670677864,,0.0,0.015015015015,1,-1.31241695014,-2.62981693597,5,6
564,1,4.92289441067,2.0,7.0,0.013013013013,0,-0.380835908132,1.06540213507,5,367
565,1,-0.125148992954,,1.0,0.013013013013,0,-1.13202794912,-1.72906514559,5,34
566,1,8.43553843809,8.0,10.0,0.01001001001,0,0.722278858936,1.26870186128,5,539
567,1,10.9138691582,8.0,13.0,0.013013013013,0,1.42922122672,1.62620547804,5,893
568,1,5.25247291574,0.0,7.0,0.011011011011,0,0.429581316793,-1.03627103464,5,542
569,1,5.61904497453,2.0,9.0,0.018018018018,0,0.970863618581,-2.29354588121,5,435
570,1,3.109407112,1.0,5.0,0.013013013013,0,-0.174744294368,-1.36636000489,5,443
571,1,1.0285920697,,2.0,0.01001001001,0,-0.975627984726,-1.04452397612,5,85
572,1,5.20474073896,,6.0,0.015015015015,0,-0.269896912066,1.01443147516,5,403
573,1,8.69602526873,7.0,10.0,0.012012012012,0,1.44956741356,-0.652676971941,5,857
574,1,7.24247631975,7.0,8.0,0.012012012012,1,1.00734762096,-0.779566543131,5,618
575,1,6.11603252538,6.0,12.0,0.014014014014,0,0.277532284005,0.283435673368,5,786
576,1,8.61038180988,4.0,11.0,0.013013013013,0,-0.289616036877,4.47922992051,5,519
577,1,0.28954685917,,1.0,0.013013013013,0,-2.18816819284,1.8540514377,5,13
578,1,4.26310792616,2.0,8.0,0.014014014014,0,0.426468845223,-2.01629860951,5,548
579,1,7.13332299825,5.0,9.0,0.014014014014,0,1.18549804823,-1.42317114645,5,490
580,1,9.50405739416,4.0,13.0,0.017017017017,0,1.0435755611,1.37333071085,5,642
581,1,6.30268938052,2.0,9.0,0.016016016016,0,0.155669976467,0.835679451116,5,596
582,1,3.16938494741,,9.0,0.013013013013,0,-0.327615087131,-0.847769791198,5,544
583,1,6.22394061267,0.0,11.0,0.012012012012,0,-0.0137549089142,1.26520533941,5,822
584,1,3.23041368834,0.0,4.0,0.012012012012,0,-0.895148439546,0.91585900698,5,236
585,1,2.31189279993,,3.0,0.014014014014,0,-1.20667039565,0.931903986899,5,120
586,1,2.39228641161,0.0,5.0,0.015015015015,0,-0.842427249054,-0.0804318412286,5,308
587,1,8.558613775,8.0,9.0,0.011011011011,1,1.13670206688,0.148507574363,5,870
588,1,0.51795032409,,3.0,0.012012012012,0,-1.08295831247,-1.2331747385,5,97
589,1,4.070559785,1.0,5.0,0.01001001001,0,-0.454995615438,0.435546631318,5,162
590,1,8.29804370667,7.0,12.0,0.014014014014,0,1.39881087015,-0.898388903764,5,864
591,1,1.62253989377,,2.0,0.013013013013,0,-0.803875147643,-0.9658346633,5,115
592,1,4.33466293999,,6.0,0.011011011011,0,-0.311599510141,0.269461470412,5,262
593,1,8.14613738959,8.0,10.0,0.012012012012,0,1.63109738683,-1.74715477089,5,689
594,1,4.48515911007,4.0,9.0,0.011011011011,0,0.0540702878863,-0.677051753584,5,718
595,1,2.22359265277,,5.0,0.013013013013,0,-1.59312322243,2.00296232007,5,155
596,1,0.661819782983,0.0,9.0,0.012012012012,0,-0.837627887417,-1.82529655477,5,613
597,1,5.37199085749,2.0,10.0,0.013013013013,0,0.0531521409439,0.212534434655,5,600
598,1,-1.76793716698,,5.0,0.011011011011,0,-1.39506975173,-2.58272791178,5,178
599,1,0.713426123194,,1.0,0.014014014014,0,-0.952248380654,-1.42982873484,5,29
600,1,7.92184729444,3.0,9.0,0.012012012012,0,1.12224542428,-0.444888978385,5,787
601,1,2.72145910207,2.0,8.0,0.012012012012,0,-0.902719642849,0.429618030619,5,732
602,1,-0.661906418775,,1.0,0.012012012012,0,-1.47160682436,-1.24708594571,5,108
603,1,5.52918485778,1.0,12.0,0.014014014014,0,0.0361973785721,0.42059272206,5,790
604,1,0.0838445982326,,1.0,0.012012012012,0,-1.14699012216,-1.4751850353,5,49
605,1,7.48672714789,6.0,10.0,0.01001001001,0,0.77276973099,0.16841795492,5,725
606,1,7.10397478364,,8.0,0.013013013013,0,0.434741300054,0.799750883481,5,432
607,1,6.96429486667,6.0,8.0,0.014014014014,0,1.14153352621,-1.46030571195,5,355
608,1,9.67556553664,0.0,10.0,0.011011011011,0,0.822779258068,2.20722776243,5,676
609,1,1.80915445187,,3.0,0.016016016016,0,-0.835525134816,-0.68427014368,5,66
610,1,1.56215248486,0.0,3.0,0.011011011011,0,-1.53667298875,1.1721714511,5,65
611,1,4.02610166283,4.0,11.0,0.013013013013,0,-0.563107123452,0.715423033187,5,573
612,1,6.18136705093,6.0,7.0,0.014014014014,1,0.232882574535,0.482719327324,5,163
613,1,0.751194188662,,1.0,0.012012012012,0,-1.7866679649,1.11119808335,5,12
614,1,5.35634684563,3.0,6.0,0.014014014014,0,-0.235818474372,1.06380226874,5,334
615,1,10.6025465712,10.0,11.0,0.014014014014,1,2.16010464073,-0.877767350962,5,599
616,1,7.91885642266,1.0,12.0,0.015015015015,0,1.12121926243,-0.444801364645,5,684
617,1,1.97905871848,0.0,2.0,0.016016016016,0,-0.665772379436,-1.02362414322,5,234
618,1,4.93867900526,,10.0,0.013013013013,0,-0.757115212021,2.21002464132,5,712
619,1,6.73270299769,4.0,9.0,0.014014014014,0,0.473855116939,0.311137646875,5,524
620,1,4.64839512857,1.0,6.0,0.014014014014,0,-1.07218665096,2.86495508144,5,283
621,1,7.76623838738,3.0,8.0,0.01001001001,0,1.29975410532,-1.13302392858,5,602
622,1,7.58855369975,0.0,16.0,0.017017017017,0,1.26912688672,-1.21882696042,5,972
623,1,2.85058023603,2.0,8.0,0.012012012012,0,-0.727578380067,0.0333153762316,5,416
624,1,-3.27237883449,,0.0,0.013013013013,1,-2.66026319766,-0.291589241505,5,14
625,0,11.6429187592,10.0,,0.01001001001,0,1.97894877485,0.706072434586,5,312
626,1,0.818248346922,,2.0,0.019019019019,0,-1.88877310922,1.48456767459,5,62
627,1,5.85456984402,2.0,9.0,0.014014014014,0,0.26178569227,0.0692127672078,5,625
628,1,1.71787875829,0.0,5.0,0.011011011011,0,-0.792445991377,-0.904783267575,5,476
629,1,1.8999477236,,9.0,0.011011011011,0,-1.42317574128,1.16947494745,5,804
630,1,5.76687642367,2.0,12.0,0.014014014014,0,-0.114705570837,1.11099313618,5,904
631,1,8.19372743821,7.0,14.0,0.014014014014,0,1.26925222525,-0.614029237543,5,878
632,1,5.11087282679,0.0,9.0,0.013013013013,0,-0.18577435531,0.668195892719,5,687
633,1,2.039354826,2.0,10.0,0.012012012012,0,-0.655000806554,-0.995642754339,5,678
634,1,6.83522480074,6.0,10.0,0.011011011011,0,1.01141364989,-1.19901614894,5,967
635,1,2.33561068152,2.0,6.0,0.011011011011,0,0.139656854522,-3.08335988204,5,714
636,1,3.05528598756,1.0,4.0,0.016016016016,0,0.135609344771,-2.35154204675,5,165
637,1,5.9468716768,,8.0,0.011011011011,0,0.571193383959,-0.766708475077,5,272
638,1,-2.13082458335,,4.0,0.012012012012,0,-2.33827838627,-0.115989424553,5,179
639,1,7.8548936368,5.0,8.0,0.011011011011,0,0.548240938302,1.21017082189,5,621
640,1,11.77235002,11.0,12.0,0.012012012012,1,2.71066674175,-1.35965020521,5,957
641,1,4.38570895245,3.0,9.0,0.012012012012,0,-0.349025772138,0.432786268862,5,637
642,1,10.7544553451,9.0,13.0,0.013013013013,0,0.978860382792,2.81787419671,5,884
643,1,9.07202338182,3.0,10.0,0.01001001001,0,1.05640716761,0.902801878975,5,758
644,1,9.18635378202,8.0,10.0,0.011011011011,0,1.16033814941,0.705339333786,5,770
645,1,2.08630543961,,3.0,0.011011011011,0,-1.04975298845,0.235564404962,5,198
646,1,9.44923419763,,10.0,0.012012012012,0,1.29397161312,0.567319358273,5,654
647,1,6.26008971463,3.0,8.0,0.011011011011,0,-0.257391453564,2.03226407533,5,800
648,1,7.74211766867,4.0,8.0,0.01001001001,0,1.01160658423,-0.292702084037,5,425
649,1,5.15884533821,1.0,8.0,0.013013013013,0,-0.152815799036,0.61729273532,5,532
650,1,9.32709420986,5.0,11.0,0.016016016016,0,1.28146651572,0.482694662699,5,700
651,1,5.45520242351,2.0,13.0,0.013013013013,0,0.344702729915,-0.578905766238,5,850
652,1,4.65851365216,,8.0,0.011011011011,0,-0.324005257591,0.630529424929,5,438
653,1,8.19306520919,7.0,9.0,0.01001001001,0,0.933533999558,0.392463210515,5,588
654,1,9.0412259943,,12.0,0.016016016016,0,0.714270258186,1.89841521974,5,649
655,1,8.2046984122,5.0,9.0,0.014014014014,0,0.777579900323,0.871958711234,5,587
656,1,5.62593103839,0.0,6.0,0.012012012012,0,0.403018688197,-0.583125026204,5,717
657,1,-1.51558263805,,5.0,0.012012012012,0,-2.08279179065,-0.267207266086,5,186
658,1,6.2261539487,6.0,8.0,0.012012012012,0,-0.0989468458425,1.52299448623,5,806
659,1,6.16518195276,4.0,9.0,0.011011011011,0,0.311576001068,0.230453949554,5,755
660,1,5.15243999545,1.0,13.0,0.014014014014,0,0.024868815094,0.0778335501679,5,876
661,1,8.08957259626,1.0,11.0,0.011011011011,0,0.278186798971,2.25501219935,5,940
662,1,5.62905440097,1.0,8.0,0.012012012012,0,-0.0370550797968,0.74021964036,5,575
663,1,5.12466806126,5.0,13.0,0.014014014014,0,-0.0374778216864,0.237101526318,5,779
664,1,3.59977164364,2.0,4.0,0.014014014014,0,-0.56623706886,0.29848285022,5,295
665,1,8.11474635261,6.0,9.0,0.012012012012,0,-0.24186960874,3.84035517883,5,656
666,1,7.23294631508,1.0,10.0,0.012012012012,0,1.10330087442,-1.07695630818,5,914
667,1,1.38126313271,0.0,11.0,0.014014014014,0,-0.528367345384,-2.03363483114,5,812
668,1,7.10974656361,6.0,10.0,0.011011011011,0,0.697405165951,0.0175310657525,5,691
669,1,4.68901273718,0.0,5.0,0.014014014014,0,0.0886127930559,-0.576825641987,5,210
670,1,1.16759215665,,3.0,0.012012012012,0,-0.852204891884,-1.2757931677,5,107
671,1,5.13026170912,2.0,7.0,0.011011011011,0,-0.470263224845,1.54105138366,5,475
672,1,7.57276361551,3.0,11.0,0.014014014014,0,1.31323241726,-1.36693363627,5,623
673,1,5.27504400949,5.0,6.0,0.014014014014,1,0.565409146654,-1.42118343048,5,448
674,1,2.60125816984,0.0,11.0,0.012012012012,0,-1.23853177412,1.3168534922,5,903
675,1,6.62147424138,0.0,12.0,0.012012012012,0,-0.528683675145,3.20752526681,5,978
676,0,13.3011731215,13.0,,0.014014014014,0,2.08484839293,2.04662794271,5,837
677,1,4.74591129237,4.0,8.0,0.013013013013,0,0.582573594441,-2.00180949095,5,497
678,1,2.61609777794,1.0,7.0,0.013013013013,0,-0.995735988933,0.603305744743,5,228
679,1,9.02248680723,9.0,12.0,0.014014014014,0,0.0571648880598,3.85099214305,5,767
680,1,3.39455446405,0.0,11.0,0.012012012012,0,-0.186257702042,-1.04667242983,5,946
681,1,2.9185198318,1.0,6.0,0.01001001001,0,-0.594256384494,-0.298711014714,5,555
682,1,0.301823151752,,5.0,0.01001001001,0,-0.977294486171,-1.76629338973,5,199
683,1,7.42974703155,1.0,8.0,0.012012012012,0,0.464097235223,1.03745532588,5,462
684,1,8.67494457544,4.0,14.0,0.014014014014,0,0.231546467702,2.98030517234,5,863
685,1,3.99028654924,1.0,6.0,0.012012012012,0,-1.38926623416,3.15808525173,5,220
686,1,2.19636650745,0.0,3.0,0.014014014014,0,-0.713877234214,-0.662001789908,5,230
687,1,2.66080647255,1.0,13.0,0.014014014014,0,-0.879646383714,0.299745623695,5,848
688,1,8.27443468626,3.0,11.0,0.013013013013,0,1.82596461217,-2.20345915024,5,867
689,1,2.40255970281,0.0,4.0,0.013013013013,0,-1.13123367688,0.796260733446,5,320
690,1,7.34152624964,,10.0,0.013013013013,0,0.845541389555,-0.195097919027,5,530
691,1,4.66405775891,4.0,5.0,0.01001001001,1,0.431154601572,-1.62940604581,5,441
692,1,5.27809307529,2.0,8.0,0.01001001001,0,-0.0151656964908,0.323590164766,5,826
693,1,7.17585227003,,9.0,0.014014014014,0,1.21056690136,-1.45584843406,5,759
694,1,5.55361702696,1.0,6.0,0.01001001001,0,-0.127329459849,0.935605406507,5,349
695,1,8.97174838142,3.0,9.0,0.013013013013,0,1.00284041955,0.963227122785,5,466
696,1,2.36413057687,0.0,13.0,0.013013013013,0,-0.65818151212,-0.661324886766,5,851
697,1,4.54672693338,0.0,8.0,0.012012012012,0,-0.0945584805251,-0.169597625045,5,513
698,1,6.2464494882,4.0,9.0,0.013013013013,0,1.22383728712,-2.42506237317,5,430
699,1,6.73902614443,4.0,9.0,0.011011011011,0,0.285703320206,0.881916183815,5,516
700,1,1.65446703675,0.0,10.0,0.011011011011,0,-0.766367467076,-1.04643056202,5,905
701,1,4.91260252543,,8.0,0.01001001001,0,-0.162835329091,0.401108512699,5,392
702,1,5.9934648012,,9.0,0.013013013013,0,0.138931158606,0.576671325379,5,614
703,1,3.34151471889,3.0,6.0,0.014014014014,0,0.154552294791,-2.12214216549,5,298
704,1,5.56069145241,4.0,9.0,0.013013013013,0,0.133281386496,0.160847292925,5,739
705,1,7.82534951316,7.0,8.0,0.01001001001,1,0.913604472022,0.0845360970974,5,616
706,1,6.75120400438,4.0,8.0,0.016016016016,0,0.196299015555,1.16230695772,5,396
707,1,1.49874950855,0.0,10.0,0.013013013013,0,-0.400317382857,-2.30029834288,5,743
708,1,3.84132896447,0.0,5.0,0.011011011011,0,-0.0831947644584,-0.909086742155,5,356
709,1,5.35846928733,5.0,7.0,0.012012012012,0,-0.0804302499384,0.599760037149,5,527
710,1,2.88392609283,1.0,7.0,0.014014014014,0,-0.98975140475,0.853180307075,5,495
711,1,8.46787106338,6.0,9.0,0.013013013013,0,1.00684235146,0.447344009011,5,730
712,1,1.09796301921,0.0,7.0,0.016016016016,0,-1.23967901071,-0.182999948668,5,518
713,1,7.96636759714,6.0,10.0,0.012012012012,0,0.57365880045,1.24539119579,5,785
714,1,6.12226373108,3.0,8.0,0.01001001001,0,1.1730455806,-2.39687301071,5,580
715,1,2.47439444034,0.0,8.0,0.012012012012,0,-0.697074054214,-0.434383397017,5,627
716,1,6.81726891888,6.0,7.0,0.013013013013,1,0.422139537588,0.550850306113,5,454
717,1,8.76845657007,4.0,10.0,0.011011011011,0,0.917776807444,1.01512614774,5,892
718,1,3.07357551008,0.0,5.0,0.012012012012,0,-0.244085663008,-1.1941675009,5,379
719,1,5.80975766503,0.0,10.0,0.012012012012,0,-0.413590842313,2.05053019197,5,894
720,1,1.81919996785,,3.0,0.011011011011,0,-0.73343008375,-0.9805097809,5,121
721,1,-0.0682487529942,,0.0,0.012012012012,1,-0.785146552731,-2.7128090948,5,2
722,1,6.4287778422,2.0,9.0,0.014014014014,0,0.353289387472,0.368909679781,5,344
723,1,-2.89059687904,,3.0,0.011011011011,0,-1.85849845752,-2.31510150648,5,35
724,1,6.32131474207,6.0,9.0,0.013013013013,0,-0.141417765084,1.74556803732,5,745
725,1,-2.5153676747,,0.0,0.012012012012,1,-1.52748225836,-2.93292089963,5,36
726,1,5.69320496107,0.0,12.0,0.012012012012,0,0.952769448782,-2.16510338528,5,949
727,1,7.62841390839,1.0,8.0,0.012012012012,0,0.456534040435,1.25881178708,5,260
728,1,2.95153716123,0.0,7.0,0.01001001001,0,-1.6472709057,2.89334987832,5,405
729,1,4.33331413052,4.0,9.0,0.012012012012,0,-0.133064703484,-0.267491759033,5,674
730,1,5.25791793946,3.0,10.0,0.011011011011,0,1.1137295185,-3.08327061603,5,934
731,1,4.25936793978,4.0,9.0,0.01001001001,0,-0.175997523588,-0.212639489453,5,939
732,1,3.33945981218,3.0,7.0,0.012012012012,0,-0.296573244327,-0.770820454836,5,512
733,1,5.7041836891,0.0,7.0,0.01001001001,0,-0.0504263127083,0.855462627227,5,688
734,1,6.30159878757,6.0,7.0,0.01001001001,1,0.348129225007,0.257211112547,5,285
735,1,2.21166518801,2.0,3.0,0.01001001001,1,-1.01197301623,0.247584236703,5,273
736,1,2.06833935475,2.0,8.0,0.012012012012,0,-0.650816827086,-0.979210163992,5,390
737,1,2.86404150626,0.0,4.0,0.01001001001,0,-0.845917037299,0.401792618156,5,362
738,1,4.71714421131,0.0,9.0,0.011011011011,0,-0.0396773313115,-0.163823794751,5,665
739,1,5.08410763296,,6.0,0.011011011011,0,1.48360090932,-4.36669509501,5,336
740,1,3.10588653037,2.0,5.0,0.013013013013,0,-0.776260758152,0.434668804831,5,346
741,1,2.61809616418,,7.0,0.01001001001,0,-0.585510337411,-0.625372823589,5,376
742,1,1.97198556044,,9.0,0.012012012012,0,-0.988617163174,-0.0621629500396,5,559
743,1,5.14570138491,,7.0,0.012012012012,0,1.0057979074,-2.87169233728,5,469
744,1,2.46241358645,2.0,5.0,0.014014014014,0,-0.0450616945217,-2.40240132998,5,142
745,1,4.41291504779,3.0,6.0,0.013013013013,0,-0.0412778012263,-0.463251548529,5,500
746,1,0.518508959892,,10.0,0.012012012012,0,-1.26458946368,-0.687722649075,5,503
747,1,4.30947679651,3.0,5.0,0.012012012012,0,-0.122569541028,-0.322814580401,5,245
748,1,4.48333279491,2.0,6.0,0.012012012012,0,0.0285569381937,-0.602338019674,5,329
749,1,-0.241315133591,,2.0,0.011011011011,0,-1.40220091651,-1.03471238407,5,55
750,1,3.55242714322,1.0,10.0,0.012012012012,0,0.21718322348,-2.09912252722,5,622
751,1,7.73735767555,5.0,8.0,0.01001001001,0,0.591101399863,0.964053475963,5,591
752,1,6.27567013595,6.0,7.0,0.011011011011,1,1.04364794619,-1.85527370261,5,543
753,1,2.07954984016,2.0,6.0,0.011011011011,0,-0.385236951561,-1.76473930515,5,419
754,1,4.9278553317,,7.0,0.012012012012,0,1.20735931309,-3.69422260758,5,451
755,1,3.38933940245,2.0,8.0,0.013013013013,0,-0.696121431343,0.477703696484,5,528
756,1,7.75861103035,5.0,8.0,0.011011011011,0,0.789714734544,0.389466826716,5,511
757,1,9.53315984718,6.0,11.0,0.011011011011,0,0.5075841067,3.01040752708,5,890
758,1,1.49466174796,0.0,4.0,0.012012012012,0,-1.5233985474,1.06485739017,5,171
759,1,9.25576312962,7.0,13.0,0.014014014014,0,1.5734141856,-0.464479427165,5,896
760,1,5.18680935399,,7.0,0.012012012012,0,0.0240270388201,0.114728237526,5,582
761,1,9.99075050811,9.0,10.0,0.01001001001,1,0.361901310614,3.90504657627,5,963
762,1,0.899105708039,,5.0,0.01001001001,0,-0.919865644929,-1.34129735718,5,450
763,1,3.95625950283,3.0,9.0,0.01001001001,0,-1.09702831937,2.24734446095,5,976
764,1,11.035210095,,12.0,0.013013013013,0,1.72885663387,0.848640193411,5,799
765,1,7.77135104391,6.0,12.0,0.012012012012,0,0.406105612485,1.55303420645,5,931
766,1,8.02407196258,2.0,10.0,0.01001001001,0,1.04839926906,-0.121125844599,5,971
767,1,3.3554080876,1.0,5.0,0.011011011011,0,-0.065179562708,-1.44905322428,5,153
768,1,3.04513889234,1.0,8.0,0.01001001001,0,-0.987474667006,1.00756289336,5,738
769,1,5.2464264387,1.0,10.0,0.012012012012,0,-0.0236673301264,0.31742842908,5,667
770,1,8.10415327087,7.0,9.0,0.013013013013,0,0.283768659668,2.25284729187,5,777
771,1,3.97068374939,,4.0,0.013013013013,0,0.980713789418,-3.97145761886,5,249
772,1,4.25544287264,4.0,5.0,0.012012012012,1,0.344791426096,-1.77893140565,5,365
773,1,4.62028992609,4.0,10.0,0.014014014014,0,0.141130783045,-0.803102423045,5,679
774,1,10.2517656053,6.0,11.0,0.011011011011,0,0.42290303314,3.98305650588,5,898
775,1,0.868298631373,0.0,2.0,0.012012012012,0,-0.0416040086175,-4.00688934277,5,117
776,1,4.60341321952,2.0,10.0,0.012012012012,0,0.293279249413,-1.27642452872,5,768
777,1,3.82897022183,,4.0,0.01001001001,0,-0.333994071961,-0.169047562282,5,318
778,0,12.0224029558,11.0,,0.011011011011,0,1.99357433464,1.04167995187,5,594
779,1,-0.733692143779,,0.0,0.011011011011,1,-2.28882837326,1.132792976,5,25
780,1,0.532571742354,0.0,2.0,0.01001001001,0,-1.31869706,-0.51133707766,5,133
781,1,6.23352577638,6.0,9.0,0.01001001001,0,0.416645031242,-0.0164093173442,5,744
782,1,6.29054715106,4.0,10.0,0.01001001001,0,0.258538149633,0.514932702157,5,832
783,1,3.59883096217,,6.0,0.012012012012,0,-0.412528789129,-0.163582670439,5,378
784,1,6.70975209533,0.0,7.0,0.01001001001,0,0.471824385342,0.29427893931,5,651
785,1,2.64455591925,0.0,6.0,0.012012012012,0,-0.954297696753,0.507449009507,5,394
786,1,4.04770096998,1.0,12.0,0.012012012012,0,0.0506669548461,-1.10429989456,5,849
787,1,3.78988878429,,11.0,0.015015015015,0,-0.227880842826,-0.526468687229,5,776
788,1,9.85118143341,9.0,10.0,0.011011011011,1,0.589366269135,3.083082626,5,925
789,1,5.10481661618,4.0,6.0,0.011011011011,0,0.850630865377,-2.44707597995,5,626
790,1,7.10291421199,7.0,12.0,0.012012012012,0,1.86365853569,-3.48806139508,5,938
791,1,3.9952076976,2.0,6.0,0.011011011011,0,-1.40875894188,3.22148452324,5,612
792,1,4.32179659668,0.0,7.0,0.01001001001,0,0.0852240495581,-0.933875551995,5,664
793,1,11.1277324081,11.0,12.0,0.012012012012,1,1.02285908027,3.05915516729,5,975
794,1,9.39617311114,9.0,10.0,0.01001001001,1,0.442654167526,3.06821060856,5,901
795,1,3.16951229312,3.0,6.0,0.01001001001,0,0.461481942977,-3.21493353581,5,502
796,1,5.46158958844,4.0,7.0,0.01001001001,0,0.226825870831,-0.218888024051,5,617
797,1,9.82759199042,9.0,10.0,0.012012012012,1,1.82407125356,-0.644621770255,5,793
798,1,5.94212428728,0.0,6.0,0.012012012012,0,0.643990607592,-0.989847535495,5,460
799,1,5.53147658278,5.0,7.0,0.011011011011,0,0.297267985964,-0.360327375114,5,578
800,1,5.3449290398,5.0,7.0,0.01001001001,0,0.159198723887,-0.13266713186,5,480
801,1,1.98389610343,,5.0,0.011011011011,0,-0.451415318299,-1.66185794167,5,284
802,1,0.0364157118954,,1.0,0.01001001001,0,-1.12688497362,-1.58292936723,5,20
803,1,-1.25687806576,,2.0,0.011011011011,0,-1.87893353501,-0.620077460729,5,110
804,1,3.26960500453,2.0,4.0,0.01001001001,0,-1.7739422938,3.59143188592,5,354
805,1,0.0997695358333,0.0,5.0,0.01001001001,0,-2.10378806804,1.41113373995,5,387
806,1,3.4825945947,,8.0,0.011011011011,0,0.810972520055,-3.95032296546,5,918
807,1,2.09780511452,0.0,5.0,0.011011011011,0,-1.22096838986,0.760710284112,5,520
808,1,5.52861367743,0.0,11.0,0.011011011011,0,0.426229096417,-0.750073611822,5,965
809,1,1.50460006643,1.0,2.0,0.011011011011,1,-1.91550275175,2.25110832168,5,187
810,1,6.28610082388,0.0,9.0,0.012012012012,0,0.119707359836,0.926978744372,5,710
811,1,-0.292959559034,,8.0,0.01001001001,0,-1.02289461649,-2.22427570956,5,706
812,1,1.02992965571,,4.0,0.011011011011,0,-1.38528908597,0.185796913616,5,207
813,1,6.54266572046,6.0,7.0,0.01001001001,1,-0.240792381875,2.26504286609,5,373
814,0,10.4626432247,10.0,,0.01001001001,0,1.39104732085,1.28950126217,5,912
815,1,9.26408196988,9.0,10.0,0.01001001001,1,0.871744598245,1.64884817515,5,874
816,1,6.90458455202,6.0,10.0,0.012012012012,0,0.28256696701,1.05688365099,5,910
817,1,4.59572607693,0.0,9.0,0.011011011011,0,0.569359250013,-2.11235167311,5,757
818,1,-0.40648350882,,0.0,0.012012012012,1,-0.857574871675,-2.8337588938,5,10
819,1,4.16549043563,3.0,10.0,0.011011011011,0,0.0654484911289,-1.03085503776,5,657
820,1,7.93919879824,3.0,9.0,0.01001001001,0,0.555096883258,1.27390814847,5,830
821,1,-0.362133588202,,0.0,0.013013013013,1,-1.59040984006,-0.59090406802,5,5
822,1,8.95092993111,8.0,9.0,0.01001001001,1,1.63560393576,-0.955881876184,5,842
823,1,8.84510961569,5.0,11.0,0.011011011011,0,0.762347692862,1.5580665371,5,930
824,1,-3.13556881139,,2.0,0.01001001001,0,-2.35309281055,-1.07629037972,5,189
825,1,2.49322686915,0.0,4.0,0.01001001001,0,-0.68279391696,-0.458391379966,5,488
826,1,-4.28899648641,,0.0,0.012012012012,1,-2.28637813571,-2.4298620793,5,11
827,1,5.46844908751,5.0,7.0,0.013013013013,0,-0.049451654835,0.616804052019,5,590
828,1,1.11494595739,0.0,6.0,0.01001001001,0,0.21101361074,-4.51809487483,5,276
829,1,6.75030857578,6.0,9.0,0.012012012012,0,-0.114373839498,2.09343009428,5,549
830,1,5.77416481749,2.0,6.0,0.013013013013,0,0.807758732156,-1.64911137898,5,305
831,1,6.95787343691,4.0,10.0,0.01001001001,0,0.125037979044,1.58275949978,5,900
832,1,8.88361083232,6.0,10.0,0.01001001001,0,1.02970971808,0.794481678082,5,959
833,1,5.56433105951,0.0,9.0,0.01001001001,0,0.561222563486,-1.11933663095,5,604
834,1,5.16256539918,0.0,10.0,0.01001001001,0,-0.979105577528,3.09988213177,5,932
835,1,3.35059753732,,9.0,0.01001001001,0,-0.27807546287,-0.815176074066,5,695
836,1,4.63678484753,4.0,11.0,0.011011011011,0,-0.323247972498,0.606528765024,5,871
837,1,6.40662624351,0.0,9.0,0.01001001001,0,0.451617536341,0.0517736344911,5,661
838,1,5.35545023332,,10.0,0.011011011011,0,-0.391377186754,1.52958179358,5,933
839,1,6.28581811744,4.0,8.0,0.011011011011,0,0.301609625137,0.380989242025,5,641
840,1,5.46645179937,3.0,6.0,0.011011011011,0,0.876410498795,-2.16277969701,5,724
841,1,7.48512979736,7.0,8.0,0.01001001001,1,0.485023869562,1.03005818867,5,715
842,1,5.71841803045,5.0,6.0,0.012012012012,1,1.04647567703,-2.42100900064,5,391
843,1,4.75414269679,,7.0,0.011011011011,0,-0.475305663265,1.18005968658,5,723
844,1,-1.58300801518,,1.0,0.012012012012,0,-2.91890800729,2.1737160067,5,27
845,1,0.832328647058,,3.0,0.011011011011,0,-1.91386524619,1.57392438564,5,226
846,1,2.11654146148,2.0,4.0,0.01001001001,0,-1.01556515143,0.163236915788,5,360
847,1,7.52578353342,6.0,9.0,0.01001001001,0,0.284049265022,1.67363573835,5,897
848,1,3.37960373978,3.0,6.0,0.01001001001,0,-0.767473242555,0.682023467446,5,510
849,1,1.80336270622,,9.0,0.011011011011,0,-1.01488533324,-0.151981294041,5,439
850,1,5.13889617074,3.0,8.0,0.01001001001,0,0.119926926796,-0.220884609649,5,471
851,1,3.63791929972,3.0,10.0,0.011011011011,0,-0.469921682863,0.0476843483117,5,638
852,1,4.1246286668,3.0,6.0,0.012012012012,0,-0.672834108961,1.14313099369,5,452
853,1,2.8315109588,,3.0,0.011011011011,0,-0.0830525032185,-1.91933153155,5,257
854,1,1.68024021331,1.0,4.0,0.011011011011,0,-0.864025611655,-0.727682951725,5,182
855,1,9.81770307977,4.0,10.0,0.01001001001,0,0.896006089166,2.12968481227,5,891
856,1,2.539751631,0.0,4.0,0.01001001001,0,0.0233866179469,-2.53040822284,5,509
857,1,3.1507310255,2.0,9.0,0.013013013013,0,-0.162630341884,-1.36137794884,5,888
858,1,5.46201938243,5.0,8.0,0.012012012012,0,0.627518158978,-1.4205350945,5,635
859,1,9.53716370718,8.0,10.0,0.01001001001,0,2.4509645829,-2.81573004151,5,929
860,1,5.0232627821,5.0,7.0,0.01001001001,0,-0.131851330154,0.418816772561,5,647
861,1,4.19979602328,,5.0,0.01001001001,0,-0.325085014173,0.1750510658,5,132
862,1,-0.736301713643,,1.0,0.01001001001,0,-1.353990656,-1.67432974565,5,61
863,1,7.70411402701,7.0,8.0,0.01001001001,1,1.1338746867,-0.697510033086,5,817
864,1,1.15679844279,,11.0,0.013013013013,0,-0.614655472053,-1.99923514105,5,837
865,1,2.36851742041,2.0,6.0,0.012012012012,0,-0.81539435293,-0.185299520799,5,442
866,1,-2.2212379776,,0.0,0.00900900900901,1,-1.46471611648,-2.82708962816,5,39
867,1,7.20896754209,5.0,10.0,0.01001001001,0,0.882962605488,-0.439920274371,5,751
868,1,6.79403541868,,7.0,0.01001001001,0,0.268000816441,0.990032969361,5,411
869,1,4.719064849,0.0,10.0,0.01001001001,0,0.135168813943,-0.686441592832,5,886
870,1,2.58278701436,0.0,10.0,0.012012012012,0,0.352279667287,-3.4740519875,5,485
871,1,2.44675087843,1.0,3.0,0.01001001001,0,-0.613711619679,-0.712114262532,5,113
872,1,6.43679653982,4.0,8.0,0.011011011011,0,-0.268986480116,2.24375598017,5,677
873,1,6.60077200069,5.0,9.0,0.011011011011,0,0.043453683517,1.47041095014,5,763
874,0,10.0003884735,10.0,,0.01001001001,0,1.18857208981,1.43467220407,5,842
875,1,-2.47916160973,,0.0,0.012012012012,1,-2.21223344354,-0.842461279126,5,3
876,1,6.1715256454,2.0,8.0,0.01001001001,0,0.689008861034,-0.8955009377,5,359
877,1,8.19371887739,7.0,9.0,0.01001001001,0,0.97170517267,0.278603359379,5,605
878,1,10.1882147715,8.0,11.0,0.012012012012,0,1.48721186817,0.726579166947,5,964
879,1,4.33739339774,4.0,8.0,0.011011011011,0,0.38018084149,-1.80314912673,5,802
880,1,9.84680751392,9.0,11.0,0.012012012012,0,1.55923906678,0.169090313575,5,865
881,1,7.68481565466,6.0,8.0,0.012012012012,0,1.13605825761,-0.723359118157,5,762
882,1,8.12513915452,8.0,11.0,0.011011011011,0,0.610134159965,1.29473667462,5,961
883,0,12.9975277893,10.0,,0.01001001001,0,1.84306981231,2.46831835238,5,268
884,1,3.48795162293,,9.0,0.012012012012,0,-1.04584325985,1.62548140247,5,741
885,1,4.95266916298,4.0,6.0,0.011011011011,0,-0.29209206972,0.828945372145,5,514
886,1,5.6659437693,0.0,6.0,0.01001001001,0,0.0216019940565,0.601137787128,5,326
887,1,5.94064328321,5.0,9.0,0.01001001001,0,0.32607629474,-0.0375856010068,5,951
888,1,8.90298398674,,10.0,0.01001001001,0,1.13098646671,0.510024586612,5,943
889,1,5.87046564905,5.0,8.0,0.01001001001,0,0.020142536333,0.810038040048,5,734
890,1,4.08288640341,,5.0,0.01001001001,0,-0.496809405948,0.573314621252,5,358
891,0,14.9676708731,11.0,,0.011011011011,0,2.39646760538,2.77826805697,5,410
892,1,6.22902031224,0.0,7.0,0.01001001001,0,0.843547249486,-1.30162143621,5,579
893,1,7.378938846,6.0,8.0,0.01001001001,0,-0.0527979720086,2.53733276203,5,629
894,1,5.0419048875,0.0,7.0,0.01001001001,0,0.198009228141,-0.552122796922,5,660
895,1,6.93236305321,5.0,9.0,0.01001001001,0,0.495811061454,0.44492986885,5,675
896,1,-0.311895895806,,1.0,0.013013013013,0,-0.903209609778,-2.60226706647,5,106
897,1,10.4636181482,9.0,11.0,0.012012012012,0,1.06371164307,2.27248321899,5,944
898,1,1.9726029988,1.0,10.0,0.01001001001,0,-0.663560554112,-1.03671533886,5,833
899,1,3.12499270329,1.0,8.0,0.01001001001,0,0.310564508953,-2.80670082356,5,447
900,1,5.66209516383,4.0,7.0,0.01001001001,0,-0.537191200221,2.27366876449,5,583
901,1,3.15336495682,0.0,7.0,0.011011011011,0,-0.863528826807,0.743951437238,5,547
902,1,8.83462622595,8.0,10.0,0.011011011011,0,1.05265227593,0.676669398156,5,921
903,1,3.86193121594,3.0,7.0,0.01001001001,0,-0.700569405368,0.963639432042,5,816
904,1,7.08096708316,7.0,9.0,0.01001001001,0,0.8626587679,-0.507009220545,5,953
905,1,9.16218001042,9.0,10.0,0.01001001001,1,0.49125646544,2.6884106141,5,968
906,1,2.25612735982,1.0,5.0,0.011011011011,0,-0.672730933698,-0.72567983908,5,241
907,1,2.26730188576,2.0,6.0,0.011011011011,0,-1.20730712496,0.889223260653,5,567
908,0,10.3549468542,10.0,,0.01001001001,0,1.45658622192,0.98518818846,5,759
909,1,4.13240889278,,7.0,0.01001001001,0,-0.413535857028,0.373016463861,5,478
910,1,7.78123453547,4.0,8.0,0.01001001001,0,-0.0335907222819,2.88200670232,5,765
911,1,5.16367884688,,6.0,0.01001001001,0,-0.223424769949,0.833953156732,5,569
912,1,-0.550848478199,,1.0,0.012012012012,0,-1.30460613232,-1.63703008123,5,96
913,1,7.76972366749,6.0,9.0,0.01001001001,0,1.30463775437,-1.14418959562,5,839
914,1,8.36221370326,8.0,9.0,0.01001001001,1,0.201361836689,2.7581281932,5,924
915,1,2.31517168565,,4.0,0.01001001001,0,-0.461458272915,-1.30045349561,5,247
916,1,3.9956486913,1.0,5.0,0.01001001001,0,-0.169556655699,-0.495681341605,5,301
917,1,7.75767356882,,8.0,0.01001001001,0,0.882959602417,0.108794761566,5,711
918,1,6.11438040598,2.0,9.0,0.01001001001,0,0.544329900844,-0.518609296548,5,619
919,1,4.97325645721,,5.0,0.01001001001,0,0.494598995536,-1.5105405294,5,208
920,1,8.98220375461,8.0,9.0,0.011011011011,1,0.664017736773,1.99015054429,5,885
921,1,4.62533567394,2.0,10.0,0.011011011011,0,0.190243005651,-0.945393343013,5,868
922,1,6.7796308119,3.0,8.0,0.01001001001,0,0.57615440347,0.0511676014868,5,782
923,1,3.05428588371,1.0,5.0,0.01001001001,0,-1.50759305486,2.5770650483,5,235
924,1,8.5588422276,6.0,9.0,0.011011011011,0,1.19062013257,-0.0130181701145,5,879
925,1,7.55622439079,4.0,8.0,0.01001001001,0,0.65213516752,0.599818888233,5,608
926,1,4.01464672814,4.0,9.0,0.01001001001,0,-0.491372646863,0.488764668727,5,737
927,1,2.55233879336,,6.0,0.01001001001,0,-0.364572655165,-1.35394324115,5,185
928,1,4.79367711661,,5.0,0.01001001001,0,-0.927398785644,2.57587347354,5,211
929,1,1.99482478164,1.0,8.0,0.01001001001,0,-1.28411583058,0.847172273377,5,603
930,1,-0.773325264198,,0.0,0.01001001001,1,-1.96680844972,0.127100084957,5,9
931,1,1.3711236877,1.0,7.0,0.01001001001,0,-1.30017653832,0.271653302668,5,669
932,1,3.36585215472,0.0,6.0,0.012012012012,0,-0.539712744622,-0.0150096114124,5,504
933,1,4.44664067457,0.0,9.0,0.01001001001,0,0.119347681061,-0.911402368613,5,545
934,1,8.38671497406,,9.0,0.01001001001,0,0.765220100895,1.09105467138,5,771
935,1,8.45511592563,5.0,10.0,0.01001001001,0,0.926295980014,0.67622798559,5,838
936,1,1.50278181363,0.0,3.0,0.01001001001,0,-0.482870620864,-2.04860632378,5,422
937,1,3.51969005538,0.0,6.0,0.011011011011,0,-0.562853359935,0.208250135185,5,420
938,1,3.44316823354,,5.0,0.01001001001,0,-0.707871149379,0.566781681677,5,269
939,0,12.4388830564,10.0,,0.01001001001,0,1.70327540015,2.329056856,5,830
940,0,9.4461175503,9.0,,0.01001001001,0,0.514551604206,2.90246273769,5,816
941,1,3.40275046024,0.0,6.0,0.01001001001,0,-0.770102820471,0.713058921653,5,699
942,0,13.217063317,10.0,,0.01001001001,0,2.1910456635,1.64392632651,5,731
943,1,1.30387114108,1.0,8.0,0.01001001001,0,-1.34724508478,0.345606395428,5,729
944,1,3.602699723,3.0,6.0,0.01001001001,0,-0.542772542389,0.231017350169,5,348
945,1,4.86372888608,2.0,6.0,0.01001001001,0,0.00958413154384,-0.165023508554,5,534
946,1,-0.228988481452,,0.0,0.01001001001,1,-1.85274531963,0.329247477432,5,54
947,1,0.0860693802604,,1.0,0.01001001001,0,-1.15533608054,-1.44792237813,5,294
948,1,6.71161546226,2.0,9.0,0.01001001001,0,0.626311063409,-0.167317727964,5,494
949,1,7.98382813253,4.0,9.0,0.01001001001,0,1.57464318892,-1.74010143422,5,705
950,1,2.05784643291,1.0,5.0,0.01001001001,0,-0.835614876787,-0.43530893673,5,327
951,1,-1.96523084629,,0.0,0.01001001001,1,-2.60100943973,0.837797472893,5,16
952,1,5.02356054042,3.0,7.0,0.01001001001,0,-0.52673460147,1.60376434483,5,508
953,1,9.27747738723,8.0,10.0,0.01001001001,0,1.29517097159,0.391964472464,5,807
954,1,6.62744454047,0.0,7.0,0.01001001001,0,0.84632274478,-0.911523693871,5,601
955,0,10.632417916,10.0,,0.01001001001,0,1.52405526269,1.06025212793,5,534
956,1,4.72377907299,2.0,6.0,0.01001001001,0,0.62147033341,-2.14063192724,5,778
957,1,9.36633280027,9.0,10.0,0.01001001001,1,1.41022775369,0.135649539191,5,979
958,1,2.56752431638,1.0,8.0,0.01001001001,0,0.256605036169,-3.20229079212,5,797
959,1,4.9713917375,3.0,10.0,0.01001001001,0,0.833267909933,-2.5284119923,5,783
960,1,-2.12230099141,,0.0,0.01001001001,1,-1.51097438128,-2.58937784756,5,40
961,1,4.28315789413,,8.0,0.01001001001,0,-0.649765583659,1.2324546451,5,643
962,1,0.958042802693,0.0,8.0,0.01001001001,0,-1.19637401053,-0.452835165727,5,501
963,1,4.64424479853,3.0,9.0,0.01001001001,0,-0.388410538148,0.809476412971,5,861
964,1,7.8853338753,5.0,8.0,0.011011011011,0,0.104031609995,2.57323904532,5,697
965,1,6.98817568764,3.0,9.0,0.011011011011,0,0.210129778228,1.35778635295,5,727
966,1,5.6815970816,0.0,6.0,0.01001001001,0,0.279908972934,-0.158129837204,5,251
967,1,4.27303842863,4.0,5.0,0.01001001001,1,-0.509816045171,0.802486564146,5,537
968,0,12.9687288343,10.0,,0.011011011011,0,1.42210886681,3.7024022339,5,343
969,0,13.0746427608,10.0,,0.01001001001,0,1.40223094979,3.86794991143,5,763
970,1,1.31117935746,0.0,3.0,0.01001001001,0,-0.536055814221,-2.08065319988,5,253
971,1,5.90288377624,4.0,10.0,0.011011011011,0,0.161368320494,0.418778814754,5,784
972,1,6.15087863082,6.0,7.0,0.01001001001,1,0.607034389127,-0.670224536563,5,752
973,1,1.40317610473,1.0,2.0,0.01001001001,1,-0.427875135629,-2.31319848838,5,170
974,1,6.35933346495,6.0,10.0,0.01001001001,0,0.578505755053,-0.376183800213,5,948
975,1,6.94678772291,5.0,9.0,0.01001001001,0,0.258298783449,1.17189137257,5,774
976,1,2.11109186878,1.0,4.0,0.01001001001,0,-0.568933940794,-1.18210630884,5,317
977,1,6.06625037925,,9.0,0.01001001001,0,0.449157640817,-0.281222543203,5,595
978,1,4.09736391704,3.0,5.0,0.01001001001,0,-0.0686343010663,-0.696733179766,5,302
979,0,11.1145740578,10.0,,0.01001001001,0,1.98924501017,0.146839027332,5,670
980,1,7.35391196292,7.0,10.0,0.01001001001,0,0.450869998123,1.00130196855,5,945
981,1,-0.973116191961,,3.0,0.01001001001,0,-1.93400352118,-0.171105628422,5,233
982,0,11.0196474431,9.0,,0.01001001001,0,1.691047041,0.946506320081,5,930
983,1,8.9278687712,5.0,9.0,0.01001001001,0,1.07654609331,0.698230491257,5,862
984,1,7.48718364876,6.0,8.0,0.01001001001,0,0.808833002581,0.0606846410173,5,858
985,1,6.61529148404,0.0,7.0,0.01001001001,0,0.271952438492,0.799434168563,5,735
986,1,8.69043906378,8.0,10.0,0.01001001001,0,1.41979946707,-0.568959337447,5,956
987,1,-0.414578348555,,2.0,0.01001001001,0,-2.01776105659,0.638704821207,5,95
988,0,10.4562351625,10.0,,0.01001001001,0,1.19936176612,1.85814986414,5,919
989,1,1.49928648746,,2.0,0.01001001001,0,-0.723170565254,-1.33120181677,5,152
990,1,-0.728863938724,,0.0,0.01001001001,1,-1.97995250254,0.210993568893,5,1
991,0,11.9824063313,10.0,,0.01001001001,0,2.01850469146,0.926892256876,5,602
992,1,4.66408620335,0.0,9.0,0.01001001001,0,0.311377061682,-1.2700449817,5,913
993,1,3.36807844723,1.0,7.0,0.01001001001,0,0.2564571305,-2.40129294427,5,433
994,1,4.5048580051,1.0,7.0,0.01001001001,0,-0.700574586377,1.60658176424,5,672
995,1,3.38240781498,3.0,6.0,0.01001001001,0,-0.386531959544,-0.457996306389,5,306
996,1,2.67455674815,0.0,9.0,0.01001001001,0,0.0958644076028,-2.61303647465,5,831
997,1,2.71932456195,0.0,4.0,0.01001001001,0,-0.114246587169,-1.93793567654,5,324
998,1,6.15474648019,4.0,7.0,0.01001001001,0,-0.170037660739,1.66485946241,5,581
999,1,-0.693988648429,,5.0,0.01001001001,0,-1.7271701352,-0.512478242826,5,533
