name,activated,threshold,before_activation_alters,after_activation_alters,degree,observed,var1,epsilon,constant,activation_order
0,1,4.01293758208,0.0,10,0.02002002002,0,-0.306816492211,-0.0666129412873,5,773
1,1,5.6606965186,5.0,9,0.021021021021,0,0.437625486945,-0.652179942237,5,753
2,1,2.46801598667,2.0,18,0.018018018018,0,-0.814710591623,-0.0878522384626,5,947
3,1,8.3506994418,5.0,18,0.022022022022,0,0.748721488277,1.10453497697,5,888
4,1,4.93015200741,4.0,5,0.019019019019,1,0.26218407953,-0.856400231184,5,714
5,1,4.72327455724,3.0,13,0.021021021021,0,-0.0276519153932,-0.193769696579,5,809
6,1,3.38186227682,0.0,5,0.02002002002,0,-0.333928321603,-0.61635275837,5,748
7,1,5.39927097475,2.0,12,0.019019019019,0,0.563092012168,-1.29000506176,5,866
8,1,5.57906708873,5.0,20,0.022022022022,0,0.471379013617,-0.835069952117,5,908
9,1,7.22180168611,3.0,11,0.02002002002,0,0.737952674705,0.00794366199884,5,778
10,1,5.00289909817,3.0,10,0.021021021021,0,-0.193648532961,0.583844697055,5,754
11,1,4.82293374169,0.0,5,0.019019019019,0,0.00241704804556,-0.184317402451,5,641
12,1,6.73228356877,4.0,12,0.019019019019,0,-0.00454313161564,1.74591296361,5,820
13,1,6.14568526382,6.0,19,0.021021021021,0,0.234603908145,0.44187353939,5,932
14,1,7.70483986805,1.0,9,0.02002002002,0,0.577016548325,0.973790223081,5,668
15,1,7.22286051985,5.0,17,0.02002002002,0,0.215246353067,1.57712146065,5,877
16,1,-3.04299826026,,1,0.021021021021,0,-2.32775281978,-1.05973980092,5,295
17,1,5.15364917945,1.0,6,0.021021021021,0,-0.319705105601,1.11276449625,5,457
18,1,3.76309896286,1.0,4,0.02002002002,0,0.242587659838,-1.96466401665,5,399
19,1,4.62265611629,,8,0.02002002002,0,-0.0489014358595,-0.230639576134,5,570
20,1,6.58303141974,0.0,9,0.019019019019,0,0.816144883832,-0.865403231755,5,688
21,1,2.61397812676,0.0,3,0.019019019019,0,-0.882385227636,0.261133809668,5,413
22,1,12.3117583241,8.0,22,0.023023023023,0,2.29599232197,0.423781358209,5,937
23,1,3.79260557548,0.0,10,0.019019019019,0,0.212614238246,-1.84523713926,5,821
24,1,0.902221304077,0.0,2,0.02002002002,0,-1.31349871199,-0.157282559963,5,369
25,1,4.65800501343,0.0,10,0.017017017017,0,-0.152903573093,0.116715732711,5,870
26,1,1.71856806809,0.0,2,0.02002002002,0,-0.815315448185,-0.835485587352,5,327
27,1,3.39545904816,2.0,4,0.018018018018,0,-0.198471864484,-1.00912535839,5,445
28,1,8.9002422655,3.0,12,0.019019019019,0,1.26034555893,0.1192055887,5,854
29,1,7.33331373403,3.0,13,0.02002002002,0,0.917659019379,-0.419663324108,5,900
30,1,5.13869349097,0.0,9,0.02002002002,0,0.262422338272,-0.648573523843,5,826
31,1,2.32121492408,0.0,6,0.021021021021,0,-0.758623026315,-0.402915996975,5,706
32,1,6.64448686583,6.0,21,0.021021021021,0,0.887915322851,-1.01925910272,5,960
33,1,4.91965678868,3.0,19,0.02002002002,0,0.135157486239,-0.485815670039,5,954
34,1,8.27395508375,4.0,16,0.02002002002,0,1.00931051102,0.24602355068,5,912
35,1,5.17347219136,2.0,9,0.021021021021,0,0.45351638634,-1.18707696766,5,842
36,1,5.54011823667,5.0,15,0.018018018018,0,0.0715205651876,0.325556541112,5,940
37,1,9.23397532587,1.0,16,0.018018018018,0,1.20688610634,0.613317006841,5,944
38,1,1.522741864,0.0,2,0.018018018018,0,-1.23422062977,0.225403753313,5,696
39,1,4.26687619477,2.0,13,0.018018018018,0,-0.146932514787,-0.292326260871,5,922
40,1,4.68738296004,0.0,13,0.02002002002,0,-0.00877470872916,-0.28629291377,5,861
41,1,8.07802027885,6.0,9,0.018018018018,0,0.557131160933,1.40662679604,5,817
42,1,9.68759361777,3.0,11,0.02002002002,0,1.55226542267,0.030797349759,5,848
43,1,4.03402512875,3.0,9,0.02002002002,0,-0.195848061337,-0.378430687235,5,764
44,1,10.9269253177,8.0,13,0.023023023023,0,1.73584755807,0.719382643483,5,811
45,1,4.13188759437,2.0,7,0.017017017017,0,-0.332347867065,0.128931195561,5,742
46,1,1.03519222407,,3,0.02002002002,0,-1.62294749406,0.904034706246,5,652
47,1,8.28889747135,3.0,16,0.02002002002,0,0.807301787412,0.866992109112,5,858
48,1,10.0161372608,8.0,13,0.019019019019,0,1.46935001017,0.608087230292,5,806
49,1,5.35933017112,2.0,19,0.02002002002,0,0.370026465237,-0.750749224596,5,975
50,1,7.0310593212,3.0,10,0.021021021021,0,0.850800705771,-0.521342796111,5,655
51,1,5.29219412109,3.0,13,0.022022022022,0,-0.28923277066,1.15989243307,5,752
52,1,-1.58282526504,,0,0.018018018018,1,-2.26170052486,0.202276309557,5,68
53,1,2.7287586687,1.0,13,0.022022022022,0,-0.882415483033,0.376005117798,5,698
54,1,8.26358341478,2.0,10,0.021021021021,0,0.842716965708,0.735432517658,5,627
55,1,6.66302358158,3.0,16,0.018018018018,0,0.46895383061,0.256162089754,5,767
56,1,3.21380685814,3.0,6,0.021021021021,0,-0.630395895544,0.104994544775,5,571
57,1,7.54685293565,7.0,9,0.021021021021,0,0.662567766469,0.559149636247,5,622
58,1,3.90440458015,2.0,4,0.02002002002,0,-0.793187075584,1.2839658069,5,545
59,1,4.46831878694,3.0,6,0.02002002002,0,-0.315630661155,0.415210770407,5,467
60,1,5.81285079413,4.0,8,0.018018018018,0,0.0367222872181,0.702683932471,5,590
61,1,6.15487410528,6.0,11,0.019019019019,0,0.435034416167,-0.150229143222,5,620
62,1,6.75474815883,0.0,9,0.021021021021,0,0.162010547512,1.2687165163,5,578
63,1,1.75382566528,0.0,9,0.019019019019,0,-0.976514759956,-0.316630054854,5,604
64,1,2.87242794774,0.0,14,0.019019019019,0,-0.614827102454,-0.283090744897,5,653
65,1,0.0520184961426,0.0,1,0.021021021021,1,-1.61171434734,-0.112838461828,5,322
66,1,1.26624776465,0.0,3,0.02002002002,0,-1.12315742925,-0.364279947597,5,444
67,1,7.89427923784,3.0,15,0.02002002002,0,0.758733945716,0.618077400695,5,683
68,1,1.3198439272,1.0,15,0.02002002002,0,-1.07388348888,-0.458505606164,5,712
69,1,4.86041133109,3.0,8,0.021021021021,0,-0.551899928035,1.5161111152,5,580
70,1,5.12449783557,2.0,6,0.02002002002,0,0.116970905513,-0.226414880971,5,446
71,1,2.98658847014,1.0,4,0.021021021021,0,-0.622867646763,-0.144808589571,5,371
72,1,10.2179359467,4.0,19,0.02002002002,0,1.75215212279,-0.0385204216888,5,730
73,1,9.14475775172,6.0,17,0.019019019019,0,1.31856634069,0.189058729648,5,863
74,1,1.91012146464,1.0,3,0.02002002002,0,-0.731939170198,-0.894061024768,5,210
75,1,8.09013338845,2.0,11,0.021021021021,0,1.05442546339,-0.0731430017087,5,582
76,1,9.15106119574,4.0,11,0.021021021021,0,1.44874247278,-0.195166222588,5,725
77,1,6.38365830678,6.0,14,0.02002002002,0,0.92188218225,-1.38198823996,5,728
78,1,4.16989797998,2.0,10,0.016016016016,0,-0.414489655267,0.413366945782,5,727
79,1,9.66333430411,9.0,21,0.021021021021,0,1.30385137163,0.751780189204,5,898
80,1,-0.235403134318,,0,0.02002002002,1,-1.87010620605,0.374915483843,5,1
81,1,3.94090845784,2.0,4,0.02002002002,0,-0.277022633643,-0.228023641237,5,418
82,1,2.14142688031,2.0,3,0.019019019019,1,-1.26414087979,0.933849519681,5,466
83,1,5.32909057217,5.0,9,0.02002002002,0,-0.0381728560869,0.443609140428,5,710
84,1,6.39212647684,4.0,14,0.02002002002,0,0.789898887159,-0.977570184633,5,772
85,1,12.8624420857,5.0,16,0.019019019019,0,2.84784280741,-0.681086336495,5,801
86,1,3.8848199977,1.0,12,0.02002002002,0,-0.496980914757,0.375762741975,5,765
87,1,7.85801431089,3.0,8,0.02002002002,0,1.06910546801,-0.349302093139,5,670
88,1,2.59208463284,1.0,5,0.02002002002,0,-0.952061004073,0.448267645058,5,693
89,1,5.19744205818,2.0,8,0.022022022022,0,-0.078729287152,0.433629919634,5,703
90,1,7.56349300642,1.0,16,0.019019019019,0,0.771175072854,0.249967787862,5,868
91,1,1.79400660579,0.0,5,0.021021021021,0,-0.975868001092,-0.278389390938,5,661
92,1,6.8707642565,6.0,11,0.019019019019,0,1.012603449,-1.16704609049,5,780
93,1,5.94058771387,3.0,17,0.02002002002,0,0.275106254041,0.115268951746,5,872
94,1,7.20613976003,1.0,18,0.019019019019,0,0.395563340428,1.01944973874,5,920
95,1,8.571269331,8.0,12,0.02002002002,0,1.04570038587,0.434168173398,5,789
96,1,0.00352303712222,0.0,2,0.02002002002,0,-1.83620025706,0.512123808314,5,464
97,1,9.77352235259,6.0,17,0.02002002002,0,1.42530808255,0.497598104933,5,880
98,1,6.95789350651,1.0,17,0.018018018018,0,0.94134511651,-0.866141843019,5,907
99,1,2.93099902128,1.0,12,0.022022022022,0,-0.674570021109,-0.0452909153975,5,757
100,1,5.54996311465,5.0,7,0.023023023023,0,0.499916240734,-0.949785607556,5,595
101,1,7.88591669262,7.0,15,0.02002002002,0,0.984506959467,-0.0676041857758,5,790
102,1,10.2326453561,2.0,19,0.02002002002,0,1.78224505124,-0.114089797605,5,950
103,1,1.14947886909,0.0,4,0.02002002002,0,-1.16879475514,-0.344136865478,5,417
104,1,5.64964460509,0.0,6,0.019019019019,0,0.462210222071,-0.736986061122,5,454
105,1,8.30153388627,5.0,13,0.021021021021,0,0.904088868839,0.589267279755,5,630
106,1,9.75763743263,3.0,10,0.02002002002,0,1.44513906302,0.422220243581,5,543
107,1,3.45692848931,1.0,6,0.021021021021,0,-0.23648855434,-0.833605847668,5,422
108,1,5.93585398836,3.0,13,0.018018018018,0,0.261491313206,0.151380048741,5,666
109,1,6.75548991914,6.0,17,0.02002002002,0,0.733583550558,-0.445260732531,5,779
110,1,7.36449480552,5.0,15,0.02002002002,0,1.10405444455,-0.947668528123,5,715
111,1,2.17979533132,1.0,3,0.02002002002,0,-0.853905277411,-0.258488836449,5,274
112,1,1.32695299606,0.0,10,0.022022022022,0,-1.4484314179,0.672247249759,5,331
113,1,2.43120711481,0.0,3,0.022022022022,0,-0.851374610479,-0.0146690537497,5,194
114,1,0.907724409149,0.0,1,0.018018018018,1,-1.67541281335,0.933962849211,5,111
115,1,6.54531756365,3.0,10,0.019019019019,0,0.55941993978,-0.132942255693,5,436
116,1,5.32427519644,3.0,6,0.02002002002,0,0.21628203215,-0.32457090001,5,308
117,1,-0.244578754234,,2,0.021021021021,0,-1.82782344631,0.238891584687,5,156
118,1,7.9082377188,,20,0.02002002002,0,0.779984624852,0.568283844243,5,822
119,1,7.36215414352,7.0,17,0.018018018018,0,0.514249568279,0.819405438687,5,808
120,1,7.16721271688,1.0,15,0.02002002002,0,0.66502338142,0.172142572617,5,635
121,1,6.45053430325,5.0,7,0.02002002002,0,0.502955092386,-0.058330973911,5,279
122,1,0.726925442044,,1,0.019019019019,0,-1.40380558863,-0.0616577920744,5,77
123,1,7.82981393951,3.0,17,0.02002002002,0,1.04516645636,-0.30568542957,5,664
124,1,4.16428072608,0.0,7,0.019019019019,0,-0.342891258864,0.192954502668,5,278
125,1,4.38281393988,2.0,10,0.022022022022,0,-0.177778632065,-0.0838501639297,5,320
126,1,9.16242102807,0.0,16,0.021021021021,0,1.27759695775,0.32963015483,5,793
127,1,11.2336811096,10.0,12,0.02002002002,0,2.4335927903,-1.06709726127,5,499
128,1,6.22400662701,2.0,12,0.019019019019,0,0.789088749231,-1.14325962068,5,323
129,1,6.77917146713,0.0,10,0.022022022022,0,0.57792347245,0.0454010497855,5,318
130,1,9.78615296666,8.0,14,0.018018018018,0,1.72822159606,-0.398511821529,5,554
131,1,2.5341327038,2.0,5,0.021021021021,0,-0.810949259649,-0.0330195172555,5,187
132,1,5.18444672921,5.0,7,0.019019019019,0,0.271374402404,-0.629676478003,5,217
133,1,-0.541208710051,,5,0.018018018018,0,-1.66201238534,-0.555171554036,5,100
134,1,0.427912310432,,2,0.021021021021,0,-1.41093521832,-0.339282034606,5,74
135,1,8.32484965671,,17,0.019019019019,0,0.953596947985,0.464058812759,5,513
136,1,2.60974797313,2.0,7,0.017017017017,0,-0.80018836014,0.0103130535499,5,133
137,1,3.15279915379,,17,0.019019019019,0,-0.923567988634,0.923503119692,5,638
138,1,4.34913115833,1.0,9,0.018018018018,0,-0.0590066676876,-0.473848838608,5,142
139,1,-0.176652218672,,1,0.02002002002,0,-1.72314930813,-0.00720429426984,5,14
140,1,3.3135654205,1.0,6,0.017017017017,0,-0.462987868244,-0.297470974769,5,94
141,1,2.89182493978,,3,0.021021021021,0,-0.496219735944,-0.619515852382,5,56
142,1,5.69915471212,5.0,6,0.019019019019,1,0.533145897126,-0.900282979263,5,90
143,1,1.18718015172,1.0,13,0.018018018018,0,-0.778908091807,-1.47609557285,5,136
144,1,-0.144593114127,,0,0.021021021021,1,-1.92686400697,0.635998906785,5,8
145,1,0.0172073069801,,12,0.019019019019,0,-1.20030029757,-1.38189180032,5,125
146,1,4.62779268741,,9,0.021021021021,0,0.136724432168,-0.7823806091,5,98
147,1,5.00589695566,3.0,9,0.021021021021,0,-0.24702654021,0.746976576288,5,113
148,1,1.52229139443,,2,0.021021021021,0,-1.02202186253,-0.41164301798,5,43
149,1,3.38677688832,,11,0.021021021021,0,-0.930115599329,1.17712368631,5,120
150,1,12.4176340909,12.0,16,0.019019019019,0,2.58493649577,-0.337175396422,5,395
151,1,1.21412418638,,4,0.019019019019,0,-0.723271534095,-1.61606121134,5,57
152,1,1.74456796083,1.0,3,0.02002002002,0,-1.1301813948,0.135112145232,5,51
153,1,9.59038340804,4.0,12,0.019019019019,0,1.40820207422,0.365777185387,5,239
154,1,1.77620874785,0.0,3,0.021021021021,0,-0.918301765555,-0.468885955483,5,50
155,1,1.2016327159,0.0,18,0.02002002002,0,-1.19243407557,-0.221065057388,5,540
156,1,6.83606959767,6.0,13,0.021021021021,0,0.0938455931835,1.55453281812,5,380
157,1,0.827161313789,,7,0.02002002002,0,-1.26277594185,-0.384510860659,5,205
158,1,1.94545920868,1.0,10,0.018018018018,0,-0.831838513824,-0.559025249848,5,360
159,1,7.76534041441,,14,0.018018018018,0,0.788280805474,0.400497997991,5,536
160,1,2.15931420937,,21,0.023023023023,0,-0.820691475149,-0.378611365186,5,605
161,1,4.28572495018,3.0,12,0.02002002002,0,-0.229077566049,-0.0270423516742,5,405
162,1,6.45742935429,6.0,20,0.02002002002,0,0.564076636028,-0.234800553792,5,942
163,1,2.80481948442,0.0,4,0.02002002002,0,-0.645570770307,-0.25846820466,5,116
164,1,-0.193981114802,,0,0.019019019019,1,-1.17484563868,-1.66944419875,5,24
165,1,9.77191810951,2.0,14,0.021021021021,0,1.12453882701,1.39830162847,5,419
166,1,5.51594610458,5.0,18,0.02002002002,0,-0.310461121983,1.44732947053,5,598
167,1,5.47210626845,5.0,9,0.021021021021,0,0.108028339224,0.148021250782,5,138
168,1,5.748059991,1.0,8,0.017017017017,0,0.434494435307,-0.555423314921,5,162
169,1,5.86584964759,,8,0.021021021021,0,0.182876058264,0.317221472799,5,137
170,1,5.01143132354,5.0,13,0.021021021021,0,0.0917329059642,-0.263767394348,5,285
171,1,4.64549826758,,5,0.02002002002,0,0.475547717327,-1.78114488441,5,48
172,1,1.25089699947,,3,0.018018018018,0,-1.18405098541,-0.196950044311,5,29
173,1,5.91517860124,,12,0.022022022022,0,-0.1876829029,1.47822730994,5,128
174,1,5.3159832281,2.0,7,0.019019019019,0,0.00268842731037,0.307917946164,5,87
175,1,1.94017757747,0.0,2,0.018018018018,0,-0.962398545333,-0.172626786532,5,32
176,1,-0.426008632292,,0,0.021021021021,1,-1.4310322823,-1.13291178539,5,4
177,1,8.3168554227,7.0,18,0.019019019019,0,0.309956562633,2.3869857348,5,350
178,1,4.18429843821,4.0,17,0.022022022022,0,-0.413928899597,0.426085137,5,164
179,1,0.846291148711,,1,0.022022022022,0,-0.969617215122,-1.24485720592,5,12
180,1,7.69429538381,4.0,11,0.02002002002,0,1.36397019505,-1.39761520135,5,92
181,1,9.23621942534,,12,0.019019019019,0,1.19843790516,0.640905709854,5,115
182,1,2.84590187634,,4,0.021021021021,0,-0.590639951545,-0.382178269029,5,46
183,1,6.25769929503,2.0,8,0.021021021021,0,0.469384512227,-0.150454241648,5,91
184,1,10.0939331807,,14,0.022022022022,0,1.52325420727,0.524170558837,5,157
185,1,10.5093507581,1.0,11,0.021021021021,0,1.68801912583,0.445293380618,5,144
186,1,4.16006658153,2.0,5,0.019019019019,0,-0.329410034645,0.148296685468,5,63
187,1,1.62189152223,,2,0.021021021021,0,-1.25658499481,0.391646506651,5,52
188,1,11.6884031472,10.0,17,0.019019019019,0,2.03754103783,0.575780033749,5,175
189,1,3.01373995595,1.0,4,0.022022022022,0,-0.900060942535,0.713922783557,5,61
190,1,8.22686142274,,17,0.022022022022,0,0.783795038439,0.875476307425,5,500
191,1,10.2044311581,6.0,19,0.02002002002,0,1.79029914509,-0.166466277127,5,511
192,1,1.3115224088,,8,0.02002002002,0,-1.16183103235,-0.202984494156,5,112
193,1,3.9616938494,,14,0.021021021021,0,-0.290461181105,-0.166922607287,5,165
194,1,8.85734641451,6.0,9,0.018018018018,0,1.31973146577,-0.101847982809,5,150
195,1,1.96705119795,,13,0.022022022022,0,-0.990578861184,-0.0612122184949,5,154
196,1,4.36944002748,,9,0.019019019019,0,0.25833060186,-1.4055517781,5,131
197,1,4.3248642058,,10,0.017017017017,0,-0.17057466424,-0.163411801474,5,146
198,1,3.73006707968,0.0,4,0.021021021021,0,-0.333403006708,-0.269723900193,5,67
199,1,2.08192207658,0.0,7,0.021021021021,0,-0.224489244145,-2.24461019099,5,117
200,1,8.38952313955,1.0,19,0.019019019019,0,1.31632616437,-0.55945535355,5,678
201,1,2.50742225102,0.0,3,0.021021021021,0,-0.486575614597,-1.03285090519,5,59
202,1,0.992323675706,,1,0.021021021021,0,-1.33814725689,0.00676544637852,5,31
203,1,9.43268765461,2.0,14,0.018018018018,0,1.36033604082,0.351679532146,5,168
204,1,-1.76950896124,,0,0.018018018018,1,-2.20711314223,-0.148169534549,5,15
205,1,7.07555234034,0.0,8,0.02002002002,0,-0.244332207659,2.80854896332,5,123
206,1,3.28496570252,,8,0.02002002002,0,-0.390858481401,-0.542458853283,5,97
207,1,6.21541155583,,9,0.019019019019,0,0.0141445163181,1.17297800687,5,143
208,1,2.40256135085,0.0,15,0.019019019019,0,-0.787523345302,-0.23486861324,5,498
209,1,7.84314265911,6.0,8,0.018018018018,0,0.790250446357,0.472391320044,5,126
210,1,2.79739868436,1.0,3,0.022022022022,0,-0.658732583123,-0.226403566273,5,49
211,1,3.73551685734,2.0,19,0.02002002002,0,-0.140467777744,-0.843079809423,5,805
212,1,1.91836352623,,9,0.018018018018,0,-0.783560305181,-0.73095555823,5,152
213,1,8.23298747802,8.0,12,0.019019019019,0,1.12347553812,-0.137439136326,5,288
214,1,5.8753396662,3.0,10,0.02002002002,0,0.0867994214435,0.614941401872,5,218
215,1,1.29867017659,,2,0.02002002002,0,-1.13718184871,-0.289784277267,5,82
216,1,1.59218729497,1.0,2,0.019019019019,1,-1.34729976289,0.634086583626,5,78
217,1,6.89890569997,5.0,10,0.02002002002,0,0.284075231575,1.04668000524,5,336
218,1,-1.1157603188,,0,0.02002002002,1,-2.5485516633,1.5298946711,5,42
219,1,4.40727880541,,14,0.018018018018,0,0.259938133889,-1.37253559626,5,650
220,1,2.15377539116,1.0,4,0.022022022022,0,-0.969081617194,0.061020242739,5,86
221,1,7.09998399046,5.0,15,0.023023023023,0,0.194866747259,1.51538374868,5,458
222,1,6.59792921974,1.0,11,0.021021021021,0,0.534750157646,-0.00632125319496,5,412
223,1,5.54080528724,2.0,17,0.018018018018,0,-0.0634011341499,0.731008689688,5,740
224,1,5.53788649768,4.0,18,0.019019019019,0,0.228024035546,-0.146185608954,5,729
225,1,5.89351889226,4.0,7,0.019019019019,0,-0.0263881957532,0.972683479524,5,396
226,1,9.75372000891,5.0,17,0.022022022022,0,1.11984591316,1.39418226942,5,690
227,1,3.2328385381,2.0,4,0.021021021021,0,-0.459808935145,-0.38773465646,5,338
228,1,4.85730319652,3.0,5,0.018018018018,0,-0.0689613168454,0.0641871470567,5,407
229,1,3.26034796001,1.0,10,0.017017017017,0,-0.558945166581,-0.0628165402458,5,586
230,1,4.96415657564,0.0,14,0.018018018018,0,-0.0523470691874,0.121197783201,5,692
231,1,4.75222698628,0.0,9,0.019019019019,0,-0.101170632417,0.0557388835294,5,527
232,1,5.58989256996,5.0,11,0.018018018018,0,-0.0753092452685,0.815820305769,5,691
233,1,3.77318793533,2.0,5,0.021021021021,0,-0.269379677643,-0.418673031743,5,392
234,1,2.15223353941,2.0,3,0.021021021021,1,-0.932091155807,-0.0514929931673,5,383
235,1,10.5410823599,0.0,19,0.021021021021,0,1.7238022866,0.36967550012,5,849
236,1,7.79859411745,3.0,18,0.018018018018,0,0.914268952132,0.055787261054,5,997
237,1,6.83361014983,3.0,8,0.019019019019,0,0.398607489622,0.637787680964,5,526
238,1,4.8690844798,3.0,10,0.019019019019,0,0.267036364257,-0.932024612974,5,584
239,1,7.48612719292,0.0,8,0.02002002002,0,0.56616762556,0.787624316238,5,516
240,1,8.59812299451,1.0,19,0.022022022022,0,1.32668698643,-0.381937964778,5,798
241,1,-2.94781266258,,1,0.021021021021,0,-2.2247236458,-1.27364172517,5,229
242,1,4.40483452849,3.0,21,0.022022022022,0,-0.0731819060809,-0.375619753266,5,926
243,1,1.95918139512,,5,0.023023023023,0,-1.30373494638,0.870386234245,5,255
244,1,11.6147098838,9.0,13,0.019019019019,0,2.15684981846,0.144160428389,5,732
245,1,6.66821313125,2.0,16,0.022022022022,0,0.973168543879,-1.25129250038,5,623
246,1,13.5588312268,4.0,16,0.021021021021,0,2.36027905397,1.47799406487,5,788
247,1,2.1846480235,0.0,6,0.02002002002,0,-1.02508008096,0.259888266375,5,420
248,1,5.15681564614,0.0,7,0.02002002002,0,-0.14477186376,0.591131237422,5,484
249,1,4.25908157476,1.0,6,0.02002002002,0,-0.295631283689,0.145975425822,5,414
250,1,9.12048589422,4.0,11,0.02002002002,0,1.578583427,-0.615264386781,5,518
251,1,7.84882351021,4.0,14,0.022022022022,0,0.745447564226,0.612480817537,5,629
252,1,0.904990920521,0.0,1,0.02002002002,1,-1.47678316503,0.33534041562,5,242
253,1,0.549379938483,0.0,12,0.021021021021,0,-1.63097486167,0.442304523503,5,549
254,1,11.5440226741,10.0,18,0.019019019019,0,2.45612398343,-0.824349276138,5,918
255,1,4.23916988359,1.0,10,0.019019019019,0,-0.0508196186047,-0.608371260598,5,514
256,1,9.45921402139,8.0,17,0.019019019019,0,1.57754137738,-0.27341011076,5,871
257,1,1.38499311071,1.0,4,0.02002002002,0,-1.41330005831,0.62489328564,5,352
258,1,1.77802152366,1.0,2,0.018018018018,1,-1.25555646665,0.544690923608,5,244
259,1,2.82001673036,,4,0.02002002002,0,-0.690454600735,-0.108619467438,5,372
260,1,2.09476190168,1.0,5,0.021021021021,0,-0.746722025776,-0.66507202099,5,481
261,1,6.73161857609,1.0,19,0.02002002002,0,0.550156929081,0.0811477888486,5,963
262,1,1.3137259382,0.0,4,0.02002002002,0,-1.01171478588,-0.651129704158,5,326
263,1,7.81251388971,6.0,15,0.022022022022,0,0.644084987729,0.880258926523,5,656
264,1,-0.910686402193,,0,0.019019019019,1,-2.06849628567,0.294802454821,5,66
265,1,3.84805024211,3.0,6,0.018018018018,0,-0.456938714863,0.218866386703,5,533
266,1,2.65357380302,1.0,8,0.024024024024,0,-0.983177136644,0.603105212952,5,609
267,1,9.09924668929,7.0,11,0.021021021021,0,0.97804889968,1.16509999025,5,687
268,1,6.89716001779,6.0,17,0.02002002002,0,0.855378742459,-0.668976209587,5,762
269,1,5.38481780576,3.0,7,0.021021021021,0,0.182730050806,-0.163372346655,5,647
270,1,4.1787744777,2.0,16,0.021021021021,0,-0.065398560409,-0.625029841073,5,783
271,1,4.04791749339,4.0,19,0.019019019019,0,-0.689521745343,1.11648272942,5,977
272,1,4.47027117657,1.0,15,0.022022022022,0,-0.157592737783,-0.0569506100837,5,719
273,1,9.73550109848,2.0,20,0.02002002002,0,1.50351076595,0.224968800623,5,980
274,1,9.86222073176,5.0,17,0.022022022022,0,1.51970719458,0.303099148016,5,756
275,1,3.31102999344,2.0,14,0.021021021021,0,-0.51297844411,-0.150034674233,5,751
276,1,1.39203442853,1.0,2,0.019019019019,1,-1.13764136426,-0.195041478676,5,606
277,1,1.2702071745,1.0,11,0.021021021021,0,-0.946461166358,-0.890409326428,5,716
278,1,7.13705861041,2.0,8,0.02002002002,0,0.35106448541,1.08386515418,5,648
279,1,6.20304426056,2.0,9,0.018018018018,0,0.569402124996,-0.505162114426,5,694
280,1,10.958806911,10.0,17,0.021021021021,0,1.86267318291,0.370787362254,5,802
281,1,3.21833418498,1.0,4,0.022022022022,0,-0.203673388342,-1.17064564999,5,603
282,1,6.37563544367,2.0,8,0.021021021021,0,0.542747720084,-0.252607716582,5,608
283,1,-4.28097187391,,0,0.017017017017,1,-3.23348340239,0.41947833327,5,134
284,1,6.24717915679,6.0,11,0.02002002002,0,0.402196191632,0.0405905818939,5,677
285,1,5.11558561966,1.0,15,0.019019019019,0,0.186351792882,-0.443469758984,5,711
286,1,4.12558870431,,10,0.018018018018,0,-0.279058080229,-0.0372370550054,5,646
287,1,7.02319798235,7.0,19,0.02002002002,0,0.261344705873,1.23916386473,5,921
288,1,4.88660093135,,5,0.021021021021,0,-0.120010562706,0.246632619467,5,451
289,1,8.96321818111,2.0,20,0.02002002002,0,1.0423815561,0.836073512818,5,957
290,1,4.60494864378,1.0,9,0.021021021021,0,0.163049458897,-0.884199732914,5,495
291,1,2.32105981264,0.0,5,0.02002002002,0,-0.953786046616,0.182417952485,5,423
292,1,3.78944338345,0.0,13,0.021021021021,0,-0.32685794963,-0.229982767656,5,541
293,1,4.85632237124,0.0,7,0.02002002002,0,0.0462617452892,-0.282462864629,5,437
294,1,6.35882023126,2.0,15,0.02002002002,0,0.216693891909,0.708738555532,5,704
295,1,4.88690084452,3.0,9,0.018018018018,0,0.0855359297825,-0.369706944831,5,453
296,1,2.0848190884,0.0,6,0.02002002002,0,-0.795404770969,-0.528966598692,5,376
297,1,5.69149647251,2.0,13,0.017017017017,0,0.209594972714,0.0627115543628,5,567
298,1,0.862969204051,,1,0.02002002002,0,-1.41454583717,0.106606715562,5,192
299,1,2.6868485626,1.0,7,0.02002002002,0,-0.637424325549,-0.400878460754,5,356
300,1,8.57061810645,4.0,13,0.019019019019,0,1.26155277625,-0.214040222315,5,490
301,1,5.13195107444,5.0,10,0.022022022022,0,-0.198343949509,0.726982922967,5,373
302,1,-0.530025644064,,1,0.022022022022,0,-1.60532356549,-0.714054947588,5,96
303,1,4.8206770837,4.0,17,0.021021021021,0,0.176939864524,-0.710142509876,5,611
304,1,12.3174860366,5.0,19,0.022022022022,0,2.26209391539,0.531204290474,5,679
305,1,2.55736308711,1.0,4,0.02002002002,0,-1.12821066674,0.941995087332,5,254
306,1,8.58410297695,3.0,10,0.02002002002,0,1.17529168826,0.0582279121815,5,319
307,1,5.25020812013,3.0,7,0.021021021021,0,0.0237042563172,0.179095351183,5,296
308,1,0.259694139981,0.0,4,0.02002002002,0,-1.2771815289,-0.908761273326,5,219
309,1,6.37068900555,,11,0.02002002002,0,0.470612819166,-0.0411494519443,5,351
310,1,5.11716731001,2.0,13,0.02002002002,0,0.154228218205,-0.345517344609,5,370
311,1,5.76172265624,5.0,10,0.02002002002,0,0.425246889174,-0.514018011282,5,298
312,1,8.59699877688,,20,0.02002002002,0,1.32924471197,-0.390735359019,5,953
313,1,1.98022270989,,2,0.021021021021,0,-0.921903293003,-0.254067411103,5,33
314,1,1.29857556247,,3,0.022022022022,0,-1.09447244523,-0.418007101848,5,129
315,1,6.24321915082,3.0,11,0.022022022022,0,0.0453269999862,1.10723815087,5,299
316,1,3.87562112107,3.0,4,0.02002002002,1,-0.322749089908,-0.156131609209,5,209
317,1,7.71055169631,1.0,14,0.019019019019,0,0.857466105708,0.138153379191,5,442
318,1,6.63224780878,3.0,16,0.019019019019,0,0.494724242717,0.14807508063,5,744
319,1,4.21301921513,,5,0.02002002002,0,-0.0304254837444,-0.695704333635,5,271
320,1,5.33316748495,2.0,18,0.019019019019,0,0.0806861721247,0.0911089685791,5,936
321,1,3.04730574678,3.0,4,0.02002002002,1,-0.604975522579,-0.137767685482,5,213
322,1,4.70278426994,1.0,5,0.021021021021,0,-0.116976266463,0.0537130693303,5,252
323,1,-0.485659519666,,0,0.018018018018,1,-1.65009450808,-0.535375995428,5,30
324,1,3.50881422216,0.0,10,0.022022022022,0,-0.0870963493872,-1.22989672968,5,386
325,1,2.9181039439,,6,0.02002002002,0,-0.598867925987,-0.285292278137,5,305
326,1,7.94914383852,7.0,8,0.02002002002,1,0.747384401596,0.706990633736,5,335
327,1,9.97503686345,9.0,14,0.018018018018,0,1.51787291876,0.421418107152,5,763
328,1,3.70116795584,2.0,19,0.021021021021,0,-0.205153907,-0.683370323155,5,876
329,1,10.1040649593,10.0,13,0.02002002002,0,1.44760655,0.761245309334,5,766
330,1,5.0650063162,4.0,10,0.02002002002,0,0.117773391909,-0.288313859524,5,682
331,1,4.909527724,0.0,6,0.02002002002,0,0.222733735333,-0.758673482004,5,432
332,1,7.89895469654,5.0,11,0.021021021021,0,0.968868833714,-0.00765180460255,5,736
333,1,1.73560588107,1.0,3,0.02002002002,0,-1.21777119368,0.388919462109,5,353
334,1,6.9434936303,2.0,7,0.018018018018,0,0.514627980872,0.399609687686,5,529
335,1,5.1510779816,5.0,18,0.018018018018,0,-0.291884333733,1.0267309828,5,986
336,1,5.64797113356,2.0,11,0.021021021021,0,0.486045740532,-0.810166088039,5,755
337,1,4.47648515612,4.0,14,0.02002002002,0,-0.255276571773,0.24231487144,5,792
338,1,4.73868874145,2.0,13,0.02002002002,0,-0.155839599184,0.206207539001,5,784
339,1,5.53221908508,1.0,8,0.023023023023,0,0.364589047259,-0.5615480567,5,576
340,1,6.53230958293,5.0,15,0.02002002002,0,0.22918068507,0.844767527719,5,834
341,1,5.16006201702,5.0,11,0.019019019019,0,0.284072686086,-0.692156041236,5,760
342,1,-2.11124849538,,0,0.018018018018,1,-2.41839015671,0.143921974753,5,9
343,1,8.6179951699,3.0,16,0.022022022022,0,1.41907046796,-0.639216233983,5,836
344,1,7.29418293164,1.0,17,0.021021021021,0,0.638193794596,0.379601547858,5,911
345,1,3.44712815263,2.0,7,0.021021021021,0,-0.636452445124,0.356485487998,5,750
346,1,8.57279940303,7.0,19,0.019019019019,0,0.600153490157,1.77233893256,5,982
347,1,5.56306684468,5.0,9,0.019019019019,0,0.141136744681,0.139656610634,5,758
348,1,6.69955186518,3.0,16,0.02002002002,0,0.384277602864,0.546719056583,5,850
349,1,1.36993270699,1.0,3,0.02002002002,0,-1.07885597866,-0.393499357034,5,521
350,1,4.21091550189,1.0,5,0.021021021021,0,-0.334936842008,0.215726027913,5,572
351,1,6.11468547409,2.0,16,0.021021021021,0,0.173169892102,0.595175797786,5,859
352,1,6.57275312484,6.0,17,0.018018018018,0,0.55256668435,-0.0849469282086,5,913
353,1,7.24877571593,0.0,9,0.019019019019,0,0.719594535954,0.0899921080657,5,791
354,1,3.8275442975,1.0,18,0.02002002002,0,-0.714011060829,0.96957747999,5,923
355,1,0.210882940706,0.0,2,0.019019019019,0,-1.50948241646,-0.260669809906,5,400
356,1,3.91506068012,1.0,4,0.018018018018,0,-0.252151101677,-0.32848601485,5,544
357,1,2.57234999698,2.0,3,0.019019019019,1,-0.570352669028,-0.716591995942,5,479
358,1,5.44361758578,1.0,9,0.021021021021,0,0.13124193143,0.0498917914879,5,660
359,1,3.64822682196,0.0,16,0.02002002002,0,-0.119935683673,-0.991966127019,5,906
360,1,2.9262951378,0.0,5,0.02002002002,0,-0.577478638164,-0.341268947707,5,535
361,1,9.1451653785,9.0,10,0.02002002002,1,1.39606817998,-0.0430391614354,5,665
362,1,4.01084967355,0.0,9,0.018018018018,0,-0.369946132986,0.120688072505,5,676
363,1,11.3062690993,9.0,17,0.019019019019,0,2.23533922699,-0.399748581679,5,927
364,1,3.35563874723,0.0,9,0.019019019019,0,-0.287523458001,-0.78179087877,5,562
365,1,1.34200356665,0.0,2,0.019019019019,0,-1.60639620664,1.16119218657,5,349
366,1,7.29870263847,1.0,19,0.021021021021,0,0.82648059716,-0.180739153007,5,933
367,1,8.11728284411,8.0,14,0.02002002002,0,0.906423950138,0.3980109937,5,726
368,1,0.423448419709,0.0,3,0.018018018018,0,-1.80980134149,0.852852444176,5,339
369,1,3.98166115387,2.0,4,0.018018018018,0,-0.274168461937,-0.19583346032,5,402
370,1,8.3571686335,6.0,10,0.021021021021,0,0.808685382664,0.931112485509,5,508
371,1,6.28258471765,4.0,14,0.018018018018,0,0.0469589436965,1.14170788656,5,841
372,1,7.22729049548,7.0,19,0.019019019019,0,0.933481348579,-0.573153550255,5,993
373,1,4.36621928226,1.0,15,0.018018018018,0,0.089734642863,-0.90298464633,5,891
374,1,8.59612321733,8.0,11,0.019019019019,0,0.180233551166,3.05542256383,5,491
375,1,2.57003700725,1.0,3,0.02002002002,0,-0.541766657661,-0.804663019764,5,186
376,1,10.328450124,10.0,19,0.02002002002,0,2.19927697669,-1.26938080606,5,985
377,1,4.00027002046,1.0,6,0.02002002002,0,-0.647903581196,0.943980764053,5,249
378,1,9.79895713277,0.0,15,0.022022022022,0,1.8364345716,-0.710346582048,5,520
379,1,6.34131545344,3.0,9,0.019019019019,0,-0.0396723564706,1.46033252285,5,433
380,1,5.69896658728,2.0,8,0.02002002002,0,-0.0733973513406,0.919158641305,5,377
381,1,-2.47306822699,,0,0.02002002002,1,-2.56050123526,0.208435478802,5,2
382,1,7.98204652227,1.0,10,0.021021021021,0,0.843983951304,0.450094668356,5,270
383,1,3.70789775207,,5,0.02002002002,0,-0.450362539687,0.0589853711271,5,166
384,1,0.310353033531,,2,0.019019019019,0,-1.85536487717,0.876447665037,5,89
385,1,3.62403291137,3.0,16,0.021021021021,0,-0.219721449466,-0.716802740236,5,434
386,1,7.39403858578,1.0,8,0.02002002002,0,0.887438258559,-0.268276189894,5,243
387,1,1.97948326873,1.0,8,0.018018018018,0,-1.36925116269,1.08723675679,5,231
388,1,2.99821681126,1.0,5,0.019019019019,0,-0.763973537354,0.29013742332,5,114
389,1,6.33496104878,3.0,15,0.018018018018,0,0.113156447097,0.995491707483,5,509
390,1,2.65411038125,,3,0.019019019019,0,-0.93042867419,0.44539640382,5,109
391,1,-2.97128620588,,1,0.022022022022,0,-2.97042845848,0.939999169546,5,88
392,1,3.40775371019,,18,0.02002002002,0,-0.214945978608,-0.947408353985,5,720
393,1,2.19994430355,,10,0.019019019019,0,-0.763702418577,-0.508948440721,5,398
394,1,5.38445470369,,6,0.021021021021,0,0.177230770253,-0.147237607073,5,181
395,1,7.31834631789,5.0,18,0.021021021021,0,0.839877726718,-0.201286862265,5,550
396,1,2.1152791144,2.0,4,0.022022022022,0,-0.445839805577,-1.54720146887,5,110
397,1,2.43508215755,,3,0.018018018018,0,-0.9871193222,0.396440124151,5,173
398,1,6.9089510202,0.0,11,0.02002002002,0,0.202788957206,1.30058414858,5,465
399,1,7.18409988174,4.0,16,0.02002002002,0,0.586553025867,0.424440804142,5,589
400,1,8.81352495495,7.0,21,0.022022022022,0,1.4831949346,-0.636059848863,5,799
401,1,6.80103206021,2.0,14,0.021021021021,0,0.669359742168,-0.207047166293,5,510
402,1,6.12765335202,0.0,18,0.018018018018,0,0.253502717613,0.367145199177,5,967
403,1,5.37476988706,4.0,6,0.021021021021,0,-0.280415718488,1.21601704253,5,212
404,1,3.42304973952,1.0,15,0.023023023023,0,-0.639183823666,0.340601210517,5,482
405,1,-0.30422978354,,0,0.02002002002,1,-1.69085795882,-0.231655907091,5,47
406,1,8.78345696311,4.0,9,0.019019019019,0,0.97405277868,0.861298627067,5,410
407,1,3.7525636173,2.0,15,0.019019019019,0,-0.468105218704,0.156879273407,5,770
408,1,2.94569633692,2.0,9,0.021021021021,0,-0.295897687332,-1.16661060108,5,317
409,1,6.45487354741,6.0,11,0.019019019019,0,0.593620902771,-0.325989160904,5,469
410,1,6.29715639544,0.0,9,0.021021021021,0,0.48519507369,-0.15842882563,5,312
411,1,8.12171519001,6.0,19,0.02002002002,0,0.795853429076,0.734154902785,5,815
412,1,2.68212222303,,6,0.02002002002,0,-0.656235233529,-0.349172076382,5,102
413,1,8.09943167988,1.0,18,0.02002002002,0,1.00592911478,0.0816443355404,5,515
414,1,3.78160803447,1.0,5,0.021021021021,0,-0.220484696873,-0.556937874908,5,85
415,1,2.31504276138,,3,0.021021021021,0,-0.592476510718,-0.907527706463,5,76
416,1,-2.56176488856,,1,0.02002002002,0,-2.2126634009,-0.923774685857,5,62
417,1,4.51919111867,1.0,9,0.02002002002,0,0.212562390054,-1.11849605149,5,277
418,1,6.22787160364,6.0,10,0.022022022022,0,0.441042091087,-0.0952546696231,5,310
419,1,2.4451257085,2.0,3,0.019019019019,1,-0.586010213194,-0.796843651922,5,79
420,1,3.07595704077,,6,0.021021021021,0,-0.137543745732,-1.51141172203,5,171
421,1,5.11766733388,0.0,10,0.018018018018,0,0.027816665145,0.0342173384403,5,342
422,1,-3.3394869887,,0,0.02002002002,1,-2.71324916833,-0.199739483725,5,22
423,1,4.84416580448,4.0,5,0.019019019019,1,0.320261708702,-1.11661932162,5,234
424,1,7.11068579225,7.0,12,0.019019019019,0,0.882689331253,-0.537382201511,5,411
425,1,10.059610975,5.0,11,0.02002002002,0,1.74758024322,-0.183129754714,5,367
426,1,5.36125167924,3.0,7,0.021021021021,0,0.153627584109,-0.0996310730893,5,283
427,1,7.4207218551,5.0,18,0.019019019019,0,0.722749410751,0.252473622847,5,803
428,1,8.66547459351,3.0,11,0.018018018018,0,1.40774697477,-0.557766330795,5,776
429,1,1.62882601433,1.0,10,0.018018018018,0,-0.99085960429,-0.398595172798,5,477
430,1,9.86808025196,4.0,11,0.021021021021,0,1.35208018333,0.811839701967,5,456
431,1,9.43083211152,9.0,14,0.017017017017,0,1.80095765293,-0.972040847285,5,830
432,1,9.84198441846,4.0,15,0.019019019019,0,1.78489680592,-0.512705999287,5,795
433,1,4.50661546998,4.0,5,0.022022022022,1,-0.182469530225,0.0540240606579,5,359
434,1,7.94242013176,3.0,18,0.02002002002,0,1.20951871773,-0.686136021422,5,878
435,1,-0.378417810514,,0,0.018018018018,1,-1.45563561665,-1.01151096055,5,153
436,1,10.4450644415,3.0,13,0.022022022022,0,1.71025460199,0.314300635513,5,675
437,1,6.1156359491,4.0,8,0.02002002002,0,0.679441259635,-0.922687829801,5,424
438,1,9.43411850825,5.0,22,0.022022022022,0,1.24602108508,0.696055253005,5,887
439,1,5.57771271417,1.0,17,0.022022022022,0,-0.263188931757,1.36727950944,5,749
440,1,0.121283900006,,1,0.02002002002,0,-1.9189669135,0.878184640518,5,60
441,1,4.47420446386,4.0,15,0.019019019019,0,-0.452579644709,0.83194339799,5,797
442,1,4.41046082345,1.0,11,0.019019019019,0,-0.369626393511,0.519340003983,5,487
443,1,6.34949756512,3.0,12,0.022022022022,0,0.20758402787,0.726745481511,5,449
444,1,4.28658621128,1.0,14,0.017017017017,0,-0.229307605758,-0.0254909714416,5,649
445,1,3.34987909919,1.0,5,0.02002002002,0,-0.476900846122,-0.219418362442,5,316
446,1,-1.49180277153,,5,0.019019019019,0,-2.15570225472,-0.0246960073707,5,297
447,1,0.520064369017,0.0,2,0.021021021021,0,-1.45438744674,-0.116773290778,5,241
448,1,3.37537589828,2.0,15,0.019019019019,0,-0.38094386236,-0.481792514638,5,621
449,1,8.1380371749,2.0,16,0.02002002002,0,0.951203159357,0.284427696833,5,618
450,1,2.68332887552,2.0,3,0.022022022022,1,-0.754957960478,-0.0517972430467,5,247
451,1,3.50397804473,3.0,4,0.019019019019,1,-0.723320295309,0.673938930662,5,333
452,1,2.36670022293,0.0,7,0.019019019019,0,-0.636230990502,-0.724606805563,5,363
453,1,8.23512230477,2.0,12,0.022022022022,0,1.2602962121,-0.545766331538,5,522
454,1,2.38826800266,2.0,16,0.021021021021,0,-0.876657284009,0.0182398546852,5,579
455,1,7.90902619379,0.0,15,0.02002002002,0,0.720280791096,0.748183820505,5,565
456,1,5.60110377237,2.0,11,0.018018018018,0,0.201439257562,-0.00321400031433,5,485
457,1,5.13843973273,2.0,11,0.018018018018,0,-0.113406928442,0.478660518051,5,552
458,1,7.87471054291,0.0,10,0.019019019019,0,1.11664471957,-0.4752236158,5,452
459,1,3.61942223766,0.0,16,0.021021021021,0,-0.537669810552,0.232431669316,5,585
460,1,0.436845439256,0.0,1,0.019019019019,1,-1.62819816306,0.321439928432,5,148
461,1,12.1580062724,0.0,16,0.018018018018,0,1.82337016414,1.68789577995,5,697
462,1,8.88626671692,6.0,10,0.02002002002,0,1.14069200235,0.46419070988,5,340
463,1,0.199778542337,,1,0.021021021021,0,-1.61208097628,0.0360214711762,5,108
464,1,8.22132753301,6.0,9,0.018018018018,0,0.699175483048,1.12380108387,5,303
465,1,6.49903083611,1.0,7,0.021021021021,0,0.971196567731,-1.41455886708,5,232
466,1,7.62673727579,2.0,9,0.02002002002,0,0.926260362064,-0.152043810408,5,238
467,1,1.34863803314,,20,0.02002002002,0,-1.11406813562,-0.309157560002,5,777
468,1,6.26845791354,1.0,7,0.019019019019,0,0.293538047708,0.387843770413,5,195
469,1,6.59624812552,2.0,7,0.021021021021,0,0.864319614143,-0.996710716912,5,169
470,1,11.3970430781,,21,0.023023023023,0,2.06569747017,0.199950667567,5,741
471,1,3.8007075593,,13,0.019019019019,0,-0.73362153506,1.00157216448,5,258
472,1,5.23646956843,0.0,8,0.02002002002,0,-0.171591382228,0.751243715119,5,170
473,1,-3.81667859371,,0,0.019019019019,1,-2.93268451584,-0.0186250461774,5,11
474,1,3.12920666406,2.0,5,0.02002002002,0,-0.405271215207,-0.654979690319,5,149
475,1,11.6848115709,2.0,13,0.019019019019,0,1.99879115257,0.68843811322,5,345
476,1,1.96765334966,1.0,2,0.02002002002,1,-0.721746846509,-0.867106110815,5,95
477,1,6.01611302943,5.0,15,0.018018018018,0,0.384682364778,-0.137934064903,5,460
478,1,3.12931930506,1.0,4,0.018018018018,0,-0.471192035963,-0.45710458705,5,145
479,1,5.01273298036,,8,0.021021021021,0,0.195632002501,-0.574163027146,5,163
480,1,7.34490031552,0.0,8,0.02002002002,0,0.872971816491,-0.274015133955,5,167
481,1,5.74219117173,3.0,11,0.018018018018,0,0.981573512377,-2.2025293654,5,208
482,1,-0.900733103608,,2,0.021021021021,0,-1.70893732004,-0.773921143479,5,20
483,1,7.95339918759,4.0,13,0.018018018018,0,1.00578561728,-0.0639576642576,5,235
484,1,0.200391365616,0.0,6,0.018018018018,0,-1.63289017675,0.0990618958684,5,177
485,1,4.39721197856,2.0,17,0.018018018018,0,-0.478534661931,0.832815964349,5,657
486,1,9.26645573143,6.0,12,0.02002002002,0,1.19019959385,0.695856949873,5,236
487,1,2.661351379,0.0,3,0.019019019019,0,-0.555819979185,-0.671188683441,5,122
488,1,2.16038888916,,5,0.019019019019,0,-0.5999952304,-1.03962541964,5,141
489,1,3.99455908647,0.0,14,0.018018018018,0,0.023787584513,-1.07680366707,5,365
490,1,9.69765792859,9.0,11,0.021021021021,0,1.81375545704,-0.743608442524,5,226
491,1,-0.194928242248,,0,0.021021021021,1,-1.5836058016,-0.44411083745,5,17
492,1,6.26979619584,2.0,19,0.02002002002,0,-0.0993007856106,1.56769855267,5,461
493,1,-2.36056573965,,1,0.02002002002,0,-2.34965386415,-0.311604147201,5,53
494,1,5.56711731967,,11,0.021021021021,0,0.197352721439,-0.0249408446515,5,273
495,1,2.6280879509,1.0,5,0.02002002002,0,-0.422615212955,-1.10406641023,5,135
496,1,5.43146682954,3.0,13,0.022022022022,0,0.292712697271,-0.446671262272,5,275
497,1,2.4627873334,0.0,7,0.021021021021,0,-1.07246395543,0.680179199696,5,203
498,1,5.212260403,1.0,18,0.021021021021,0,-0.0950950957627,0.497545690286,5,439
499,1,1.23334652732,,3,0.019019019019,0,-0.643987299454,-1.83469157432,5,132
500,1,5.53475437048,3.0,9,0.024024024024,0,0.505720012046,-0.982405665657,5,256
501,1,0.915239816801,,1,0.017017017017,0,-0.97666272304,-1.15477201408,5,64
502,1,8.12338166354,6.0,12,0.019019019019,0,1.06689511971,-0.0773036955823,5,328
503,1,5.04121665766,3.0,9,0.02002002002,0,0.0850486534795,-0.213929302781,5,276
504,1,7.03137410566,4.0,15,0.02002002002,0,1.00037602746,-0.969753976712,5,387
505,1,10.5753831921,6.0,19,0.02002002002,0,1.79208213872,0.199136775956,5,601
506,1,0.801577701318,0.0,1,0.02002002002,1,-1.444094734,0.133861903326,5,34
507,1,3.54439086718,2.0,4,0.02002002002,0,-0.460775680797,-0.0732820904304,5,224
508,1,6.37143067284,2.0,8,0.021021021021,0,0.24724330465,0.629700758892,5,313
509,1,11.823234082,3.0,15,0.02002002002,0,2.33653350209,-0.186366424213,5,532
510,1,3.22053875667,1.0,4,0.018018018018,0,-0.80220772354,0.627161927287,5,284
511,1,4.12299843648,2.0,9,0.019019019019,0,-0.131859278612,-0.48142372768,5,430
512,1,4.47184783544,2.0,9,0.02002002002,0,0.011390305966,-0.562323082455,5,502
513,1,2.65607391882,1.0,5,0.021021021021,0,-1.31920483619,1.61368842739,5,286
514,1,5.12607834084,1.0,6,0.02002002002,0,-0.0805152047006,0.367623954938,5,362
515,1,8.68843714373,1.0,11,0.02002002002,0,0.810410162321,1.25720665676,5,546
516,1,4.90950220078,3.0,13,0.024024024024,0,-0.253893786843,0.671183561313,5,538
517,1,8.38448129494,8.0,13,0.02002002002,0,1.4158359103,-0.863026435969,5,685
518,1,13.2003107488,0.0,17,0.02002002002,0,2.40822599095,0.975632775963,5,855
519,1,6.60303204318,5.0,11,0.019019019019,0,0.541900061793,-0.0226681421981,5,722
520,1,4.0529994762,1.0,11,0.018018018018,0,-0.419601993083,0.31180545545,5,852
521,1,3.12317445452,3.0,14,0.022022022022,0,-0.550728017866,-0.224641491887,5,832
522,1,5.52514825679,4.0,17,0.017017017017,0,-0.507701325012,2.04825223182,5,984
523,1,3.83998443836,3.0,14,0.019019019019,0,-0.474225002235,0.262659445069,5,893
524,1,5.63463562048,5.0,7,0.019019019019,0,0.35840892588,-0.44059115716,5,614
525,1,8.53299374766,2.0,10,0.02002002002,0,0.55906976064,1.85578446574,5,771
526,1,2.55741982542,,3,0.019019019019,0,-1.09415361325,0.839880665174,5,280
527,1,4.34480590729,2.0,14,0.018018018018,0,-0.129311336298,-0.26726008382,5,941
528,1,7.44596614316,7.0,18,0.02002002002,0,0.611319540001,0.612007523163,5,948
529,1,4.32558550986,2.0,16,0.022022022022,0,-0.0605497185434,-0.492765334506,5,909
530,1,4.79411991689,3.0,20,0.021021021021,0,-0.275324647025,0.62009385797,5,962
531,1,5.31011413564,5.0,6,0.019019019019,1,-0.103875610711,0.621740967772,5,391
532,1,2.65605252147,0.0,3,0.02002002002,0,-0.972882900877,0.574701224106,5,80
533,1,3.76188473137,,20,0.021021021021,0,-0.798416076062,1.15713295956,5,945
534,1,6.06412302101,5.0,11,0.018018018018,0,0.765827694238,-1.2333600617,5,733
535,1,3.0040230726,2.0,11,0.019019019019,0,-0.625569842782,-0.119267399051,5,723
536,1,5.26952221074,5.0,7,0.02002002002,0,0.072272545183,0.0527045751946,5,496
537,1,0.770209270791,,1,0.017017017017,0,-1.54385234822,0.401766315453,5,72
538,1,3.53413313004,,5,0.02002002002,0,-0.5823727012,0.281251233634,5,375
539,1,4.4403303701,3.0,11,0.018018018018,0,0.248678218212,-1.30570428453,5,525
540,1,1.96039240995,1.0,2,0.021021021021,1,-0.904426248931,-0.326328843258,5,75
541,1,3.14510794254,2.0,5,0.02002002002,0,-0.642681065727,0.0731511397247,5,266
542,1,6.0713964871,4.0,9,0.02002002002,0,0.331658622451,0.0764206197499,5,519
543,1,4.14825716595,4.0,12,0.018018018018,0,-0.558664927048,0.82425194709,5,669
544,1,7.80726854004,5.0,21,0.021021021021,0,0.871823318462,0.19179858466,5,990
545,1,3.35532192547,,17,0.021021021021,0,-0.597252232896,0.147078624156,5,634
546,1,10.9117542119,3.0,14,0.017017017017,0,1.79935643134,0.513684917901,5,786
547,1,5.42896921999,5.0,8,0.019019019019,0,0.107447788363,0.106625854906,5,389
548,1,2.42721576634,0.0,12,0.018018018018,0,-0.512082461602,-1.03653684886,5,539
549,1,4.73533103398,4.0,8,0.022022022022,0,-0.041070625469,-0.141457089616,5,358
550,1,-0.105202923952,,0,0.019019019019,1,-1.19157599899,-1.53047492697,5,10
551,1,8.33561807915,3.0,18,0.02002002002,0,0.696332416531,1.24662082955,5,827
552,1,7.26066330352,4.0,11,0.018018018018,0,0.573799756402,0.539264034311,5,531
553,1,1.67319165301,1.0,5,0.019019019019,0,-1.13826620049,0.0879902544714,5,314
554,1,9.39453936403,5.0,11,0.02002002002,0,1.47349120067,-0.0259342379888,5,463
555,1,4.06595955246,2.0,16,0.019019019019,0,-0.454528834217,0.429546055114,5,592
556,1,4.82437487131,,12,0.02002002002,0,0.398571182168,-1.37133867519,5,489
557,1,3.13471860882,3.0,4,0.023023023023,1,-0.923463882963,0.905110257712,5,182
558,1,9.87071679391,3.0,10,0.02002002002,0,1.54378562,0.239359933917,5,471
559,1,-2.33101746119,,1,0.019019019019,0,-2.88906638915,1.33618170625,5,54
560,1,3.30771956132,,8,0.021021021021,0,-0.611094040139,0.141001681737,5,408
561,1,3.8403057611,3.0,5,0.023023023023,0,-0.286678804972,-0.299657823981,5,259
562,1,3.4459743089,1.0,9,0.022022022022,0,-0.447357887157,-0.211952029631,5,435
563,1,3.90099963345,3.0,4,0.02002002002,1,-0.0864466472091,-0.83966042492,5,215
564,1,6.46349579009,2.0,14,0.02002002002,0,0.0685044067603,1.25798256981,5,503
565,1,7.79850279493,3.0,16,0.021021021021,0,0.934265940548,-0.00429502671575,5,494
566,1,6.65490223763,,18,0.02002002002,0,0.804793482837,-0.759478210886,5,810
567,1,6.69382681027,2.0,7,0.019019019019,0,0.669257401384,-0.313945393881,5,366
568,1,3.32495951475,3.0,12,0.022022022022,0,-0.576078123465,0.0531938851486,5,438
569,1,8.42533199329,7.0,12,0.019019019019,0,0.666935284505,1.42452613977,5,475
570,1,3.63227765447,2.0,14,0.02002002002,0,-0.812239519252,1.06899621223,5,625
571,1,-0.976609563307,,0,0.019019019019,1,-2.16323936943,0.51310854497,5,3
572,1,2.80087274982,2.0,13,0.019019019019,0,-1.0055478997,0.817516448911,5,640
573,1,7.61777146607,2.0,10,0.024024024024,0,0.496890403576,1.12710025534,5,384
574,1,9.85256686196,9.0,20,0.021021021021,0,1.25635956227,1.08348817516,5,917
575,1,3.85397805614,0.0,6,0.022022022022,0,-0.142255230984,-0.719256250908,5,300
576,1,2.94992328523,,12,0.02002002002,0,-1.09854825365,1.24556804618,5,583
577,1,3.24053804406,2.0,4,0.022022022022,0,-0.95397077004,1.10245035418,5,248
578,1,-0.328323115933,,2,0.021021021021,0,-1.77248299488,-0.0108741313062,5,237
579,1,4.76940451928,2.0,16,0.021021021021,0,-0.0758745277029,-0.00297189761254,5,658
580,1,5.76610941638,3.0,18,0.02002002002,0,0.288358828553,-0.0989670692828,5,819
581,1,-0.237151055403,,1,0.021021021021,0,-1.70150223777,-0.132644342084,5,101
582,1,7.91700922945,2.0,21,0.021021021021,0,0.792438081876,0.539694983821,5,999
583,1,3.78807916196,1.0,5,0.018018018018,0,-0.237070146292,-0.500710399164,5,290
584,1,4.43330033732,0.0,15,0.02002002002,0,-0.272761454448,0.251584700669,5,708
585,1,7.51950978718,7.0,8,0.019019019019,1,0.785965808646,0.161612361243,5,506
586,1,4.77766284904,0.0,5,0.022022022022,0,0.101188766908,-0.525903451683,5,348
587,1,5.71396270441,3.0,6,0.022022022022,0,-0.328239990361,1.6986826755,5,530
588,1,2.6027224147,1.0,4,0.018018018018,0,-0.755589262221,-0.130509798641,5,468
589,1,5.23431988172,4.0,11,0.019019019019,0,0.143182294811,-0.195227002709,5,700
590,1,3.98267133832,3.0,5,0.019019019019,0,-0.394815059951,0.167116518174,5,631
591,1,5.73255861317,3.0,15,0.019019019019,0,0.493016374493,-0.74649051031,5,843
592,1,3.83472930539,0.0,13,0.019019019019,0,-0.372704762802,-0.0471564062014,5,794
593,1,7.31609757609,4.0,8,0.019019019019,0,0.589439351991,0.547779520118,5,684
594,1,6.52960638375,2.0,8,0.023023023023,0,-0.0132458426846,1.56934391181,5,662
595,1,10.8342317566,2.0,15,0.02002002002,0,1.92002612013,0.0741533961585,5,844
596,1,3.85468175277,3.0,7,0.019019019019,0,-0.60548739308,0.671143932008,5,636
597,1,9.02758709209,4.0,19,0.021021021021,0,1.34732439142,-0.014386082167,5,896
598,1,5.36122080701,2.0,13,0.019019019019,0,0.321327307063,-0.602761114173,5,853
599,1,6.53278395236,6.0,8,0.02002002002,0,0.171946072549,1.01694573471,5,699
600,1,8.09363963558,8.0,10,0.019019019019,0,0.67940850844,1.05541411026,5,825
601,1,6.72601282065,3.0,15,0.018018018018,0,0.383502520203,0.575505260036,5,925
602,1,4.99897561211,4.0,8,0.02002002002,0,0.0642330875479,-0.193723650535,5,774
603,1,10.5025321824,10.0,20,0.02002002002,0,1.44519424244,1.16694945509,5,995
604,1,-1.18419184301,,0,0.019019019019,1,-1.69152651056,-1.10961231132,5,23
605,1,9.32223574678,6.0,14,0.019019019019,0,1.36470908887,0.228108480188,5,883
606,1,0.407640602481,,2,0.02002002002,0,-1.40800203333,-0.368353297518,5,45
607,1,6.7617131147,3.0,14,0.019019019019,0,0.758617673332,-0.514139905301,5,894
608,1,6.428334561,6.0,19,0.02002002002,0,0.0065704257027,1.40862328389,5,956
609,1,12.9194914872,7.0,18,0.02002002002,0,2.88375921025,-0.731786143589,5,949
610,1,4.34565311709,4.0,9,0.021021021021,0,-0.189671940502,-0.0853310614033,5,663
611,1,0.915728098062,0.0,1,0.02002002002,1,-1.2912041519,-0.210659446245,5,35
612,1,4.27944073918,3.0,5,0.019019019019,0,-0.655531468749,1.24603514543,5,450
613,1,1.0956998774,,4,0.017017017017,0,-1.32128936374,0.0595679686106,5,347
614,1,5.11379712103,5.0,15,0.022022022022,0,0.535160150991,-1.49168333195,5,847
615,1,6.88336581169,6.0,10,0.022022022022,0,0.391080447685,0.710124468633,5,617
616,1,8.19797316764,6.0,13,0.019019019019,0,1.00069817391,0.195878645899,5,831
617,1,3.32295020106,1.0,6,0.019019019019,0,-0.395095853254,-0.491762239179,5,462
618,1,6.75454374072,2.0,7,0.019019019019,0,0.427187067753,0.472982537459,5,573
619,1,1.97602668145,0.0,3,0.021021021021,0,-0.473907005577,-1.60225230181,5,225
620,1,3.63580988624,2.0,7,0.019019019019,0,-0.279949777936,-0.524340779955,5,564
621,1,8.64276245232,3.0,17,0.019019019019,0,1.1180945774,0.288478720103,5,873
622,1,5.25466077018,4.0,12,0.019019019019,0,0.107362556314,-0.0674268987577,5,775
623,1,7.09779986723,2.0,12,0.021021021021,0,0.558699423693,0.421701596151,5,738
624,1,5.85882731624,1.0,14,0.019019019019,0,0.0416034055435,0.73401709961,5,869
625,1,1.9152699064,1.0,6,0.02002002002,0,-0.845099230174,-0.549432403075,5,628
626,1,9.29034326361,8.0,19,0.02002002002,0,0.964319147324,1.39738582163,5,989
627,1,3.5265638738,3.0,7,0.02002002002,0,-0.447720384193,-0.130274973622,5,680
628,1,8.18280514938,2.0,9,0.018018018018,0,1.29153591961,-0.691802609461,5,823
629,1,-0.668951378882,,0,0.02002002002,1,-1.47211362807,-1.25261049466,5,38
630,1,5.32901277241,5.0,10,0.021021021021,0,0.0716245717726,0.114139057091,5,845
631,1,7.87746928957,0.0,16,0.019019019019,0,0.801968853078,0.471562730338,5,886
632,1,4.23641886236,2.0,6,0.021021021021,0,-0.408695687696,0.462505925447,5,709
633,1,5.81372593156,2.0,9,0.02002002002,0,-0.0712423002838,1.02745283242,5,835
634,1,8.34143503969,6.0,13,0.021021021021,0,1.08724415121,0.0797025860458,5,882
635,1,1.10486945597,1.0,3,0.02002002002,0,-0.835123697947,-1.38975945019,5,643
636,1,5.14897227844,3.0,18,0.018018018018,0,0.104586479664,-0.164787160548,5,996
637,1,8.36452715487,5.0,19,0.02002002002,0,1.05524863457,0.198781251155,5,979
638,1,8.12465394783,5.0,14,0.02002002002,0,1.09007653232,-0.145575649123,5,885
639,1,12.8021389745,3.0,14,0.017017017017,0,2.50709635537,0.280849908389,5,966
640,1,6.03756149187,4.0,13,0.02002002002,0,-0.0408741469154,1.16018393262,5,884
641,1,8.72970170476,1.0,15,0.019019019019,0,1.34508283447,-0.305546798655,5,916
642,1,8.17714288001,4.0,10,0.018018018018,0,0.624937039887,1.30233176035,5,867
643,1,9.20757891744,7.0,16,0.017017017017,0,1.84079908862,-1.31481834842,5,991
644,1,3.8855736924,2.0,5,0.02002002002,0,-0.806810205212,1.30600430803,5,818
645,1,8.62678254191,3.0,9,0.019019019019,0,0.879654785827,0.987818184427,5,856
646,1,4.89610477796,4.0,8,0.021021021021,0,0.041923870882,-0.229666834683,5,828
647,1,1.88859413352,1.0,3,0.02002002002,0,-0.868637214447,-0.505494223143,5,524
648,1,8.88741340035,5.0,9,0.02002002002,0,1.11393092684,0.545620619827,5,846
649,1,5.84377816686,3.0,10,0.016016016016,0,0.317705742558,-0.109339060813,5,874
650,1,5.27191220993,1.0,16,0.02002002002,0,0.188725644533,-0.294264723665,5,914
651,1,3.60682988555,1.0,12,0.021021021021,0,-0.607123900906,0.428201588266,5,837
652,1,-1.49986377782,,0,0.02002002002,1,-1.71569244587,-1.35278644021,5,28
653,1,5.95532187866,2.0,7,0.021021021021,0,-0.0112511249366,0.989075253468,5,659
654,1,4.04317978034,1.0,19,0.02002002002,0,-0.473454533365,0.463543380435,5,915
655,1,4.4318037127,1.0,10,0.021021021021,0,-0.255123264493,0.197173506183,5,681
656,1,6.06875513001,5.0,9,0.019019019019,0,0.509857690995,-0.460817942971,5,597
657,1,4.14740029858,4.0,15,0.022022022022,0,-0.630794763517,1.03978458913,5,812
658,1,10.2304907484,8.0,21,0.021021021021,0,1.500263877,0.729699117365,5,938
659,1,4.14369755859,3.0,6,0.02002002002,0,0.00118580105957,-0.859859844585,5,577
660,1,5.49062387445,2.0,10,0.02002002002,0,-0.108842201159,0.817150477931,5,626
661,1,5.29055201037,1.0,6,0.018018018018,0,-0.328822459595,1.27701938915,5,558
662,1,5.61665046524,5.0,14,0.019019019019,0,0.288238933554,-0.248066335422,5,759
663,1,7.09378106187,5.0,8,0.019019019019,0,0.258000519037,1.31977950476,5,568
664,1,3.91348600718,2.0,4,0.022022022022,0,-0.451526766532,0.26806630678,5,528
665,1,7.94128687135,2.0,11,0.019019019019,0,0.755265756577,0.675489601621,5,594
666,1,4.35421499756,3.0,19,0.02002002002,0,-0.203526141268,-0.0352065786307,5,929
667,1,1.95073095635,0.0,6,0.021021021021,0,-1.09741373065,0.242972148286,5,455
668,1,5.89205872055,3.0,18,0.019019019019,0,-0.0362979461805,1.00095255909,5,833
669,1,5.69599552709,1.0,13,0.018018018018,0,-0.0828372018998,0.944507132793,5,561
670,1,1.23988279487,0.0,2,0.02002002002,0,-0.986085871697,-0.801859590039,5,216
671,1,7.69216983084,0.0,9,0.019019019019,0,0.936355002924,-0.116895177932,5,425
672,1,4.51514350893,0.0,10,0.02002002002,0,0.219222464563,-1.14252388476,5,512
673,1,6.70145662687,0.0,10,0.02002002002,0,0.546543339845,0.061826607336,5,534
674,1,6.45920330205,5.0,15,0.018018018018,0,0.466985663915,0.0582463103002,5,814
675,1,2.03475446967,0.0,3,0.02002002002,0,-0.79474959768,-0.580996737293,5,321
676,1,2.82803553257,1.0,5,0.022022022022,0,-0.878563369963,0.463725642459,5,311
677,1,-0.631078774652,,0,0.021021021021,1,-2.05432117308,0.531884744579,5,147
678,1,3.83719100196,0.0,6,0.02002002002,0,-0.267519800123,-0.36024959767,5,397
679,1,1.70495202011,0.0,4,0.018018018018,0,-1.14104155024,0.128076670824,5,354
680,1,0.146784793198,,1,0.02002002002,0,-1.57444793858,-0.129871391066,5,189
681,1,9.8737714322,0.0,12,0.022022022022,0,1.51549317849,0.327291896712,5,470
682,1,7.45845530108,4.0,20,0.02002002002,0,0.587168330627,0.696950309199,5,816
683,1,9.02227879732,0.0,18,0.021021021021,0,1.24527765188,0.286445841672,5,796
684,1,4.20084000424,0.0,16,0.02002002002,0,0.10376933562,-1.11046800262,5,785
685,1,4.04780505344,0.0,7,0.019019019019,0,-0.294378400632,-0.0690597446652,5,429
686,1,6.7771649261,2.0,11,0.021021021021,0,0.565039822503,0.082045458591,5,575
687,1,4.04690278631,2.0,5,0.02002002002,0,-0.377501960935,0.179408669118,5,421
688,1,0.994291332501,0.0,8,0.022022022022,0,-1.1150680744,-0.660504444294,5,447
689,1,11.3763477632,0.0,13,0.023023023023,0,1.80329882914,0.966451275752,5,615
690,1,5.53061696801,5.0,12,0.02002002002,0,0.275486028674,-0.295841118009,5,667
691,1,2.1287321759,2.0,3,0.021021021021,1,-1.13208821808,0.524996830148,5,378
692,1,10.5474377941,0.0,14,0.02002002002,0,1.83627266538,0.0386197979978,5,674
693,1,7.12271370187,7.0,17,0.021021021021,0,0.504225916836,0.610035951362,5,739
694,1,7.28753691324,1.0,20,0.02002002002,0,1.08628225663,-0.97130985666,5,939
695,1,2.58115668731,2.0,12,0.018018018018,0,-0.692821268223,-0.340379508022,5,645
696,1,6.40349226801,1.0,19,0.019019019019,0,0.567655471281,-0.299474145832,5,961
697,1,5.03925265624,1.0,6,0.019019019019,0,-0.168168632235,0.543758552942,5,473
698,1,1.17701670536,1.0,2,0.022022022022,1,-1.18075031195,-0.28073235878,5,304
699,1,8.32350975794,1.0,14,0.02002002002,0,1.27821308562,-0.511129498928,5,689
700,1,8.15946159274,1.0,11,0.021021021021,0,0.442154399417,1.83299839449,5,566
701,1,-2.16224395026,,3,0.02002002002,0,-2.20268787651,-0.554180320734,5,332
702,1,4.50403972934,1.0,7,0.018018018018,0,-0.782845729859,1.85257691891,5,483
703,1,7.78096923264,0.0,13,0.02002002002,0,0.979171767856,-0.156546070923,5,569
704,1,5.63845061923,2.0,10,0.022022022022,0,0.402192111799,-0.568125716173,5,486
705,1,3.73015477304,3.0,18,0.022022022022,0,0.181397135125,-1.81403663234,5,718
706,1,5.55643615942,1.0,6,0.019019019019,0,0.357192434095,-0.515141142864,5,428
707,1,7.69585704536,3.0,9,0.019019019019,0,0.504929363922,1.1810689536,5,523
708,1,2.7617044534,1.0,3,0.022022022022,0,-0.809984862296,0.191659040284,5,269
709,1,3.23290150996,3.0,18,0.018018018018,0,-0.492409371494,-0.289870375563,5,903
710,1,2.12632315725,1.0,3,0.02002002002,0,-0.878264869289,-0.238882234886,5,440
711,1,5.12097532263,,7,0.019019019019,0,0.134192604334,-0.281602490368,5,559
712,1,1.81744419547,1.0,2,0.019019019019,1,-0.948207162863,-0.337934315939,5,409
713,1,5.88298544814,0.0,6,0.02002002002,0,0.31586244753,-0.0646018944536,5,547
714,1,7.26446471299,0.0,16,0.019019019019,0,0.0984951497413,1.96897926376,5,895
715,1,6.97862304275,1.0,8,0.019019019019,0,0.756849259669,-0.291924736252,5,686
716,1,9.88423673971,8.0,12,0.02002002002,0,1.78801149089,-0.47979773297,5,781
717,1,6.93478612847,1.0,9,0.021021021021,0,0.463183422756,0.545235860203,5,731
718,1,10.3655067014,8.0,11,0.019019019019,0,1.60019689051,0.564916029829,5,851
719,1,8.83453367521,4.0,12,0.021021021021,0,1.71728422423,-1.31731899747,5,840
720,1,6.23971006899,5.0,7,0.019019019019,0,0.0544747033925,1.07628595882,5,838
721,1,7.99524299525,4.0,18,0.021021021021,0,0.768490140149,0.689772574807,5,972
722,1,0.83129875355,,2,0.018018018018,0,-1.05095797949,-1.01582730799,5,644
723,1,4.9260332063,1.0,14,0.02002002002,0,-0.26847727234,0.731465023319,5,965
724,1,7.13288031187,4.0,18,0.02002002002,0,0.716290139337,-0.0159901061379,5,987
725,1,3.52746155614,1.0,9,0.019019019019,0,-0.450279439436,-0.121700125552,5,890
726,1,4.42527971251,3.0,12,0.02002002002,0,-0.0213098569505,-0.510790716643,5,958
727,1,3.07139156012,1.0,4,0.02002002002,0,-0.737291588622,0.283266325989,5,839
728,1,6.78600010158,5.0,21,0.022022022022,0,0.690490760017,-0.285472178469,5,992
729,1,3.98287070499,2.0,5,0.02002002002,0,-0.788470093705,1.3482809861,5,862
730,1,8.50960531068,5.0,11,0.022022022022,0,1.07706726544,0.278403514356,5,946
731,1,12.2271982419,11.0,16,0.021021021021,0,2.8479437393,-1.31663297596,5,974
732,1,5.16445879106,1.0,13,0.021021021021,0,0.0766907627584,-0.0656134972126,5,968
733,1,4.78159237119,1.0,20,0.02002002002,0,0.184714655375,-0.772551594935,5,1000
734,1,7.50525856532,2.0,14,0.021021021021,0,1.08452392305,-0.748313203835,5,971
735,1,2.83083194055,2.0,3,0.022022022022,1,-0.325135109285,-1.1937627316,5,176
736,1,4.49065661334,3.0,7,0.022022022022,0,-0.325770724135,0.467968785739,5,864
737,1,2.70693053052,1.0,6,0.019019019019,0,-0.568316526309,-0.588119890557,5,905
738,1,8.88373410414,8.0,11,0.021021021021,0,1.22942446063,0.195460722251,5,970
739,1,3.72324629317,3.0,18,0.021021021021,0,-0.432276493974,0.0200757750923,5,983
740,1,8.43934557566,4.0,16,0.021021021021,0,1.30462479571,-0.474528811476,5,976
741,1,6.13383132785,1.0,9,0.019019019019,0,0.382331684112,-0.0131637244843,5,952
742,1,9.34361707114,3.0,16,0.02002002002,0,1.47912314564,-0.0937523657761,5,981
743,1,3.63130385561,2.0,8,0.021021021021,0,-0.0810570438199,-1.12552501293,5,910
744,1,3.02997100486,3.0,4,0.021021021021,1,-1.07200633375,1.24599000612,5,892
745,1,7.53248475636,2.0,20,0.02002002002,0,0.80315528545,0.123018900006,5,998
746,1,4.50312506752,3.0,8,0.019019019019,0,-0.218268029987,0.157929157481,5,761
747,1,7.58941904481,1.0,15,0.02002002002,0,0.808516368248,0.163869940062,5,973
748,1,7.26423697351,2.0,20,0.021021021021,0,0.574428082775,0.540952725186,5,988
749,1,3.54850404982,2.0,6,0.019019019019,0,-0.276476304886,-0.622067035517,5,902
750,1,9.44062793448,3.0,10,0.02002002002,0,1.32921193187,0.452992138855,5,928
751,1,9.38323327863,6.0,13,0.021021021021,0,1.51758835589,-0.169531789045,5,934
752,1,4.59756615214,3.0,9,0.018018018018,0,-0.1413225902,0.0215339227409,5,919
753,1,3.15479270394,2.0,10,0.021021021021,0,-0.91655373132,0.904453897902,5,904
754,1,5.95280551228,3.0,7,0.019019019019,0,0.20720565043,0.331188560994,5,897
755,1,5.27271266642,3.0,6,0.02002002002,0,0.304713937777,-0.641429146916,5,881
756,1,3.25730214677,2.0,17,0.019019019019,0,-0.790570500529,0.62901364836,5,969
757,1,13.2218711873,5.0,16,0.019019019019,0,2.49673242399,0.731673915334,5,955
758,1,0.0067462532606,0.0,1,0.021021021021,1,-1.83739858726,0.51894201504,5,206
759,1,1.2160420704,1.0,6,0.021021021021,0,-1.10141394543,-0.479716093312,5,857
760,1,5.44188146544,5.0,14,0.022022022022,0,0.391302982967,-0.732027483461,5,924
761,1,5.36158500986,3.0,21,0.022022022022,0,0.46764573926,-1.04135220792,5,964
762,1,4.46983900546,1.0,10,0.02002002002,0,-0.01544705988,-0.483819814904,5,860
763,1,3.10908369552,2.0,5,0.022022022022,0,-0.713500222975,0.249584364442,5,721
764,1,5.02633401628,3.0,16,0.02002002002,0,0.37624011572,-1.10238633088,5,943
765,1,5.73551005283,3.0,7,0.019019019019,0,0.176974319556,0.204587094168,5,737
766,1,7.91184773546,0.0,10,0.02002002002,0,1.11219013336,-0.424722664614,5,813
767,1,8.95625046077,7.0,18,0.023023023023,0,1.31897735712,-0.000681610589156,5,935
768,1,8.59755345236,5.0,12,0.02002002002,0,0.745841033988,1.3600303504,5,829
769,1,8.8113125594,8.0,18,0.019019019019,0,1.14607752911,0.373079972063,5,951
770,1,3.42212447551,1.0,9,0.019019019019,0,-0.574526836715,0.145704985651,5,642
771,1,12.1993602494,2.0,13,0.019019019019,0,2.18458492264,0.645605481452,5,747
772,1,1.60157114287,0.0,10,0.02002002002,0,-1.01518768099,-0.352865814141,5,702
773,1,3.02020770885,0.0,7,0.022022022022,0,-0.456481588741,-0.610347524922,5,441
774,1,7.60103027362,7.0,8,0.022022022022,1,0.83441585984,0.0977826941028,5,401
775,1,3.51238543981,3.0,12,0.018018018018,0,-0.466187843689,-0.0890510291246,5,613
776,1,5.21502190508,4.0,6,0.021021021021,0,0.123029892722,-0.154067773088,5,267
777,1,5.20364359104,,12,0.02002002002,0,-0.11010948936,0.53397205912,5,476
778,1,3.49218119783,2.0,6,0.02002002002,0,-1.09878291208,1.78852993409,5,180
779,1,4.51651117935,4.0,13,0.019019019019,0,-0.121340931379,-0.119466026515,5,596
780,1,7.50906946562,2.0,10,0.02002002002,0,0.527994374995,0.925086340638,5,394
781,1,9.13997262708,6.0,15,0.02002002002,0,1.38123048525,-0.00371882867329,5,448
782,1,1.22311034301,1.0,3,0.02002002002,0,-1.01675382815,-0.726628172551,5,69
783,1,6.04510653637,2.0,8,0.022022022022,0,0.430878011719,-0.247527498792,5,253
784,1,-0.962121568852,,2,0.019019019019,0,-2.07724675419,0.269618693718,5,27
785,1,2.11191969044,,4,0.021021021021,0,-1.01691933689,0.162677701103,5,103
786,1,4.67848854954,2.0,5,0.022022022022,0,-0.524940530163,1.25331014003,5,107
787,1,4.90059631988,,6,0.018018018018,0,-0.343706369271,0.931715427688,5,178
788,1,-0.997991622571,,0,0.021021021021,1,-1.7952175059,-0.612339104865,5,5
789,1,2.78604106519,,15,0.02002002002,0,-0.845450466358,0.322392464267,5,330
790,1,7.47634150675,7.0,9,0.019019019019,0,1.09215123695,-0.800112204108,5,257
791,1,8.59062134856,4.0,11,0.021021021021,0,1.05319448089,0.431037905872,5,264
792,1,6.45765357444,6.0,7,0.02002002002,1,0.328462002765,0.472267566149,5,185
793,1,-0.0737518179518,,1,0.02002002002,0,-0.988714160325,-2.10760933698,5,6
794,1,5.37627975564,4.0,20,0.02002002002,0,0.0212035695274,0.312669047056,5,782
795,1,5.32721460876,2.0,6,0.019019019019,0,0.309172523997,-0.600302963232,5,223
796,1,4.75919762272,3.0,9,0.021021021021,0,0.00955786794948,-0.26947598113,5,263
797,1,6.92113178629,2.0,10,0.019019019019,0,0.858328869825,-0.65385482319,5,306
798,1,3.52260214551,2.0,12,0.02002002002,0,-0.461136512593,-0.093988316707,5,325
799,1,7.16376554107,,17,0.021021021021,0,0.66240806079,0.176541358702,5,551
800,1,8.67598551377,8.0,15,0.02002002002,0,1.64366040939,-1.2549957144,5,517
801,1,4.93146174137,3.0,12,0.019019019019,0,-0.0971326306805,0.222859633408,5,374
802,1,4.50191127611,1.0,6,0.023023023023,0,-0.421721160478,0.767074757545,5,246
803,1,4.75357029266,1.0,7,0.022022022022,0,-0.400270482476,0.954381740083,5,287
804,1,6.41753540359,1.0,16,0.018018018018,0,0.444987810222,0.0825719729196,5,651
805,1,0.143600386706,0.0,2,0.019019019019,0,-1.58932613072,-0.0884212211205,5,198
806,1,4.81337993038,2.0,11,0.02002002002,0,0.0184291883469,-0.241907634659,5,334
807,1,6.32040319772,1.0,13,0.019019019019,0,-0.00687505087316,1.34102835034,5,548
808,1,-0.87585144539,,1,0.023023023023,0,-1.77119464306,-0.5622675162,5,104
809,1,5.3516220962,2.0,17,0.021021021021,0,0.0122980635232,0.314727905632,5,587
810,1,2.15323087175,0.0,4,0.022022022022,0,-1.23322538336,0.852907021829,5,202
811,1,7.08052615552,1.0,15,0.02002002002,0,0.811360305815,-0.353554761929,5,602
812,1,5.71174134424,1.0,16,0.021021021021,0,0.384179586814,-0.440797416206,5,581
813,1,4.00173258044,2.0,20,0.02002002002,0,0.34832969739,-2.04325651173,5,930
814,1,2.97326487322,2.0,3,0.021021021021,1,-0.653568540972,-0.0660295038584,5,159
815,1,5.20242410099,1.0,8,0.019019019019,0,0.0489405736332,0.0556023800864,5,307
816,1,5.87332851857,,7,0.02002002002,0,0.374272586468,-0.249489240835,5,272
817,1,1.78313752151,0.0,3,0.021021021021,0,-1.12929978674,0.171036881741,5,193
818,1,3.790520853,1.0,4,0.021021021021,0,-0.653170594189,0.750032635569,5,204
819,1,4.23885630965,0.0,18,0.02002002002,0,-0.0453060442584,-0.625225557576,5,717
820,1,5.21202975758,0.0,18,0.019019019019,0,0.164562974796,-0.281659166803,5,724
821,1,10.4465282116,0.0,12,0.021021021021,0,1.98958674081,-0.522232010854,5,388
822,1,2.97304659435,0.0,4,0.018018018018,0,-0.785894236414,0.330729303588,5,221
823,1,7.42255829398,5.0,11,0.018018018018,0,0.731250262674,0.228807505954,5,344
824,1,7.56054979525,0.0,13,0.018018018018,0,0.55071153164,0.908415200327,5,459
825,1,3.64918954223,1.0,7,0.02002002002,0,-0.170202326233,-0.840203479072,5,222
826,1,7.19393832499,4.0,18,0.021021021021,0,0.566589051277,0.494171171153,5,556
827,1,4.68711134544,3.0,8,0.022022022022,0,-0.180855257367,0.229677117538,5,245
828,1,6.20691754813,3.0,10,0.022022022022,0,0.442958065553,-0.121956648533,5,292
829,1,3.25884774973,3.0,17,0.02002002002,0,-0.281216572578,-0.89750253254,5,505
830,1,3.30561430533,3.0,5,0.022022022022,0,-0.423620374336,-0.423524571661,5,197
831,1,7.82848951292,3.0,17,0.018018018018,0,0.936541420593,0.0188652511463,5,807
832,1,3.82780541977,3.0,4,0.019019019019,1,-0.527038866106,0.408922018089,5,119
833,1,10.4428314144,9.0,13,0.021021021021,0,1.66086332762,0.46024143157,5,341
834,1,6.57872067249,0.0,13,0.021021021021,0,0.409191538151,0.351146058042,5,309
835,1,3.93957043412,,4,0.022022022022,0,0.120780546483,-1.42277120533,5,73
836,1,2.14728156946,,4,0.022022022022,0,-0.799401496924,-0.454513939764,5,84
837,1,6.13121493302,0.0,13,0.019019019019,0,0.509819300147,-0.398242967425,5,329
838,1,4.0159469806,0.0,7,0.019019019019,0,-0.209534865506,-0.355448422888,5,172
839,1,9.27412027217,,15,0.02002002002,0,1.46526468195,-0.121673773674,5,404
840,1,5.84569125644,,17,0.019019019019,0,0.298744084501,-0.0505409970618,5,426
841,1,-1.40277031114,,1,0.021021021021,0,-2.2077682464,0.22053442806,5,21
842,1,-1.9293925713,,0,0.023023023023,1,-2.19998631127,-0.329433637491,5,13
843,1,4.50410539743,,11,0.023023023023,0,0.0910110228916,-0.768927671247,5,161
844,1,4.16288978472,4.0,9,0.02002002002,0,-0.574878790941,0.887526157543,5,93
845,1,1.16154810565,,2,0.019019019019,0,-1.45661000087,0.531378108265,5,25
846,1,3.78944784646,3.0,13,0.02002002002,0,-0.686452890117,0.848806516813,5,184
847,1,3.35135158122,,20,0.02002002002,0,-0.829098781519,0.838647925775,5,619
848,1,4.52555099789,,5,0.02002002002,0,0.322701990297,-1.44255497301,5,55
849,1,0.530430780342,,4,0.02002002002,0,-1.58019094657,0.271003620064,5,58
850,1,6.08739072078,,8,0.022022022022,0,0.296062679576,0.19920268205,5,71
851,1,2.25537376675,,5,0.02002002002,0,-1.12720502277,0.636988835073,5,44
852,1,0.804198809195,,3,0.018018018018,0,-0.968511971525,-1.29026527623,5,39
853,1,4.2939198727,,9,0.021021021021,0,-0.265248964517,0.0896667662529,5,106
854,1,4.13130092173,4.0,15,0.02002002002,0,-0.429697361139,0.420393005148,5,293
855,1,7.91535575936,7.0,10,0.02002002002,0,0.640886837524,0.992695246791,5,196
856,1,4.0346624622,,19,0.022022022022,0,-0.575891018311,0.762335517137,5,480
857,1,-2.16399246778,,0,0.022022022022,1,-2.30153569379,-0.259385386414,5,7
858,1,4.01455144398,,12,0.022022022022,0,-0.23648623453,-0.275989852435,5,250
859,1,9.97959942345,6.0,14,0.019019019019,0,1.44987409832,0.629977128496,5,406
860,1,6.76432874167,5.0,7,0.022022022022,0,0.757408025311,-0.507895334269,5,200
861,1,6.53443920366,3.0,9,0.018018018018,0,0.343264270931,0.504646390868,5,291
862,1,7.01291615086,5.0,19,0.02002002002,0,0.909660316693,-0.716064799215,5,879
863,1,2.52206052064,1.0,6,0.019019019019,0,-0.911968053309,0.257964680567,5,233
864,1,6.04532157104,3.0,12,0.02002002002,0,0.448962136825,-0.301564839437,5,337
865,1,5.42153087715,5.0,12,0.021021021021,0,0.365167984009,-0.673973074881,5,368
866,1,3.4675368759,2.0,6,0.021021021021,0,-0.866429484986,1.06682533086,5,228
867,1,6.44205267204,,16,0.019019019019,0,0.268292226683,0.63717599199,5,701
868,1,8.99308466916,1.0,12,0.02002002002,0,1.27722458164,0.161410924231,5,357
869,1,0.960392956085,0.0,8,0.019019019019,0,-1.45839364006,0.335573876279,5,281
870,1,6.40653449472,,19,0.019019019019,0,0.112784851111,1.06817994138,5,901
871,1,0.139471949476,0.0,1,0.02002002002,1,-1.4603500399,-0.479477930815,5,127
872,1,0.342212371104,0.0,2,0.023023023023,0,-1.99864276718,1.33814067264,5,139
873,1,7.87496256547,0.0,14,0.02002002002,0,0.48113292235,1.43156379842,5,493
874,1,1.12686821874,1.0,3,0.021021021021,0,-1.06968008558,-0.66409152452,5,151
875,1,6.6006037338,1.0,16,0.021021021021,0,0.528929348965,0.0138156869,5,497
876,1,2.79999124229,0.0,4,0.021021021021,0,-0.851977484879,0.355923696929,5,251
877,1,5.83784105717,4.0,20,0.021021021021,0,0.419186804978,-0.419719357766,5,875
878,1,-3.66494966987,,0,0.019019019019,1,-3.0496611213,0.484033694016,5,65
879,1,1.81988087879,1.0,7,0.021021021021,0,-0.963433303207,-0.289819211588,5,361
880,1,6.2292743502,4.0,11,0.023023023023,0,0.40029262916,0.0283964627231,5,381
881,1,4.61860638936,3.0,10,0.019019019019,0,-0.0274627456889,-0.299005373572,5,427
882,1,3.01274510282,3.0,10,0.022022022022,0,-0.501650083317,-0.482304647231,5,403
883,1,6.04044154011,2.0,12,0.019019019019,0,0.0685205992234,0.834879742444,5,492
884,1,6.50274034463,4.0,18,0.02002002002,0,-0.0333860744106,1.60289856786,5,705
885,1,6.22208288914,2.0,8,0.021021021021,0,0.661758667634,-0.763193113765,5,393
886,1,7.81616687705,0.0,15,0.021021021021,0,0.520499509313,1.25466834911,5,507
887,1,11.9142293511,5.0,17,0.021021021021,0,2.20088246872,0.311581944911,5,599
888,1,2.39413057794,,5,0.021021021021,0,-0.836843299971,-0.0953395221504,5,343
889,1,8.29364198368,5.0,9,0.021021021021,0,0.499109456239,1.79631361496,5,382
890,1,3.11356919107,,6,0.02002002002,0,-1.00078004674,1.11590933131,5,355
891,1,3.29967001687,0.0,17,0.021021021021,0,-0.25530218335,-0.934423433076,5,671
892,1,7.64201435245,0.0,14,0.021021021021,0,0.102264671763,2.33522033716,5,557
893,1,8.39987773424,6.0,9,0.019019019019,0,0.850674089644,0.84785546531,5,472
894,1,3.75023384205,1.0,15,0.018018018018,0,-0.491165677778,0.223730875381,5,672
895,1,2.87927464555,0.0,5,0.02002002002,0,-1.072651846,1.09723018354,5,201
896,1,0.736548370102,0.0,1,0.021021021021,1,-1.32462836218,-0.289566543349,5,105
897,1,6.23002751935,1.0,8,0.021021021021,0,0.468459896497,-0.175352170146,5,214
898,1,5.54173263572,1.0,19,0.02002002002,0,0.352119449433,-0.514625712581,5,787
899,1,3.69938937086,2.0,5,0.02002002002,0,-0.232806259605,-0.602191850326,5,190
900,1,-4.90453155372,,2,0.019019019019,0,-2.90729950691,-1.182633033,5,179
901,1,4.30249430024,1.0,16,0.021021021021,0,-0.77979402997,1.64187639015,5,591
902,1,3.79535731993,0.0,6,0.022022022022,0,-0.0653575979268,-1.00856988629,5,183
903,1,7.82771540665,1.0,19,0.019019019019,0,0.751217683942,0.574062354828,5,978
904,1,7.59628430276,7.0,9,0.018018018018,0,1.00526108269,-0.419498945309,5,346
905,1,3.90512883023,0.0,5,0.018018018018,0,-0.384845425511,0.059665106762,5,174
906,1,2.29843875789,0.0,3,0.019019019019,0,-1.10318417315,0.607991277356,5,158
907,1,9.04991823258,2.0,10,0.02002002002,0,1.03768211558,0.936871885835,5,501
908,1,1.68806967244,,7,0.021021021021,0,-0.629851675044,-1.42237530243,5,207
909,1,4.83754450897,1.0,12,0.018018018018,0,-0.422092039006,1.10382062599,5,555
910,1,7.80532196756,6.0,16,0.018018018018,0,1.03181506373,-0.290123223638,5,734
911,1,-3.16548920471,,0,0.02002002002,1,-2.03763162165,-2.05259433977,5,83
912,1,4.65031981063,0.0,18,0.023023023023,0,0.145425070536,-0.785955400976,5,612
913,1,5.78439306511,1.0,15,0.02002002002,0,0.321585853077,-0.180364494119,5,633
914,1,-2.69068571423,,0,0.019019019019,1,-2.25093345312,-0.93788535488,5,124
915,1,3.82569470023,,5,0.019019019019,0,-0.445672947688,0.162713543291,5,390
916,1,8.42493431314,0.0,13,0.021021021021,0,1.13404006409,0.0228141208708,5,588
917,1,7.7311948447,5.0,12,0.021021021021,0,1.19688616579,-0.859463652688,5,607
918,1,9.96491921532,2.0,20,0.02002002002,0,1.60969072988,0.135847025672,5,994
919,1,1.43536569324,,3,0.02002002002,0,-1.09221885149,-0.287977752301,5,289
920,1,8.00078022133,4.0,12,0.02002002002,0,0.978115494842,0.066433736799,5,616
921,1,4.21694098686,3.0,19,0.02002002002,0,0.0130465468481,-0.822198653687,5,931
922,1,7.16162305956,1.0,10,0.02002002002,0,0.561728150748,0.476438607311,5,542
923,1,4.02242929274,,18,0.02002002002,0,-0.166066660347,-0.479370726221,5,800
924,1,5.05991959958,2.0,9,0.018018018018,0,0.0128382708497,0.021404787034,5,478
925,1,2.43841071973,1.0,7,0.019019019019,0,-0.514284406501,-1.01873606077,5,431
926,1,0.523539729907,0.0,1,0.021021021021,1,-1.47611323277,-0.0481205717813,5,155
927,1,7.01527887036,0.0,16,0.021021021021,0,0.219375476235,1.35715244165,5,624
928,1,6.13800586945,2.0,7,0.019019019019,0,-0.0169793347962,1.18894387383,5,416
929,1,4.22477679678,4.0,7,0.022022022022,0,0.0787500295427,-1.01147329185,5,364
930,1,3.42187479153,3.0,19,0.02002002002,0,-0.440776161997,-0.255796722476,5,707
931,1,6.60616576565,0.0,11,0.018018018018,0,0.2416315902,0.881270995056,5,504
932,1,7.70467251175,,9,0.019019019019,0,0.985619957032,-0.252187359349,5,443
933,1,2.27552154813,0.0,5,0.021021021021,0,-1.22677804335,0.955855678167,5,302
934,1,6.40242495484,5.0,7,0.022022022022,0,0.295743175941,0.515195427019,5,301
935,1,7.50194236283,6.0,11,0.021021021021,0,0.590310672471,0.731010345417,5,474
936,1,5.04178497419,5.0,17,0.02002002002,0,0.221566347217,-0.622914067461,5,637
937,1,5.18280269735,1.0,6,0.022022022022,0,0.223643213162,-0.488126942138,5,211
938,1,1.41544817436,1.0,2,0.018018018018,1,-1.58497993438,1.1703879775,5,130
939,1,6.19483945918,3.0,12,0.02002002002,0,0.624316562925,-0.678110229598,5,379
940,1,10.7472142001,4.0,17,0.018018018018,0,1.59457845961,0.963478821287,5,639
941,1,6.59358628034,4.0,10,0.019019019019,0,0.89067452045,-1.07843728101,5,268
942,1,11.1687120445,,21,0.021021021021,0,2.00419224996,0.156135294606,5,824
943,1,5.68908528232,0.0,7,0.02002002002,0,0.0817355266673,0.443878702321,5,160
944,1,0.0317876801543,,5,0.021021021021,0,-1.57513152075,-0.242817757584,5,121
945,1,7.30912244755,6.0,16,0.018018018018,0,0.566770400161,0.608811247065,5,488
946,1,2.60499739756,,9,0.018018018018,0,-0.859372677278,0.183115429397,5,191
947,1,1.41345013102,,3,0.017017017017,0,-1.44945865805,0.761826105181,5,26
948,1,-2.72695964753,,5,0.02002002002,0,-2.43604734917,-0.418817600009,5,37
949,1,7.98637552533,7.0,12,0.023023023023,0,0.654497529466,1.02288293693,5,199
950,1,1.10679652588,,2,0.022022022022,0,-1.25185963935,-0.137624556069,5,19
951,1,-0.459118792637,,0,0.021021021021,1,-1.66601185083,-0.461083240151,5,16
952,1,0.103446116439,0.0,1,0.02002002002,1,-1.50409275748,-0.384275611116,5,18
953,1,7.33401583329,0.0,9,0.018018018018,0,0.945777516798,-0.503316717103,5,118
954,1,10.9352710861,,11,0.02002002002,0,1.72969671603,0.746180938051,5,140
955,1,3.98857334701,,5,0.021021021021,0,-0.291743583158,-0.136195903518,5,40
956,1,8.37823382788,4.0,17,0.022022022022,0,1.02791619303,0.294485248797,5,260
957,1,2.49106615513,0.0,4,0.019019019019,0,-0.30303370514,-1.59983272946,5,36
958,1,6.60467353568,6.0,14,0.021021021021,0,0.545230532084,-0.031018060572,5,220
959,1,5.79628428731,4.0,6,0.021021021021,0,0.645044025805,-1.13884779011,5,70
960,1,1.54022543373,0.0,3,0.021021021021,0,-1.32980187613,0.529631062127,5,41
961,1,6.94741743923,6.0,9,0.021021021021,0,0.615035183741,0.102311888009,5,188
962,1,4.84629327027,,14,0.02002002002,0,0.223171660727,-0.823221711913,5,262
963,1,6.30325445803,3.0,16,0.021021021021,0,0.638159819333,-0.611224999969,5,282
964,1,4.0499012878,3.0,9,0.021021021021,0,0.0536334271621,-1.11099899368,5,230
965,1,3.97683127746,,4,0.02002002002,0,-0.709272634163,1.10464917995,5,99
966,1,7.66221548006,4.0,17,0.018018018018,0,1.28612936795,-1.19617262381,5,574
967,1,11.9541187331,4.0,18,0.019019019019,0,2.38665607217,-0.205849483374,5,563
968,1,6.37013436899,0.0,10,0.019019019019,0,0.610429880277,-0.461155271845,5,265
969,1,4.33960278305,4.0,9,0.023023023023,0,0.0518011737991,-0.815800738345,5,261
970,1,2.75329319654,2.0,4,0.019019019019,0,-1.06313685363,0.942703757447,5,240
971,1,10.4499635124,3.0,11,0.022022022022,0,1.70898567049,0.323006500973,5,294
972,1,2.22800039115,0.0,3,0.022022022022,0,-0.978203737474,0.162611603575,5,227
973,1,8.26495284413,2.0,11,0.021021021021,0,0.944456387857,0.431583680564,5,385
974,1,7.70681831822,2.0,11,0.022022022022,0,0.599830829742,0.907325828991,5,324
975,1,9.05577757033,8.0,15,0.019019019019,0,1.3177036593,0.102666592418,5,610
976,1,6.4082820477,0.0,12,0.021021021021,0,0.509126811038,-0.119098385413,5,415
977,1,3.58597712471,2.0,6,0.019019019019,0,-0.273422320836,-0.593755912778,5,315
978,1,-0.0138496692882,,0,0.019019019019,1,-1.64809971449,-0.0695505258254,5,81
979,1,8.00621392963,4.0,14,0.021021021021,0,1.59567812194,-1.78082043621,5,632
980,1,2.09646272199,1.0,16,0.02002002002,0,-0.726225890576,-0.724859606282,5,695
981,1,4.59132072646,1.0,8,0.02002002002,0,-0.355571634811,0.658035630895,5,537
982,1,4.97281090665,1.0,12,0.02002002002,0,0.215212963572,-0.672827984066,5,673
983,1,6.9100192823,2.0,8,0.02002002002,0,0.563906318089,0.218300328032,5,553
984,1,10.0909511157,4.0,19,0.019019019019,0,1.35743395454,1.01864925208,5,959
985,1,6.11360529035,3.0,7,0.022022022022,0,0.35030350656,0.0626947706751,5,593
986,1,6.58369469279,0.0,16,0.021021021021,0,-0.0159722888314,1.63161155928,5,746
987,1,2.84598504989,1.0,4,0.021021021021,0,-1.1071086785,1.16731108539,5,560
988,1,3.13462468175,2.0,9,0.022022022022,0,-0.243209319859,-1.13574735867,5,654
989,1,10.6578126436,6.0,12,0.019019019019,0,1.76809080377,0.353540232234,5,743
990,1,7.2448665496,2.0,16,0.019019019019,0,0.386442013198,1.08554051001,5,804
991,1,4.49087720893,0.0,9,0.018018018018,0,-0.224777650897,0.165210161615,5,745
992,1,8.17314399999,6.0,19,0.021021021021,0,0.527118440059,1.59178867981,5,899
993,1,6.3145340615,0.0,11,0.02002002002,0,0.670846973596,-0.698006859293,5,768
994,1,4.94609326115,0.0,5,0.02002002002,0,-0.258174544833,0.720616895647,5,735
995,1,3.96222269774,2.0,4,0.023023023023,0,-0.444127176755,0.294604228002,5,600
996,1,5.25999510588,2.0,18,0.022022022022,0,0.276868202609,-0.570609501942,5,865
997,1,4.76046401157,1.0,6,0.018018018018,0,-0.0758437887228,-0.0120046222621,5,713
998,1,1.34681759363,1.0,14,0.017017017017,0,-1.6368075823,1.25724034051,5,889
999,1,3.69169188066,2.0,10,0.021021021021,0,-0.304230015854,-0.395618071776,5,769
