name,activated,threshold,before_activation_alters,after_activation_alters,degree,observed,var1,epsilon,constant,activation_order
0,1,-0.325117835762,,10.0,0.125125125125,0,-1.21396935638,-1.68320976662,5,73.0
1,1,5.96882790924,2.0,10.0,0.0600600600601,0,0.42809676355,-0.315462381411,5,63.0
2,1,6.90259401771,,7.0,0.0810810810811,0,-0.0728285267723,2.12107959803,5,59.0
3,1,2.00674718724,0.0,4.0,0.0600600600601,0,-1.22200769252,0.672770264792,5,52.0
4,1,5.39951051304,5.0,16.0,0.0850850850851,0,-0.0178312705119,0.453004324578,5,137.0
5,1,13.3414081766,,67.0,0.102102102102,0,2.47808844087,0.907142854008,5,584.0
6,1,4.89240621257,,17.0,0.027027027027,0,-0.750395659494,2.14359319105,5,373.0
7,1,1.76433867349,,3.0,0.045045045045,0,-0.352513402542,-2.17812111889,5,50.0
8,1,6.93878309101,,9.0,0.135135135135,0,0.539595237967,0.319997377112,5,30.0
9,1,3.92137984465,,46.0,0.141141141141,0,-0.436269507702,0.230188367758,5,204.0
10,1,5.78640701312,4.0,7.0,0.117117117117,0,0.442936098991,-0.542401283854,5,42.0
11,1,5.34411015058,1.0,16.0,0.114114114114,0,-0.428885251132,1.63076590397,5,107.0
12,1,2.97699975801,,7.0,0.108108108108,0,-0.741641661916,0.201924743756,5,40.0
13,1,5.42828861841,,11.0,0.202202202202,0,0.197477281539,-0.164143226206,5,44.0
14,1,4.92725223056,,7.0,0.109109109109,0,0.162156407264,-0.559216991235,5,43.0
15,1,4.28716979105,3.0,26.0,0.0800800800801,0,0.110428982335,-1.04411715595,5,243.0
16,1,9.53065826546,9.0,12.0,0.0830830830831,0,1.41006812052,0.300453903884,5,74.0
17,1,7.80334652253,,18.0,0.1001001001,0,0.853285280491,0.243490681053,5,119.0
18,1,8.96535936355,,10.0,0.0740740740741,0,1.23484725961,0.260817584708,5,71.0
19,1,0.398746265121,0.0,44.0,0.0960960960961,0,-1.21151767231,-0.966700717961,5,376.0
20,1,13.9600665779,12.0,43.0,0.0760760760761,0,2.65931533491,0.982120573124,5,459.0
21,1,1.35056617054,,19.0,0.0870870870871,0,-1.03571260605,-0.542296011304,5,164.0
22,1,0.43213216522,,19.0,0.0520520520521,0,-1.22319114439,-0.898294401598,5,141.0
23,1,6.01945851979,0.0,12.0,0.045045045045,0,0.284349167902,0.16641101608,5,167.0
24,1,7.32941212053,1.0,12.0,0.0630630630631,0,0.780135432568,-0.0109941771706,5,146.0
25,1,2.50550538793,,12.0,0.037037037037,0,-0.551142569341,-0.841066904043,5,217.0
26,1,5.60652911913,0.0,10.0,0.041041041041,0,-0.774106850923,2.9288496719,5,110.0
27,1,10.5645952851,5.0,19.0,0.035035035035,0,1.85984808673,-0.0149489750425,5,402.0
28,1,-1.40615101438,,13.0,0.0550550550551,0,-1.9341524246,-0.603693740579,5,200.0
29,1,2.6604872081,,12.0,0.037037037037,0,-0.53666622302,-0.729514122841,5,105.0
30,1,5.45025283201,,6.0,0.029029029029,0,0.352005990016,-0.605765138043,5,98.0
31,1,3.92163703874,,8.0,0.025025025025,0,-0.466458789632,0.321013407635,5,85.0
32,1,5.1411595408,,25.0,0.0720720720721,0,-0.157085335583,0.612415547546,5,318.0
33,1,12.3676149161,6.0,13.0,0.037037037037,0,2.09365723279,1.08664321769,5,236.0
34,1,-0.850347735094,,1.0,0.0590590590591,0,-1.35904115474,-1.77322427087,5,17.0
35,1,6.28758913411,6.0,8.0,0.019019019019,0,0.13987486687,0.8679645335,5,260.0
36,1,5.70907650504,4.0,15.0,0.045045045045,0,0.306999994828,-0.211923479441,5,226.0
37,1,9.76729471435,1.0,30.0,0.046046046046,0,1.2128340433,1.12879258445,5,572.0
38,1,7.05544310375,0.0,8.0,0.0630630630631,0,0.59902531744,0.258367151426,5,129.0
39,1,-0.311094239579,,3.0,0.041041041041,0,-1.73018857325,-0.120528519826,5,29.0
40,1,6.44970492066,,8.0,0.023023023023,0,0.316022197935,0.50163832685,5,132.0
41,1,2.67351742395,2.0,40.0,0.0500500500501,0,-0.281173264607,-1.48296278223,5,662.0
42,1,9.51253983053,7.0,30.0,0.042042042042,0,1.23042563946,0.821262912168,5,545.0
43,1,3.68472353148,1.0,4.0,0.0780780780781,0,-0.341772128276,-0.289960083687,5,66.0
44,1,0.291702430835,0.0,9.0,0.036036036036,0,-1.40635508879,-0.48923230279,5,103.0
45,1,4.48005055324,2.0,16.0,0.038038038038,0,-0.261423264944,0.26432034807,5,230.0
46,1,3.1437117203,3.0,14.0,0.0570570570571,0,-0.363780476907,-0.764946848984,5,202.0
47,1,5.13019643969,0.0,7.0,0.04004004004,0,-0.367938005687,1.23401045675,5,60.0
48,1,3.42019403748,,12.0,0.043043043043,0,-0.418239849126,-0.325086415139,5,197.0
49,1,0.631894898635,,9.0,0.037037037037,0,-1.45178187908,-0.0127594641207,5,223.0
50,1,6.37878195948,2.0,11.0,0.027027027027,0,0.581754805143,-0.36648245595,5,406.0
51,1,6.7226819559,1.0,19.0,0.037037037037,0,0.754589963934,-0.5410879359,5,401.0
52,1,12.0477709275,10.0,19.0,0.033033033033,0,1.54768479133,2.40471655349,5,419.0
53,1,4.66343266321,,23.0,0.036036036036,0,-0.283807105004,0.51485397822,5,790.0
54,1,4.7157093821,0.0,12.0,0.04004004004,0,0.395007823356,-1.46931408797,5,184.0
55,1,4.6033307222,,17.0,0.026026026026,0,0.0971116802608,-0.688004318579,5,540.0
56,1,-1.20184348583,,2.0,0.032032032032,0,-2.01336197203,-0.161757569758,5,49.0
57,1,10.2978813833,1.0,15.0,0.032032032032,0,1.35580104187,1.23047825767,5,298.0
58,1,3.20413093653,,15.0,0.028028028028,0,-0.786052021954,0.56228700239,5,178.0
59,1,5.61023817539,3.0,6.0,0.033033033033,0,0.265075577965,-0.184988558503,5,61.0
60,1,10.7864005988,1.0,14.0,0.026026026026,0,1.93363057587,-0.0144911287864,5,374.0
61,1,5.50310915309,2.0,17.0,0.022022022022,0,0.17287599086,-0.0155188194868,5,651.0
62,1,4.20444528913,,11.0,0.021021021021,0,-0.158388265947,-0.320389913033,5,340.0
63,1,10.7039473496,1.0,11.0,0.022022022022,0,1.33029405065,1.71306519761,5,308.0
64,1,5.06348480385,,16.0,0.0590590590591,0,-0.355885961138,1.13114268726,5,209.0
65,1,7.98680142241,3.0,12.0,0.032032032032,0,0.785083806044,0.631550004282,5,268.0
66,1,8.40673702267,5.0,18.0,0.03003003003,0,1.4105218901,-0.824828647629,5,549.0
67,1,2.44202668511,2.0,16.0,0.033033033033,0,-0.907155317354,0.163492637175,5,326.0
68,1,1.65568202049,,19.0,0.04004004004,0,-0.965628432406,-0.447432682296,5,410.0
69,1,1.89404571123,1.0,5.0,0.023023023023,0,-0.815985779556,-0.657996950105,5,82.0
70,1,8.19930937203,8.0,17.0,0.03003003003,0,0.986619073661,0.239452151046,5,519.0
71,1,8.50833754499,0.0,21.0,0.027027027027,0,1.06334272541,0.318309368757,5,652.0
72,1,5.65816129186,3.0,12.0,0.028028028028,0,-0.0421209919359,0.784524267663,5,392.0
73,1,6.4910810805,6.0,11.0,0.022022022022,0,-0.0529094993251,1.64980957848,5,479.0
74,1,2.71111514182,1.0,25.0,0.036036036036,0,-0.908255669625,0.435882150699,5,680.0
75,1,5.39438649142,1.0,8.0,0.02002002002,0,0.077312410641,0.162449259499,5,219.0
76,1,-1.15813273268,,1.0,0.035035035035,0,-1.42395134057,-1.88627871097,5,16.0
77,1,1.09921644562,0.0,9.0,0.023023023023,0,-1.04999464131,-0.750799630438,5,251.0
78,1,5.10730110631,,16.0,0.037037037037,0,0.123022142232,-0.261765320386,5,276.0
79,1,5.34351139239,2.0,8.0,0.017017017017,0,-0.464428963978,1.73679828432,5,273.0
80,1,7.64806419948,1.0,8.0,0.035035035035,0,0.282781325902,1.79972022177,5,92.0
81,1,4.57316309503,1.0,5.0,0.02002002002,0,-0.115172838603,-0.0813183891578,5,233.0
82,1,4.54233835376,1.0,14.0,0.024024024024,0,0.17496043681,-0.982542956669,5,509.0
83,1,3.50973082222,0.0,5.0,0.0520520520521,0,-0.260882717001,-0.70762102678,5,55.0
84,1,10.7159367648,4.0,11.0,0.045045045045,0,1.7186478725,0.559993147307,5,208.0
85,1,11.4564631437,,13.0,0.021021021021,0,1.73215291853,1.26000438811,5,345.0
86,1,2.59541231047,1.0,9.0,0.021021021021,0,-1.17075604664,1.1076804504,5,234.0
87,1,2.92749050051,0.0,4.0,0.017017017017,0,-0.527953639879,-0.488648579853,5,94.0
88,1,1.55761230889,0.0,7.0,0.013013013013,0,-0.947158018415,-0.600913635859,5,228.0
89,1,3.4113808726,0.0,11.0,0.023023023023,0,-0.720803005553,0.573789889257,5,302.0
90,1,4.74439326502,0.0,5.0,0.022022022022,0,-0.213185261178,0.383949048554,5,172.0
91,1,2.79314948459,1.0,4.0,0.015015015015,0,-0.330328411211,-1.21586528178,5,45.0
92,1,5.37829748299,5.0,7.0,0.018018018018,0,0.375219363288,-0.747360606869,5,231.0
93,1,3.30150486876,,13.0,0.022022022022,0,-0.266142356784,-0.900068060894,5,445.0
94,1,3.14704460523,3.0,7.0,0.011011011011,0,-0.439641626054,-0.534030516612,5,418.0
95,1,8.41691777577,8.0,11.0,0.015015015015,0,1.04929629774,0.269028882558,5,798.0
96,1,3.52760618128,3.0,8.0,0.047047047047,0,-0.753422459078,0.787873558517,5,84.0
97,1,3.15386161468,3.0,15.0,0.03003003003,0,-0.419858080586,-0.586564143559,5,347.0
98,1,3.64967552816,0.0,10.0,0.02002002002,0,-0.0296555123214,-1.26135793487,5,361.0
99,1,6.30083394616,4.0,8.0,0.032032032032,0,-0.00387350221917,1.31245445282,5,134.0
100,1,2.49774299294,,11.0,0.033033033033,0,-1.26321801797,1.28739704686,5,224.0
101,1,6.08859064076,4.0,10.0,0.028028028028,0,0.152256516531,0.631821091165,5,239.0
102,1,6.71242975555,4.0,24.0,0.031031031031,0,0.776608534755,-0.617395848715,5,848.0
103,1,3.95688053049,0.0,10.0,0.028028028028,0,-0.601978858679,0.762817106528,5,261.0
104,1,2.40105909439,0.0,5.0,0.028028028028,0,-0.858883693942,-0.0222898237828,5,144.0
105,1,5.83495849102,,6.0,0.021021021021,0,0.288683771959,-0.031092824856,5,145.0
106,1,8.97919648619,,17.0,0.024024024024,0,0.853066106851,1.41999816564,5,547.0
107,1,-0.32050077834,,1.0,0.022022022022,0,-1.93572751061,0.486681753484,5,37.0
108,1,1.44837813832,0.0,3.0,0.023023023023,0,-1.01893626218,-0.49481307515,5,214.0
109,1,8.73963190086,0.0,17.0,0.03003003003,0,1.38024495917,-0.401102976669,5,504.0
110,1,2.30598243386,1.0,4.0,0.017017017017,0,-0.901005498491,0.0089989293316,5,81.0
111,1,4.80675185963,3.0,5.0,0.022022022022,0,0.0842234655162,-0.445918536921,5,117.0
112,1,7.65864134586,1.0,8.0,0.026026026026,0,0.847987242083,0.114679619607,5,282.0
113,1,5.00673030509,4.0,9.0,0.031031031031,0,-0.322353876996,0.973791936076,5,394.0
114,1,8.93460342646,,23.0,0.028028028028,0,0.986175136129,0.97607801807,5,738.0
115,1,-0.483322715862,,0.0,0.022022022022,1,-1.49780074876,-0.989920469589,5,23.0
116,1,2.89733014264,,5.0,0.025025025025,0,-1.44864287992,2.2432587824,5,131.0
117,1,3.84548559574,3.0,17.0,0.023023023023,0,-0.339006612449,-0.137494566915,5,648.0
118,1,6.46904849884,4.0,9.0,0.02002002002,0,0.251314140917,0.71510607609,5,456.0
119,1,4.65295966084,2.0,20.0,0.034034034034,0,0.0111823343063,-0.380587342074,5,450.0
120,1,0.819465443938,0.0,1.0,0.018018018018,1,-0.640685381842,-2.25847841054,5,41.0
121,1,5.24782111406,4.0,8.0,0.023023023023,0,-0.133039828652,0.646940600012,5,157.0
122,1,8.96699519771,3.0,12.0,0.018018018018,0,1.38821604099,-0.197652925263,5,619.0
123,1,0.420618245248,0.0,2.0,0.014014014014,0,-0.975788159432,-1.65201727646,5,93.0
124,1,8.34421581249,7.0,10.0,0.014014014014,0,1.98617988114,-2.61432383093,5,716.0
125,1,7.81781909658,5.0,8.0,0.016016016016,0,0.218059529425,2.1636405083,5,306.0
126,1,6.70044198436,0.0,8.0,0.01001001001,0,0.148366678526,1.25534194879,5,626.0
127,1,6.51481648904,5.0,11.0,0.016016016016,0,0.49214024862,0.038395743181,5,488.0
128,1,4.50522160531,1.0,6.0,0.0510510510511,0,-0.112869302356,-0.15617048762,5,114.0
129,1,2.06062786276,,6.0,0.02002002002,0,-0.933278580006,-0.139536397226,5,194.0
130,1,14.7167637914,12.0,19.0,0.029029029029,0,2.64355793275,1.78608999311,5,733.0
131,1,-1.85563993396,,7.0,0.025025025025,0,-2.0990842275,-0.558387251463,5,143.0
132,1,9.94027382075,6.0,10.0,0.024024024024,0,1.7069763979,-0.180655372946,5,365.0
133,1,4.75278481593,1.0,6.0,0.033033033033,0,0.331234733928,-1.24091938586,5,162.0
134,1,9.0594677103,9.0,14.0,0.019019019019,0,1.06537032501,0.86335673526,5,728.0
135,1,6.39181777302,0.0,15.0,0.037037037037,0,0.674020322077,-0.630243193208,5,411.0
136,1,8.50696800736,5.0,12.0,0.023023023023,0,0.90129101945,0.803094949015,5,363.0
137,1,2.84607146244,2.0,3.0,0.021021021021,1,-0.0135155085724,-2.11338201184,5,138.0
138,1,5.12022226858,,8.0,0.019019019019,0,-0.17398954187,0.642190894186,5,142.0
139,1,12.3511453853,12.0,22.0,0.032032032032,0,2.16014452304,0.870711816185,5,499.0
140,1,8.084555367,,12.0,0.018018018018,0,0.699008695944,0.987529279165,5,467.0
141,1,2.49648595549,,5.0,0.027027027027,0,-0.417342648455,-1.25148609915,5,83.0
142,1,5.48218316699,1.0,8.0,0.031031031031,0,-0.0122873118346,0.519045102493,5,185.0
143,1,3.04590819551,1.0,6.0,0.018018018018,0,-0.963968554227,0.937813858194,5,176.0
144,1,6.57204738217,0.0,17.0,0.024024024024,0,0.357397720016,0.499854222119,5,543.0
145,1,7.14977698413,3.0,19.0,0.028028028028,0,0.457552297984,0.777120090175,5,639.0
146,1,7.32405041858,5.0,8.0,0.03003003003,0,0.707319702753,0.202091310325,5,245.0
147,1,3.56276695602,,5.0,0.019019019019,0,-0.693883633791,0.644417857393,5,155.0
148,1,4.20253733194,,11.0,0.017017017017,0,-0.226709427988,-0.117334384096,5,515.0
149,1,7.49850571197,,16.0,0.032032032032,0,0.690360165059,0.42742521679,5,430.0
150,1,7.97761334234,,16.0,0.018018018018,0,0.649910956157,1.02788047387,5,692.0
151,1,8.4544351959,6.0,12.0,0.015015015015,0,1.20529849729,-0.161460295966,5,703.0
152,1,7.37428248938,2.0,17.0,0.038038038038,0,0.868075146366,-0.229942949716,5,371.0
153,1,8.49504806002,4.0,11.0,0.019019019019,0,1.25034654531,-0.255991575921,5,375.0
154,1,1.02101686533,1.0,2.0,0.015015015015,1,-1.36588304315,0.118665994778,5,91.0
155,1,4.86007223848,1.0,9.0,0.018018018018,0,0.133253012682,-0.539686799567,5,447.0
156,1,5.18149793711,1.0,8.0,0.011011011011,0,0.433676637129,-1.11953197428,5,215.0
157,1,3.74867064055,0.0,9.0,0.02002002002,0,-0.458311199329,0.123604238539,5,206.0
158,1,4.53641364918,,10.0,0.016016016016,0,-0.716604895436,1.68622833548,5,391.0
159,1,9.20013500009,8.0,10.0,0.015015015015,0,0.82151455943,1.7355913218,5,442.0
160,1,6.49987268151,1.0,21.0,0.026026026026,0,0.268846892434,0.69333200421,5,813.0
161,1,5.17457702173,4.0,8.0,0.037037037037,0,0.388485082441,-0.990878225589,5,199.0
162,1,2.02537496475,2.0,4.0,0.019019019019,0,-0.987754243261,-0.0113623054713,5,232.0
163,1,8.47832976808,7.0,10.0,0.013013013013,0,1.01435095869,0.435276891996,5,719.0
164,1,5.38464918733,1.0,7.0,0.029029029029,0,-0.0162972536858,0.433540948385,5,152.0
165,1,12.0192848343,10.0,14.0,0.017017017017,0,2.22684029532,0.338763948353,5,710.0
166,1,0.635057260421,,1.0,0.024024024024,0,-1.17223787237,-0.848229122483,5,58.0
167,1,6.39963056636,5.0,8.0,0.019019019019,0,0.291315781235,0.525683222653,5,210.0
168,1,2.68550482156,0.0,3.0,0.016016016016,0,-0.543762678539,-0.683207142825,5,136.0
169,1,0.0215977051342,,1.0,0.034034034034,0,-1.49368241735,-0.497355042813,5,28.0
170,1,5.8899458995,5.0,6.0,0.031031031031,1,0.455527218958,-0.476635757374,5,170.0
171,1,2.01319807356,0.0,3.0,0.028028028028,0,-0.877028344671,-0.355716892431,5,158.0
172,1,4.75547230189,3.0,17.0,0.023023023023,0,0.132770076657,-0.642837928078,5,636.0
173,1,1.65834973533,,4.0,0.015015015015,0,-1.00937142983,-0.31353597518,5,327.0
174,1,0.277085117921,0.0,10.0,0.016016016016,0,-1.02078845972,-1.66054950291,5,642.0
175,1,4.18501467386,2.0,7.0,0.027027027027,0,-0.539772591312,0.804332447799,5,227.0
176,1,3.1356874889,0.0,8.0,0.016016016016,0,-0.294980763733,-0.979370219903,5,491.0
177,1,-0.267785522015,,6.0,0.023023023023,0,-1.58590984936,-0.510055973926,5,126.0
178,1,3.96667901063,2.0,4.0,0.02002002002,0,0.00422196020547,-1.04598686999,5,140.0
179,1,8.10516813708,8.0,15.0,0.019019019019,0,0.906940804688,0.384345723016,5,724.0
180,1,6.27007206421,5.0,11.0,0.012012012012,0,0.304512795839,0.356533676691,5,684.0
181,1,6.52878294331,4.0,9.0,0.018018018018,0,0.472736598989,0.110573146347,5,416.0
182,1,5.95745862652,,14.0,0.018018018018,0,0.280096573472,0.117168906104,5,809.0
183,1,5.00457268663,2.0,7.0,0.017017017017,0,0.0645660254061,-0.189125389592,5,242.0
184,1,-1.64385502674,,0.0,0.015015015015,1,-2.14110182141,-0.220549562502,5,7.0
185,1,5.39036650142,5.0,13.0,0.014014014014,0,0.00875818454714,0.36409194778,5,880.0
186,1,9.15995520645,2.0,13.0,0.014014014014,0,1.07551603151,0.933407111935,5,669.0
187,1,6.21829931511,6.0,7.0,0.021021021021,1,0.559672021658,-0.460716749864,5,262.0
188,1,3.71972463953,,13.0,0.022022022022,0,-0.315429204792,-0.333987746092,5,688.0
189,1,4.07173098472,1.0,8.0,0.012012012012,0,-0.620175277207,0.932256816336,5,564.0
190,1,3.47556381322,3.0,5.0,0.01001001001,0,-0.0166200579785,-1.47457601285,5,189.0
191,1,12.6301096023,11.0,13.0,0.016016016016,0,2.32303619308,0.661001023099,5,796.0
192,1,7.35381384401,1.0,14.0,0.025025025025,0,0.93495386919,-0.451047763557,5,427.0
193,1,8.52644876679,4.0,14.0,0.017017017017,0,1.02036708124,0.465347523086,5,787.0
194,1,2.49029152305,0.0,12.0,0.02002002002,0,-0.496028704164,-1.02162236446,5,548.0
195,1,8.21061559902,8.0,17.0,0.02002002002,0,0.946220120518,0.371955237471,5,695.0
196,1,10.5562111815,0.0,11.0,0.012012012012,0,2.30906457879,-1.37098255485,5,472.0
197,1,5.50422272151,,8.0,0.014014014014,0,0.0322058273186,0.407605239552,5,207.0
198,1,4.29392654165,4.0,9.0,0.029029029029,0,-0.649744221696,1.24315920674,5,384.0
199,1,8.58120549723,5.0,25.0,0.031031031031,0,1.93777255564,-2.23211216969,5,759.0
200,1,6.86306669273,3.0,14.0,0.028028028028,0,-0.176510395566,2.39259787943,5,512.0
201,1,3.7056894883,,4.0,0.015015015015,0,-0.244964959412,-0.559415633465,5,46.0
202,1,4.46056817656,0.0,6.0,0.024024024024,0,0.507635128612,-2.06233720928,5,264.0
203,1,5.937850817,2.0,8.0,0.013013013013,0,-0.14270309127,1.36596009081,5,317.0
204,1,7.67373808254,1.0,9.0,0.021021021021,0,0.958767796508,-0.202565306984,5,290.0
205,1,6.82226007667,3.0,11.0,0.014014014014,0,0.559417478993,0.144007639686,5,645.0
206,1,5.28617199119,5.0,6.0,0.015015015015,1,0.252141741714,-0.470253233956,5,173.0
207,1,3.11244027708,3.0,7.0,0.023023023023,0,-0.729419007214,0.300697298725,5,295.0
208,1,4.8402453218,0.0,7.0,0.022022022022,0,0.0471145680308,-0.301098382295,5,301.0
209,1,6.30133741821,6.0,12.0,0.014014014014,0,0.38534898832,0.145290453245,5,755.0
210,1,2.03202551117,2.0,13.0,0.014014014014,0,-0.846334573255,-0.428970769068,5,608.0
211,1,5.25906978907,4.0,7.0,0.023023023023,0,0.326362557671,-0.720017883938,5,150.0
212,1,7.78429352115,,13.0,0.018018018018,0,0.708098670363,0.65999751006,5,526.0
213,1,0.833822750613,,1.0,0.013013013013,0,-1.22440902033,-0.492950188411,5,76.0
214,1,1.9462030156,,2.0,0.018018018018,0,-1.15022544153,0.396879340178,5,48.0
215,1,10.1647557876,7.0,12.0,0.015015015015,0,1.23359880848,1.46395936212,5,630.0
216,1,7.51144234056,1.0,11.0,0.018018018018,0,1.12750292723,-0.871066441129,5,593.0
217,1,4.54178254415,0.0,9.0,0.016016016016,0,-0.325167744693,0.517285778225,5,244.0
218,1,6.39047657029,1.0,9.0,0.01001001001,0,0.143032859941,0.96137799047,5,511.0
219,1,3.36608991696,1.0,9.0,0.016016016016,0,-0.896166590369,1.05458968807,5,237.0
220,1,7.07782727401,5.0,9.0,0.012012012012,0,0.545357830848,0.44175378146,5,793.0
221,1,7.65620675264,6.0,10.0,0.013013013013,0,0.617454251783,0.803843997289,5,806.0
222,1,4.74792431258,0.0,7.0,0.00800800800801,0,0.0945190560358,-0.535632855526,5,550.0
223,1,9.15772698635,9.0,10.0,0.012012012012,1,0.685626314287,2.10084804349,5,858.0
224,1,4.24245404957,,5.0,0.013013013013,0,0.150897992256,-1.21023992719,5,344.0
225,1,4.2146127832,3.0,10.0,0.026026026026,0,0.117194676938,-1.13697124761,5,360.0
226,1,-2.30082571138,,0.0,0.019019019019,1,-2.41438010033,-0.0576854103955,5,19.0
227,1,0.897694553027,,1.0,0.023023023023,0,-1.2183385612,-0.447289763372,5,79.0
228,1,-0.455324633048,,9.0,0.02002002002,0,-1.12739070286,-2.07315252447,5,485.0
229,1,4.71800674246,2.0,10.0,0.017017017017,0,0.142215835446,-0.708640763877,5,357.0
230,1,8.66238614789,8.0,11.0,0.014014014014,0,1.07153157801,0.447791413861,5,801.0
231,1,0.933897037071,,1.0,0.02002002002,0,-1.39373148342,0.115091487337,5,39.0
232,1,12.9735122844,12.0,14.0,0.017017017017,0,2.08493810965,1.71869795547,5,901.0
233,1,6.80269442023,5.0,9.0,0.023023023023,0,0.335880991908,0.79505144451,5,320.0
234,1,5.23038341544,,8.0,0.018018018018,0,-0.323788391044,1.20174858857,5,325.0
235,1,7.50219983214,6.0,11.0,0.017017017017,0,0.69147299465,0.427780848188,5,627.0
236,1,8.63803542558,0.0,9.0,0.013013013013,0,1.20024413941,0.0373030073382,5,492.0
237,1,11.1577442966,11.0,12.0,0.015015015015,1,2.44615731551,-1.18072764996,5,893.0
238,1,8.44743681243,8.0,11.0,0.014014014014,0,0.987923598879,0.483666015797,5,818.0
239,1,6.34298042185,,9.0,0.019019019019,0,0.568005531055,-0.361036171316,5,211.0
240,1,1.56795679463,0.0,4.0,0.019019019019,0,-0.944146025043,-0.599605130241,5,72.0
241,1,6.42093847973,3.0,16.0,0.021021021021,0,0.414075973172,0.178710560218,5,720.0
242,1,7.06470849615,7.0,11.0,0.015015015015,0,0.743771854702,-0.166607067952,5,687.0
243,1,-2.8437553653,,0.0,0.016016016016,1,-1.92469472619,-2.06967118673,5,22.0
244,1,0.787913109024,,5.0,0.015015015015,0,-1.22300209844,-0.543080595647,5,198.0
245,1,1.27923408501,1.0,13.0,0.017017017017,0,-1.12734387144,-0.338734300667,5,469.0
246,1,4.37267679944,4.0,5.0,0.016016016016,1,0.0224386051515,-0.694639016011,5,133.0
247,1,5.7953699722,2.0,11.0,0.014014014014,0,0.726602343074,-1.38443705702,5,854.0
248,1,0.572082008996,,10.0,0.014014014014,0,-1.75933451408,0.850085551225,5,677.0
249,1,7.99935862912,7.0,8.0,0.014014014014,1,0.623458404294,1.12898341623,5,382.0
250,1,6.9164378338,2.0,16.0,0.021021021021,0,0.417920270499,0.662677022307,5,741.0
251,1,2.98202801508,0.0,4.0,0.015015015015,0,-0.370669711197,-0.905962851327,5,100.0
252,1,3.40893058464,,9.0,0.012012012012,0,-0.50319365606,-0.0814884471789,5,481.0
253,1,0.67055786102,,3.0,0.016016016016,0,-1.12402684798,-0.95736159505,5,90.0
254,1,2.25930593987,2.0,5.0,0.01001001001,0,-0.556608134965,-1.07086965524,5,95.0
255,1,1.68050514894,1.0,8.0,0.00900900900901,0,-0.837300975742,-0.807591923831,5,389.0
256,1,4.76548046287,1.0,6.0,0.018018018018,0,0.207630395188,-0.857410722689,5,303.0
257,1,5.19992322133,4.0,10.0,0.02002002002,0,0.239884357307,-0.519729850591,5,482.0
258,1,1.47890666192,,2.0,0.012012012012,0,-1.65547743227,1.44533895874,5,54.0
259,1,0.22472901639,,1.0,0.015015015015,0,-0.947375908334,-1.93314325861,5,27.0
260,1,-0.422214715406,,7.0,0.015015015015,0,-2.02849219725,0.663261876333,5,403.0
261,1,7.31423285168,7.0,10.0,0.011011011011,0,0.560397960536,0.633038970078,5,820.0
262,1,6.10475234781,5.0,17.0,0.022022022022,0,0.114102345768,0.762445310503,5,762.0
263,1,9.82583401482,9.0,12.0,0.014014014014,0,1.53179168657,0.230458955099,5,717.0
264,1,4.52457916888,0.0,6.0,0.02002002002,0,0.111842648808,-0.810948777548,5,324.0
265,1,10.8727206741,2.0,11.0,0.015015015015,0,1.7365720167,0.663004624001,5,653.0
266,1,6.39113185522,0.0,8.0,0.014014014014,0,0.320487980656,0.429667913254,5,118.0
267,1,4.03908122875,,9.0,0.019019019019,0,-0.771914697958,1.35482532262,5,518.0
268,1,3.12157079473,,8.0,0.016016016016,0,-0.731171220619,0.31508445659,5,222.0
269,1,3.17160212211,2.0,4.0,0.011011011011,0,-0.595828397932,-0.040912684096,5,168.0
270,1,0.986457403814,0.0,10.0,0.014014014014,0,-1.46151176229,0.370992690684,5,665.0
271,1,1.80249155581,,5.0,0.018018018018,0,-0.968329042576,-0.292521316458,5,123.0
272,1,4.03900361599,2.0,5.0,0.018018018018,0,-0.2230770005,-0.291765382509,5,163.0
273,1,8.95646264447,5.0,12.0,0.019019019019,0,0.613575283903,2.11573679276,5,620.0
274,1,7.25408080135,3.0,15.0,0.015015015015,0,0.957820244655,-0.619379932614,5,811.0
275,1,5.28072045277,4.0,7.0,0.013013013013,0,0.225471341915,-0.395693572974,5,525.0
276,1,5.50943435839,2.0,11.0,0.017017017017,0,0.208129631963,-0.114954537499,5,771.0
277,1,0.521455414672,,6.0,0.015015015015,0,-0.980927030939,-1.53576349251,5,337.0
278,1,9.5763756507,2.0,10.0,0.016016016016,0,1.48714391118,0.114943917161,5,528.0
279,1,3.43734781885,,4.0,0.014014014014,0,-0.957530047668,1.30993796186,5,160.0
280,1,7.71733992271,4.0,12.0,0.021021021021,0,0.681538568434,0.672724217405,5,536.0
281,1,5.62292606421,4.0,6.0,0.00900900900901,0,-0.0113117119049,0.656861199926,5,289.0
282,1,0.609565280052,,1.0,0.014014014014,0,-1.5245663694,0.183264388259,5,35.0
283,1,0.984439864355,0.0,4.0,0.011011011011,0,-1.67788117402,1.01808338643,5,125.0
284,1,3.08705761171,,5.0,0.011011011011,0,-0.205204535871,-1.29732878068,5,249.0
285,0,12.3362522603,10.0,,0.01001001001,0,2.11384419717,0.9947196688,5,
286,1,4.36148960525,2.0,5.0,0.015015015015,0,0.0188587648401,-0.695086689271,5,225.0
287,1,4.63330098173,1.0,11.0,0.012012012012,0,-0.00519997719869,-0.351099086673,5,745.0
288,1,4.83470208123,2.0,9.0,0.015015015015,0,0.20575351734,-0.782558470789,5,568.0
289,1,2.80857001024,,6.0,0.014014014014,0,-0.687359023639,-0.129352918839,5,285.0
290,1,3.41840162283,3.0,4.0,0.013013013013,1,-0.66097259003,0.401319392922,5,252.0
291,1,5.38134361477,0.0,6.0,0.021021021021,0,-0.388390981394,1.54651655895,5,109.0
292,1,-0.407206848304,,0.0,0.014014014014,1,-1.65058001344,-0.455466807977,5,18.0
293,1,5.35496939218,4.0,6.0,0.017017017017,0,-0.498251579301,1.84972413008,5,281.0
294,1,3.38230451822,2.0,5.0,0.016016016016,0,-0.944591668963,1.21607952511,5,182.0
295,1,3.21959619683,3.0,4.0,0.013013013013,1,-0.539134916946,-0.162999052333,5,247.0
296,1,1.98199636481,,6.0,0.016016016016,0,-0.817316218926,-0.566054978411,5,75.0
297,1,0.578037054398,0.0,5.0,0.017017017017,0,-1.37060757007,-0.310140235393,5,127.0
298,1,5.37570333793,4.0,7.0,0.013013013013,0,0.19714150162,-0.21572116693,5,596.0
299,1,7.96810452907,5.0,9.0,0.01001001001,0,0.345997660313,1.93011154813,5,705.0
300,1,12.7066830725,12.0,17.0,0.019019019019,0,2.086382873,1.44753445351,5,726.0
301,1,6.27836599987,2.0,11.0,0.019019019019,0,0.521973115999,-0.287553348129,5,349.0
302,1,3.3316309847,,4.0,0.012012012012,0,-0.411077984776,-0.435135060971,5,121.0
303,1,5.36806598093,,7.0,0.018018018018,0,-0.198982159706,0.965012460049,5,269.0
304,1,4.49847880181,0.0,8.0,0.016016016016,0,0.607185599894,-2.32307799787,5,535.0
305,1,2.45470513156,,5.0,0.018018018018,0,-1.19729595502,1.04659299661,5,203.0
306,1,7.95676560945,7.0,9.0,0.016016016016,0,0.379844608078,1.81723178522,5,555.0
307,1,3.1650719439,,10.0,0.012012012012,0,-0.54957257388,-0.186210334466,5,675.0
308,1,8.22418838185,8.0,10.0,0.015015015015,0,0.745283511245,0.988337848115,5,779.0
309,1,7.66757834395,1.0,13.0,0.014014014014,0,0.901555820696,-0.0370891181354,5,611.0
310,1,3.6883554476,3.0,10.0,0.013013013013,0,0.289183464642,-2.17919494633,5,497.0
311,1,4.6241246872,2.0,7.0,0.016016016016,0,-0.126706089408,0.00424295542094,5,274.0
312,1,4.22527762411,1.0,5.0,0.011011011011,0,-0.281698664974,0.0703736190301,5,312.0
313,1,7.46441923318,5.0,10.0,0.017017017017,0,0.446731900772,1.12422353086,5,635.0
314,1,6.0386323955,5.0,9.0,0.023023023023,0,0.050512902784,0.887093687145,5,270.0
315,1,-1.1424420782,,0.0,0.012012012012,1,-2.34791719125,0.901309495547,5,31.0
316,1,5.14487304541,1.0,9.0,0.012012012012,0,-0.527212554885,1.72651071007,5,694.0
317,0,11.1386654422,9.0,,0.00900900900901,0,1.45773442445,1.76546216884,5,
318,0,8.42954909523,8.0,,0.00800800800801,0,0.921315364015,0.665603003184,5,
319,1,2.96978776959,1.0,3.0,0.011011011011,0,-0.675343265475,-0.00418243398491,5,70.0
320,1,6.40697223219,4.0,15.0,0.016016016016,0,0.103084949022,1.09771738512,5,861.0
321,1,9.45358311914,9.0,10.0,0.014014014014,1,1.20509985861,0.83828354332,5,828.0
322,1,-1.50965320376,,6.0,0.018018018018,0,-2.50519863106,1.0059426894,5,161.0
323,1,1.95136729006,,4.0,0.017017017017,0,-1.19695863954,0.542243208681,5,259.0
324,1,4.81472516682,3.0,5.0,0.014014014014,0,-0.473951883661,1.2365808178,5,113.0
325,1,6.86805246776,2.0,13.0,0.013013013013,0,0.509261630934,0.340267574962,5,816.0
326,1,8.16627188476,7.0,13.0,0.019019019019,0,0.659177130395,1.18874049358,5,770.0
327,1,2.11610907506,2.0,5.0,0.011011011011,0,-0.706837249542,-0.763379176316,5,552.0
328,1,3.17223575542,1.0,9.0,0.00900900900901,0,-1.36510115956,2.26753923409,5,758.0
329,1,3.87367612342,0.0,8.0,0.011011011011,0,-0.541337157688,0.497687596484,5,348.0
330,1,3.06306480949,3.0,8.0,0.013013013013,0,-0.353623722721,-0.876064022343,5,395.0
331,1,9.98930967264,5.0,15.0,0.018018018018,0,1.38415253229,0.836852075777,5,721.0
332,1,4.6930391176,4.0,7.0,0.012012012012,0,-0.563767670879,1.38434213023,5,478.0
333,1,1.04155718435,0.0,9.0,0.015015015015,0,-1.28741787815,-0.0961891811874,5,530.0
334,1,6.00103782473,1.0,8.0,0.014014014014,0,-0.455238668454,2.36675383009,5,235.0
335,0,13.0139553,10.0,,0.011011011011,0,1.80064824424,2.61201056728,5,
336,1,10.0718265303,10.0,13.0,0.015015015015,0,2.11644241791,-1.2775007234,5,842.0
337,1,9.14871233926,6.0,10.0,0.011011011011,0,1.49637457349,-0.340411381209,5,666.0
338,1,1.79044373928,,4.0,0.016016016016,0,-0.92494529283,-0.434720382233,5,153.0
339,1,3.41726845164,2.0,5.0,0.00900900900901,0,0.0383326170504,-1.69772939952,5,446.0
340,1,-0.686402379924,,0.0,0.015015015015,1,-1.69081251198,-0.61396484397,5,5.0
341,1,3.57050801672,0.0,9.0,0.012012012012,0,-0.42234773484,-0.16244877876,5,785.0
342,1,7.39385159083,6.0,10.0,0.011011011011,0,1.24558278734,-1.3428967712,5,912.0
343,1,-0.756786798168,,1.0,0.018018018018,0,-1.83802184297,-0.242721269265,5,56.0
344,1,2.00027380579,2.0,4.0,0.01001001001,0,-1.52263478812,1.56817817016,5,122.0
345,1,6.07035708584,5.0,7.0,0.013013013013,0,0.693054633372,-1.00880681427,5,417.0
346,1,0.35211155063,0.0,7.0,0.00900900900901,0,-1.36937701453,-0.539757405773,5,506.0
347,1,1.43876305055,0.0,8.0,0.016016016016,0,-0.971300018894,-0.647336892763,5,432.0
348,1,0.295582013988,0.0,9.0,0.011011011011,0,-1.77641133598,0.624816021937,5,629.0
349,1,3.56302216959,3.0,6.0,0.00700700700701,0,-0.243520756589,-0.706415560641,5,279.0
350,1,7.39602540985,4.0,10.0,0.01001001001,0,0.448396116676,1.05083705982,5,832.0
351,1,8.42414684711,8.0,9.0,0.00900900900901,1,1.42413154297,-0.848247781801,5,841.0
352,1,8.24855439321,3.0,15.0,0.021021021021,0,1.14694595778,-0.192283480116,5,736.0
353,1,4.19270487047,0.0,5.0,0.022022022022,0,-0.677324151224,1.22467732415,5,253.0
354,1,9.60991317919,6.0,11.0,0.011011011011,0,1.23430924633,0.906985440194,5,749.0
355,1,8.48598476146,8.0,10.0,0.016016016016,0,0.481353320941,2.04192479864,5,574.0
356,1,4.09749974817,,11.0,0.015015015015,0,-0.0273885706105,-0.820334540002,5,722.0
357,1,3.65944947467,0.0,15.0,0.017017017017,0,-0.710132704325,0.789847587641,5,730.0
358,1,4.0504650637,4.0,5.0,0.015015015015,1,-0.203834487228,-0.338031474612,5,179.0
359,1,4.55845849695,3.0,12.0,0.016016016016,0,0.132216173564,-0.838190023739,5,783.0
360,1,4.42693110409,2.0,8.0,0.017017017017,0,-0.297370311059,0.319042037263,5,441.0
361,1,6.81815996801,6.0,8.0,0.019019019019,0,0.335146260578,0.812721186275,5,487.0
362,1,4.0881647339,1.0,8.0,0.013013013013,0,-0.163803195901,-0.420425678397,5,288.0
363,1,7.23027951571,0.0,10.0,0.017017017017,0,0.50110125466,0.726975751733,5,655.0
364,1,1.84705295829,0.0,10.0,0.011011011011,0,-1.12683206946,0.227549166657,5,791.0
365,1,4.27453850397,0.0,10.0,0.017017017017,0,0.102466927992,-1.03286228,5,435.0
366,1,3.64504676405,,10.0,0.025025025025,0,-0.330086968864,-0.364692329357,5,368.0
367,1,6.25757545774,5.0,8.0,0.012012012012,0,0.210175295793,0.627049570366,5,644.0
368,1,7.09015592399,,8.0,0.012012012012,0,0.36076856447,1.00785023058,5,576.0
369,1,7.98100110283,5.0,8.0,0.013013013013,0,0.792128011757,0.604617067561,5,571.0
370,1,7.58505488902,6.0,11.0,0.014014014014,0,0.461454746338,1.20069065,5,713.0
371,1,7.21370820804,6.0,9.0,0.012012012012,0,0.744301076559,-0.0191950216416,5,546.0
372,1,7.58219756235,6.0,8.0,0.01001001001,0,0.624468029167,0.708793474844,5,643.0
373,1,4.81335693211,3.0,6.0,0.013013013013,0,-0.308669156417,0.739364401362,5,452.0
374,1,2.85705691564,,10.0,0.014014014014,0,-0.536476818804,-0.533512627943,5,544.0
375,1,3.51827936594,1.0,8.0,0.015015015015,0,-0.307162792272,-0.560232257239,5,524.0
376,1,10.7276842747,10.0,12.0,0.014014014014,0,1.72891212184,0.540947909182,5,835.0
377,1,3.08086605364,3.0,9.0,0.016016016016,0,-0.630968900062,-0.0262272461745,5,577.0
378,1,6.94777967779,5.0,9.0,0.00900900900901,0,0.694559234248,-0.135898024957,5,654.0
379,1,4.2986142188,3.0,7.0,0.00900900900901,0,-0.554103649256,0.96092516657,5,617.0
380,1,5.20656729034,4.0,6.0,0.01001001001,0,-0.32392641494,1.17834653516,5,474.0
381,1,2.86205072188,1.0,3.0,0.011011011011,0,-0.48586248932,-0.680361810157,5,229.0
382,1,-0.483703532899,,0.0,0.014014014014,1,-1.91008563841,0.246553382326,5,67.0
383,1,3.9301141648,,7.0,0.00900900900901,0,-0.312464123395,-0.132493465018,5,529.0
384,1,5.34709647326,0.0,7.0,0.01001001001,0,0.32728471313,-0.634757666129,5,311.0
385,1,2.63347761686,0.0,5.0,0.00900900900901,0,-0.288202541937,-1.50191475733,5,115.0
386,1,8.3740044427,7.0,11.0,0.011011011011,0,1.06708732246,0.172742475315,5,792.0
387,1,-2.30323246514,,1.0,0.015015015015,0,-2.67790917346,0.730495055232,5,38.0
388,1,-1.60612629643,,7.0,0.01001001001,0,-1.92474564304,-0.831889367316,5,438.0
389,1,8.02182897869,7.0,13.0,0.015015015015,0,1.29383250391,-0.85966853305,5,808.0
390,1,5.60487520212,0.0,7.0,0.019019019019,0,0.35968429126,-0.474177671666,5,256.0
391,1,-3.09607424917,,1.0,0.016016016016,0,-2.35841306834,-1.02083504416,5,36.0
392,1,6.88797925779,6.0,10.0,0.012012012012,0,0.648892272492,-0.0586975596864,5,889.0
393,1,4.91874372382,0.0,10.0,0.011011011011,0,0.352965429916,-1.14015256593,5,827.0
394,1,9.9891322957,9.0,10.0,0.014014014014,1,1.69689243285,-0.101545002839,5,640.0
395,1,-0.482943600849,,0.0,0.011011011011,1,-1.5321791621,-0.886406114561,5,4.0
396,1,8.19003535687,3.0,9.0,0.017017017017,0,1.16988396304,-0.319616532255,5,331.0
397,1,5.07540374966,5.0,6.0,0.011011011011,1,0.533965377765,-1.52649238363,5,405.0
398,1,5.65433670883,0.0,12.0,0.015015015015,0,0.227294535385,-0.0275468973257,5,824.0
399,1,11.8263387232,11.0,12.0,0.013013013013,1,2.35132709755,-0.227642569429,5,914.0
400,1,5.71107588112,1.0,6.0,0.011011011011,0,0.0931048966608,0.431761191134,5,169.0
401,1,3.39320311264,0.0,4.0,0.013013013013,0,-0.643209804258,0.322832525417,5,404.0
402,1,6.94305169804,6.0,8.0,0.013013013013,0,0.545887014246,0.305390655305,5,500.0
403,1,8.02233704317,7.0,10.0,0.011011011011,0,0.581985865026,1.27637944809,5,815.0
404,1,4.44870778897,4.0,6.0,0.014014014014,0,0.18358023606,-1.10203291921,5,516.0
405,1,2.87433950965,2.0,6.0,0.011011011011,0,-0.474104914035,-0.703345748241,5,366.0
406,1,4.96467275346,3.0,7.0,0.013013013013,0,-0.280614188313,0.806515318402,5,541.0
407,1,5.18121652295,4.0,6.0,0.018018018018,0,0.0222887014628,0.11435041856,5,271.0
408,1,8.90701262837,2.0,9.0,0.018018018018,0,0.918162024546,1.15252655473,5,610.0
409,1,8.09044540964,0.0,9.0,0.00900900900901,0,1.07340807631,-0.129778819293,5,683.0
410,1,4.12877438757,,5.0,0.01001001001,0,-0.236600313923,-0.16142467066,5,393.0
411,1,2.97167999385,0.0,5.0,0.01001001001,0,-0.630826212117,-0.135841369804,5,147.0
412,1,-0.364554977292,,10.0,0.011011011011,0,-1.17948543385,-1.82609867573,5,753.0
413,1,6.89233621952,6.0,11.0,0.013013013013,0,1.04239344436,-1.23484411354,5,830.0
414,1,7.46031561237,5.0,9.0,0.013013013013,0,0.615278534494,0.614480008891,5,437.0
415,1,1.2470111351,1.0,8.0,0.014014014014,0,-0.66700338861,-1.75197869907,5,501.0
416,1,7.63659912861,6.0,18.0,0.022022022022,0,0.564141063498,0.944175938114,5,701.0
417,1,1.95671359184,0.0,7.0,0.014014014014,0,-1.06224844071,0.143458913962,5,377.0
418,1,9.3582534061,8.0,12.0,0.015015015015,0,1.29707747364,0.467020985196,5,865.0
419,1,3.15193658452,2.0,7.0,0.014014014014,0,-1.09409478123,1.43422092822,5,428.0
420,1,4.49303362177,0.0,5.0,0.01001001001,0,-0.138036957973,-0.0928555043085,5,323.0
421,0,14.5504348138,10.0,,0.011011011011,0,2.63782715757,1.63695334108,5,
422,1,6.40952864057,5.0,12.0,0.013013013013,0,0.481976459563,-0.036400738121,5,864.0
423,1,5.3446525455,2.0,11.0,0.013013013013,0,0.240643812357,-0.377278891574,5,855.0
424,1,11.3715767138,11.0,13.0,0.014014014014,0,1.67451710487,1.34802539923,5,885.0
425,1,1.7790539905,0.0,3.0,0.011011011011,0,-0.625194095293,-1.34536372362,5,196.0
426,1,6.10313437648,,7.0,0.01001001001,0,0.580342877701,-0.637894256623,5,287.0
427,1,2.24693333925,2.0,6.0,0.015015015015,0,-1.23319732233,0.946525306233,5,216.0
428,1,4.90998513554,,7.0,0.016016016016,0,-0.287468684976,0.772391190465,5,380.0
429,1,7.89339416642,1.0,11.0,0.013013013013,0,0.833777901643,0.392060461493,5,829.0
430,1,7.24385068882,6.0,12.0,0.015015015015,0,0.933925249176,-0.557925058712,5,892.0
431,1,3.87560309973,,6.0,0.01001001001,0,-0.817975448613,1.32952944557,5,386.0
432,1,4.74679079542,4.0,9.0,0.014014014014,0,0.611127642965,-2.08659213348,5,715.0
433,1,3.65270042686,,8.0,0.013013013013,0,-0.595504833413,0.439214927103,5,553.0
434,0,9.4901759509,9.0,,0.01001001001,0,1.19672142423,0.900011678209,5,
435,1,3.05059128631,2.0,9.0,0.014014014014,0,-0.485548549866,-0.492763064088,5,618.0
436,1,5.74607165936,5.0,8.0,0.01001001001,0,0.487884517273,-0.717581892459,5,800.0
437,1,7.38647272009,,9.0,0.014014014014,0,0.259243963551,1.60874082943,5,561.0
438,1,1.53964031519,,3.0,0.01001001001,0,-1.35337794912,0.599774162562,5,248.0
439,0,10.2311075098,10.0,,0.01001001001,0,1.65278949031,0.272739038901,5,
440,1,2.72405975981,1.0,12.0,0.013013013013,0,-0.953961357536,0.585943832421,5,750.0
441,1,2.96453111303,2.0,5.0,0.011011011011,0,-0.423188994245,-0.765901904233,5,240.0
442,1,4.62811507907,0.0,11.0,0.014014014014,0,0.20402053758,-0.983946533672,5,598.0
443,1,3.67002873946,0.0,8.0,0.00900900900901,0,-0.453217247726,0.0296804826343,5,586.0
444,1,0.234110470074,0.0,3.0,0.015015015015,0,-1.46681487828,-0.365444895098,5,135.0
445,0,10.9401544621,9.0,,0.011011011011,0,1.76733308278,0.638155213798,5,
446,1,1.72926293842,0.0,3.0,0.012012012012,0,-0.903344778435,-0.560702726272,5,111.0
447,1,7.60283563668,2.0,9.0,0.013013013013,0,0.961339606847,-0.281183183857,5,286.0
448,1,3.76211694283,2.0,4.0,0.013013013013,0,-0.419407282139,0.0203387892456,5,354.0
449,1,5.93344720288,,6.0,0.00900900900901,0,0.428195961419,-0.351140681375,5,747.0
450,1,5.26966061891,3.0,10.0,0.011011011011,0,0.270936402653,-0.543148589049,5,826.0
451,1,5.40202405717,1.0,8.0,0.01001001001,0,0.276863355129,-0.428566008214,5,676.0
452,1,3.99045133654,1.0,4.0,0.012012012012,0,-0.374489197348,0.113918928585,5,171.0
453,1,5.38442783116,1.0,9.0,0.012012012012,0,0.0991696062474,0.0869190124133,5,723.0
454,1,4.24585671062,4.0,6.0,0.011011011011,0,0.338174665197,-1.76866728497,5,433.0
455,1,4.27597321384,1.0,5.0,0.012012012012,0,-0.135092313372,-0.318749846046,5,267.0
456,1,4.75103253545,4.0,7.0,0.015015015015,0,-0.353861816973,0.812617986367,5,293.0
457,1,7.00852723333,3.0,10.0,0.014014014014,0,0.9919332993,-0.967272664573,5,565.0
458,1,4.38168085868,0.0,5.0,0.015015015015,0,-0.407439623768,0.603999729986,5,310.0
459,1,-0.801676041452,,0.0,0.01001001001,1,-1.81555526468,-0.355010247412,5,15.0
460,1,7.37923634696,7.0,8.0,0.01001001001,1,0.656256459661,0.410466967975,5,846.0
461,1,7.42019869221,6.0,8.0,0.012012012012,0,0.0998642229699,2.1206060233,5,517.0
462,1,7.46150599988,7.0,14.0,0.017017017017,0,0.294307145261,1.57858456409,5,869.0
463,1,7.32436320217,5.0,9.0,0.01001001001,0,0.814151093243,-0.118090077559,5,810.0
464,1,2.80262334733,,10.0,0.013013013013,0,-0.533438208348,-0.597062027624,5,748.0
465,1,2.31587310023,1.0,5.0,0.01001001001,0,-0.183208817362,-2.13450044768,5,156.0
466,1,1.43252644995,0.0,5.0,0.011011011011,0,-1.05102183902,-0.414408032973,5,186.0
467,1,7.94017688384,4.0,8.0,0.00800800800801,0,0.391818019279,1.76472282601,5,757.0
468,1,6.46668351323,,7.0,0.016016016016,0,0.743159353385,-0.762794546924,5,266.0
469,1,4.35693138194,,5.0,0.01001001001,0,-0.679832702802,1.39642949035,5,443.0
470,1,6.41144872705,3.0,7.0,0.011011011011,0,0.933897956045,-1.39024514108,5,505.0
471,1,2.25972228296,2.0,3.0,0.015015015015,1,-0.537260295042,-1.12849683191,5,362.0
472,1,8.47196388802,0.0,9.0,0.01001001001,0,1.39483480465,-0.712540525913,5,650.0
473,1,7.91840114946,6.0,8.0,0.011011011011,0,1.03367476004,-0.182623130665,5,621.0
474,1,8.86678959452,7.0,13.0,0.014014014014,0,0.844237020067,1.33407853431,5,789.0
475,1,8.12634772737,7.0,9.0,0.00900900900901,0,1.05735455246,-0.0457159300065,5,868.0
476,1,5.19497603288,5.0,7.0,0.011011011011,0,0.24575181638,-0.542279416263,5,250.0
477,1,3.85599861154,1.0,9.0,0.012012012012,0,-0.921604886265,1.62081327033,5,605.0
478,1,6.98886987698,0.0,7.0,0.00900900900901,0,0.272328249383,1.17188512883,5,659.0
479,1,9.27730370645,6.0,12.0,0.012012012012,0,1.15116531889,0.823807749795,5,873.0
480,1,7.91800133875,5.0,8.0,0.016016016016,0,0.749402074642,0.669795114821,5,436.0
481,1,2.79848267939,,5.0,0.013013013013,0,-0.213600958278,-1.56071444577,5,283.0
482,1,4.11529095834,1.0,6.0,0.011011011011,0,-0.515053666044,0.66045195647,5,221.0
483,1,2.17001723772,1.0,3.0,0.012012012012,0,-0.616062004623,-0.98179674841,5,65.0
484,1,6.9887848252,,10.0,0.016016016016,0,0.422526883241,0.721204175475,5,510.0
485,1,6.88920687633,,7.0,0.00800800800801,0,0.348066916513,0.845006126789,5,729.0
486,1,3.78235799319,1.0,8.0,0.00900900900901,0,-0.696667907593,0.872361715973,5,831.0
487,1,6.26666140636,6.0,7.0,0.01001001001,1,0.458873565953,-0.109959291502,5,383.0
488,1,3.08619900022,2.0,8.0,0.016016016016,0,-0.398703913329,-0.717689259797,5,559.0
489,1,-2.56698042754,,0.0,0.014014014014,1,-2.45515454472,-0.201516793395,5,9.0
490,0,10.3253015899,10.0,,0.01001001001,0,1.378302672,1.19039357385,5,
491,1,5.4130010631,,6.0,0.00800800800801,0,0.0112726827291,0.37918301491,5,471.0
492,1,7.3637753048,6.0,8.0,0.011011011011,0,0.761031674345,0.0806802817631,5,691.0
493,1,4.40522944465,0.0,5.0,0.011011011011,0,-0.238966263014,0.12212823369,5,542.0
494,1,2.81452865723,2.0,3.0,0.00800800800801,1,-0.673938917781,-0.163654589432,5,352.0
495,1,3.26633123078,3.0,5.0,0.011011011011,0,-0.570951530009,-0.0208141791926,5,316.0
496,1,5.03120717102,4.0,10.0,0.011011011011,0,0.243025102559,-0.697868136654,5,780.0
497,1,3.15750457075,3.0,5.0,0.01001001001,0,-0.335581958827,-0.835749552767,5,387.0
498,1,3.26671499234,3.0,5.0,0.011011011011,0,-0.803667620485,0.677717853795,5,89.0
499,1,3.94950585161,1.0,4.0,0.012012012012,0,-1.13520661278,2.35512568995,5,238.0
500,1,4.33937934079,,10.0,0.012012012012,0,-0.0943939473736,-0.377438817093,5,583.0
501,1,4.0679998338,2.0,10.0,0.01001001001,0,-0.266315307978,-0.133054242264,5,682.0
502,1,6.25770806039,,7.0,0.013013013013,0,0.283133021607,0.40830899557,5,580.0
503,1,6.21985300512,5.0,9.0,0.01001001001,0,0.72100033444,-0.943147998202,5,670.0
504,1,2.76947679013,1.0,4.0,0.012012012012,0,-0.591795225664,-0.455137532876,5,315.0
505,1,6.19799556156,6.0,8.0,0.012012012012,0,0.732794891734,-1.00038911365,5,551.0
506,1,5.72219137603,1.0,9.0,0.011011011011,0,0.333953208168,-0.27966824847,5,594.0
507,1,2.42303322967,2.0,4.0,0.01001001001,0,-0.163950148187,-2.08511632577,5,449.0
508,1,6.50546648509,,8.0,0.00800800800801,0,0.443550303148,0.174815575645,5,575.0
509,1,4.1731241404,3.0,5.0,0.00800800800801,0,-0.584158452539,0.925599498021,5,400.0
510,1,7.39772098791,6.0,8.0,0.01001001001,0,0.668746023139,0.391482918495,5,782.0
511,1,-1.29534211278,,3.0,0.012012012012,0,-2.18127558781,0.248484650645,5,78.0
512,1,5.25574961523,5.0,8.0,0.012012012012,0,0.450726585203,-1.09643014038,5,604.0
513,1,4.68506354494,4.0,8.0,0.00900900900901,0,-0.321818064127,0.650517737319,5,805.0
514,1,4.9053248327,4.0,6.0,0.011011011011,0,0.101913830122,-0.400416657664,5,566.0
515,1,7.11683076031,0.0,10.0,0.01001001001,0,0.26894509412,1.30999547795,5,850.0
516,1,9.15241774193,5.0,12.0,0.014014014014,0,1.9144190854,-1.59083951428,5,773.0
517,0,9.32963282113,9.0,,0.013013013013,0,1.49991460502,-0.170110993926,5,
518,1,1.52835465943,,5.0,0.01001001001,0,-1.63707483923,1.43957917712,5,104.0
519,1,6.89077007137,3.0,7.0,0.014014014014,0,0.886953047578,-0.770089071367,5,333.0
520,1,1.25102186102,1.0,4.0,0.011011011011,0,-0.667731476536,-1.74578370937,5,425.0
521,1,-1.4130055378,,0.0,0.00800800800801,1,-1.5819652256,-1.667109861,5,12.0
522,1,4.82912510565,0.0,7.0,0.00900900900901,0,0.106897535266,-0.491567500146,5,585.0
523,1,2.67342077233,2.0,3.0,0.01001001001,1,-0.131755098403,-1.93131393246,5,278.0
524,1,6.984748718,0.0,8.0,0.012012012012,0,0.431231654404,0.691053754784,5,426.0
525,1,3.73428738241,,4.0,0.012012012012,0,-0.700050042834,0.834437510912,5,120.0
526,1,1.65766779255,1.0,5.0,0.012012012012,0,-0.992642809579,-0.364403778712,5,218.0
527,1,5.37809827428,2.0,7.0,0.012012012012,0,0.0833441703255,0.1280657633,5,390.0
528,1,1.86355350815,1.0,5.0,0.01001001001,0,-0.952045922919,-0.28030872309,5,300.0
529,1,6.45954593075,6.0,8.0,0.011011011011,0,0.667521133188,-0.543017468816,5,641.0
530,1,-1.65619096256,,1.0,0.013013013013,0,-2.20002531122,-0.0561150288901,5,32.0
531,1,9.5756480238,5.0,11.0,0.012012012012,0,1.37966066032,0.436666042837,5,725.0
532,1,4.47398238858,3.0,9.0,0.011011011011,0,0.0698140035044,-0.735459621935,5,671.0
533,1,0.769059453099,,2.0,0.01001001001,0,-1.54315088043,0.398512094402,5,148.0
534,1,6.70760096983,3.0,7.0,0.012012012012,0,0.665427073704,-0.288680251279,5,590.0
535,1,5.57086222429,,6.0,0.012012012012,0,0.136505280485,0.16134638283,5,424.0
536,0,13.3242598865,11.0,,0.011011011011,0,2.54044907935,0.702912648469,5,
537,1,3.02836043839,3.0,4.0,0.011011011011,1,-1.15618762802,1.49692332246,5,62.0
538,0,13.1957621165,9.0,,0.01001001001,0,2.59904922566,0.398614439507,5,
539,1,3.73386087624,2.0,4.0,0.011011011011,0,-0.247387038913,-0.523978007018,5,494.0
540,1,4.21565182926,2.0,9.0,0.011011011011,0,-0.152995210047,-0.325362540602,5,803.0
541,1,8.10879142836,4.0,10.0,0.011011011011,0,1.47964498382,-1.3301435231,5,817.0
542,1,5.41800868668,5.0,6.0,0.011011011011,1,0.543566836825,-1.2126918238,5,334.0
543,0,8.11762012701,8.0,,0.00800800800801,0,0.972740207236,0.199399505303,5,
544,1,1.33227507157,,2.0,0.01001001001,0,-1.0924418523,-0.390399371536,5,99.0
545,1,7.24353593745,1.0,8.0,0.011011011011,0,1.46586053636,-2.15404567163,5,657.0
546,0,8.95988805453,8.0,,0.00900900900901,0,1.17678418318,0.429535504995,5,
547,1,1.85765221027,,3.0,0.011011011011,0,-0.980059709595,-0.202168660943,5,130.0
548,1,6.76419752304,5.0,7.0,0.00800800800801,0,0.808081346147,-0.660046515404,5,493.0
549,0,11.4963204884,9.0,,0.01001001001,0,2.12655683323,0.116649988672,5,
550,1,2.08671752541,1.0,3.0,0.00800800800801,0,-1.17196129044,0.602601396735,5,102.0
551,1,2.56694855451,0.0,8.0,0.00900900900901,0,-0.363809694185,-1.34162236294,5,592.0
552,1,1.60173948067,0.0,8.0,0.011011011011,0,-1.30590762988,0.519462370303,5,794.0
553,1,7.74343792483,6.0,11.0,0.015015015015,0,1.72973938475,-2.44578022941,5,606.0
554,1,7.09785417444,0.0,9.0,0.013013013013,0,0.927416609666,-0.684395654562,5,634.0
555,1,4.77270313456,0.0,7.0,0.017017017017,0,0.551308243652,-1.8812215964,5,539.0
556,1,5.48873906786,,7.0,0.014014014014,0,0.23868801331,-0.227324972067,5,86.0
557,1,4.17768118481,0.0,9.0,0.012012012012,0,-0.199570141626,-0.223608390313,5,708.0
558,1,2.9029740621,1.0,5.0,0.011011011011,0,-1.07969040043,1.14204526338,5,296.0
559,1,2.58357374519,2.0,5.0,0.01001001001,0,-1.01170197829,0.618679680068,5,319.0
560,1,4.37773080322,1.0,12.0,0.013013013013,0,-0.647691581953,1.32080554908,5,907.0
561,1,3.29699195203,1.0,5.0,0.00900900900901,0,-0.516101636522,-0.154703138406,5,106.0
562,1,5.02905006583,4.0,6.0,0.00900900900901,0,-0.0344931874952,0.132529628314,5,587.0
563,1,5.40693575018,5.0,9.0,0.01001001001,0,0.0740238011778,0.184864346651,5,434.0
564,1,5.18418032829,2.0,6.0,0.012012012012,0,0.340067102343,-0.836020978741,5,409.0
565,1,4.81431975185,2.0,7.0,0.011011011011,0,-0.113601579363,0.155124489944,5,314.0
566,0,13.6897951979,8.0,,0.00800800800801,0,2.69948303399,0.59134609591,5,
567,1,2.42255649694,0.0,10.0,0.01001001001,0,-0.495136510747,-1.09203397082,5,833.0
568,1,2.51243775916,0.0,4.0,0.00800800800801,0,-0.492666876853,-1.00956161028,5,451.0
569,1,2.77295517176,2.0,6.0,0.00900900900901,0,-0.5017221942,-0.721878245642,5,356.0
570,1,3.40152999933,2.0,8.0,0.012012012012,0,-0.460726891594,-0.216289325884,5,520.0
571,1,4.98644419219,1.0,8.0,0.00800800800801,0,-0.548687393081,1.63250637144,5,689.0
572,1,5.22448126946,,6.0,0.011011011011,0,-0.159857877218,0.704054901118,5,633.0
573,1,4.39600309826,2.0,10.0,0.013013013013,0,-0.133853042072,-0.202437775523,5,707.0
574,1,3.7191775708,,4.0,0.01001001001,0,-0.275902372781,-0.453115310851,5,297.0
575,1,3.00477139287,2.0,4.0,0.00900900900901,0,-1.24064063004,1.72669328298,5,275.0
576,1,5.87339419027,4.0,7.0,0.011011011011,0,0.944749370568,-1.96085392143,5,772.0
577,1,4.45836821674,2.0,6.0,0.015015015015,0,-0.122401259195,-0.174428005673,5,313.0
578,1,-0.48361805993,,2.0,0.01001001001,0,-2.09742228575,0.808648797322,5,47.0
579,1,5.6294186486,5.0,6.0,0.01001001001,1,0.623932617705,-1.24237920451,5,601.0
580,1,4.84878128461,,7.0,0.01001001001,0,-0.227320418932,0.530742541406,5,527.0
581,1,1.65793498434,0.0,4.0,0.00900900900901,0,-0.535050928959,-1.73691222879,5,407.0
582,1,2.33425315285,2.0,6.0,0.01001001001,0,-0.839025128761,-0.14867146087,5,291.0
583,1,7.39607682103,6.0,8.0,0.00800800800801,0,0.992739476591,-0.582141608745,5,915.0
584,0,10.0869865319,9.0,,0.00900900900901,0,1.47339441517,0.666803286429,5,
585,1,8.05620440988,8.0,9.0,0.00900900900901,1,0.969445599259,0.1478676121,5,894.0
586,0,9.67710074276,8.0,,0.00800800800801,0,1.84250542504,-0.850415532374,5,
587,1,4.4406964453,2.0,5.0,0.011011011011,0,0.196567802484,-1.14900696215,5,213.0
588,1,8.25824017376,8.0,9.0,0.01001001001,1,0.494242508393,1.77551264858,5,906.0
589,1,9.91736865792,9.0,10.0,0.011011011011,1,1.77484040211,-0.407152548401,5,764.0
590,1,-2.560180412,,0.0,0.01001001001,1,-2.33554762119,-0.553537548421,5,1.0
591,1,8.31200861849,8.0,10.0,0.017017017017,0,1.25288924741,-0.446659123725,5,489.0
592,1,7.43533160288,6.0,9.0,0.01001001001,0,0.558036974264,0.761220680086,5,784.0
593,1,7.0190001234,6.0,8.0,0.00800800800801,0,0.61750277915,0.166491785952,5,882.0
594,1,2.69553600481,2.0,3.0,0.00900900900901,1,-1.57694237662,2.42636313468,5,358.0
595,0,12.8984426839,12.0,,0.014014014014,0,2.05806823739,1.7242379717,5,
596,1,10.896498781,7.0,13.0,0.015015015015,0,1.68116980897,0.852989354096,5,898.0
597,1,6.11298990484,4.0,8.0,0.012012012012,0,0.337442310686,0.100662972785,5,462.0
598,1,0.377505648085,,5.0,0.01001001001,0,-1.76090129474,0.660209532309,5,414.0
599,1,9.40884601421,6.0,10.0,0.011011011011,0,1.40600036233,0.190844927233,5,845.0
600,1,9.07846974292,7.0,11.0,0.012012012012,0,0.767939781157,1.77465039945,5,888.0
601,1,8.02106314473,1.0,9.0,0.00900900900901,0,0.555457748086,1.35468990047,5,744.0
602,1,4.16490789003,2.0,7.0,0.00900900900901,0,-0.154667693915,-0.371089028223,5,632.0
603,1,6.52003588435,3.0,7.0,0.00900900900901,0,0.808547680063,-0.905607155844,5,341.0
604,1,1.44265277179,,7.0,0.01001001001,0,-1.08787291934,-0.293728470182,5,776.0
605,1,4.97511407193,,5.0,0.00900900900901,0,-0.180457467042,0.516486473052,5,465.0
606,1,-1.3462192968,,0.0,0.00900900900901,1,-1.69875773844,-1.24994608148,5,14.0
607,1,2.76592411751,0.0,4.0,0.00800800800801,0,-0.517050229442,-0.682925194167,5,496.0
608,1,7.91622181649,7.0,8.0,0.00900900900901,1,0.329527619217,1.92763895884,5,765.0
609,1,3.66881649495,1.0,7.0,0.00900900900901,0,0.187050834652,-1.892336009,5,483.0
610,1,3.82581912402,2.0,7.0,0.014014014014,0,-0.342646365758,-0.146241778709,5,351.0
611,1,1.88215910537,1.0,9.0,0.014014014014,0,-1.14223626971,0.308867914489,5,763.0
612,1,-2.63888094695,,0.0,0.01001001001,1,-2.83918339492,0.878669237804,5,11.0
613,1,9.14453507163,9.0,10.0,0.011011011011,1,1.20054073497,0.542912866719,5,917.0
614,1,1.88925779785,,3.0,0.00800800800801,0,-1.08809317913,0.153537335235,5,175.0
615,1,0.994467093047,,5.0,0.013013013013,0,-1.33038124157,-0.014389182249,5,412.0
616,1,7.72162873405,5.0,8.0,0.011011011011,0,0.981328384316,-0.222356418895,5,600.0
617,1,1.80635496962,1.0,6.0,0.01001001001,0,-1.02325772838,-0.123871845249,5,477.0
618,1,9.00115140283,8.0,10.0,0.01001001001,0,1.13037925418,0.610013640282,5,878.0
619,1,2.70404568243,2.0,5.0,0.011011011011,0,-0.73724640336,-0.0842151074911,5,263.0
620,1,2.23388543546,0.0,6.0,0.00900900900901,0,-0.730185918715,-0.57555680839,5,538.0
621,1,4.91543502578,1.0,6.0,0.01001001001,0,0.132158572631,-0.481040692115,5,554.0
622,1,5.26358013212,2.0,6.0,0.013013013013,0,0.157178763998,-0.207956159871,5,508.0
623,1,4.86874103887,2.0,6.0,0.011011011011,0,0.37006318997,-1.24144853104,5,498.0
624,1,0.757295990459,0.0,2.0,0.00900900900901,0,-1.31740057148,-0.290502295091,5,192.0
625,1,2.8204933694,0.0,5.0,0.00900900900901,0,-1.1875993711,1.3832914827,5,378.0
626,1,4.37651805328,1.0,6.0,0.01001001001,0,0.479487536899,-2.06194455742,5,454.0
627,1,1.4551397136,1.0,8.0,0.013013013013,0,-0.734604161544,-1.34104780177,5,667.0
628,1,7.585790296,4.0,8.0,0.014014014014,0,0.548652492979,0.939832817064,5,573.0
629,1,3.79546600541,2.0,5.0,0.01001001001,0,-0.190892839651,-0.63185547564,5,398.0
630,1,3.4976816016,2.0,5.0,0.00800800800801,0,-0.644118842422,0.430038128866,5,624.0
631,1,6.55380789023,0.0,9.0,0.01001001001,0,0.403001773865,0.344802568631,5,658.0
632,1,7.72726569546,5.0,10.0,0.01001001001,0,0.299026272479,1.83018687802,5,840.0
633,1,4.3200160451,3.0,5.0,0.00800800800801,0,-0.0876642455211,-0.416991218341,5,614.0
634,0,11.5497828183,8.0,,0.00800800800801,0,2.70944808777,-1.57856144504,5,
635,1,3.99648956859,,8.0,0.01001001001,0,0.100243379877,-1.30424057104,5,335.0
636,1,3.83495875445,3.0,6.0,0.01001001001,0,0.0848463390593,-1.41958026273,5,350.0
637,1,5.20398023481,3.0,6.0,0.00900900900901,0,0.286618701284,-0.655875869039,5,464.0
638,1,2.14583267247,1.0,4.0,0.00900900900901,0,-0.63935383884,-0.936105811006,5,294.0
639,1,7.239163208,3.0,8.0,0.011011011011,0,0.900394407117,-0.462020013348,5,778.0
640,1,3.05826915096,1.0,4.0,0.01001001001,0,-0.637114024329,-0.0303887760587,5,180.0
641,1,9.05971197155,1.0,12.0,0.013013013013,0,1.17667526857,0.529686165841,5,709.0
642,1,3.73966615492,2.0,7.0,0.013013013013,0,0.0218389407158,-1.32585066723,5,397.0
643,1,9.22719414878,7.0,10.0,0.01001001001,0,1.70020203731,-0.873411963163,5,821.0
644,1,7.43333941556,4.0,8.0,0.01001001001,0,1.40421363115,-1.77930147791,5,582.0
645,0,11.8565951497,10.0,,0.011011011011,0,2.10387592061,0.544967387902,5,
646,1,6.72650079535,6.0,7.0,0.00800800800801,1,0.632944130246,-0.172331595393,5,853.0
647,1,2.80730088789,,6.0,0.01001001001,0,-0.867354945038,0.409365723007,5,597.0
648,1,3.05144291881,2.0,8.0,0.00900900900901,0,-0.864143562154,0.643873605273,5,847.0
649,1,-0.611751858737,,3.0,0.01001001001,0,-1.45536413099,-1.24565946575,5,96.0
650,1,1.35058551936,1.0,2.0,0.00800800800801,1,-1.24995642339,0.100454789516,5,212.0
651,0,10.3382916764,10.0,,0.01001001001,0,1.72976171383,0.149006534877,5,
652,1,5.1970129628,4.0,9.0,0.012012012012,0,0.124435406563,-0.176293256895,5,514.0
653,1,8.15671544365,8.0,9.0,0.01001001001,1,1.40964186676,-1.07221015663,5,905.0
654,0,8.53898329145,8.0,,0.00800800800801,0,1.69066076738,-1.5329990107,5,
655,1,6.7893281701,6.0,8.0,0.01001001001,0,0.501892798304,0.283649775188,5,502.0
656,1,7.45806003303,7.0,8.0,0.00800800800801,1,1.01390235342,-0.583647027235,5,737.0
657,1,-0.200094143116,,0.0,0.00900900900901,1,-1.34355749637,-1.16942165401,5,2.0
658,1,5.66062098283,2.0,7.0,0.01001001001,0,0.574002838965,-1.06138753406,5,480.0
659,1,3.99359614177,2.0,4.0,0.00900900900901,0,-0.361380368413,0.0777372470043,5,255.0
660,1,1.65509274991,0.0,3.0,0.00800800800801,0,-1.36296827831,0.743997584851,5,88.0
661,0,8.12657407585,8.0,,0.00800800800801,0,1.07503585375,-0.0985334854096,5,
662,1,0.634994026739,,1.0,0.00800800800801,0,-1.22232520897,-0.698030346366,5,87.0
663,0,8.33849557731,8.0,,0.00800800800801,0,0.951720633145,0.48333367787,5,
664,1,8.57180639193,8.0,9.0,0.01001001001,1,1.31108451055,-0.361447139712,5,896.0
665,1,7.25897054936,7.0,8.0,0.01001001001,1,0.907862947374,-0.464618292764,5,756.0
666,1,4.94545431562,4.0,5.0,0.01001001001,1,-0.359291830235,1.02332980633,5,466.0
667,0,8.32596588124,8.0,,0.00800800800801,0,1.23675763097,-0.384307011665,5,
668,0,10.0095493154,10.0,,0.01001001001,0,1.58243586419,0.262241722867,5,
669,1,6.54599861082,5.0,7.0,0.00800800800801,0,0.348489771247,0.500529297076,5,781.0
670,1,0.455954284698,0.0,9.0,0.00900900900901,0,-1.66428515267,0.448809742704,5,836.0
671,1,5.2260713505,4.0,9.0,0.012012012012,0,0.0984875818759,-0.0693913951232,5,696.0
672,1,4.83766050368,,8.0,0.013013013013,0,0.150961098577,-0.615222792055,5,379.0
673,1,6.92180500254,0.0,8.0,0.012012012012,0,0.728200681838,-0.262797042974,5,429.0
674,1,7.09443918114,1.0,9.0,0.012012012012,0,0.874089140907,-0.52782824158,5,503.0
675,1,3.02560422105,3.0,8.0,0.00800800800801,0,-0.734833174454,0.230103744408,5,797.0
676,1,6.62290945432,6.0,7.0,0.00800800800801,1,0.399740155839,0.423688986804,5,734.0
677,1,4.96894184113,0.0,10.0,0.01001001001,0,-0.0298058609755,0.0583594240542,5,871.0
678,1,-1.25962204422,,0.0,0.01001001001,1,-2.14761865785,0.18323392934,5,3.0
679,1,1.1570839491,1.0,3.0,0.00900900900901,0,-1.17593576797,-0.315108747006,5,80.0
680,1,4.21167230077,3.0,6.0,0.00900900900901,0,-0.34170036743,0.236773403063,5,533.0
681,1,7.3207991323,5.0,9.0,0.00900900900901,0,0.239763674366,1.6015081092,5,768.0
682,1,3.64810813582,2.0,5.0,0.013013013013,0,-1.033696041,1.74919625883,5,367.0
683,1,3.93154960892,1.0,4.0,0.011011011011,0,-0.0115562610526,-1.03378160792,5,305.0
684,0,7.50272557773,7.0,,0.00800800800801,0,0.592415367611,0.725479474895,5,
685,1,2.22200023681,,5.0,0.00900900900901,0,-0.832127655051,-0.281616798033,5,304.0
686,1,2.96981354201,1.0,6.0,0.01001001001,0,-0.346790246174,-0.989815719465,5,149.0
687,1,8.07171954697,8.0,9.0,0.00900900900901,1,1.3801047197,-1.06859461212,5,862.0
688,1,2.89299824657,1.0,5.0,0.01001001001,0,-0.372948942816,-0.988154924985,5,453.0
689,1,1.46602642968,1.0,3.0,0.00900900900901,0,-0.754711049569,-1.26984042161,5,336.0
690,1,2.62879625849,2.0,5.0,0.01001001001,0,-0.595538543041,-0.584588112385,5,299.0
691,1,1.52971075601,0.0,4.0,0.01001001001,0,-1.60903464502,1.35681469108,5,205.0
692,1,6.63441174135,6.0,8.0,0.00900900900901,0,-0.0892655442619,1.90220837413,5,718.0
693,1,2.48612352933,0.0,3.0,0.00900900900901,0,-0.166832211983,-2.01337983472,5,190.0
694,1,3.54984125738,2.0,5.0,0.01001001001,0,-0.0126604667076,-1.4121773425,5,332.0
695,1,7.43031928763,6.0,9.0,0.00900900900901,0,0.586533715993,0.670718139648,5,637.0
696,1,3.75261149853,2.0,11.0,0.011011011011,0,-0.543336101249,0.382619802274,5,859.0
697,1,0.568216785897,0.0,1.0,0.012012012012,1,-1.34907952119,-0.384544650547,5,112.0
698,1,6.00215326765,0.0,7.0,0.00900900900901,0,-0.000431287438039,1.00344712997,5,473.0
699,1,7.54119499004,7.0,8.0,0.00800800800801,1,0.847319322745,-0.000762978193066,5,851.0
700,1,5.8297309977,5.0,6.0,0.012012012012,1,0.149658164477,0.380756504271,5,638.0
701,1,3.39393493667,3.0,6.0,0.00800800800801,0,-0.207512476945,-0.983527632498,5,321.0
702,1,5.76022931034,,6.0,0.00900900900901,0,-0.12313653997,1.12963893025,5,455.0
703,1,5.25720836696,4.0,7.0,0.00900900900901,0,0.419107403013,-1.00011384208,5,839.0
704,1,2.12582934711,1.0,11.0,0.013013013013,0,-0.400335389641,-1.67316448397,5,660.0
705,1,-3.76981441344,,0.0,0.00900900900901,1,-3.00140947025,0.234413997321,5,21.0
706,1,5.89253955857,2.0,7.0,0.00900900900901,0,0.152077049883,0.436308408925,5,444.0
707,1,0.845658383989,,8.0,0.00800800800801,0,-0.942181619313,-1.32779675807,5,760.0
708,0,10.7499124166,8.0,,0.00800800800801,0,1.73661236198,0.540075330691,5,
709,1,6.13402599731,3.0,8.0,0.00800800800801,0,0.334994145934,0.129043559509,5,532.0
710,1,1.38221555152,0.0,7.0,0.011011011011,0,-0.686580085082,-1.55804419323,5,423.0
711,1,2.48059783338,2.0,4.0,0.01001001001,0,-1.15099365877,0.933578809683,5,396.0
712,1,3.05443716834,0.0,9.0,0.011011011011,0,-0.243926124822,-1.21378445719,5,570.0
713,1,4.08053302494,4.0,6.0,0.00800800800801,0,-0.135064246651,-0.514274235112,5,385.0
714,1,2.1993141481,0.0,3.0,0.01001001001,0,-1.2097465253,0.828553723986,5,353.0
715,1,-4.85445495277,,0.0,0.011011011011,1,-2.95825418007,-0.979692412575,5,26.0
716,1,9.88228347364,9.0,10.0,0.01001001001,1,1.4880791536,0.418046012834,5,886.0
717,1,5.61820477568,5.0,8.0,0.00800800800801,0,0.340249393789,-0.402543405682,5,739.0
718,1,0.4392160347,0.0,2.0,0.00900900900901,0,-1.12868778305,-1.17472061616,5,193.0
719,1,7.78439247239,6.0,9.0,0.00900900900901,0,0.770998259439,0.47139769407,5,887.0
720,1,3.7924224926,2.0,4.0,0.012012012012,0,-0.231556151282,-0.512909053551,5,258.0
721,1,3.79034897387,2.0,4.0,0.00900900900901,0,-0.630603217352,0.682158625926,5,421.0
722,1,3.8426668002,1.0,5.0,0.01001001001,0,-0.174319133637,-0.634375798895,5,307.0
723,1,8.85669091221,8.0,9.0,0.00900900900901,1,1.69699815843,-1.23430356307,5,916.0
724,1,6.6449116075,6.0,8.0,0.00800800800801,0,0.469505247322,0.23639586553,5,563.0
725,1,4.92484329911,4.0,5.0,0.00800800800801,1,-0.392627741992,1.10272652508,5,439.0
726,1,6.5863677417,,8.0,0.01001001001,0,0.23598758474,0.878404987479,5,672.0
727,1,7.92728396706,6.0,8.0,0.00900900900901,0,0.904675017983,0.213258913106,5,704.0
728,1,3.51608044444,3.0,7.0,0.01001001001,0,-0.177669709533,-0.950910426962,5,422.0
729,1,7.12005858782,7.0,8.0,0.00800800800801,1,0.737857732096,-0.0935146084628,5,875.0
730,1,5.04836944844,5.0,8.0,0.00800800800801,0,-0.230002103962,0.738375760322,5,674.0
731,1,4.18206582907,4.0,5.0,0.00900900900901,1,-0.480479194172,0.623503411582,5,166.0
732,1,-0.161284263395,,0.0,0.00800800800801,1,-1.62701221343,-0.280247623098,5,24.0
733,1,6.45723409884,3.0,10.0,0.011011011011,0,0.335468869232,0.45082749114,5,681.0
734,1,6.23764431012,5.0,9.0,0.00900900900901,0,0.179853339809,0.69808429069,5,867.0
735,1,8.99107807679,8.0,9.0,0.00900900900901,1,0.930638810354,1.19916164573,5,919.0
736,1,5.40702660085,1.0,8.0,0.00900900900901,0,0.692160789722,-1.66945576832,5,693.0
737,1,7.20971725039,6.0,8.0,0.01001001001,0,0.525435546285,0.633410611531,5,777.0
738,1,3.30247919804,2.0,4.0,0.01001001001,0,-0.827415874154,0.784726820497,5,589.0
739,1,0.973664429792,,1.0,0.00900900900901,0,-1.1173606014,-0.67425376601,5,57.0
740,1,4.57664550424,4.0,8.0,0.011011011011,0,-0.649410835143,1.52487800966,5,280.0
741,1,3.81078439392,2.0,4.0,0.00900900900901,0,-0.228405710107,-0.50399847576,5,537.0
742,1,5.20099448037,,6.0,0.00900900900901,0,-0.494462117373,1.68438083249,5,486.0
743,1,2.32353395379,2.0,6.0,0.00800800800801,0,-0.457465009031,-1.30407101912,5,591.0
744,0,9.43163726541,9.0,,0.01001001001,0,1.20811831623,0.80728231671,5,
745,1,2.30576779266,1.0,7.0,0.01001001001,0,-0.633442837832,-0.79390369384,5,470.0
746,1,6.03947518783,,8.0,0.01001001001,0,0.640605173731,-0.88234033336,5,754.0
747,1,4.36960153501,2.0,8.0,0.01001001001,0,-0.462145715539,0.756038681627,5,697.0
748,1,1.87955177657,0.0,2.0,0.00800800800801,0,-0.102486102073,-2.81298991721,5,265.0
749,1,2.6526681457,0.0,3.0,0.01001001001,0,-0.945972045951,0.490584283549,5,272.0
750,1,5.34810493955,5.0,9.0,0.011011011011,0,-0.221844673915,1.0136389613,5,883.0
751,1,3.54516803713,2.0,7.0,0.011011011011,0,0.132021540452,-1.85089658423,5,625.0
752,1,8.09037412302,6.0,10.0,0.01001001001,0,1.09293025662,-0.188416646841,5,819.0
753,0,9.48698002192,7.0,,0.00800800800801,0,1.20129182025,0.88310456117,5,
754,1,0.607922068419,0.0,1.0,0.00800800800801,1,-1.78650361418,0.96743291095,5,20.0
755,1,7.99466117834,7.0,9.0,0.01001001001,0,1.0888087382,-0.27176503625,5,664.0
756,1,7.84674766469,1.0,8.0,0.00800800800801,0,0.869115657191,0.239400693116,5,812.0
757,0,12.7526643113,8.0,,0.00800800800801,0,2.04025792427,1.63189053846,5,
758,0,9.88985832957,9.0,,0.01001001001,0,1.07509605444,1.66457016624,5,
759,0,10.7532150834,8.0,,0.00800800800801,0,1.59801421942,0.959172425146,5,
760,1,3.45450081471,0.0,8.0,0.00800800800801,0,-0.683670850811,0.505513367149,5,742.0
761,1,9.00238538253,8.0,11.0,0.012012012012,0,1.18889188154,0.435709737893,5,909.0
762,1,4.47849580422,1.0,6.0,0.00900900900901,0,-0.398264356468,0.673288873627,5,420.0
763,1,4.85088462269,4.0,8.0,0.00900900900901,0,0.150687339654,-0.601177396272,5,458.0
764,1,3.01174672422,,4.0,0.00900900900901,0,-0.42112079357,-0.724890895069,5,257.0
765,1,3.67445250093,3.0,4.0,0.01001001001,1,-0.439255367576,-0.00778139634261,5,355.0
766,1,-1.08240770408,,1.0,0.00800800800801,0,-1.46988587799,-1.67275007011,5,8.0
767,1,1.13427956132,0.0,3.0,0.01001001001,0,-1.10408879429,-0.553454055813,5,431.0
768,1,4.7738046895,4.0,6.0,0.00800800800801,0,0.0975845206069,-0.518948872324,5,599.0
769,1,6.40053371103,0.0,7.0,0.00900900900901,0,0.616857336485,-0.450038298424,5,732.0
770,1,7.19240619639,6.0,10.0,0.01001001001,0,0.398461595715,0.997021409246,5,890.0
771,1,3.63212832707,,4.0,0.011011011011,0,0.128502385136,-1.75337882834,5,174.0
772,1,2.75925216218,0.0,5.0,0.00800800800801,0,-0.765097097695,0.0545434552617,5,557.0
773,1,4.23316693284,1.0,7.0,0.00800800800801,0,0.14071709365,-1.18898434811,5,690.0
774,1,4.57640743699,2.0,6.0,0.00900900900901,0,-0.220670867907,0.238420040708,5,292.0
775,1,7.91862118228,7.0,8.0,0.00900900900901,1,0.51478871146,1.3742550479,5,822.0
776,1,0.687453229848,,1.0,0.00900900900901,0,-1.13069565661,-0.920459800324,5,101.0
777,1,8.57771653613,7.0,10.0,0.01001001001,0,1.25824021042,-0.197004095134,5,856.0
778,1,7.44266242291,6.0,8.0,0.01001001001,0,0.739451921324,0.224306658939,5,910.0
779,1,5.55244684229,0.0,6.0,0.00900900900901,0,0.185719266685,-0.00471095776285,5,746.0
780,1,0.406345998248,,7.0,0.00800800800801,0,-1.31933015875,-0.635663525513,5,857.0
781,1,4.31443589565,2.0,7.0,0.00800800800801,0,-0.170719312897,-0.173406165658,5,603.0
782,1,5.82045557181,3.0,8.0,0.01001001001,0,0.105339031186,0.504438478249,5,562.0
783,1,0.166519024573,,5.0,0.011011011011,0,-1.22128742653,-1.16961869584,5,381.0
784,1,3.27012596929,2.0,8.0,0.00800800800801,0,-0.581160472619,0.0136073871517,5,769.0
785,1,2.27021562295,0.0,4.0,0.011011011011,0,-0.112794457221,-2.39140100539,5,284.0
786,0,11.1546875216,8.0,,0.00800800800801,0,1.40375669259,1.94341744383,5,
787,0,9.76595675031,8.0,,0.00800800800801,0,1.26998153443,0.956012147036,5,
788,1,7.60362623206,5.0,8.0,0.00800800800801,0,0.550814986705,0.951181271951,5,766.0
789,1,3.54755690515,3.0,4.0,0.00900900900901,1,-0.51262518375,0.0854324564029,5,476.0
790,1,2.49870770375,1.0,6.0,0.00900900900901,0,-0.600244998747,-0.700557300011,5,649.0
791,1,3.77034796059,,6.0,0.01001001001,0,-0.0600142972807,-1.04960914757,5,774.0
792,1,6.81117405802,6.0,8.0,0.00900900900901,0,0.408425181296,0.585898514128,5,372.0
793,1,4.42163309537,2.0,6.0,0.00800800800801,0,-0.552602679228,1.07944113306,5,623.0
794,1,7.11359502879,4.0,9.0,0.01001001001,0,0.822299621736,-0.353303836421,5,837.0
795,0,9.13146946858,9.0,,0.01001001001,0,0.427930242283,2.84767874174,5,
796,1,6.24590780294,6.0,7.0,0.00900900900901,1,0.516883550722,-0.304742849228,5,908.0
797,0,9.66945980447,8.0,,0.00900900900901,0,1.69381909226,-0.411997472308,5,
798,1,2.59049815578,2.0,8.0,0.01001001001,0,-0.88114054928,0.233919803616,5,735.0
799,1,2.55420086871,,3.0,0.00900900900901,0,-0.724070535668,-0.27358752428,5,128.0
800,1,4.32462150305,0.0,5.0,0.00800800800801,0,-0.185382364069,-0.119231404741,5,460.0
801,1,4.68388721877,4.0,7.0,0.00800800800801,0,-0.129450747154,0.0722394602364,5,866.0
802,1,6.41674254552,4.0,7.0,0.00800800800801,0,0.336914073473,0.406000325099,5,870.0
803,1,4.38768636015,4.0,9.0,0.00900900900901,0,-0.282395434977,0.234872665084,5,876.0
804,1,8.70362893023,8.0,9.0,0.00900900900901,1,1.07611342468,0.475288656181,5,899.0
805,1,5.05356303311,1.0,7.0,0.00800800800801,0,-0.0983452592183,0.348598810766,5,579.0
806,0,11.1882019235,10.0,,0.01001001001,0,2.28589832356,-0.669493047188,5,
807,1,6.18505190172,1.0,7.0,0.00900900900901,0,0.298384033682,0.289899800669,5,461.0
808,1,1.86620497555,,2.0,0.00900900900901,0,-1.03115048951,-0.0403435559302,5,195.0
809,1,-0.264959800303,,0.0,0.00800800800801,1,-1.68888797848,-0.19829586486,5,25.0
810,1,2.35434058938,0.0,5.0,0.00800800800801,0,-1.08023733188,0.59505258501,5,607.0
811,1,0.96338383934,,1.0,0.011011011011,0,-1.23162725134,-0.34173440663,5,64.0
812,0,8.37161999408,8.0,,0.01001001001,0,0.56826444365,1.66682666313,5,
813,0,10.8095884915,9.0,,0.00900900900901,0,1.73934127847,0.591564656041,5,
814,1,5.70167295722,5.0,6.0,0.00800800800801,1,-0.066412601435,0.900910761524,5,595.0
815,1,9.03581172023,8.0,10.0,0.011011011011,0,0.754205166756,1.77319621996,5,903.0
816,1,7.68988718969,5.0,10.0,0.011011011011,0,1.19448328845,-0.893562675661,5,788.0
817,1,7.68027714424,6.0,8.0,0.00800800800801,0,1.25950014007,-1.09822327595,5,918.0
818,1,6.26261551242,6.0,8.0,0.00800800800801,0,0.642931274481,-0.666178311023,5,879.0
819,1,0.0967161043724,0.0,3.0,0.00800800800801,0,-1.20827014954,-1.27847344701,5,342.0
820,0,9.67674531793,8.0,,0.00900900900901,0,1.75246996693,-0.580664582862,5,
821,1,-0.647049008482,,0.0,0.00900900900901,1,-1.49493485255,-1.16224445084,5,34.0
822,1,6.27273497888,6.0,8.0,0.00800800800801,0,0.168994776458,0.765750649502,5,838.0
823,1,6.22735789001,2.0,7.0,0.01001001001,0,0.213929146889,0.58557044934,5,751.0
824,1,1.35875930371,0.0,4.0,0.00800800800801,0,-0.926989719861,-0.860271536706,5,188.0
825,1,9.45058685524,9.0,11.0,0.012012012012,0,1.75342478561,-0.809687501582,5,872.0
826,1,6.18164074067,6.0,7.0,0.00800800800801,1,-0.378472486052,2.31705819882,5,731.0
827,1,-0.542475349919,,6.0,0.00800800800801,0,-1.99693875509,0.448340915337,5,364.0
828,1,5.09999007505,5.0,9.0,0.01001001001,0,-0.192568151386,0.677694529213,5,775.0
829,0,12.4213025478,8.0,,0.00800800800801,0,1.91013155321,1.69090788812,5,
830,0,7.70286747014,7.0,,0.00900900900901,0,1.43699221744,-1.60810918219,5,
831,1,7.761676897,7.0,8.0,0.00800800800801,1,1.00611248087,-0.256660545598,5,913.0
832,1,6.93098139565,6.0,7.0,0.01001001001,1,0.707609399115,-0.191846801699,5,825.0
833,0,9.49153110688,8.0,,0.00900900900901,0,1.01078435512,1.45917804152,5,
834,0,9.03631149047,7.0,,0.00800800800801,0,1.18218880639,0.489745071315,5,
835,1,6.48316199653,6.0,7.0,0.00900900900901,1,0.875923857316,-1.14460957542,5,849.0
836,1,8.47560265461,8.0,9.0,0.01001001001,1,1.3543818931,-0.587543024691,5,823.0
837,1,5.59789988185,3.0,8.0,0.00800800800801,0,0.245003608275,-0.13711094297,5,706.0
838,1,5.7329879339,5.0,12.0,0.012012012012,0,0.297952392036,-0.160869242205,5,877.0
839,0,10.0937473242,8.0,,0.00800800800801,0,1.22993495309,1.4039424649,5,
840,1,6.14018365402,3.0,7.0,0.00900900900901,0,-0.0931249158178,1.41955840147,5,521.0
841,1,6.04669123245,6.0,8.0,0.00800800800801,0,0.363060060542,-0.0424889491788,5,807.0
842,1,3.76317955748,1.0,8.0,0.00800800800801,0,-0.342398830083,-0.209623952269,5,860.0
843,0,10.1540669258,8.0,,0.00800800800801,0,1.47746304858,0.721677780047,5,
844,1,6.98823404315,5.0,7.0,0.00900900900901,0,0.844586036391,-0.545524066022,5,881.0
845,1,1.33192647357,1.0,4.0,0.00800800800801,0,-1.67626385466,1.36071803756,5,277.0
846,1,0.511256782207,0.0,2.0,0.00800800800801,0,-1.27954239526,-0.650116032002,5,181.0
847,1,5.48489801207,5.0,7.0,0.00900900900901,0,0.400103616512,-0.715412837466,5,686.0
848,1,6.37225673969,4.0,9.0,0.00900900900901,0,-0.15162362394,1.82712761151,5,795.0
849,1,6.23720623701,2.0,7.0,0.01001001001,0,-0.226123040201,1.91557535762,5,415.0
850,0,9.67692500442,8.0,,0.00800800800801,0,1.31170072791,0.741822820687,5,
851,0,13.7279922701,10.0,,0.01001001001,0,3.00337083614,-0.282120238301,5,
852,1,0.982532896128,0.0,5.0,0.00900900900901,0,-1.07567908545,-0.790429847522,5,468.0
853,1,0.470298717096,,1.0,0.00800800800801,0,-1.4583122971,-0.154764391602,5,124.0
854,1,2.51126716063,0.0,5.0,0.00800800800801,0,-0.492193779895,-1.01215149969,5,370.0
855,1,1.32087026299,0.0,3.0,0.00900900900901,0,-0.875278065702,-1.0532955399,5,408.0
856,0,8.29459174655,8.0,,0.00800800800801,0,0.480921622567,1.85182687884,5,
857,1,5.93571754378,5.0,7.0,0.00800800800801,0,0.789373889986,-1.43240412618,5,863.0
858,1,4.94820332903,4.0,8.0,0.00800800800801,0,0.225438391114,-0.728111844312,5,804.0
859,1,5.72739788753,5.0,7.0,0.00800800800801,0,0.610109688593,-1.10293117825,5,834.0
860,1,0.581744515936,,2.0,0.01001001001,0,-1.40775305629,-0.194996315197,5,53.0
861,1,4.07320410269,0.0,5.0,0.00900900900901,0,0.166710564873,-1.42692759193,5,523.0
862,1,3.34569541598,1.0,6.0,0.00900900900901,0,-0.539550811661,-0.0356521490355,5,663.0
863,1,6.06865568279,6.0,7.0,0.00800800800801,1,0.622051377875,-0.797498450835,5,507.0
864,1,1.93140022542,,5.0,0.00900900900901,0,-1.07906665925,0.168600203158,5,560.0
865,0,8.47331594885,8.0,,0.00800800800801,0,1.55154345623,-1.18131441984,5,
866,1,6.98521211094,5.0,7.0,0.00800800800801,0,-0.0557131751583,2.15235163642,5,761.0
867,1,2.75444868958,0.0,3.0,0.00800800800801,0,-0.754734380323,0.0186518305452,5,413.0
868,1,7.2633663365,7.0,8.0,0.00900900900901,1,0.773766801492,-0.05793406798,5,902.0
869,1,7.71228193906,4.0,8.0,0.00900900900901,0,0.779350291991,0.37423106309,5,612.0
870,1,7.53247808935,5.0,8.0,0.01001001001,0,0.335811530571,1.52504349764,5,668.0
871,1,5.76822283552,4.0,6.0,0.00800800800801,0,0.0838031261527,0.516813457067,5,679.0
872,1,2.56059760866,,3.0,0.00900900900901,0,-0.82916720641,0.0480992278938,5,187.0
873,1,6.63575188945,3.0,8.0,0.00900900900901,0,0.560542028207,-0.0458741951652,5,799.0
874,1,5.40719545306,1.0,8.0,0.00800800800801,0,-0.0317531504644,0.502454904455,5,702.0
875,1,8.88552491265,8.0,9.0,0.00900900900901,1,1.12783178721,0.502029551018,5,844.0
876,1,2.44165850697,1.0,5.0,0.00800800800801,0,-1.06705656201,0.642828192991,5,661.0
877,1,-5.0314031501,,0.0,0.00900900900901,1,-3.0771300499,-0.800013000411,5,10.0
878,1,4.7626624349,4.0,6.0,0.00800800800801,0,0.152466485739,-0.694737022313,5,581.0
879,0,9.90191207848,8.0,,0.00800800800801,0,1.72402180661,-0.27015334136,5,
880,1,1.23403421642,1.0,2.0,0.00900900900901,1,-1.60650962007,1.05356307662,5,108.0
881,0,9.55208889696,6.0,,0.00800800800801,0,1.88891297398,-1.11465002498,5,
882,1,4.5387593481,3.0,5.0,0.00900900900901,0,0.207606391043,-1.08405982502,5,631.0
883,1,1.28041950209,0.0,5.0,0.00800800800801,0,-0.947065883248,-0.878382848168,5,241.0
884,1,6.16621906818,6.0,8.0,0.00800800800801,0,0.55113759656,-0.487193721498,5,616.0
885,1,3.37504439292,0.0,5.0,0.00900900900901,0,-1.03837999751,1.49018438546,5,475.0
886,1,4.17273302985,,6.0,0.00800800800801,0,-0.208937270402,-0.200455158942,5,656.0
887,0,7.18137308367,7.0,,0.00900900900901,0,0.257737631852,1.40816018811,5,
888,1,3.46833088,0.0,5.0,0.00800800800801,0,-0.477555553271,-0.0990024601871,5,448.0
889,0,8.57266209789,8.0,,0.00800800800801,0,1.0952367468,0.286951857478,5,
890,1,6.42686984933,0.0,7.0,0.01001001001,0,0.271120427105,0.613508568011,5,628.0
891,1,3.93689585189,1.0,7.0,0.00800800800801,0,-0.776255789977,1.26566322182,5,495.0
892,1,8.75392467048,1.0,9.0,0.01001001001,0,1.24304638962,0.0247855016186,5,613.0
893,0,9.04303062101,7.0,,0.00900900900901,0,1.09317825755,0.763495848366,5,
894,1,5.87544609558,5.0,6.0,0.00800800800801,1,-0.0380333998723,0.989546295199,5,752.0
895,1,4.62177880621,2.0,6.0,0.00800800800801,0,-0.212331242291,0.25877253308,5,698.0
896,0,8.02464282474,7.0,,0.00800800800801,0,0.305224348048,2.10896978059,5,
897,1,5.76594831335,3.0,6.0,0.00800800800801,0,0.241282312333,0.0421013763481,5,714.0
898,0,8.14065467995,8.0,,0.00800800800801,0,0.746179839058,0.902115162776,5,
899,1,5.27059522094,5.0,7.0,0.01001001001,0,0.272639027514,-0.547321861602,5,673.0
900,1,6.06888491284,5.0,8.0,0.00800800800801,0,0.37164815045,-0.0460595385147,5,891.0
901,1,1.50610400701,1.0,2.0,0.00800800800801,1,-1.20472289804,0.120272701143,5,51.0
902,1,6.44836550659,5.0,8.0,0.00800800800801,0,1.00908708943,-1.57889576169,5,895.0
903,1,2.8714213363,0.0,3.0,0.00900900900901,0,-0.827400507039,0.353622857412,5,201.0
904,1,4.2924573842,4.0,5.0,0.00800800800801,1,-0.192892946763,-0.128863775511,5,440.0
905,1,5.09047377027,2.0,6.0,0.00800800800801,0,0.317851076589,-0.8630794595,5,490.0
906,1,6.44134777618,6.0,9.0,0.01001001001,0,0.263506946417,0.650826936933,5,802.0
907,0,16.5705506029,8.0,,0.00800800800801,0,3.71192540724,0.434774381141,5,
908,1,1.80692925168,0.0,2.0,0.00800800800801,0,-0.862464806751,-0.605676328067,5,77.0
909,0,8.26752196085,7.0,,0.00800800800801,0,1.0561494384,0.09907364564,5,
910,1,6.70178287319,5.0,7.0,0.00800800800801,0,-0.0382977421838,1.81667609974,5,513.0
911,1,4.63958103837,3.0,8.0,0.00900900900901,0,0.0120480233005,-0.396563031535,5,556.0
912,1,7.87243621376,5.0,8.0,0.00800800800801,0,0.750515772989,0.620888894798,5,786.0
913,1,-2.74436517472,,0.0,0.00800800800801,1,-2.25137551306,-0.990238635551,5,13.0
914,0,14.7397345494,8.0,,0.00800800800801,0,2.73636202318,1.53064847982,5,
915,0,9.33506290535,8.0,,0.00900900900901,0,0.863277209332,1.74523127735,5,
916,0,8.84337255129,8.0,,0.00900900900901,0,0.728058315658,1.65919760432,5,
917,1,0.450692979533,,3.0,0.00900900900901,0,-1.26758732185,-0.746545054905,5,220.0
918,1,5.6619787383,,6.0,0.00900900900901,0,0.240446983278,-0.0593622115294,5,346.0
919,1,5.35536870024,1.0,6.0,0.00800800800801,0,0.445534142105,-0.981233726075,5,678.0
920,0,8.43876096742,7.0,,0.00800800800801,0,1.1972060362,-0.152857141166,5,
921,1,1.50527508485,0.0,4.0,0.00900900900901,0,-1.33155696341,0.49994597509,5,165.0
922,1,0.219030272107,0.0,1.0,0.00800800800801,1,-1.43181612718,-0.485521346362,5,33.0
923,1,3.54754940423,3.0,6.0,0.00800800800801,0,-0.691132702957,0.620947513099,5,522.0
924,0,7.71676125821,7.0,,0.00900900900901,0,1.31528243803,-1.22908605588,5,
925,1,3.81522054734,0.0,4.0,0.00800800800801,0,-1.25100353762,2.56823116021,5,685.0
926,1,0.794201854398,,1.0,0.00800800800801,0,-1.29686569718,-0.315201054069,5,177.0
927,0,7.62956957035,7.0,,0.00800800800801,0,1.00885231505,-0.396987374785,5,
928,1,4.59730360976,0.0,5.0,0.00800800800801,0,-0.420169239895,0.857811329449,5,463.0
929,1,3.13068190624,0.0,4.0,0.00800800800801,0,-0.101407218793,-1.56509643738,5,322.0
930,0,7.74717598079,7.0,,0.00800800800801,0,0.820662668828,0.285187974305,5,
931,1,4.87156839053,4.0,5.0,0.00800800800801,1,-0.00418222454228,-0.115884935839,5,338.0
932,1,3.44692609509,3.0,7.0,0.00800800800801,0,-0.658907853328,0.423649655079,5,884.0
933,0,8.9090148494,7.0,,0.00800800800801,0,0.749425918632,1.66073709351,5,
934,0,9.06116040634,8.0,,0.00800800800801,0,1.76167296234,-1.22385848068,5,
935,0,9.56237051898,7.0,,0.00800800800801,0,1.48171743393,0.117218217185,5,
936,1,1.05573744079,0.0,5.0,0.01001001001,0,-1.37927583906,0.193564957975,5,609.0
937,1,1.85396441,,4.0,0.00900900900901,0,-0.44567786582,-1.80900199254,5,329.0
938,0,9.80316332644,8.0,,0.00800800800801,0,1.77081660552,-0.509286490104,5,
939,0,10.4953985896,8.0,,0.00800800800801,0,1.44274205765,1.16717241667,5,
940,1,2.94534255783,2.0,3.0,0.00800800800801,1,-0.476365996967,-0.625559451266,5,330.0
941,1,6.36152125708,6.0,7.0,0.00800800800801,1,0.3322672081,0.364719632784,5,904.0
942,0,7.1410044148,7.0,,0.00800800800801,0,0.864993420103,-0.45397584551,5,
943,0,9.07031487424,8.0,,0.00800800800801,0,0.994736474889,1.08610544957,5,
944,0,10.5112076713,8.0,,0.00800800800801,0,1.52469232803,0.937130687243,5,
945,0,10.5229315754,8.0,,0.00800800800801,0,1.60724134475,0.701207541121,5,
946,1,-0.49660034821,,4.0,0.00800800800801,0,-1.83048540712,-0.00514412684761,5,700.0
947,1,2.48030094944,2.0,3.0,0.00800800800801,1,-0.974499964984,0.403800844394,5,399.0
948,1,6.22820850905,6.0,7.0,0.01001001001,1,0.160008869384,0.748181900901,5,814.0
949,1,-0.758646295337,,0.0,0.00800800800801,1,-1.4126000974,-1.52084600313,5,6.0
950,1,1.57499619931,1.0,6.0,0.00800800800801,0,-1.32994732101,0.564838162328,5,712.0
951,1,5.65108098077,,7.0,0.00800800800801,0,0.894157501871,-2.03139152485,5,615.0
952,1,3.74050333618,3.0,6.0,0.00800800800801,0,-0.812121321053,1.17686729934,5,567.0
953,1,2.17776568665,1.0,4.0,0.00800800800801,0,-1.01544193045,0.224091478006,5,309.0
954,1,6.12889035375,4.0,7.0,0.00800800800801,0,0.56980061146,-0.580511480626,5,388.0
955,1,1.52589358775,1.0,2.0,0.00800800800801,1,-1.071291786,-0.260231054241,5,159.0
956,1,2.60223285479,0.0,3.0,0.00800800800801,0,-0.674800732651,-0.37336494726,5,191.0
957,1,0.916679159963,,1.0,0.00800800800801,0,-0.99079159832,-1.11094604508,5,69.0
958,1,5.39836119499,1.0,7.0,0.00800800800801,0,0.506128641194,-1.12002472859,5,588.0
959,1,5.9026976722,2.0,7.0,0.00800800800801,0,0.0771142514903,0.671354917733,5,727.0
960,1,4.86184074358,3.0,6.0,0.00800800800801,0,0.000519501911517,-0.13971776215,5,578.0
961,1,3.46073763974,3.0,5.0,0.00800800800801,0,-0.0699618619853,-1.32937677431,5,369.0
962,1,6.23967377363,6.0,8.0,0.00800800800801,0,0.542012738523,-0.386364441942,5,900.0
963,1,0.904946288777,0.0,2.0,0.00800800800801,0,-2.04905082271,2.0520987569,5,328.0
964,1,4.75976342394,3.0,8.0,0.00800800800801,0,0.268223920023,-1.04490833613,5,897.0
965,1,4.83062675684,,7.0,0.00800800800801,0,0.0691972997337,-0.37696514236,5,558.0
966,1,1.94318300389,,3.0,0.00900900900901,0,-0.422515063544,-1.78927180548,5,183.0
967,1,6.09865616431,6.0,7.0,0.00800800800801,1,0.131681217105,0.703612512992,5,767.0
968,1,5.39744630201,0.0,6.0,0.00800800800801,0,0.502004528821,-1.10856728445,5,569.0
969,1,1.98963719402,0.0,4.0,0.00800800800801,0,-1.10663711329,0.309548533885,5,531.0
970,1,2.66798893431,2.0,3.0,0.00800800800801,1,-0.547258890579,-0.690234393952,5,339.0
971,0,8.36820546458,8.0,,0.00900900900901,0,1.09647043971,0.0787941454542,5,
972,1,-1.66907777214,,0.0,0.00800800800801,1,-1.51768854092,-2.11601214939,5,68.0
973,1,1.90701568586,0.0,4.0,0.00800800800801,0,-0.64845736372,-1.14761222298,5,97.0
974,0,9.21143166924,7.0,,0.00800800800801,0,1.72300623094,-0.95758702359,5,
975,0,10.1597517267,8.0,,0.00800800800801,0,1.14159713531,1.73496032078,5,
976,1,6.23738020707,0.0,8.0,0.00800800800801,0,0.562386744349,-0.44978002598,5,843.0
977,1,2.4803616634,0.0,3.0,0.00800800800801,0,-0.888033191591,0.144461238174,5,359.0
978,1,2.57396384992,2.0,6.0,0.00800800800801,0,-0.877724331534,0.20713684452,5,484.0
979,1,-2.28634330406,,4.0,0.00800800800801,0,-2.20044355463,-0.685012640176,5,151.0
980,1,2.19202670814,2.0,3.0,0.00800800800801,1,-1.04665241128,0.331983941986,5,154.0
981,1,6.54175286893,3.0,7.0,0.00800800800801,0,0.39105482388,0.368588397291,5,711.0
982,1,2.25673231662,,3.0,0.00800800800801,0,-0.903526080864,-0.0326894407859,5,343.0
983,1,6.44358805905,4.0,7.0,0.00800800800801,0,0.751922568541,-0.812179646576,5,743.0
984,1,4.69724223436,3.0,6.0,0.00800800800801,0,0.441512109316,-1.62729409359,5,622.0
985,0,8.02472001602,8.0,,0.00800800800801,0,1.33241394289,-0.972521812637,5,
986,1,1.89417819548,1.0,2.0,0.00800800800801,1,-1.11382348636,0.235648654554,5,139.0
987,1,7.51672560251,7.0,8.0,0.00800800800801,1,1.02864896049,-0.569221278957,5,911.0
988,1,1.73739581715,0.0,2.0,0.00800800800801,0,-0.803760271514,-0.851323368302,5,246.0
989,1,5.43478896154,5.0,6.0,0.00800800800801,1,-0.412972652376,1.67370691866,5,602.0
990,1,2.17067275602,,3.0,0.00800800800801,0,-0.227571911362,-2.14661150989,5,116.0
991,1,1.11478265749,0.0,4.0,0.00800800800801,0,-0.925336881994,-1.10920669653,5,647.0
992,1,2.47657152314,2.0,6.0,0.00800800800801,0,-1.21037872781,1.10770770656,5,740.0
993,1,6.59366238931,6.0,7.0,0.00800800800801,1,0.544933177342,-0.0411371427169,5,874.0
994,1,3.50517087111,3.0,5.0,0.00800800800801,0,-0.642443326758,0.432500851379,5,534.0
995,1,4.11476062605,3.0,5.0,0.00800800800801,0,-0.272047667736,-0.0690963707458,5,254.0
996,1,4.6300863229,2.0,6.0,0.00800800800801,0,0.462240080778,-1.75663391944,5,699.0
997,1,5.86962190813,4.0,6.0,0.00800800800801,0,0.455665533854,-0.497374693432,5,852.0
998,1,4.08435803684,1.0,5.0,0.00800800800801,0,-0.708300443994,1.20925936883,5,646.0
999,1,3.07370470701,1.0,4.0,0.00800800800801,0,-0.818980342719,0.530645735167,5,457.0
