name,activated,threshold,before_activation_alters,after_activation_alters,degree,observed,var1,epsilon,constant,activation_order
0,1,7.46900767368,6.0,9.0,0.116116116116,0,0.607107549362,0.64768502559,5,66
1,1,0.35652768314,,2.0,0.106106106106,0,-1.34183429691,-0.617969426145,5,11
2,1,0.800489319895,,10.0,0.0700700700701,0,-1.22806934694,-0.51530263929,5,80
3,1,6.12411619119,3.0,68.0,0.0970970970971,0,0.142816450327,0.695666840208,5,748
4,1,0.883076522279,,7.0,0.147147147147,0,-0.853671754632,-1.55590821382,5,42
5,1,3.8003236031,0.0,4.0,0.033033033033,0,-0.314280760658,-0.256834114931,5,65
6,1,1.97887318133,,3.0,0.0660660660661,0,-0.878825687161,-0.384649757184,5,37
7,1,0.729459577355,,53.0,0.0890890890891,0,-0.932895256208,-1.47185465402,5,655
8,1,6.57294746438,,13.0,0.135135135135,0,0.573507178906,-0.147574072343,5,64
9,1,3.16629370224,2.0,8.0,0.1001001001,0,-0.906337321628,0.885305667129,5,59
10,1,7.81594963056,0.0,15.0,0.15015015015,0,1.1470889596,-0.625317248222,5,79
11,1,10.6271801105,,19.0,0.206206206206,0,1.69506015945,0.541999632187,5,63
12,1,8.63405492107,,51.0,0.129129129129,0,1.10635362463,0.314994047187,5,328
13,1,4.26458714131,,33.0,0.15015015015,0,-0.661746946949,1.24982798215,5,134
14,1,3.66255138981,3.0,29.0,0.172172172172,0,-0.195986693716,-0.749488529045,5,135
15,1,5.46495768036,2.0,31.0,0.147147147147,0,0.144770164174,0.0306471878374,5,133
16,1,9.20610084512,1.0,10.0,0.114114114114,0,0.695165229411,2.12060515689,5,61
17,1,1.51289384256,1.0,64.0,0.0860860860861,0,-1.21362428363,0.153766693439,5,672
18,1,8.55218131795,7.0,21.0,0.0840840840841,0,0.932895902049,0.753493611801,5,165
19,1,6.05769949734,,59.0,0.0930930930931,0,-0.0193463616027,1.11573858214,5,447
20,1,3.96921940102,1.0,53.0,0.0830830830831,0,-0.576681654222,0.699264363689,5,561
21,1,4.40028198751,,14.0,0.0800800800801,0,-0.16082152849,-0.117253427023,5,87
22,1,0.125411566927,,17.0,0.0850850850851,0,-1.200339221,-1.27357077008,5,109
23,1,5.20480964581,0.0,18.0,0.0890890890891,0,-0.131387405277,0.598971861642,5,146
24,1,0.984290947228,0.0,3.0,0.044044044044,0,-0.959920406265,-1.13594783398,5,85
25,1,1.84729359889,,4.0,0.049049049049,0,-0.911173820599,-0.419184939312,5,48
26,1,2.13635342574,,3.0,0.046046046046,0,-1.04764494852,0.279288271298,5,73
27,1,-0.841715205078,,8.0,0.0670670670671,0,-1.64434612262,-0.908676837229,5,44
28,1,9.90785056318,3.0,17.0,0.04004004004,0,1.2628608092,1.11926813556,5,195
29,1,7.46007800829,,15.0,0.036036036036,0,0.540314475065,0.83913458309,5,162
30,1,-3.69937903867,,0.0,0.034034034034,1,-2.56104359525,-1.01624825293,5,26
31,1,1.78417341883,1.0,14.0,0.023023023023,0,-0.689938435688,-1.14601127411,5,192
32,1,3.65723354552,,22.0,0.0870870870871,0,-0.822461764107,1.12461883784,5,145
33,1,7.24323524072,0.0,75.0,0.0810810810811,0,0.525086182056,0.667976694549,5,911
34,1,2.21858432077,,21.0,0.0770770770771,0,-1.19660419591,0.808396908513,5,251
35,1,2.7094900001,2.0,25.0,0.0810810810811,0,-0.675367320794,-0.264408037514,5,247
36,1,3.80312463222,,5.0,0.0540540540541,0,-0.821025810825,1.2662020647,5,56
37,1,4.99729138553,1.0,8.0,0.0650650650651,0,0.475726967065,-1.42988951566,5,102
38,1,5.9367873935,1.0,7.0,0.0650650650651,0,0.617832957786,-0.916711479856,5,70
39,1,6.46273415324,,28.0,0.034034034034,0,0.608617244594,-0.36311758054,5,582
40,1,2.5083538893,1.0,14.0,0.0560560560561,0,-1.21457223486,1.15207059389,5,157
41,1,4.5201626575,0.0,30.0,0.0570570570571,0,-0.674796682228,1.54455270418,5,400
42,1,3.88110559068,3.0,6.0,0.042042042042,0,-0.357012509077,-0.0478568820917,5,116
43,1,1.85178841191,,5.0,0.0620620620621,0,-0.712750678721,-1.00995955193,5,46
44,1,6.10447231716,6.0,51.0,0.0730730730731,0,0.0131399462607,1.06505247838,5,686
45,1,2.42243421341,0.0,15.0,0.0540540540541,0,-0.466878595597,-1.1769299998,5,175
46,1,8.67207866005,3.0,21.0,0.029029029029,0,0.887102594442,1.01077087672,5,673
47,1,-1.02812001839,,2.0,0.0630630630631,0,-2.1903973815,0.543072126095,5,34
48,1,7.40435788044,1.0,32.0,0.0630630630631,0,0.542063777333,0.778166548442,5,557
49,1,3.52947882351,,7.0,0.0500500500501,0,-0.169144650596,-0.9630872247,5,126
50,1,6.21976202157,,7.0,0.0540540540541,0,0.651288836929,-0.734104489214,5,76
51,1,5.56121529928,0.0,7.0,0.041041041041,0,0.34687227321,-0.479401520346,5,153
52,1,6.87895660466,3.0,25.0,0.0680680680681,0,0.820987971585,-0.5840073101,5,343
53,1,8.07082410743,3.0,16.0,0.027027027027,0,0.951694917965,0.215739353531,5,393
54,1,10.4661921941,,12.0,0.036036036036,0,2.05207625742,-0.690036578164,5,185
55,1,1.59465187725,,5.0,0.0560560560561,0,-0.929087568004,-0.618085418735,5,103
56,1,1.56086435877,1.0,14.0,0.036036036036,0,-0.847781895905,-0.895789953518,5,305
57,1,9.42100046567,,14.0,0.041041041041,0,1.10922493188,1.09332567003,5,297
58,1,3.04946945921,,22.0,0.028028028028,0,-0.986784433561,1.00982275989,5,485
59,1,3.55368613216,,7.0,0.025025025025,0,-0.630261948134,0.444471976557,5,144
60,1,9.66196836661,0.0,15.0,0.038038038038,0,1.35435424763,0.598905623727,5,291
61,1,7.42837980058,,15.0,0.037037037037,0,1.32109365455,-1.53490116309,5,170
62,1,5.83121731614,0.0,9.0,0.023023023023,0,0.537160932547,-0.780265481503,5,176
63,1,2.73073249201,2.0,3.0,0.02002002002,1,-0.681146778808,-0.225827171565,5,52
64,1,5.33253176137,1.0,8.0,0.0610610610611,0,-0.126557050773,0.712202913689,5,89
65,1,4.25436075858,2.0,5.0,0.0560560560561,0,-0.266870336937,0.054971769392,5,74
66,1,7.70034600495,6.0,22.0,0.0610610610611,0,1.05077566811,-0.451980999379,5,274
67,1,7.01333690742,1.0,12.0,0.046046046046,0,0.339196967667,0.995746004421,5,181
68,1,8.74571168198,1.0,19.0,0.026026026026,0,0.85682860227,1.17522587517,5,715
69,1,1.76066271366,0.0,17.0,0.025025025025,0,-1.09086970645,0.0332718329993,5,530
70,1,2.52954468099,,5.0,0.0540540540541,0,-0.312823953677,-1.53198345798,5,57
71,1,10.5516765652,,11.0,0.031031031031,0,1.79142516656,0.177401065484,5,240
72,1,10.1732469392,0.0,32.0,0.041041041041,0,1.35355448547,1.11258348281,5,719
73,1,6.60741746189,,15.0,0.023023023023,0,0.755982398829,-0.660529734602,5,367
74,1,10.6138851298,8.0,13.0,0.0540540540541,0,1.67606304632,0.585695990802,5,205
75,1,4.68971247966,1.0,16.0,0.031031031031,0,-0.501929278621,1.19550031552,5,490
76,1,3.45961259554,,37.0,0.041041041041,0,-0.861337518276,1.04362515037,5,884
77,1,8.80850424332,1.0,14.0,0.037037037037,0,1.14410797495,0.376180318467,5,210
78,1,6.01656897795,3.0,9.0,0.0720720720721,0,0.492507251576,-0.460952776775,5,141
79,1,4.03522612221,,14.0,0.032032032032,0,-0.821052250663,1.4983828742,5,381
80,1,10.8985660579,6.0,12.0,0.0520520520521,0,1.97959259702,-0.0402117331145,5,182
81,1,6.03300641962,4.0,7.0,0.047047047047,0,0.7465386067,-1.20660940048,5,104
82,1,6.53701632299,,20.0,0.0590590590591,0,1.01256369799,-1.50067477098,5,234
83,1,3.64082791878,,8.0,0.0560560560561,0,-0.516974475072,0.191751343995,5,163
84,1,7.64070191198,1.0,26.0,0.031031031031,0,0.359567268815,1.56200010553,5,583
85,1,4.01455360153,1.0,6.0,0.037037037037,0,-0.372689940521,0.132623423095,5,72
86,1,5.28220132952,0.0,18.0,0.031031031031,0,0.0260614616398,0.204016944599,5,507
87,1,9.59640133989,,17.0,0.048048048048,0,1.59133255862,-0.177596335973,5,215
88,1,10.5243520591,8.0,15.0,0.033033033033,0,1.5966370583,0.73444088418,5,435
89,1,7.49726525407,2.0,25.0,0.027027027027,0,0.230171206443,1.80675163474,5,776
90,1,10.2859372538,4.0,12.0,0.016016016016,0,1.88181528642,-0.359508605491,5,345
91,1,-1.26861853424,,0.0,0.022022022022,1,-2.00468250314,-0.254571024831,5,28
92,1,7.27226146575,4.0,13.0,0.022022022022,0,0.669389519185,0.264092908192,5,220
93,1,3.79979442094,3.0,23.0,0.029029029029,0,-0.605903032811,0.617503519373,5,822
94,1,4.47554257033,3.0,6.0,0.016016016016,0,-0.280011474565,0.315576994022,5,99
95,1,8.37872538871,1.0,21.0,0.021021021021,0,0.84141489847,0.854480693298,5,923
96,1,4.00175640518,4.0,15.0,0.0520520520521,0,-0.349992264221,0.0517331978448,5,292
97,1,6.16167305782,3.0,21.0,0.037037037037,0,0.219088314624,0.504408113952,5,459
98,1,3.8949270409,1.0,28.0,0.0500500500501,0,-0.871137530243,1.50833963163,5,491
99,1,5.61561314712,1.0,22.0,0.036036036036,0,-0.0318515593585,0.711167825192,5,517
100,1,6.62517865944,4.0,7.0,0.023023023023,0,0.497275449449,0.13335231109,5,184
101,1,4.46211236059,0.0,9.0,0.039039039039,0,-0.178873263865,-0.00126784781813,5,127
102,1,-0.921907150206,,17.0,0.037037037037,0,-1.68229321739,-0.875027498045,5,369
103,1,4.81674423867,4.0,5.0,0.0520520520521,1,-0.49477937513,1.30108236406,5,45
104,1,8.23168282521,0.0,18.0,0.02002002002,0,1.41468459848,-1.01237097021,5,668
105,1,4.33524026799,4.0,44.0,0.0610610610611,0,0.0284678557066,-0.750163299131,5,699
106,1,3.67064187879,2.0,6.0,0.034034034034,0,-1.00065232321,1.67259884841,5,129
107,1,6.56622681005,0.0,14.0,0.031031031031,0,0.121209393352,1.20259862999,5,326
108,1,5.4513035023,0.0,20.0,0.04004004004,0,0.148848141426,0.00475907802262,5,379
109,1,2.77029134519,0.0,6.0,0.021021021021,0,-0.304084686278,-1.31745459597,5,194
110,1,7.78734916967,1.0,11.0,0.03003003003,0,0.876590357268,0.157578097866,5,298
111,1,5.9236256455,,14.0,0.022022022022,0,0.0273312051211,0.841632030142,5,562
112,1,6.15961464558,5.0,10.0,0.034034034034,0,0.235751816051,0.452359197428,5,224
113,1,6.37181142232,,9.0,0.034034034034,0,0.85231575491,-1.18513584241,5,177
114,1,4.6795960136,1.0,12.0,0.046046046046,0,-0.239846769236,0.399136321309,5,189
115,1,5.02015646403,1.0,7.0,0.022022022022,0,-0.222936680133,0.688966504434,5,211
116,1,6.79439229039,4.0,8.0,0.022022022022,0,0.412193982311,0.557810343452,5,206
117,1,7.5161204781,,28.0,0.028028028028,0,0.173633643944,1.99521954627,5,964
118,1,14.9377558605,8.0,18.0,0.024024024024,0,2.79032056773,1.56679415732,5,705
119,1,4.23811771988,0.0,5.0,0.026026026026,0,0.0590164099327,-0.938931509914,5,110
120,1,4.6537469068,,7.0,0.041041041041,0,0.474771484795,-1.77056754758,5,114
121,1,1.61226489885,0.0,18.0,0.019019019019,0,-0.917112061507,-0.636398916625,5,905
122,1,0.673599834982,,4.0,0.032032032032,0,-1.41740598103,-0.0741822219253,5,90
123,1,10.037550534,1.0,21.0,0.028028028028,0,1.03657214637,1.92783409491,5,711
124,1,5.86457598835,0.0,13.0,0.02002002002,0,0.321775438017,-0.100750325698,5,489
125,1,7.82751350908,0.0,14.0,0.019019019019,0,1.08720291447,-0.434095234345,5,580
126,1,7.92306604416,5.0,16.0,0.017017017017,0,1.06807987626,-0.281173584627,5,902
127,1,3.67748437651,,12.0,0.018018018018,0,-0.728402761887,0.862692662172,5,408
128,1,4.6117613184,2.0,34.0,0.04004004004,0,0.0874564280404,-0.650607965722,5,803
129,1,3.37391639239,,5.0,0.043043043043,0,-0.100892538338,-1.3234059926,5,83
130,1,6.74669932629,2.0,18.0,0.038038038038,0,0.825427649431,-0.729583622004,5,511
131,1,-2.60081052166,,0.0,0.042042042042,1,-2.1434252708,-1.17053470925,5,13
132,1,10.1404281604,3.0,34.0,0.035035035035,0,1.30950963917,1.21189924288,5,871
133,1,11.3767846407,,17.0,0.026026026026,0,1.53715686561,1.76531404387,5,444
134,1,3.72577959477,0.0,9.0,0.034034034034,0,-0.284349097282,-0.421173113384,5,159
135,1,5.67495655693,,8.0,0.031031031031,0,-0.0235668140481,0.745656999076,5,216
136,1,7.77493801703,3.0,12.0,0.023023023023,0,0.655686463488,0.807878626562,5,289
137,1,6.20255901968,2.0,21.0,0.023023023023,0,0.39995708768,0.0026877566385,5,784
138,1,4.58102359508,,16.0,0.02002002002,0,-0.355731527859,0.648218178654,5,664
139,1,4.61638969857,1.0,6.0,0.017017017017,0,-0.395670096618,0.803399988426,5,128
140,1,8.49118112157,1.0,18.0,0.024024024024,0,0.910712782019,0.759042775512,5,429
141,1,2.83879553167,1.0,3.0,0.0560560560561,0,-0.742808595264,0.067221317465,5,40
142,1,7.84360814203,3.0,8.0,0.025025025025,0,0.17937904062,2.30547102017,5,179
143,1,-1.66626203162,,1.0,0.015015015015,0,-1.6639679541,-1.67435816933,5,33
144,1,10.4716711762,,26.0,0.03003003003,0,1.6353529032,0.565612466553,5,817
145,1,3.52484555786,3.0,17.0,0.038038038038,0,-0.443247196913,-0.145412851396,5,495
146,1,4.75677966354,4.0,14.0,0.022022022022,0,-0.0699244687375,-0.0334469302444,5,601
147,1,11.3362280822,7.0,18.0,0.031031031031,0,1.77128328956,1.02237821351,5,426
148,1,5.665392965,0.0,6.0,0.022022022022,0,-0.0156224763402,0.712260394016,5,219
149,1,7.12155770124,6.0,9.0,0.016016016016,0,0.605686459735,0.30449832203,5,352
150,1,5.10919035802,1.0,10.0,0.023023023023,0,0.0571542405417,-0.062272363607,5,236
151,1,4.60708728727,1.0,18.0,0.025025025025,0,0.421124982819,-1.65628766119,5,496
152,1,5.01150492961,2.0,7.0,0.02002002002,0,-0.274368364158,0.834610022087,5,233
153,1,3.23148789815,0.0,17.0,0.027027027027,0,-0.810652171227,0.663444411827,5,729
154,1,5.5519952865,3.0,10.0,0.023023023023,0,0.264451848753,-0.24136025976,5,310
155,1,12.5239575193,4.0,14.0,0.015015015015,0,3.12977458205,-1.8653662269,5,791
156,1,0.587083785856,,8.0,0.019019019019,0,-0.936300057762,-1.60401604086,5,217
157,1,7.88346575399,6.0,15.0,0.019019019019,0,0.948317826571,0.0385122742751,5,637
158,1,8.22081988766,,11.0,0.015015015015,0,0.905844074488,0.5032876642,5,361
159,1,7.77719318049,1.0,11.0,0.016016016016,0,0.993367286708,-0.202908679636,5,248
160,1,9.32766371885,,23.0,0.023023023023,0,1.24948575384,0.579206457341,5,870
161,1,4.24534012039,0.0,5.0,0.023023023023,0,0.144186634475,-1.18721978303,5,152
162,1,7.88923370347,7.0,12.0,0.014014014014,0,0.995221053358,-0.0964294566067,5,734
163,1,3.74106523863,3.0,11.0,0.026026026026,0,-0.75221070122,0.997697342293,5,430
164,1,5.51261909713,0.0,9.0,0.026026026026,0,0.518220015778,-1.04204095021,5,272
165,1,4.25675976669,,23.0,0.027027027027,0,-0.0222221475468,-0.676573790673,5,813
166,1,-2.32378861465,,3.0,0.034034034034,0,-1.86700011311,-1.72278827531,5,96
167,1,3.33084632543,0.0,4.0,0.024024024024,0,-0.754656164939,0.59481482025,5,54
168,1,5.62295452238,3.0,6.0,0.024024024024,0,0.32879558936,-0.363432245697,5,221
169,1,3.0705762091,1.0,4.0,0.032032032032,0,-0.732356410976,0.267645442026,5,105
170,1,6.6838899742,6.0,8.0,0.028028028028,0,0.181872493155,1.13827249473,5,174
171,1,6.23283416294,0.0,9.0,0.011011011011,0,0.547691515687,-0.41024038412,5,614
172,1,-0.0260280290121,,1.0,0.027027027027,0,-1.18594320663,-1.46819840912,5,29
173,1,3.05685665775,1.0,11.0,0.021021021021,0,-0.918895756989,0.813543928714,5,388
174,1,5.57133572263,0.0,10.0,0.021021021021,0,0.0352546751044,0.465571697314,5,413
175,1,5.8198507663,0.0,14.0,0.033033033033,0,0.3482858621,-0.225006820003,5,480
176,1,2.52319616154,2.0,13.0,0.031031031031,0,-1.04843135109,0.66849021482,5,349
177,1,11.9930116723,,29.0,0.044044044044,0,2.01379090439,0.951638959105,5,578
178,1,8.12160166453,2.0,24.0,0.027027027027,0,0.731603943517,0.926789833983,5,900
179,1,5.269417761,,22.0,0.022022022022,0,0.327507958672,-0.713106115015,5,959
180,1,13.7610682899,7.0,22.0,0.025025025025,0,2.6433575286,0.830995704116,5,855
181,1,11.756740335,3.0,14.0,0.017017017017,0,1.90210858377,1.05041458367,5,764
182,1,8.37501230909,,10.0,0.02002002002,0,0.9981278357,0.38062880199,5,354
183,1,7.03301989581,,15.0,0.021021021021,0,0.899886000117,-0.66663810454,5,492
184,1,1.65831201112,,3.0,0.026026026026,0,-0.820650469689,-0.879736579815,5,68
185,1,5.76754502784,4.0,7.0,0.027027027027,0,0.425066051171,-0.50765312567,5,130
186,1,3.08803736766,3.0,17.0,0.019019019019,0,-0.877415998089,0.720285361922,5,848
187,1,1.45120532502,0.0,10.0,0.032032032032,0,-1.48552157222,0.907770041673,5,155
188,1,6.88385838883,1.0,11.0,0.027027027027,0,0.420882332815,0.621211390391,5,281
189,1,5.62300892861,0.0,8.0,0.013013013013,0,0.479379326969,-0.8151290523,5,577
190,1,9.07804489513,9.0,13.0,0.021021021021,0,1.57814652331,-0.6563946748,5,463
191,1,4.75699239068,4.0,8.0,0.019019019019,0,-0.236947605271,0.467835206487,5,209
192,1,3.50319472533,1.0,4.0,0.028028028028,0,-0.336110107503,-0.488474952162,5,95
193,1,5.10444157248,2.0,6.0,0.039039039039,0,-0.0324321132428,0.201737912209,5,158
194,1,-0.114541869658,,0.0,0.017017017017,1,-1.45333797757,-0.754527936955,5,3
195,1,2.60748966578,1.0,4.0,0.015015015015,0,-1.09853206864,0.903085871706,5,71
196,1,4.82946386419,2.0,20.0,0.023023023023,0,-0.0262866581156,-0.0916761614632,5,939
197,1,8.38168908498,1.0,22.0,0.025025025025,0,1.39036635364,-0.789409975953,5,731
198,1,10.6122516555,5.0,13.0,0.017017017017,0,1.58427277688,0.85943332489,5,771
199,1,3.34005784246,3.0,14.0,0.014014014014,0,-0.326937070827,-0.679130945057,5,825
200,1,4.76612415464,4.0,13.0,0.035035035035,0,0.124107798833,-0.606199241861,5,243
201,1,8.73795109086,8.0,14.0,0.031031031031,0,1.13787632377,0.324322119542,5,411
202,1,4.25717769615,,22.0,0.041041041041,0,0.216560278128,-1.39250313823,5,479
203,1,5.75397084615,0.0,13.0,0.029029029029,0,0.299533476737,-0.14462958406,5,355
204,1,0.490994319273,,1.0,0.026026026026,0,-1.42404046369,-0.236884289652,5,32
205,1,4.24554839092,0.0,30.0,0.037037037037,0,-0.00599262826589,-0.73647372428,5,837
206,1,9.80849748701,,21.0,0.023023023023,0,1.74397801177,-0.423436548302,5,769
207,1,4.04204279748,3.0,18.0,0.025025025025,0,-0.408379489811,0.267181266913,5,632
208,1,4.29176649564,0.0,5.0,0.034034034034,0,-0.359157968162,0.369240400126,5,100
209,1,3.6536763862,,17.0,0.022022022022,0,-1.12074964638,2.01592532535,5,689
210,1,1.93634250147,0.0,6.0,0.019019019019,0,-1.038299239,0.0512402184731,5,178
211,1,2.25214630574,2.0,13.0,0.026026026026,0,-0.491995477696,-1.27186726117,5,482
212,1,7.4099034116,2.0,8.0,0.022022022022,0,0.488244281408,0.945170567379,5,250
213,1,8.37951849624,,13.0,0.032032032032,0,1.29128196621,-0.494327402384,5,266
214,1,9.10041051891,7.0,34.0,0.038038038038,0,1.20913258342,0.473012768653,5,850
215,1,1.41930134821,0.0,15.0,0.016016016016,0,-1.0739550882,-0.358833387197,5,853
216,1,2.60338630197,,10.0,0.021021021021,0,-0.722278633853,-0.229777796475,5,227
217,1,7.78078741191,3.0,8.0,0.016016016016,0,0.953962530399,-0.0811001792816,5,350
218,1,3.35853006274,3.0,12.0,0.023023023023,0,-0.560203719424,0.0391412210063,5,456
219,1,2.14957317737,1.0,12.0,0.013013013013,0,-1.27444125599,0.972896945343,5,828
220,1,3.98870007518,3.0,4.0,0.013013013013,1,-0.0339804924375,-0.909358447503,5,97
221,1,7.70467610303,6.0,12.0,0.014014014014,0,1.1786429117,-0.831252632072,5,644
222,1,7.21414616332,0.0,8.0,0.016016016016,0,0.747869169679,-0.0294613457199,5,188
223,1,7.79400137487,2.0,15.0,0.018018018018,0,1.66839584962,-2.21118617398,5,616
224,1,1.85941921084,1.0,6.0,0.027027027027,0,-0.99798409623,-0.146628500469,5,117
225,1,6.26799620491,0.0,26.0,0.029029029029,0,-0.0662160869146,1.46664446565,5,842
226,1,6.29574546896,2.0,7.0,0.02002002002,0,0.576609935945,-0.434084338877,5,225
227,1,6.3935285701,,7.0,0.018018018018,0,0.562776655574,-0.294801396618,5,267
228,1,6.48885625121,0.0,7.0,0.019019019019,0,0.11585785916,1.14128267373,5,290
229,1,5.26107770254,0.0,6.0,0.018018018018,0,0.305897969461,-0.656616205839,5,137
230,1,2.55410062944,1.0,8.0,0.015015015015,0,-0.718561862669,-0.290213782553,5,357
231,1,9.49865675617,,15.0,0.022022022022,0,1.65096625009,-0.454241994097,5,522
232,1,5.61113723545,,18.0,0.022022022022,0,0.406369409315,-0.607970992495,5,901
233,1,7.74912520909,5.0,8.0,0.017017017017,0,1.13026145276,-0.64165914918,5,286
234,1,6.73585933674,0.0,16.0,0.025025025025,0,0.655749385209,-0.231388818887,5,671
235,1,6.61201851007,0.0,9.0,0.018018018018,0,0.859678182168,-0.967016036438,5,287
236,1,3.90035953706,3.0,7.0,0.026026026026,0,-0.507623170249,0.423229047803,5,138
237,1,7.63918646142,6.0,9.0,0.016016016016,0,0.578120061014,0.904826278378,5,271
238,1,5.4578608356,5.0,18.0,0.02002002002,0,-0.0186104645512,0.51369222925,5,795
239,1,5.31861713687,3.0,8.0,0.019019019019,0,-0.0945197345751,0.602176340598,5,279
240,1,4.69735800851,4.0,7.0,0.012012012012,0,-0.124272428836,0.070175295019,5,453
241,1,2.32107043626,2.0,7.0,0.019019019019,0,-0.811394230508,-0.244746872214,5,172
242,1,6.44344490939,4.0,7.0,0.013013013013,0,0.790008676809,-0.926581121034,5,338
243,1,8.43318010491,,9.0,0.029029029029,0,0.761041716749,1.15005495466,5,359
244,1,7.17947349136,7.0,18.0,0.03003003003,0,0.948858542175,-0.667102135166,5,702
245,1,8.14039814777,6.0,13.0,0.019019019019,0,1.00591741048,0.122645916332,5,626
246,1,6.71338943618,,10.0,0.02002002002,0,0.36760188605,0.61058377803,5,254
247,1,10.6142204023,1.0,20.0,0.024024024024,0,1.40460651762,1.40040084949,5,605
248,1,5.37471944957,,6.0,0.016016016016,0,0.214763381268,-0.269570694236,5,222
249,1,6.49091993379,0.0,23.0,0.028028028028,0,0.12150225777,1.12641316048,5,773
250,1,3.25535890036,2.0,8.0,0.013013013013,0,-0.885384319607,0.911511859186,5,330
251,1,4.6118478636,3.0,8.0,0.021021021021,0,-0.0289295523446,-0.301363479365,5,383
252,1,3.70861651919,,7.0,0.015015015015,0,-0.244387658303,-0.558220505899,5,239
253,1,7.38706306231,0.0,8.0,0.02002002002,0,0.503584668918,0.876309055555,5,171
254,1,6.97084164691,,10.0,0.016016016016,0,0.235976797808,1.26291125348,5,612
255,1,8.0117516865,7.0,9.0,0.014014014014,0,1.09250688659,-0.265768973269,5,783
256,1,6.77788902209,,17.0,0.026026026026,0,0.547079451611,0.136650667252,5,484
257,1,6.63140318162,4.0,8.0,0.031031031031,0,0.295657446105,0.744430843309,5,412
258,1,12.6286670825,10.0,16.0,0.018018018018,0,2.1560009038,1.16066437112,5,898
259,1,2.7857401974,,3.0,0.025025025025,0,-0.73253449333,-0.0166563226156,5,108
260,1,5.13699125258,,12.0,0.014014014014,0,-0.113329083287,0.47697850244,5,910
261,1,2.51614766092,2.0,3.0,0.02002002002,1,-1.01539318922,0.562327228589,5,75
262,1,4.48077517383,,13.0,0.033033033033,0,-0.143922678871,-0.0874567895609,5,296
263,1,2.85672939588,,3.0,0.024024024024,0,-0.861307698805,0.440652492295,5,55
264,1,4.08904286279,1.0,9.0,0.013013013013,0,-0.535002520021,0.694050422851,5,472
265,1,7.66798063547,4.0,25.0,0.027027027027,0,0.924324208128,-0.10499198891,5,877
266,1,2.31645327613,0.0,11.0,0.019019019019,0,-0.697957779275,-0.589673386049,5,465
267,1,8.12033959811,,10.0,0.019019019019,0,0.944056133227,0.288171198425,5,406
268,1,6.23431319709,0.0,7.0,0.016016016016,0,0.0240586053085,1.16213738116,5,190
269,1,7.12180497394,5.0,8.0,0.023023023023,0,0.663051602051,0.132650167786,5,295
270,1,6.16194400762,0.0,7.0,0.017017017017,0,0.703624251887,-0.948928748041,5,183
271,1,3.56251915649,1.0,20.0,0.021021021021,0,0.36725991136,-2.53926057759,5,960
272,1,6.51376875735,1.0,15.0,0.02002002002,0,1.02441789758,-1.5594849354,5,745
273,1,3.77217387269,2.0,8.0,0.015015015015,0,-0.102884450817,-0.919172774857,5,531
274,1,2.35621800353,2.0,3.0,0.021021021021,1,-0.521045633468,-1.08064509606,5,77
275,1,6.06893967788,2.0,7.0,0.022022022022,0,0.602659575269,-0.739039047931,5,340
276,1,-1.70431306074,,0.0,0.019019019019,1,-2.17643076629,-0.175020761866,5,10
277,1,7.69369751267,1.0,8.0,0.016016016016,0,0.667558363605,0.691022421857,5,478
278,1,2.13504896571,0.0,17.0,0.017017017017,0,-1.01765910868,0.188026291745,5,861
279,1,1.14500405282,0.0,12.0,0.019019019019,0,-1.31423686385,0.0877146443834,5,658
280,1,8.45054776649,0.0,9.0,0.023023023023,0,1.08007178724,0.210332404774,5,317
281,1,6.98828094175,,9.0,0.015015015015,0,0.44743646567,0.645971544742,5,229
282,1,9.4032392982,7.0,12.0,0.017017017017,0,1.83927470619,-1.11458482038,5,581
283,1,2.66871736663,1.0,5.0,0.013013013013,0,-0.518669245416,-0.775274897128,5,223
284,1,7.21963439381,1.0,13.0,0.013013013013,0,0.526230225123,0.640943718443,5,915
285,1,12.230560743,0.0,15.0,0.017017017017,0,2.00319094664,1.22098790307,5,662
286,1,-0.21692568427,,5.0,0.013013013013,0,-2.03557018187,0.889784861332,5,199
287,1,4.95184064042,2.0,8.0,0.014014014014,0,-0.191086622381,0.525100507568,5,405
288,1,0.817812422483,,1.0,0.033033033033,0,-0.921980003848,-1.41624756597,5,15
289,1,5.52402277692,,7.0,0.015015015015,0,-0.056080565802,0.692264474331,5,154
290,1,9.15103440942,6.0,10.0,0.015015015015,0,0.97947588633,1.21260675043,5,441
291,1,4.40929369967,2.0,8.0,0.018018018018,0,-0.0665158086676,-0.391158874324,5,180
292,1,1.98229080715,1.0,2.0,0.017017017017,1,-0.559002819532,-1.34070073425,5,78
293,1,2.31785943742,0.0,14.0,0.025025025025,0,-0.626009445001,-0.804112227577,5,473
294,1,5.23317151364,2.0,8.0,0.02002002002,0,-0.173091419613,0.752445772476,5,262
295,1,9.61084988309,0.0,16.0,0.019019019019,0,2.08270493212,-1.63726491328,5,756
296,1,3.68908885518,1.0,5.0,0.019019019019,0,-0.448947449591,0.0359312039526,5,148
297,1,3.95275848325,1.0,8.0,0.022022022022,0,-0.0830762635153,-0.798012726203,5,151
298,1,8.23228414868,2.0,14.0,0.016016016016,0,1.63272212281,-1.66588221976,5,816
299,1,3.29367204292,,11.0,0.016016016016,0,-0.159962294481,-1.22644107364,5,665
300,1,-1.56972152856,,4.0,0.018018018018,0,-2.3802874182,0.571140726032,5,53
301,1,4.52952283076,0.0,7.0,0.016016016016,0,-0.187810390317,0.0929540017098,5,329
302,1,6.14613692958,4.0,7.0,0.015015015015,0,0.538484611366,-0.469316904518,5,452
303,1,6.82075813815,5.0,17.0,0.019019019019,0,0.804599314922,-0.593039806617,5,804
304,1,8.01034710223,7.0,16.0,0.021021021021,0,0.727404876719,0.828132472078,5,868
305,1,7.79063240009,6.0,14.0,0.021021021021,0,1.22972633597,-0.898546607826,5,427
306,1,5.78131912943,,12.0,0.016016016016,0,0.470038523343,-0.628796440594,5,592
307,1,6.08504745947,3.0,9.0,0.02002002002,0,0.505270870845,-0.430765153064,5,147
308,1,2.53750215319,0.0,7.0,0.02002002002,0,-0.287229834098,-1.60080834452,5,311
309,1,6.01324107198,0.0,10.0,0.015015015015,0,0.10552272609,0.69667289371,5,631
310,1,5.49981188568,3.0,10.0,0.016016016016,0,0.0100374507541,0.469699533417,5,618
311,1,9.90650910446,3.0,12.0,0.019019019019,0,1.41246605332,0.669110944514,5,437
312,1,2.42346872511,1.0,6.0,0.013013013013,0,-0.85248105447,-0.0190881114757,5,320
313,1,4.48570002513,0.0,10.0,0.017017017017,0,-0.120487853165,-0.15283641538,5,569
314,1,6.68132951538,1.0,9.0,0.022022022022,0,0.681637026146,-0.363581563059,5,334
315,1,3.03361127483,2.0,8.0,0.012012012012,0,-0.624770998024,-0.0920757310945,5,423
316,1,3.62057117015,,9.0,0.016016016016,0,-0.15264708498,-0.921487574907,5,363
317,1,9.55437087568,7.0,18.0,0.021021021021,0,1.81374951136,-0.886877658405,5,751
318,1,1.26932419547,,7.0,0.013013013013,0,-1.25085634425,0.0218932282364,5,500
319,1,7.08803628136,,12.0,0.017017017017,0,0.453801781226,0.726630937682,5,403
320,1,4.13341302077,2.0,9.0,0.016016016016,0,0.103128840987,-1.17597350219,5,364
321,1,3.00191602352,1.0,9.0,0.02002002002,0,-0.419221317381,-0.740420024336,5,273
322,1,1.53971539691,,14.0,0.015015015015,0,-0.936077733108,-0.652051403764,5,892
323,1,9.24354888723,0.0,17.0,0.022022022022,0,1.71354772345,-0.897094283132,5,766
324,1,9.93109205692,1.0,15.0,0.016016016016,0,0.978979239072,1.99415433971,5,858
325,1,5.70481723301,4.0,10.0,0.012012012012,0,0.973039601167,-2.21430157049,5,503
326,1,9.71342038677,9.0,12.0,0.019019019019,0,1.38803926931,0.549302578842,5,808
327,1,2.44033785472,,14.0,0.016016016016,0,-0.681728536044,-0.514476537153,5,735
328,1,5.33476448832,0.0,12.0,0.02002002002,0,0.250411960959,-0.416471394556,5,333
329,1,7.07464236411,2.0,18.0,0.021021021021,0,0.60818343446,0.250092060727,5,832
330,1,0.0960124780966,0.0,1.0,0.015015015015,1,-1.74515066043,0.331464459379,5,41
331,1,7.29871245315,,19.0,0.024024024024,0,0.496690949625,0.80863960427,5,695
332,1,2.84138187937,2.0,6.0,0.022022022022,0,-0.620147181422,-0.298176576367,5,142
333,1,9.11718514644,,10.0,0.021021021021,0,1.5931040924,-0.662127130763,5,269
334,1,4.56144677604,3.0,15.0,0.026026026026,0,-0.338603194007,0.577256358065,5,493
335,1,5.66906303437,1.0,17.0,0.018018018018,0,0.214416030154,0.0258149439123,5,893
336,1,5.04286921669,5.0,6.0,0.014014014014,1,-0.147618400827,0.485724419167,5,161
337,1,5.54268688957,3.0,10.0,0.018018018018,0,0.219157223898,-0.114784782119,5,339
338,1,7.65975608582,0.0,12.0,0.016016016016,0,1.12334434549,-0.710276950649,5,714
339,1,8.04585964789,3.0,10.0,0.013013013013,0,0.738230719831,0.831167488398,5,687
340,1,8.0131988749,0.0,9.0,0.018018018018,0,0.9186612119,0.2572152392,5,510
341,1,6.59244969233,4.0,9.0,0.014014014014,0,0.696821369098,-0.498014414959,5,683
342,1,4.59882419323,1.0,7.0,0.015015015015,0,-0.0908518638371,-0.128620215257,5,268
343,1,10.2161397295,10.0,13.0,0.016016016016,0,1.45583318725,0.848640167745,5,710
344,1,1.54966620081,,16.0,0.021021021021,0,-0.81421728835,-1.00768193414,5,596
345,1,1.93634045248,1.0,2.0,0.016016016016,1,-0.844398691925,-0.530463471745,5,86
346,1,7.54068737909,2.0,11.0,0.016016016016,0,0.334170381314,1.53817623515,5,559
347,1,10.465349929,3.0,12.0,0.015015015015,0,1.97899703863,-0.471641186919,5,443
348,1,5.88286785401,5.0,11.0,0.011011011011,0,0.705848104076,-1.23467645822,5,797
349,1,5.94490786883,2.0,7.0,0.01001001001,0,0.404775573994,-0.269418853152,5,516
350,1,7.79054351407,1.0,11.0,0.012012012012,0,0.44481395293,1.45610165528,5,886
351,1,4.91138805361,1.0,10.0,0.013013013013,0,0.401493557643,-1.29309261932,5,252
352,1,5.48612550347,1.0,6.0,0.015015015015,0,0.127670328799,0.103114517068,5,421
353,1,7.34050162369,2.0,10.0,0.019019019019,0,0.943571434606,-0.490212680131,5,534
354,1,2.30998935263,0.0,5.0,0.016016016016,0,-0.788854251624,-0.323447892499,5,278
355,1,3.2722949097,,4.0,0.014014014014,0,-0.214710687759,-1.08357302703,5,202
356,1,7.42604268179,3.0,8.0,0.021021021021,0,0.771996475013,0.110053256747,5,418
357,1,0.87950100163,0.0,13.0,0.015015015015,0,-1.56639140704,0.57867522276,5,750
358,1,5.65010591994,0.0,8.0,0.02002002002,0,-0.0975386559221,0.942721887702,5,432
359,1,2.79444440371,1.0,4.0,0.017017017017,0,-0.959318154328,0.672398866691,5,140
360,1,8.60798541508,8.0,10.0,0.01001001001,0,0.94225280085,0.781227012524,5,894
361,1,7.15868107664,0.0,10.0,0.012012012012,0,0.20857609935,1.53295277859,5,754
362,1,5.16789819425,5.0,8.0,0.017017017017,0,0.539019592085,-1.44916058201,5,442
363,1,3.55843864262,,19.0,0.02002002002,0,-0.406913203046,-0.220821748244,5,919
364,1,4.30845734297,4.0,9.0,0.017017017017,0,0.135063778776,-1.09673399336,5,538
365,1,3.3125970579,3.0,7.0,0.017017017017,0,-0.491375580175,-0.213276201572,5,115
366,1,-1.46900811832,,11.0,0.017017017017,0,-2.01777540684,-0.415681897796,5,568
367,1,9.64571098911,9.0,13.0,0.019019019019,0,1.54914988038,-0.001738652018,5,785
368,1,7.72525985951,1.0,12.0,0.015015015015,0,1.24567515766,-1.01176561348,5,546
369,1,5.22307135042,2.0,15.0,0.02002002002,0,0.0678430676969,0.0195421473251,5,476
370,1,5.50863188606,0.0,9.0,0.017017017017,0,0.151964699398,0.0527377878657,5,461
371,1,5.50613279498,3.0,6.0,0.02002002002,0,0.266285908151,-0.292724929471,5,120
372,1,2.83297893919,2.0,5.0,0.013013013013,0,-0.347567883286,-1.12431741095,5,258
373,1,3.84947252364,1.0,12.0,0.017017017017,0,-0.812326065002,1.28645071865,5,661
374,1,3.43392604934,1.0,13.0,0.016016016016,0,-0.948675569231,1.27995275703,5,789
375,1,3.58721256244,,12.0,0.014014014014,0,-0.381139180773,-0.269369895236,5,889
376,1,6.00832706502,5.0,10.0,0.018018018018,0,0.488636015174,-0.457580980504,5,214
377,1,5.77422954819,2.0,9.0,0.014014014014,0,0.0921787242066,0.497693375567,5,396
378,1,8.8533983589,1.0,11.0,0.02002002002,0,0.872569412649,1.23569012095,5,527
379,1,8.11457737325,0.0,9.0,0.012012012012,0,0.594481852508,1.33113181573,5,811
380,1,7.17945751264,5.0,10.0,0.015015015015,0,0.772209734014,-0.137171689407,5,725
381,1,5.09263085673,2.0,6.0,0.019019019019,0,0.56347606737,-1.59779734538,5,394
382,1,6.66840426175,5.0,7.0,0.012012012012,0,0.0481182803028,1.52404942085,5,623
383,1,3.93521421058,3.0,5.0,0.012012012012,0,-0.225868766345,-0.387179490385,5,124
384,1,2.91196224349,1.0,6.0,0.014014014014,0,-0.944832550684,0.746459895546,5,228
385,1,3.07788065458,,4.0,0.012012012012,0,-0.478198196262,-0.48752475664,5,84
386,1,7.5236249235,7.0,11.0,0.023023023023,0,0.838109682028,0.00929587741302,5,420
387,1,4.90850152585,0.0,5.0,0.017017017017,0,-0.0136717756019,-0.0504831473438,5,264
388,1,5.62651304989,0.0,10.0,0.024024024024,0,0.334089222015,-0.37575461615,5,322
389,1,5.97952979541,,18.0,0.022022022022,0,0.674160871865,-1.04295282019,5,796
390,1,6.72591396754,4.0,14.0,0.018018018018,0,0.559159556641,0.0484352976124,5,609
391,1,2.56833376891,,7.0,0.016016016016,0,-1.20319676783,1.1779240724,5,409
392,1,6.94555348351,1.0,7.0,0.012012012012,0,0.428183478272,0.6610030487,5,474
393,1,4.11189793932,2.0,9.0,0.013013013013,0,0.0349185707527,-0.992857772941,5,549
394,1,8.65253621728,6.0,12.0,0.015015015015,0,0.88384265496,1.0010082524,5,782
395,1,7.49818218183,,10.0,0.015015015015,0,0.994079997218,-0.484057809825,5,653
396,1,7.68552457819,2.0,15.0,0.018018018018,0,0.328039761913,1.70140529245,5,685
397,1,2.79293925369,1.0,11.0,0.016016016016,0,-0.365716887896,-1.10991008262,5,455
398,1,12.0754050836,7.0,15.0,0.017017017017,0,2.1584889026,0.599938375787,5,812
399,1,5.77289518063,5.0,8.0,0.015015015015,0,0.236265649923,0.0640982308642,5,518
400,1,7.15856890262,7.0,14.0,0.018018018018,0,0.743140081944,-0.0708513432126,5,755
401,1,3.45923632248,2.0,13.0,0.014014014014,0,-0.379119155399,-0.403406211319,5,793
402,1,9.92989869429,,14.0,0.019019019019,0,1.60951624176,0.101349968993,5,777
403,1,5.69286962886,,12.0,0.017017017017,0,0.469853313369,-0.716690311242,5,610
404,1,6.81175145706,0.0,8.0,0.014014014014,0,0.347810949236,0.768318609353,5,700
405,1,6.94224762827,2.0,10.0,0.018018018018,0,0.806738873821,-0.477968993196,5,389
406,1,0.240137758068,0.0,9.0,0.017017017017,0,-1.57627913123,-0.0310248482426,5,440
407,1,7.10958611456,5.0,17.0,0.017017017017,0,1.05123377091,-1.04411519817,5,862
408,1,0.570291059267,0.0,12.0,0.017017017017,0,-1.42639274283,-0.150530712258,5,600
409,1,2.46766680638,0.0,4.0,0.014014014014,0,-0.895307428198,0.153589090973,5,112
410,1,5.6321451574,3.0,8.0,0.013013013013,0,0.196159069037,0.0436679502886,5,460
411,1,9.13168810727,1.0,12.0,0.013013013013,0,1.08214240718,0.885260885732,5,794
412,1,9.08407574984,8.0,11.0,0.014014014014,0,1.19666958674,0.494066989605,5,788
413,1,3.25615673084,1.0,11.0,0.014014014014,0,-0.765740454425,0.553378094113,5,528
414,1,7.43396859405,,11.0,0.018018018018,0,0.63094077525,0.541146268298,5,402
415,1,7.29997285334,4.0,11.0,0.012012012012,0,0.363953528463,1.20811226795,5,749
416,1,7.57796566433,2.0,8.0,0.02002002002,0,1.12026534857,-0.782830381367,5,325
417,1,3.42500694771,1.0,5.0,0.019019019019,0,-0.61593029006,0.272797817893,5,93
418,1,10.2157508838,7.0,12.0,0.012012012012,0,2.11699374652,-1.13523035575,5,824
419,1,9.6199458284,9.0,13.0,0.015015015015,0,1.6290886256,-0.267320048401,5,865
420,1,-0.385326173451,,0.0,0.016016016016,1,-1.8505272159,0.16625547425,5,18
421,1,6.32374607464,5.0,9.0,0.013013013013,0,0.374340307419,0.200725152385,5,498
422,1,5.58982658879,4.0,7.0,0.013013013013,0,0.854622213336,-1.97404005122,5,513
423,1,8.24667611858,5.0,10.0,0.015015015015,0,0.99935620189,0.24860751291,5,727
424,1,10.9057716717,10.0,13.0,0.016016016016,0,1.66331573233,0.915824474697,5,921
425,1,1.42860067861,,2.0,0.017017017017,0,-1.22950147226,0.117105095387,5,47
426,1,10.2402509247,7.0,13.0,0.014014014014,0,1.73499751253,0.0352583870747,5,887
427,1,4.91054252626,2.0,12.0,0.016016016016,0,0.247593405073,-0.832237688964,5,566
428,1,3.57956143325,2.0,4.0,0.012012012012,0,-0.410392248155,-0.189261822288,5,186
429,1,10.1782120661,5.0,12.0,0.013013013013,0,1.53405846265,0.576036678149,5,930
430,1,8.34789638751,0.0,11.0,0.016016016016,0,1.25723620694,-0.423812233327,5,698
431,1,8.15060908142,7.0,11.0,0.015015015015,0,0.99539428655,0.16442622177,5,724
432,1,2.23664177634,,8.0,0.015015015015,0,-0.835078428497,-0.258122938175,5,446
433,1,0.9779442171,0.0,10.0,0.018018018018,0,-1.18874399128,-0.455823809047,5,537
434,1,0.816890235425,0.0,2.0,0.015015015015,0,-1.0351724624,-1.07759237739,5,92
435,1,3.19557216215,2.0,15.0,0.023023023023,0,-0.321985434657,-0.838471533875,5,656
436,1,8.56549023644,1.0,10.0,0.014014014014,0,1.51687821497,-0.985144408469,5,891
437,1,-0.67329875906,,9.0,0.013013013013,0,-1.6237165375,-0.802149146552,5,544
438,1,8.47026456773,0.0,9.0,0.017017017017,0,1.14053527743,0.0486587354415,5,454
439,1,0.351566826277,,2.0,0.018018018018,0,-1.75969239951,0.630644024803,5,62
440,1,4.76005104067,1.0,13.0,0.014014014014,0,-0.534170317714,1.36256199381,5,872
441,1,4.47241167405,1.0,7.0,0.012012012012,0,-0.362879098155,0.561048968512,5,203
442,1,4.25961693337,,9.0,0.013013013013,0,0.136069869002,-1.14859267364,5,398
443,1,5.97907857063,3.0,7.0,0.013013013013,0,-0.351795479674,2.03446500965,5,567
444,1,6.49711837489,2.0,8.0,0.012012012012,0,0.72810185458,-0.68718718885,5,642
445,1,9.86138687855,9.0,10.0,0.011011011011,1,1.56656465003,0.161692928466,5,823
446,1,5.96322249706,2.0,7.0,0.014014014014,0,0.397838495935,-0.230292990745,5,200
447,1,8.33622515917,2.0,10.0,0.011011011011,0,1.23436820134,-0.366879444847,5,608
448,1,2.73545069361,,7.0,0.016016016016,0,-0.589477954714,-0.496115442244,5,245
449,1,6.76601775347,2.0,10.0,0.017017017017,0,0.837838978528,-0.747499182119,5,309
450,1,5.53078426884,,11.0,0.021021021021,0,-0.0443326795534,0.663782307499,5,502
451,1,8.09874210429,0.0,11.0,0.015015015015,0,0.868580622825,0.493000235814,5,604
452,1,7.40057846909,0.0,8.0,0.013013013013,0,1.01179635573,-0.634810598101,5,425
453,1,7.03620907134,5.0,8.0,0.013013013013,0,0.610950370468,0.20335795994,5,551
454,1,7.2734275668,5.0,8.0,0.013013013013,0,0.560913291756,0.590687691528,5,726
455,1,2.12008796206,,5.0,0.016016016016,0,-0.561536252956,-1.19530327907,5,218
456,1,-2.89606838231,,0.0,0.018018018018,1,-2.67251442002,0.121474877742,5,19
457,1,2.36140261684,0.0,5.0,0.017017017017,0,-0.904451541899,0.0747572425399,5,118
458,1,10.0321701425,10.0,12.0,0.012012012012,0,2.08656886765,-1.22753646042,5,957
459,1,6.67456002433,0.0,7.0,0.013013013013,0,0.424214489702,0.401916555226,5,256
460,1,9.96628636612,8.0,11.0,0.012012012012,0,1.61223997538,0.129566439988,5,757
461,1,4.88417397619,1.0,10.0,0.014014014014,0,0.222951576938,-0.784680754629,5,348
462,1,-0.081470843249,,0.0,0.01001001001,1,-1.75814021543,0.192949803048,5,5
463,1,5.82348340714,2.0,7.0,0.016016016016,0,0.300749368235,-0.0787646975662,5,187
464,1,4.33179334635,3.0,10.0,0.015015015015,0,-0.560895969721,1.01448125552,5,458
465,1,3.87637281159,,7.0,0.021021021021,0,-0.307923178882,-0.199857651765,5,313
466,1,8.9532331872,3.0,11.0,0.013013013013,0,0.947374840715,1.11110866505,5,779
467,1,1.75813101506,0.0,7.0,0.011011011011,0,-1.43592727802,1.06591284912,5,368
468,1,4.73872982693,1.0,10.0,0.016016016016,0,0.0709189776146,-0.474027105917,5,721
469,1,6.79336157671,,8.0,0.019019019019,0,0.430745598102,0.501124782401,5,332
470,1,2.08105610389,1.0,4.0,0.018018018018,0,-1.33647457729,1.09047983576,5,111
471,1,-0.319887865852,,3.0,0.013013013013,0,-1.9592079679,0.557736037849,5,132
472,1,4.2580074604,0.0,7.0,0.013013013013,0,-0.500832357558,0.76050453308,5,589
473,1,0.883232103514,,2.0,0.016016016016,0,-1.26480777168,-0.322344581438,5,106
474,1,4.92353338052,4.0,9.0,0.016016016016,0,-0.228299925865,0.608433158117,5,428
475,1,-2.15650051895,,1.0,0.016016016016,0,-2.36034843978,-0.0754551996138,5,20
476,1,10.1797260825,4.0,14.0,0.014014014014,0,1.43254362077,0.882095220244,5,896
477,1,3.67577440329,1.0,8.0,0.014014014014,0,-0.417529958116,-0.0716357223561,5,575
478,1,2.09545095296,1.0,3.0,0.019019019019,0,-0.866433499262,-0.305248549252,5,122
479,1,8.17319866924,7.0,10.0,0.01001001001,0,0.914809160536,0.428771187628,5,875
480,1,2.67698799712,0.0,3.0,0.014014014014,0,-0.54959861629,-0.674216154007,5,164
481,1,3.00799215816,,4.0,0.021021021021,0,-0.291371941886,-1.11789201618,5,139
482,1,4.48273811497,,11.0,0.013013013013,0,-0.204937709282,0.0975512428164,5,552
483,1,3.51992680936,1.0,12.0,0.013013013013,0,-0.436123729252,-0.171702002884,5,792
484,1,2.4493005613,,13.0,0.013013013013,0,-0.705230545932,-0.435007800906,5,579
485,1,9.54310605126,,15.0,0.015015015015,0,1.99751749867,-1.44944644474,5,948
486,1,3.9092361839,1.0,6.0,0.017017017017,0,-0.818532421777,1.36483344923,5,308
487,1,-1.26340682467,,7.0,0.015015015015,0,-1.98307540875,-0.314180598415,5,226
488,1,0.794951363813,0.0,7.0,0.012012012012,0,-2.24362604397,2.52582949572,5,597
489,1,3.96877817605,,5.0,0.012012012012,0,-0.332676935536,-0.0331910173446,5,321
490,1,9.24679357105,5.0,11.0,0.017017017017,0,1.22214288765,0.580364908107,5,540
491,1,2.18073277364,1.0,7.0,0.011011011011,0,-0.887612047635,-0.156431083456,5,633
492,1,1.02544643481,0.0,10.0,0.015015015015,0,-1.07517617279,-0.74902504681,5,607
493,1,-3.00571533774,,3.0,0.011011011011,0,-2.4328155832,-0.707268588147,5,327
494,1,6.70254093269,4.0,8.0,0.015015015015,0,0.391595483473,0.527754482272,5,488
495,1,10.0521336235,9.0,14.0,0.014014014014,0,1.25323183054,1.29243813185,5,975
496,1,4.04493476948,4.0,6.0,0.019019019019,0,-0.45198492264,0.400889537394,5,375
497,1,2.7787297635,2.0,9.0,0.014014014014,0,-0.433548948092,-0.920623392225,5,565
498,1,3.90636417299,0.0,4.0,0.012012012012,0,0.176308470915,-1.62256123975,5,160
499,1,7.08900052476,4.0,10.0,0.013013013013,0,0.530830125656,0.496510147789,5,716
500,1,3.89960867297,1.0,8.0,0.015015015015,0,-0.201455943666,-0.496023496027,5,384
501,1,7.23494972559,,10.0,0.017017017017,0,0.928036452608,-0.549159632237,5,547
502,1,7.80688572272,1.0,13.0,0.018018018018,0,0.375313628676,1.68094483669,5,688
503,1,6.70204637815,5.0,14.0,0.014014014014,0,0.581223774536,-0.0416249454569,5,895
504,1,7.45491901592,6.0,14.0,0.014014014014,0,0.727595334088,0.272133013653,5,874
505,1,7.20888716299,2.0,11.0,0.013013013013,0,0.559141764144,0.531461870556,5,738
506,1,4.75417736568,4.0,12.0,0.015015015015,0,-0.0215298119343,-0.181233198521,5,629
507,1,3.68105077846,2.0,4.0,0.018018018018,0,-0.497279076023,0.172888006528,5,67
508,1,4.19848607663,2.0,6.0,0.013013013013,0,0.165654778875,-1.29847826,5,101
509,1,3.49776082487,2.0,7.0,0.018018018018,0,-0.476363233849,-0.0731494735851,5,312
510,1,6.84671750792,,8.0,0.013013013013,0,0.368712846609,0.740578968087,5,410
511,1,4.2500364334,3.0,9.0,0.01001001001,0,-0.438841926755,0.566562213664,5,515
512,1,5.87096362531,3.0,6.0,0.014014014014,0,0.299769692069,-0.0283454508995,5,246
513,1,2.93526729559,2.0,10.0,0.016016016016,0,-1.04353369285,1.06586837413,5,471
514,1,3.61691461863,0.0,7.0,0.016016016016,0,-0.147062968286,-0.941896476512,5,303
515,1,6.57806986206,0.0,8.0,0.016016016016,0,0.0541220962185,1.41570357341,5,613
516,1,10.605835084,4.0,12.0,0.016016016016,0,1.74729541676,0.363948833712,5,635
517,1,3.99368798174,1.0,8.0,0.015015015015,0,-0.431324975287,0.287662907602,5,558
518,1,1.97271184298,1.0,2.0,0.013013013013,1,-1.35918132378,1.0502558143,5,98
519,1,4.94444031943,2.0,6.0,0.011011011011,0,0.339947194193,-1.07540126315,5,445
520,1,7.78866647921,0.0,11.0,0.016016016016,0,1.22842153965,-0.896598139736,5,576
521,1,6.01400455286,0.0,9.0,0.014014014014,0,0.0367388986498,0.90378785691,5,304
522,1,9.29448323547,0.0,15.0,0.016016016016,0,1.14410664768,0.862163292442,5,866
523,1,9.91661931377,9.0,12.0,0.014014014014,0,1.34184785997,0.891075733861,5,709
524,1,10.8911731395,10.0,12.0,0.013013013013,0,1.51464609604,1.34723485141,5,854
525,1,4.16374310786,3.0,5.0,0.013013013013,0,-0.350484716452,0.215197257215,5,156
526,1,5.15564860331,2.0,13.0,0.014014014014,0,-0.0480099771835,0.29967853486,5,814
527,1,3.69398003294,3.0,4.0,0.011011011011,1,-0.454001782324,0.0559853799094,5,358
528,1,6.59304986684,6.0,8.0,0.011011011011,0,0.738994069953,-0.623932343015,5,372
529,1,4.31759353258,,5.0,0.013013013013,0,-0.0608649327362,-0.499811669214,5,168
530,1,4.5462214185,4.0,6.0,0.011011011011,0,-0.272031348428,0.362315463788,5,448
531,1,3.54987229896,0.0,4.0,0.014014014014,0,-0.0656948589835,-1.25304312409,5,261
532,1,4.85435747658,4.0,10.0,0.012012012012,0,0.360680573031,-1.22768424251,5,669
533,1,1.9421653956,0.0,4.0,0.014014014014,0,-1.08847002053,0.207575457201,5,342
534,1,3.95439414484,3.0,10.0,0.012012012012,0,-0.811908595408,1.39011993106,5,844
535,1,6.18728555328,1.0,10.0,0.011011011011,0,0.566171859823,-0.511230026189,5,831
536,1,6.94071431887,6.0,12.0,0.012012012012,0,0.597797317134,0.147322367473,5,744
537,1,9.85456256919,2.0,13.0,0.017017017017,0,1.56329158057,0.164687827488,5,647
538,1,1.2087151659,,6.0,0.014014014014,0,-0.935098911899,-0.985988098401,5,481
539,1,3.60959516174,0.0,5.0,0.011011011011,0,-0.441153733363,-0.0669436381711,5,198
540,1,5.97341278431,5.0,6.0,0.015015015015,1,0.123995985103,0.601424828999,5,316
541,0,12.2544940101,11.0,,0.011011011011,0,2.10115385224,0.951032453363,5,953
542,1,5.43996682754,,6.0,0.013013013013,0,0.187684258496,-0.123085947951,5,386
543,1,9.33672265437,2.0,10.0,0.013013013013,0,1.19477925026,0.752384903589,5,606
544,1,2.62481797886,1.0,9.0,0.011011011011,0,-0.962151196836,0.511271569365,5,819
545,1,6.32055509657,4.0,9.0,0.013013013013,0,0.525738684065,-0.256660955619,5,560
546,1,4.9347969079,0.0,13.0,0.013013013013,0,0.231570725092,-0.759915267371,5,897
547,1,5.24624631178,0.0,8.0,0.012012012012,0,-0.030997847609,0.339239854608,5,684
548,1,0.606099202504,0.0,7.0,0.012012012012,0,-1.31431188591,-0.450965139766,5,373
549,1,6.17999456099,0.0,10.0,0.011011011011,0,0.70424794986,-0.932749288587,5,926
550,1,3.35533394647,2.0,4.0,0.01001001001,0,-0.282835910364,-0.796158322439,5,314
551,1,10.4588472993,9.0,12.0,0.013013013013,0,1.77401730993,0.136795369514,5,772
552,1,1.52379945656,0.0,10.0,0.015015015015,0,-0.980511694248,-0.534665460695,5,399
553,1,4.07282124017,3.0,9.0,0.012012012012,0,-0.215847916934,-0.279635009027,5,679
554,1,3.95681662102,3.0,7.0,0.013013013013,0,-0.0320995609699,-0.946884696066,5,371
555,1,7.83139758059,1.0,8.0,0.017017017017,0,0.682359131907,0.784320184868,5,464
556,1,0.489082088023,0.0,12.0,0.013013013013,0,-0.994894238137,-1.52623519757,5,780
557,1,6.99509560535,2.0,9.0,0.017017017017,0,0.461940299913,0.609274705608,5,570
558,1,6.00637881213,5.0,7.0,0.013013013013,0,0.112198260855,0.669784029561,5,374
559,1,2.35268059214,0.0,3.0,0.018018018018,0,-0.61714084001,-0.795896887833,5,301
560,1,4.96718966616,1.0,5.0,0.015015015015,0,0.692773990298,-2.11113230473,5,131
561,1,3.07959959031,0.0,10.0,0.013013013013,0,-0.759681590927,0.358644363085,5,799
562,1,3.07989855194,,7.0,0.015015015015,0,-0.709097678849,0.207191588486,5,360
563,1,4.54121002261,3.0,14.0,0.016016016016,0,-0.144424098241,-0.0255176826702,5,936
564,1,5.84916090464,5.0,11.0,0.013013013013,0,-0.0613478061725,1.03320432316,5,961
565,1,0.881886648395,0.0,7.0,0.017017017017,0,-1.19935800939,-0.520039323422,5,196
566,1,7.03331710444,2.0,9.0,0.014014014014,0,0.750946457247,-0.219522267299,5,497
567,1,-2.06301275869,,0.0,0.011011011011,1,-2.09307055478,-0.783801094346,5,7
568,1,4.88555407443,0.0,10.0,0.013013013013,0,0.0631674118546,-0.303948161133,5,501
569,1,1.87862606651,,5.0,0.017017017017,0,-1.33087645502,0.871255431586,5,244
570,1,0.705732946462,,1.0,0.018018018018,0,-1.22816934026,-0.609759032755,5,9
571,1,-3.8212958076,,0.0,0.015015015015,1,-2.59520442629,-1.03568252874,5,22
572,1,1.55934801543,0.0,5.0,0.011011011011,0,-0.992319454328,-0.463693621588,5,288
573,1,3.71479899108,,6.0,0.013013013013,0,-0.358871759504,-0.208585730404,5,347
574,1,5.45311027567,,10.0,0.013013013013,0,-0.217932549394,1.10690792385,5,883
575,1,7.54824988768,6.0,13.0,0.013013013013,0,1.0192481561,-0.509494580621,5,916
576,1,0.983539336607,0.0,5.0,0.014014014014,0,-1.38481076733,0.137971638588,5,283
577,1,-0.368159677132,,2.0,0.017017017017,0,-1.29650467188,-1.47864566148,5,69
578,1,8.46127620352,6.0,11.0,0.011011011011,0,1.14174165029,0.0360512526548,5,873
579,1,7.20597486929,4.0,9.0,0.013013013013,0,0.956627521928,-0.663907696496,5,585
580,1,6.15736390077,,12.0,0.013013013013,0,0.45873783703,-0.218849610322,5,913
581,1,7.58939066988,5.0,9.0,0.018018018018,0,1.32361896197,-1.38146621602,5,524
582,1,6.54847211474,0.0,11.0,0.011011011011,0,0.791179876146,-0.825067513703,5,843
583,1,3.55948540411,0.0,15.0,0.016016016016,0,-0.268255917023,-0.635746844822,5,917
584,1,9.85246818501,,12.0,0.012012012012,0,1.94170035736,-0.972632887057,5,984
585,1,1.91091732903,1.0,6.0,0.014014014014,0,-1.07181921507,0.126374974244,5,284
586,1,3.45700683024,0.0,7.0,0.014014014014,0,-1.12740307035,1.8392160413,5,494
587,1,3.61871035783,0.0,12.0,0.014014014014,0,-0.619475029529,0.477135446414,5,946
588,1,8.56362881739,,9.0,0.013013013013,0,1.29090658215,-0.309090929065,5,555
589,1,5.47758400901,0.0,9.0,0.015015015015,0,0.418495700307,-0.777903091911,5,521
590,1,2.12149831255,1.0,4.0,0.013013013013,0,-1.13660769414,0.531321394989,5,433
591,1,1.17475454326,,12.0,0.014014014014,0,-1.41833495601,0.429759411281,5,693
592,1,7.64987530909,7.0,10.0,0.019019019019,0,1.16055734002,-0.831796710965,5,449
593,1,2.79911042672,1.0,4.0,0.01001001001,0,-0.906411311183,0.518344360264,5,335
594,1,2.40341223931,0.0,4.0,0.014014014014,0,-0.879095723409,0.0406994095386,5,241
595,1,9.08283895952,,11.0,0.014014014014,0,1.14049431096,0.661356026632,5,740
596,1,3.72201378218,0.0,8.0,0.012012012012,0,-0.565677790482,0.419047153628,5,648
597,1,5.5178203971,3.0,7.0,0.01001001001,0,0.34615076144,-0.520631887222,5,395
598,1,8.95125954162,,9.0,0.012012012012,0,1.37635918894,-0.177818025193,5,713
599,1,9.80762259522,3.0,11.0,0.016016016016,0,1.4806995004,0.365524094022,5,659
600,1,4.29279792803,,13.0,0.013013013013,0,0.336980908155,-1.71814479643,5,970
601,1,5.56996185061,1.0,10.0,0.01001001001,0,-0.0715168904181,0.784512521868,5,851
602,1,3.20362189617,2.0,9.0,0.011011011011,0,0.214605890173,-2.44019577435,5,786
603,1,9.70933951402,9.0,13.0,0.013013013013,0,1.57608720686,-0.0189221065655,5,888
604,1,7.24956496449,7.0,12.0,0.014014014014,0,0.801257083783,-0.154206286861,5,742
605,1,7.57840606434,3.0,11.0,0.014014014014,0,0.884952461499,-0.0764513201506,5,827
606,1,2.29408876109,0.0,4.0,0.01001001001,0,-1.19756495062,0.886783612948,5,136
607,1,6.84274377666,0.0,8.0,0.014014014014,0,0.706670513353,-0.277267763399,5,462
608,1,3.58235410608,,10.0,0.012012012012,0,-0.57133050033,0.296345607067,5,666
609,1,9.33900908228,0.0,14.0,0.015015015015,0,1.5695508334,-0.369643417923,5,981
610,1,10.2390348208,7.0,12.0,0.015015015015,0,1.60051925619,0.437477052193,5,869
611,1,5.75688692365,0.0,11.0,0.012012012012,0,0.210810236121,0.124456215283,5,839
612,1,5.49193489492,2.0,9.0,0.016016016016,0,0.301122132446,-0.411431502422,5,438
613,1,3.65114415817,3.0,5.0,0.015015015015,0,-0.740645079681,0.873079397209,5,365
614,1,6.58319267932,0.0,12.0,0.014014014014,0,0.294150506047,0.700741161177,5,781
615,1,11.8216118458,0.0,15.0,0.016016016016,0,1.72544407628,1.64527961697,5,737
616,1,5.50980732548,0.0,9.0,0.011011011011,0,-0.0378216554294,0.623272291767,5,588
617,1,5.44359349427,4.0,10.0,0.013013013013,0,0.0531105852079,0.284261738649,5,903
618,1,5.03526218123,5.0,8.0,0.01001001001,0,0.0971015186931,-0.256042374847,5,840
619,1,2.76836297488,,4.0,0.015015015015,0,-0.442418508672,-0.904381499099,5,237
620,1,4.39977740202,0.0,9.0,0.014014014014,0,-0.32622141776,0.378441655303,5,678
621,1,2.41192115192,0.0,5.0,0.013013013013,0,-0.559361931738,-0.909993052862,5,401
622,1,0.475757589256,0.0,6.0,0.013013013013,0,-1.15794869189,-1.05039633508,5,380
623,1,2.66822056308,,6.0,0.01001001001,0,-0.932877137662,0.466851976065,5,628
624,1,8.27138963185,7.0,10.0,0.011011011011,0,1.40805655128,-0.95278002198,5,927
625,1,9.9723683172,8.0,11.0,0.011011011011,0,1.79725851272,-0.419407220971,5,968
626,1,6.00309916302,5.0,11.0,0.013013013013,0,0.150107395346,0.55277697698,5,730
627,1,8.48745845664,8.0,10.0,0.01001001001,0,1.56684405593,-1.21307371115,5,977
628,1,4.53242146692,4.0,7.0,0.011011011011,0,-0.030393344156,-0.376398500613,5,554
629,1,1.94350941584,,3.0,0.013013013013,0,-0.633079718909,-1.15725142743,5,123
630,1,2.74987064417,0.0,3.0,0.013013013013,0,-0.220180927702,-1.58958657272,5,150
631,1,6.95087239986,3.0,9.0,0.014014014014,0,0.793986144106,-0.431086032455,5,553
632,1,5.10530951063,4.0,8.0,0.01001001001,0,-0.0658127258591,0.302747688208,5,660
633,1,0.526301026714,0.0,1.0,0.011011011011,1,-0.901370983627,-1.76958602241,5,35
634,1,4.4672370954,1.0,6.0,0.011011011011,0,-0.609635628099,1.29614397969,5,231
635,1,5.07692690736,1.0,6.0,0.012012012012,0,-0.159695335604,0.556012914177,5,259
636,1,4.73783874162,,12.0,0.012012012012,0,-0.421908039564,1.00356286031,5,856
637,1,0.522342868346,0.0,6.0,0.01001001001,0,-1.05591222467,-1.30992045765,5,193
638,1,9.57366582567,6.0,10.0,0.012012012012,0,2.16268297234,-1.91438309136,5,746
639,1,8.63868221331,3.0,12.0,0.012012012012,0,1.78214121207,-1.70774142289,5,718
640,1,3.84324569637,3.0,9.0,0.014014014014,0,-0.389709104672,0.0123730103828,5,306
641,1,8.88708017184,1.0,11.0,0.011011011011,0,1.1185384449,0.531464837142,5,982
642,1,8.26234455068,4.0,10.0,0.011011011011,0,0.866302374305,0.66343742776,5,880
643,1,11.5050711776,,12.0,0.012012012012,0,1.98335696176,0.555000292343,5,645
644,1,7.12468318574,4.0,13.0,0.017017017017,0,0.955929117923,-0.743104168027,5,807
645,1,6.01183378406,1.0,9.0,0.013013013013,0,0.290223657938,0.141162810245,5,451
646,1,7.84807932625,2.0,8.0,0.019019019019,0,1.13878897942,-0.568287612024,5,302
647,1,8.88438410887,2.0,11.0,0.013013013013,0,0.673893371359,1.86270399479,5,641
648,1,-0.596301176698,,0.0,0.012012012012,1,-1.83115433413,-0.102838174314,5,6
649,1,7.47741999029,6.0,11.0,0.011011011011,0,0.7155380906,0.330805718489,5,912
650,1,1.372796961,0.0,2.0,0.01001001001,0,-1.3284890127,0.358263999111,5,197
651,1,4.81686441185,2.0,16.0,0.019019019019,0,0.109681450214,-0.512179938787,5,928
652,1,5.10701840829,1.0,12.0,0.012012012012,0,-0.12668709204,0.487079684413,5,958
653,1,1.29944601173,0.0,6.0,0.011011011011,0,-1.05262808345,-0.542669737922,5,504
654,1,5.80339813683,2.0,7.0,0.011011011011,0,0.101888848054,0.497731592668,5,573
655,1,5.935368096,,7.0,0.011011011011,0,0.840626327734,-1.5865108872,5,636
656,1,2.3090582027,,4.0,0.012012012012,0,-0.478438708034,-1.2556256732,5,378
657,1,6.55920469444,2.0,14.0,0.014014014014,0,0.604389901359,-0.253965009638,5,954
658,1,3.66509057547,1.0,6.0,0.01001001001,0,-0.329784492329,-0.345555947546,5,336
659,1,6.16547300514,5.0,12.0,0.012012012012,0,0.651302220129,-0.788433655246,5,768
660,0,12.3900859086,12.0,,0.012012012012,0,2.51793611993,-0.163722451175,5,883
661,1,-2.98398312341,,0.0,0.011011011011,1,-2.64915307502,-0.0365238983619,5,2
662,1,7.11947481892,4.0,8.0,0.012012012012,0,0.346015819851,1.08142735936,5,694
663,1,5.7858252794,3.0,13.0,0.014014014014,0,0.177066312747,0.254626341156,5,878
664,1,7.28794305001,0.0,9.0,0.012012012012,0,1.04325811356,-0.841831290659,5,539
665,1,6.40273696995,0.0,8.0,0.011011011011,0,0.994381056268,-1.58040619886,5,385
666,1,2.23165620371,1.0,5.0,0.013013013013,0,-0.412580835406,-1.53060129007,5,346
667,1,6.52868651589,6.0,7.0,0.01001001001,1,0.633769957866,-0.372623357704,5,436
668,1,8.91888172963,8.0,10.0,0.01001001001,0,1.33996012982,-0.100998659831,5,908
669,1,6.41812844227,,7.0,0.011011011011,0,0.465179919066,0.0225886850702,5,519
670,1,2.36394033845,0.0,6.0,0.012012012012,0,-0.983172646798,0.313458278838,5,356
671,1,2.60841877177,1.0,3.0,0.011011011011,0,-0.732944675572,-0.192747201509,5,113
672,1,3.29968264081,3.0,4.0,0.015015015015,1,-0.830071152414,0.789896098052,5,285
673,1,4.30289739216,4.0,8.0,0.011011011011,0,-0.556054330206,0.971060382778,5,535
674,1,5.6736544809,0.0,10.0,0.01001001001,0,0.192314965134,0.0967095854943,5,847
675,1,3.21506717984,1.0,7.0,0.01001001001,0,-0.537252463731,-0.173175428971,5,572
676,1,5.05697987625,3.0,10.0,0.014014014014,0,0.0620744162564,-0.129243372516,5,468
677,1,7.63284539191,6.0,9.0,0.01001001001,0,0.842580046492,0.10510525243,5,979
678,0,11.0085182719,11.0,,0.011011011011,0,1.40588579137,1.79086089783,5,837
679,1,4.86081694836,0.0,11.0,0.013013013013,0,0.337096992286,-1.1504740285,5,736
680,1,3.23697807721,3.0,4.0,0.01001001001,1,-0.508656398862,-0.237052726208,5,201
681,1,8.89947190456,8.0,10.0,0.013013013013,0,1.40237684095,-0.307658618289,5,818
682,1,8.04096265246,6.0,13.0,0.013013013013,0,0.889394750049,0.372778402312,5,924
683,1,10.401743895,10.0,11.0,0.011011011011,1,1.61805040442,0.547592681696,5,976
684,1,8.04111286749,8.0,11.0,0.013013013013,0,0.551820137828,1.38565245401,5,508
685,1,8.89939238091,6.0,11.0,0.011011011011,0,1.13934885764,0.481345807988,5,741
686,1,7.64603054502,2.0,11.0,0.012012012012,0,1.03765847187,-0.466944870588,5,691
687,1,4.71049601478,0.0,9.0,0.011011011011,0,-0.421360117939,0.974576368597,5,651
688,1,6.22471624477,0.0,13.0,0.013013013013,0,0.540175750811,-0.395811007665,5,973
689,1,5.15872676633,5.0,6.0,0.013013013013,1,-0.283835675513,1.01023379287,5,370
690,1,3.70414113987,0.0,9.0,0.011011011011,0,-0.900543634414,1.40577204311,5,483
691,1,6.36960659934,4.0,9.0,0.012012012012,0,0.655867655708,-0.597996367787,5,798
692,1,7.96644602547,6.0,8.0,0.013013013013,0,0.725849490429,0.788897554184,5,805
693,1,5.12178031224,0.0,7.0,0.013013013013,0,-0.0504405489637,0.273101959136,5,674
694,1,4.25623931816,,5.0,0.015015015015,0,-0.363607915217,0.347063063806,5,382
695,1,1.09599176256,,2.0,0.012012012012,0,-1.08038472721,-0.662854055799,5,50
696,1,-2.35191580817,,5.0,0.011011011011,0,-2.67872152654,0.684248771435,5,149
697,1,0.930821936555,,1.0,0.012012012012,0,-1.42354479592,0.201456324319,5,43
698,1,9.77438091192,8.0,11.0,0.011011011011,0,1.40870506339,0.548265721752,5,962
699,1,1.3171073387,0.0,2.0,0.012012012012,0,-0.887789840435,-1.01952314,5,242
700,1,0.883985776064,,8.0,0.011011011011,0,-1.35661823087,-0.0461595313242,5,280
701,1,1.9680715883,1.0,8.0,0.014014014014,0,-1.7043340282,2.08107367289,5,265
702,1,2.18885725625,0.0,3.0,0.01001001001,0,-0.64210519927,-0.884827145941,5,125
703,1,-0.93546975682,,0.0,0.01001001001,1,-2.2506287034,0.816416353394,5,4
704,1,5.21428525369,0.0,6.0,0.012012012012,0,-0.170439486215,0.725603712341,5,392
705,1,7.98268003528,0.0,8.0,0.011011011011,0,0.969366572974,0.0745803163557,5,652
706,1,6.27820911762,5.0,8.0,0.014014014014,0,0.392334950707,0.101204265495,5,467
707,1,8.67450283397,8.0,11.0,0.012012012012,0,1.189302594,0.10659505198,5,969
708,1,5.42189159336,1.0,10.0,0.01001001001,0,0.205789336286,-0.195476415495,5,723
709,1,5.14193633199,4.0,7.0,0.011011011011,0,-0.229971121615,0.831849696839,5,759
710,1,6.36810920835,0.0,7.0,0.01001001001,0,0.358890920869,0.291436445747,5,833
711,1,6.23138567122,3.0,7.0,0.01001001001,0,0.332290250119,0.234514920863,5,477
712,1,1.14144594569,0.0,2.0,0.012012012012,0,-1.18828197594,-0.29370812648,5,81
713,1,5.74705511507,1.0,6.0,0.01001001001,0,0.216519367384,0.0974970129158,5,366
714,1,4.33296215618,4.0,6.0,0.011011011011,0,-0.139735545667,-0.247831206817,5,697
715,1,4.1019788593,1.0,10.0,0.01001001001,0,-0.465526309342,0.49855778733,5,849
716,1,7.3346596485,6.0,13.0,0.013013013013,0,0.868361224192,-0.270424024082,5,904
717,1,1.50573393417,0.0,10.0,0.011011011011,0,-1.47131202612,0.919670012521,5,439
718,1,1.86072208858,0.0,4.0,0.014014014014,0,-0.907616640877,-0.416427988793,5,417
719,1,2.45214094217,,4.0,0.01001001001,0,-0.902144583954,0.158574694033,5,207
720,1,4.1356821267,0.0,12.0,0.014014014014,0,0.00214193372555,-0.870743674478,5,806
721,1,2.19494331817,0.0,3.0,0.01001001001,0,-0.580606893335,-1.06323600183,5,91
722,1,6.94654940657,3.0,10.0,0.011011011011,0,0.540929427273,0.323761124754,5,852
723,1,4.92124089286,,12.0,0.012012012012,0,-0.400365432803,1.12233719127,5,765
724,1,7.32582194991,6.0,11.0,0.011011011011,0,0.849068831386,-0.221384544253,5,879
725,1,6.04834941642,4.0,11.0,0.013013013013,0,0.570678456109,-0.663685951908,5,859
726,1,3.24674066559,1.0,6.0,0.011011011011,0,0.0426928023119,-1.88133774135,5,529
727,1,10.5854132552,7.0,11.0,0.011011011011,0,1.34864138813,1.53948909078,5,863
728,1,4.49305677509,1.0,6.0,0.013013013013,0,-0.131708514979,-0.111817679973,5,701
729,1,2.27931163294,0.0,9.0,0.011011011011,0,-0.611916766502,-0.884938067556,5,536
730,1,2.68316100694,0.0,5.0,0.01001001001,0,-0.691955746273,-0.240971754239,5,487
731,1,1.75052636471,0.0,5.0,0.01001001001,0,-0.635204679305,-1.34385959738,5,414
732,1,3.87668158936,1.0,6.0,0.00900900900901,0,-0.502936151303,0.385490043273,5,431
733,1,8.55378432556,5.0,10.0,0.011011011011,0,1.41389991155,-0.687915409091,5,952
734,1,9.05116546899,7.0,12.0,0.012012012012,0,0.828331477477,1.56617103656,5,834
735,1,5.37653277373,2.0,9.0,0.011011011011,0,0.323180182562,-0.593007773953,5,720
736,1,9.17329123631,9.0,10.0,0.011011011011,1,1.42331708752,-0.0966600262554,5,590
737,1,4.9286253258,1.0,9.0,0.013013013013,0,-0.196152484849,0.517082780352,5,732
738,1,6.03964245799,5.0,9.0,0.011011011011,0,0.27989080971,0.19997002886,5,753
739,1,6.56879287984,5.0,11.0,0.012012012012,0,0.712680049805,-0.569247269574,5,800
740,1,-0.707490230157,,0.0,0.013013013013,1,-2.11206010027,0.628690070663,5,25
741,1,3.55672326976,,4.0,0.013013013013,0,-0.540444560959,0.178056952635,5,270
742,1,-0.389042388092,,0.0,0.01001001001,1,-1.56630935334,-0.690114328077,5,58
743,1,-2.4050055822,,0.0,0.012012012012,1,-2.41527159134,-0.159190808174,5,16
744,1,2.08665316654,0.0,11.0,0.011011011011,0,-1.07822924801,0.321340910565,5,966
745,1,5.60778360752,1.0,7.0,0.011011011011,0,0.377165853214,-0.523713952125,5,434
746,1,0.196076723762,,1.0,0.01001001001,0,-1.70024193838,0.296802538915,5,24
747,1,3.68759343403,2.0,7.0,0.012012012012,0,-0.298844542359,-0.415872938897,5,232
748,0,10.4687086143,10.0,,0.01001001001,0,1.72564629086,0.29176974169,5,380
749,1,4.29779294728,3.0,9.0,0.011011011011,0,0.0640129342389,-0.894245855441,5,574
750,1,7.60776785331,7.0,9.0,0.01001001001,0,1.17619251183,-0.920809682194,5,774
751,1,8.79649514223,2.0,11.0,0.011011011011,0,1.0475496984,0.653846047041,5,775
752,1,2.36068997625,2.0,7.0,0.015015015015,0,-0.65478034193,-0.67496899796,5,344
753,1,7.4185547965,5.0,10.0,0.017017017017,0,0.761960834307,0.132672293576,5,650
754,1,3.54153850086,3.0,6.0,0.011011011011,0,-0.246607258437,-0.718639723832,5,801
755,1,3.62180766565,1.0,8.0,0.012012012012,0,-0.498696321831,0.117896631145,5,602
756,1,6.20651835095,,7.0,0.012012012012,0,0.873516794188,-1.41403203162,5,387
757,1,1.12778446974,,5.0,0.016016016016,0,-1.10574550564,-0.554979013347,5,88
758,1,6.05811602779,5.0,12.0,0.013013013013,0,0.0842448862196,0.805381369134,5,942
759,1,4.49096616829,0.0,6.0,0.011011011011,0,0.231062704972,-1.20222194662,5,351
760,1,8.6713579699,6.0,10.0,0.01001001001,0,0.856692343138,1.10128094048,5,938
761,1,2.28177490645,2.0,6.0,0.012012012012,0,-1.39121479076,1.45541927873,5,630
762,1,0.55834198435,0.0,10.0,0.012012012012,0,-1.5489409367,0.205164794441,5,752
763,1,6.69712447481,,7.0,0.011011011011,0,0.655009856197,-0.26790509378,5,391
764,1,5.58804111404,1.0,8.0,0.011011011011,0,0.146453439442,0.148680795718,5,763
765,1,-2.20232974435,,1.0,0.012012012012,0,-1.97335113658,-1.28227633461,5,39
766,1,3.41605201273,3.0,5.0,0.012012012012,0,-0.670605896196,0.42786970132,5,260
767,1,8.08495114358,7.0,10.0,0.011011011011,0,0.759993267582,0.804971340839,5,717
768,0,12.9500938505,11.0,,0.011011011011,0,2.6493224964,0.00212636130657,5,124
769,1,9.67124687185,8.0,10.0,0.012012012012,0,1.36506313337,0.576057471749,5,617
770,1,7.39817048108,2.0,10.0,0.012012012012,0,1.20526375787,-1.21762079254,5,667
771,1,7.72323182431,0.0,9.0,0.011011011011,0,1.05318589817,-0.436325870199,5,838
772,1,2.861408884,0.0,4.0,0.011011011011,0,-0.525399657389,-0.562392143836,5,143
773,1,8.94537218454,1.0,11.0,0.011011011011,0,0.984690355765,0.991301117244,5,860
774,1,11.7937738972,9.0,12.0,0.012012012012,0,2.56493459535,-0.901029888847,5,978
775,1,2.0583803236,,5.0,0.011011011011,0,-1.02223898316,0.125097273062,5,299
776,1,5.39381540995,2.0,8.0,0.013013013013,0,0.173953252972,-0.128044348967,5,677
777,1,4.30107600887,4.0,9.0,0.012012012012,0,-0.256963858039,0.071967582982,5,594
778,1,6.89838957058,4.0,8.0,0.01001001001,0,0.635825489762,-0.00908689870939,5,173
779,1,5.68152737232,0.0,9.0,0.013013013013,0,0.491738512888,-0.793688166346,5,595
780,1,9.63564356516,9.0,11.0,0.012012012012,0,1.34011362754,0.615302682534,5,945
781,1,2.97738640278,0.0,4.0,0.011011011011,0,-0.432357232731,-0.72554189903,5,318
782,1,3.83105704747,3.0,6.0,0.012012012012,0,-0.256300531638,-0.400041357615,5,404
783,1,5.79217551031,5.0,8.0,0.01001001001,0,0.556387671687,-0.876987504752,5,638
784,1,7.94079604397,7.0,12.0,0.012012012012,0,0.801900807121,0.535093622606,5,943
785,1,4.94844834855,0.0,10.0,0.011011011011,0,-0.0138127042505,-0.0101135386946,5,722
786,1,1.15594765515,,9.0,0.01001001001,0,-0.92790832087,-1.06032738224,5,787
787,1,8.15546968577,7.0,12.0,0.012012012012,0,1.00272842019,0.147284425192,5,972
788,1,0.63236445073,,5.0,0.013013013013,0,-1.2652227891,-0.571967181979,5,532
789,1,3.02165153797,0.0,8.0,0.011011011011,0,-1.25403431245,1.78375447533,5,499
790,1,7.47879232597,0.0,8.0,0.016016016016,0,1.01069711791,-0.553299027766,5,238
791,1,8.61851158509,6.0,9.0,0.011011011011,0,1.32586293904,-0.359077232018,5,512
792,1,10.8562169309,10.0,11.0,0.011011011011,1,1.98371184373,-0.0949186003288,5,940
793,1,5.20164254141,2.0,8.0,0.011011011011,0,0.266078380922,-0.596592601357,5,571
794,1,8.90060181084,6.0,9.0,0.011011011011,0,1.48008261362,-0.539646030022,5,743
795,1,2.92102281225,0.0,5.0,0.01001001001,0,-0.964754414994,0.815286057228,5,191
796,1,3.54161504742,0.0,8.0,0.01001001001,0,-0.80143192537,0.945910823529,5,550
797,1,6.03945531964,4.0,9.0,0.01001001001,0,0.225551654367,0.362800356542,5,830
798,1,4.22348370761,4.0,6.0,0.01001001001,0,-0.353655388443,0.284449872943,5,680
799,1,2.11820414359,2.0,5.0,0.01001001001,0,-0.848237637888,-0.337082942745,5,615
800,1,5.63861143802,0.0,6.0,0.012012012012,0,0.381006315143,-0.504407507412,5,208
801,1,1.20089558364,0.0,3.0,0.01001001001,0,-1.21310435114,-0.159791362928,5,121
802,1,6.74563621495,2.0,9.0,0.011011011011,0,0.60092843318,-0.0571490845925,5,315
803,1,3.70769962649,0.0,9.0,0.01001001001,0,-0.515932962837,0.255498515005,5,826
804,1,3.08121202911,1.0,4.0,0.011011011011,0,-0.382268940742,-0.771981148665,5,407
805,1,2.86371952507,2.0,5.0,0.01001001001,0,-0.885137026922,0.519130605841,5,450
806,1,6.28760066937,4.0,9.0,0.01001001001,0,-0.0783468815973,1.52264131416,5,920
807,1,2.33060587474,0.0,6.0,0.01001001001,0,-0.632206521846,-0.772774559718,5,526
808,1,2.08375957351,1.0,7.0,0.01001001001,0,-1.02760099112,0.166562546878,5,275
809,1,4.0836700909,0.0,6.0,0.011011011011,0,0.0309145038934,-1.00907342078,5,257
810,1,3.29912900455,3.0,6.0,0.01001001001,0,-0.255352817533,-0.934812542852,5,525
811,1,-1.32089364399,,0.0,0.011011011011,1,-1.98100376724,-0.377882342271,5,12
812,1,4.09482054038,4.0,6.0,0.01001001001,0,-0.0376973217104,-0.792087494489,5,337
813,0,10.0855608672,10.0,,0.01001001001,0,1.79805890326,-0.308615842576,5,618
814,1,2.42809705565,0.0,5.0,0.013013013013,0,-0.609275286849,-0.744077083801,5,331
815,1,4.55231265003,3.0,9.0,0.013013013013,0,-0.142628675186,-0.019801324408,5,649
816,1,3.81152268039,2.0,7.0,0.011011011011,0,-0.0407349154745,-1.06627257319,5,390
817,1,4.88503675938,0.0,6.0,0.011011011011,0,0.156128300132,-0.583348141012,5,611
818,1,5.81908958637,2.0,6.0,0.011011011011,0,0.543548937383,-0.811557225782,5,293
819,1,5.86310990439,1.0,10.0,0.012012012012,0,-0.214124874845,1.50548452892,5,815
820,1,0.699498780278,0.0,5.0,0.01001001001,0,-0.892415751535,-1.62325396512,5,523
821,0,10.1282111207,10.0,,0.01001001001,0,1.78424180656,-0.224514298972,5,938
822,1,7.50525523433,7.0,10.0,0.011011011011,0,0.793355439135,0.125188916927,5,621
823,0,10.0007656545,10.0,,0.01001001001,0,1.24985934791,1.25118761079,5,815
824,1,7.29750400035,4.0,8.0,0.011011011011,0,0.434508112345,0.993979663317,5,712
825,1,2.17848422786,,8.0,0.011011011011,0,-0.625190472271,-0.945944355325,5,466
826,1,9.68187351163,2.0,10.0,0.01001001001,0,1.67582531432,-0.345602431314,5,836
827,1,7.95462691305,4.0,8.0,0.01001001001,0,0.864778998666,0.36028991705,5,584
828,1,1.16496503221,1.0,7.0,0.011011011011,0,-0.982998841851,-0.886038442239,5,514
829,1,1.04638625226,0.0,7.0,0.011011011011,0,-1.04875109648,-0.807360458296,5,509
830,1,7.97751526194,7.0,9.0,0.01001001001,0,1.19563570588,-0.60939185569,5,941
831,1,1.29832641287,0.0,3.0,0.01001001001,0,-0.954942304589,-0.836846673359,5,294
832,1,10.2516144574,10.0,11.0,0.011011011011,1,1.14559796516,1.81482056188,5,949
833,1,1.14677732171,,6.0,0.013013013013,0,-1.06365178529,-0.662267322413,5,424
834,1,5.20857330429,2.0,10.0,0.011011011011,0,0.464760995925,-1.18570968349,5,846
835,1,-1.57461640355,,0.0,0.011011011011,1,-2.03836644349,-0.459517073065,5,27
836,1,6.27577700291,5.0,9.0,0.011011011011,0,0.471974408347,-0.140146222129,5,739
837,1,-0.768704636014,,0.0,0.01001001001,1,-1.52988339054,-1.17905446441,5,1
838,1,9.8130429491,4.0,10.0,0.01001001001,0,1.65807526536,-0.161182846988,5,965
839,1,6.05298998567,1.0,10.0,0.01001001001,0,0.0585787878853,0.87725362201,5,876
840,1,5.17360235586,0.0,7.0,0.011011011011,0,-0.208797225636,0.799994032768,5,422
841,1,1.06031207982,,9.0,0.01001001001,0,-1.13891400942,-0.52294589191,5,934
842,1,5.55450865631,0.0,9.0,0.011011011011,0,0.584565699003,-1.1991884407,5,881
843,1,4.76721420458,1.0,9.0,0.011011011011,0,-0.178858486007,0.303789662605,5,692
844,1,0.0288367148956,,1.0,0.011011011011,0,-1.51797497491,-0.417238360375,5,49
845,1,0.552488344124,,1.0,0.011011011011,0,-1.49392913584,0.0342757516304,5,213
846,1,2.92943927888,2.0,10.0,0.011011011011,0,-0.662787836474,-0.0821972116956,5,820
847,1,1.80937855464,0.0,6.0,0.01001001001,0,-0.911998165118,-0.454626950003,5,564
848,1,4.41748140623,1.0,8.0,0.011011011011,0,-0.294372897342,0.300600098257,5,675
849,1,6.5793800496,5.0,9.0,0.01001001001,0,1.22090701072,-2.08334098255,5,619
850,1,-0.0144228902502,,4.0,0.01001001001,0,-1.33007204936,-1.02420674217,5,263
851,1,6.41828022647,0.0,8.0,0.01001001001,0,0.569324866207,-0.289694372148,5,593
852,1,5.66927070418,,11.0,0.011011011011,0,-0.180224526476,1.2099442836,5,951
853,1,-0.143787369436,,0.0,0.014014014014,1,-1.43942539422,-0.825511186777,5,8
854,1,4.91258104435,0.0,5.0,0.011011011011,0,0.00532261766119,-0.103386808636,5,646
855,1,2.27901007804,0.0,6.0,0.01001001001,0,-0.874120738847,-0.0986277054217,5,282
856,1,2.68643613855,,7.0,0.011011011011,0,-0.91168827711,0.421500969879,5,277
857,1,4.82109087236,2.0,6.0,0.011011011011,0,-0.0792122961858,0.0587277609214,5,469
858,1,4.60006008422,1.0,6.0,0.012012012012,0,-0.349869617133,0.649668935614,5,377
859,1,6.04777484368,4.0,8.0,0.01001001001,0,0.392332309342,-0.129222084347,5,767
860,1,3.03327135354,2.0,8.0,0.012012012012,0,-0.558816979339,-0.290277708446,5,416
861,1,0.465417463641,,1.0,0.01001001001,0,-1.33631548934,-0.52563606834,5,166
862,1,9.42066271994,8.0,10.0,0.011011011011,0,1.53727808427,-0.19117153286,5,821
863,1,3.02980388994,2.0,7.0,0.01001001001,0,-0.998220780551,1.0244662316,5,762
864,1,0.12721851813,0.0,1.0,0.01001001001,1,-1.17158130827,-1.35803755706,5,119
865,1,7.83536367893,4.0,11.0,0.011011011011,0,1.36328588138,-1.25449396522,5,835
866,1,6.9221631918,3.0,7.0,0.012012012012,0,0.429293032898,0.63428409311,5,520
867,1,4.7229075343,4.0,6.0,0.01001001001,0,-0.500366468174,1.22400693882,5,622
868,1,7.09843934111,0.0,8.0,0.011011011011,0,0.160599424447,1.61664106776,5,682
869,1,5.7112270784,4.0,7.0,0.01001001001,0,0.184678433981,0.157191776453,5,587
870,1,3.40204367687,3.0,6.0,0.012012012012,0,-0.891786695215,1.07740376252,5,541
871,1,9.5816641099,9.0,11.0,0.011011011011,0,1.28734223424,0.719637407188,5,985
872,1,8.47127847028,8.0,9.0,0.01001001001,1,0.917292861245,0.71939988654,5,925
873,1,7.74088561925,2.0,10.0,0.011011011011,0,0.712808284907,0.602460764526,5,829
874,1,5.66162076506,0.0,10.0,0.011011011011,0,-0.0532147253966,0.821264941251,5,533
875,1,7.68974762093,6.0,10.0,0.011011011011,0,0.791742915301,0.314518875031,5,932
876,1,-2.86808571258,,0.0,0.011011011011,1,-2.63612460118,0.0402880909591,5,23
877,1,5.62083118812,5.0,10.0,0.01001001001,0,0.189677981752,0.0517972428637,5,922
878,1,7.59658492695,2.0,9.0,0.00900900900901,0,0.415700079596,1.34948468816,5,950
879,1,5.17885556476,2.0,7.0,0.012012012012,0,0.0615691474164,-0.00585187748668,5,548
880,1,4.95543886934,,6.0,0.01001001001,0,-0.0941186723579,0.237794886416,5,362
881,1,8.14826974938,7.0,9.0,0.011011011011,0,1.07751138413,-0.084264402998,5,545
882,1,5.41338042023,4.0,10.0,0.01001001001,0,0.293204558781,-0.466233256115,5,906
883,0,11.3044474286,10.0,,0.01001001001,0,1.99662956574,0.314558731421,5,574
884,1,5.58181806163,,7.0,0.01001001001,0,-0.230849908463,1.27436778702,5,657
885,1,5.4716164966,2.0,8.0,0.012012012012,0,-0.337634033923,1.48451859837,5,598
886,1,2.28864904848,,10.0,0.01001001001,0,-0.54972473075,-1.06217675927,5,933
887,1,7.68554529042,6.0,8.0,0.01001001001,0,0.939993936646,-0.134436519519,5,663
888,1,5.22654737022,1.0,10.0,0.011011011011,0,0.143277123026,-0.203283998852,5,857
889,1,5.72484720864,4.0,6.0,0.01001001001,0,0.57592370412,-1.00292390372,5,591
890,1,8.30024363011,1.0,10.0,0.011011011011,0,1.15891831146,-0.176511304261,5,899
891,1,4.16003103324,0.0,8.0,0.01001001001,0,-0.4597870368,0.539392143643,5,770
892,1,7.25624143369,7.0,11.0,0.011011011011,0,1.19189000494,-1.31942858113,5,935
893,1,4.48582200292,2.0,9.0,0.01001001001,0,0.191521391243,-1.08874217081,5,864
894,1,1.52272895869,1.0,2.0,0.01001001001,1,-1.26344679133,0.313069332683,5,169
895,1,0.844502776078,,1.0,0.01001001001,0,-1.5263525603,0.423560456973,5,38
896,1,4.30184648961,3.0,8.0,0.01001001001,0,0.0059441063376,-0.715985829399,5,747
897,1,8.75143144392,2.0,9.0,0.012012012012,0,0.854900236545,1.18673073428,5,639
898,1,-0.834579487372,,1.0,0.011011011011,0,-1.52251939821,-1.26702129276,5,51
899,1,4.32745615651,4.0,6.0,0.011011011011,0,-0.332187879653,0.324019795463,5,457
900,1,6.39441226646,0.0,9.0,0.011011011011,0,0.415671155043,0.147398801326,5,670
901,1,5.58505583273,3.0,10.0,0.011011011011,0,0.464730848162,-0.809136711755,5,885
902,1,9.11121915156,9.0,10.0,0.012012012012,1,0.838538430448,1.59560386021,5,809
903,1,5.28750344204,5.0,8.0,0.011011011011,0,0.200060205233,-0.312677173661,5,760
904,1,6.28264177143,5.0,9.0,0.01001001001,0,0.511796788859,-0.252748595152,5,778
905,1,4.38126357682,0.0,7.0,0.01001001001,0,-0.254044458068,0.143396951019,5,599
906,1,5.0628514747,5.0,8.0,0.01001001001,0,0.298313826744,-0.832090005529,5,624
907,1,6.63918817784,2.0,10.0,0.01001001001,0,0.144697407013,1.2050959568,5,931
908,1,5.82980906939,5.0,9.0,0.01001001001,0,-0.022889219194,0.89847672697,5,909
909,1,4.06268560623,3.0,10.0,0.01001001001,0,0.244251526012,-1.67006897181,5,676
910,1,8.94140722911,7.0,10.0,0.011011011011,0,0.7672691422,1.63959980251,5,956
911,1,2.57707218178,0.0,8.0,0.01001001001,0,-0.895357154087,0.263143644046,5,708
912,1,5.83453710854,1.0,8.0,0.01001001001,0,-0.0511027392017,0.987845326144,5,603
913,1,3.06420795613,3.0,10.0,0.01001001001,0,-0.396899289715,-0.745094174729,5,983
914,1,2.69485484165,1.0,10.0,0.011011011011,0,-0.249745286477,-1.55590929892,5,882
915,1,3.01701016712,2.0,4.0,0.011011011011,0,-0.51750158128,-0.430485089042,5,167
916,1,4.63420567529,4.0,6.0,0.01001001001,0,-0.455212599845,0.999843474828,5,353
917,1,4.14324855348,,7.0,0.01001001001,0,-0.253509948928,-0.0962215997406,5,627
918,1,2.29043555793,1.0,7.0,0.01001001001,0,-1.19211706966,0.86678676692,5,706
919,1,2.3624498304,1.0,6.0,0.01001001001,0,-0.432960475034,-1.3386687445,5,253
920,1,4.61067136319,1.0,9.0,0.012012012012,0,-0.51486586581,1.15526896062,5,845
921,0,12.0336082234,10.0,,0.01001001001,0,1.99130181264,1.05970278544,5,304
922,0,10.2858945778,10.0,,0.01001001001,0,1.70090585094,0.183177024986,5,985
923,1,3.66089412332,1.0,10.0,0.01001001001,0,-0.708603431772,0.786704418635,5,929
924,1,2.93933879289,0.0,4.0,0.01001001001,0,-0.470715735547,-0.648514000467,5,324
925,1,2.57517461736,0.0,4.0,0.01001001001,0,-0.513030947294,-0.885732540757,5,212
926,1,6.57225448769,3.0,10.0,0.01001001001,0,0.638835694788,-0.344252596674,5,974
927,0,11.0882416991,10.0,,0.01001001001,0,2.26970022021,-0.720858961549,5,604
928,1,4.9390231521,,5.0,0.012012012012,0,-0.092848233158,0.21756785157,5,323
929,1,4.8509954472,2.0,5.0,0.011011011011,0,-0.0235759086757,-0.0782768267751,5,341
930,1,6.88923164402,6.0,7.0,0.011011011011,1,0.726799378,-0.291166489982,5,625
931,1,10.3311504657,10.0,11.0,0.011011011011,1,1.7828154547,-0.0172958984263,5,971
932,1,1.71537489951,0.0,6.0,0.00900900900901,0,-0.630710444379,-1.39249376736,5,415
933,1,9.82849771945,7.0,10.0,0.011011011011,0,1.65321177646,-0.13113760993,5,890
934,1,7.03044173427,1.0,8.0,0.01001001001,0,0.598455793225,0.235074354595,5,867
935,1,5.24538998134,2.0,6.0,0.01001001001,0,0.161839175298,-0.240127544558,5,419
936,1,4.78513634726,1.0,6.0,0.01001001001,0,-0.0282606126974,-0.130081814651,5,475
937,1,-0.352256390005,,1.0,0.01001001001,0,-1.41980092601,-1.09285361199,5,60
938,1,7.2480456818,6.0,9.0,0.01001001001,0,0.94440317311,-0.585163837535,5,963
939,1,1.70081692846,,4.0,0.01001001001,0,-0.910906138683,-0.56646465549,5,230
940,1,0.413379859394,,5.0,0.01001001001,0,-1.2848124516,-0.732182785799,5,107
941,1,7.14629683946,7.0,10.0,0.01001001001,0,0.649997363939,0.196304747647,5,955
942,1,6.72503581972,6.0,9.0,0.01001001001,0,0.550956601771,0.0721660144111,5,914
943,1,9.47029973456,8.0,10.0,0.01001001001,0,1.15181280858,1.01486130882,5,841
944,1,-0.594571026232,,0.0,0.01001001001,1,-1.9523194814,0.26238741798,5,14
945,1,8.15456775262,8.0,10.0,0.01001001001,0,1.09854196325,-0.141058137138,5,947
946,1,-0.945008653224,,0.0,0.01001001001,1,-2.00747457476,0.0774150710435,5,17
947,1,6.69027524565,3.0,8.0,0.01001001001,0,0.428336597109,0.405265454319,5,703
948,1,4.77385389112,4.0,6.0,0.011011011011,0,-0.282881131324,0.622497285097,5,681
949,1,6.71624235354,0.0,8.0,0.01001001001,0,0.490486720022,0.244782193474,5,620
950,1,8.68993978016,1.0,10.0,0.01001001001,0,0.951700264382,0.834838987018,5,967
951,1,3.77753030656,0.0,7.0,0.01001001001,0,-0.551714985634,0.432675263466,5,506
952,1,5.39561010641,5.0,6.0,0.011011011011,1,0.123610651928,0.024778150623,5,470
953,1,1.00238513815,,2.0,0.01001001001,0,-1.00797750509,-0.973682346585,5,505
954,1,7.66732661244,6.0,10.0,0.01001001001,0,1.13629384397,-0.741554919481,5,918
955,1,5.16864903185,,8.0,0.01001001001,0,-0.494872179305,1.65326556977,5,654
956,1,5.37616985297,4.0,7.0,0.01001001001,0,0.347248311344,-0.665575081065,5,810
957,1,2.75063587038,0.0,7.0,0.01001001001,0,-0.903326648332,0.460615815378,5,758
958,1,2.86162243991,,5.0,0.01001001001,0,-0.60252814755,-0.330793117435,5,249
959,1,3.69568812165,1.0,9.0,0.01001001001,0,-0.431504089735,-0.00979960914115,5,802
960,1,2.1980498114,0.0,3.0,0.01001001001,0,-0.906130598776,-0.0835583922691,5,255
961,1,3.7220115238,1.0,5.0,0.01001001001,0,0.0590748924998,-1.4552131537,5,563
962,1,3.75712922186,1.0,6.0,0.01001001001,0,-0.330840150396,-0.250350326948,5,586
963,1,4.22877052544,0.0,5.0,0.011011011011,0,-0.0434494393578,-0.64088115649,5,94
964,1,2.77367933592,2.0,6.0,0.01001001001,0,-0.710093799434,-0.096039265778,5,543
965,1,1.01864706021,0.0,10.0,0.01001001001,0,-1.50973768104,0.547860103323,5,980
966,1,7.50895911924,5.0,10.0,0.01001001001,0,0.908968537531,-0.217946493357,5,937
967,1,5.58795079868,1.0,6.0,0.01001001001,0,0.227722568305,-0.0952169062332,5,319
968,1,4.36875036717,0.0,6.0,0.011011011011,0,-0.0593611878698,-0.453166069226,5,235
969,1,8.13136005932,7.0,9.0,0.01001001001,0,0.75919216272,0.853783571161,5,696
970,1,6.68341100591,,8.0,0.01001001001,0,0.200928302169,1.0806260994,5,643
971,1,7.15143174635,1.0,9.0,0.01001001001,0,0.479023924701,0.714359972246,5,486
972,1,3.75333439643,3.0,5.0,0.01001001001,0,-0.808628551008,1.17922004946,5,307
973,1,-1.05313672828,,0.0,0.01001001001,1,-1.90453759653,-0.339523938696,5,21
974,1,1.60545270342,1.0,4.0,0.01001001001,0,-1.10802176198,-0.0704820106328,5,300
975,1,5.6527225228,2.0,9.0,0.01001001001,0,-0.119895349742,1.01240857203,5,690
976,1,5.80276204032,5.0,7.0,0.01001001001,0,-0.188065053384,1.36695720047,5,276
977,1,0.977299275926,,7.0,0.01001001001,0,-2.11994624619,2.3371380145,5,790
978,1,0.234741489014,0.0,7.0,0.01001001001,0,-1.40612551521,-0.546881965356,5,704
979,1,9.98043767853,9.0,10.0,0.01001001001,1,2.0840443537,-1.27169538257,5,733
980,1,3.77530662797,1.0,10.0,0.01001001001,0,-0.323640743613,-0.253771141196,5,707
981,1,-5.23005201108,,0.0,0.01001001001,1,-2.98970182007,-1.26094655089,5,36
982,1,1.25200656337,0.0,6.0,0.011011011011,0,-0.787658381154,-1.38501829317,5,556
983,0,10.2784002382,10.0,,0.01001001001,0,1.883466601,-0.371999564832,5,840
984,1,6.91074967879,1.0,10.0,0.01001001001,0,1.05014287702,-1.23967895227,5,907
985,1,0.135923406347,0.0,7.0,0.01001001001,0,-1.74312723716,0.365305117831,5,376
986,0,12.860340354,10.0,,0.01001001001,0,2.41159936269,0.62554226591,5,494
987,1,2.52159666722,2.0,4.0,0.01001001001,0,-0.631672967702,-0.583384429678,5,204
988,1,-1.09503695351,,0.0,0.01001001001,1,-1.77793193411,-0.761241151171,5,31
989,1,5.12308432834,1.0,6.0,0.01001001001,0,-0.0068762774809,0.143713160786,5,634
990,0,11.9339961003,10.0,,0.01001001001,0,2.30408917634,0.0217285712528,5,951
991,1,3.2382282208,0.0,4.0,0.01001001001,0,-0.605955559965,0.0560949006906,5,397
992,1,1.58535016046,0.0,2.0,0.01001001001,0,-0.99661699101,-0.424798866508,5,82
993,1,-0.554377806236,,2.0,0.01001001001,0,-1.89117310159,0.119141498525,5,30
994,1,7.30398790539,5.0,10.0,0.01001001001,0,0.583700343665,0.552886874396,5,761
995,1,7.43755575806,7.0,8.0,0.011011011011,1,0.594994826149,0.652571279616,5,640
996,1,3.95902585548,3.0,5.0,0.01001001001,0,-0.294640161451,-0.15705366017,5,542
997,1,-0.800153131174,,9.0,0.01001001001,0,-2.00242111711,0.207110220152,5,728
998,1,6.10011847606,3.0,10.0,0.01001001001,0,0.336500986486,0.0906155166003,5,944
999,1,3.79725770515,3.0,9.0,0.01001001001,0,-0.407715639195,0.0204046227398,5,953
