name,activated,threshold,before_activation_alters,after_activation_alters,degree,observed,var1,epsilon,constant,activation_order
0,1,3.66304816323,1.0,19.0,0.12012012012,0,-0.138480740208,-0.921509616141,5,91.0
1,1,8.19795152839,3.0,11.0,0.0870870870871,0,1.37749927561,-0.934546298447,5,97.0
2,1,2.91656982489,2.0,6.0,0.046046046046,0,-0.561946813172,-0.397589735597,5,101.0
3,1,5.82440924675,,35.0,0.0950950950951,0,0.158300498937,0.349507749939,5,341.0
4,1,5.80472821426,1.0,19.0,0.0550550550551,0,-0.153841228187,1.26625189882,5,174.0
5,1,6.95944096365,3.0,10.0,0.0550550550551,0,0.245867010297,1.22183993276,5,142.0
6,1,10.7534946041,10.0,13.0,0.16016016016,0,1.99936739129,-0.244607569735,5,65.0
7,1,1.19482261118,0.0,2.0,0.125125125125,0,-1.34740908101,0.237049854219,5,26.0
8,1,1.84330748291,,12.0,0.115115115115,0,-0.738101400679,-0.942388315052,5,77.0
9,1,-0.0461391271685,,0.0,0.047047047047,1,-1.62918378572,-0.15858777001,5,25.0
10,1,8.30805465017,6.0,27.0,0.0740740740741,0,0.717345744626,1.15601741629,5,208.0
11,1,4.74101887358,1.0,19.0,0.0870870870871,0,0.417696929385,-1.51207191458,5,185.0
12,1,6.7982778755,3.0,7.0,0.0690690690691,0,0.815012977516,-0.646761057049,5,74.0
13,1,9.72355133209,6.0,26.0,0.0560560560561,0,1.38293154837,0.574756686975,5,220.0
14,1,7.1062103011,5.0,9.0,0.0780780780781,0,1.06635890213,-1.0928664053,5,118.0
15,1,4.6730969381,2.0,19.0,0.0660660660661,0,-0.400438232861,0.874411636682,5,229.0
16,1,7.01671485387,1.0,9.0,0.0720720720721,0,0.28686067285,1.15613283532,5,133.0
17,1,6.26556970078,1.0,12.0,0.02002002002,0,0.509824696242,-0.263904387948,5,375.0
18,1,3.09269369962,2.0,10.0,0.0520520520521,0,-0.962200142841,0.979294128143,5,114.0
19,1,2.61406834068,,3.0,0.029029029029,0,-0.852838185317,0.172582896627,5,64.0
20,1,7.53979441134,7.0,15.0,0.039039039039,0,0.897607148206,-0.153027033278,5,292.0
21,1,6.47011258211,4.0,16.0,0.0530530530531,0,0.721888922575,-0.695554185614,5,206.0
22,1,7.33801109823,4.0,9.0,0.0530530530531,0,0.532531955716,0.74041523108,5,115.0
23,1,2.65335443569,,6.0,0.048048048048,0,-0.869364058086,0.26144660995,5,116.0
24,1,6.09990806286,1.0,10.0,0.041041041041,0,0.315349178909,0.153860526136,5,148.0
25,1,1.59896707831,1.0,7.0,0.02002002002,0,-1.01276223562,-0.362746214817,5,194.0
26,1,5.04862174895,5.0,11.0,0.039039039039,0,-0.79255585688,2.42628931959,5,137.0
27,1,7.56123524645,3.0,8.0,0.019019019019,0,1.16299372919,-0.927745941121,5,272.0
28,1,5.60642175908,,11.0,0.033033033033,0,0.297325178811,-0.285553777352,5,180.0
29,1,4.85893817447,2.0,10.0,0.018018018018,0,-0.12128698744,0.222799136787,5,186.0
30,1,4.7228497704,2.0,5.0,0.016016016016,0,0.315875963074,-1.22477811882,5,83.0
31,1,6.84894044987,1.0,7.0,0.027027027027,0,0.379504447201,0.71042710827,5,178.0
32,1,5.6133268122,2.0,11.0,0.047047047047,0,-0.533741575538,2.21455153881,5,191.0
33,1,8.62027496235,8.0,9.0,0.0530530530531,1,0.78806497651,1.25608003282,5,198.0
34,1,9.0059831946,5.0,11.0,0.0750750750751,0,1.60630973271,-0.812946003531,5,149.0
35,1,6.666919315,3.0,23.0,0.046046046046,0,0.381523171797,0.522349799608,5,471.0
36,1,3.65376809955,2.0,6.0,0.048048048048,0,-0.251765088413,-0.590936635214,5,96.0
37,1,2.65414574132,2.0,5.0,0.04004004004,0,-0.835304203935,0.160058353121,5,113.0
38,1,-0.619013865197,,8.0,0.033033033033,0,-1.5797330349,-0.879814760488,5,179.0
39,1,8.54693828785,8.0,10.0,0.0710710710711,0,1.68802651915,-1.5171412696,5,75.0
40,1,3.29396709356,0.0,5.0,0.027027027027,0,-0.452074456073,-0.34980953822,5,187.0
41,1,3.95130341588,2.0,8.0,0.019019019019,0,-0.25031763171,-0.29774368899,5,213.0
42,1,7.0088624514,,9.0,0.037037037037,0,0.438890662559,0.692190463721,5,122.0
43,1,7.16345108559,1.0,9.0,0.033033033033,0,0.506309257093,0.64452331431,5,200.0
44,1,7.10032729254,6.0,8.0,0.016016016016,0,0.765447724274,-0.196015880287,5,489.0
45,1,8.86850260354,5.0,17.0,0.0510510510511,0,1.5767601478,-0.86177783985,5,353.0
46,1,3.8655163815,2.0,5.0,0.021021021021,0,-0.271962928388,-0.318594833336,5,103.0
47,1,3.3983729981,2.0,6.0,0.011011011011,0,-0.300978390129,-0.698691831509,5,209.0
48,1,1.45020998707,1.0,5.0,0.029029029029,0,-0.993363213585,-0.569700372178,5,150.0
49,1,3.99782230718,2.0,6.0,0.013013013013,0,-0.437146492942,0.309261786009,5,119.0
50,1,6.05908407418,4.0,8.0,0.019019019019,0,0.511946843931,-0.476756457613,5,402.0
51,1,6.11514188928,4.0,8.0,0.018018018018,0,0.566384439326,-0.584011428701,5,238.0
52,1,7.36055572821,6.0,25.0,0.038038038038,0,0.553935339352,0.698749710152,5,629.0
53,1,5.02962105277,3.0,8.0,0.02002002002,0,0.215648448375,-0.617324292358,5,144.0
54,1,1.6300977839,1.0,3.0,0.021021021021,0,-1.21347106424,0.270510976625,5,71.0
55,1,3.60090495918,1.0,8.0,0.018018018018,0,-0.703631460045,0.71179933931,5,283.0
56,1,4.86975977867,4.0,9.0,0.016016016016,0,0.253289837097,-0.89010973262,5,268.0
57,1,4.73122901334,2.0,12.0,0.02002002002,0,0.206742647707,-0.888998929776,5,501.0
58,1,6.65539569934,5.0,9.0,0.024024024024,0,0.533660678606,0.0544136635255,5,318.0
59,1,0.500555518359,0.0,3.0,0.033033033033,0,-1.28041687677,-0.658193851337,5,36.0
60,1,2.52277179551,2.0,5.0,0.013013013013,0,-1.28267945123,1.37081014922,5,156.0
61,1,5.7708416347,4.0,17.0,0.027027027027,0,0.0511379742003,0.617427712096,5,437.0
62,1,13.684604814,13.0,15.0,0.02002002002,0,2.71926376114,0.526813530612,5,516.0
63,1,0.258974549382,,2.0,0.027027027027,0,-1.1142753169,-1.3981994999,5,34.0
64,1,4.97203383204,0.0,6.0,0.038038038038,0,0.0656837353638,-0.225017374051,5,120.0
65,1,4.98546622844,,5.0,0.024024024024,0,0.403943879174,-1.22636540908,5,79.0
66,1,10.9182847164,5.0,11.0,0.037037037037,0,1.99779458868,-0.0750990496001,5,199.0
67,1,2.82249245039,0.0,3.0,0.03003003003,0,-0.617313869068,-0.325565942402,5,58.0
68,1,5.05680352857,3.0,6.0,0.022022022022,0,0.374953817849,-1.06805792498,5,104.0
69,1,0.553853160206,0.0,2.0,0.033033033033,0,-1.50729268681,0.0757312206393,5,47.0
70,1,4.49597357611,,8.0,0.011011011011,0,-0.142333816666,-0.0770249738975,5,298.0
71,1,4.19600086105,0.0,8.0,0.025025025025,0,-0.165116818428,-0.308648683662,5,181.0
72,1,-2.60516547995,,10.0,0.037037037037,0,-2.14600465458,-1.16715151622,5,141.0
73,1,7.90960663902,3.0,8.0,0.027027027027,0,1.30196081025,-0.996275791735,5,225.0
74,1,5.43390869,3.0,6.0,0.036036036036,0,0.309981310281,-0.496035240842,5,135.0
75,1,4.45226710691,,9.0,0.024024024024,0,-0.0178178654895,-0.494279296617,5,153.0
76,1,5.82705432736,,12.0,0.024024024024,0,0.0735287237177,0.606468156204,5,306.0
77,1,-0.332570289331,,0.0,0.021021021021,1,-1.63996702333,-0.412669219331,5,17.0
78,1,4.47836237292,3.0,6.0,0.021021021021,0,-0.112240777823,-0.184915293611,5,171.0
79,1,4.59813960473,4.0,6.0,0.017017017017,0,-0.0622088244985,-0.215233921776,5,242.0
80,1,8.58751445346,4.0,10.0,0.016016016016,0,0.865584787295,0.990760091576,5,493.0
81,1,8.05837719679,7.0,15.0,0.021021021021,0,1.063225369,-0.131298910197,5,676.0
82,1,0.201166122752,0.0,1.0,0.016016016016,1,-1.66946974814,0.209575367174,5,67.0
83,1,6.9934138553,4.0,8.0,0.015015015015,0,0.415916891328,0.745663181317,5,301.0
84,1,0.056746432716,,2.0,0.022022022022,0,-1.95492039619,0.921507621283,5,42.0
85,1,5.94092960437,4.0,15.0,0.027027027027,0,0.380007507161,-0.19909291711,5,397.0
86,1,1.4154609178,0.0,4.0,0.014014014014,0,-1.24396844447,0.147366251201,5,81.0
87,1,1.05859860872,1.0,3.0,0.018018018018,0,-0.988625760758,-0.975524109002,5,136.0
88,1,5.72678256697,5.0,7.0,0.016016016016,0,0.406619573416,-0.493076153276,5,388.0
89,1,9.70657485438,6.0,12.0,0.024024024024,0,1.521784956,0.141219986392,5,270.0
90,0,9.22783411844,9.0,,0.014014014014,0,1.23112008309,0.53447386917,5,43.0
91,1,12.3187816752,12.0,16.0,0.018018018018,0,2.44696391268,-0.0221100628273,5,542.0
92,1,6.45164639734,3.0,7.0,0.00900900900901,0,0.352487086703,0.394185137233,5,448.0
93,1,4.02375505013,0.0,6.0,0.011011011011,0,-0.0526222435618,-0.818378219185,5,256.0
94,1,6.68202197109,3.0,8.0,0.018018018018,0,0.520841440508,0.119497649565,5,224.0
95,1,1.288719591,,2.0,0.022022022022,0,-0.68166114369,-1.66629697793,5,46.0
96,1,6.16879383381,0.0,8.0,0.024024024024,0,0.298456265053,0.273425038653,5,266.0
97,1,2.78456240384,2.0,4.0,0.013013013013,0,-0.456306097769,-0.846519302852,5,55.0
98,1,7.69670418634,7.0,11.0,0.022022022022,0,1.0834336139,-0.553596655359,5,577.0
99,1,3.34504983274,3.0,4.0,0.027027027027,1,-0.588489280829,0.11051767523,5,66.0
100,1,1.03457262474,0.0,8.0,0.03003003003,0,-1.1170227957,-0.614358988165,5,158.0
101,1,2.62403687813,,3.0,0.034034034034,0,-0.641435796505,-0.451655732356,5,54.0
102,1,1.75971768494,0.0,2.0,0.021021021021,0,-1.20969325011,0.388797435254,5,57.0
103,1,4.08329074813,3.0,8.0,0.014014014014,0,-0.529134269673,0.670693557148,5,165.0
104,1,7.86939196749,6.0,10.0,0.026026026026,0,1.13173593919,-0.525815850075,5,267.0
105,1,0.122248221793,0.0,1.0,0.031031031031,1,-1.48468418462,-0.423699224343,5,16.0
106,1,2.68984268742,2.0,4.0,0.011011011011,0,-0.848289449263,0.234711035209,5,160.0
107,1,8.83634859219,8.0,9.0,0.016016016016,1,1.01222399016,0.799676621703,5,707.0
108,1,5.820814469,4.0,7.0,0.014014014014,0,0.082178787592,0.574278106225,5,337.0
109,1,3.5125448284,3.0,20.0,0.044044044044,0,-0.508611655651,0.0383797953551,5,436.0
110,1,5.01195797515,5.0,8.0,0.011011011011,0,-0.0265659989392,0.0916559719671,5,393.0
111,1,1.76970642139,0.0,6.0,0.025025025025,0,-0.925696650409,-0.45320362738,5,204.0
112,1,5.95705904245,5.0,6.0,0.013013013013,1,0.0938549425208,0.675494214884,5,352.0
113,1,7.63840601515,5.0,8.0,0.035035035035,0,1.2578709131,-1.13520672416,5,212.0
114,1,6.22876961546,5.0,9.0,0.02002002002,0,0.58505947631,-0.526408813467,5,360.0
115,1,2.91760197861,0.0,9.0,0.018018018018,0,-0.974229840542,0.840291500237,5,358.0
116,1,3.91075881889,3.0,5.0,0.00600600600601,0,-0.566797352437,0.611150876197,5,203.0
117,1,6.95650927608,6.0,7.0,0.013013013013,1,0.574263198244,0.233719681352,5,540.0
118,1,6.23428186613,,10.0,0.034034034034,0,0.178190608672,0.699710040117,5,284.0
119,1,6.65023959758,1.0,14.0,0.023023023023,0,0.663855038383,-0.341325517574,5,408.0
120,1,9.37057902656,8.0,10.0,0.013013013013,0,0.885910432144,1.71284773013,5,508.0
121,1,6.20810850684,3.0,9.0,0.016016016016,0,0.163252376247,0.7183513781,5,379.0
122,0,12.2520166739,11.0,,0.015015015015,0,2.34583666353,0.214506683302,5,245.0
123,1,5.83018172726,2.0,7.0,0.021021021021,0,0.626147484584,-1.04826072649,5,249.0
124,1,6.40970616505,6.0,7.0,0.012012012012,1,0.304413541268,0.496465541247,5,666.0
125,1,7.28497059461,2.0,8.0,0.014014014014,0,0.937460154124,-0.527409867763,5,571.0
126,1,-0.261650949908,,4.0,0.02002002002,0,-1.67030681832,-0.250730494945,5,62.0
127,1,13.344830274,7.0,14.0,0.022022022022,0,1.98779357345,2.38144955361,5,420.0
128,1,1.23678879608,0.0,8.0,0.017017017017,0,-1.02060990685,-0.701381483357,5,329.0
129,1,0.599965125818,0.0,1.0,0.025025025025,1,-0.984722990184,-1.44586590363,5,38.0
130,0,12.0998854808,9.0,,0.011011011011,0,2.44251153953,-0.227649137769,5,339.0
131,1,3.22893696942,3.0,5.0,0.029029029029,0,-0.743365789529,0.459034338007,5,159.0
132,1,7.86259343304,7.0,9.0,0.017017017017,0,1.1522799617,-0.594246452065,5,605.0
133,1,2.15411113251,2.0,9.0,0.014014014014,0,-0.413798098986,-1.60449457053,5,202.0
134,1,0.684834571369,0.0,10.0,0.02002002002,0,-1.6896747549,0.753858836059,5,362.0
135,1,5.89794810915,5.0,7.0,0.014014014014,0,0.19228535552,0.321092042593,5,421.0
136,1,4.74129909294,2.0,6.0,0.018018018018,0,-0.512257448908,1.27807143966,5,214.0
137,1,2.33298515402,0.0,8.0,0.019019019019,0,-1.31259840436,1.2707803671,5,322.0
138,1,6.2172237838,3.0,10.0,0.016016016016,0,0.767667490598,-1.085778688,5,381.0
139,1,6.33517161247,6.0,9.0,0.016016016016,0,-0.0184875310712,1.39063420568,5,327.0
140,1,1.40054664471,1.0,6.0,0.019019019019,0,-1.27915815868,0.238021120743,5,215.0
141,1,2.21750804608,0.0,8.0,0.016016016016,0,-0.909203633336,-0.0548810539107,5,345.0
142,1,-1.3902869478,,0.0,0.014014014014,1,-1.62255030118,-1.52263604427,5,61.0
143,1,11.2439770256,11.0,12.0,0.017017017017,1,1.79139703442,0.869785922323,5,714.0
144,1,6.59266254092,2.0,7.0,0.019019019019,0,0.702260899659,-0.514120158054,5,343.0
145,1,9.3321729266,2.0,10.0,0.014014014014,0,1.03868950684,1.21610440607,5,537.0
146,0,7.54597425357,6.0,,0.00600600600601,0,0.771113159576,0.232634774837,5,379.0
147,1,3.80926722075,3.0,4.0,0.016016016016,1,-0.343540530354,-0.160111188189,5,189.0
148,1,2.25468137456,1.0,4.0,0.012012012012,0,-0.700506043367,-0.643800495338,5,140.0
149,1,8.30588252765,8.0,9.0,0.011011011011,1,1.09547661972,0.0194526684885,5,626.0
150,1,1.98119804324,0.0,2.0,0.014014014014,0,-0.667891247303,-1.01512821485,5,87.0
151,1,7.97079259256,1.0,8.0,0.013013013013,0,1.03682619114,-0.139685980869,5,567.0
152,1,7.65128471494,7.0,8.0,0.00800800800801,1,0.743594942643,0.420499887012,5,564.0
153,1,-0.877777265723,,0.0,0.018018018018,1,-2.25789349282,0.895903212729,5,11.0
154,1,5.24267425872,2.0,7.0,0.011011011011,0,0.103960289893,-0.0692066109577,5,251.0
155,1,7.894061771,7.0,8.0,0.01001001001,1,0.571222321341,1.18039480698,5,658.0
156,1,1.4090109606,0.0,2.0,0.017017017017,0,-1.10365731225,-0.280017102648,5,90.0
157,1,5.40836979008,1.0,6.0,0.00600600600601,0,-0.132903060322,0.807078971048,5,575.0
158,1,4.08191872637,4.0,6.0,0.00900900900901,0,-0.372077475756,0.198151153636,5,373.0
159,1,6.18031540122,6.0,7.0,0.00700700700701,1,0.218603083872,0.524506149606,5,712.0
160,1,10.2673547902,10.0,11.0,0.016016016016,1,1.09224278633,1.99062643125,5,669.0
161,1,3.68480168575,0.0,4.0,0.017017017017,0,-0.351944231135,-0.259365620846,5,124.0
162,1,2.57946585131,,5.0,0.013013013013,0,-0.790406166209,-0.0493156500668,5,188.0
163,1,-0.191228343414,,0.0,0.032032032032,1,-1.79144437095,0.183104769435,5,6.0
164,1,8.48886688961,8.0,9.0,0.014014014014,1,1.2682616724,-0.315918127604,5,662.0
165,1,4.34525609573,1.0,6.0,0.013013013013,0,-0.3622497405,0.432005317233,5,328.0
166,1,5.56036620122,,6.0,0.012012012012,0,0.0233257604937,0.49038891974,5,447.0
167,1,5.53825802059,1.0,8.0,0.017017017017,0,0.404965267972,-0.676637783329,5,395.0
168,1,4.05570203049,2.0,13.0,0.02002002002,0,-0.209600904002,-0.315495257506,5,598.0
169,1,8.58610580187,8.0,9.0,0.013013013013,1,1.16941238318,0.0778686523376,5,708.0
170,1,7.97022213309,5.0,10.0,0.021021021021,0,0.86476141326,0.375937893307,5,496.0
171,1,3.58457696041,,6.0,0.013013013013,0,-0.626726855187,0.464757525968,5,219.0
172,1,0.338352463618,0.0,1.0,0.011011011011,1,-1.72166971712,0.503361614992,5,76.0
173,1,3.18838361572,,6.0,0.014014014014,0,-0.686679152997,0.248421074714,5,299.0
174,1,2.80930475872,2.0,6.0,0.00900900900901,0,-0.615569097659,-0.343987948303,5,192.0
175,1,3.7984491677,2.0,5.0,0.015015015015,0,-0.564294348746,0.491332213939,5,182.0
176,0,10.2060763753,8.0,,0.00900900900901,0,1.77015499372,-0.104388605848,5,332.0
177,1,4.57638489687,4.0,5.0,0.014014014014,1,-0.110477094996,-0.0921838181384,5,253.0
178,1,4.42443091788,1.0,6.0,0.013013013013,0,-0.277495447223,0.256917259551,5,232.0
179,1,0.232257986953,0.0,2.0,0.012012012012,0,-1.60291139596,0.0409921748363,5,131.0
180,1,4.18673392567,3.0,7.0,0.013013013013,0,-0.584914658613,0.941477901507,5,371.0
181,1,-0.480842236229,,0.0,0.018018018018,1,-1.84097622941,0.0420864520029,5,14.0
182,1,2.94200723144,,3.0,0.018018018018,0,-0.681296185489,-0.0141042120879,5,132.0
183,1,8.41437048141,7.0,9.0,0.014014014014,0,1.16619321236,-0.0842091556735,5,632.0
184,1,8.39116115284,2.0,12.0,0.016016016016,0,1.05493628266,0.226352304849,5,643.0
185,1,4.30046990115,2.0,7.0,0.00900900900901,0,-0.193731665366,-0.118335102758,5,547.0
186,1,-2.65892221125,,0.0,0.016016016016,1,-1.72067201417,-2.49690616873,5,10.0
187,1,2.24801344897,,3.0,0.01001001001,0,-0.898959135545,-0.0551091443937,5,248.0
188,1,2.80823511207,2.0,7.0,0.02002002002,0,-1.26874830441,1.61448002531,5,401.0
189,1,5.20699930675,4.0,6.0,0.013013013013,0,0.117701304237,-0.146104605962,5,110.0
190,1,2.17805749982,0.0,7.0,0.014014014014,0,-1.09287828317,0.456692349332,5,310.0
191,1,1.80754553286,,5.0,0.011011011011,0,-0.893277585006,-0.512621712122,5,164.0
192,1,5.09241118341,5.0,8.0,0.016016016016,0,0.110125864731,-0.23796641078,5,313.0
193,1,4.87029708831,4.0,5.0,0.00800800800801,1,-0.13534816492,0.276341583069,5,548.0
194,1,5.20577105416,0.0,6.0,0.019019019019,0,0.032733456792,0.107570683785,5,95.0
195,1,-0.653466813068,,4.0,0.011011011011,0,-1.77798310621,-0.319517494435,5,288.0
196,1,1.12392056366,1.0,4.0,0.01001001001,0,-1.19684808867,-0.28553517034,5,244.0
197,1,1.67888078439,,2.0,0.013013013013,0,-0.69038559523,-1.24996242992,5,105.0
198,1,1.44923543919,1.0,2.0,0.00600600600601,1,-0.804837146136,-1.1362531224,5,139.0
199,1,10.6214459077,9.0,11.0,0.012012012012,0,1.57288876553,0.902779611115,5,618.0
200,1,3.43608945595,2.0,4.0,0.019019019019,0,-0.536981985217,0.0470354116049,5,173.0
201,1,3.63142804745,0.0,9.0,0.014014014014,0,-0.178914048508,-0.831829807025,5,522.0
202,1,-0.506279770108,,0.0,0.014014014014,1,-1.44247275858,-1.17886149436,5,3.0
203,1,5.45948230989,5.0,6.0,0.00900900900901,1,0.349472544961,-0.588935324995,5,557.0
204,1,7.83328185913,6.0,8.0,0.018018018018,0,1.07823167123,-0.40141315455,5,521.0
205,1,10.9811022575,10.0,12.0,0.016016016016,0,2.01216458586,-0.0553915001082,5,637.0
206,1,8.55420774955,8.0,9.0,0.00900900900901,1,0.880772339532,0.911890730954,5,623.0
207,1,1.63288409021,1.0,5.0,0.015015015015,0,-0.97054784029,-0.455472388921,5,163.0
208,1,6.44613243812,6.0,7.0,0.00900900900901,1,0.787519643809,-0.916426493306,5,549.0
209,1,4.19557925415,3.0,5.0,0.00800800800801,0,-0.0740077255984,-0.582397569054,5,463.0
210,1,6.9491991538,0.0,8.0,0.013013013013,0,0.77026128689,-0.361584706866,5,276.0
211,1,2.93856801644,2.0,7.0,0.00900900900901,0,-0.431788366837,-0.766066883054,5,642.0
212,1,3.17162210197,2.0,8.0,0.015015015015,0,-0.631534812103,0.0662265382798,5,466.0
213,0,9.67056284062,9.0,,0.01001001001,0,1.34320105575,0.64095967336,5,666.0
214,1,5.91710417205,1.0,9.0,0.017017017017,0,0.183299151068,0.367206718841,5,425.0
215,1,2.29188479445,1.0,5.0,0.00700700700701,0,-0.813582074269,-0.267368982745,5,536.0
216,1,5.04236691579,2.0,8.0,0.011011011011,0,0.553608122799,-1.61845745261,5,705.0
217,1,9.14464814016,8.0,10.0,0.012012012012,0,1.33585825035,0.137073389095,5,664.0
218,0,7.75087496512,7.0,,0.00800800800801,0,0.680710771677,0.708742650086,5,424.0
219,0,9.81395839643,7.0,,0.00800800800801,0,1.72482293264,-0.360510401485,5,366.0
220,1,3.3246528573,0.0,4.0,0.00700700700701,0,-0.382068612968,-0.529141303793,5,297.0
221,1,8.91731554345,8.0,9.0,0.013013013013,1,1.1205676188,0.555612687062,5,671.0
222,1,2.53715092934,0.0,3.0,0.018018018018,0,-1.33665595491,1.54711879407,5,53.0
223,1,2.16889802977,0.0,3.0,0.00800800800801,0,-0.996402656754,0.158106000029,5,125.0
224,1,5.95439864162,,8.0,0.012012012012,0,0.402668178387,-0.253605893535,5,211.0
225,1,5.99612106039,5.0,6.0,0.025025025025,1,0.413980740595,-0.24582116139,5,312.0
226,0,11.6033189544,6.0,,0.01001001001,0,2.13624415656,0.194586484686,5,
227,1,7.17934372818,7.0,8.0,0.013013013013,1,0.459237185265,0.801632172381,5,470.0
228,0,9.78584592169,9.0,,0.011011011011,0,1.41039042836,0.554674636598,5,372.0
229,1,-0.660636260486,,1.0,0.00800800800801,0,-1.73874293418,-0.444407457943,5,72.0
230,1,7.80970286004,7.0,8.0,0.00900900900901,1,0.633359199691,0.909625260968,5,719.0
231,1,7.42837222582,6.0,11.0,0.02002002002,0,0.898469821526,-0.267037238761,5,394.0
232,1,4.16945472182,4.0,8.0,0.018018018018,0,0.0317957681053,-0.9259325825,5,439.0
233,1,8.23763247166,8.0,11.0,0.017017017017,0,1.30548586116,-0.678825111818,5,678.0
234,1,1.54203071851,,6.0,0.015015015015,0,-1.13600619439,-0.049950698315,5,228.0
235,1,4.93792154823,2.0,6.0,0.014014014014,0,0.0788303195679,-0.298569410475,5,359.0
236,1,4.39323226505,2.0,5.0,0.014014014014,0,-0.37511593819,0.518580079615,5,190.0
237,1,4.94235446632,,8.0,0.021021021021,0,-0.207356992399,0.564425443515,5,331.0
238,1,4.91203717194,4.0,7.0,0.016016016016,0,0.388163184816,-1.2524523825,5,356.0
239,1,3.41826379221,2.0,4.0,0.00700700700701,0,-0.199803540136,-0.982325587379,5,347.0
240,1,3.25797096633,3.0,6.0,0.011011011011,0,-0.691812130583,0.333407358075,5,354.0
241,1,4.0328412648,4.0,5.0,0.011011011011,1,-0.0891980782198,-0.699564500544,5,389.0
242,1,1.85898910706,1.0,3.0,0.017017017017,0,-1.35093217085,0.911785619626,5,106.0
243,1,4.7994628896,3.0,5.0,0.016016016016,0,-0.249783820115,0.548814349941,5,107.0
244,1,4.76490344916,1.0,7.0,0.00900900900901,0,-0.0730992404254,-0.0157988295613,5,597.0
245,0,9.82507518969,5.0,,0.00700700700701,0,1.63396985973,-0.0768343895046,5,
246,1,5.48900812823,5.0,6.0,0.00800800800801,1,-0.401100956201,1.69231099683,5,710.0
247,1,6.85197106672,6.0,9.0,0.018018018018,0,0.451727454377,0.496788703591,5,608.0
248,1,6.86229838958,5.0,8.0,0.015015015015,0,0.39692236255,0.671531301934,5,239.0
249,1,2.97390642338,2.0,4.0,0.011011011011,0,-0.583448625951,-0.275747698767,5,282.0
250,1,4.13967630543,0.0,5.0,0.01001001001,0,-0.526657750209,0.719649556055,5,271.0
251,1,6.91053151558,4.0,9.0,0.011011011011,0,0.583382480261,0.160384074798,5,414.0
252,1,2.49543168419,,3.0,0.00900900900901,0,-0.982255250144,0.442197434624,5,88.0
253,0,10.5879404522,8.0,,0.012012012012,0,1.97701628276,-0.343108396114,5,225.0
254,1,4.48504263887,2.0,6.0,0.00700700700701,0,0.129791831019,-0.904332854181,5,504.0
255,1,5.5949763526,0.0,6.0,0.00800800800801,0,0.105336796407,0.278965963376,5,650.0
256,1,3.4830179722,,4.0,0.017017017017,0,-1.06732549587,1.6849944598,5,126.0
257,1,3.04288619897,0.0,9.0,0.00900900900901,0,-1.18131476458,1.5868304927,5,525.0
258,1,4.19244612849,4.0,5.0,0.016016016016,1,-0.351821585331,0.247910884477,5,350.0
259,1,6.57571127022,0.0,7.0,0.014014014014,0,0.576532998746,-0.153887726021,5,264.0
260,1,4.83401751521,3.0,6.0,0.013013013013,0,0.181354229648,-0.71004517373,5,478.0
261,1,5.20019819391,3.0,7.0,0.00800800800801,0,-0.0964155622368,0.489444880616,5,424.0
262,0,6.12596557019,5.0,,0.013013013013,0,0.40457380707,-0.0877558510155,5,685.0
263,0,9.73716453867,8.0,,0.01001001001,0,0.760566969137,2.45546363126,5,155.0
264,1,7.53060942042,6.0,8.0,0.023023023023,0,1.2222088049,-1.13601699429,5,615.0
265,1,5.38751464131,3.0,6.0,0.019019019019,0,0.143357520647,-0.0425579206304,5,155.0
266,1,0.554331158193,0.0,5.0,0.017017017017,0,-1.26195448616,-0.659805383313,5,247.0
267,1,-0.156864173804,,1.0,0.012012012012,0,-1.81660949075,0.292964298456,5,32.0
268,1,4.22305269174,3.0,7.0,0.00900900900901,0,0.0650120516284,-0.971983463147,5,445.0
269,1,3.6842206219,2.0,6.0,0.00800800800801,0,-0.750888424969,0.936885896807,5,596.0
270,0,8.40085844352,7.0,,0.01001001001,0,1.02501189825,0.32582274876,5,640.0
271,1,5.33513233432,1.0,9.0,0.012012012012,0,0.396631986676,-0.854763625708,5,578.0
272,1,5.72628257064,5.0,7.0,0.014014014014,0,0.204268515942,0.11347702281,5,374.0
273,1,5.47209685204,5.0,8.0,0.012012012012,0,0.500375624568,-1.02903002166,5,467.0
274,1,3.3604747682,2.0,4.0,0.021021021021,0,-0.477920333186,-0.205764232242,5,86.0
275,1,5.41921095423,2.0,9.0,0.02002002002,0,0.0217351965177,0.354005364674,5,461.0
276,1,3.62908430368,3.0,7.0,0.015015015015,0,-0.597041436958,0.420208614558,5,278.0
277,1,-2.10823836169,,1.0,0.019019019019,0,-2.59530977518,0.677690963858,5,48.0
278,1,5.29161426816,3.0,6.0,0.00800800800801,0,0.0598209238311,0.112151496665,5,468.0
279,1,2.63950348015,1.0,5.0,0.00700700700701,0,-0.747668436998,-0.11749120886,5,128.0
280,1,-0.972460242106,,0.0,0.00800800800801,1,-2.1090138518,0.354581313302,5,29.0
281,1,0.980860061697,0.0,1.0,0.00800800800801,1,-0.754424945391,-1.75586510213,5,70.0
282,1,3.93344985661,0.0,4.0,0.00800800800801,0,-0.56197364656,0.619370796287,5,407.0
283,1,4.27153480792,2.0,5.0,0.011011011011,0,-0.216347262855,-0.0794234035139,5,368.0
284,1,1.41339404035,1.0,2.0,0.011011011011,1,-1.01773513637,-0.533400550551,5,121.0
285,1,3.15216629453,3.0,4.0,0.00600600600601,1,-0.43458804334,-0.544069575452,5,294.0
286,1,7.69634545162,7.0,8.0,0.00900900900901,1,0.810734154942,0.264142986795,5,648.0
287,1,4.28777877538,4.0,5.0,0.00600600600601,1,-0.318725649034,0.243955722477,5,574.0
288,0,11.1924264523,8.0,,0.00900900900901,0,2.36935506852,-0.915638753245,5,489.0
289,1,7.83307247433,7.0,10.0,0.017017017017,0,0.681313111657,0.789133139364,5,696.0
290,1,3.3908547828,2.0,6.0,0.00900900900901,0,-0.355642770118,-0.542216906847,5,460.0
291,1,3.40463004065,2.0,8.0,0.01001001001,0,-0.517730513403,-0.0421784191372,5,315.0
292,1,2.79675178333,0.0,3.0,0.018018018018,0,-0.954878885654,0.661388440291,5,56.0
293,1,2.89679709403,2.0,3.0,0.012012012012,1,-0.612254250067,-0.266440155768,5,123.0
294,1,0.473629460052,0.0,2.0,0.011011011011,0,-1.31910934035,-0.569042518898,5,94.0
295,1,6.39222274089,5.0,7.0,0.00800800800801,0,0.430431402268,0.100928534083,5,587.0
296,0,9.77373521303,9.0,,0.011011011011,0,1.22466503707,1.09974010183,5,45.0
297,1,1.59894394662,1.0,2.0,0.00800800800801,1,-1.15497608108,0.0638721898534,5,89.0
298,1,6.19489780558,6.0,7.0,0.00800800800801,1,0.46465361198,-0.199063030357,5,622.0
299,1,1.29722417274,0.0,7.0,0.019019019019,0,-1.64783663267,1.24073407076,5,308.0
300,1,2.06546842423,2.0,6.0,0.015015015015,0,-0.692115587968,-0.858184811867,5,333.0
301,0,10.0068919063,6.0,,0.00900900900901,0,1.77290595313,-0.311825953134,5,
302,1,4.51413399078,4.0,5.0,0.00800800800801,1,0.0522245422931,-0.642539636104,5,698.0
303,1,4.25590751657,3.0,6.0,0.00700700700701,0,-0.43682410837,0.566379841679,5,348.0
304,1,2.52738492388,1.0,3.0,0.01001001001,0,-0.395299370337,-1.28671696511,5,80.0
305,1,2.01720924046,0.0,5.0,0.01001001001,0,-1.05394779444,0.179052623774,5,277.0
306,1,8.70295969689,6.0,9.0,0.00900900900901,0,1.1414700167,0.278549646802,5,681.0
307,1,2.60644683297,2.0,3.0,0.00700700700701,1,-0.756009341302,-0.125525143122,5,152.0
308,1,4.09114627549,4.0,5.0,0.01001001001,1,-0.322552740681,0.0588044975364,5,399.0
309,1,8.08248778147,8.0,9.0,0.014014014014,1,0.60908983589,1.2552182738,5,653.0
310,1,6.02877705048,6.0,7.0,0.00900900900901,1,0.41670310937,-0.221332277632,5,430.0
311,0,7.36078482523,6.0,,0.00800800800801,0,0.324733912148,1.38658308879,5,101.0
312,1,1.72925792667,1.0,6.0,0.00700700700701,0,-1.11634404133,0.0782900506476,5,334.0
313,1,4.10566876438,2.0,5.0,0.00900900900901,0,-0.322653780817,0.0736301068285,5,340.0
314,1,4.38612360217,4.0,5.0,0.00700700700701,1,-0.17484166706,-0.0893513966523,5,441.0
315,1,3.63854833313,1.0,5.0,0.00800800800801,0,-0.321030900702,-0.398358964762,5,550.0
316,1,4.85011569189,1.0,6.0,0.011011011011,0,-0.550500091431,1.50161596619,5,184.0
317,1,3.59779185856,3.0,6.0,0.00700700700701,0,-0.341284418184,-0.378354886887,5,601.0
318,0,9.38637916737,6.0,,0.00600600600601,0,1.74802450882,-0.857694359086,5,
319,1,5.43152238988,5.0,6.0,0.01001001001,1,-0.0390755907311,0.548749162072,5,280.0
320,1,3.90840745575,3.0,6.0,0.00900900900901,0,-0.305423932947,-0.175320745409,5,474.0
321,1,8.88298422354,8.0,9.0,0.012012012012,1,0.831960930353,1.38710143248,5,699.0
322,0,8.10956483379,8.0,,0.01001001001,0,1.20130425419,-0.494347928787,5,
323,1,5.49930458559,4.0,8.0,0.011011011011,0,-0.232197025739,1.19589566281,5,581.0
324,1,4.24608958401,3.0,6.0,0.011011011011,0,-0.780447632515,1.58743248155,5,530.0
325,1,8.65804596546,8.0,9.0,0.013013013013,1,1.04455443731,0.524382653521,5,718.0
326,1,6.26064186171,0.0,9.0,0.016016016016,0,0.592767211287,-0.517659772154,5,473.0
327,1,4.75836176926,2.0,5.0,0.01001001001,0,-0.395434609607,0.944665598079,5,311.0
328,1,5.19833744261,3.0,6.0,0.00900900900901,0,-0.439459935326,1.51671724859,5,551.0
329,0,9.37558926697,5.0,,0.00800800800801,0,1.20808040996,0.751348037107,5,649.0
330,0,7.43418380709,7.0,,0.00800800800801,0,0.299708265785,1.53505900974,5,495.0
331,1,5.96267856666,5.0,6.0,0.00900900900901,1,0.525982256985,-0.615268204299,5,689.0
332,1,9.31669429289,7.0,11.0,0.012012012012,0,1.33974040228,0.29747308605,5,593.0
333,1,1.36991400514,1.0,2.0,0.00800800800801,1,-1.71950398794,1.52842596895,5,287.0
334,1,3.33952547424,1.0,9.0,0.012012012012,0,-0.173308230774,-1.14054983344,5,459.0
335,1,6.87199438659,6.0,7.0,0.00700700700701,1,0.850478375436,-0.679440739723,5,697.0
336,1,5.19496308458,5.0,6.0,0.00600600600601,1,-0.10088460994,0.497616914401,5,657.0
337,1,6.31826760362,6.0,8.0,0.01001001001,0,0.470774827829,-0.094056879872,5,611.0
338,1,0.64613876443,0.0,10.0,0.012012012012,0,-1.48034968709,0.08718782569,5,634.0
339,1,2.99236444217,0.0,5.0,0.00800800800801,0,-0.865797320625,0.589756404043,5,195.0
340,1,5.4137736353,4.0,6.0,0.00700700700701,0,-0.398304877164,1.60868826679,5,400.0
341,0,7.4763779785,7.0,,0.011011011011,0,0.549312291736,0.828441103295,5,684.0
342,1,1.84541536455,1.0,7.0,0.00800800800801,0,-0.49165240977,-1.67962740614,5,324.0
343,0,9.57435296093,8.0,,0.011011011011,0,1.39943487175,0.376048345672,5,565.0
344,0,9.21772668723,8.0,,0.00800800800801,0,1.64502093025,-0.717336103525,5,277.0
345,1,5.88193345409,3.0,10.0,0.016016016016,0,0.140838089999,0.459419184095,5,535.0
346,1,3.54288581472,0.0,5.0,0.012012012012,0,-0.755953486004,0.810746272731,5,177.0
347,1,3.6761135287,1.0,4.0,0.01001001001,0,-0.199362332226,-0.725799474625,5,151.0
348,0,10.5308615916,7.0,,0.00900900900901,0,1.2475918786,1.78808595583,5,279.0
349,0,8.84813277916,8.0,,0.00900900900901,0,1.28707890967,-0.0131039498655,5,493.0
350,1,6.93097691413,4.0,7.0,0.014014014014,0,0.32264430724,0.963043992411,5,330.0
351,1,1.89099791483,,2.0,0.00700700700701,0,-1.36643574891,0.990305161568,5,18.0
352,1,7.46260245664,7.0,11.0,0.018018018018,0,0.908226573848,-0.262077264905,5,541.0
353,1,7.20274969437,7.0,8.0,0.01001001001,1,0.408499318908,0.97725173765,5,631.0
354,1,1.00455097982,1.0,4.0,0.00700700700701,0,-1.13198540729,-0.599492798321,5,246.0
355,1,7.38572830744,6.0,8.0,0.018018018018,0,0.817890205464,-0.0679423089517,5,661.0
356,0,10.0498134803,9.0,,0.00900900900901,0,1.62058964616,0.188044541813,5,662.0
357,1,4.95590870565,2.0,8.0,0.011011011011,0,0.41214106514,-1.28051448977,5,607.0
358,1,-3.07874596505,,1.0,0.01001001001,0,-2.63919118699,-0.16117240409,5,30.0
359,0,11.0162406064,9.0,,0.012012012012,0,1.98390365282,0.0645296479834,5,
360,1,4.75911659418,4.0,5.0,0.00900900900901,1,-0.328105654238,0.743433556892,5,573.0
361,1,2.98054899486,1.0,4.0,0.00800800800801,0,-0.456084382229,-0.651197858456,5,398.0
362,1,3.29665805708,3.0,8.0,0.015015015015,0,-0.624008575523,0.168683783652,5,317.0
363,1,2.26860100873,0.0,3.0,0.00700700700701,0,-0.773418653775,-0.411143029943,5,261.0
364,0,5.17996343159,5.0,,0.00700700700701,0,-0.22645505385,0.859328593144,5,240.0
365,0,6.21616906396,6.0,,0.00800800800801,0,0.381268588589,0.0723632981892,5,100.0
366,0,10.8679795478,10.0,,0.012012012012,0,1.94508353236,0.0327289507094,5,541.0
367,1,5.31728939988,3.0,6.0,0.00600600600601,0,0.247352148989,-0.424767047084,5,660.0
368,1,8.91857747073,8.0,10.0,0.014014014014,0,1.27630512023,0.0896621100369,5,462.0
369,1,2.83246089208,,5.0,0.00700700700701,0,-0.660336935483,-0.18652830147,5,534.0
370,0,10.7338143727,7.0,,0.011011011011,0,2.4151588928,-1.51166230564,5,663.0
371,1,7.20422149321,6.0,8.0,0.011011011011,0,0.935545882976,-0.602416155719,5,543.0
372,1,0.393534866365,,1.0,0.00900900900901,0,-1.26500619506,-0.811446548467,5,41.0
373,0,8.0296491045,8.0,,0.01001001001,0,1.24905372634,-0.717512074515,5,415.0
374,0,6.12624344047,6.0,,0.00800800800801,0,0.307478380167,0.203808299971,5,457.0
375,1,5.3883549866,5.0,7.0,0.011011011011,0,0.289407747086,-0.479868254657,5,651.0
376,0,9.652051127,6.0,,0.00800800800801,0,1.50342594754,0.141773284381,5,386.0
377,0,11.3094718555,7.0,,0.00700700700701,0,1.93488959999,0.504803055483,5,9.0
378,1,1.76345468594,0.0,6.0,0.011011011011,0,-0.865579832102,-0.639805817753,5,586.0
379,0,10.1927603101,10.0,,0.015015015015,0,1.8698834944,-0.416890173105,5,
380,0,5.59953232061,5.0,,0.00600600600601,0,-0.0562919972782,0.768408312445,5,10.0
381,1,2.29155487161,1.0,4.0,0.00800800800801,0,-1.17077502557,0.803879948337,5,218.0
382,1,5.18367055563,5.0,6.0,0.01001001001,1,0.0589765869798,0.00674079469054,5,647.0
383,1,2.1679243458,0.0,7.0,0.01001001001,0,-0.831302531185,-0.338168060644,5,428.0
384,0,7.00208426873,7.0,,0.012012012012,0,0.756589697532,-0.267684823864,5,108.0
385,1,2.05287807441,0.0,5.0,0.00700700700701,0,-0.864363542259,-0.354031298817,5,314.0
386,1,6.39162258747,4.0,7.0,0.01001001001,0,0.303530538232,0.481030972778,5,458.0
387,1,6.20195223323,0.0,7.0,0.00800800800801,0,0.277704224979,0.368839558297,5,558.0
388,1,7.6317290354,7.0,8.0,0.00900900900901,1,1.1383295111,-0.783259497902,5,645.0
389,1,4.50699322551,4.0,7.0,0.00900900900901,0,0.324375639319,-1.46613369245,5,544.0
390,1,2.85870695831,,6.0,0.012012012012,0,-0.743240315406,0.0884279045277,5,415.0
391,1,0.621088051299,0.0,2.0,0.011011011011,0,-1.51077232642,0.153405030572,5,35.0
392,1,0.934511243371,0.0,1.0,0.00700700700701,1,-1.09103768686,-0.792375696038,5,146.0
393,1,3.43067980701,2.0,4.0,0.01001001001,0,-0.62961183266,0.319515304994,5,367.0
394,1,0.964258195125,0.0,7.0,0.015015015015,0,-1.30006834655,-0.135536765222,5,169.0
395,1,0.91403819357,0.0,1.0,0.00900900900901,1,-1.21582295385,-0.43849294489,5,73.0
396,1,5.79574882076,5.0,6.0,0.00600600600601,1,0.169757833301,0.286475320857,5,715.0
397,1,5.98719369516,5.0,6.0,0.00700700700701,1,1.20359245605,-2.62358367298,5,702.0
398,0,6.56094249548,6.0,,0.00700700700701,0,0.347477989946,0.518508525641,5,280.0
399,0,9.43000983249,8.0,,0.00900900900901,0,0.971557806133,1.51533641409,5,
400,1,4.58448874305,4.0,5.0,0.00700700700701,1,-0.248033089797,0.328588012444,5,609.0
401,1,5.27368460438,3.0,7.0,0.01001001001,0,0.128897775818,-0.113008723076,5,619.0
402,0,11.0182414374,7.0,,0.01001001001,0,1.75060456506,0.766427742254,5,669.0
403,1,4.10454063362,4.0,5.0,0.00600600600601,1,-0.0980344546231,-0.601356002508,5,293.0
404,1,4.54118427543,2.0,7.0,0.00900900900901,0,0.291643882883,-1.33374737322,5,562.0
405,0,10.5722100625,6.0,,0.00800800800801,0,2.19642200314,-1.01705594687,5,
406,1,5.12998919737,4.0,7.0,0.01001001001,0,0.216031093455,-0.518104082998,5,639.0
407,1,6.74596982248,1.0,7.0,0.01001001001,0,0.525050758839,0.170817545965,5,316.0
408,1,2.91454036639,1.0,3.0,0.00700700700701,0,-0.483678154295,-0.634425170728,5,413.0
409,0,6.46185233423,6.0,,0.00700700700701,0,0.218596464943,0.806062939403,5,515.0
410,0,8.35112811435,6.0,,0.00600600600601,0,1.11358307387,0.0103788927347,5,
411,1,4.57888615944,3.0,6.0,0.00900900900901,0,0.0230841271239,-0.490366221929,5,494.0
412,1,6.29034455465,4.0,7.0,0.00900900900901,0,0.469327448567,-0.117637791046,5,606.0
413,1,9.49101503755,9.0,10.0,0.012012012012,1,1.78398848447,-0.860950415843,5,546.0
414,0,6.81321545892,6.0,,0.00700700700701,0,0.441321466725,0.489251058745,5,636.0
415,1,4.04920040376,4.0,6.0,0.00700700700701,0,-0.523685671658,0.620257418732,5,485.0
416,1,9.48603325757,5.0,10.0,0.012012012012,0,1.27779596676,0.652645357302,5,675.0
417,1,5.610628118,2.0,6.0,0.013013013013,0,0.169870201698,0.10101751291,5,419.0
418,1,3.96109439108,3.0,4.0,0.015015015015,1,-0.540746103816,0.583332702524,5,302.0
419,0,8.25180034383,7.0,,0.00900900900901,0,0.824767309266,0.777498416033,5,689.0
420,1,4.62359085291,4.0,5.0,0.012012012012,1,-0.0055642710243,-0.359716334013,5,449.0
421,1,4.82519107683,3.0,5.0,0.00700700700701,0,0.0859665799894,-0.432708663138,5,230.0
422,1,5.80781939313,5.0,6.0,0.00700700700701,1,0.323986194307,-0.164139189795,5,621.0
423,1,4.19323749065,2.0,6.0,0.00700700700701,0,-0.453328149101,0.553221937949,5,674.0
424,0,4.49909060636,4.0,,0.00700700700701,0,-0.387611572545,0.661925323994,5,
425,1,7.37342543655,7.0,9.0,0.01001001001,0,0.75740844805,0.101200092397,5,612.0
426,1,1.20228296829,0.0,2.0,0.00600600600601,0,-0.807577671686,-1.37498401666,5,260.0
427,1,3.0669744211,3.0,4.0,0.012012012012,1,-0.854372916097,0.630093169394,5,319.0
428,1,4.86630655361,2.0,5.0,0.011011011011,0,-0.188465109291,0.431701881484,5,385.0
429,1,1.43334420575,1.0,4.0,0.00600600600601,0,-1.40548044963,0.649785554631,5,545.0
430,0,7.84109041986,7.0,,0.00700700700701,0,0.723493079009,0.670611182833,5,436.0
431,0,10.2846801856,9.0,,0.01001001001,0,1.77184792861,-0.0308636002648,5,257.0
432,1,3.94420975031,3.0,4.0,0.00800800800801,1,-0.745590113488,1.18098009077,5,241.0
433,1,3.68626113842,0.0,5.0,0.00800800800801,0,-0.272347966521,-0.496694962019,5,390.0
434,0,8.31493935761,8.0,,0.011011011011,0,1.14715126001,-0.126514422423,5,639.0
435,1,3.54494042663,3.0,6.0,0.00800800800801,0,-0.852289962851,1.10181031518,5,377.0
436,1,8.70735791055,8.0,9.0,0.012012012012,1,1.04738958362,0.565189159677,5,532.0
437,0,6.47120116723,6.0,,0.00600600600601,0,0.400838297876,0.268686273608,5,117.0
438,1,4.95648693441,4.0,5.0,0.00800800800801,1,-0.0184570901897,0.0118582049788,5,628.0
439,1,6.55950017264,6.0,7.0,0.01001001001,1,0.833842618738,-0.942027683578,5,295.0
440,0,9.13687123454,6.0,,0.00700700700701,0,1.13630695927,0.727950356729,5,
441,1,4.59334705199,4.0,11.0,0.014014014014,0,0.603996438047,-2.21864226215,5,663.0
442,1,5.74925428729,5.0,6.0,0.00900900900901,1,0.469678065352,-0.659779908767,5,325.0
443,1,4.78632811134,2.0,5.0,0.00900900900901,0,-0.366843561352,0.886858795393,5,243.0
444,0,10.6178305157,6.0,,0.00800800800801,0,1.92242818681,-0.149454044746,5,
445,1,6.84916215308,4.0,8.0,0.015015015015,0,0.635354857559,-0.0569024195921,5,477.0
446,0,9.75107673172,6.0,,0.00800800800801,0,1.70503207931,-0.364019506224,5,78.0
447,1,3.57894531141,3.0,6.0,0.00700700700701,0,-0.33754281784,-0.408426235064,5,484.0
448,1,4.24053463949,3.0,5.0,0.012012012012,0,-0.2350003662,-0.0544642619128,5,406.0
449,0,7.29497964254,7.0,,0.00700700700701,0,0.970926755665,-0.61780062446,5,519.0
450,1,5.62592131977,4.0,6.0,0.00900900900901,0,0.472005616268,-0.79009552903,5,431.0
451,1,6.50054992509,6.0,7.0,0.01001001001,1,0.43784328849,0.187020059621,5,668.0
452,0,7.63296773678,5.0,,0.00800800800801,0,1.06476514347,-0.561327693638,5,
453,0,5.27818796789,5.0,,0.00600600600601,0,0.0673324335772,0.0761906671536,5,527.0
454,1,4.86552844022,3.0,6.0,0.011011011011,0,-0.387894122286,1.02921080708,5,486.0
455,1,5.64987170962,5.0,6.0,0.013013013013,1,0.0946953575072,0.365785637099,5,481.0
456,1,2.88799300011,1.0,3.0,0.013013013013,0,-0.592905824543,-0.333289526258,5,170.0
457,1,2.49039965014,2.0,3.0,0.011011011011,1,-0.442569106107,-1.18189303154,5,98.0
458,1,3.95287534132,0.0,5.0,0.00900900900901,0,-0.339307905117,-0.0292009433327,5,263.0
459,1,3.97067466754,3.0,5.0,0.00700700700701,0,-0.581299639868,0.714573587144,5,687.0
460,0,7.2912825603,7.0,,0.00700700700701,0,1.21578852581,-1.35608301713,5,132.0
461,0,7.20780301955,6.0,,0.00900900900901,0,0.118321404369,1.85283880645,5,692.0
462,0,7.05187470332,6.0,,0.00600600600601,0,1.04277084721,-1.07643783833,5,33.0
463,1,-2.14128164266,,1.0,0.00900900900901,0,-2.35758309717,-0.0685323511467,5,109.0
464,1,-1.22845298642,,2.0,0.00900900900901,0,-1.85282493704,-0.669978175308,5,60.0
465,1,6.62670430076,5.0,8.0,0.01001001001,0,0.588023678796,-0.137366735629,5,572.0
466,0,6.55690099107,6.0,,0.00600600600601,0,0.51921477497,-0.000743333838849,5,
467,1,5.55431849014,5.0,6.0,0.00700700700701,1,0.0219377887215,0.488505123971,5,694.0
468,1,-0.418500164917,,0.0,0.00900900900901,1,-1.44353995481,-1.08788030048,5,21.0
469,0,9.72261954713,5.0,,0.00700700700701,0,1.16355696212,1.23194866076,5,
470,0,8.51143633147,6.0,,0.00800800800801,0,1.14187904689,0.0857991907921,5,567.0
471,1,1.85390795884,1.0,2.0,0.00700700700701,1,-0.535211834626,-1.54045653728,5,129.0
472,0,8.04584874522,7.0,,0.00700700700701,0,0.896101952022,0.357542889151,5,
473,0,7.28913942462,7.0,,0.00900900900901,0,0.550697099724,0.637048125448,5,
474,0,8.73996292184,6.0,,0.00700700700701,0,1.28822317195,-0.124706594014,5,531.0
475,1,4.94067810068,4.0,7.0,0.01001001001,0,-0.184919528837,0.49543668719,5,482.0
476,1,4.82576424721,4.0,5.0,0.00900900900901,1,-0.093084503373,0.105017757326,5,560.0
477,0,6.37145783502,5.0,,0.00700700700701,0,0.579504656018,-0.367056133039,5,
478,1,3.46083522973,,4.0,0.012012012012,0,-0.766585427299,0.760591511628,5,183.0
479,1,4.63042083249,2.0,5.0,0.00800800800801,0,-0.272414880656,0.447665474456,5,416.0
480,1,1.1303125582,0.0,3.0,0.00800800800801,0,-1.48795764207,0.594185484417,5,231.0
481,1,3.24909986742,3.0,7.0,0.01001001001,0,-0.502087379755,-0.244637993315,5,585.0
482,0,6.61630916109,6.0,,0.00700700700701,0,0.721066482854,-0.546890287476,5,
483,0,12.7880910051,8.0,,0.01001001001,0,2.19569563916,1.20100408756,5,368.0
484,1,-0.117182780029,,0.0,0.00600600600601,1,-0.934909557244,-2.3124541083,5,31.0
485,0,9.8713186718,6.0,,0.00700700700701,0,1.05752800274,1.69873466357,5,
486,1,4.3980693083,4.0,5.0,0.00600600600601,1,0.222778882985,-1.27026734066,5,704.0
487,0,7.25100204767,7.0,,0.00800800800801,0,0.84625652632,-0.28776753129,5,618.0
488,1,3.65843158066,1.0,6.0,0.00900900900901,0,-0.240447209418,-0.620226791088,5,432.0
489,1,5.55373056958,5.0,6.0,0.00800800800801,1,0.121716364755,0.188581475316,5,641.0
490,1,5.90036719271,4.0,6.0,0.00900900900901,0,0.541689087171,-0.724700068806,5,706.0
491,1,3.08942536915,3.0,6.0,0.00700700700701,0,-0.721710804672,0.254557783165,5,433.0
492,1,2.73759665043,2.0,3.0,0.00900900900901,1,-0.434104176847,-0.96009081903,5,167.0
493,1,7.24556899899,7.0,8.0,0.013013013013,1,0.68528461886,0.189715142407,5,490.0
494,1,7.98187481611,4.0,8.0,0.012012012012,0,1.048327038,-0.16310629789,5,652.0
495,0,7.58827302821,6.0,,0.00600600600601,0,1.27585678366,-1.23929732277,5,
496,1,-0.639885342398,,0.0,0.01001001001,1,-1.40700761431,-1.41886249946,5,45.0
497,0,7.59090109066,6.0,,0.00600600600601,0,1.08523100692,-0.664791930108,5,193.0
498,1,-2.12342607892,,0.0,0.00800800800801,1,-2.38533396963,0.0325758299553,5,12.0
499,0,7.12787246337,6.0,,0.00800800800801,0,0.495267432995,0.642070164383,5,
500,1,4.1604320084,3.0,6.0,0.00700700700701,0,0.109349429722,-1.16761628076,5,444.0
501,1,2.5583699311,2.0,4.0,0.00900900900901,0,-0.826624564992,0.0382436260796,5,279.0
502,0,8.61377310495,5.0,,0.00600600600601,0,0.965997597236,0.715780313241,5,165.0
503,1,7.70481908903,5.0,11.0,0.013013013013,0,0.56266872584,1.01681291151,5,682.0
504,1,-2.86043598658,,2.0,0.01001001001,0,-2.00720860652,-1.83881016702,5,52.0
505,1,1.94635768945,1.0,3.0,0.00700700700701,0,-0.70307847259,-0.944406892778,5,112.0
506,1,5.22778796319,5.0,6.0,0.01001001001,1,0.144127964442,-0.20459593014,5,692.0
507,0,12.6777070477,9.0,,0.01001001001,0,2.38536732837,0.521605062544,5,588.0
508,1,3.3297359892,3.0,5.0,0.00700700700701,0,-0.754672338206,0.593753003814,5,446.0
509,1,3.87842504286,1.0,4.0,0.00700700700701,0,-0.539962367692,0.498312145941,5,506.0
510,1,5.59967139342,5.0,6.0,0.00700700700701,1,-0.0134918208292,0.640146855906,5,512.0
511,1,3.41413907266,3.0,4.0,0.00800800800801,1,-0.200288786644,-0.984994567413,5,338.0
512,1,-0.0366477569617,,0.0,0.00800800800801,1,-1.37265225082,-0.918691004495,5,99.0
513,1,2.29334910976,,4.0,0.00700700700701,0,-0.923295365857,0.063235207326,5,613.0
514,0,6.3143660557,6.0,,0.00700700700701,0,0.260129380395,0.53397791452,5,674.0
515,1,5.89933673226,5.0,7.0,0.00800800800801,0,0.484483856917,-0.554114838494,5,636.0
516,1,4.0414089293,4.0,5.0,0.00800800800801,1,0.108782042285,-1.28493719756,5,566.0
517,1,1.8057206388,1.0,2.0,0.012012012012,1,-1.11863718674,0.161632199006,5,305.0
518,0,6.64092620095,5.0,,0.00800800800801,0,0.343975516,0.608999652954,5,416.0
519,0,7.83619530549,6.0,,0.00600600600601,0,1.04347128975,-0.294218563767,5,227.0
520,0,4.24447777548,4.0,,0.00900900900901,0,0.263453230261,-1.5458819153,5,
521,1,2.19856162425,0.0,6.0,0.00700700700701,0,-0.784295193937,-0.448552793939,5,517.0
522,1,5.18538972918,3.0,7.0,0.00900900900901,0,-0.0301000531908,0.275689888754,5,207.0
523,1,3.66092899742,3.0,5.0,0.00600600600601,0,-0.358532051459,-0.263474848203,5,404.0
524,0,11.9754976625,7.0,,0.00800800800801,0,2.57376097559,-0.745785264253,5,510.0
525,1,4.36981083405,4.0,7.0,0.011011011011,0,-0.633031712448,1.2689059714,5,514.0
526,1,6.90315583875,5.0,8.0,0.011011011011,0,0.78811613345,-0.4611925616,5,366.0
527,1,4.29768662257,2.0,5.0,0.00700700700701,0,-0.0780079653626,-0.46828948134,5,250.0
528,1,2.08827611922,0.0,5.0,0.01001001001,0,-0.997233751763,0.079977374506,5,205.0
529,1,3.72616511523,3.0,4.0,0.00600600600601,1,-0.275967404594,-0.445932670988,5,265.0
530,1,5.05245004087,5.0,7.0,0.00700700700701,0,0.0994858387091,-0.246007475261,5,656.0
531,1,-1.90806613595,,0.0,0.012012012012,1,-2.17884330204,-0.371536229818,5,22.0
532,0,12.1172894702,8.0,,0.01001001001,0,2.67120982434,-0.896340002853,5,
533,0,7.9179614207,6.0,,0.00700700700701,0,0.810536007512,0.486353398162,5,500.0
534,0,6.85116203961,6.0,,0.01001001001,0,0.536327185696,0.242180482519,5,200.0
535,1,1.5397787179,1.0,4.0,0.00600600600601,0,-1.36807645031,0.64400806883,5,342.0
536,1,4.74541312256,2.0,6.0,0.011011011011,0,0.420635628132,-1.51649376183,5,307.0
537,1,2.48413097683,2.0,5.0,0.00700700700701,0,-0.882928852725,0.132917535001,5,429.0
538,1,2.8446446545,2.0,3.0,0.00700700700701,1,-0.570104722844,-0.44504117697,5,335.0
539,1,1.4246855224,1.0,2.0,0.00700700700701,1,-1.10474964399,-0.261065545628,5,223.0
540,1,3.94394658275,3.0,4.0,0.00600600600601,1,-0.535121578609,0.549311318574,5,480.0
541,1,-0.572133414967,,1.0,0.00700700700701,0,-1.78668963933,-0.21206449697,5,49.0
542,0,8.20452250415,7.0,,0.00800800800801,0,1.29951396471,-0.694019389985,5,316.0
543,1,4.37113039546,3.0,6.0,0.01001001001,0,-0.286649484922,0.231078850226,5,450.0
544,1,6.90810638014,6.0,8.0,0.011011011011,0,0.655711381206,-0.0590277634799,5,713.0
545,0,9.67741004729,4.0,,0.00500500500501,0,1.58578367916,-0.0799409901799,5,167.0
546,1,3.68221010776,,4.0,0.00700700700701,0,-0.322951605372,-0.34893507612,5,320.0
547,0,7.54712931749,6.0,,0.00600600600601,0,1.12394280279,-0.82469909087,5,
548,1,3.95532533115,3.0,5.0,0.00700700700701,0,0.0866822463172,-1.3047214078,5,563.0
549,1,1.54586069046,1.0,3.0,0.00900900900901,0,-0.178370318547,-2.91902835389,5,332.0
550,0,6.85095801009,6.0,,0.00700700700701,0,0.814695899134,-0.593129687311,5,468.0
551,0,11.9967190388,6.0,,0.00600600600601,0,2.058410052,0.821488882783,5,606.0
552,1,4.77847813741,2.0,6.0,0.00900900900901,0,0.132572061804,-0.619238048005,5,594.0
553,0,12.6112203211,6.0,,0.01001001001,0,1.96914152678,1.70379574081,5,
554,0,10.5242072191,6.0,,0.00800800800801,0,1.47582825344,1.09672245878,5,336.0
555,1,5.27383237835,1.0,6.0,0.00800800800801,0,-0.106008848041,0.591858922471,5,255.0
556,1,2.12135359063,2.0,3.0,0.00800800800801,1,-0.774790619144,-0.554274551934,5,403.0
557,1,4.68524687038,3.0,7.0,0.00900900900901,0,-0.0963237457021,-0.0257818925111,5,438.0
558,1,3.7101381157,2.0,4.0,0.014014014014,0,-0.414440120949,-0.0465415214506,5,273.0
559,1,7.32777453831,7.0,8.0,0.00900900900901,1,0.683577470555,0.277042126643,5,703.0
560,0,10.8291026111,9.0,,0.00900900900901,0,1.86615055027,0.230650960309,5,272.0
561,0,7.91131359498,5.0,,0.00800800800801,0,1.24163380496,-0.813587819885,5,63.0
562,0,6.12407754431,6.0,,0.013013013013,0,0.388230418861,-0.040613712277,5,
563,1,6.11168386414,6.0,8.0,0.00800800800801,0,0.731617408049,-1.08316836001,5,617.0
564,1,0.0418685286272,0.0,1.0,0.00700700700701,1,-1.62503826763,-0.0830166684884,5,39.0
565,0,8.31915218451,6.0,,0.00800800800801,0,1.09689578242,0.028464837257,5,693.0
566,1,0.139510561662,,1.0,0.01001001001,0,-1.64841421293,0.0847532004593,5,51.0
567,1,-0.868982819955,,0.0,0.00600600600601,1,-2.01660035213,0.180818236449,5,4.0
568,1,5.80511736236,4.0,7.0,0.00800800800801,0,0.175707187462,0.27799579997,5,457.0
569,1,1.53224692394,1.0,2.0,0.01001001001,1,-1.14572530446,-0.0305771626709,5,111.0
570,0,8.5957954719,6.0,,0.00700700700701,0,1.24547099704,-0.140617519226,5,295.0
571,1,5.83647160204,2.0,6.0,0.00800800800801,0,0.264143898589,0.044039906276,5,417.0
572,1,1.76021964024,1.0,2.0,0.00800800800801,1,-0.7900354774,-0.869673927564,5,162.0
573,1,1.52891966526,0.0,3.0,0.00600600600601,0,-1.40075450299,0.731183174226,5,527.0
574,1,2.77709199556,2.0,7.0,0.00700700700701,0,-0.825551397444,0.253746187895,5,364.0
575,1,-0.870433618655,,6.0,0.00700700700701,0,-2.27721435892,0.96120945809,5,584.0
576,1,4.70068477703,4.0,6.0,0.00800800800801,0,-0.424197062302,0.97327596394,5,711.0
577,0,8.05930072135,7.0,,0.00800800800801,0,1.18039803137,-0.481893372771,5,687.0
578,1,2.31154811975,2.0,4.0,0.011011011011,0,-0.475804133842,-1.26103947872,5,134.0
579,1,4.9825723908,1.0,7.0,0.011011011011,0,0.34931776975,-1.06538091845,5,469.0
580,0,10.6742919701,7.0,,0.00800800800801,0,2.01349289958,-0.366186728622,5,667.0
581,1,5.01956422756,4.0,7.0,0.00900900900901,0,-0.00144129805595,0.0238881217244,5,683.0
582,1,2.20080072605,1.0,4.0,0.00700700700701,0,-0.361726572212,-1.71401955732,5,369.0
583,0,7.36850995373,7.0,,0.00700700700701,0,0.774033716706,0.0464088036087,5,
584,1,4.30008353847,2.0,7.0,0.00700700700701,0,-0.514951787381,0.844938900609,5,440.0
585,1,3.88007050582,3.0,4.0,0.01001001001,1,-0.236133590813,-0.411528721741,5,386.0
586,1,6.50394376863,6.0,8.0,0.01001001001,0,0.888014428148,-1.16009951581,5,620.0
587,1,2.08866436633,2.0,3.0,0.00600600600601,1,-0.693969477822,-0.829427200203,5,157.0
588,1,4.73582035189,4.0,5.0,0.01001001001,1,-0.226794665965,0.416204349782,5,382.0
589,1,5.1827304338,5.0,8.0,0.01001001001,0,-0.0987504778488,0.478981867347,5,638.0
590,1,5.57868676462,5.0,6.0,0.01001001001,1,0.565916209527,-1.11906186396,5,680.0
591,1,1.89421861851,,2.0,0.01001001001,0,-1.49843577081,1.38952593094,5,43.0
592,1,2.58947481882,2.0,4.0,0.00600600600601,0,-1.02811770571,0.673827935939,5,552.0
593,1,5.8242360846,5.0,6.0,0.01001001001,1,0.418885639414,-0.432420833645,5,281.0
594,1,6.0334152637,6.0,8.0,0.01001001001,0,0.653800591642,-0.927986511222,5,716.0
595,1,3.88275704226,3.0,4.0,0.00700700700701,1,0.12878936243,-1.50361104503,5,599.0
596,1,-1.03533737084,,1.0,0.00700700700701,0,-1.61897980558,-1.17839795412,5,69.0
597,0,7.70258089257,5.0,,0.00800800800801,0,1.00230581535,-0.304336553483,5,
598,0,8.54595767618,5.0,,0.00600600600601,0,1.08485310532,0.291398360217,5,248.0
599,1,2.45147873041,0.0,3.0,0.00800800800801,0,-0.660695307645,-0.566435346655,5,372.0
600,1,4.27032197953,3.0,6.0,0.00700700700701,0,0.166376640832,-1.22880794297,5,685.0
601,0,9.37363521534,5.0,,0.00700700700701,0,1.49626961992,-0.115173644431,5,418.0
602,0,6.28555860165,6.0,,0.00700700700701,0,0.331378027121,0.291424520287,5,623.0
603,1,3.37132216486,2.0,6.0,0.00700700700701,0,-0.681240394477,0.415043348291,5,451.0
604,0,12.7568138853,6.0,,0.00700700700701,0,2.40217641669,0.550284635249,5,426.0
605,0,5.28522409053,5.0,,0.00600600600601,0,0.186679505409,-0.274814425701,5,
606,1,3.7490528766,3.0,4.0,0.00600600600601,1,-0.907599219534,1.4718505352,5,275.0
607,1,0.731908968873,0.0,1.0,0.00600600600601,1,-1.51323408355,0.271611219521,5,82.0
608,1,0.344420714967,0.0,2.0,0.00800800800801,0,-1.11872667478,-1.29939926068,5,193.0
609,0,7.50143304642,7.0,,0.00700700700701,0,0.729178879208,0.313896408797,5,
610,1,3.00458292557,3.0,5.0,0.00900900900901,0,-0.406269143514,-0.776609643884,5,515.0
611,1,0.205249405856,,5.0,0.011011011011,0,-1.6151175621,0.0506020921703,5,392.0
612,1,-1.45631895979,,0.0,0.00700700700701,1,-2.09292436716,-0.177545858317,5,7.0
613,0,7.77385695928,5.0,,0.00700700700701,0,1.49414068041,-1.70856508195,5,
614,1,2.98615659421,2.0,3.0,0.00800800800801,1,-0.699682459729,0.0852039733977,5,435.0
615,0,11.561773282,5.0,,0.00700700700701,0,2.17633995221,0.0327534253804,5,
616,0,8.95233603548,7.0,,0.00800800800801,0,0.908594416689,1.22655278541,5,594.0
617,0,12.0655557501,8.0,,0.00900900900901,0,2.08109216376,0.822279258758,5,
618,1,4.5273777179,4.0,5.0,0.00700700700701,1,-0.466356145399,0.926446154096,5,701.0
619,0,6.03664861584,6.0,,0.00600600600601,0,-0.161563912479,1.52134035328,5,
620,1,6.99901608089,6.0,7.0,0.00900900900901,1,0.564506384893,0.305496926207,5,673.0
621,1,2.6743428653,2.0,5.0,0.00600600600601,0,-1.00920699361,0.701963846137,5,569.0
622,0,5.56486925941,5.0,,0.00800800800801,0,0.201847401557,-0.0406729452608,5,571.0
623,0,6.60102049879,5.0,,0.00600600600601,0,0.594817954788,-0.183433365573,5,691.0
624,1,3.59909484112,3.0,4.0,0.00700700700701,1,-0.910272092147,1.32991111756,5,588.0
625,1,3.05706662664,3.0,4.0,0.00700700700701,1,-0.805354366547,0.473129726277,5,245.0
626,0,11.3381876285,6.0,,0.00700700700701,0,1.81133413986,0.904185208886,5,19.0
627,0,10.6207270204,6.0,,0.00600600600601,0,1.60254996863,0.813077114455,5,
628,0,7.48625255898,6.0,,0.00800800800801,0,0.457807676032,1.11282953088,5,
629,0,8.88356402639,5.0,,0.00600600600601,0,1.19655997961,0.293884087574,5,
630,0,7.70132602356,6.0,,0.00700700700701,0,0.991104769284,-0.271988284291,5,
631,0,8.87610660553,6.0,,0.00800800800801,0,1.25971635919,0.0969575279735,5,208.0
632,1,5.67988939866,4.0,6.0,0.01001001001,0,-0.058731780192,0.856084739237,5,412.0
633,0,5.48972239915,5.0,,0.00800800800801,0,0.0110525272252,0.456564817474,5,
634,0,7.63099819425,6.0,,0.00700700700701,0,1.18038631529,-0.910160751629,5,
635,0,7.21398097109,4.0,,0.01001001001,0,0.970035441553,-0.696125353566,5,610.0
636,1,1.44446772457,1.0,4.0,0.00600600600601,0,-0.809355592405,-1.12746549822,5,197.0
637,1,1.02752466299,,2.0,0.00900900900901,0,-1.40501419387,0.242567244606,5,93.0
638,1,4.4920318057,4.0,5.0,0.00700700700701,1,0.131280716642,-0.901810344226,5,378.0
639,1,6.6352852598,6.0,7.0,0.00900900900901,1,0.152801090918,1.17688198704,5,582.0
640,1,3.09012030086,3.0,4.0,0.00900900900901,1,-0.774834975642,0.414625227789,5,154.0
641,1,5.4447035598,3.0,6.0,0.00700700700701,0,0.432886791322,-0.853956814167,5,686.0
642,1,4.56816333574,4.0,6.0,0.00800800800801,0,-0.431385291993,0.86231921172,5,561.0
643,0,8.73433705605,6.0,,0.00700700700701,0,0.647854728661,1.79077287007,5,
644,1,4.81771536905,0.0,5.0,0.00600600600601,0,-0.0797511155916,0.0569687158289,5,507.0
645,0,6.55820901849,6.0,,0.00800800800801,0,0.528517262805,-0.0273427699232,5,299.0
646,1,5.51380599898,5.0,6.0,0.00600600600601,1,0.0940324969513,0.231708508129,5,604.0
647,0,6.84936404584,5.0,,0.00800800800801,0,0.104432505955,1.53606652797,5,483.0
648,1,2.12219166983,0.0,3.0,0.00600600600601,0,-1.13608955052,0.530460321389,5,274.0
649,0,8.0133852292,6.0,,0.00700700700701,0,1.02734186034,-0.0686403518224,5,
650,1,0.941946040483,0.0,1.0,0.012012012012,1,-1.49711259333,0.433283820465,5,289.0
651,1,2.79287460992,2.0,5.0,0.00900900900901,0,-0.74202811225,0.0189589466662,5,491.0
652,0,6.79660606323,6.0,,0.00600600600601,0,0.831061339794,-0.696577956157,5,
653,1,3.72579553922,2.0,5.0,0.00700700700701,0,-0.574862416453,0.450382788579,5,595.0
654,0,6.46444046429,6.0,,0.00700700700701,0,0.399142820822,0.267012001825,5,526.0
655,1,0.888529832328,,2.0,0.00700700700701,0,-1.37596629387,0.0164287139429,5,68.0
656,0,7.02772998858,4.0,,0.00600600600601,0,0.407690942988,0.804657159622,5,128.0
657,1,6.52849419157,6.0,7.0,0.00700700700701,1,0.730400837426,-0.662708320708,5,690.0
658,1,4.97270713081,4.0,5.0,0.00700700700701,1,-0.112016004483,0.308755144257,5,721.0
659,0,5.67996279459,4.0,,0.00600600600601,0,0.303518997771,-0.230594198719,5,
660,1,2.18776538693,2.0,3.0,0.00700700700701,1,-1.13870392655,0.603877166594,5,59.0
661,1,0.739846710829,0.0,5.0,0.00600600600601,0,-1.439627916,0.0587304588409,5,426.0
662,1,0.940361533386,0.0,3.0,0.00700700700701,0,-1.0879409572,-0.795815595001,5,387.0
663,0,7.83899968431,7.0,,0.00700700700701,0,0.83653776886,0.329386377732,5,371.0
664,1,0.523285053555,0.0,1.0,0.00700700700701,1,-1.66300205667,0.512291223558,5,100.0
665,0,7.33506574214,6.0,,0.00600600600601,0,0.893755413088,-0.346200497127,5,413.0
666,1,2.86804577927,2.0,5.0,0.00700700700701,0,-0.666932482997,-0.131156771737,5,427.0
667,1,1.18144676247,1.0,5.0,0.00700700700701,0,-0.848158110549,-1.27407890588,5,625.0
668,1,1.85665037202,1.0,4.0,0.00700700700701,0,-1.09409978828,0.138949736858,5,201.0
669,1,3.95133779107,3.0,4.0,0.00900900900901,1,-0.00989445547075,-1.01897884251,5,259.0
670,1,1.10315277387,0.0,2.0,0.00700700700701,0,-1.25044441059,-0.145513994368,5,210.0
671,0,6.65399690793,6.0,,0.00700700700701,0,0.371041467118,0.540872506578,5,
672,1,3.8977423007,,4.0,0.00600600600601,0,0.0410126830849,-1.22529574855,5,498.0
673,0,8.0491948505,6.0,,0.00800800800801,0,0.752594018719,0.791412794348,5,
674,0,11.0711442864,6.0,,0.00900900900901,0,1.64803810374,1.12702997519,5,455.0
675,1,5.17076777285,5.0,7.0,0.00700700700701,0,0.029259384053,0.0829896206936,5,600.0
676,1,1.53677034683,0.0,5.0,0.00700700700701,0,-1.52800094902,1.12077319389,5,499.0
677,1,4.72230928033,4.0,5.0,0.00600600600601,1,-0.412149422367,0.958757547435,5,583.0
678,0,6.71081645136,6.0,,0.01001001001,0,0.028282520907,1.62596888864,5,187.0
679,1,2.82461885508,1.0,3.0,0.00800800800801,0,-0.418111006076,-0.921048126694,5,257.0
680,1,2.18150211807,2.0,4.0,0.01001001001,0,-0.770001064668,-0.508494687931,5,269.0
681,1,2.00106739173,0.0,5.0,0.00700700700701,0,-0.394975766073,-1.81400531005,5,143.0
682,1,-0.225018194864,,1.0,0.00700700700701,0,-1.69674431824,-0.134785240158,5,85.0
683,0,6.33680947296,5.0,,0.00700700700701,0,0.321841055432,0.371286306665,5,141.0
684,0,6.74906126127,6.0,,0.00800800800801,0,0.625446244754,-0.127277472991,5,539.0
685,1,4.14121233639,3.0,5.0,0.00600600600601,0,-0.0974104568831,-0.566556292962,5,655.0
686,1,2.4150123555,2.0,6.0,0.01001001001,0,-0.93254315507,0.212641820705,5,519.0
687,1,0.527376847345,0.0,6.0,0.00700700700701,0,-1.44457167241,-0.138908135419,5,344.0
688,0,8.52320895595,6.0,,0.00700700700701,0,1.38694533257,-0.637627041766,5,668.0
689,0,10.1438230621,6.0,,0.00900900900901,0,1.76845219174,-0.161533513159,5,
690,0,5.26181248329,5.0,,0.00700700700701,0,0.237311545383,-0.450122152856,5,313.0
691,1,4.11487528186,4.0,5.0,0.00800800800801,1,-0.803352584656,1.52493303583,5,553.0
692,0,7.25324633026,7.0,,0.00800800800801,0,0.880640969127,-0.388676577117,5,
693,1,4.27557169721,4.0,7.0,0.00700700700701,0,-0.570361469226,0.986656104884,5,672.0
694,1,5.41413160241,1.0,6.0,0.00600600600601,0,-0.0393781138229,0.532265943875,5,511.0
695,1,3.41086691226,3.0,4.0,0.00600600600601,1,-0.189461081725,-1.02074984256,5,303.0
696,1,2.17625993532,2.0,3.0,0.00700700700701,1,-0.851660613778,-0.268758223351,5,361.0
697,0,6.78800742414,6.0,,0.00600600600601,0,0.926654036749,-0.991954686107,5,
698,0,9.55110058277,6.0,,0.00600600600601,0,1.46160839217,0.166275406258,5,
699,1,0.910774300371,,4.0,0.00800800800801,0,-1.23211985458,-0.392866135902,5,222.0
700,1,2.91839969901,2.0,3.0,0.00600600600601,1,-0.644835813696,-0.147092859902,5,176.0
701,1,1.63512534253,,2.0,0.00700700700701,0,-1.48259392072,1.08290710468,5,50.0
702,1,0.11041587636,,2.0,0.00800800800801,0,-1.40707126469,-0.668370329556,5,92.0
703,0,9.50609913573,6.0,,0.00700700700701,0,1.398141418,0.311674881731,5,501.0
704,1,2.971120318,2.0,4.0,0.00700700700701,0,-0.52147657163,-0.464449967107,5,538.0
705,0,6.52719683386,6.0,,0.00600600600601,0,0.830971536221,-0.965717774802,5,599.0
706,1,5.08996540708,5.0,6.0,0.00700700700701,1,-0.166140112643,0.588385745009,5,717.0
707,1,3.49858391663,3.0,5.0,0.00600600600601,0,-0.168160807633,-0.996933660468,5,624.0
708,0,8.70174412534,6.0,,0.00600600600601,0,1.02823114785,0.617050681798,5,438.0
709,1,0.374112258084,0.0,1.0,0.00900900900901,1,-1.25291550789,-0.86714121825,5,108.0
710,1,3.04448512005,3.0,4.0,0.00600600600601,1,-0.525974546723,-0.377591239779,5,405.0
711,1,0.462617047973,,2.0,0.01001001001,0,-1.64404485384,0.394751609483,5,161.0
712,0,6.38927632284,6.0,,0.00900900900901,0,0.661068022318,-0.593927744109,5,675.0
713,0,7.72131497748,6.0,,0.00900900900901,0,0.814768872955,0.277008358616,5,
714,1,5.77389984123,5.0,6.0,0.00800800800801,1,-0.0289577533723,0.860773101349,5,610.0
715,1,5.60233990003,1.0,6.0,0.00600600600601,0,0.125428923001,0.226053131022,5,570.0
716,1,6.32782966376,1.0,7.0,0.00900900900901,0,0.379653422891,0.188869395082,5,627.0
717,1,4.48669544007,4.0,5.0,0.00600600600601,1,-0.652628417536,1.44458069268,5,526.0
718,0,9.06866384781,6.0,,0.00700700700701,0,0.950812310026,1.21622691773,5,507.0
719,0,8.23866956406,4.0,,0.00700700700701,0,1.20090092117,-0.364033199441,5,
720,0,6.03341573227,6.0,,0.00600600600601,0,0.336592703813,0.0236376208273,5,269.0
721,0,8.26291488701,8.0,,0.00800800800801,0,0.913727400813,0.521732684567,5,338.0
722,1,0.45415994864,,2.0,0.00700700700701,0,-1.09083317599,-1.2733405234,5,321.0
723,0,9.93197733153,5.0,,0.00700700700701,0,1.67709541416,-0.0993089109659,5,
724,0,6.09477280049,6.0,,0.00800800800801,0,0.313296574488,0.154883077027,5,18.0
725,1,5.69762557673,5.0,6.0,0.00700700700701,1,0.53016224134,-0.892861147287,5,654.0
726,1,-0.772445333374,,0.0,0.00700700700701,1,-1.92190428764,-0.00673247044011,5,13.0
727,0,7.49331792717,5.0,,0.00600600600601,0,0.802141101794,0.0868946217929,5,
728,1,0.6667402037,0.0,1.0,0.00800800800801,1,-1.38068517291,-0.191204277574,5,363.0
729,0,7.64529285019,6.0,,0.00700700700701,0,0.742512385636,0.417755693284,5,
730,1,3.5456063964,1.0,4.0,0.00700700700701,0,-0.55142597757,0.19988432911,5,370.0
731,0,10.059217412,5.0,,0.00600600600601,0,1.52848094264,0.473774584085,5,
732,0,5.49818143962,5.0,,0.00600600600601,0,0.531712057609,-1.0969547332,5,
733,0,7.17411729056,6.0,,0.00600600600601,0,0.738503757262,-0.0413939812302,5,
734,1,5.11162164432,4.0,6.0,0.00700700700701,0,0.122963738347,-0.257269570722,5,590.0
735,1,5.18874081557,5.0,6.0,0.00700700700701,1,0.181104855973,-0.354573752345,5,589.0
736,0,8.4052328214,7.0,,0.00700700700701,0,0.457422012652,2.03296678344,5,
737,0,10.3057825214,6.0,,0.00700700700701,0,2.0005514661,-0.69587187686,5,402.0
738,1,2.60749416515,1.0,3.0,0.00700700700701,0,-0.771862690864,-0.0769177622559,5,175.0
739,1,-0.555000563717,,1.0,0.00600600600601,0,-1.7698430185,-0.245471508222,5,44.0
740,1,3.03888637825,3.0,4.0,0.00600600600601,1,-0.974485504875,0.96234289288,5,234.0
741,0,8.54033401161,5.0,,0.00800800800801,0,1.22988078094,-0.149308331205,5,451.0
742,1,1.71022844607,0.0,3.0,0.00600600600601,0,-1.27518106324,0.535771635796,5,285.0
743,1,4.31599028902,4.0,5.0,0.00800800800801,1,-0.00506891562432,-0.668802964108,5,492.0
744,1,0.112302570879,,3.0,0.00800800800801,0,-1.90981907119,0.841759784463,5,196.0
745,1,4.74964744717,4.0,6.0,0.00600600600601,0,-0.0366327496074,-0.140454304005,5,524.0
746,0,4.84161962187,2.0,,0.00600600600601,0,0.0890855182256,-0.425636932803,5,
747,1,5.01879324938,5.0,6.0,0.00600600600601,1,-0.10099378691,0.321774610111,5,659.0
748,0,6.74497188262,6.0,,0.00600600600601,0,0.447276066748,0.403143682378,5,
749,1,6.70266203193,6.0,7.0,0.00800800800801,1,0.622083459769,-0.163588347372,5,616.0
750,1,2.01289612957,2.0,3.0,0.00600600600601,1,-1.10274421167,0.321128764586,5,227.0
751,1,1.82731999444,1.0,2.0,0.00800800800801,1,-1.12559318391,0.204099546163,5,127.0
752,1,5.57431789382,1.0,6.0,0.011011011011,0,0.267897107476,-0.229373428606,5,523.0
753,0,10.7286182728,4.0,,0.00600600600601,0,1.52368677982,1.15755793334,5,
754,1,3.42401174497,3.0,4.0,0.00700700700701,1,-0.333832835529,-0.574489748447,5,376.0
755,1,3.72536578599,3.0,5.0,0.00600600600601,0,-0.0931026025315,-0.995326406417,5,555.0
756,1,1.68754887505,0.0,4.0,0.00600600600601,0,-0.668158540847,-1.30797550241,5,309.0
757,1,5.54246654988,5.0,6.0,0.00800800800801,1,0.174635646983,0.0185596089273,5,646.0
758,1,0.820285128915,,3.0,0.00900900900901,0,-1.85519713106,1.38587652211,5,336.0
759,1,2.89287640639,,4.0,0.00600600600601,0,-0.682990593254,-0.0581518138461,5,418.0
760,1,3.72601398012,3.0,4.0,0.00700700700701,1,-0.629064787648,0.613208343062,5,300.0
761,0,8.60071740844,5.0,,0.00700700700701,0,0.798364591613,1.2056236336,5,581.0
762,0,7.28911910449,6.0,,0.00700700700701,0,0.708903652416,0.162408147248,5,654.0
763,0,7.90284462119,6.0,,0.00800800800801,0,1.02837149969,-0.182269877875,5,406.0
764,0,7.63823870462,5.0,,0.00600600600601,0,0.535876774089,1.03060838235,5,
765,0,7.3115407616,6.0,,0.00700700700701,0,0.717100901429,0.160238057312,5,678.0
766,1,3.49254631131,1.0,4.0,0.00600600600601,0,-0.762767818135,0.78084976572,5,576.0
767,1,4.83457528614,3.0,5.0,0.00600600600601,0,0.229800016932,-0.854824764661,5,339.0
768,0,10.6133418384,5.0,,0.00600600600601,0,1.76911312933,0.306002450434,5,359.0
769,0,6.93027021266,6.0,,0.00700700700701,0,0.923018189267,-0.838784355145,5,476.0
770,1,1.32141128239,1.0,2.0,0.00600600600601,1,-1.68251629545,1.36896016875,5,252.0
771,1,3.42970652025,3.0,5.0,0.00700700700701,0,-0.62685781142,0.310279954506,5,355.0
772,1,3.1522576847,1.0,5.0,0.01001001001,0,-0.445230431642,-0.512051020376,5,465.0
773,1,-2.09626578577,,0.0,0.00700700700701,1,-1.98593929915,-1.13844788833,5,24.0
774,0,9.53078018095,5.0,,0.00600600600601,0,1.55855719808,-0.144891413302,5,597.0
775,1,3.01218565483,1.0,5.0,0.00700700700701,0,-1.14391708328,1.44393690467,5,409.0
776,1,3.16412489205,3.0,4.0,0.01001001001,1,-0.391344339267,-0.661842090152,5,346.0
777,0,8.22846737904,6.0,,0.00700700700701,0,0.931327594656,0.434484595072,5,492.0
778,1,4.4660066495,2.0,6.0,0.00700700700701,0,0.0271392711133,-0.615411163836,5,649.0
779,1,1.12258576194,0.0,4.0,0.00600600600601,0,-1.18171071332,-0.332282098112,5,513.0
780,0,5.95199674268,5.0,,0.00700700700701,0,0.193224310099,0.372323812383,5,219.0
781,1,4.30745764554,3.0,5.0,0.00700700700701,0,-0.0264233662987,-0.613272255561,5,383.0
782,1,0.247636839259,,1.0,0.00800800800801,0,-1.98700544523,1.20865317495,5,78.0
783,0,6.08849365585,6.0,,0.00600600600601,0,0.524485082345,-0.484961591188,5,
784,1,-0.855387655864,,1.0,0.00800800800801,0,-1.54961242467,-1.20655038184,5,37.0
785,0,6.57056341452,5.0,,0.00800800800801,0,0.452465301042,0.213167511394,5,
786,0,8.52521028061,6.0,,0.00700700700701,0,1.23038790961,-0.165953448233,5,375.0
787,0,4.47343910148,3.0,,0.00600600600601,0,-0.219059357257,0.130617173245,5,511.0
788,0,9.62534766787,6.0,,0.00600600600601,0,1.25786213862,0.85176125201,5,216.0
789,0,7.52797805902,5.0,,0.00800800800801,0,0.541023242548,0.904908331372,5,
790,0,9.11285007924,4.0,,0.00600600600601,0,1.2887637017,0.246558974152,5,
791,0,7.82064009765,7.0,,0.00800800800801,0,0.690149195575,0.750192510927,5,544.0
792,0,12.7169160955,4.0,,0.00600600600601,0,2.91545941645,-1.02946215386,5,
793,0,10.2994425886,6.0,,0.00600600600601,0,2.05226358313,-0.857348160823,5,537.0
794,1,-0.777216898749,,0.0,0.00600600600601,1,-2.19308188012,0.802028741608,5,8.0
795,0,7.73957721711,6.0,,0.00700700700701,0,0.565241087149,1.04385395566,5,
796,0,7.79542026745,5.0,,0.00600600600601,0,0.973267165537,-0.124381229158,5,
797,1,4.57171382481,4.0,5.0,0.00600600600601,1,-0.54663331529,1.21161377068,5,411.0
798,1,1.18115184551,1.0,3.0,0.00700700700701,0,-1.16002885554,-0.338761587855,5,168.0
799,0,6.51639821118,4.0,,0.00600600600601,0,0.196291793822,0.927522829715,5,652.0
800,1,-2.67952582119,,1.0,0.00600600600601,0,-2.21399645094,-1.03753646837,5,172.0
801,0,7.49455340091,7.0,,0.00900900900901,0,0.653785686768,0.533196340611,5,573.0
802,0,6.33960731517,4.0,,0.00600600600601,0,0.775457930158,-0.986766475302,5,442.0
803,1,3.55362058298,1.0,4.0,0.00700700700701,0,0.0630670287005,-1.63558050312,5,454.0
804,1,4.3621909257,2.0,5.0,0.00600600600601,0,-0.471109751287,0.775520179557,5,520.0
805,1,4.10748077669,4.0,5.0,0.00600600600601,1,-0.0354449911786,-0.786184249771,5,670.0
806,1,4.05586435296,3.0,5.0,0.00900900900901,0,0.00874089614135,-0.970358335468,5,286.0
807,1,2.88893874719,0.0,3.0,0.00600600600601,0,-0.773928524633,0.210724321086,5,556.0
808,0,7.67611744683,4.0,,0.00700700700701,0,1.13709037416,-0.735153675659,5,
809,1,5.05057611528,5.0,6.0,0.00700700700701,1,0.254869173161,-0.714031404207,5,700.0
810,1,1.24078788476,1.0,6.0,0.00600600600601,0,-1.05694286376,-0.588383523966,5,226.0
811,0,7.76318839671,5.0,,0.00600600600601,0,1.49611804481,-1.72516573773,5,125.0
812,0,12.1027120532,5.0,,0.00600600600601,0,2.57866245848,-0.633275322219,5,
813,0,6.06927181075,6.0,,0.00600600600601,0,0.42338648492,-0.20088764401,5,
814,1,1.21394197694,0.0,2.0,0.00600600600601,0,-1.26801780462,0.0179953908034,5,102.0
815,0,8.74809471475,6.0,,0.00700700700701,0,0.918801153914,0.991691253012,5,572.0
816,1,2.29303244965,2.0,3.0,0.00600600600601,1,-0.945203042626,0.128641577531,5,384.0
817,1,3.07513177608,3.0,5.0,0.00700700700701,0,-0.653324366278,0.0351048749115,5,529.0
818,0,10.1090031809,5.0,,0.00700700700701,0,1.62301675082,0.239952928423,5,
819,1,2.57882794885,1.0,4.0,0.00800800800801,0,-0.897207713166,0.270451088347,5,497.0
820,1,4.25027355767,4.0,5.0,0.00700700700701,1,0.0633875331825,-0.939889041876,5,533.0
821,0,7.98357211297,4.0,,0.00600600600601,0,0.647971418535,1.03965785737,5,578.0
822,0,8.54648752013,6.0,,0.00800800800801,0,1.4614595399,-0.837891099569,5,104.0
823,0,8.73167956611,5.0,,0.00600600600601,0,1.17012773607,0.221296357903,5,
824,0,5.31020395655,4.0,,0.00600600600601,0,0.0679089874009,0.106476994346,5,3.0
825,0,4.53076251355,3.0,,0.00600600600601,0,-0.126053759857,-0.0910762068823,5,
826,1,3.06337538789,1.0,5.0,0.00600600600601,0,-0.317890512692,-0.982953074036,5,518.0
827,1,4.72142473578,4.0,6.0,0.00700700700701,0,0.125571002957,-0.655288273096,5,380.0
828,1,4.93872134702,1.0,6.0,0.00600600600601,0,0.450942942487,-1.41410748044,5,503.0
829,1,0.772474532076,,3.0,0.00600600600601,0,-1.25920224154,-0.449918743314,5,240.0
830,1,-1.05151374656,,0.0,0.00600600600601,1,-2.27765309653,0.781445543015,5,15.0
831,0,7.52922346877,5.0,,0.00600600600601,0,1.03559681248,-0.577566968681,5,354.0
832,1,2.66530679615,1.0,4.0,0.00700700700701,0,-0.790765093848,0.0376020776888,5,505.0
833,0,4.23659929674,4.0,,0.00600600600601,0,-0.299057949575,0.133773145461,5,
834,0,8.11539122765,3.0,,0.00600600600601,0,0.769761548352,0.806106582591,5,694.0
835,1,4.53002415262,4.0,5.0,0.00700700700701,1,-0.397023412697,0.721094390712,5,684.0
836,0,9.07157141921,6.0,,0.00600600600601,0,1.11123310772,0.737872096055,5,
837,1,5.50742295886,3.0,6.0,0.00600600600601,0,0.00499334183216,0.492442933362,5,630.0
838,0,8.67170249867,6.0,,0.00700700700701,0,1.57676057242,-1.0585792186,5,635.0
839,0,4.7234149053,4.0,,0.00600600600601,0,-0.197836750869,0.316925157908,5,587.0
840,1,4.85271214228,4.0,5.0,0.00600600600601,1,0.0448736116613,-0.281908692699,5,644.0
841,1,4.99247577462,4.0,5.0,0.00700700700701,1,-0.41330991535,1.23240552067,5,688.0
842,1,5.88977359235,5.0,6.0,0.00600600600601,1,0.288990825902,0.0228011146401,5,559.0
843,1,4.04414604112,4.0,5.0,0.00700700700701,1,-0.231770985411,-0.260541002647,5,495.0
844,1,1.89176457735,1.0,3.0,0.00700700700701,0,-0.950294075787,-0.257353195293,5,216.0
845,1,4.35157770944,4.0,5.0,0.00600600600601,1,0.138212528751,-1.06305987681,5,443.0
846,0,7.22560292684,6.0,,0.00700700700701,0,0.82496807213,-0.249301289547,5,145.0
847,0,3.86312401201,3.0,,0.00600600600601,0,-0.105420430966,-0.820614695089,5,
848,1,5.52451801433,5.0,6.0,0.00600600600601,1,0.0718439226769,0.308986246295,5,665.0
849,0,4.20080906823,4.0,,0.00600600600601,0,-0.231461365328,-0.104806835786,5,
850,0,8.16589809024,5.0,,0.00600600600601,0,1.13273534326,-0.23230793954,5,
851,1,3.11401066968,3.0,6.0,0.00700700700701,0,-0.726204913497,0.29262541017,5,554.0
852,0,10.3645937644,4.0,,0.00600600600601,0,2.09192082405,-0.911168707722,5,
853,1,0.997575358714,,2.0,0.00600600600601,0,-1.28169815703,-0.157330170199,5,84.0
854,1,0.743095414297,0.0,2.0,0.00600600600601,0,-1.42167285687,0.00811398489612,5,138.0
855,0,6.72068888893,6.0,,0.00800800800801,0,0.868645475662,-0.885247538056,5,439.0
856,1,2.53631076434,0.0,3.0,0.00600600600601,0,-0.943918303496,0.368065674824,5,304.0
857,1,2.91692852562,2.0,3.0,0.00600600600601,1,-0.545691622713,-0.445996606246,5,434.0
858,1,-1.39237950467,,0.0,0.00600600600601,1,-2.09522889764,-0.106692811744,5,63.0
859,1,5.23066773397,5.0,6.0,0.00700700700701,1,0.16764779127,-0.272275639841,5,720.0
860,0,6.70598205497,6.0,,0.00600600600601,0,1.13734305916,-1.7060471225,5,575.0
861,1,4.69344493249,2.0,6.0,0.00600600600601,0,-0.337273841243,0.705266456219,5,633.0
862,1,2.07773700371,,3.0,0.00600600600601,0,-0.939350551191,-0.104211342715,5,166.0
863,1,3.86719090907,3.0,4.0,0.00600600600601,1,-0.634843463079,0.77172129831,5,579.0
864,0,6.72030454797,5.0,,0.00800800800801,0,0.340502008388,0.698798522806,5,135.0
865,1,2.52391237353,2.0,3.0,0.00700700700701,1,-0.596554238844,-0.686424909936,5,475.0
866,1,6.12973238603,6.0,7.0,0.00700700700701,1,-0.0711743584565,1.3432554614,5,667.0
867,0,5.21235816505,5.0,,0.00600600600601,0,0.121180597628,-0.151183627835,5,
868,1,4.57805371739,4.0,6.0,0.00700700700701,0,-0.247636167811,0.320962220824,5,709.0
869,0,7.60894292777,7.0,,0.00700700700701,0,0.893179835616,-0.0705965790734,5,
870,0,9.84502063871,6.0,,0.00700700700701,0,1.47451877523,0.421464313036,5,
871,0,7.78768528385,5.0,,0.00600600600601,0,0.68107123688,0.74447157321,5,343.0
872,0,7.39548354557,4.0,,0.00600600600601,0,0.231023210677,1.70241391354,5,440.0
873,0,7.30406719322,4.0,,0.00600600600601,0,0.217237871039,1.6523535801,5,
874,1,5.07564610484,4.0,8.0,0.00800800800801,0,-0.0104645625223,0.10703979241,5,476.0
875,0,5.99592468078,4.0,,0.00600600600601,0,0.329623627973,0.00705379686192,5,337.0
876,1,4.88845463467,3.0,5.0,0.00700700700701,0,0.144767972418,-0.545849282583,5,510.0
877,1,0.580244075128,0.0,2.0,0.00600600600601,0,-1.39602418493,-0.231683370078,5,351.0
878,1,-1.16054389834,,0.0,0.00600600600601,1,-2.04812527322,-0.0161680786656,5,2.0
879,1,4.8519455505,2.0,6.0,0.00800800800801,0,0.270692560655,-0.960132131459,5,472.0
880,0,7.34920413334,5.0,,0.00700700700701,0,0.583910994466,0.597471149941,5,
881,1,3.56503252508,2.0,4.0,0.00600600600601,0,-0.032780075747,-1.33662724768,5,568.0
882,1,2.05061077853,2.0,3.0,0.00600600600601,1,-0.616311525978,-1.10045464353,5,235.0
883,0,7.03935247741,4.0,,0.00600600600601,0,0.233548965124,1.33870558203,5,
884,0,6.15107952651,5.0,,0.00700700700701,0,0.529144617508,-0.436354326018,5,
885,1,2.3977103137,2.0,3.0,0.00600600600601,1,-0.874641984304,0.021636266609,5,117.0
886,1,4.47857418546,2.0,5.0,0.00700700700701,0,-0.0952428780795,-0.235697180298,5,509.0
887,1,4.19784465862,3.0,5.0,0.00700700700701,0,-0.188092268108,-0.237878537052,5,531.0
888,0,9.16507136348,6.0,,0.00600600600601,0,1.39652339099,-0.0244988094995,5,
889,1,4.3554122798,3.0,5.0,0.00600600600601,0,-0.163390508034,-0.154416196097,5,528.0
890,1,4.83261234675,3.0,5.0,0.00700700700701,0,-0.245153356846,0.568072417287,5,565.0
891,1,1.62570592985,1.0,2.0,0.00600600600601,1,-1.13064093512,0.0176287352219,5,130.0
892,1,3.66978703436,0.0,5.0,0.00600600600601,0,-0.325703865496,-0.353101369148,5,236.0
893,0,7.41855081592,6.0,,0.00700700700701,0,0.546104691235,0.780236742214,5,
894,1,3.23925835493,1.0,5.0,0.00600600600601,0,-0.426442536281,-0.481414036232,5,290.0
895,1,4.92681123936,3.0,6.0,0.00600600600601,0,-0.160524954979,0.408386104291,5,695.0
896,1,3.65448324456,3.0,4.0,0.00600600600601,1,-0.504907948538,0.169207090173,5,592.0
897,0,7.08650505872,5.0,,0.00600600600601,0,0.719907043602,-0.0732160720899,5,
898,1,4.19473673266,4.0,6.0,0.00600600600601,0,-0.320629158032,0.156624206755,5,614.0
899,0,6.78128611078,6.0,,0.00600600600601,0,0.414746691378,0.537046036648,5,
900,0,11.0233515079,4.0,,0.00600600600601,0,1.63736024453,1.11127077434,5,
901,0,6.98274174626,6.0,,0.00800800800801,0,0.392027824604,0.806658272442,5,
902,1,1.41747277096,1.0,2.0,0.00700700700701,1,-1.32457834139,0.391207795121,5,479.0
903,1,1.00378501096,0.0,2.0,0.00600600600601,0,-0.898867529461,-1.29961240065,5,326.0
904,0,5.45332543307,5.0,,0.00600600600601,0,0.227778855918,-0.23001113468,5,172.0
905,1,5.47909346212,5.0,6.0,0.00600600600601,1,0.00883428951555,0.452590593576,5,679.0
906,0,4.01540511847,3.0,,0.00600600600601,0,-0.268443979247,-0.179262943785,5,421.0
907,0,8.77934338852,5.0,,0.00600600600601,0,0.855031095727,1.21425010134,5,542.0
908,1,5.49242432408,2.0,6.0,0.00600600600601,0,0.133581270692,0.0916805119997,5,677.0
909,1,1.38752378311,1.0,3.0,0.00600600600601,0,-1.01535216107,-0.566419733676,5,258.0
910,0,9.097866058,5.0,,0.00700700700701,0,1.52734682389,-0.484174413658,5,
911,1,3.88857559549,3.0,6.0,0.00600600600601,0,-0.575014865939,0.613620193307,5,580.0
912,0,7.87484787501,6.0,,0.00600600600601,0,0.899882100674,0.175201572986,5,
913,0,7.77447666626,5.0,,0.00600600600601,0,0.755950138632,0.506626250362,5,576.0
914,1,2.69631362594,1.0,4.0,0.00600600600601,0,-0.895074063335,0.38153581594,5,233.0
915,0,5.06341226363,4.0,,0.00600600600601,0,0.174735813049,-0.460795175521,5,645.0
916,1,1.92626602861,1.0,4.0,0.00600600600601,0,-1.21307433493,0.565489033394,5,254.0
917,1,0.0494626473936,0.0,1.0,0.00800800800801,1,-1.39436429904,-0.767444455495,5,291.0
918,1,2.84079124372,0.0,3.0,0.00600600600601,0,-0.904261132019,0.553574639772,5,452.0
919,0,7.81555311516,6.0,,0.00600600600601,0,0.999510107753,-0.182977208095,5,
920,0,11.4278118995,5.0,,0.00700700700701,0,1.85263570288,0.869904790895,5,
921,0,8.93098793315,6.0,,0.00700700700701,0,1.02533045939,0.854996554992,5,
922,1,2.80495657041,,5.0,0.00600600600601,0,-0.999311665924,0.802891568181,5,422.0
923,1,-1.42536952122,,0.0,0.00600600600601,1,-1.69393074926,-1.34357727344,5,27.0
924,0,6.84262691225,6.0,,0.00600600600601,0,0.572703421216,0.124516648598,5,
925,1,4.90912971018,2.0,5.0,0.00600600600601,0,0.207431620475,-0.713165151243,5,365.0
926,1,0.812516562217,,1.0,0.00700700700701,0,-1.25142171195,-0.433218301934,5,23.0
927,1,2.49029469435,2.0,4.0,0.00600600600601,0,-0.934702906453,0.294403413706,5,487.0
928,1,5.67233050658,0.0,6.0,0.00700700700701,0,0.641579197026,-1.2524070845,5,691.0
929,1,-0.221990767062,,0.0,0.00600600600601,1,-1.9622847919,0.664863608646,5,5.0
930,1,-2.89680913083,,0.0,0.00600600600601,1,-2.31082572364,-0.964331959922,5,20.0
931,0,5.33058943367,5.0,,0.00700700700701,0,0.494583059135,-1.15315974373,5,441.0
932,1,4.8052988101,2.0,5.0,0.00600600600601,0,-0.0661871024373,0.00386011741093,5,539.0
933,1,3.6365449803,1.0,4.0,0.00600600600601,0,-0.340037629141,-0.34334213228,5,442.0
934,1,4.83297208413,4.0,5.0,0.00600600600601,1,-0.154751684872,0.29722713875,5,464.0
935,1,0.607131826852,0.0,5.0,0.00600600600601,0,-1.56133451799,0.291135380818,5,323.0
936,0,5.70785750177,5.0,,0.00600600600601,0,-0.00979731895294,0.737249458633,5,
937,0,9.11156721344,6.0,,0.00700700700701,0,1.00674662851,1.0913273279,5,
938,1,3.35675538635,1.0,4.0,0.00700700700701,0,-0.306739271333,-0.723026799652,5,357.0
939,0,8.53820830312,6.0,,0.00700700700701,0,1.15870581958,0.062090844387,5,
940,1,-4.09960718501,,0.0,0.00600600600601,1,-2.61232499604,-1.26263219688,5,40.0
941,0,7.0425956762,5.0,,0.00600600600601,0,0.109619570856,1.71373696364,5,302.0
942,1,1.2700209049,1.0,3.0,0.00600600600601,0,-1.02634395554,-0.650947228489,5,410.0
943,1,-0.295777941335,,0.0,0.00600600600601,1,-1.5541332039,-0.633378329633,5,9.0
944,0,6.24630916355,5.0,,0.00600600600601,0,0.131426019823,0.852031104078,5,
945,1,3.91182584352,2.0,5.0,0.00600600600601,0,-0.38378440462,0.063179057382,5,396.0
946,1,3.94757016516,0.0,4.0,0.00600600600601,0,-0.136593183217,-0.642650285187,5,423.0
947,1,3.94773836914,3.0,4.0,0.00700700700701,1,-0.112970216971,-0.713350979949,5,591.0
948,0,8.48406311502,4.0,,0.00600600600601,0,1.20020405977,-0.116549064302,5,285.0
949,0,7.26126652641,4.0,,0.00600600600601,0,0.721913927703,0.0955247433016,5,
950,0,4.47550996061,4.0,,0.00600600600601,0,-0.130227695568,-0.133806952686,5,
951,0,6.49315181596,6.0,,0.00600600600601,0,0.700864995392,-0.609443170222,5,264.0
952,0,11.416642336,5.0,,0.00600600600601,0,1.52229689762,1.84975164311,5,191.0
953,0,7.25236007939,6.0,,0.00600600600601,0,0.999479955594,-0.746079787391,5,481.0
954,1,2.0461965953,2.0,3.0,0.00600600600601,1,-1.01378661401,0.087556437316,5,237.0
955,1,3.62122369814,3.0,5.0,0.00600600600601,0,-0.323191932804,-0.40920050345,5,500.0
956,1,2.93448146709,0.0,4.0,0.00700700700701,0,-0.688519157782,3.89404329471e-05,5,221.0
957,0,7.25566958536,5.0,,0.00600600600601,0,0.407412177291,1.03343305348,5,380.0
958,1,1.168432412,0.0,3.0,0.00600600600601,0,-1.48257736431,0.616164504933,5,262.0
959,0,4.24890434112,4.0,,0.00600600600601,0,-0.676492577146,1.27838207256,5,
960,1,2.53492165855,2.0,3.0,0.00600600600601,1,-0.496132636477,-0.976680432021,5,635.0
961,1,3.76267930459,3.0,4.0,0.00600600600601,1,-0.152284803569,-0.780466284699,5,640.0
962,1,2.78974282009,1.0,4.0,0.00600600600601,0,-0.640187258672,-0.289695403899,5,456.0
963,0,6.61562651321,6.0,,0.00700700700701,0,0.625777413142,-0.261705726222,5,344.0
964,0,6.36645177135,6.0,,0.00600600600601,0,0.287620917476,0.503589018917,5,94.0
965,0,10.3616209105,6.0,,0.00700700700701,0,1.88411693859,-0.290729905265,5,
966,1,2.51843095077,2.0,5.0,0.00600600600601,0,-0.765054632453,-0.186405151869,5,455.0
967,1,2.43913121009,,3.0,0.00600600600601,0,-0.667897338169,-0.5571767754,5,217.0
968,1,0.582180164655,0.0,1.0,0.00600600600601,1,-1.26922304879,-0.610150688965,5,147.0
969,0,8.09763705763,5.0,,0.00600600600601,0,1.22729987903,-0.584262579464,5,
970,1,2.69774321559,2.0,4.0,0.00600600600601,0,-0.452718267746,-0.944101981177,5,453.0
971,0,8.49290287349,4.0,,0.00600600600601,0,0.853705757274,0.931785601669,5,
972,0,7.01094598152,6.0,,0.00600600600601,0,0.189397263971,1.4427541896,5,161.0
973,1,0.153903015098,,1.0,0.00600600600601,0,-1.18045417438,-1.30473446177,5,33.0
974,0,5.16986789128,3.0,,0.00600600600601,0,0.095397964721,-0.116326002886,5,
975,1,3.04767250362,2.0,4.0,0.00600600600601,0,-0.51803547652,-0.398221066823,5,483.0
976,0,7.81415647796,4.0,,0.00600600600601,0,0.519035148387,1.2570510328,5,
977,1,3.42116386049,3.0,6.0,0.00700700700701,0,-0.559608973117,0.099990779843,5,391.0
978,0,6.91271443254,3.0,,0.00600600600601,0,0.944479233965,-0.920723269359,5,1.0
979,0,4.72588184409,3.0,,0.00600600600601,0,-0.446016535862,1.06393145168,5,506.0
980,0,6.32171435772,5.0,,0.00600600600601,0,0.751673561892,-0.933306327954,5,139.0
981,1,3.88258350769,1.0,4.0,0.00600600600601,0,-0.194614341585,-0.533573467554,5,296.0
982,1,-2.26980127698,,0.0,0.00600600600601,1,-2.4734657534,0.15059598321,5,1.0
983,1,1.27921096294,0.0,3.0,0.00600600600601,0,-1.30460854302,0.193036591997,5,602.0
984,0,8.7989549979,6.0,,0.00600600600601,0,1.33723666775,-0.212755005344,5,
985,0,13.4020235044,6.0,,0.00600600600601,0,2.91251814356,-0.335530926293,5,350.0
986,1,3.99080546936,2.0,4.0,0.00600600600601,0,-0.557820521712,0.664267034499,5,603.0
987,0,12.0673698694,5.0,,0.00600600600601,0,2.35124395918,0.0136379918851,5,583.0
988,1,-0.879828528788,,0.0,0.00600600600601,1,-1.6335225562,-0.979260860199,5,28.0
989,0,7.96380026978,5.0,,0.00600600600601,0,1.06732224205,-0.238166456388,5,
990,1,3.92933237931,2.0,4.0,0.00600600600601,0,0.127304189526,-1.45258018927,5,693.0
991,0,3.9461762226,3.0,,0.00600600600601,0,-0.404584754583,0.159930486348,5,648.0
992,1,2.63683528618,1.0,3.0,0.00600600600601,0,-0.700167030245,-0.262663623086,5,502.0
993,0,6.78002444157,5.0,,0.00600600600601,0,0.869096691228,-0.827265632111,5,400.0
994,1,0.0869575202574,,1.0,0.00600600600601,0,-1.31558673524,-0.966282274021,5,19.0
995,1,3.72948511803,2.0,4.0,0.00600600600601,0,-0.335961973884,-0.262628960319,5,349.0
996,1,3.58385481481,2.0,4.0,0.00600600600601,0,-0.29586109623,-0.528561896503,5,488.0
997,0,6.127688158,5.0,,0.00600600600601,0,0.36514079745,0.0322657656516,5,
998,0,6.79195221552,5.0,,0.00600600600601,0,0.270798571972,0.979556499601,5,85.0
999,1,0.148992926829,0.0,2.0,0.00600600600601,0,-1.12328647742,-1.48114764091,5,145.0
