name,activated,threshold,before_activation_alters,after_activation_alters,degree,observed,var1,epsilon,constant,activation_order
0,1,9.72496546777,2.0,15,0.022022022022,0,0.757684180895,2.45191292508,5,717
1,1,7.86608598982,5.0,14,0.017017017017,0,0.671004326223,0.853073011155,5,945
2,1,0.14941039801,0.0,1,0.018018018018,1,-2.03989597376,1.26909831929,5,297
3,1,6.76802390588,4.0,18,0.02002002002,0,0.625709334692,-0.109104098193,5,951
4,1,6.1421093243,1.0,15,0.021021021021,0,0.174669070624,0.618102112425,5,787
5,1,5.9808431372,3.0,17,0.021021021021,0,-0.363631864813,2.07173873164,5,896
6,1,4.82801646907,0.0,7,0.022022022022,0,-0.43455660421,1.1316862817,5,628
7,1,8.52233326377,8.0,9,0.021021021021,1,0.490651128036,2.05037987966,5,710
8,1,4.45866328322,1.0,21,0.021021021021,0,-0.283568114023,0.309367625293,5,986
9,1,1.14981161181,1.0,2,0.022022022022,1,-0.794594666586,-1.46640438844,5,369
10,1,6.59290921783,4.0,8,0.021021021021,0,0.128416794952,1.20765883298,5,682
11,1,10.762254701,10.0,14,0.021021021021,0,1.94016611506,-0.0582436441385,5,788
12,1,7.64038437601,6.0,10,0.018018018018,0,0.25273718523,1.88217282032,5,770
13,1,3.57562303198,2.0,7,0.019019019019,0,-0.665685448454,0.572679377345,5,619
14,1,7.17422702398,7.0,11,0.019019019019,0,0.582146525767,0.427787446684,5,766
15,1,7.31435794276,7.0,19,0.019019019019,0,0.579790174745,0.574987418521,5,976
16,1,2.46438886306,,4,0.018018018018,0,-0.684761700795,-0.481326034551,5,412
17,1,8.28935326244,3.0,16,0.019019019019,0,0.522401167168,1.72214976094,5,919
18,1,7.5439215858,3.0,17,0.021021021021,0,0.661647128558,0.558980200127,5,795
19,1,5.42312423249,2.0,8,0.019019019019,0,0.294927985927,-0.461659725287,5,459
20,1,6.40753268676,4.0,18,0.019019019019,0,0.983980870511,-1.54440992477,5,930
21,1,3.26354529446,0.0,4,0.016016016016,0,0.741569117261,-3.96116205732,5,267
22,1,-5.67121670055,,1,0.018018018018,0,-3.0199647209,-1.61132253786,5,83
23,1,0.830271440342,,2,0.017017017017,0,-1.72916818206,1.01777598653,5,95
24,1,0.558057032772,,3,0.019019019019,0,-1.36778092999,-0.338600177258,5,96
25,1,3.80711002359,3.0,10,0.02002002002,0,-0.902439187918,1.51442758734,5,446
26,1,3.42250671817,,5,0.019019019019,0,-0.856829981164,0.992996661663,5,200
27,1,6.7891969096,0.0,11,0.019019019019,0,1.94350393099,-4.04131488337,5,507
28,1,5.25265896892,,8,0.02002002002,0,-0.742143499859,2.4790894685,5,377
29,1,8.20478973676,,9,0.019019019019,0,1.10028339145,-0.0960604375791,5,388
30,1,7.72099813627,7.0,17,0.02002002002,0,0.82388711156,0.249336801591,5,705
31,1,9.30794545814,6.0,23,0.023023023023,0,1.06215483883,1.12148094165,5,947
32,1,2.90738037177,0.0,4,0.02002002002,0,-0.447151342015,-0.751165602187,5,180
33,1,-2.8398013839,,0,0.022022022022,1,-2.37300952271,-0.720772815777,5,50
34,1,8.28122529905,4.0,15,0.021021021021,0,-0.111356018953,3.61529335591,5,670
35,1,4.50193734027,4.0,7,0.02002002002,0,-0.626529840858,1.38152686284,5,435
36,1,8.81746098079,6.0,14,0.019019019019,0,1.81382508727,-1.62401428102,5,690
37,1,4.70844653019,1.0,9,0.021021021021,0,-0.067550173637,-0.0889029489,5,542
38,1,2.37063472801,1.0,3,0.019019019019,0,-0.402511038725,-1.42183215581,5,327
39,1,7.94924772719,7.0,10,0.019019019019,0,0.705548903256,0.832601017426,5,661
40,1,6.33964396771,1.0,15,0.019019019019,0,0.573916236441,-0.38210474161,5,744
41,1,5.20103127457,5.0,10,0.021021021021,0,0.323093933452,-0.768250525788,5,606
42,1,5.43142032395,4.0,11,0.026026026026,0,0.130524952561,0.0398454662701,5,602
43,1,10.4107592045,9.0,19,0.023023023023,0,0.929992231913,2.62078250879,5,855
44,1,8.43644162373,4.0,20,0.02002002002,0,0.301293589286,2.53256085587,5,910
45,1,9.0308236249,8.0,14,0.021021021021,0,1.1535300142,0.570233582291,5,724
46,1,10.7549514324,5.0,11,0.02002002002,0,1.25049758703,2.00345867128,5,633
47,1,3.26018268029,3.0,4,0.022022022022,1,-0.510927583849,-0.207034568162,5,157
48,1,2.96496067932,2.0,7,0.017017017017,0,-0.071284237479,-1.82118660824,5,378
49,1,7.61258185132,2.0,18,0.021021021021,0,0.406901830644,1.39187635939,5,904
50,1,0.807472953822,,2,0.019019019019,0,-0.906249293315,-1.47377916623,5,136
51,1,9.45592424451,2.0,13,0.02002002002,0,0.74144644304,2.23158491539,5,655
52,1,14.7433964215,14.0,18,0.018018018018,0,2.72589680109,1.5657060182,5,950
53,1,6.88937265571,6.0,9,0.02002002002,0,0.907867698547,-0.834230439932,5,390
54,1,4.1200271991,4.0,5,0.02002002002,1,-1.2642373807,2.91273934119,5,169
55,1,0.953476608037,,2,0.02002002002,0,-0.925774961384,-1.26919850781,5,43
56,1,-0.46955359165,,1,0.021021021021,0,-1.8071238528,-0.0481820332605,5,36
57,1,5.24168006921,4.0,6,0.02002002002,0,-0.218756164499,0.897948562706,5,204
58,1,11.6901456044,,19,0.02002002002,0,1.88237550129,1.0430191005,5,922
59,1,5.30624213647,3.0,13,0.019019019019,0,0.453120937475,-1.05312067595,5,490
60,1,3.27042717156,3.0,13,0.019019019019,0,-0.17297719206,-1.21064125226,5,552
61,1,5.43764685911,,7,0.02002002002,0,0.572039056156,-1.27847030936,5,280
62,1,5.73260956879,3.0,6,0.021021021021,0,0.701399150867,-1.37158788381,5,279
63,1,2.08752072215,2.0,3,0.022022022022,1,-0.628476709816,-1.0270491484,5,155
64,1,8.126666524,5.0,11,0.019019019019,0,1.16169123476,-0.358407180281,5,362
65,1,2.88551036023,,14,0.02002002002,0,-0.568187815325,-0.409926193794,5,529
66,1,3.63640696568,2.0,7,0.021021021021,0,-0.0739719650651,-1.14167713913,5,288
67,1,-2.5553721891,,0,0.02002002002,1,-2.83745255452,0.956985474459,5,19
68,1,6.71669990889,5.0,14,0.018018018018,0,0.576910962604,-0.0140329789215,5,772
69,1,5.80330944292,,7,0.02002002002,0,0.00875114347975,0.777056012481,5,365
70,1,6.0949773957,6.0,13,0.022022022022,0,1.18990447459,-2.47473602808,5,610
71,1,1.36428672977,1.0,6,0.02002002002,0,-0.989567924978,-0.667009495301,5,361
72,1,7.26219430396,2.0,9,0.022022022022,0,0.367365946888,1.16009646329,5,453
73,1,9.90758340358,4.0,17,0.02002002002,0,1.48902920166,0.440495798613,5,816
74,1,3.23003801826,2.0,4,0.022022022022,0,-0.758816644491,0.506487951735,5,251
75,1,9.84289658188,9.0,15,0.019019019019,0,0.948701080153,1.99679334142,5,844
76,1,3.05203641792,2.0,18,0.021021021021,0,-0.861407697856,0.63625951149,5,870
77,1,6.67304940768,6.0,17,0.018018018018,0,-0.167723137292,2.17621881956,5,925
78,1,3.02081186275,0.0,7,0.021021021021,0,-0.535839065173,-0.371670941728,5,489
79,1,10.6653657083,5.0,12,0.02002002002,0,1.62228987844,0.79849607298,5,799
80,1,6.38009393061,2.0,9,0.02002002002,0,0.983592875713,-1.57068469653,5,751
81,1,9.38743057429,6.0,10,0.02002002002,0,1.10035788435,1.08635692125,5,755
82,1,0.294362453168,0.0,1,0.022022022022,1,-1.58120559772,0.0379792463414,5,35
83,1,6.34058621912,6.0,9,0.02002002002,0,-0.52307437268,2.90980933716,5,779
84,1,7.6243740483,5.0,15,0.02002002002,0,0.662390888715,0.637201382159,5,875
85,1,5.19880617273,5.0,18,0.019019019019,0,-0.312459647547,1.13618511537,5,985
86,1,3.36319810351,0.0,7,0.017017017017,0,-0.790257765226,0.733971399187,5,790
87,1,14.1696658894,10.0,16,0.019019019019,0,2.62850518656,1.28415032969,5,907
88,1,8.48275293379,4.0,17,0.02002002002,0,1.43164054372,-0.812168697364,5,890
89,1,6.28788651018,6.0,7,0.021021021021,1,0.461779099247,-0.0974507875642,5,753
90,1,4.00956496886,4.0,5,0.02002002002,1,-0.179797412465,-0.451042793749,5,420
91,1,6.92030035378,1.0,8,0.02002002002,0,0.815084813023,-0.524954085288,5,769
92,1,3.78392861955,2.0,5,0.019019019019,0,0.181457340744,-1.76044340268,5,482
93,1,5.91751086481,4.0,19,0.019019019019,0,0.667103103813,-1.08379844662,5,996
94,1,5.25116887956,5.0,14,0.02002002002,0,0.332677737663,-0.746864333433,5,810
95,1,0.887722515818,0.0,2,0.022022022022,0,-0.941175520556,-1.28875092251,5,256
96,1,9.23674199579,8.0,16,0.02002002002,0,0.637524535849,2.32416838824,5,808
97,1,4.07334578383,,13,0.019019019019,0,-0.211400236134,-0.292453507763,5,798
98,1,5.48743159293,3.0,10,0.021021021021,0,0.241189500853,-0.23613690963,5,573
99,1,3.89595618859,,5,0.021021021021,0,0.112668924695,-1.44205058549,5,366
100,1,4.55967946548,2.0,10,0.019019019019,0,0.263229634476,-1.23000943795,5,590
101,1,-4.55888103705,,1,0.021021021021,0,-2.77829629543,-1.22399215076,5,38
102,1,8.44158566268,3.0,17,0.019019019019,0,0.477797874539,2.00819203907,5,856
103,1,3.71019608381,2.0,4,0.02002002002,0,0.156197152355,-1.75839537325,5,312
104,1,4.49989086117,3.0,6,0.021021021021,0,0.298453001081,-1.39546814207,5,336
105,1,2.21817657126,2.0,11,0.02002002002,0,0.14752728216,-3.22440527522,5,499
106,1,-3.81194725258,,2,0.021021021021,0,-2.31174190368,-1.87672154154,5,91
107,1,8.57746186034,8.0,17,0.019019019019,0,0.916641522298,0.827537293448,5,725
108,1,6.2845283844,,10,0.019019019019,0,0.243712385545,0.553391227764,5,376
109,1,7.69733048998,7.0,13,0.021021021021,0,0.976305098395,-0.231584805206,5,466
110,1,-2.3239451091,,0,0.02002002002,1,-2.19999448785,-0.723961645561,5,1
111,1,6.3402515496,1.0,12,0.017017017017,0,0.246458920943,0.600874786771,5,616
112,1,4.33139692557,3.0,16,0.02002002002,0,-0.0934542699085,-0.388240264704,5,620
113,1,7.49163712721,3.0,19,0.019019019019,0,0.4141170872,1.24928586561,5,931
114,1,8.47268314361,3.0,9,0.017017017017,0,0.793497905871,1.092189426,5,422
115,1,2.83566079257,2.0,7,0.022022022022,0,-0.381514302716,-1.01979629929,5,293
116,1,3.16639541034,3.0,4,0.02002002002,1,-0.275755455873,-1.00633822204,5,285
117,1,7.0964053454,1.0,12,0.019019019019,0,1.12757338773,-1.2863148178,5,588
118,1,-2.20181711843,,2,0.018018018018,0,-1.19686948556,-3.61120866175,5,78
119,1,6.99691165939,3.0,11,0.019019019019,0,0.176620555096,1.4670499941,5,429
120,1,-3.03833980875,,2,0.021021021021,0,-2.43211655504,-0.741990143646,5,11
121,1,9.08105796406,3.0,18,0.02002002002,0,0.542940210193,2.45223733348,5,730
122,1,7.41471992304,1.0,13,0.019019019019,0,0.510656300671,0.882751021031,5,480
123,1,3.16661300198,1.0,8,0.021021021021,0,-0.126337472476,-1.4543745806,5,335
124,1,3.93449310537,2.0,8,0.021021021021,0,-0.102679499069,-0.757468397417,5,383
125,1,5.60944248051,3.0,7,0.019019019019,0,0.0142171340256,0.566791078435,5,318
126,1,6.27489727412,2.0,7,0.019019019019,0,0.121109080251,0.911570033363,5,347
127,1,5.04576351104,5.0,10,0.02002002002,0,0.664982338606,-1.94918350478,5,458
128,1,0.212424504128,,3,0.02002002002,0,-2.09562499198,1.49929948008,5,172
129,1,-0.910873798538,,1,0.022022022022,0,-1.30025138477,-2.01011964424,5,71
130,1,4.11752918734,3.0,17,0.02002002002,0,0.378775384151,-2.01879696511,5,750
131,1,1.29162699052,1.0,15,0.021021021021,0,-1.05079410186,-0.555990703897,5,727
132,1,3.77651504493,1.0,9,0.019019019019,0,-0.0967009121416,-0.933382218641,5,615
133,1,3.73630232141,2.0,4,0.02002002002,0,-0.404142630505,-0.0512697870697,5,341
134,1,3.82992277052,,11,0.021021021021,0,0.430275340188,-2.46090325004,5,621
135,1,10.8073576706,8.0,15,0.021021021021,0,1.70356522166,0.696662005581,5,762
136,1,5.78569877044,5.0,10,0.021021021021,0,-0.0925554716637,1.06336518543,5,692
137,1,6.3338405883,4.0,9,0.019019019019,0,0.394036540402,0.151730967095,5,702
138,1,6.72575324971,6.0,20,0.023023023023,0,0.0316231595284,1.63088377113,5,900
139,1,5.39259309812,,6,0.023023023023,0,-0.647384442548,2.33474642577,5,594
140,1,5.6984437278,2.0,20,0.022022022022,0,0.123071536465,0.329229118405,5,963
141,1,1.97354923919,0.0,5,0.018018018018,0,-0.0660349656905,-2.82834586374,5,671
142,1,10.5159331967,2.0,12,0.023023023023,0,1.74742700571,0.273652179563,5,839
143,1,10.6738169485,2.0,16,0.02002002002,0,1.97820710947,-0.260804379896,5,902
144,1,8.05387975375,1.0,10,0.019019019019,0,0.303159609628,2.14440092487,5,868
145,1,6.23454901705,4.0,10,0.019019019019,0,0.448752286204,-0.111707841558,5,879
146,1,1.45441988186,1.0,5,0.018018018018,0,-0.948165109378,-0.701084790008,5,764
147,1,10.0344347498,,22,0.022022022022,0,1.49437970642,0.551295630543,5,990
148,1,4.67394257298,3.0,5,0.019019019019,0,-0.226222030494,0.352608664459,5,803
149,1,2.21457454278,2.0,14,0.018018018018,0,-0.552107522319,-1.12910289026,5,955
150,1,4.67091112348,2.0,19,0.02002002002,0,0.228746203233,-1.01532748622,5,978
151,1,7.76995591632,4.0,15,0.02002002002,0,1.08213086549,-0.476436680162,5,909
152,1,3.48768715717,3.0,10,0.022022022022,0,-0.22415168814,-0.839857778411,5,842
153,1,6.11672522942,6.0,13,0.019019019019,0,0.211369384457,0.482617076053,5,906
154,1,9.15797137858,4.0,13,0.022022022022,0,0.936787009521,1.34761035002,5,888
155,1,6.36947118845,0.0,16,0.018018018018,0,-0.247533033848,2.11207029,5,962
156,1,2.14971714559,0.0,4,0.019019019019,0,-0.197559763762,-2.25760356313,5,747
157,1,-5.48431949174,,13,0.019019019019,0,-2.78493214377,-2.12952306044,5,942
158,1,4.70428424483,2.0,16,0.021021021021,0,0.0904026662556,-0.56692375394,5,912
159,1,2.84852948118,0.0,4,0.02002002002,0,-0.00425531441077,-2.13870457559,5,534
160,1,5.9375233713,2.0,8,0.019019019019,0,0.737845084803,-1.27601188311,5,754
161,1,5.23535338438,0.0,7,0.02002002002,0,-0.108890429847,0.562024673925,5,626
162,1,10.849146844,10.0,12,0.02002002002,0,1.8856570501,0.192175693676,5,784
163,1,3.09906784842,2.0,18,0.02002002002,0,-0.996711598013,1.08920264245,5,949
164,1,8.12475327047,3.0,12,0.018018018018,0,0.926011646767,0.346718330165,5,853
165,1,2.82049675812,2.0,3,0.021021021021,1,-0.0879999625909,-1.91550335411,5,421
166,1,0.8206746628,0.0,2,0.021021021021,0,-1.4739669975,0.242575655307,5,234
167,1,6.4502403131,4.0,8,0.017017017017,0,0.543273806663,-0.179581106886,5,637
168,1,5.79565219699,4.0,6,0.023023023023,0,0.724817537212,-1.37880041464,5,498
169,1,1.01935791967,1.0,9,0.021021021021,0,-1.44647381081,0.358779352087,5,596
170,1,2.46555444753,0.0,7,0.016016016016,0,-1.05044428612,0.616887305883,5,581
171,1,5.2488096826,2.0,6,0.02002002002,0,-0.221375080897,0.912934925289,5,567
172,1,4.8793582264,3.0,18,0.021021021021,0,0.0582237455913,-0.295313010372,5,881
173,1,5.91535975275,4.0,14,0.02002002002,0,0.632743804185,-0.982871659801,5,696
174,1,7.15543547977,4.0,20,0.02002002002,0,0.703637459011,0.0445231027342,5,973
175,1,0.613937935905,0.0,1,0.019019019019,1,-1.41462616457,-0.142183570392,5,238
176,1,9.27659969487,8.0,21,0.022022022022,0,1.76485252118,-1.01795786868,5,892
177,1,7.09428357286,0.0,13,0.018018018018,0,1.38690475223,-2.06643068383,5,638
178,1,9.82170990829,9.0,15,0.019019019019,0,1.4492895154,0.473841362076,5,662
179,1,4.68719223254,0.0,6,0.016016016016,0,0.600069181371,-2.11301531158,5,483
180,1,1.59404222538,0.0,9,0.019019019019,0,-0.552754627135,-1.74769389321,5,559
181,1,4.66779848834,2.0,17,0.02002002002,0,-0.346940436539,0.708619797955,5,866
182,1,8.15391550142,4.0,11,0.02002002002,0,1.28523564216,-0.701791425061,5,541
183,1,1.86894650068,0.0,4,0.022022022022,0,-1.63351639089,1.76949567333,5,323
184,1,2.17526770841,0.0,5,0.02002002002,0,-0.314633787528,-1.88083092901,5,372
185,1,8.58764196279,4.0,9,0.02002002002,0,0.254167012201,2.82514092619,5,460
186,1,3.33432117716,1.0,7,0.021021021021,0,0.0638012123654,-1.85708245994,5,438
187,1,0.00232618455038,0.0,1,0.02002002002,1,-2.07669808156,1.23242042923,5,104
188,1,4.22623840224,1.0,12,0.021021021021,0,-1.04308988502,2.35550805728,5,465
189,1,2.58134386284,1.0,17,0.021021021021,0,-0.617920967826,-0.56489323368,5,571
190,1,4.98221566173,3.0,12,0.021021021021,0,0.319893962071,-0.977466224483,5,441
191,1,3.19126658538,1.0,14,0.02002002002,0,-0.682537069721,0.238877794545,5,487
192,1,1.90604732079,1.0,4,0.025025025025,0,-0.230258785655,-2.40317632224,5,264
193,1,1.9618663225,1.0,6,0.019019019019,0,-0.220868700916,-2.37552757475,5,304
194,1,6.6030604508,2.0,19,0.021021021021,0,1.03270062452,-1.49504142277,5,593
195,1,9.66061651361,6.0,10,0.02002002002,0,1.18047964141,1.11917758936,5,413
196,1,2.24181245389,0.0,5,0.022022022022,0,-1.40942045141,1.47007380813,5,244
197,1,4.04806251773,1.0,19,0.019019019019,0,-0.608537693235,0.873675597431,5,783
198,1,6.51244021741,0.0,9,0.019019019019,0,-0.0181059576431,1.56675809034,5,371
199,1,7.56922634323,0.0,9,0.02002002002,0,0.564416108694,0.875978017146,5,330
200,1,1.07757878709,0.0,7,0.022022022022,0,-1.74103633914,1.3006878045,5,303
201,1,1.83338791608,0.0,3,0.021021021021,0,-1.1077832749,0.156737740774,5,232
202,1,0.359773244709,,9,0.019019019019,0,-1.54872977997,0.00596258462299,5,300
203,1,4.16843111559,2.0,16,0.018018018018,0,-0.583486444428,0.918890448873,5,569
204,1,8.25213176694,2.0,13,0.021021021021,0,0.527346224547,1.6700930933,5,395
205,1,3.97989107154,1.0,9,0.02002002002,0,-0.265351562008,-0.224054242432,5,250
206,1,3.51014788092,0.0,6,0.019019019019,0,0.0289048930739,-1.5765667983,5,205
207,1,9.6216552055,5.0,15,0.02002002002,0,1.95107843441,-1.23158009773,5,381
208,1,7.40822698194,,18,0.022022022022,0,0.922617749303,-0.359626265968,5,462
209,1,5.23778955317,1.0,10,0.019019019019,0,0.536672907368,-1.37222916894,5,247
210,1,1.52454247732,,3,0.019019019019,0,-0.887436674463,-0.813147499291,5,93
211,1,3.25396312298,,9,0.022022022022,0,-1.31196351548,2.18985366942,5,193
212,1,0.231935020819,,3,0.017017017017,0,-1.1177025477,-1.41495733608,5,76
213,1,6.17044343207,4.0,18,0.021021021021,0,0.0771871959992,0.938881844071,5,404
214,1,2.69027613775,,4,0.02002002002,0,-0.0516352399093,-2.15481814252,5,116
215,1,4.60631990916,3.0,5,0.019019019019,0,0.251315036919,-1.14762520159,5,100
216,1,-3.47862778285,,0,0.02002002002,1,-1.96561522141,-2.58178211862,5,24
217,1,0.257732240316,0.0,7,0.02002002002,0,-0.974329829463,-1.81927827129,5,117
218,1,7.37721988931,0.0,10,0.02002002002,0,0.827558049013,-0.105454257725,5,129
219,1,1.02371237496,,9,0.02002002002,0,-1.73071515663,1.21585784484,5,124
220,1,0.233481428427,,2,0.021021021021,0,-1.00876092255,-1.74023580392,5,67
221,1,1.18922344462,,2,0.019019019019,0,-1.36017251895,0.269741001469,5,60
222,1,2.18590993224,2.0,10,0.019019019019,0,-1.63092826643,2.07869473152,5,148
223,1,5.18241268823,,10,0.019019019019,0,0.112368628736,-0.154693197974,5,161
224,1,5.01392985971,1.0,17,0.02002002002,0,-0.347949497382,1.05777835185,5,470
225,1,1.63709873681,,18,0.02002002002,0,-1.6063472469,1.45614047752,5,707
226,1,-0.525566774179,,1,0.022022022022,0,-2.11643572,0.823740385822,5,54
227,1,8.09789158747,4.0,10,0.02002002002,0,0.98360898142,0.147064643213,5,197
228,1,4.60181734077,4.0,9,0.022022022022,0,-0.578851733834,1.33837254227,5,183
229,1,8.55129356233,3.0,10,0.019019019019,0,0.602301506425,1.74438904305,5,229
230,1,2.29051469215,0.0,4,0.02002002002,0,-0.729582335153,-0.520738302396,5,151
231,1,6.64185929932,5.0,8,0.02002002002,0,0.631393631514,-0.252321595219,5,230
232,1,6.09365646562,2.0,19,0.019019019019,0,0.29858281003,0.197908035535,5,929
233,1,2.41702449537,0.0,5,0.02002002002,0,-0.83107578993,-0.0897481348413,5,212
234,1,0.953761255815,0.0,3,0.019019019019,0,-0.0664922028383,-3.84676213567,5,213
235,1,6.91761427304,2.0,14,0.02002002002,0,0.647761616653,-0.025670576918,5,723
236,1,5.76499772314,0.0,15,0.02002002002,0,0.209050239276,0.137847005315,5,898
237,1,6.78685800782,0.0,10,0.021021021021,0,0.19650141085,1.19735377527,5,440
238,1,4.65446581965,2.0,7,0.021021021021,0,0.225126726459,-1.02091435973,5,316
239,1,1.831408812,1.0,5,0.021021021021,0,-0.263496861217,-2.37810060435,5,282
240,1,0.824490715092,0.0,10,0.021021021021,0,-0.899823234537,-1.4760395813,5,486
241,1,5.44332181017,4.0,15,0.021021021021,0,-0.207471474966,1.06573623507,5,887
242,1,7.17106352766,6.0,8,0.02002002002,0,0.786441594303,-0.188261255255,5,749
243,1,8.14914724496,8.0,18,0.021021021021,0,0.534223611098,1.54647641167,5,940
244,1,5.08258649021,5.0,12,0.02002002002,0,-0.657437702299,2.05489959711,5,886
245,1,5.49120840528,,6,0.02002002002,0,0.382206930959,-0.655412387593,5,644
246,1,4.78241986426,4.0,15,0.022022022022,0,0.461081750299,-1.60082538663,5,936
247,1,6.60990070114,5.0,16,0.02002002002,0,-0.835649288314,4.11684856609,5,952
248,1,6.5767857223,2.0,8,0.017017017017,0,0.467751508913,0.173531195557,5,834
249,1,4.65631620543,2.0,16,0.019019019019,0,-0.0344021992683,-0.240477196769,5,956
250,1,5.21903559399,0.0,7,0.02002002002,0,0.561322072185,-1.46493062256,5,763
251,1,2.87390902405,,5,0.02002002002,0,-0.90200912004,0.579936384173,5,732
252,1,2.89175792573,2.0,11,0.02002002002,0,-0.41572614273,-0.861063646077,5,861
253,1,6.08768996051,1.0,19,0.021021021021,0,0.0215211372369,1.0231265488,5,984
254,1,3.22417868753,2.0,7,0.021021021021,0,-1.04538693345,1.36033948789,5,752
255,1,7.49745110954,3.0,20,0.02002002002,0,0.795189401076,0.111882906315,5,999
256,1,6.53337078878,6.0,19,0.02002002002,0,0.483452900063,0.0830120885885,5,994
257,1,5.78191341941,1.0,7,0.021021021021,0,-0.560765800666,2.46421082141,5,721
258,1,7.06633950569,7.0,10,0.019019019019,0,0.483835197498,0.614833913195,5,759
259,1,4.05685496792,0.0,15,0.019019019019,0,-0.226777286483,-0.26281317263,5,911
260,1,6.97801292944,0.0,16,0.02002002002,0,0.250054664411,1.22784893621,5,877
261,1,8.51274860878,8.0,12,0.018018018018,0,1.30826687792,-0.412052024971,5,838
262,1,5.29590237736,1.0,6,0.019019019019,0,1.20415159711,-3.31655241396,5,217
263,1,6.72014529245,0.0,11,0.018018018018,0,0.608200778058,-0.104457041726,5,704
264,1,6.7616592483,4.0,8,0.021021021021,0,1.27528698496,-2.06420170656,5,310
265,1,5.50230158276,1.0,11,0.019019019019,0,0.335474939292,-0.504123235114,5,703
266,1,5.31124346429,5.0,11,0.02002002002,0,0.937371249194,-2.5008702833,5,397
267,1,-2.25157874871,,0,0.019019019019,1,-2.13408463721,-0.849324837072,5,53
268,1,5.41606937065,0.0,7,0.021021021021,0,0.00270405151768,0.407957216096,5,149
269,1,5.19317571974,,6,0.019019019019,0,-0.310230811919,1.12386815549,5,137
270,1,5.31877078653,1.0,10,0.02002002002,0,-0.00203603352099,0.324878887092,5,173
271,1,3.71545114098,1.0,5,0.022022022022,0,-0.762490248226,1.00292188566,5,80
272,1,7.16234058605,5.0,11,0.018018018018,0,0.279855275904,1.32277475834,5,185
273,1,6.38095536686,4.0,11,0.02002002002,0,0.00938164723136,1.35281042516,5,182
274,1,-3.90971249241,,7,0.019019019019,0,-2.03015021144,-2.8192618581,5,125
275,1,1.93332642801,1.0,8,0.022022022022,0,-1.0551328847,0.0987250820997,5,134
276,1,1.87818494328,,5,0.015015015015,0,-1.02218962841,-0.0552461714788,5,89
277,1,-0.707715117019,,4,0.018018018018,0,-1.36634023071,-1.6086944249,5,110
278,1,1.56477053796,,2,0.02002002002,0,-1.12558522442,-0.05847378878,5,52
279,1,4.6288453295,3.0,8,0.021021021021,0,0.466235981191,-1.76986261407,5,135
280,1,0.911577432436,,1,0.018018018018,0,-1.49706470029,0.402771533302,5,46
281,1,-1.89745468813,,0,0.021021021021,1,-1.57828579051,-2.1625973166,5,28
282,1,3.12346703924,3.0,16,0.019019019019,0,-1.09993614982,1.4232754887,5,431
283,1,5.15351163903,3.0,20,0.023023023023,0,0.0991457653771,-0.143925657104,5,547
284,1,3.1283547933,1.0,9,0.022022022022,0,-0.16350012642,-1.38114482743,5,158
285,1,2.99440775528,1.0,14,0.021021021021,0,0.439254506769,-3.32335576503,5,311
286,1,8.77401753385,8.0,19,0.02002002002,0,1.07772630943,0.540838605555,5,532
287,1,8.49861572563,3.0,12,0.017017017017,0,1.2714609469,-0.315767115064,5,374
288,1,7.90609915059,,13,0.022022022022,0,1.00772741988,-0.117083109062,5,258
289,1,6.31124744104,4.0,8,0.022022022022,0,0.617037307753,-0.539864482223,5,237
290,1,7.02389675024,5.0,16,0.02002002002,0,-0.570881918969,3.73654250715,5,430
291,1,9.39210216026,9.0,11,0.02002002002,0,1.60032943959,-0.408886158499,5,241
292,1,6.80734706517,3.0,15,0.021021021021,0,-0.0218475455689,1.87288970187,5,387
293,1,6.29527386136,3.0,7,0.019019019019,0,0.792157437895,-1.08119845233,5,198
294,1,2.69891987704,,5,0.019019019019,0,0.180437492795,-2.84239260135,5,133
295,1,4.32787756901,3.0,5,0.02002002002,0,-0.418996253417,0.584866329265,5,162
296,1,-1.04786123434,,0,0.019019019019,1,-2.4011479772,1.15558269726,5,7
297,1,5.50131785881,5.0,19,0.021021021021,0,0.696995072305,-1.58966735811,5,401
298,1,0.225172166125,,1,0.021021021021,0,-1.20079867596,-1.17243180599,5,27
299,1,10.0823881929,,15,0.02002002002,0,1.56403464656,0.390284253278,5,350
300,1,-0.230982081417,,3,0.021021021021,0,-1.38459251305,-1.07720454226,5,29
301,1,1.08928546736,1.0,12,0.021021021021,0,-1.83789650072,1.60297496951,5,176
302,1,4.06615184105,3.0,6,0.02002002002,0,0.0675105240531,-1.13637973111,5,113
303,1,0.498274940308,,18,0.019019019019,0,-1.11571856551,-1.15456936317,5,580
304,1,7.3000349075,,9,0.019019019019,0,0.233916548894,1.59828526082,5,118
305,1,1.72197352933,,4,0.021021021021,0,-0.448470788742,-1.93261410444,5,65
306,1,-0.0745174720958,,2,0.022022022022,0,-1.47593721399,-0.646705830133,5,17
307,1,5.17390301535,,8,0.021021021021,0,0.150390587335,-0.277268746655,5,115
308,1,2.99643172946,,13,0.018018018018,0,-0.333441643099,-1.00324334124,5,284
309,1,2.54326558438,,10,0.019019019019,0,-0.120766436832,-2.09443510512,5,211
310,1,5.24424522171,2.0,6,0.022022022022,0,0.0134724475754,0.203827878987,5,79
311,1,2.83796401328,,3,0.02002002002,0,-1.26550684961,1.63448456212,5,74
312,1,2.46154873727,,6,0.02002002002,0,-0.410604493623,-1.30663778187,5,81
313,1,6.19397543637,,16,0.017017017017,0,0.149984220229,0.744022775682,5,591
314,1,8.2367157983,8.0,17,0.022022022022,0,0.789703677625,0.867604765427,5,525
315,1,8.58594829925,7.0,11,0.022022022022,0,1.04610667994,0.447628259429,5,301
316,1,-3.04791995401,,0,0.019019019019,1,-2.23087809023,-1.35528568333,5,6
317,1,5.80376495486,5.0,6,0.018018018018,1,-0.194320276646,1.3867257848,5,221
318,1,6.18378296703,2.0,8,0.018018018018,0,0.788901592638,-1.18292181089,5,345
319,1,-0.732949212307,,5,0.021021021021,0,-1.37654977156,-1.60329989763,5,210
320,1,13.169565396,10.0,14,0.02002002002,0,1.57521202188,3.44392933036,5,562
321,1,1.15928279205,,19,0.021021021021,0,-0.94409807737,-1.00842297584,5,825
322,1,4.64186021164,3.0,12,0.021021021021,0,-0.456978471117,1.01279562499,5,548
323,1,2.17635525331,,4,0.02002002002,0,-1.25090847267,0.929080671306,5,276
324,1,3.04493059072,3.0,16,0.019019019019,0,-0.928056112302,0.829098927625,5,681
325,1,4.23471132339,3.0,10,0.02002002002,0,0.420567378729,-2.0269908128,5,492
326,1,5.50976423734,3.0,22,0.022022022022,0,-1.40732471419,4.7317383799,5,995
327,1,3.10259197035,2.0,13,0.019019019019,0,-0.0648730024818,-1.70278902221,5,657
328,1,5.01942773724,2.0,12,0.02002002002,0,0.0137840104579,-0.0219242941379,5,575
329,1,6.70130058637,0.0,11,0.02002002002,0,0.659583020384,-0.277448474786,5,500
330,1,1.20421028172,,2,0.019019019019,0,-1.19727027211,-0.203978901964,5,126
331,1,10.0818988032,9.0,19,0.02002002002,0,1.45260735238,0.724076746062,5,937
332,1,4.46442292957,0.0,13,0.02002002002,0,0.0132977863056,-0.575470429342,5,640
333,1,8.76140992915,5.0,10,0.02002002002,0,0.598684443576,1.96535659843,5,315
334,1,-0.313485605814,,0,0.018018018018,1,-1.59178833858,-0.538120590084,5,30
335,1,2.53952040654,0.0,3,0.021021021021,0,-0.162700824071,-1.97237712125,5,58
336,1,6.64122576838,5.0,14,0.021021021021,0,-0.198104218847,2.23553842492,5,373
337,1,4.81951774873,,17,0.018018018018,0,-0.377593493891,0.952298230399,5,736
338,1,5.19915904929,1.0,10,0.019019019019,0,-0.296908660742,1.08988503151,5,245
339,1,5.25794938608,,6,0.019019019019,0,0.430607817932,-1.03387406772,5,86
340,1,5.74961098635,5.0,17,0.019019019019,0,0.421841463638,-0.515913404567,5,392
341,1,4.22300441405,0.0,9,0.019019019019,0,0.0593933093374,-0.955175513962,5,220
342,1,12.9677653884,1.0,15,0.022022022022,0,2.80240893031,-0.439461402568,5,320
343,1,4.99372584175,,6,0.018018018018,0,-0.0484665350381,0.139125446869,5,84
344,1,3.89201266516,,4,0.02002002002,0,-0.0320092758456,-1.01195950731,5,57
345,1,3.62136209088,0.0,14,0.022022022022,0,0.0515066517807,-1.53315786446,5,339
346,1,3.80526901251,,9,0.022022022022,0,0.0717035453568,-1.40984162356,5,218
347,1,5.28218947346,,9,0.02002002002,0,0.0603026138757,0.101281631828,5,186
348,1,7.69064753874,,11,0.022022022022,0,0.996392059433,-0.298528639554,5,219
349,1,-1.06644975784,,3,0.02002002002,0,-1.76279250711,-0.77807223652,5,47
350,1,0.976172976948,,1,0.022022022022,0,-1.17027910837,-0.51298969795,5,44
351,1,8.87021777987,0.0,13,0.02002002002,0,1.79000672395,-1.49980239198,5,240
352,1,4.49346002721,4.0,21,0.021021021021,0,0.105360470376,-0.822621383914,5,991
353,1,1.90261878073,,2,0.021021021021,0,-1.06766924032,0.105626501699,5,45
354,1,5.8976770482,0.0,7,0.02002002002,0,0.942540171129,-1.92994346518,5,103
355,1,9.39296327827,9.0,19,0.02002002002,0,1.13025271943,1.00220511998,5,456
356,1,4.54196161593,,7,0.021021021021,0,0.765275155539,-2.75386385068,5,106
357,1,4.07151264909,,9,0.021021021021,0,-0.511123647941,0.604883592916,5,112
358,1,1.63568350989,1.0,13,0.021021021021,0,-0.665399593255,-1.36811771035,5,255
359,1,1.91001399575,,2,0.02002002002,0,-0.444907014023,-1.75526496218,5,39
360,1,8.01320048638,1.0,18,0.019019019019,0,0.601225804516,1.20952307283,5,677
361,1,8.45715845921,0.0,12,0.02002002002,0,0.88668411527,0.797106113402,5,309
362,1,1.23391684763,,3,0.021021021021,0,-1.7297790822,1.42325409423,5,62
363,1,3.04707925468,1.0,4,0.02002002002,0,0.134478170263,-2.35635525611,5,102
364,1,1.87787638785,,13,0.02002002002,0,-0.911270027095,-0.388313530862,5,321
365,1,7.12939745015,7.0,9,0.02002002002,0,1.35238889283,-1.92776922835,5,235
366,1,7.74082386846,6.0,13,0.021021021021,0,0.854667534045,0.176821266326,5,403
367,1,-0.211247145062,,0,0.02002002002,1,-1.60866329041,-0.385257273837,5,10
368,1,10.8572313793,10.0,19,0.02002002002,0,2.34324728058,-1.17251046243,5,872
369,1,4.18717728274,,5,0.021021021021,0,0.338472168603,-1.82823922307,5,159
370,1,6.90050711348,6.0,13,0.02002002002,0,-0.518724012471,3.45667915089,5,631
371,1,5.96437355363,5.0,11,0.02002002002,0,0.975395709399,-1.96181357457,5,448
372,1,3.09400126679,,5,0.019019019019,0,0.168534476263,-2.41160216199,5,223
373,1,5.22141216447,1.0,9,0.02002002002,0,-0.335165766437,1.22690946378,5,457
374,1,0.9809895751,,2,0.022022022022,0,-1.03902546219,-0.90193403832,5,131
375,1,8.42262189099,6.0,12,0.019019019019,0,0.975157940934,0.497148068192,5,685
376,1,6.43597689177,5.0,10,0.019019019019,0,0.794682591859,-0.948070883809,5,636
377,1,5.8788082806,4.0,14,0.018018018018,0,0.450062197156,-0.471378310873,5,873
378,1,4.31916363942,,8,0.021021021021,0,-0.117001424883,-0.329832085927,5,485
379,1,6.32009296521,3.0,7,0.022022022022,0,0.421179558426,0.0565542899341,5,555
380,1,1.65148961931,,20,0.021021021021,0,-1.02982585893,-0.259032803915,5,988
381,1,7.77680088182,6.0,14,0.02002002002,0,0.255282583781,2.01095313048,5,800
382,1,5.83730870632,4.0,17,0.019019019019,0,-0.0619326696923,1.0231067154,5,941
383,1,10.2659983665,10.0,11,0.022022022022,1,0.784766646044,2.91169842837,5,796
384,1,2.64263203763,2.0,6,0.019019019019,0,-1.19329940698,1.22253025857,5,653
385,1,9.49092601031,9.0,18,0.02002002002,0,0.318505634395,3.53540910713,5,979
386,1,11.7325587368,2.0,13,0.021021021021,0,2.32123605885,-0.231149439738,5,897
387,1,0.706783191248,0.0,1,0.019019019019,1,-1.0841566332,-1.04074690915,5,360
388,1,8.13608431455,1.0,14,0.021021021021,0,0.732664711218,0.938090180893,5,921
389,1,5.8545964955,4.0,7,0.018018018018,0,-0.103855464096,1.16616288779,5,835
390,1,9.06707699021,0.0,17,0.017017017017,0,1.4661724057,-0.331440226901,5,997
391,1,3.32149835424,0.0,5,0.021021021021,0,-0.527713959684,-0.0953597667078,5,761
392,1,2.71731896367,2.0,8,0.019019019019,0,0.0524966075536,-2.44017085899,5,846
393,1,4.91200748304,4.0,10,0.02002002002,0,-0.114754171915,0.256269998782,5,859
394,1,8.21993515767,3.0,11,0.018018018018,0,1.3726088045,-0.897891255841,5,943
395,1,5.13177400641,4.0,14,0.02002002002,0,0.322119781099,-0.834585336887,5,970
396,1,3.1694051773,,16,0.021021021021,0,-0.446854622487,-0.490030955239,5,961
397,1,2.4276568838,2.0,16,0.019019019019,0,-1.50674836172,1.94790196895,5,971
398,1,3.13267301344,1.0,8,0.02002002002,0,-0.552204757285,-0.210712714706,5,826
399,1,5.26596871161,0.0,16,0.019019019019,0,0.343928190894,-0.765815861072,5,975
400,1,3.17574568387,2.0,4,0.019019019019,0,-1.15146139809,1.63012987815,5,729
401,1,2.36553458016,2.0,9,0.019019019019,0,-1.28734254591,1.22756221788,5,850
402,1,9.03094094129,7.0,19,0.02002002002,0,0.554218242436,2.36828621398,5,977
403,1,10.930393359,2.0,13,0.02002002002,0,1.76715573751,0.628926146481,5,914
404,1,1.02573373244,0.0,21,0.021021021021,0,-0.971443495646,-1.05993578062,5,982
405,1,5.59876823409,3.0,6,0.018018018018,0,0.492563394471,-0.878921949327,5,654
406,1,5.2587178051,0.0,11,0.019019019019,0,0.228412554383,-0.426519858049,5,812
407,1,3.2757120053,2.0,4,0.021021021021,0,-0.728691877351,0.461787637352,5,471
408,1,4.95854475884,3.0,17,0.021021021021,0,-0.132062925373,0.354733534964,5,932
409,1,7.70808527651,4.0,9,0.02002002002,0,0.569255170588,1.00031976474,5,563
410,1,7.42891647189,2.0,9,0.021021021021,0,0.353044008332,1.36978444689,5,522
411,1,8.55142555295,1.0,10,0.018018018018,0,1.00974678883,0.522185186478,5,538
412,1,4.22526926559,1.0,10,0.021021021021,0,0.399679254465,-1.97376849781,5,510
413,1,8.98177975055,5.0,15,0.022022022022,0,0.70927517709,1.85395421929,5,694
414,1,-0.520068070797,,1,0.018018018018,0,-1.62178330011,-0.654718170467,5,233
415,1,-0.569197689978,,0,0.019019019019,1,-2.11016043576,0.7612836173,5,26
416,1,2.3353485459,2.0,3,0.02002002002,1,-0.376839127583,-1.53413407135,5,263
417,1,8.77617604967,6.0,14,0.018018018018,0,0.574293380631,2.05329590777,5,829
418,1,1.14968749559,1.0,3,0.022022022022,0,-0.985851526081,-0.892757926169,5,290
419,1,6.47307246958,5.0,9,0.019019019019,0,0.170882740887,0.960424246923,5,477
420,1,7.79699865764,2.0,12,0.02002002002,0,1.08209232646,-0.449278321736,5,491
421,1,3.21297534639,2.0,5,0.02002002002,0,0.0284918405705,-1.87250017532,5,357
422,1,5.68468326314,3.0,8,0.021021021021,0,0.180950450688,0.14183191108,5,450
423,1,5.21868476277,4.0,20,0.02002002002,0,-0.528976596244,1.8056145515,5,957
424,1,7.16527508319,3.0,19,0.021021021021,0,0.467606444738,0.762455748976,5,891
425,1,6.18892296513,2.0,14,0.021021021021,0,-0.153203210657,1.6485325971,5,720
426,1,2.23184056316,2.0,19,0.02002002002,0,-0.485222760506,-1.31249115532,5,913
427,1,3.09463727596,3.0,4,0.018018018018,1,-0.710231325648,0.225331252906,5,214
428,1,5.49175782297,2.0,6,0.018018018018,0,-0.50494932761,2.0066058058,5,425
429,1,-0.576965526092,,0,0.022022022022,1,-1.30191338329,-1.67122537621,5,16
430,1,5.58801578161,5.0,9,0.02002002002,0,-0.140567899516,1.00971948016,5,433
431,1,7.03105849293,4.0,10,0.021021021021,0,1.05276118193,-1.12722505286,5,540
432,1,6.18645688127,3.0,12,0.021021021021,0,0.227443548629,0.504126235382,5,603
433,1,3.49866022842,2.0,4,0.023023023023,0,-1.00663377975,1.51856156768,5,298
434,1,0.759776980584,,2,0.02002002002,0,-1.27664371935,-0.410291861358,5,150
435,1,5.00752513017,2.0,15,0.018018018018,0,0.0401370523512,-0.112886026884,5,821
436,1,-1.61659403417,,1,0.02002002002,0,-1.77329674838,-1.29670378903,5,21
437,1,4.62251162497,3.0,15,0.02002002002,0,0.144745973653,-0.811726295989,5,609
438,1,6.69231838499,3.0,8,0.019019019019,0,0.489042495742,0.225190897761,5,398
439,1,3.30894763676,3.0,11,0.018018018018,0,-0.0940964828542,-1.40876291468,5,560
440,1,6.06241365887,2.0,11,0.019019019019,0,0.832103828613,-1.43389782697,5,599
441,1,12.0641234288,0.0,18,0.02002002002,0,1.8788593559,1.42754536109,5,882
442,1,9.28439093103,6.0,10,0.019019019019,0,0.851188419305,1.73082567312,5,589
443,1,6.45522461677,6.0,12,0.019019019019,0,0.608020262395,-0.368836170418,5,604
444,1,4.8797115665,0.0,18,0.019019019019,0,0.540303566078,-1.74119913173,5,883
445,1,4.02648539773,4.0,5,0.02002002002,1,-0.80031610386,1.42743370932,5,463
446,1,2.91189042672,2.0,3,0.02002002002,1,0.185064270911,-2.64330238601,5,246
447,1,-0.00728028561231,,0,0.019019019019,1,-0.77531388762,-2.68133862275,5,13
448,1,-0.414923520762,,2,0.021021021021,0,-1.2172347809,-1.76321917807,5,170
449,1,11.6417741855,2.0,19,0.019019019019,0,2.39314968556,-0.537674871134,5,983
450,1,-0.962169936326,,15,0.022022022022,0,-1.84816723063,-0.417668244424,5,867
451,1,12.6648414731,9.0,17,0.019019019019,0,2.10213313933,1.35844205514,5,893
452,1,-0.520025246938,,4,0.019019019019,0,-1.36406823591,-1.42782053921,5,272
453,1,2.95452219231,1.0,6,0.02002002002,0,-0.49219800631,-0.568883788766,5,423
454,1,7.02965232174,7.0,15,0.021021021021,0,0.123312877947,1.65971368789,5,871
455,1,4.76099182552,1.0,20,0.02002002002,0,-0.206312211736,0.379928460732,5,972
456,1,8.81986992529,5.0,10,0.021021021021,0,0.932088428187,1.02360464073,5,473
457,1,3.4617288344,3.0,16,0.022022022022,0,-1.30054105408,2.36335199665,5,830
458,1,8.53268033871,4.0,12,0.02002002002,0,1.31043634404,-0.398628693422,5,613
459,1,7.93244119935,4.0,9,0.019019019019,0,0.99585910393,-0.0551361124391,5,414
460,1,4.41695348663,3.0,11,0.022022022022,0,-0.27573678278,0.244163834971,5,551
461,1,-1.74856176505,,0,0.019019019019,1,-0.941428703492,-3.92427565457,5,49
462,1,9.82740851933,4.0,14,0.018018018018,0,0.889015950705,2.16036066721,5,712
463,1,10.1904045553,8.0,19,0.02002002002,0,1.43375216668,0.889148055269,5,938
464,1,1.49928347517,,5,0.021021021021,0,0.220508058947,-4.16224070167,5,319
465,1,5.09637281838,5.0,8,0.02002002002,0,-0.656038026508,2.0644868979,5,406
466,1,8.25864003163,7.0,9,0.021021021021,0,0.97219525729,0.342054259763,5,410
467,1,5.88388516692,3.0,7,0.019019019019,0,0.114173203305,0.541365557005,5,375
468,1,0.634391296008,,2,0.019019019019,0,-0.647536709485,-2.42299857554,5,68
469,1,2.95489521696,0.0,4,0.02002002002,0,-0.652075840677,-0.0888772610053,5,199
470,1,10.6963413215,8.0,12,0.019019019019,0,1.9923238495,-0.280630226962,5,449
471,1,12.5905627615,12.0,14,0.017017017017,0,1.84500181613,2.05555731307,5,791
472,1,-1.73342615882,,0,0.02002002002,1,-1.193261413,-3.15364191982,5,33
473,1,4.31996680025,,8,0.019019019019,0,-0.989424921439,2.28824156457,5,368
474,1,1.498672691,,3,0.02002002002,0,-0.589550590349,-1.73267553795,5,85
475,1,2.94557727893,2.0,19,0.019019019019,0,-1.02685508206,1.02614252511,5,864
476,1,4.87209456258,4.0,5,0.02002002002,1,0.47918239018,-1.56545260796,5,289
477,1,8.38929082361,1.0,14,0.021021021021,0,0.131690797396,2.99421843142,5,777
478,1,6.95679078026,6.0,9,0.021021021021,0,1.43021507738,-2.33385445189,5,501
479,1,10.7267682427,5.0,17,0.02002002002,0,1.45175092065,1.37151548073,5,822
480,1,-0.527178561223,,1,0.019019019019,0,-1.93938102913,0.290964526161,5,82
481,1,4.77050311783,1.0,5,0.018018018018,0,-0.82043300248,2.23180212527,5,561
482,1,6.17487566162,3.0,11,0.019019019019,0,0.177519375975,0.642317533696,5,614
483,1,6.11330187958,5.0,13,0.021021021021,0,0.30371391698,0.202160128641,5,656
484,1,7.57753652717,6.0,8,0.02002002002,0,0.569710380496,0.868405385679,5,578
485,1,11.0599887864,1.0,15,0.021021021021,0,1.50963333227,1.53108878962,5,818
486,1,8.19158750551,3.0,15,0.017017017017,0,0.958815940432,0.315139684215,5,857
487,1,3.16426611257,,20,0.02002002002,0,-0.522184735629,-0.269179680543,5,964
488,1,3.32172502095,0.0,4,0.02002002002,0,0.543065252014,-3.30747073509,5,531
489,1,4.38966320531,1.0,6,0.021021021021,0,-0.748693161401,1.63574268951,5,553
490,1,7.68963966933,4.0,10,0.021021021021,0,0.513657822445,1.14866620199,5,601
491,1,4.27166922864,4.0,13,0.021021021021,0,-0.619965973837,1.13156715015,5,672
492,1,8.4979695401,0.0,15,0.02002002002,0,0.542223616373,1.87129869098,5,806
493,1,10.7880357819,7.0,14,0.022022022022,0,2.23399526407,-0.91395001032,5,709
494,1,-2.56909505213,,1,0.018018018018,0,-2.60229745771,0.23779732101,5,163
495,1,3.17660862095,2.0,15,0.02002002002,0,-0.493850228295,-0.341840694165,5,785
496,1,5.32391333813,3.0,18,0.019019019019,0,-0.240316088353,1.04486160319,5,884
497,1,5.21930387224,4.0,8,0.02002002002,0,0.140941248833,-0.203519874257,5,502
498,1,7.2488609435,3.0,18,0.02002002002,0,0.426186862708,0.97030035538,5,845
499,1,3.8381834961,2.0,5,0.02002002002,0,-1.27288977735,2.65685282816,5,475
500,1,-1.49314116167,,6,0.02002002002,0,-1.67622442031,-1.46446790074,5,428
501,1,4.16701595751,0.0,5,0.021021021021,0,0.21436105107,-1.4760671957,5,299
502,1,4.58606588391,4.0,13,0.022022022022,0,0.471673700052,-1.82895521624,5,557
503,1,4.89471172469,4.0,6,0.018018018018,0,0.240299728004,-0.826187459323,5,432
504,1,1.80829344676,,2,0.023023023023,0,-0.943981766692,-0.359761253162,5,122
505,1,11.0685805064,6.0,12,0.022022022022,0,1.34464445548,2.03464714,5,520
506,1,5.77334404965,5.0,11,0.02002002002,0,0.062694884337,0.585259396634,5,524
507,1,2.2359173273,2.0,5,0.02002002002,0,-0.853415520739,-0.20383611048,5,454
508,1,2.49471856115,0.0,12,0.02002002002,0,-1.21479072203,1.13909072725,5,695
509,1,4.44919964591,1.0,14,0.02002002002,0,0.411037072506,-1.78391157161,5,733
510,1,3.51766751871,2.0,11,0.019019019019,0,0.0603006598525,-1.66323446084,5,649
511,1,10.0915107519,10.0,17,0.02002002002,0,2.03548007632,-1.01492947705,5,858
512,1,3.09917440864,,8,0.025025025025,0,-0.595813536345,-0.113384982329,5,231
513,1,-1.28555335846,,1,0.02002002002,0,-1.95540918442,-0.419325805194,5,107
514,1,11.434848612,3.0,14,0.023023023023,0,1.35701366884,2.36380760547,5,771
515,1,11.5353711351,10.0,20,0.02002002002,0,1.99034956645,0.56432243576,5,993
516,1,7.14159863823,6.0,20,0.021021021021,0,0.225509775403,1.46506931202,5,981
517,1,9.54318494017,8.0,15,0.019019019019,0,1.04605212324,1.40502857045,5,905
518,1,10.1429623454,1.0,17,0.019019019019,0,1.28372794173,1.29177852022,5,965
519,1,0.991578118058,,2,0.017017017017,0,-1.10633083281,-0.68942938351,5,334
520,1,9.81444580799,4.0,12,0.017017017017,0,1.37314726817,0.695004003488,5,928
521,1,-0.0978722376106,,0,0.02002002002,1,-1.78629212261,0.261004130227,5,5
522,1,7.35520260448,7.0,8,0.021021021021,1,1.25074709855,-1.39703869117,5,775
523,1,4.64240965601,4.0,5,0.02002002002,1,-0.175012617319,0.167447507971,5,543
524,1,9.65374248472,4.0,15,0.018018018018,0,0.00304034730649,4.6446214428,5,968
525,1,6.31179510804,5.0,13,0.022022022022,0,0.800236536226,-1.08891450063,5,849
526,1,4.93932384802,2.0,9,0.019019019019,0,-0.188555460933,0.504990230815,5,823
527,1,7.26935813715,6.0,10,0.021021021021,0,0.745828874403,0.0318715139409,5,809
528,1,9.09653481782,1.0,16,0.021021021021,0,2.24351144669,-2.63399952225,5,927
529,1,3.95750533651,1.0,4,0.02002002002,0,-0.371896456754,0.0731947067717,5,513
530,1,8.48331725931,4.0,20,0.021021021021,0,0.737837058618,1.26980608346,5,989
531,1,6.82371718942,4.0,15,0.02002002002,0,0.849759235377,-0.725560516714,5,903
532,1,5.42974521293,0.0,13,0.021021021021,0,-0.354193864139,1.49232680535,5,848
533,1,1.28668163701,1.0,6,0.019019019019,0,-1.09597075257,-0.42540610528,5,680
534,1,0.676069239422,0.0,2,0.02002002002,0,-0.920575855644,-1.56220319364,5,476
535,1,1.35417859398,0.0,2,0.018018018018,0,-0.917030536104,-0.894729797707,5,467
536,1,7.39513211937,5.0,16,0.02002002002,0,0.649472936861,0.44671330879,5,880
537,1,11.4816575531,10.0,12,0.017017017017,0,1.67831029759,1.44672666029,5,847
538,1,3.56917133049,1.0,21,0.021021021021,0,-0.797445797146,0.961508721924,5,1000
539,1,8.21549504116,7.0,11,0.02002002002,0,0.0694976758677,3.00700201356,5,734
540,1,5.62190666993,1.0,10,0.02002002002,0,-0.234734854322,1.3261112329,5,726
541,1,7.5299479671,0.0,14,0.02002002002,0,0.322953744963,1.56108673221,5,801
542,1,8.34356365423,8.0,9,0.02002002002,1,0.189827958837,2.77407977771,5,684
543,1,8.30371764318,8.0,9,0.019019019019,1,1.16367186623,-0.187297955524,5,716
544,1,10.394374632,5.0,14,0.02002002002,0,1.46555287995,0.997715992163,5,745
545,1,1.83464889732,0.0,4,0.019019019019,0,-0.703147588076,-1.05590833845,5,402
546,1,4.53495813565,3.0,7,0.02002002002,0,0.125616877039,-0.841892495469,5,516
547,1,6.7487891537,5.0,21,0.022022022022,0,0.780941956872,-0.594036716913,5,885
548,1,3.72374254604,1.0,8,0.021021021021,0,0.256303530946,-2.0451680468,5,488
549,1,6.30948315313,6.0,10,0.022022022022,0,0.867624033909,-1.2933889486,5,452
550,1,8.25890107963,0.0,18,0.019019019019,0,0.802158822953,0.852424610773,5,792
551,1,5.89943581436,2.0,7,0.02002002002,0,0.604981612875,-0.91550902426,5,354
552,1,1.6555767039,0.0,3,0.018018018018,0,-0.475270367458,-1.91861219373,5,260
553,1,6.29314410849,1.0,7,0.022022022022,0,0.475016871532,-0.131906506106,5,340
554,1,3.47159098581,0.0,4,0.02002002002,0,-0.337328951479,-0.516422159757,5,265
555,1,5.76660918291,2.0,11,0.02002002002,0,0.230330128196,0.0756187983204,5,494
556,1,6.16523516788,4.0,16,0.019019019019,0,1.45101162588,-3.18779970976,5,780
557,1,-2.90962310591,,0,0.021021021021,1,-2.38809245963,-0.745345727017,5,156
558,1,2.21549985711,0.0,4,0.021021021021,0,-1.34418507217,1.24805507363,5,286
559,1,1.17176835282,1.0,12,0.02002002002,0,-1.64730900287,1.11369536143,5,509
560,1,2.5801512067,,3,0.017017017017,0,-0.214393075522,-1.77666956674,5,262
561,1,1.17212010331,0.0,2,0.02002002002,0,-1.09291756586,-0.549127199115,5,189
562,1,4.41817482158,3.0,19,0.021021021021,0,-0.362416950051,0.505425671736,5,837
563,1,3.52288155115,0.0,5,0.021021021021,0,-0.99013978238,1.49330089829,5,308
564,1,3.62937986566,2.0,11,0.02002002002,0,-0.520790985278,0.191752821494,5,665
565,1,8.75445378025,8.0,18,0.019019019019,0,0.986335233595,0.795448079461,5,917
566,1,5.29259646954,3.0,6,0.02002002002,0,-0.204167409559,0.905098698221,5,385
567,1,7.63749111085,0.0,14,0.02002002002,0,0.943713359931,-0.193648968938,5,711
568,1,2.22840167476,0.0,11,0.02002002002,0,-1.47590393124,1.65611346847,5,687
569,1,4.38341843911,0.0,7,0.022022022022,0,-0.0424817011029,-0.489136457577,5,526
570,1,4.66537504039,1.0,20,0.021021021021,0,0.12957335727,-0.723345031423,5,959
571,1,6.16239849096,1.0,14,0.018018018018,0,0.251467809439,0.407995062643,5,833
572,1,3.18264323507,3.0,6,0.02002002002,0,-1.27502756143,2.00772591935,5,642
573,1,8.72262725253,8.0,11,0.021021021021,0,1.5090021051,-0.804379062776,5,708
574,1,9.66593153793,0.0,15,0.02002002002,0,1.14703639152,1.22482236336,5,815
575,1,6.94985785144,0.0,12,0.019019019019,0,-0.252336733169,2.70686805095,5,758
576,1,4.44360593215,2.0,10,0.02002002002,0,0.146925111313,-0.99716940179,5,676
577,1,5.69245687643,3.0,17,0.022022022022,0,0.536994454974,-0.918526488492,5,718
578,1,9.93056223112,3.0,12,0.019019019019,0,1.51690429626,0.379849342325,5,701
579,1,2.49997151969,1.0,5,0.02002002002,0,-1.22964110921,1.18889484732,5,574
580,1,8.57754141061,3.0,18,0.019019019019,0,1.22541752461,-0.0987111632074,5,967
581,1,5.26216690903,3.0,8,0.019019019019,0,-0.405780135381,1.47950731517,5,576
582,1,3.35393838892,2.0,4,0.019019019019,0,-0.574416851838,0.0771889444339,5,519
583,1,5.82641420128,4.0,9,0.019019019019,0,-0.564338345418,2.51942923753,5,582
584,1,5.97591695004,4.0,20,0.02002002002,0,-0.0443294000133,1.10890515008,5,987
585,1,0.934462274839,0.0,4,0.019019019019,0,-0.996413859003,-1.07629614815,5,493
586,1,-3.48671192001,,7,0.021021021021,0,-1.07387155696,-5.26509724913,5,511
587,1,-0.52839073203,,2,0.021021021021,0,-1.2044707305,-1.91497854052,5,70
588,1,6.48375231921,3.0,18,0.02002002002,0,1.05879913863,-1.69264509667,5,924
589,1,9.08929656791,5.0,14,0.02002002002,0,0.414533229274,2.84569688009,5,691
590,1,10.426825095,10.0,15,0.02002002002,0,1.58440914031,0.673597674121,5,686
591,1,-0.512329956051,,1,0.021021021021,0,-1.28958896642,-1.64356305681,5,15
592,1,6.84222536277,4.0,14,0.021021021021,0,0.749200514178,-0.40537617976,5,537
593,1,2.1543302629,,5,0.019019019019,0,-0.922541143587,-0.0780463063364,5,314
594,1,-2.44827655423,,0,0.021021021021,1,-2.40400814494,-0.236252119413,5,4
595,1,6.47124683605,5.0,7,0.02002002002,0,0.180182321911,0.930699870321,5,349
596,1,7.72097779879,4.0,14,0.023023023023,0,2.14132197622,-3.70298812987,5,528
597,1,8.17669091875,3.0,13,0.019019019019,0,0.243684613499,2.44563707825,5,503
598,1,4.51561149086,1.0,15,0.019019019019,0,-0.748635098213,1.7615167855,5,714
599,1,8.44574503424,7.0,21,0.022022022022,0,1.05952260447,0.267177220843,5,819
600,1,2.184394425,,3,0.022022022022,0,-0.257614650452,-2.04276162364,5,88
601,1,-3.80759362868,,2,0.023023023023,0,-2.00284282396,-2.79906515681,5,42
602,1,7.78179774049,5.0,10,0.021021021021,0,0.952962838027,-0.0770907735895,5,408
603,1,0.795605400732,,3,0.021021021021,0,-1.20109017686,-0.601124068687,5,192
604,1,4.33395788204,2.0,6,0.022022022022,0,0.0700114663306,-0.876076516953,5,294
605,1,5.44397022934,,18,0.023023023023,0,0.134039739701,0.0418510102405,5,802
606,1,3.30892045141,,7,0.018018018018,0,-0.964365971602,1.20201836622,5,418
607,1,5.0118064501,4.0,7,0.021021021021,0,0.344678177449,-1.02222808225,5,356
608,1,2.99867764422,1.0,3,0.018018018018,0,-0.597306980864,-0.209401413189,5,270
609,1,4.9144270113,2.0,21,0.021021021021,0,-0.29715437965,0.805890150248,5,895
610,1,8.62324093239,0.0,13,0.021021021021,0,-0.125946314062,4.00107987457,5,539
611,1,3.81824942607,1.0,8,0.018018018018,0,0.416820812058,-2.43221301011,5,468
612,1,5.32864642315,5.0,8,0.021021021021,0,0.647584394184,-1.6141067594,5,427
613,1,0.684199025122,0.0,1,0.021021021021,1,-1.49621339877,0.172839221431,5,242
614,1,8.50701187013,8.0,13,0.019019019019,0,0.844000737666,0.975009657129,5,639
615,1,-1.09464651265,,3,0.019019019019,0,-1.21578114884,-2.44730306612,5,302
616,1,4.76477074439,3.0,13,0.021021021021,0,0.367373373573,-1.33734937633,5,572
617,1,2.5487814591,,13,0.02002002002,0,-0.0796315791118,-2.21232380356,5,645
618,1,7.04087182486,3.0,14,0.023023023023,0,0.690807515041,-0.0315507202597,5,568
619,1,7.11102935966,3.0,9,0.021021021021,0,0.984971505938,-0.843885158157,5,533
620,1,6.96131406356,0.0,14,0.018018018018,0,0.931498908766,-0.833182662738,5,782
621,1,9.0755960178,3.0,14,0.018018018018,0,1.0505183404,0.924040996606,5,652
622,1,2.79493391193,1.0,3,0.018018018018,0,-1.09922908078,1.09262115426,5,379
623,1,5.57046368526,5.0,7,0.021021021021,0,0.647795109184,-1.37292164229,5,566
624,1,11.4119798667,11.0,16,0.017017017017,0,1.40346230125,2.20159296292,5,920
625,1,1.13838184427,1.0,17,0.017017017017,0,-1.47018120598,0.548925462206,5,933
626,1,2.14841434446,0.0,3,0.021021021021,0,-1.31727998173,1.10025428967,5,495
627,1,4.00386818593,2.0,7,0.021021021021,0,-0.436545245057,0.313503921103,5,577
628,1,9.32608986991,0.0,19,0.022022022022,0,2.25048880241,-2.42537653732,5,860
629,1,7.31471977016,4.0,12,0.017017017017,0,0.63074924908,0.422472022923,5,786
630,1,6.61758997792,4.0,9,0.02002002002,0,-0.173995526704,2.13957655803,5,651
631,1,2.72145501898,2.0,7,0.02002002002,0,-1.11374335746,1.06268509136,5,612
632,1,5.17512345475,4.0,7,0.02002002002,0,0.43270840821,-1.12300176988,5,625
633,1,4.56399598817,1.0,5,0.018018018018,0,-0.335880555326,0.571637654144,5,618
634,1,7.2254607326,7.0,11,0.02002002002,0,0.841327943841,-0.298523098925,5,757
635,1,8.93905839783,2.0,18,0.019019019019,0,1.83163511388,-1.5558469438,5,865
636,1,3.84974989673,3.0,18,0.02002002002,0,0.0191990482419,-1.207847248,5,797
637,1,5.05614932133,1.0,9,0.019019019019,0,-0.496100230677,1.54445001336,5,659
638,1,4.6264739762,3.0,16,0.021021021021,0,0.541232663421,-1.99722401406,5,781
639,1,4.65931097533,1.0,13,0.02002002002,0,-0.859049332282,2.23645897217,5,746
640,1,-2.73171570463,,0,0.019019019019,1,-2.15570501652,-1.26460065507,5,3
641,1,8.2815318158,7.0,14,0.021021021021,0,0.762407032221,0.994310719135,5,698
642,1,8.80472660971,4.0,16,0.019019019019,0,1.06927211462,0.596910265837,5,793
643,1,10.0281687892,5.0,11,0.02002002002,0,1.36487635081,0.933539736716,5,646
644,1,7.60838981152,5.0,8,0.022022022022,0,0.630086360987,0.718130728555,5,342
645,1,4.81661471337,4.0,5,0.02002002002,1,-0.62724444494,1.69834804819,5,147
646,1,11.3967564261,5.0,13,0.019019019019,0,1.56918930356,1.68918851539,5,675
647,1,5.59506338982,3.0,9,0.019019019019,0,0.299646486311,-0.303876069113,5,359
648,1,4.4580860407,3.0,5,0.022022022022,0,0.00497272377022,-0.556832130607,5,99
649,1,11.1423268858,2.0,20,0.02002002002,0,1.78473514678,0.788121445433,5,876
650,1,4.45763924264,4.0,15,0.019019019019,0,-0.273480798351,0.278081637692,5,584
651,1,2.46085490075,,6,0.02002002002,0,-0.562674781995,-0.851120753269,5,187
652,1,-1.16476290121,,0,0.021021021021,1,-1.71461898546,-1.02090594481,5,8
653,1,8.11301491051,4.0,10,0.021021021021,0,1.08760090918,-0.149787817021,5,326
654,1,-0.0048802436572,,1,0.021021021021,0,-1.18799330361,-1.44090033284,5,20
655,1,-0.665308397087,,2,0.021021021021,0,-2.06563640617,0.531600821436,5,64
656,1,9.77573178655,2.0,14,0.02002002002,0,1.57266757049,0.0577290750646,5,530
657,1,6.06088841769,5.0,9,0.02002002002,0,0.393088984337,-0.118378535324,5,355
658,1,6.56332242945,5.0,7,0.02002002002,0,-0.360513394383,2.64486261259,5,317
659,1,6.14845504045,5.0,8,0.019019019019,0,-0.00119406897154,1.15203724737,5,386
660,1,3.80473203821,3.0,4,0.018018018018,1,-0.238493326664,-0.479787981796,5,144
661,1,5.04625780466,4.0,12,0.021021021021,0,0.396541253924,-1.14336595712,5,436
662,1,6.03151921237,,18,0.022022022022,0,-0.20026826962,1.63232402123,5,627
663,1,6.59194788845,1.0,7,0.021021021021,0,0.729661801013,-0.597037514587,5,396
664,1,7.70242349788,4.0,20,0.02002002002,0,0.390051663619,1.53226850702,5,980
665,1,-0.944303164667,,0,0.02002002002,1,-2.8422303636,2.58238792613,5,18
666,1,8.00676105107,1.0,14,0.02002002002,0,0.248083595981,2.26251026313,5,683
667,1,4.21889934175,1.0,6,0.02002002002,0,0.375759032235,-1.90837775496,5,405
668,1,6.2015187383,3.0,9,0.019019019019,0,0.0768159461812,0.971070899755,5,523
669,1,6.30391610716,3.0,15,0.02002002002,0,0.631924366977,-0.591856993767,5,817
670,1,6.82242088314,1.0,7,0.021021021021,0,0.970630776258,-1.08947144563,5,512
671,1,6.5461367542,2.0,18,0.024024024024,0,0.627195799547,-0.335450644439,5,737
672,1,6.48444594792,6.0,8,0.018018018018,0,0.404101467287,0.272141546053,5,617
673,1,1.07920891456,,6,0.022022022022,0,-0.934047734318,-1.11864788249,5,419
674,1,9.39211725754,1.0,13,0.02002002002,0,0.166680041369,3.89207713343,5,700
675,1,7.66994399471,1.0,21,0.021021021021,0,0.623645438469,0.799007679305,5,889
676,1,11.3297069368,7.0,15,0.019019019019,0,1.61116388402,1.49621528472,5,840
677,1,5.92617913328,2.0,7,0.02002002002,0,0.357807674798,-0.14724389112,5,554
678,1,10.117482841,3.0,16,0.018018018018,0,1.33155093182,1.12283004552,5,852
679,1,6.57235839747,6.0,19,0.02002002002,0,1.0684835664,-1.63309230172,5,874
680,1,7.50212345995,1.0,9,0.019019019019,0,0.479240781422,1.06440111569,5,641
681,1,1.39764306024,0.0,19,0.021021021021,0,-1.04731235536,-0.460419873664,5,854
682,1,5.73458772422,3.0,6,0.022022022022,0,0.292672251684,-0.143429030835,5,445
683,1,3.31281608206,0.0,4,0.022022022022,0,-0.36167438449,-0.602160764469,5,380
684,1,2.10237936672,1.0,11,0.02002002002,0,-0.695750063375,-0.810370443158,5,664
685,1,5.04072062952,3.0,13,0.02002002002,0,0.000179693777716,0.0401815481822,5,773
686,1,2.13548640074,0.0,3,0.019019019019,0,-1.00337492131,0.14561116467,5,268
687,1,6.90821170057,5.0,8,0.02002002002,0,0.593819818316,0.126752245621,5,585
688,1,4.78514923905,3.0,5,0.02002002002,0,0.0350527674669,-0.320009063353,5,514
689,1,1.09780560633,1.0,3,0.019019019019,0,-1.71304369499,1.2369366913,5,252
690,1,2.24787782359,0.0,19,0.021021021021,0,-1.25986261358,1.02746566433,5,843
691,1,7.70716115031,4.0,12,0.021021021021,0,0.995610005917,-0.279668867437,5,630
692,1,-1.31222037134,,1,0.018018018018,0,-1.87531700633,-0.686269352338,5,160
693,1,8.47365383392,8.0,12,0.02002002002,0,-0.232735844493,4.1718613674,5,629
694,1,3.85901351122,0.0,9,0.019019019019,0,-0.000168725076518,-1.14048031355,5,608
695,1,11.7060567395,11.0,12,0.019019019019,1,0.878937980828,4.06924279705,5,735
696,1,7.27268018136,3.0,23,0.023023023023,0,0.746010986726,0.0346472211791,5,944
697,1,3.73960363658,2.0,6,0.02002002002,0,-0.542031820861,0.365699099165,5,570
698,1,4.81354552483,,5,0.019019019019,0,-0.47135049646,1.22759701422,5,556
699,1,2.68700782688,0.0,3,0.023023023023,0,-0.686409114297,-0.253764830229,5,434
700,1,6.75275085619,4.0,12,0.02002002002,0,0.260800235516,0.970350149647,5,741
701,1,8.46455285447,0.0,18,0.021021021021,0,1.54931628492,-1.1833960003,5,863
702,1,5.00014362848,4.0,9,0.02002002002,0,0.0799346990292,-0.239660468609,5,598
703,1,4.43092427852,,10,0.019019019019,0,-0.288366250421,0.296023029785,5,679
704,1,6.67621340871,4.0,19,0.021021021021,0,0.0303870554189,1.58505224245,5,894
705,1,3.33024615447,1.0,5,0.021021021021,0,0.167512228731,-2.17229053173,5,544
706,1,6.03720499761,5.0,10,0.021021021021,0,0.57222541017,-0.679471232894,5,605
707,1,0.557104508437,,15,0.018018018018,0,-1.39606857401,-0.254689769542,5,743
708,1,7.74987274145,6.0,10,0.021021021021,0,0.671435632962,0.735565842567,5,586
709,1,5.48935345393,2.0,6,0.018018018018,0,0.0785858239916,0.253595981953,5,474
710,1,5.39338411535,4.0,21,0.021021021021,0,0.484358747373,-1.05969212677,5,953
711,1,6.28482802817,0.0,15,0.02002002002,0,0.0252757701431,1.20900071774,5,739
712,1,3.42164119053,1.0,7,0.022022022022,0,-0.313872775539,-0.636740482853,5,527
713,1,7.01817559588,5.0,8,0.019019019019,0,0.161907977327,1.5324516639,5,546
714,1,0.106857504489,,2,0.019019019019,0,-1.56668996656,-0.193072595834,5,184
715,1,7.72403548968,6.0,11,0.019019019019,0,0.363758829047,1.63275900254,5,549
716,1,6.36645445974,,13,0.02002002002,0,0.753295330796,-0.893431532645,5,688
717,1,4.67953630429,,5,0.02002002002,0,0.211199572261,-0.954062412496,5,201
718,1,-0.721050259882,,2,0.021021021021,0,-1.65786417422,-0.747457737214,5,195
719,1,-2.03156711509,,0,0.019019019019,1,-2.04358373762,-0.900815902241,5,97
720,1,3.40035716349,3.0,8,0.02002002002,0,-0.195787963947,-1.01227894467,5,535
721,1,9.34484522665,7.0,15,0.022022022022,0,1.49279478453,-0.133539126949,5,756
722,1,5.57288192162,2.0,20,0.021021021021,0,1.25210048458,-3.18341953213,5,948
723,1,1.28794665401,,2,0.019019019019,0,-1.13541564426,-0.305806413215,5,154
724,1,9.47064979086,4.0,17,0.019019019019,0,0.998055122972,1.47648442194,5,926
725,1,0.470492467006,,1,0.019019019019,0,-0.500772738465,-3.0271893176,5,98
726,1,6.85140682378,6.0,20,0.02002002002,0,1.40592434943,-2.36636622451,5,969
727,1,8.78569797131,8.0,15,0.021021021021,0,0.932390617713,0.98852611817,5,774
728,1,5.51006623076,4.0,6,0.02002002002,0,-0.588011151412,2.27409968499,5,713
729,1,6.46645250277,3.0,7,0.02002002002,0,0.845417416195,-1.06979974582,5,722
730,1,9.63248969822,9.0,12,0.02002002002,0,0.781243702207,2.2887585916,5,765
731,1,11.0128168796,11.0,17,0.02002002002,0,1.85185275529,0.457258613695,5,869
732,1,7.48071246724,5.0,15,0.018018018018,0,0.70684143416,0.360188164759,5,841
733,1,10.3281833213,6.0,12,0.021021021021,0,1.14470331754,1.89407336863,5,767
734,1,4.54394134164,2.0,7,0.019019019019,0,-0.400377483901,0.745073793345,5,740
735,1,7.4794071868,7.0,10,0.02002002002,0,1.116567773,-0.87029613219,5,742
736,1,4.32733101502,0.0,15,0.021021021021,0,-0.207761251902,-0.0493852292764,5,804
737,1,5.47355982947,5.0,15,0.02002002002,0,-0.0527212687652,0.631723635765,5,794
738,1,3.06926728884,0.0,4,0.02002002002,0,-0.336903938532,-0.920020895559,5,564
739,1,5.15671313471,3.0,6,0.02002002002,0,-0.187682560961,0.719760817599,5,592
740,1,8.9521683841,7.0,10,0.019019019019,0,0.382842192327,2.80364180712,5,648
741,1,3.21108477919,,6,0.02002002002,0,-0.492453017513,-0.311556168274,5,484
742,1,4.80008546036,1.0,14,0.02002002002,0,0.554788240561,-1.86427926132,5,789
743,1,8.30608764462,7.0,18,0.02002002002,0,0.981175105461,0.362562328233,5,836
744,1,14.6085936806,10.0,16,0.019019019019,0,2.31605673279,2.66042348219,5,862
745,1,3.35818083541,1.0,5,0.023023023023,0,-0.437935118666,-0.328013808593,5,455
746,1,3.31943165906,1.0,4,0.02002002002,0,0.251213894773,-2.43421002526,5,295
747,1,5.95555392984,5.0,11,0.018018018018,0,0.248235920381,0.210846168697,5,611
748,1,1.30813803681,1.0,6,0.021021021021,0,-1.33228278317,0.304986386305,5,389
749,1,3.07914754778,3.0,5,0.023023023023,0,-0.492453506809,-0.443491931798,5,324
750,1,-0.738463872514,,0,0.022022022022,1,-1.88873051938,-0.0722723143715,5,48
751,1,2.48042970539,0.0,5,0.019019019019,0,-1.05664707293,0.650370924181,5,269
752,1,1.34111617698,,3,0.019019019019,0,-1.1356629347,-0.251895018921,5,292
753,1,10.8191074253,3.0,13,0.017017017017,0,1.56292131975,1.13034346599,5,634
754,1,3.90872078679,0.0,21,0.021021021021,0,-0.0607531646716,-0.909019719191,5,934
755,1,7.6488901717,2.0,14,0.021021021021,0,0.499271581205,1.15107542809,5,518
756,1,7.06865764121,0.0,19,0.02002002002,0,0.729711745298,-0.120477594685,5,918
757,1,6.90658600603,4.0,12,0.019019019019,0,0.583674474786,0.155562581672,5,496
758,1,5.4566514756,2.0,9,0.02002002002,0,0.265187965232,-0.338912420094,5,332
759,1,1.15761019104,0.0,5,0.02002002002,0,-0.817823107314,-1.38892048702,5,224
760,1,0.559745809984,,1,0.021021021021,0,-1.70375831139,0.671020744153,5,51
761,1,6.45492324371,1.0,11,0.018018018018,0,0.0195589196405,1.39624648479,5,444
762,1,3.70264190319,2.0,4,0.019019019019,0,0.229709149294,-1.98648554469,5,325
763,1,1.8874733974,1.0,10,0.019019019019,0,-0.542109311599,-1.4861986678,5,461
764,1,6.91377334149,4.0,16,0.021021021021,0,0.677584403995,-0.118979870493,5,669
765,1,4.93457186203,4.0,7,0.019019019019,0,0.0614415763749,-0.249752867091,5,364
766,1,3.79812930338,,4,0.018018018018,0,-0.194515844752,-0.618323162361,5,287
767,1,5.31708835986,1.0,10,0.02002002002,0,0.0723311725319,0.100094842262,5,439
768,1,1.38094019431,1.0,2,0.019019019019,1,-1.01357503643,-0.57833469639,5,202
769,1,5.47894442481,4.0,8,0.022022022022,0,0.37070481626,-0.633170023972,5,322
770,1,4.5210756733,4.0,16,0.02002002002,0,-1.09995401386,2.82093771488,5,738
771,1,7.44809143345,4.0,9,0.021021021021,0,1.53431312771,-2.15484794967,5,400
772,1,8.41331117773,,20,0.02002002002,0,1.07105998781,0.200131214303,5,998
773,1,2.46404939558,0.0,18,0.019019019019,0,-0.44970843005,-1.18682531427,5,916
774,1,6.04762576344,5.0,16,0.022022022022,0,0.309111924669,0.120289989438,5,597
775,1,3.87311048263,3.0,13,0.018018018018,0,0.0937996277424,-1.40828840059,5,447
776,1,0.202347048813,0.0,2,0.02002002002,0,-1.68834892219,0.267393815372,5,196
777,1,-0.792407500176,,18,0.02002002002,0,-2.15885021884,0.684143156352,5,820
778,1,0.397368988651,,7,0.021021021021,0,-1.1989327543,-1.00583274845,5,266
779,1,3.52219227041,2.0,5,0.017017017017,0,-0.348920914672,-0.431044985577,5,216
780,1,3.46666698519,2.0,9,0.022022022022,0,-0.807943659035,0.890497962297,5,358
781,1,6.1519687503,,17,0.022022022022,0,0.67107092595,-0.861244027552,5,558
782,1,1.37067212318,,7,0.019019019019,0,0.165211381711,-4.12496202196,5,283
783,1,8.75716960283,2.0,11,0.02002002002,0,1.24008033057,0.0369286111261,5,411
784,1,5.70371916957,,9,0.021021021021,0,1.68161655604,-4.34113049856,5,306
785,1,1.03640261111,1.0,2,0.019019019019,1,-1.50968701187,0.565463646728,5,59
786,1,1.07492989379,,3,0.02002002002,0,-0.19734799432,-3.33302612325,5,72
787,1,10.4865026593,0.0,19,0.021021021021,0,1.85879071066,-0.0898694726181,5,632
788,1,5.76755969945,1.0,6,0.02002002002,0,0.431882632513,-0.528088198093,5,215
789,1,2.33178588218,1.0,3,0.02002002002,0,-0.127844677647,-2.28468008488,5,140
790,1,3.87683076017,,17,0.018018018018,0,-0.49597062015,0.36474262062,5,536
791,1,-0.821769181245,,1,0.018018018018,0,-1.42792191079,-1.53800344889,5,56
792,1,7.66293287546,1.0,17,0.024024024024,0,-0.039245659748,2.7806698547,5,399
793,1,7.01410993756,1.0,10,0.019019019019,0,0.129771313213,1.62479599793,5,328
794,1,0.230244357611,,1,0.02002002002,0,-1.73813069238,0.444636434738,5,25
795,1,8.78171280927,7.0,9,0.018018018018,0,1.30708754526,-0.139549826523,5,227
796,1,5.68504458403,4.0,6,0.019019019019,0,-0.0648859274579,0.879702366408,5,171
797,1,6.40518952545,1.0,11,0.021021021021,0,-0.274640524308,2.22911109838,5,351
798,1,7.94433819113,5.0,15,0.02002002002,0,1.19698516648,-0.646617308312,5,469
799,1,6.93937769637,,8,0.02002002002,0,0.949633467494,-0.909522706109,5,239
800,1,2.08651122208,,4,0.022022022022,0,-0.835346276354,-0.407449948859,5,139
801,1,6.25892423804,5.0,13,0.02002002002,0,0.644612661652,-0.674913746916,5,367
802,1,6.10818865659,4.0,15,0.019019019019,0,0.700720626251,-0.993973222158,5,550
803,1,8.40082771582,6.0,18,0.019019019019,0,0.552402091957,1.74362143995,5,699
804,1,4.77336481944,1.0,6,0.02002002002,0,0.912355659972,-2.96370216047,5,207
805,1,5.31377702061,5.0,11,0.019019019019,0,-0.0626180754067,0.501631246827,5,352
806,1,4.14528593422,1.0,9,0.019019019019,0,-0.207307671454,-0.23279105142,5,261
807,1,10.6744069034,3.0,18,0.02002002002,0,1.85295406906,0.11554469618,5,697
808,1,1.6973509635,0.0,19,0.019019019019,0,-0.623075914145,-1.43342129407,5,715
809,1,10.53412277,,12,0.019019019019,0,1.64046969579,0.612713682613,5,416
810,1,-1.42346276092,,0,0.021021021021,1,-1.77745025236,-1.09111200385,5,14
811,1,2.48382468269,,5,0.021021021021,0,-1.01053473841,0.515428897917,5,206
812,1,1.69404056379,1.0,4,0.02002002002,0,-1.12948612303,0.0824989328868,5,191
813,1,1.06222673331,1.0,2,0.017017017017,1,-1.63282166501,0.960691728338,5,108
814,1,9.42078580093,,14,0.015015015015,0,0.790419424516,2.04952752738,5,748
815,1,9.96752826267,,10,0.019019019019,0,1.37248589868,0.85007056662,5,517
816,1,-0.497724380663,,3,0.022022022022,0,-0.687665261254,-3.4347285969,5,92
817,1,2.53348279702,,5,0.02002002002,0,-1.13696467309,0.944376816298,5,146
818,1,7.28901360227,7.0,12,0.018018018018,0,0.0463660648855,2.14991540761,5,622
819,1,4.54802732417,,6,0.018018018018,0,-0.127707334631,-0.0688506719365,5,443
820,1,7.90710730747,4.0,8,0.02002002002,0,1.20390167075,-0.704597704796,5,451
821,1,6.16289147654,4.0,9,0.021021021021,0,0.772032380382,-1.15320566461,5,600
822,1,0.984768134124,0.0,4,0.018018018018,0,-1.9291093214,1.77209609833,5,343
823,1,6.46279899157,4.0,12,0.021021021021,0,-0.562463867499,3.15019059407,5,693
824,1,6.83134482538,2.0,17,0.019019019019,0,0.306795068414,0.910959620133,5,935
825,1,9.41032804877,3.0,12,0.019019019019,0,1.42241199995,0.143092048917,5,851
826,1,5.75450691333,5.0,13,0.019019019019,0,-0.325712780903,1.73164525604,5,899
827,1,2.29784741891,0.0,8,0.02002002002,0,-0.833406718044,-0.20193242696,5,706
828,1,7.33294391042,5.0,19,0.02002002002,0,0.443125360309,1.0035678295,5,958
829,1,5.01577008983,4.0,6,0.019019019019,0,-0.445806753487,1.35319035029,5,719
830,1,3.26135924719,0.0,17,0.02002002002,0,-0.792346740279,0.638399468031,5,954
831,1,8.72987457047,8.0,15,0.021021021021,0,0.700096057621,1.62958639761,5,901
832,1,5.40520153485,3.0,15,0.019019019019,0,0.566190963481,-1.29337135559,5,923
833,1,7.68686388229,6.0,12,0.02002002002,0,0.317659797571,1.73388448957,5,878
834,1,-0.155767196192,,0,0.019019019019,1,-2.17289831908,1.36292776104,5,152
835,1,3.93433851587,2.0,19,0.019019019019,0,0.0219646177286,-1.13155533731,5,992
836,1,11.3673572955,8.0,17,0.02002002002,0,1.93422403224,0.564685198743,5,946
837,1,7.83935361096,2.0,8,0.019019019019,0,0.599172817644,1.04183515802,5,813
838,1,6.82350993595,5.0,12,0.02002002002,0,0.900126985379,-0.876871020182,5,827
839,1,10.3724668489,10.0,11,0.022022022022,1,1.32695708221,1.39159560222,5,778
840,1,4.51579701455,4.0,10,0.019019019019,0,-0.515053122411,1.06095638178,5,814
841,1,7.86531746486,6.0,10,0.019019019019,0,0.686830533082,0.804825865619,5,824
842,1,4.02574099681,2.0,5,0.019019019019,0,-0.458600624164,0.401542869299,5,660
843,1,12.8726179712,7.0,18,0.021021021021,0,1.93293761838,2.07380511605,5,915
844,1,8.88244583956,3.0,9,0.019019019019,0,1.2722424566,0.0657184697579,5,731
845,1,8.62762527491,5.0,10,0.017017017017,0,1.49954490912,-0.871009452455,5,776
846,1,1.81623079711,0.0,2,0.021021021021,0,-0.839385815707,-0.665611755765,5,481
847,1,7.3280064378,2.0,19,0.02002002002,0,0.844864725389,-0.206587738371,5,960
848,1,0.0664528904399,0.0,2,0.019019019019,0,-2.34815102282,2.1109059589,5,338
849,1,6.20910182371,2.0,8,0.021021021021,0,0.569397414146,-0.499090418727,5,678
850,1,1.98455250878,0.0,5,0.021021021021,0,-0.406110993871,-1.79711450961,5,478
851,1,4.27309100219,2.0,15,0.02002002002,0,-0.443922994335,0.604859985192,5,832
852,1,2.55279917934,1.0,7,0.02002002002,0,-1.38892759477,1.71958196366,5,595
853,1,3.52921829236,0.0,17,0.02002002002,0,-0.252704240026,-0.712668987567,5,908
854,1,6.95625152651,1.0,13,0.022022022022,0,1.14125994986,-1.46752832309,5,666
855,1,4.38231961915,4.0,11,0.02002002002,0,0.0749868064198,-0.842640800112,5,643
856,1,6.11796315797,4.0,19,0.019019019019,0,-0.0562532684712,1.28672296338,5,974
857,1,-0.313065908624,,1,0.021021021021,0,-2.71081285841,2.8193726666,5,225
858,1,8.02818745375,2.0,11,0.019019019019,0,0.850053123408,0.478028083527,5,545
859,1,7.03689778583,3.0,15,0.019019019019,0,0.620259150943,0.176120333002,5,811
860,1,2.26830985082,1.0,8,0.02002002002,0,-1.05212735277,0.424691909128,5,472
861,1,5.6807134953,1.0,8,0.018018018018,0,0.216563860648,0.0310219133537,5,505
862,1,6.8000637394,3.0,11,0.021021021021,0,0.408536880123,0.574453099037,5,506
863,1,-4.51222966306,,16,0.02002002002,0,-1.83113954894,-4.01881101625,5,760
864,1,4.15676100516,0.0,7,0.022022022022,0,-0.293908766061,0.0384873033435,5,296
865,1,5.029454324,0.0,7,0.019019019019,0,0.237358587687,-0.682621439058,5,307
866,1,2.554740777,0.0,3,0.02002002002,0,-0.805714279125,-0.028116385622,5,174
867,1,2.5652903432,2.0,6,0.019019019019,0,-0.362368573738,-1.34760393559,5,253
868,1,9.14492068987,6.0,11,0.02002002002,0,1.09617934165,0.856382664927,5,346
869,1,8.89387522928,7.0,19,0.019019019019,0,1.66597005657,-1.10403494043,5,828
870,1,-4.22065247987,,3,0.023023023023,0,-2.50674504073,-1.70041735767,5,119
871,1,7.33704321809,7.0,13,0.02002002002,0,0.378967128265,1.2001418333,5,464
872,1,4.57122393349,,8,0.019019019019,0,0.518287224017,-1.98363773856,5,188
873,1,1.39899722202,1.0,3,0.022022022022,0,-0.138056646226,-3.18683283931,5,130
874,1,0.691933489631,0.0,10,0.02002002002,0,-0.708197850334,-2.18347295937,5,274
875,1,13.1497471735,1.0,15,0.019019019019,0,1.56427003352,3.4569370729,5,333
876,1,1.76991252725,1.0,8,0.02002002002,0,-0.631343186665,-1.33605791276,5,167
877,1,-1.45206191063,,0,0.021021021021,1,-2.84509583939,2.08322560754,5,23
878,1,12.8378037069,8.0,17,0.02002002002,0,1.75368683645,2.57674319758,5,363
879,1,1.25882817202,,2,0.018018018018,0,-1.08236036361,-0.494090737168,5,114
880,1,4.95772452633,3.0,9,0.02002002002,0,0.142687932523,-0.470339271243,5,153
881,1,7.39287787103,,20,0.02002002002,0,1.30690433245,-1.52783512631,5,673
882,1,5.2952950934,5.0,10,0.023023023023,0,-0.0885706940958,0.561007175688,5,166
883,1,3.99108762699,,9,0.021021021021,0,-0.237370618949,-0.296800516157,5,145
884,1,2.30467574395,,16,0.019019019019,0,-0.318874300701,-1.73870135395,5,257
885,1,3.96684390792,0.0,11,0.021021021021,0,-0.34205574641,-0.00698885284908,5,178
886,1,3.82237535444,2.0,7,0.021021021021,0,-0.771449377979,1.13672348838,5,138
887,1,1.80862666297,0.0,14,0.019019019019,0,-0.863988461603,-0.599407952219,5,208
888,1,0.585411831053,0.0,2,0.021021021021,0,-0.602274987919,-2.60776320519,5,66
889,1,0.769023453028,,1,0.02002002002,0,-1.50048840941,0.270488681258,5,34
890,1,5.01330688991,0.0,7,0.02002002002,0,-0.437763385945,1.32659704774,5,132
891,1,-5.37163878327,,0,0.02002002002,1,-2.87648577604,-1.74218145514,5,22
892,1,-0.156245862987,,3,0.021021021021,0,-0.225389805521,-4.48007644642,5,63
893,1,7.13167778011,,13,0.02002002002,0,-0.022950280192,2.20052862069,5,179
894,1,9.22341292785,7.0,14,0.02002002002,0,0.923737278467,1.45220109245,5,249
895,1,5.96133288229,,6,0.021021021021,0,-0.439212910556,2.27897161395,5,120
896,1,4.0414483085,1.0,19,0.021021021021,0,-0.249120798204,-0.211189296886,5,424
897,1,2.56902734486,,9,0.019019019019,0,-0.773222608612,-0.111304829302,5,142
898,1,8.89689076409,,17,0.02002002002,0,1.70068549949,-1.20516573436,5,259
899,1,4.01905112428,3.0,5,0.019019019019,0,-0.795524968305,1.40562602919,5,105
900,1,3.38982779403,2.0,4,0.02002002002,0,-0.178562308642,-1.07448528005,5,111
901,1,6.36223071239,4.0,8,0.018018018018,0,-0.1221479731,1.7286746317,5,168
902,1,5.60221685211,0.0,13,0.02002002002,0,0.131872408383,0.206599626958,5,248
903,1,9.80168803935,1.0,15,0.019019019019,0,2.20396479253,-1.81020633825,5,277
904,1,6.37609310593,2.0,8,0.02002002002,0,0.535204678796,-0.229520930458,5,143
905,1,4.88937613493,,15,0.019019019019,0,0.380701251203,-1.25272761868,5,273
906,1,6.90156895306,3.0,11,0.022022022022,0,0.398499323255,0.70607098329,5,209
907,1,-2.88841367771,,0,0.022022022022,1,-3.19588845691,1.69925169302,5,9
908,1,1.38089932532,1.0,2,0.018018018018,1,-0.619165235497,-1.76160496819,5,40
909,1,6.02632380622,,19,0.02002002002,0,-0.460188153782,2.40688826757,5,623
910,1,3.79868374915,3.0,9,0.019019019019,0,-0.55224112017,0.45540710966,5,190
911,1,2.52236992247,2.0,6,0.021021021021,0,-0.383816419601,-1.32618081872,5,165
912,1,1.83220388897,1.0,4,0.017017017017,0,-0.484616583633,-1.71394636014,5,69
913,1,0.967531201754,,5,0.022022022022,0,-0.765655447614,-1.7355024554,5,109
914,1,5.39096518003,3.0,11,0.02002002002,0,0.415365009219,-0.855129847629,5,194
915,1,7.54976476242,6.0,16,0.02002002002,0,1.16599906565,-0.94823243452,5,281
916,1,0.706948357163,,1,0.02002002002,0,-0.811370836931,-1.85893913204,5,32
917,1,2.93842213197,,3,0.022022022022,0,-0.625435244869,-0.185272133423,5,61
918,1,5.51870553793,4.0,12,0.02002002002,0,0.508187364859,-1.00585655664,5,226
919,1,2.73798936031,1.0,10,0.018018018018,0,-0.897613782638,0.430830708225,5,243
920,1,6.90342187204,5.0,9,0.021021021021,0,1.55876372892,-2.77286931472,5,175
921,1,8.17384795066,2.0,19,0.02002002002,0,1.90552656992,-2.54273175909,5,650
922,1,10.577457361,6.0,15,0.018018018018,0,1.88835156831,-0.0875973438843,5,415
923,1,5.56361099218,,6,0.02002002002,0,0.340435908496,-0.457696733311,5,123
924,1,5.92652552553,0.0,12,0.018018018018,0,-0.00847725813028,0.951957299922,5,409
925,1,6.80106240833,,7,0.021021021021,0,0.5163892738,0.251894586927,5,164
926,1,5.82496513032,1.0,22,0.023023023023,0,0.0623572861921,0.63789327174,5,728
927,1,8.85791985944,0.0,13,0.021021021021,0,0.755946760052,1.59007957929,5,393
928,1,1.73090876162,,4,0.02002002002,0,-1.26060355282,0.512719420066,5,94
929,1,8.37282452377,7.0,12,0.019019019019,0,0.948084444641,0.528571189842,5,344
930,1,8.36680999175,8.0,17,0.02002002002,0,0.883294976051,0.716925063592,5,624
931,1,0.936201517823,,1,0.021021021021,0,-1.17016474304,-0.553304253059,5,77
932,1,6.45782547186,0.0,10,0.02002002002,0,0.636757030741,-0.452445620366,5,337
933,1,-0.278214934117,,0,0.02002002002,1,-2.45433362438,2.08478593902,5,75
934,1,2.47135720431,0.0,5,0.022022022022,0,-1.39136884569,1.64546374139,5,236
935,1,1.4067545896,1.0,4,0.019019019019,0,-1.08767074627,-0.330233171597,5,222
936,1,7.10009010361,7.0,8,0.022022022022,1,0.131408556698,1.70586443352,5,305
937,1,9.52348968588,7.0,16,0.019019019019,0,1.19175387304,0.948228066749,5,579
938,1,6.07071832166,4.0,10,0.018018018018,0,0.245825572116,0.333241605308,5,391
939,1,5.5893591054,5.0,7,0.02002002002,0,-0.101248296259,0.893103994175,5,313
940,1,2.40793108406,2.0,4,0.019019019019,0,-0.407004136728,-1.37105650575,5,254
941,1,8.9416341276,4.0,14,0.023023023023,0,0.882091609009,1.29535930057,5,508
942,1,4.15179127545,3.0,21,0.021021021021,0,-1.3006669323,3.05379207236,5,807
943,1,15.1932382506,12.0,16,0.018018018018,0,2.30548245182,3.27679089515,5,635
944,1,10.8559988521,5.0,13,0.02002002002,0,1.46056361455,1.47430800841,5,515
945,1,2.95514434408,1.0,3,0.021021021021,0,-0.807617841996,0.377997870063,5,275
946,1,2.31659971787,1.0,9,0.02002002002,0,-0.687553709714,-0.620739152988,5,479
947,1,6.4426520806,1.0,10,0.018018018018,0,0.426468567197,0.163246379008,5,504
948,1,9.38675714179,5.0,13,0.02002002002,0,1.30425729187,0.473985266182,5,607
949,1,2.85330055797,0.0,13,0.021021021021,0,-0.0106939267974,-2.11461766164,5,565
950,1,1.67846387133,,4,0.018018018018,0,-0.613681994391,-1.48049014549,5,331
951,1,-1.03221410859,,0,0.02002002002,1,-1.22776121854,-2.34893045297,5,2
952,1,10.2376013655,2.0,16,0.021021021021,0,1.60552946516,0.421012969988,5,647
953,1,4.36923663513,1.0,5,0.019019019019,0,-0.657581807644,1.34198205807,5,329
954,1,8.36656801768,8.0,9,0.021021021021,1,-0.210551015312,3.99822106362,5,417
955,1,-1.56503145304,,17,0.02002002002,0,-1.32970866676,-2.57590545275,5,674
956,1,3.0670162844,2.0,4,0.021021021021,0,-0.0236131692183,-1.86214420794,5,291
957,1,2.99017376088,1.0,16,0.02002002002,0,-1.18960225365,1.55898052183,5,663
958,1,1.49845018794,,6,0.021021021021,0,-0.918088881351,-0.747283168007,5,353
959,1,6.5046601518,3.0,23,0.023023023023,0,0.190685977113,0.932602220459,5,939
960,1,7.04387664329,6.0,17,0.019019019019,0,1.37932505694,-2.09409852753,5,689
961,1,5.22004422525,2.0,9,0.021021021021,0,-0.940193513934,3.04062476705,5,394
962,1,2.9395827187,1.0,3,0.018018018018,0,-0.131718361783,-1.66526219596,5,278
963,1,1.49259376295,,3,0.02002002002,0,-0.772434882205,-1.19010159043,5,203
964,1,6.11640791617,,13,0.022022022022,0,0.14307451539,0.68718437,5,437
965,1,6.34405483199,2.0,15,0.018018018018,0,0.123191580244,0.974480091258,5,805
966,1,2.45823935239,0.0,15,0.021021021021,0,-0.107764590657,-2.21846687564,5,521
967,1,7.24060896557,7.0,11,0.019019019019,0,0.853681166006,-0.320434532447,5,370
968,1,6.6603798383,,11,0.021021021021,0,-0.0418559786225,1.78594777417,5,382
969,1,4.69317635849,1.0,19,0.021021021021,0,0.0297900473668,-0.396193783608,5,831
970,1,-2.43216875715,,2,0.021021021021,0,-1.6266460578,-2.55223058376,5,55
971,1,8.2283507665,4.0,17,0.022022022022,0,0.28319069913,2.37877866911,5,583
972,1,4.03694178357,0.0,5,0.02002002002,0,-0.297884523336,-0.0694046464195,5,128
973,1,7.61160057828,7.0,8,0.022022022022,1,0.564137569849,0.919187868735,5,181
974,1,4.13208291622,2.0,12,0.02002002002,0,-0.133115516948,-0.468570532939,5,348
975,1,4.64234652212,2.0,12,0.021021021021,0,-0.705959028188,1.76022360668,5,271
976,1,1.11267021907,,3,0.02002002002,0,-1.24199524305,-0.161344051777,5,73
977,1,-0.0135133333046,,0,0.021021021021,1,-1.2343255335,-1.31053673281,5,12
978,1,-1.58059503827,,0,0.019019019019,1,-1.09417800629,-3.29806101942,5,31
979,1,9.45027924813,,13,0.021021021021,0,1.31720451597,0.498665700231,5,228
980,1,4.66214079482,1.0,18,0.019019019019,0,-0.136657890884,0.0721144674698,5,587
981,1,5.52381776515,,8,0.021021021021,0,0.957343831943,-2.34821373068,5,127
982,1,4.95882342901,,5,0.016016016016,0,0.0836973105061,-0.292268502506,5,90
983,1,7.42532272271,1.0,9,0.02002002002,0,0.407893691553,1.20164164805,5,141
984,1,8.16525259279,,9,0.023023023023,0,0.628127259527,1.28087081421,5,177
985,1,-1.3893090088,,5,0.019019019019,0,-1.50404110163,-1.87718570391,5,87
986,1,11.9408071401,4.0,21,0.021021021021,0,2.30378102697,0.0294640592076,5,668
987,1,1.32759626754,0.0,2,0.02002002002,0,-0.987340539078,-0.710382115231,5,37
988,1,-2.95133396124,,2,0.02002002002,0,-1.90292195921,-2.24256808361,5,41
989,1,2.53917852392,,3,0.019019019019,0,-0.70116218826,-0.357334911305,5,101
990,1,8.19446016859,8.0,11,0.018018018018,0,1.35021852532,-0.856195407389,5,497
991,1,3.80560740852,2.0,5,0.021021021021,0,-0.046456320083,-1.05502363123,5,121
992,1,8.61825207081,,10,0.02002002002,0,0.78918587929,1.25069443294,5,407
993,1,12.4149786532,12.0,15,0.019019019019,0,1.5337711734,2.81366513303,5,768
994,1,7.78631929326,7.0,8,0.021021021021,1,0.958350446758,-0.0887320470112,5,384
995,1,2.31785429296,2.0,8,0.02002002002,0,0.216507521512,-3.33166827157,5,442
996,1,7.61972505349,3.0,14,0.023023023023,0,0.364988492313,1.52475957656,5,667
997,1,6.14030677874,6.0,19,0.02002002002,0,-0.179335706153,1.6783138972,5,966
998,1,6.23130407293,3.0,10,0.02002002002,0,-0.037213939169,1.34294589043,5,658
999,1,4.18137083731,2.0,6,0.018018018018,0,-0.240507200767,-0.0971075603838,5,426
