name,activated,threshold,before_activation_alters,after_activation_alters,degree,observed,var1,epsilon,constant,activation_order
0,1,3.46257611392,,6.0,0.122122122122,0,-0.101257350456,-1.23365183471,5,56
1,1,2.38297927666,,24.0,0.107107107107,0,-1.56707710127,2.08421058048,5,219
2,1,5.8395411899,1.0,8.0,0.0700700700701,0,-0.22847987665,1.52498081986,5,111
3,1,2.89783716939,,47.0,0.119119119119,0,-1.00814723131,0.922278863329,5,342
4,1,12.5961206653,4.0,60.0,0.0910910910911,0,2.05016247922,1.44563322764,5,570
5,1,6.40493552156,,11.0,0.101101101101,0,0.353086037755,0.345677408291,5,105
6,1,5.64181331989,,78.0,0.0930930930931,0,0.465514874692,-0.754731304183,5,818
7,1,5.99655340556,,30.0,0.0940940940941,0,-0.0244032874346,1.06976326787,5,317
8,1,6.82065373872,,11.0,0.0770770770771,0,0.0957759215813,1.53332597398,5,94
9,1,5.77664363269,3.0,75.0,0.106106106106,0,0.357752488516,-0.296613832856,5,634
10,1,4.6117673473,,20.0,0.163163163163,0,0.385313687362,-1.54417371478,5,96
11,1,-3.51276290978,,52.0,0.169169169169,0,-2.9180198493,0.241296638137,5,272
12,1,4.46289145864,,54.0,0.106106106106,0,0.105951762616,-0.854963829204,5,470
13,1,0.58678954204,,119.0,0.155155155155,0,-0.979950959915,-1.47335757822,5,699
14,1,-4.65028018411,,46.0,0.0860860860861,0,-2.65973208031,-1.67108394319,5,454
15,1,11.7132207477,10.0,51.0,0.113113113113,0,2.03453274895,0.609622500876,5,490
16,1,2.56626542411,,25.0,0.1001001001,0,-0.33954185402,-1.41510901383,5,274
17,1,4.99274685918,,60.0,0.152152152152,0,-0.123803005488,0.364155875646,5,381
18,1,7.39507274583,1.0,20.0,0.0840840840841,0,0.0336100471614,2.29424260434,5,183
19,1,-0.575244806686,,1.0,0.0750750750751,0,-1.60916043419,-0.747763504109,5,2
20,1,0.737576748849,,8.0,0.0950950950951,0,-1.59609192364,0.525852519776,5,52
21,1,9.95723863618,,59.0,0.0930930930931,0,1.01647405951,1.90781645765,5,501
22,1,0.816324246003,,27.0,0.0620620620621,0,-1.15809854801,-0.709380109975,5,376
23,1,7.23374108382,,9.0,0.032032032032,0,-0.334296986807,3.23663204425,5,178
24,1,-0.359006375636,,11.0,0.047047047047,0,-1.69825430703,-0.264243454547,5,97
25,1,4.47753036949,1.0,15.0,0.0800800800801,0,-0.122753422901,-0.154209361803,5,131
26,1,7.00395052773,1.0,21.0,0.0700700700701,0,0.559906746683,0.324230287687,5,223
27,1,6.21691217013,3.0,29.0,0.031031031031,0,-0.80405372016,3.62907333061,5,907
28,1,-4.823993415,,0.0,0.0530530530531,1,-2.92554168495,-1.04736836015,5,1
29,1,9.99779680565,1.0,25.0,0.034034034034,0,1.00039877083,1.99660049316,5,621
30,1,4.4075033165,3.0,13.0,0.024024024024,0,-0.70173951515,1.51272186195,5,377
31,1,4.38475493852,0.0,13.0,0.03003003003,0,1.02699205548,-3.6962212279,5,431
32,1,1.65868526411,,5.0,0.0620620620621,0,-1.31639571562,0.607872410972,5,42
33,1,1.78459630467,,14.0,0.0840840840841,0,-1.35061727828,0.83644813952,5,152
34,1,8.60108704914,8.0,36.0,0.0700700700701,0,-0.0620539513959,3.78724890332,5,559
35,1,4.39699087056,,49.0,0.102102102102,0,-0.349310722953,0.444923039422,5,428
36,1,6.19364752115,2.0,11.0,0.0640640640641,0,0.0112602864596,1.15986666177,5,125
37,1,3.34402142406,1.0,5.0,0.0820820820821,0,-0.829010876212,0.831054052692,5,60
38,1,3.51478252677,,5.0,0.0750750750751,0,-0.814112256345,0.957119295801,5,85
39,1,1.85973990472,,15.0,0.0550550550551,0,-1.5816434988,1.60467040112,5,244
40,1,7.84222284315,,62.0,0.0720720720721,0,0.646408926653,0.902996063191,5,869
41,1,3.49756623101,,7.0,0.0520520520521,0,-0.411144408307,-0.269000544065,5,59
42,1,1.11894602526,,4.0,0.0900900900901,0,-0.892737125201,-1.20284259914,5,28
43,1,0.0979675604141,,5.0,0.0710710710711,0,-1.23436733293,-1.19893044079,5,61
44,1,3.04611598038,,4.0,0.0720720720721,0,-1.16062314117,1.5279854039,5,100
45,1,2.89516508243,,24.0,0.0540540540541,0,-0.312063087238,-1.16864565586,5,288
46,1,5.72431255516,,23.0,0.0590590590591,0,0.139955946693,0.304444715081,5,353
47,1,-1.06410668739,,78.0,0.0910910910911,0,-1.64676144955,-1.12382233874,5,881
48,1,2.50208370753,2.0,11.0,0.0530530530531,0,-1.68295593463,2.55095151142,5,156
49,1,3.14500486447,,7.0,0.041041041041,0,-0.474038572835,-0.432879417025,5,180
50,1,9.71994523675,,10.0,0.046046046046,0,-0.107695156081,5.04303070499,5,135
51,1,3.82133903333,,5.0,0.0640640640641,0,-0.650147126006,0.771780411348,5,163
52,1,7.96798690584,,69.0,0.0750750750751,0,1.47872871317,-1.46819923368,5,944
53,1,2.09792693247,,5.0,0.0570570570571,0,-0.655969061225,-0.934165883851,5,93
54,1,5.34234834839,2.0,45.0,0.0600600600601,0,0.535075717298,-1.2628788035,5,774
55,1,-1.67321655971,,16.0,0.021021021021,0,-1.88711117098,-1.01188304677,5,792
56,1,5.52085378753,,18.0,0.038038038038,0,-0.383814053442,1.67229594785,5,442
57,1,-0.584887053608,,5.0,0.043043043043,0,-1.24623768563,-1.84617399671,5,87
58,1,3.53906059434,,22.0,0.035035035035,0,-0.226010517218,-0.782907854007,5,685
59,1,2.78449692993,,10.0,0.024024024024,0,-0.380494571278,-1.07401935624,5,198
60,1,5.83284750822,,7.0,0.03003003003,0,-0.59451562577,2.61639438553,5,117
61,1,14.0244881542,12.0,20.0,0.027027027027,0,3.35128606947,-1.02937005419,5,652
62,1,0.259272389298,,18.0,0.027027027027,0,-1.96166402696,1.14426447016,5,516
63,1,5.81099845168,2.0,13.0,0.022022022022,0,-0.0229637630698,0.879889740885,5,434
64,1,1.13997345243,,4.0,0.0800800800801,0,-0.26630346258,-3.06111615983,5,31
65,1,4.34240639453,,13.0,0.032032032032,0,-0.100885333161,-0.354937605988,5,389
66,1,9.02580097419,,10.0,0.048048048048,0,1.25930693907,0.247880156985,5,170
67,1,6.1123337555,3.0,25.0,0.0540540540541,0,0.495538198499,-0.374280839993,5,455
68,1,1.54043603732,,7.0,0.0650650650651,0,-0.959688795211,-0.580497577049,5,63
69,1,5.74426247691,,21.0,0.0640640640641,0,0.688909165137,-1.3224650185,5,297
70,1,6.02087933593,5.0,27.0,0.037037037037,0,0.845716685303,-1.51627071998,5,786
71,1,6.06638344028,2.0,29.0,0.03003003003,0,0.0142206042531,1.02372162752,5,835
72,1,7.34632776508,,9.0,0.024024024024,0,-0.0645025778621,2.53983549866,5,322
73,1,3.63612729273,,12.0,0.038038038038,0,0.41790761645,-2.61759555662,5,212
74,1,2.49541962313,,23.0,0.038038038038,0,-0.294841967687,-1.62005447381,5,519
75,1,1.18231206302,,6.0,0.046046046046,0,-1.11201002722,-0.481657855327,5,116
76,1,-2.8559630637,,5.0,0.0570570570571,0,-1.92826440866,-2.07116983773,5,73
77,1,7.33038121817,,21.0,0.042042042042,0,0.964730415126,-0.563810027209,5,569
78,1,6.84926131144,,66.0,0.0700700700701,0,0.489111971099,0.381925398143,5,945
79,1,1.04814981378,0.0,10.0,0.043043043043,0,-0.747785321485,-1.70849422176,5,225
80,1,7.69350328948,,8.0,0.036036036036,0,0.357701106173,1.62039997096,5,121
81,1,0.633883503067,,2.0,0.036036036036,0,-1.83055104824,1.1255366478,5,89
82,1,5.33459367016,,11.0,0.034034034034,0,0.0923249686227,0.0576187642935,5,479
83,1,3.66991423438,,10.0,0.04004004004,0,-0.110059683042,-0.999906716492,5,189
84,1,9.16843338339,9.0,18.0,0.0510510510511,0,0.767226448403,1.86675403818,5,293
85,1,6.66235957729,1.0,15.0,0.023023023023,0,0.408599054588,0.436562413523,5,405
86,1,1.16674276673,,9.0,0.04004004004,0,-0.707843542579,-1.70972660554,5,176
87,1,2.9831914858,,13.0,0.036036036036,0,-0.969209021838,0.890818551315,5,263
88,1,4.82203234909,4.0,36.0,0.042042042042,0,-0.11746241606,0.174419597266,5,682
89,1,4.22269759875,,21.0,0.027027027027,0,-0.840361734382,1.74378280189,5,798
90,1,0.803486201196,0.0,1.0,0.023023023023,1,-1.38916597361,-0.0290158779676,5,79
91,1,5.28637299609,,9.0,0.025025025025,0,-0.122409620961,0.653601858974,5,268
92,1,2.45534687516,,9.0,0.021021021021,0,-1.19838401082,1.05049890763,5,307
93,1,4.3154748179,,7.0,0.019019019019,0,-0.300699937306,0.217574629818,5,264
94,1,10.1671241921,,15.0,0.02002002002,0,1.09398663319,1.88516429251,5,633
95,1,8.92528293817,1.0,10.0,0.019019019019,0,0.68615383815,1.86682142372,5,526
96,1,3.96814137265,1.0,28.0,0.037037037037,0,-0.197125400628,-0.440482425467,5,697
97,1,6.45540981704,,8.0,0.034034034034,0,0.399427216996,0.257128166051,5,233
98,1,8.6941138467,2.0,34.0,0.046046046046,0,0.12822961026,3.30942501592,5,784
99,1,-0.532864351599,,4.0,0.028028028028,0,-1.75908587352,-0.255606731029,5,80
100,1,2.81648887685,,3.0,0.048048048048,0,-0.43289890061,-0.88481442132,5,153
101,1,4.79760931036,2.0,5.0,0.045045045045,0,-0.3717243962,0.91278249896,5,83
102,1,4.49790429409,0.0,10.0,0.032032032032,0,0.341294543311,-1.52597933584,5,304
103,1,2.88958311494,,3.0,0.027027027027,0,-0.941020773437,0.712645435248,5,78
104,1,5.6907869962,1.0,26.0,0.048048048048,0,-0.395608321572,1.87761196092,5,561
105,1,7.59276486821,0.0,28.0,0.034034034034,0,0.698681783874,0.496719516585,5,737
106,1,4.26829613088,,5.0,0.032032032032,0,0.47545369896,-2.158064966,5,114
107,1,4.43433604715,,20.0,0.023023023023,0,0.795840649557,-2.95318590152,5,804
108,1,6.7864572104,1.0,16.0,0.03003003003,0,0.681024435263,-0.256616095385,5,429
109,1,1.59015109085,,32.0,0.034034034034,0,-0.960087323652,-0.529586938195,5,809
110,1,5.39956318565,,16.0,0.024024024024,0,-0.105676185573,0.716591742369,5,557
111,1,5.68160621375,,8.0,0.03003003003,0,0.250869977775,-0.0710037195726,5,177
112,1,0.758183836378,0.0,29.0,0.034034034034,0,-0.989012155901,-1.27477969592,5,723
113,1,7.80424148216,2.0,19.0,0.024024024024,0,1.00435549721,-0.208825009461,5,823
114,1,3.42765447125,,8.0,0.027027027027,0,-0.597617315363,0.220506417343,5,154
115,1,2.46541975033,1.0,14.0,0.03003003003,0,0.551921868369,-4.19034585478,5,310
116,1,6.77339652626,4.0,8.0,0.039039039039,0,0.537591263208,0.160622736632,5,205
117,1,3.05394779519,,4.0,0.038038038038,0,0.104521749822,-2.25961745428,5,44
118,1,10.7890190568,,24.0,0.041041041041,0,1.70887349529,0.662398570919,5,532
119,1,6.0435544173,0.0,12.0,0.025025025025,0,-0.175375488304,1.56968088222,5,295
120,1,1.67617953492,1.0,4.0,0.029029029029,0,-1.31523675395,0.621889796764,5,81
121,1,1.54869227864,,25.0,0.03003003003,0,-1.52285186135,1.11724786268,5,899
122,1,3.83016219529,3.0,6.0,0.025025025025,0,-1.03949437887,1.94864533191,5,222
123,1,3.92192441113,1.0,4.0,0.021021021021,0,-0.591695116316,0.697009760079,5,162
124,1,6.13982818513,6.0,13.0,0.016016016016,0,0.142402784312,0.71261983219,5,751
125,1,2.92903966744,1.0,7.0,0.013013013013,0,0.0979792129652,-2.36489797145,5,309
126,1,5.7464556899,3.0,11.0,0.015015015015,0,0.0815560367305,0.501787579707,5,572
127,1,4.66168451035,2.0,5.0,0.017017017017,0,-0.376802556938,0.79209218116,5,99
128,1,1.81852169513,,14.0,0.029029029029,0,-0.595404630659,-1.39526441289,5,568
129,1,5.49088611136,,14.0,0.041041041041,0,1.05583468358,-2.67661793937,5,184
130,1,8.84330446585,2.0,13.0,0.022022022022,0,1.07275642063,0.625035203957,5,509
131,1,0.245391369749,,3.0,0.024024024024,0,-0.742200015855,-2.52800858268,5,206
132,1,9.05139746867,1.0,19.0,0.027027027027,0,0.976539587796,1.12177870528,5,527
133,1,5.64233118789,,6.0,0.024024024024,0,-0.0945900106968,0.926101219981,5,195
134,1,0.878510259543,,1.0,0.038038038038,0,-1.63110333595,0.771820267399,5,54
135,1,4.83686539788,2.0,12.0,0.028028028028,0,-0.173642390372,0.357792568997,5,259
136,1,1.91938717864,,12.0,0.036036036036,0,-1.34278125025,0.9477309294,5,374
137,1,2.14153489489,0.0,5.0,0.023023023023,0,0.00505633813413,-2.87363411951,5,168
138,1,4.44570411021,3.0,5.0,0.026026026026,0,-0.0408016743164,-0.431890866841,5,124
139,1,10.354207566,,11.0,0.037037037037,0,0.747196267219,3.11261876437,5,343
140,1,0.37297359349,0.0,12.0,0.025025025025,0,-1.11939078247,-1.26885405909,5,412
141,1,6.42562724269,,16.0,0.024024024024,0,0.24228074233,0.698785015698,5,512
142,1,6.04005893117,2.0,7.0,0.029029029029,0,-0.0228975766052,1.10875166099,5,224
143,1,9.10643713929,,11.0,0.036036036036,0,0.967054337825,1.20527412581,5,208
144,1,1.28090067824,,4.0,0.034034034034,0,-1.82442963794,1.75418959205,5,84
145,1,2.72039755695,0.0,4.0,0.034034034034,0,-1.2276271437,1.40327898805,5,76
146,1,3.38600436714,1.0,9.0,0.021021021021,0,0.171471448898,-2.12840997956,5,305
147,1,4.39220076362,,11.0,0.029029029029,0,-0.8199583851,1.85207591892,5,204
148,1,1.20351227641,,3.0,0.019019019019,0,-1.44602883878,0.541598792748,5,147
149,1,5.70910886395,0.0,6.0,0.032032032032,0,0.682222255265,-1.33755790185,5,123
150,1,-1.59403255031,,21.0,0.032032032032,0,-1.34836896229,-2.54892566344,5,587
151,1,9.1488875325,5.0,10.0,0.032032032032,0,1.39252645667,-0.0286918374991,5,249
152,1,4.24040752624,0.0,10.0,0.014014014014,0,0.110399348975,-1.09079052068,5,508
153,1,7.21221031321,5.0,26.0,0.03003003003,0,0.711500150537,0.0777098616023,5,667
154,1,5.52602122278,,14.0,0.025025025025,0,-0.0120643873614,0.562214384868,5,394
155,1,0.972093842486,,2.0,0.021021021021,0,-1.72866301959,1.15808290126,5,75
156,1,4.80602478196,,5.0,0.027027027027,0,1.42159824737,-4.45876996016,5,171
157,1,9.13246799164,2.0,12.0,0.014014014014,0,0.785086510668,1.77720845963,5,734
158,1,0.374254869721,,9.0,0.014014014014,0,-1.11506379531,-1.28055374435,5,480
159,1,2.89480418016,,7.0,0.019019019019,0,-0.631621784062,-0.210330467658,5,319
160,1,6.45207816899,4.0,12.0,0.031031031031,0,0.743791417891,-0.779296084687,5,265
161,1,7.49215259491,6.0,14.0,0.022022022022,0,0.671321379462,0.478188456529,5,616
162,1,5.20691528556,,8.0,0.026026026026,0,-0.222497024204,0.874406358169,5,188
163,1,4.40340524374,2.0,12.0,0.031031031031,0,-0.283855926566,0.25497302344,5,379
164,1,4.24755761656,,23.0,0.029029029029,0,-0.531007911465,0.840581350951,5,782
165,1,7.22204970435,6.0,8.0,0.016016016016,0,0.573470718857,0.501637547775,5,418
166,1,6.1428531225,4.0,13.0,0.021021021021,0,-0.564710439154,2.83698443996,5,567
167,1,2.62768050051,,12.0,0.026026026026,0,-0.958442069978,0.503006710445,5,355
168,1,3.72285569927,,20.0,0.022022022022,0,-0.831033581752,1.21595644453,5,803
169,1,8.83459860571,7.0,11.0,0.016016016016,0,1.16761661335,0.331748765662,5,553
170,1,4.37233847974,2.0,5.0,0.024024024024,0,0.444484387597,-1.96111468305,5,160
171,1,6.32063525856,1.0,8.0,0.032032032032,0,1.14017559858,-2.09989153717,5,232
172,1,-6.25728081149,,10.0,0.022022022022,0,-3.10137531325,-1.95315487176,5,360
173,1,4.07053755372,2.0,9.0,0.037037037037,0,-0.353168499836,0.130043053227,5,201
174,1,6.65521866441,0.0,9.0,0.023023023023,0,0.0306286595159,1.56333268586,5,382
175,1,5.55617446981,0.0,24.0,0.026026026026,0,-0.456866640066,1.92677439001,5,849
176,1,1.56182885595,,10.0,0.024024024024,0,-1.16529338849,0.0577090214123,5,282
177,1,7.97064657854,4.0,13.0,0.017017017017,0,0.667941069334,0.966823370541,5,530
178,1,2.58702049403,1.0,6.0,0.028028028028,0,-1.20412531837,1.19939644915,5,158
179,1,11.4717575711,2.0,15.0,0.021021021021,0,1.88312088097,0.82239492821,5,640
180,1,10.5315024554,7.0,13.0,0.026026026026,0,1.38097687146,1.38857184098,5,395
181,1,6.49721175814,3.0,17.0,0.021021021021,0,0.495805788475,0.00979439271595,5,625
182,1,2.80409714764,,4.0,0.036036036036,0,-0.829000565028,0.291098842725,5,102
183,1,2.54096621411,,5.0,0.018018018018,0,-0.263466335081,-1.66863478065,5,112
184,1,4.29006062201,0.0,15.0,0.029029029029,0,0.499098262131,-2.20723416439,5,580
185,1,-1.23385664763,,7.0,0.016016016016,0,-1.60361030865,-1.42302572167,5,211
186,1,5.54717618226,3.0,12.0,0.016016016016,0,0.208356804108,-0.0778942300612,5,602
187,1,0.670809270995,,12.0,0.023023023023,0,-1.34689469365,-0.288506648056,5,423
188,1,10.4268749334,9.0,12.0,0.013013013013,0,1.62171960716,0.561716111916,5,648
189,1,5.4566425549,5.0,10.0,0.02002002002,0,-0.0795084107707,0.695167787209,5,396
190,1,1.30471002088,0.0,9.0,0.014014014014,0,-0.637172132398,-1.78377358193,5,545
191,1,4.03509668454,2.0,9.0,0.02002002002,0,0.0718589616482,-1.18048020041,5,387
192,1,8.41325863545,7.0,16.0,0.028028028028,0,1.15319861563,-0.0463372114413,5,605
193,1,9.63585340208,,18.0,0.029029029029,0,0.411324292635,3.40188052417,5,601
194,1,6.98023440236,,7.0,0.028028028028,0,0.404515346628,0.766688362476,5,130
195,1,8.20668740998,3.0,19.0,0.022022022022,0,0.582269936127,1.4598776016,5,778
196,1,3.14920100922,1.0,6.0,0.039039039039,0,-0.116190901591,-1.50222628601,5,74
197,1,-1.10510401901,,1.0,0.02002002002,0,-1.47784038908,-1.67158285177,5,12
198,1,5.89784335774,3.0,12.0,0.025025025025,0,0.0651476557713,0.702400390427,5,358
199,1,0.856224995033,,2.0,0.017017017017,0,-0.564353440342,-2.45071468394,5,104
200,1,7.83497895047,4.0,11.0,0.022022022022,0,1.25087945847,-0.917659424933,5,321
201,1,3.81270446415,0.0,16.0,0.027027027027,0,0.309432995285,-2.1155945217,5,720
202,1,11.5838495458,11.0,13.0,0.013013013013,0,1.07744398068,3.35151760374,5,895
203,1,4.65695176076,4.0,7.0,0.017017017017,0,-0.216219388103,0.305609925069,5,285
204,1,3.45246132942,0.0,10.0,0.018018018018,0,-0.958308016366,1.32738537852,5,357
205,1,9.88354659318,3.0,18.0,0.028028028028,0,0.940620022295,2.06168652629,5,590
206,1,6.84001339708,,10.0,0.016016016016,0,0.450737639807,0.487800477662,5,524
207,1,5.46955594686,0.0,11.0,0.024024024024,0,0.471908710659,-0.946170185119,5,529
208,1,3.86313841156,2.0,22.0,0.027027027027,0,-0.834875614168,1.36776525406,5,884
209,1,0.538617419135,,5.0,0.019019019019,0,-0.594632364596,-2.67748548708,5,144
210,1,2.52302099617,,6.0,0.02002002002,0,0.119440185484,-2.83529956028,5,253
211,1,2.65370162598,,13.0,0.021021021021,0,-0.729983959606,-0.156346495206,5,457
212,1,8.00359515204,,18.0,0.023023023023,0,0.338937420987,1.98678288908,5,712
213,1,1.91076725297,1.0,2.0,0.028028028028,1,-1.14252625425,0.338346015713,5,48
214,1,7.72253070186,6.0,9.0,0.026026026026,0,0.992644714316,-0.25540344109,5,235
215,1,2.04086926525,2.0,4.0,0.024024024024,0,-0.5997245956,-1.15995694795,5,69
216,1,8.37803155519,7.0,13.0,0.021021021021,0,1.06659240348,0.178254344749,5,562
217,1,-2.49296227635,,1.0,0.028028028028,0,-2.09263176064,-1.21506699444,5,39
218,1,7.56370049006,1.0,12.0,0.025025025025,0,0.877621930548,-0.069165301579,5,565
219,1,8.11604953391,4.0,13.0,0.014014014014,0,1.0061378799,0.0976358942081,5,878
220,1,7.3819815162,,13.0,0.015015015015,0,0.0659274931711,2.18419903669,5,681
221,1,3.1118406781,,8.0,0.02002002002,0,0.0830070273473,-2.13718040394,5,471
222,1,6.67159755452,0.0,8.0,0.012012012012,0,0.669174396824,-0.335925635948,5,513
223,1,7.42713440669,1.0,11.0,0.016016016016,0,0.417493573467,1.17465368629,5,744
224,1,8.27734598891,1.0,10.0,0.017017017017,0,0.574321407493,1.55438176643,5,452
225,1,0.855417673952,0.0,16.0,0.021021021021,0,-1.42860676213,0.141237960357,5,777
226,1,1.3694017925,,3.0,0.032032032032,0,-1.48469874061,0.823498014327,5,43
227,1,6.79469345989,,14.0,0.027027027027,0,0.50403060877,0.282601633579,5,468
228,1,10.2355412741,3.0,18.0,0.022022022022,0,1.31092374407,1.30277004187,5,713
229,1,0.014629681842,,3.0,0.037037037037,0,-1.67027135779,0.0254437552264,5,53
230,1,9.70399320021,9.0,22.0,0.022022022022,0,1.34624310571,0.665263883076,5,961
231,1,4.95424845206,4.0,18.0,0.023023023023,0,0.1200295892,-0.405840315536,5,789
232,1,4.23397525653,,7.0,0.021021021021,0,-0.320327775682,0.194958583573,5,175
233,1,10.1295919706,5.0,20.0,0.028028028028,0,0.329569654214,4.14088300792,5,548
234,1,5.62234799986,3.0,8.0,0.018018018018,0,0.442781596177,-0.705996788671,5,230
235,1,3.87573529204,,18.0,0.021021021021,0,0.248779204487,-1.87060232143,5,771
236,1,4.41910776887,,15.0,0.019019019019,0,0.00796025921593,-0.604773008778,5,538
237,1,-0.623910778708,,1.0,0.022022022022,0,-1.1093064178,-2.2959915253,5,36
238,1,10.9955204103,,17.0,0.029029029029,0,1.75634648323,0.726480960601,5,657
239,1,3.50676977989,1.0,8.0,0.019019019019,0,-0.50659234435,0.0265468129376,5,227
240,1,7.46475195569,2.0,13.0,0.021021021021,0,1.27835043865,-1.37029936025,5,615
241,1,4.35722193922,2.0,9.0,0.029029029029,0,-0.0964305671197,-0.353486359421,5,366
242,1,6.05076292265,1.0,7.0,0.03003003003,0,0.289163839298,0.183271404761,5,139
243,1,8.23750366905,1.0,11.0,0.017017017017,0,0.286480941901,2.37806084334,5,299
244,1,6.46889282379,5.0,18.0,0.021021021021,0,0.00272689605868,1.46071213561,5,764
245,1,-0.989688746432,,2.0,0.024024024024,0,-1.88142998899,-0.345398779472,5,165
246,1,5.79824268057,1.0,10.0,0.015015015015,0,-0.256713260575,1.5683824623,5,589
247,1,3.26398749831,,9.0,0.016016016016,0,-0.487193922414,-0.274430734445,5,684
248,1,8.79635267336,6.0,10.0,0.017017017017,0,1.46669148853,-0.603721792238,5,710
249,1,5.04383458368,2.0,12.0,0.019019019019,0,-0.594683123822,1.82788395514,5,399
250,1,4.23463902198,3.0,16.0,0.021021021021,0,-0.420366644992,0.495738956956,5,817
251,1,4.03168447282,0.0,6.0,0.018018018018,0,-0.25087009372,-0.215705246023,5,238
252,1,7.95744231337,7.0,14.0,0.015015015015,0,1.72790026573,-2.22625848382,5,610
253,1,-1.64355855658,,1.0,0.013013013013,0,-1.16608257521,-3.14531083095,5,71
254,1,3.93677722362,,5.0,0.017017017017,0,-0.615152235922,0.782233931384,5,215
255,1,4.59957715283,,5.0,0.012012012012,0,0.454667130102,-1.76442423747,5,347
256,1,8.44561802304,,17.0,0.018018018018,0,0.917422136285,0.693351614191,5,891
257,1,0.0518955646286,,3.0,0.019019019019,0,-0.276190727152,-4.11953225392,5,109
258,1,8.53952251815,6.0,9.0,0.018018018018,0,0.889402055013,0.871316353113,5,604
259,1,8.08889918301,2.0,16.0,0.029029029029,0,1.24330508094,-0.641016059827,5,564
260,1,9.81199306411,5.0,12.0,0.014014014014,0,0.985575705723,1.85526594694,5,903
261,1,5.30018770491,4.0,17.0,0.02002002002,0,0.191844890286,-0.275346965949,5,842
262,1,2.41241981906,2.0,7.0,0.017017017017,0,-0.328967044414,-1.6006790477,5,349
263,1,6.77369920455,6.0,12.0,0.014014014014,0,0.182368097361,1.22659491247,5,886
264,1,5.0330001479,4.0,10.0,0.019019019019,0,0.378179486608,-1.10153831193,5,368
265,1,7.46201302183,,9.0,0.028028028028,0,0.618931658284,0.605218046982,5,103
266,1,1.36094068553,0.0,6.0,0.023023023023,0,-1.64646171606,1.30032583373,5,372
267,1,9.43798132591,7.0,21.0,0.032032032032,0,0.930135184037,1.6475757738,5,637
268,1,7.3142101396,0.0,8.0,0.016016016016,0,0.799886348404,-0.0854489056112,5,458
269,1,14.6991876939,14.0,17.0,0.031031031031,0,1.97984368407,3.75965664169,5,620
270,1,-1.58251556433,,0.0,0.017017017017,1,-1.40380296544,-2.37110666802,5,9
271,1,5.57301332655,2.0,18.0,0.022022022022,0,0.395132819439,-0.612385131768,5,785
272,1,8.12849067739,,11.0,0.016016016016,0,0.14673803101,2.68827658436,5,316
273,1,9.91244603695,3.0,12.0,0.012012012012,0,1.15144232911,1.45811904964,5,900
274,1,6.57312551474,,9.0,0.015015015015,0,0.599271185535,-0.224688041865,5,700
275,1,4.29844333397,2.0,15.0,0.021021021021,0,-0.689320858363,1.36640590905,5,598
276,1,2.32216168059,,10.0,0.017017017017,0,-0.997945457205,0.315998052204,5,583
277,1,-2.25175377283,,11.0,0.018018018018,0,-1.94887029481,-1.40514288841,5,686
278,1,6.01688263419,0.0,12.0,0.018018018018,0,0.581363193496,-0.727206946293,5,645
279,1,5.61086234809,,13.0,0.017017017017,0,0.0621710230678,0.424349278889,5,535
280,1,0.229028384967,,2.0,0.022022022022,0,-0.960387108963,-1.88981028814,5,24
281,1,1.65204313127,,15.0,0.017017017017,0,-1.96620591541,2.55066087751,5,802
282,1,-2.78915272828,,0.0,0.018018018018,1,-2.63993804819,0.130661416279,5,21
283,1,7.02243261212,3.0,12.0,0.015015015015,0,0.56121764014,0.338779691696,5,718
284,1,7.34237543136,6.0,12.0,0.014014014014,0,0.709780792028,0.213033055272,5,866
285,1,3.33339159124,0.0,4.0,0.014014014014,0,-0.337706349334,-0.653489360757,5,192
286,1,2.61591685843,1.0,5.0,0.011011011011,0,-0.790082322183,-0.0138361750187,5,301
287,1,6.92161615952,,12.0,0.014014014014,0,1.22110895898,-1.74171071741,5,730
288,1,3.57923627151,,4.0,0.028028028028,0,-0.41248115638,-0.183320259346,5,143
289,1,6.33619485598,1.0,9.0,0.015015015015,0,-0.0113745299221,1.37031844575,5,497
290,1,10.2986771922,10.0,11.0,0.018018018018,1,1.72576446749,0.121383789732,5,585
291,1,9.56670644491,0.0,11.0,0.014014014014,0,0.991142700709,1.59327834278,5,450
292,1,9.82246070219,6.0,10.0,0.023023023023,0,0.475924372076,3.39468758596,5,325
293,1,6.36007871352,1.0,14.0,0.023023023023,0,0.056048551369,1.19193305941,5,596
294,1,3.26963889665,,10.0,0.018018018018,0,-0.343797303875,-0.698969191724,5,680
295,1,2.04332387646,,4.0,0.018018018018,0,-0.598599198149,-1.16087852909,5,138
296,1,10.1399926552,9.0,12.0,0.012012012012,0,1.08017188013,1.89947701481,5,970
297,1,1.43987798464,1.0,19.0,0.021021021021,0,-0.646591263945,-1.62034822352,5,915
298,1,2.01529331333,1.0,5.0,0.018018018018,0,-0.659384369288,-1.00655357881,5,197
299,1,3.02007360055,1.0,7.0,0.017017017017,0,-0.227694485626,-1.29684294257,5,447
300,1,7.98190605582,3.0,11.0,0.013013013013,0,0.378040620741,1.8477841936,5,660
301,1,3.10131566928,2.0,8.0,0.013013013013,0,-0.761051904098,0.384471381569,5,430
302,1,6.84928090333,,10.0,0.025025025025,0,1.5541455807,-2.81315583878,5,339
303,1,9.37724741717,,10.0,0.012012012012,0,0.200265105442,3.77645210084,5,510
304,1,4.28283332111,3.0,6.0,0.018018018018,0,-0.329790059987,0.272203501066,5,348
305,1,3.93181961731,,5.0,0.022022022022,0,0.502721513657,-2.57634492366,5,118
306,1,0.513444878839,,4.0,0.014014014014,0,-1.68936969796,0.581553972722,5,146
307,1,7.17005492174,4.0,14.0,0.017017017017,0,0.47003295679,0.759956051366,5,642
308,1,-2.90123765662,,1.0,0.014014014014,0,-1.65086526799,-2.94864185266,5,22
309,1,8.72622725014,6.0,9.0,0.017017017017,0,2.03458301353,-2.37752179046,5,425
310,1,2.92128963225,2.0,10.0,0.016016016016,0,-0.565191439002,-0.383136050741,5,402
311,1,5.3993297265,5.0,6.0,0.014014014014,1,0.478246430604,-1.03540956531,5,702
312,1,5.62910859724,5.0,14.0,0.021021021021,0,0.552170409673,-1.02740263178,5,498
313,1,1.68444432625,,6.0,0.021021021021,0,-0.956297837051,-0.446662162599,5,196
314,1,9.81590355697,4.0,17.0,0.024024024024,0,0.949870788605,1.96629119116,5,665
315,1,-0.536635067536,,0.0,0.014014014014,1,-2.14816578208,0.90786227871,5,32
316,1,1.08356873987,,2.0,0.011011011011,0,-1.18634947961,-0.357382821294,5,155
317,1,-1.52206529499,,0.0,0.018018018018,1,-2.32071977907,0.440094042224,5,25
318,1,6.82891046767,,7.0,0.012012012012,0,-0.0778500016415,2.06246047259,5,500
319,1,9.53659434294,7.0,10.0,0.014014014014,0,1.53528914337,-0.0692730871871,5,666
320,1,5.64743361878,,11.0,0.025025025025,0,0.179567152371,0.108732161667,5,286
321,1,6.76415468026,5.0,10.0,0.021021021021,0,-0.472539079548,3.1817719189,5,523
322,1,1.70399962939,0.0,7.0,0.019019019019,0,-0.468008411432,-1.89197513631,5,496
323,1,5.8770637422,3.0,15.0,0.018018018018,0,-0.252066577806,1.63326347562,5,732
324,1,4.8163165855,1.0,7.0,0.019019019019,0,0.0983963113926,-0.478872348682,5,203
325,1,1.26324784969,0.0,10.0,0.016016016016,0,-1.04292261868,-0.607984294279,5,575
326,1,4.07613553136,4.0,6.0,0.017017017017,0,0.00612867934748,-0.942250506683,5,231
327,1,0.70870479353,0.0,4.0,0.023023023023,0,-0.899692603143,-1.59221739704,5,221
328,1,7.39671371268,6.0,10.0,0.014014014014,0,1.6419383574,-2.52910135953,5,731
329,1,1.83639781674,0.0,6.0,0.016016016016,0,-0.578792714137,-1.42722404085,5,142
330,1,1.23741937218,,5.0,0.02002002002,0,-1.26384579577,0.0289567594986,5,115
331,1,1.07342234329,,2.0,0.022022022022,0,-0.853820986182,-1.36511469817,5,30
332,1,5.29531007302,3.0,7.0,0.02002002002,0,-1.07795765011,3.52918302335,5,296
333,1,6.67958394353,5.0,10.0,0.015015015015,0,0.693649055782,-0.401363223817,5,555
334,1,5.55425582456,0.0,13.0,0.021021021021,0,0.481759200716,-0.891021777583,5,609
335,1,2.76991281053,,7.0,0.017017017017,0,0.00601940241026,-2.2481453967,5,312
336,1,-0.676837542851,,0.0,0.02002002002,1,-1.01323436665,-2.63713444289,5,19
337,1,6.30607171703,3.0,8.0,0.017017017017,0,0.106645384972,0.986135562111,5,346
338,1,0.494375546651,,3.0,0.015015015015,0,-1.16563568881,-1.00871738693,5,51
339,1,-4.93539977196,,2.0,0.012012012012,0,-3.30136712112,-0.0312984085878,5,58
340,1,4.37093058145,2.0,10.0,0.016016016016,0,0.255285213413,-1.39492505879,5,514
341,1,1.01735649259,1.0,4.0,0.019019019019,0,-1.33989542449,0.0370427660433,5,179
342,1,-0.548359785887,,0.0,0.022022022022,1,-2.20326504979,1.06143536348,5,13
343,1,3.28458002752,,4.0,0.016016016016,0,-1.20632813243,1.90356442482,5,226
344,1,4.16784399038,2.0,7.0,0.01001001001,0,-0.0833026538215,-0.582248048157,5,547
345,1,5.94927701344,,7.0,0.011011011011,0,0.0860902107547,0.691006381174,5,446
346,1,7.55966133995,6.0,9.0,0.014014014014,0,1.15546988075,-0.906748302312,5,651
347,1,5.38127177806,,15.0,0.016016016016,0,0.381248598277,-0.762474016769,5,896
348,1,2.76824523472,0.0,4.0,0.015015015015,0,0.343275349414,-3.26158081352,5,107
349,1,4.95235803363,4.0,9.0,0.017017017017,0,-0.176491629534,0.481832922232,5,427
350,1,1.95932976906,,4.0,0.018018018018,0,-1.03838967504,0.0744987941768,5,126
351,1,4.73546374957,4.0,11.0,0.015015015015,0,0.0896143259771,-0.533379228366,5,726
352,1,2.15290046638,,3.0,0.019019019019,0,-0.116116776893,-2.49874920294,5,110
353,1,0.121644463768,,2.0,0.014014014014,0,-1.74752614439,0.364222896925,5,132
354,1,0.807507228305,0.0,1.0,0.021021021021,1,-1.78790077706,1.17120955948,5,33
355,1,6.80222546469,3.0,8.0,0.015015015015,0,-0.345391642017,2.83840039074,5,417
356,1,-0.0419993428373,,0.0,0.016016016016,1,-1.60092758635,-0.239216583777,5,10
357,1,8.58847980742,4.0,15.0,0.016016016016,0,1.03237227207,0.491362991213,5,922
358,1,5.42711284505,4.0,15.0,0.018018018018,0,-0.373874538489,1.54873646051,5,834
359,1,7.88552926206,6.0,14.0,0.018018018018,0,0.17593846228,2.35771387522,5,750
360,1,6.87075701676,5.0,12.0,0.013013013013,0,-0.112236239304,2.20746573467,5,912
361,1,9.43869870098,7.0,11.0,0.017017017017,0,0.507408759542,2.91647242235,5,678
362,1,8.37081891558,5.0,10.0,0.015015015015,0,0.983892357579,0.419141842844,5,594
363,1,8.76746076155,4.0,16.0,0.017017017017,0,1.45316578404,-0.59203659057,5,613
364,1,2.56015671264,,5.0,0.017017017017,0,-1.0179338128,0.613958151043,5,506
365,1,-1.29664302034,,0.0,0.023023023023,1,-1.33487862804,-2.29200713621,5,29
366,1,6.26497017293,,12.0,0.012012012012,0,0.568384382063,-0.440182973257,5,927
367,1,7.18491632934,2.0,10.0,0.017017017017,0,1.07030466254,-1.02599765828,5,690
368,1,4.40989240309,2.0,9.0,0.012012012012,0,-0.0451135538857,-0.454766935253,5,576
369,1,1.02198632533,0.0,5.0,0.014014014014,0,-0.349967378294,-2.92811153979,5,185
370,1,4.81145970398,2.0,6.0,0.016016016016,0,0.454486029148,-1.55199838346,5,251
371,1,-0.108240265509,,11.0,0.025025025025,0,-2.13022225901,1.28242651151,5,292
372,1,3.74819946349,2.0,12.0,0.018018018018,0,-0.533200809547,0.347801892135,5,515
373,1,12.3558898696,9.0,13.0,0.017017017017,0,2.28423365745,0.503188897297,5,910
374,1,2.6510858838,0.0,3.0,0.016016016016,0,-0.569537272921,-0.640302297438,5,136
375,1,6.97113535787,4.0,13.0,0.017017017017,0,1.06214407647,-1.21529687152,5,790
376,1,1.39699318759,0.0,3.0,0.014014014014,0,-0.435874999554,-2.29538181374,5,113
377,1,6.82459264656,2.0,10.0,0.012012012012,0,0.0370712260375,1.71337896844,5,656
378,1,4.90357200523,4.0,7.0,0.013013013013,0,-0.533220626229,1.50323388392,5,453
379,1,9.9211458942,9.0,11.0,0.013013013013,0,1.43254071737,0.623523742097,5,727
380,1,5.13684828525,4.0,11.0,0.014014014014,0,-0.006391101218,0.156021588909,5,874
381,1,9.9283291131,6.0,12.0,0.012012012012,0,1.02550675797,1.85180883919,5,926
382,1,5.85977259591,0.0,9.0,0.013013013013,0,0.0999186966163,0.560016506057,5,612
383,1,6.87153331536,6.0,8.0,0.012012012012,0,0.815358353738,-0.574541745854,5,617
384,1,0.833945713136,0.0,12.0,0.019019019019,0,-0.926986204934,-1.38509567206,5,415
385,1,-1.16715072744,,0.0,0.015015015015,1,-1.86160356062,-0.582340045574,5,38
386,1,4.67230745875,,12.0,0.015015015015,0,0.270790166273,-1.14006304007,5,540
387,1,7.0767473784,6.0,15.0,0.021021021021,0,1.66984260406,-2.93278043376,5,801
388,1,6.57869307243,,10.0,0.014014014014,0,0.738769742294,-0.637616154454,5,736
389,1,5.26782728164,1.0,7.0,0.019019019019,0,0.373443924704,-0.85250449247,5,502
390,1,6.88373406936,,7.0,0.013013013013,0,1.00825554623,-1.14103256932,5,213
391,1,6.08008054705,0.0,10.0,0.018018018018,0,0.383268684972,-0.0697255078632,5,772
392,1,0.716876575385,,2.0,0.017017017017,0,-0.668649293701,-2.27717554351,5,119
393,1,1.70842393884,0.0,3.0,0.012012012012,0,-1.35778620761,0.781782561678,5,194
394,1,9.37821522674,1.0,10.0,0.021021021021,0,0.787932586027,2.01441746866,5,267
395,1,9.23338090838,2.0,16.0,0.02002002002,0,0.212589412309,3.59561267145,5,709
396,1,6.96801403108,4.0,7.0,0.015015015015,0,0.394806206625,0.783595411205,5,256
397,1,4.00911424392,4.0,6.0,0.018018018018,0,-0.341684264927,0.0341670387046,5,320
398,1,5.94782079999,,8.0,0.016016016016,0,-0.268532778414,1.75341913523,5,595
399,1,8.11475109436,,10.0,0.023023023023,0,1.28781394281,-0.748690734061,5,536
400,1,9.40908474185,,16.0,0.019019019019,0,1.16485445472,0.914521377673,5,855
401,1,9.52807775127,4.0,10.0,0.017017017017,0,0.385927885284,3.37029409542,5,599
402,1,5.71436069194,1.0,10.0,0.018018018018,0,0.38146942427,-0.43004758087,5,482
403,1,2.19086268753,,10.0,0.015015015015,0,-0.920534788901,-0.0475329457713,5,424
404,1,-3.74207686877,,0.0,0.017017017017,1,-2.62941528598,-0.853831010815,5,18
405,1,1.13689420992,,6.0,0.016016016016,0,-0.597761857971,-2.06982021616,5,172
406,1,6.59639668434,5.0,13.0,0.014014014014,0,0.883021104173,-1.05266662818,5,472
407,1,6.88131003311,,8.0,0.013013013013,0,0.568003232334,0.177300336109,5,560
408,1,8.70899617517,,9.0,0.018018018018,0,1.08714315718,0.447566703627,5,689
409,1,3.68440621407,1.0,9.0,0.017017017017,0,-0.797495357949,1.07689228792,5,345
410,1,9.32195874683,9.0,10.0,0.01001001001,1,1.42693656914,0.041149039407,5,846
411,1,5.58632477452,3.0,12.0,0.013013013013,0,-0.103072719897,0.895542934213,5,908
412,1,3.89957707735,2.0,5.0,0.013013013013,0,-0.466961894218,0.30046276,5,190
413,1,5.27800753917,,6.0,0.017017017017,0,0.220951453187,-0.384846820387,5,370
414,1,3.70803136102,,4.0,0.012012012012,0,-0.686737572921,0.768244079789,5,289
415,1,6.91782660821,6.0,11.0,0.011011011011,0,0.212874355364,1.27920354212,5,833
416,1,1.09691882544,,9.0,0.016016016016,0,-0.91884201645,-1.14655512522,5,362
417,1,6.42839453096,5.0,12.0,0.014014014014,0,0.407400383232,0.206193381261,5,937
418,1,4.19496977401,,15.0,0.017017017017,0,-0.156258285019,-0.336255370933,5,890
419,1,2.95146209176,,3.0,0.016016016016,0,-0.701729424918,0.0566503665117,5,82
420,1,5.79527359593,4.0,8.0,0.016016016016,0,0.497652199288,-0.697683001932,5,308
421,1,3.9057918761,0.0,7.0,0.014014014014,0,-1.3399093262,2.92551985469,5,407
422,1,2.95548458435,2.0,12.0,0.015015015015,0,-1.19493228795,1.54028144821,5,733
423,1,5.93299785467,2.0,15.0,0.017017017017,0,0.674235075051,-1.08970737049,5,504
424,1,7.51336430966,5.0,12.0,0.018018018018,0,0.226430309044,1.83407338253,5,694
425,1,7.90152226745,1.0,8.0,0.019019019019,0,0.583626815196,1.15064182186,5,266
426,1,4.61959959577,1.0,5.0,0.017017017017,0,-0.129358775664,0.00767592276209,5,371
427,1,2.52294284921,,9.0,0.018018018018,0,-0.607885949796,-0.653399301401,5,400
428,1,-0.445110030738,,0.0,0.015015015015,1,-1.1320398302,-2.04899054015,5,14
429,1,-0.981381126091,,0.0,0.017017017017,1,-1.43621809261,-1.67272684825,5,7
430,1,3.8937345002,1.0,4.0,0.015015015015,0,0.279318588234,-1.9442212645,5,101
431,1,4.4507087922,,5.0,0.015015015015,0,-0.46254405463,0.838340956091,5,241
432,1,5.50354505215,,6.0,0.02002002002,0,0.470570731086,-0.908167141107,5,167
433,1,4.89928144411,0.0,5.0,0.017017017017,0,-0.445944781918,1.23711578986,5,246
434,1,12.3498559864,0.0,13.0,0.017017017017,0,2.05745310619,1.17749666785,5,550
435,1,2.31876180918,2.0,13.0,0.016016016016,0,-0.721662405641,-0.516250973897,5,779
436,1,1.80856320044,0.0,5.0,0.021021021021,0,-1.62131133865,1.67249721638,5,214
437,1,6.20670796063,6.0,9.0,0.015015015015,0,-0.417066699702,2.45790805973,5,489
438,1,2.03812949238,2.0,16.0,0.016016016016,0,-1.1309670594,0.431030670579,5,925
439,1,1.2752194593,,9.0,0.012012012012,0,-0.589118416528,-1.95742529112,5,691
440,1,7.83138078615,,10.0,0.014014014014,0,0.47480925587,1.40695301854,5,517
441,1,9.01395686223,7.0,14.0,0.015015015015,0,0.718130590153,1.85956509177,5,876
442,1,8.40808568624,,11.0,0.012012012012,0,0.576122505561,1.67971816955,5,844
443,1,1.80156085402,0.0,3.0,0.013013013013,0,-0.84517214554,-0.66292270936,5,220
444,1,9.49493103394,0.0,10.0,0.011011011011,0,0.312747086094,3.55668977565,5,703
445,1,3.73136009101,0.0,11.0,0.013013013013,0,-0.107378677132,-0.94650387759,5,775
446,1,-1.30829696439,,7.0,0.014014014014,0,-1.35067428385,-2.25627411284,5,311
447,1,6.24570420529,5.0,7.0,0.012012012012,0,0.754072025656,-1.01651187168,5,469
448,1,8.91693554226,3.0,13.0,0.015015015015,0,1.43241603498,-0.380312562665,5,765
449,1,-2.40934404618,,2.0,0.017017017017,0,-2.51431100969,0.133588982885,5,67
450,1,-5.21846385837,,0.0,0.018018018018,1,-3.17725564872,-0.686696912203,5,4
451,1,13.3951882943,13.0,15.0,0.015015015015,0,2.20457607658,1.78146006462,5,958
452,1,3.90755660347,,12.0,0.017017017017,0,-0.381089914814,0.050826347911,5,627
453,1,6.26868359012,0.0,11.0,0.018018018018,0,0.649315057647,-0.679261582825,5,331
454,0,10.5831046903,10.0,,0.01001001001,0,1.17862359153,2.04723391571,5,874
455,1,9.91883083641,7.0,12.0,0.016016016016,0,0.624959059678,3.04395365737,5,892
456,1,5.9003020622,4.0,9.0,0.017017017017,0,0.305440606463,-0.0160197571859,5,460
457,1,2.70552505025,0.0,5.0,0.013013013013,0,-0.543532841552,-0.663876425097,5,202
458,1,8.40327417898,8.0,9.0,0.013013013013,1,0.731198210476,1.20967954755,5,671
459,1,6.40068587055,4.0,17.0,0.025025025025,0,-0.480257632686,2.84145876861,5,807
460,1,5.01443500348,5.0,6.0,0.016016016016,1,-0.198068460341,0.608640384498,5,390
461,1,7.13184323225,3.0,13.0,0.015015015015,0,1.22935727012,-1.55622857812,5,920
462,1,4.60765688485,4.0,10.0,0.014014014014,0,-0.88907708474,2.27488813907,5,461
463,1,8.84129757581,7.0,10.0,0.014014014014,0,0.917510629232,1.08876568811,5,740
464,1,1.85112889312,1.0,4.0,0.018018018018,0,-0.317756013953,-2.19560306502,5,173
465,1,0.175232575987,0.0,3.0,0.013013013013,0,-1.0358403076,-1.71724650123,5,169
466,1,3.97945222482,2.0,11.0,0.013013013013,0,0.113711231307,-1.3616814691,5,794
467,1,3.80666480613,1.0,12.0,0.018018018018,0,-0.843635671165,1.33757181963,5,593
468,1,10.0188615963,10.0,12.0,0.012012012012,0,1.13357973319,1.61812239673,5,971
469,1,3.38013591369,3.0,6.0,0.016016016016,0,-0.978025098079,1.31421120793,5,350
470,1,6.0678604161,6.0,9.0,0.012012012012,0,0.65691817756,-0.902894116585,5,708
471,1,5.54577521955,,6.0,0.015015015015,0,-0.53306157777,2.14495995286,5,281
472,1,4.94109751709,,7.0,0.012012012012,0,0.156087164985,-0.527163977868,5,393
473,1,3.14488103655,1.0,4.0,0.018018018018,0,-0.416370787806,-0.606006600037,5,275
474,1,4.21507762357,2.0,9.0,0.012012012012,0,0.0640513297293,-0.977076365613,5,573
475,1,6.16282949885,6.0,9.0,0.01001001001,0,-0.127632792772,1.54572787717,5,913
476,1,9.50991755135,2.0,10.0,0.015015015015,0,1.87065248143,-1.10203989293,5,766
477,1,4.741769031,,11.0,0.011011011011,0,0.626890350904,-2.13890202172,5,705
478,1,5.30990304685,5.0,13.0,0.013013013013,0,-0.230817111169,1.00235438035,5,965
479,1,7.99752615821,,13.0,0.013013013013,0,1.00773695645,-0.0256847111371,5,806
480,1,3.98292648537,3.0,5.0,0.016016016016,0,0.0179940056805,-1.07105553167,5,364
481,1,2.77493461971,2.0,11.0,0.016016016016,0,-0.458745429676,-0.848829091263,5,335
482,1,7.18227282313,0.0,12.0,0.012012012012,0,0.76232467035,-0.104701187916,5,493
483,1,5.64592281379,5.0,6.0,0.018018018018,1,0.205920680489,0.028160772324,5,336
484,1,6.18736788142,,8.0,0.013013013013,0,0.345541684925,0.150742826642,5,466
485,1,2.9086356299,1.0,5.0,0.014014014014,0,-0.270897112285,-1.27867303324,5,207
486,1,5.3134809625,,10.0,0.013013013013,0,0.106704890562,-0.00663370918524,5,658
487,1,7.28611219924,5.0,9.0,0.018018018018,0,-0.223043538021,2.9552428133,5,462
488,1,2.27600700429,,3.0,0.016016016016,0,-0.794319717792,-0.341033842333,5,91
489,1,6.01272041781,3.0,10.0,0.019019019019,0,0.307255208372,0.0909547926971,5,488
490,1,-1.8384657405,,11.0,0.017017017017,0,-0.808141989311,-4.41403977257,5,406
491,1,4.58118609221,1.0,6.0,0.019019019019,0,-0.240400105632,0.302386409104,5,65
492,1,4.03923780747,,12.0,0.017017017017,0,-1.095714303,2.32638071646,5,326
493,1,4.12254536242,,7.0,0.013013013013,0,0.670007938159,-2.88747845205,5,655
494,1,0.738945111179,0.0,5.0,0.019019019019,0,-1.06905157038,-1.05390017768,5,354
495,1,0.181518182009,,5.0,0.015015015015,0,-1.20422646759,-1.20580241521,5,261
496,1,3.35272812216,,11.0,0.013013013013,0,-0.375951610909,-0.519417045117,5,714
497,1,3.80408501568,,4.0,0.012012012012,0,0.238970072129,-1.91282520071,5,70
498,1,2.36753392203,1.0,8.0,0.013013013013,0,-0.419460052862,-1.37408591939,5,579
499,1,9.10871438996,7.0,10.0,0.012012012012,0,0.14630491132,3.669799656,5,628
500,1,10.0414632943,3.0,14.0,0.016016016016,0,1.74537944561,-0.19467504247,5,701
501,1,-5.35448242538,,0.0,0.018018018018,1,-2.43928291619,-3.03663367683,5,8
502,1,8.91658130895,7.0,9.0,0.011011011011,0,0.817957507374,1.46270878683,5,528
503,1,2.41059365712,0.0,11.0,0.02002002002,0,-1.24761885572,1.15345022428,5,401
504,1,1.58788666199,1.0,2.0,0.011011011011,1,-0.903457113432,-0.701741997717,5,120
505,1,5.10179049917,5.0,6.0,0.014014014014,1,-0.465291208906,1.49766412589,5,127
506,1,-3.24529028445,,1.0,0.011011011011,0,-2.37271382269,-1.12714881638,5,45
507,1,5.93208559873,2.0,7.0,0.013013013013,0,0.990651873755,-2.03987002253,5,287
508,1,-0.172250158674,,0.0,0.013013013013,1,-0.763031213902,-2.88315651697,5,55
509,1,2.23053183408,1.0,10.0,0.012012012012,0,0.156710415541,-3.23959941255,5,954
510,1,-2.40803395566,,0.0,0.012012012012,1,-3.02205422116,1.65812870782,5,20
511,1,6.99604049919,,7.0,0.013013013013,0,0.314526015085,1.05246245393,5,436
512,1,3.06608488018,,7.0,0.017017017017,0,-0.359227244962,-0.856233384936,5,157
513,1,2.55606670956,2.0,7.0,0.013013013013,0,-0.983481513427,0.50651124984,5,478
514,1,13.0496278515,13.0,14.0,0.014014014014,1,3.20876762392,-1.57667502023,5,968
515,1,4.6928267507,0.0,15.0,0.018018018018,0,-0.807748800172,2.11607315121,5,647
516,1,3.68655856678,,7.0,0.012012012012,0,-0.325986479119,-0.335481995867,5,492
517,1,4.55505485004,3.0,5.0,0.013013013013,0,0.739921179461,-2.66470868835,5,252
518,1,8.18642542961,7.0,9.0,0.015015015015,0,1.08299946493,-0.0625729651884,5,240
519,1,5.6636054249,4.0,12.0,0.012012012012,0,-0.154909511765,1.12833396019,5,760
520,1,10.0979394799,2.0,12.0,0.012012012012,0,1.31565501838,1.15097442472,5,924
521,1,1.80224065267,1.0,6.0,0.012012012012,0,-1.33335490793,0.802305376456,5,359
522,1,4.17392981166,,7.0,0.013013013013,0,-0.391042154817,0.347056276114,5,421
523,1,7.9289205675,0.0,10.0,0.01001001001,0,0.566679585819,1.22888181004,5,845
524,1,2.5546007898,,4.0,0.014014014014,0,-1.42941483663,1.84284529969,5,315
525,1,2.20373186004,,15.0,0.018018018018,0,-0.207177011414,-2.17473710572,5,687
526,1,10.6906536076,9.0,13.0,0.014014014014,0,1.86593185485,0.0928580430299,5,717
527,1,2.19134549818,,4.0,0.015015015015,0,-0.70452656409,-0.695074809554,5,86
528,1,8.02578621411,2.0,9.0,0.016016016016,0,0.558689667946,1.34971721027,5,485
529,1,10.7476183723,6.0,11.0,0.013013013013,0,1.17604752916,2.2194757848,5,830
530,1,4.25926581053,,10.0,0.014014014014,0,0.283080614142,-1.58997603189,5,692
531,1,3.17085833278,3.0,4.0,0.014014014014,1,-0.924096171824,0.943146848253,5,50
532,1,6.34256614728,5.0,7.0,0.011011011011,0,0.191963416109,0.766675898952,5,646
533,1,4.97440728263,3.0,8.0,0.015015015015,0,-0.318166369792,0.928906392007,5,255
534,1,9.5933183973,5.0,10.0,0.011011011011,0,1.41559202318,0.346542327775,5,951
535,1,3.96863462095,1.0,8.0,0.015015015015,0,0.519018141151,-2.5884198025,5,503
536,1,11.829474178,9.0,12.0,0.014014014014,0,2.49176781569,-0.645829269023,5,898
537,1,8.2127811568,7.0,11.0,0.012012012012,0,1.06016464939,0.0322872086195,5,715
538,1,-0.253904374983,,1.0,0.013013013013,0,-1.07700427144,-2.02289156067,5,5
539,1,2.62179244461,,7.0,0.012012012012,0,-1.0297867118,0.711152580013,5,465
540,1,2.44862251666,,4.0,0.013013013013,0,-1.09565733206,0.73559451283,5,62
541,1,8.89919017377,7.0,10.0,0.011011011011,0,1.05805158981,0.725035404354,5,853
542,1,2.31268842247,,7.0,0.011011011011,0,-0.900293015029,0.0135674675588,5,351
543,0,10.8779728671,10.0,,0.01001001001,0,1.0824872429,2.63051113839,5,133
544,1,6.6441562669,1.0,7.0,0.012012012012,0,0.593947642703,-0.137686661208,5,475
545,1,-0.749842831805,,0.0,0.012012012012,1,-1.17963069775,-2.21095073855,5,11
546,1,4.57739452392,4.0,10.0,0.014014014014,0,-0.269861684169,0.386979576429,5,759
547,1,8.72967455624,2.0,15.0,0.016016016016,0,0.824207400796,1.25705235385,5,860
548,1,4.32720335164,,9.0,0.014014014014,0,-0.31928365553,0.285054318229,5,644
549,1,0.016674919312,,5.0,0.011011011011,0,-1.84042845966,0.537960298294,5,148
550,1,7.83785802297,1.0,16.0,0.018018018018,0,0.000614153269169,2.83601556317,5,868
551,1,6.56607177001,,8.0,0.014014014014,0,-0.121434396627,1.93037495989,5,531
552,1,4.48358622529,1.0,8.0,0.018018018018,0,-1.05243413298,2.64088862422,5,271
553,1,6.5570596337,2.0,14.0,0.017017017017,0,0.75286406422,-0.701532558957,5,957
554,1,5.84233979128,4.0,6.0,0.013013013013,0,0.437970116214,-0.471570557363,5,414
555,1,8.21507743563,0.0,10.0,0.014014014014,0,0.326503940202,2.23556561502,5,840
556,1,5.94299265026,0.0,7.0,0.012012012012,0,0.148729105451,0.496805333909,5,344
557,1,3.85946579736,3.0,7.0,0.012012012012,0,-0.873853400884,1.48102600001,5,250
558,1,0.049571571074,0.0,9.0,0.015015015015,0,-1.05002337724,-1.8003582972,5,722
559,1,2.5522287854,1.0,4.0,0.011011011011,0,-0.506224870578,-0.929096602862,5,416
560,1,2.23621916357,,10.0,0.018018018018,0,-1.10933980328,0.564238573406,5,563
561,1,1.99489745105,1.0,3.0,0.013013013013,0,-0.299828099371,-2.10561825084,5,128
562,1,6.95529172984,3.0,7.0,0.013013013013,0,1.20089847021,-1.6474036808,5,632
563,1,6.13117316271,3.0,8.0,0.015015015015,0,0.382581043423,-0.0165699675566,5,340
564,1,1.65066666835,1.0,3.0,0.013013013013,0,-1.30651427816,0.570209502824,5,283
565,1,5.03643818337,,8.0,0.013013013013,0,-0.379243970106,1.17417009369,5,420
566,1,7.07277785943,2.0,9.0,0.01001001001,0,0.492259282408,0.596000012206,5,769
567,1,1.34420196089,,3.0,0.013013013013,0,0.334724359174,-4.65997111663,5,314
568,1,7.38029496131,7.0,11.0,0.011011011011,0,0.00281480251596,2.37185055377,5,935
569,1,2.95947000339,1.0,7.0,0.018018018018,0,-1.48031731237,2.40042194048,5,533
570,1,2.38235114511,1.0,12.0,0.013013013013,0,-0.810480755444,-0.186206588561,5,748
571,1,3.61839767851,3.0,9.0,0.01001001001,0,-0.4608065445,0.000817312005204,5,695
572,1,7.81993784374,7.0,10.0,0.015015015015,0,0.860507422668,0.238415575734,5,767
573,1,5.88099878795,5.0,9.0,0.012012012012,0,0.131593382962,0.486218639068,5,607
574,1,8.76001876321,8.0,11.0,0.012012012012,0,0.897088327302,1.0687537813,5,742
575,1,9.16019960613,2.0,13.0,0.014014014014,0,0.987311028784,1.19826651977,5,815
576,1,6.98853958297,6.0,9.0,0.013013013013,0,0.652728077177,0.0303553514433,5,641
577,1,3.85878034084,,6.0,0.013013013013,0,0.313846159818,-2.08275813862,5,236
578,1,10.297917257,9.0,13.0,0.014014014014,0,1.67119199892,0.284341260227,5,814
579,1,2.41597221086,0.0,4.0,0.014014014014,0,-0.524514823904,-1.01048331743,5,216
580,1,1.44873763576,0.0,8.0,0.017017017017,0,-1.41379835649,0.690132705227,5,438
581,1,7.53069001706,4.0,8.0,0.016016016016,0,0.778384417949,0.195536763213,5,522
582,1,-2.0642583883,,10.0,0.013013013013,0,-1.24346095879,-3.33387551192,5,832
583,1,4.62248806231,4.0,9.0,0.012012012012,0,0.0262701106599,-0.456322269667,5,650
584,1,0.329604666739,,8.0,0.012012012012,0,-1.09701996672,-1.3793354331,5,426
585,1,2.31994923376,2.0,5.0,0.014014014014,0,-1.25602723984,1.08803095328,5,247
586,1,3.21022284395,2.0,7.0,0.015015015015,0,-0.404598737762,-0.575980942762,5,277
587,1,8.63938159823,6.0,11.0,0.011011011011,0,1.37711427691,-0.491961232505,5,943
588,1,6.06219221123,2.0,10.0,0.012012012012,0,0.742218272628,-1.16446260665,5,663
589,1,0.567279264329,,4.0,0.01001001001,0,-1.94554940637,1.40392748345,5,218
590,1,8.98663342549,7.0,10.0,0.014014014014,0,0.817489133705,1.53416602438,5,669
591,1,8.15537480627,8.0,12.0,0.013013013013,0,1.31409886825,-0.786921798479,5,877
592,1,6.81494126909,3.0,10.0,0.011011011011,0,0.557409553516,0.142712608539,5,793
593,1,1.20790356794,,8.0,0.012012012012,0,-0.676007919372,-1.76407267394,5,380
594,1,8.53789934004,8.0,9.0,0.011011011011,1,0.237103575616,2.8265886132,5,816
595,1,5.7025882453,5.0,12.0,0.013013013013,0,0.191066052497,0.129390087811,5,770
596,0,12.867145163,12.0,,0.012012012012,0,1.77536133279,2.54106116467,5,386
597,1,4.17978566125,4.0,5.0,0.013013013013,1,-0.498253673437,0.674546681563,5,659
598,1,10.9556280134,10.0,11.0,0.011011011011,1,1.68081781114,0.913174579986,5,837
599,1,11.1735423162,11.0,13.0,0.014014014014,0,1.8329718432,0.674626786637,5,964
600,1,1.86353705256,,4.0,0.012012012012,0,-0.856586065549,-0.56670475079,5,269
601,1,5.24948098673,5.0,6.0,0.012012012012,1,0.675421882015,-1.77678465932,5,624
602,1,1.45598461427,1.0,3.0,0.012012012012,0,-0.869112317749,-0.936678432487,5,106
603,1,0.636258912551,0.0,5.0,0.014014014014,0,-1.23844096214,-0.648418201021,5,341
604,1,0.240317274572,0.0,1.0,0.012012012012,1,-1.64958172307,0.189062443792,5,17
605,1,5.84317254027,,9.0,0.01001001001,0,0.357452932483,-0.229186257184,5,464
606,1,-1.71828160497,,2.0,0.013013013013,0,-1.69910726019,-1.62095982439,5,229
607,1,-1.41981083025,,0.0,0.014014014014,1,-1.22737859008,-2.73767506,5,66
608,1,4.06719048978,0.0,6.0,0.011011011011,0,0.0405143037754,-1.05435242154,5,440
609,1,1.45063481954,,3.0,0.016016016016,0,-1.13096318144,-0.156475636136,5,88
610,0,10.6001246921,10.0,,0.011011011011,0,1.8184421579,0.144798218389,5,752
611,1,2.74025663449,,11.0,0.013013013013,0,-0.0330912672571,-2.16046956374,5,863
612,1,3.79040427318,3.0,6.0,0.014014014014,0,-0.0205663721916,-1.14789661024,5,298
613,1,4.17548443777,3.0,10.0,0.012012012012,0,0.154041035431,-1.28663866853,5,885
614,1,7.01386500424,3.0,9.0,0.014014014014,0,0.584403632244,0.260654107511,5,486
615,1,3.57210462911,2.0,14.0,0.014014014014,0,0.892805664654,-4.10631236485,5,848
616,1,5.24757188038,5.0,8.0,0.015015015015,0,-0.417378658346,1.49970785541,5,477
617,1,7.97874559538,7.0,9.0,0.016016016016,0,0.918012670348,0.224707584333,5,544
618,1,2.59069415029,,3.0,0.013013013013,0,-0.533332251706,-0.809309094592,5,449
619,1,9.91934519063,1.0,10.0,0.014014014014,0,1.22303805802,1.25023101656,5,867
620,1,5.95578686293,4.0,8.0,0.014014014014,0,0.643776934518,-0.975543940622,5,432
621,1,9.63564949131,9.0,10.0,0.01001001001,1,1.66216724773,-0.350852251881,5,938
622,1,6.4402743822,4.0,7.0,0.017017017017,0,0.0757391736716,1.21305686119,5,481
623,1,4.37491540053,3.0,11.0,0.012012012012,0,-0.266567722644,0.174618568462,5,780
624,1,9.92362806491,8.0,12.0,0.013013013013,0,2.16029102708,-1.55724501634,5,800
625,1,4.83188119524,,8.0,0.01001001001,0,0.169779581313,-0.677457548699,5,746
626,1,6.79832912095,,7.0,0.019019019019,0,1.27971325184,-2.04081063459,5,385
627,1,5.76390186833,0.0,8.0,0.014014014014,0,0.437184899345,-0.547652829701,5,571
628,1,4.68711281346,,8.0,0.011011011011,0,-0.315999547655,0.635111456424,5,383
629,1,5.0552748907,1.0,6.0,0.011011011011,0,1.01694554202,-2.99556173535,5,505
630,1,6.24521687456,0.0,10.0,0.014014014014,0,0.676501620056,-0.78428798561,5,448
631,1,2.47806512426,2.0,3.0,0.014014014014,1,-0.485272397689,-1.06611768268,5,145
632,1,9.54007739408,9.0,10.0,0.013013013013,1,2.37340360974,-2.58013343513,5,592
633,1,4.41334759091,4.0,5.0,0.012012012012,1,0.0191455420666,-0.644089035286,5,352
634,1,0.884036005588,0.0,7.0,0.011011011011,0,-1.20962624427,-0.487085261599,5,618
635,1,-1.32937470354,,1.0,0.011011011011,0,-1.78058566779,-0.98761770016,5,47
636,1,-0.63282217988,,7.0,0.016016016016,0,-1.62346179154,-0.762436805252,5,337
637,1,0.536043709379,,1.0,0.011011011011,0,-1.6296842012,0.42509631297,5,34
638,1,5.18134726308,,11.0,0.012012012012,0,-0.0121240681426,0.217719467509,5,911
639,0,11.0033831903,10.0,,0.011011011011,0,1.84959253322,0.454605590648,5,692
640,1,2.47243441721,,3.0,0.012012012012,0,0.11762213924,-2.88043200051,5,234
641,1,6.05011794071,6.0,8.0,0.012012012012,0,0.703839442328,-1.06140038628,5,676
642,1,9.86622104817,8.0,10.0,0.013013013013,0,1.09418729046,1.58365917679,5,728
643,1,3.98542588322,1.0,5.0,0.01001001001,0,-0.332533786212,-0.0169727581458,5,463
644,1,6.60160013061,1.0,8.0,0.011011011011,0,0.938758732473,-1.21467606681,5,419
645,1,7.95860067006,0.0,11.0,0.011011011011,0,0.995168522115,-0.0269048962813,5,749
646,1,6.7720464487,,10.0,0.012012012012,0,0.488784137969,0.30569403479,5,649
647,1,4.72738345767,3.0,11.0,0.011011011011,0,-0.208221916281,0.352049206508,5,930
648,1,7.21059904306,7.0,9.0,0.01001001001,0,0.936361965311,-0.598486852876,5,758
649,1,6.97243537042,5.0,10.0,0.013013013013,0,-0.297367139126,2.86453678779,5,755
650,1,5.32479184942,0.0,8.0,0.016016016016,0,-0.00604431815745,0.342924803891,5,378
651,1,4.07332590147,4.0,13.0,0.013013013013,0,0.102431759094,-1.23396937582,5,857
652,1,3.65862075782,,4.0,0.011011011011,0,-0.733962562844,0.860508446349,5,77
653,1,7.2021440276,4.0,8.0,0.01001001001,0,0.734109603186,-0.000184781962114,5,539
654,1,1.21772264506,1.0,10.0,0.016016016016,0,-0.242573754413,-3.0545560917,5,549
655,1,7.03536854082,7.0,9.0,0.014014014014,0,0.271945059591,1.21953336205,5,284
656,1,8.70027003775,,9.0,0.012012012012,0,1.18151981312,0.155710598395,5,796
657,1,6.55190656382,4.0,7.0,0.012012012012,0,-0.27431976938,2.37486587196,5,356
658,1,2.02521044433,0.0,8.0,0.012012012012,0,-1.4516132057,1.38005006143,5,542
659,1,-0.94878181883,,9.0,0.011011011011,0,-1.42746719134,-1.66638024482,5,756
660,1,4.75042722459,,14.0,0.014014014014,0,0.359927951851,-1.32935663097,5,917
661,0,12.2119244037,11.0,,0.011011011011,0,1.78942274972,1.8436561545,5,808
662,1,9.1644486536,7.0,11.0,0.012012012012,0,1.74936754965,-1.08365399535,5,882
663,1,6.00489206265,6.0,7.0,0.014014014014,1,0.176300301048,0.475991159509,5,437
664,1,3.79109644499,0.0,4.0,0.014014014014,0,-0.721130141948,0.954486870831,5,373
665,1,8.69942470722,8.0,10.0,0.012012012012,0,0.372112429727,2.58308741804,5,707
666,1,8.05069141116,7.0,11.0,0.012012012012,0,0.975935530384,0.122884820005,5,537
667,1,4.36561778249,,5.0,0.014014014014,0,0.133083399191,-1.03363241508,5,209
668,1,2.67188663623,,3.0,0.011011011011,0,-1.48195891996,2.11776339609,5,182
669,1,0.350167459302,,3.0,0.014014014014,0,-1.32357879456,-0.67909615703,5,133
670,1,6.48687171492,6.0,11.0,0.012012012012,0,0.177669060998,0.953864531922,5,921
671,1,2.89308280947,2.0,4.0,0.011011011011,0,-0.648514704251,-0.161373077776,5,243
672,1,3.04852121627,1.0,9.0,0.014014014014,0,-0.428876867522,-0.664848181166,5,456
673,1,9.63757597439,8.0,10.0,0.014014014014,0,1.05868155919,1.46153129681,5,824
674,1,9.53460195743,4.0,10.0,0.012012012012,0,0.595680143885,2.74756152578,5,787
675,1,1.9132659599,0.0,5.0,0.012012012012,0,-1.18808516206,0.477521446087,5,410
676,1,2.09806309746,,4.0,0.014014014014,0,-1.41859517226,1.35384861424,5,254
677,1,2.68239914869,2.0,4.0,0.013013013013,0,-0.760714847543,-0.0354563086794,5,193
678,1,10.0363472362,,11.0,0.013013013013,0,1.659272742,0.0585290102371,5,546
679,1,3.66138448561,1.0,6.0,0.014014014014,0,0.0294897082929,-1.42708463926,5,329
680,1,3.18840059525,,4.0,0.012012012012,0,0.119397435736,-2.16979171196,5,64
681,1,4.34265633118,,9.0,0.01001001001,0,-0.194705879427,-0.0732260305343,5,473
682,1,0.524875516438,0.0,5.0,0.01001001001,0,-0.815077548033,-2.02989183946,5,411
683,1,0.157342410803,,2.0,0.012012012012,0,-0.72299848878,-2.67366212286,5,23
684,1,1.66977440295,,10.0,0.014014014014,0,-0.262985418876,-2.54126934043,5,367
685,1,-0.809966010903,,1.0,0.012012012012,0,-1.57722009122,-1.07830573724,5,191
686,1,7.58942812107,1.0,8.0,0.014014014014,0,0.278818861676,1.75297153604,5,552
687,1,6.12596127477,0.0,10.0,0.014014014014,0,0.501981811162,-0.379984158716,5,661
688,1,-1.05204510783,,0.0,0.013013013013,1,-1.56339932942,-1.36184711957,5,26
689,1,7.76945068834,1.0,9.0,0.013013013013,0,1.36020126177,-1.31115309696,5,716
690,1,2.43690558472,0.0,3.0,0.013013013013,0,-1.20317242619,1.04642286328,5,134
691,1,4.52277594535,1.0,9.0,0.01001001001,0,-0.928860856205,2.30935851396,5,879
692,1,3.39042446724,1.0,10.0,0.01001001001,0,-0.0313233758125,-1.51560540532,5,929
693,1,5.0932449061,3.0,8.0,0.014014014014,0,-0.0935671326814,0.373946304148,5,582
694,1,3.90137539735,1.0,4.0,0.01001001001,0,-0.00824264209447,-1.07389667636,5,369
695,1,7.49803528618,6.0,9.0,0.013013013013,0,0.184496429068,1.94454599898,5,825
696,1,3.59897629034,3.0,4.0,0.013013013013,1,-0.776809640267,0.929405211137,5,200
697,1,2.3699567547,,12.0,0.012012012012,0,-0.971301014691,0.283859798771,5,941
698,1,5.8731118654,2.0,13.0,0.013013013013,0,-0.261691114245,1.65818520814,5,919
699,1,-0.0107551577874,,8.0,0.011011011011,0,-2.23737958637,1.70138360131,5,597
700,1,6.454241755,1.0,8.0,0.011011011011,0,0.255197075494,0.688650528521,5,630
701,1,2.57180700765,0.0,5.0,0.01001001001,0,-0.452926086811,-1.06941473192,5,306
702,1,5.62147025689,5.0,8.0,0.013013013013,0,0.0317224227524,0.526302988633,5,591
703,1,3.77838963693,0.0,6.0,0.014014014014,0,-0.348398075599,-0.176416136269,5,262
704,1,4.8060098405,,11.0,0.013013013013,0,-0.293687033011,0.687070939533,5,763
705,1,7.37995749934,3.0,10.0,0.01001001001,0,1.18495405713,-1.17490467207,5,724
706,1,4.79983748335,,7.0,0.016016016016,0,-0.338041664105,0.813962475669,5,278
707,1,2.91371370707,0.0,7.0,0.013013013013,0,-0.317791256128,-1.13291252455,5,511
708,1,5.25983275833,,11.0,0.011011011011,0,-0.423995601429,1.53181956262,5,861
709,1,8.177905107,8.0,12.0,0.012012012012,0,1.09860784448,-0.117918426436,5,956
710,1,8.3101043686,0.0,12.0,0.014014014014,0,0.4592213567,1.9324402985,5,797
711,1,-1.22048998127,,1.0,0.013013013013,0,-1.81624548967,-0.77175351225,5,137
712,1,1.00219602123,1.0,2.0,0.016016016016,1,-0.883807953058,-1.3463801196,5,95
713,1,4.7531557049,4.0,6.0,0.012012012012,0,-0.448840850074,1.09967825512,5,338
714,1,6.57584241501,1.0,7.0,0.01001001001,0,0.147351383475,1.13378826459,5,280
715,1,3.19691921341,,6.0,0.012012012012,0,-0.147374007838,-1.36095876308,5,258
716,1,0.765198914998,0.0,6.0,0.013013013013,0,-1.7224458854,0.932536571199,5,375
717,1,5.35831582955,3.0,7.0,0.011011011011,0,0.012314010145,0.321373799112,5,551
718,1,3.88723674302,2.0,10.0,0.012012012012,0,-0.845092715793,1.42251489039,5,870
719,1,5.03190273791,4.0,7.0,0.012012012012,0,-0.0167772921274,0.0822346142948,5,318
720,1,1.33660541582,,3.0,0.011011011011,0,-0.86980318858,-1.05398501844,5,161
721,0,12.0855736961,12.0,,0.012012012012,0,2.19764459326,0.492639916272,5,100
722,1,8.6752755818,5.0,11.0,0.014014014014,0,0.959951291926,0.795421706027,5,721
723,0,13.7948176999,10.0,,0.011011011011,0,2.17202345376,2.27874733863,5,685
724,1,3.83775498171,3.0,6.0,0.013013013013,0,-0.216829054738,-0.511757854074,5,433
725,1,5.48224529821,0.0,8.0,0.012012012012,0,-0.358017517212,1.55629784984,5,474
726,1,9.92485492461,8.0,10.0,0.012012012012,0,0.953469038218,2.06444780996,5,905
727,1,1.03313616729,,4.0,0.012012012012,0,-0.740673385802,-1.74484367531,5,181
728,1,1.88831757414,1.0,3.0,0.01001001001,0,-0.181284259603,-2.56782964705,5,398
729,1,7.19881891659,7.0,8.0,0.012012012012,1,-0.0621184080976,2.38517414089,5,507
730,1,5.95665914307,5.0,6.0,0.011011011011,1,0.705176011581,-1.15886889168,5,439
731,1,6.36581877692,,10.0,0.01001001001,0,1.48145014022,-3.07853164375,5,822
732,1,1.5857446913,,3.0,0.012012012012,0,-1.2029516968,0.194599781709,5,122
733,1,4.2087114582,2.0,7.0,0.01001001001,0,0.261565022189,-1.57598360837,5,636
734,0,10.1379019752,9.0,,0.01001001001,0,1.08082920207,1.89541436895,5,326
735,1,9.03491461274,9.0,10.0,0.01001001001,1,1.01534525737,0.988878840619,5,942
736,1,8.42280256534,8.0,9.0,0.012012012012,1,0.442011416721,2.09676831517,5,841
737,1,6.56690409748,6.0,9.0,0.01001001001,0,0.567986426118,-0.137055180875,5,893
738,1,3.23462783752,1.0,5.0,0.011011011011,0,-0.294726844245,-0.881191629746,5,279
739,1,0.985537326295,0.0,10.0,0.011011011011,0,-0.874301898715,-1.39155697756,5,827
740,1,5.25123033312,2.0,10.0,0.013013013013,0,-0.0886422201444,0.517156993554,5,698
741,1,1.71725255409,0.0,2.0,0.01001001001,0,-0.953187623831,-0.423184574414,5,141
742,1,3.0538325724,1.0,4.0,0.012012012012,0,-0.337785845579,-0.932809890865,5,98
743,1,7.19025205262,5.0,11.0,0.012012012012,0,-0.461260674146,3.57403407506,5,858
744,1,2.25360518297,,4.0,0.014014014014,0,-0.580109800227,-1.00606541635,5,72
745,1,4.40007373842,4.0,12.0,0.013013013013,0,0.0791688908937,-0.837432934265,5,918
746,1,1.85023364145,,6.0,0.012012012012,0,-0.853376519431,-0.58963680026,5,245
747,1,5.9121010061,1.0,6.0,0.012012012012,0,0.447688476893,-0.430964424577,5,237
748,1,7.06926921087,5.0,10.0,0.012012012012,0,0.0613609624364,1.88518632356,5,629
749,1,4.74773999271,4.0,7.0,0.011011011011,0,-0.588553517456,1.51340054508,5,333
750,1,1.55350624285,1.0,3.0,0.012012012012,0,-0.865095142869,-0.851208328541,5,260
751,1,7.41520064348,6.0,10.0,0.01001001001,0,1.39918261316,-1.782347196,5,873
752,1,8.12332829185,6.0,10.0,0.011011011011,0,1.49668595432,-1.3667295711,5,916
753,1,5.59131249919,,7.0,0.011011011011,0,-0.15166032775,1.04629348244,5,491
754,1,7.71272100785,7.0,8.0,0.012012012012,1,0.843717013062,0.181569968664,5,811
755,1,3.79507648874,0.0,4.0,0.013013013013,0,-0.788885076664,1.16173171873,5,187
756,1,3.99021668741,3.0,9.0,0.011011011011,0,0.110318219186,-1.34073797015,5,603
757,0,11.4845491691,11.0,,0.011011011011,0,0.779404746561,4.14633492945,5,837
758,1,4.63632822676,,8.0,0.012012012012,0,0.301329713578,-1.26766091397,5,541
759,1,9.76741465071,0.0,11.0,0.014014014014,0,1.47384871631,0.34586850177,5,745
760,1,5.37863051465,,12.0,0.012012012012,0,-0.086553311296,0.638290448536,5,939
761,1,8.71330681177,7.0,10.0,0.01001001001,0,0.98627603856,0.754478696092,5,940
762,1,1.31413016715,1.0,7.0,0.01001001001,0,-0.90490035134,-0.971168778834,5,521
763,1,6.22052285478,6.0,10.0,0.01001001001,0,-0.49380572611,2.70194003311,5,909
764,1,3.21071530335,,4.0,0.013013013013,0,-0.52847397359,-0.203862775881,5,332
765,1,3.97282937826,0.0,4.0,0.012012012012,0,0.245259241394,-1.76294834592,5,166
766,1,9.67568963203,8.0,10.0,0.01001001001,0,0.891586973707,2.00092871091,5,847
767,1,-1.6635504104,,3.0,0.011011011011,0,-2.30511339302,0.25178976865,5,129
768,0,12.7934788916,10.0,,0.01001001001,0,1.81562433877,2.34660587526,5,148
769,1,1.53533403537,,2.0,0.012012012012,0,-1.46616988079,0.93384367775,5,41
770,1,6.56239049682,6.0,7.0,0.013013013013,1,0.50799164921,0.0384155491917,5,871
771,1,7.21883262603,1.0,12.0,0.013013013013,0,0.303442882999,1.30850397703,5,865
772,1,9.95384878323,1.0,10.0,0.012012012012,0,0.907548151584,2.23120432847,5,581
773,1,2.35567848901,0.0,11.0,0.014014014014,0,-0.485280445459,-1.18848017461,5,762
774,1,4.06927763832,1.0,11.0,0.011011011011,0,-0.855281215957,1.63512128619,5,936
775,1,3.53455517758,2.0,7.0,0.012012012012,0,-1.0442174301,1.66720746789,5,313
776,1,0.883549071835,,1.0,0.012012012012,0,-0.932941467941,-1.31762652434,5,40
777,1,8.01922232211,0.0,10.0,0.01001001001,0,0.214877720555,2.37458916045,5,828
778,1,-1.22768416991,,0.0,0.011011011011,1,-1.48986821064,-1.75807953799,5,68
779,1,9.60461027635,9.0,10.0,0.011011011011,1,1.51686449771,0.0540167832228,5,959
780,1,8.09229354468,,9.0,0.01001001001,0,1.02559302118,0.0155144811532,5,872
781,1,1.0018126897,1.0,8.0,0.01001001001,0,-0.957718548485,-1.12503166484,5,574
782,0,11.8213870478,10.0,,0.01001001001,0,1.83438913853,1.31821963227,5,199
783,1,7.98457180304,4.0,10.0,0.012012012012,0,-0.17048252249,3.49601937051,5,674
784,1,3.57180556454,2.0,4.0,0.01001001001,0,0.103625771132,-1.73907174885,5,291
785,1,8.75522700376,8.0,12.0,0.012012012012,0,0.658056369863,1.78105789417,5,852
786,1,8.9821227364,,11.0,0.012012012012,0,0.531482202953,2.38767612754,5,776
787,1,5.56372846282,0.0,8.0,0.015015015015,0,0.962928001987,-2.32505554314,5,653
788,0,13.5229442134,10.0,,0.011011011011,0,3.1459851224,-0.915011153788,5,793
789,1,-0.0717896432203,,6.0,0.011011011011,0,-1.10199641883,-1.76580038673,5,459
790,1,7.21464171121,5.0,11.0,0.012012012012,0,0.668952852448,0.207783153869,5,693
791,1,5.12698986149,0.0,7.0,0.011011011011,0,0.194560628617,-0.456692024362,5,606
792,1,4.56011740938,4.0,7.0,0.01001001001,0,-0.331936318514,0.555926364926,5,639
793,1,5.13023418128,5.0,10.0,0.012012012012,0,0.283511323424,-0.720299788993,5,757
794,1,3.05804446476,3.0,7.0,0.01001001001,0,0.197741887664,-2.53518119823,5,543
795,1,5.00502375437,0.0,9.0,0.01001001001,0,0.695412865728,-2.08121484281,5,754
796,1,-0.632692246691,,1.0,0.01001001001,0,-0.888392321966,-2.96751528079,5,46
797,1,1.44039304617,1.0,3.0,0.012012012012,0,-0.897277737844,-0.8677737403,5,140
798,1,8.44769278314,3.0,9.0,0.012012012012,0,0.85400182545,0.885687306795,5,704
799,1,4.80513348852,1.0,7.0,0.011011011011,0,0.087071070401,-0.456079722683,5,679
800,1,1.5768019972,1.0,8.0,0.01001001001,0,-0.528511040461,-1.83766488141,5,670
801,1,2.77616985448,2.0,4.0,0.011011011011,0,-0.266607251716,-1.42400839038,5,199
802,1,6.95630080236,,8.0,0.01001001001,0,0.506305841947,0.437383276519,5,600
803,1,8.55568217086,8.0,10.0,0.011011011011,0,1.3061407256,-0.362740005929,5,854
804,1,7.79366432136,4.0,10.0,0.01001001001,0,0.623145942743,0.924226493135,5,851
805,1,7.38623083138,7.0,10.0,0.01001001001,0,-0.023335538971,2.4562374483,5,897
806,1,6.43469773033,4.0,7.0,0.011011011011,0,0.58257672508,-0.313032444915,5,487
807,1,5.85601832964,1.0,6.0,0.011011011011,0,0.625965941723,-1.02187949553,5,483
808,1,7.44744080741,0.0,9.0,0.011011011011,0,0.224117699231,1.77508770972,5,638
809,1,2.51875274185,2.0,6.0,0.011011011011,0,-1.03998396583,0.638704639346,5,445
810,1,-3.63772184696,,0.0,0.012012012012,1,-2.39419538124,-1.45513570322,5,3
811,1,-4.90920871943,,4.0,0.01001001001,0,-4.10741849881,2.413046777,5,217
812,1,5.75440612116,3.0,10.0,0.011011011011,0,-0.583298053416,2.5043002814,5,761
813,1,8.37758923088,8.0,9.0,0.01001001001,1,0.646036161028,1.4394807478,5,768
814,1,6.28813000522,,7.0,0.01001001001,0,0.0773987024711,1.0559338978,5,413
815,0,11.4715808694,10.0,,0.01001001001,0,1.61809490568,1.61729615236,5,641
816,1,6.13033032802,6.0,11.0,0.012012012012,0,0.537354119237,-0.481732029688,5,810
817,1,3.80595357149,1.0,10.0,0.011011011011,0,-0.439351252609,0.12400732932,5,831
818,1,4.62485013052,4.0,9.0,0.012012012012,0,-1.39404274902,3.80697837759,5,675
819,1,-0.385253453081,,0.0,0.011011011011,1,-1.31872515951,-1.42907797454,5,15
820,1,9.68182366589,9.0,10.0,0.01001001001,1,0.916392690589,1.93264559412,5,947
821,1,3.07922294917,0.0,9.0,0.013013013013,0,-0.558338580986,-0.245761307871,5,556
822,1,4.00111814842,,6.0,0.01001001001,0,0.396329767708,-2.1878711547,5,451
823,1,6.8178192747,0.0,9.0,0.011011011011,0,0.547375638932,0.175692357905,5,729
824,1,5.48260590402,5.0,9.0,0.01001001001,0,-0.0450715218925,0.617820469693,5,566
825,1,5.37848736631,,6.0,0.01001001001,0,0.457562944733,-0.994201467886,5,388
826,1,1.51520534439,0.0,9.0,0.012012012012,0,-1.39644180413,0.704530756795,5,799
827,1,11.4834884966,11.0,12.0,0.013013013013,1,2.60761728031,-1.33936334432,5,948
828,1,7.36988375718,7.0,9.0,0.01001001001,0,0.85753964554,-0.202735179434,5,850
829,1,4.87908221257,2.0,6.0,0.012012012012,0,1.04889614307,-3.26760621664,5,327
830,1,8.45469901115,8.0,9.0,0.013013013013,1,1.11331552102,0.114752448084,5,839
831,1,2.84572394982,1.0,3.0,0.01001001001,0,-1.00721274307,0.86736217904,5,334
832,1,7.05109919862,,8.0,0.01001001001,0,0.793665807001,-0.329898222379,5,856
833,1,5.73935039369,0.0,7.0,0.01001001001,0,-0.248133190319,1.48374996465,5,444
834,1,-0.156661820105,,2.0,0.01001001001,0,-1.31984934705,-1.19711377894,5,90
835,1,1.80769085778,1.0,2.0,0.01001001001,1,-0.838916769245,-0.675558834481,5,49
836,1,8.38040222186,8.0,10.0,0.011011011011,0,0.711863956637,1.24481035195,5,889
837,1,2.39174674766,1.0,5.0,0.01001001001,0,-0.743228383794,-0.378568100956,5,276
838,0,11.8917474456,11.0,,0.011011011011,0,2.26295627304,0.102878626445,5,574
839,1,5.17366851657,5.0,6.0,0.011011011011,1,-0.11242470363,0.510942627461,5,643
840,1,10.4137484649,8.0,11.0,0.011011011011,0,1.59763265006,0.620850514765,5,960
841,1,7.19733636884,0.0,10.0,0.01001001001,0,0.590958195568,0.424461782135,5,821
842,1,3.82179393004,1.0,7.0,0.012012012012,0,0.0758350343706,-1.40571117308,5,467
843,1,4.46767073779,2.0,6.0,0.011011011011,0,-0.0686233657058,-0.326459165094,5,403
844,1,6.38865157287,1.0,7.0,0.012012012012,0,0.150228320743,0.937966610639,5,578
845,1,4.25506221792,0.0,8.0,0.011011011011,0,-0.495316825646,0.741012694859,5,672
846,1,9.02724147741,7.0,10.0,0.01001001001,0,0.699232449863,1.92954412783,5,962
847,1,8.88056483295,4.0,10.0,0.01001001001,0,0.619072412228,2.02334759626,5,904
848,1,6.48967010654,6.0,8.0,0.01001001001,0,0.190393047479,0.918490964097,5,795
849,1,7.31035557041,3.0,8.0,0.011011011011,0,-0.0264612985277,2.389739466,5,588
850,1,8.89336214065,8.0,9.0,0.01001001001,1,0.953130351706,1.03397108553,5,711
851,1,-0.672566615914,,2.0,0.011011011011,0,-1.48030512043,-1.23165125461,5,37
852,1,4.69699176198,4.0,10.0,0.012012012012,0,0.0152804528754,-0.348849596649,5,819
853,1,4.31568340451,0.0,5.0,0.011011011011,0,-0.434867842782,0.620286932857,5,228
854,1,7.32310746182,1.0,8.0,0.011011011011,0,1.01995391241,-0.736754275423,5,534
855,1,6.60994536309,6.0,9.0,0.01001001001,0,0.326972099892,0.629029063417,5,862
856,1,5.22819119867,4.0,6.0,0.01001001001,0,-0.314984165695,1.17314369575,5,392
857,1,5.28381893355,5.0,8.0,0.013013013013,0,-0.131149570548,0.6772676452,5,626
858,1,3.5024457083,2.0,11.0,0.012012012012,0,0.0771473338059,-1.72899629312,5,791
859,1,4.721475368,,5.0,0.01001001001,0,0.296841581646,-1.16904937694,5,242
860,1,1.58457457472,,3.0,0.01001001001,0,-1.67687629427,1.61520345754,5,150
861,1,8.4051732094,5.0,9.0,0.01001001001,0,1.29191779032,-0.470580161558,5,843
862,1,8.26161005439,8.0,9.0,0.01001001001,1,0.944437037908,0.428298940664,5,864
863,1,1.48621889836,,2.0,0.01001001001,0,-1.61112627518,1.31959772389,5,92
864,1,2.72679550167,2.0,13.0,0.013013013013,0,-1.14628872754,1.16566168429,5,928
865,1,2.08850597767,1.0,8.0,0.012012012012,0,-0.83340966785,-0.411265018784,5,673
866,1,2.08107339364,,3.0,0.00900900900901,0,-0.664338129415,-0.92591221811,5,384
867,1,8.09823862572,5.0,10.0,0.01001001001,0,0.371730016333,1.98304857672,5,725
868,1,2.18057507389,0.0,7.0,0.01001001001,0,-0.878605515719,-0.183608378954,5,361
869,1,9.01938298597,9.0,10.0,0.01001001001,1,1.45415103913,-0.343070131417,5,972
870,1,4.35629805967,3.0,12.0,0.012012012012,0,0.320975493142,-1.60662841976,5,826
871,1,7.6149309663,,9.0,0.01001001001,0,-0.154813693031,3.07937204539,5,664
872,1,-1.07209908613,,2.0,0.011011011011,0,-1.32300153872,-2.10309446998,5,6
873,1,5.07637891104,0.0,7.0,0.011011011011,0,0.107888327081,-0.247286070205,5,662
874,1,6.16656814427,5.0,8.0,0.01001001001,0,0.134993780419,0.761586803009,5,688
875,1,4.13216010229,,9.0,0.012012012012,0,0.166643377438,-1.36777003002,5,494
876,1,7.69239464088,2.0,9.0,0.01001001001,0,0.205989935515,2.07442483434,5,752
877,1,7.92905746187,6.0,10.0,0.01001001001,0,1.07530225716,-0.296849309616,5,875
878,1,1.50674073489,0.0,11.0,0.012012012012,0,-1.05803652609,-0.319149686841,5,931
879,1,0.753533072662,,6.0,0.011011011011,0,-1.09951855321,-0.947911267703,5,186
880,1,3.5218172797,,8.0,0.012012012012,0,-0.365035262527,-0.383076932719,5,683
881,1,4.46735149396,0.0,5.0,0.012012012012,0,0.0293190916213,-0.620605780906,5,151
882,1,8.51855265573,2.0,9.0,0.011011011011,0,1.01688047524,0.467911230005,5,880
883,1,9.89755929862,9.0,10.0,0.01001001001,1,2.09980444716,-1.40185404287,5,949
884,1,5.57474090335,0.0,9.0,0.012012012012,0,0.00528693569907,0.55888009625,5,608
885,1,2.72602096805,,7.0,0.011011011011,0,-0.135386841916,-1.86781850621,5,586
886,1,5.29847278032,4.0,6.0,0.01001001001,0,0.116114610506,-0.0498710512011,5,654
887,1,8.05188929945,6.0,9.0,0.01001001001,0,1.63911256288,-1.86544838919,5,747
888,1,4.68712416383,,5.0,0.01001001001,0,-0.553621670925,1.34798917661,5,386
889,0,11.2839856426,10.0,,0.01001001001,0,1.32221097619,2.31735271406,5,916
890,1,-0.477426787365,,10.0,0.01001001001,0,-1.48810168465,-1.01312173343,5,836
891,1,2.42257187738,2.0,8.0,0.011011011011,0,-0.3486687585,-1.53142184712,5,300
892,1,9.04709633122,9.0,10.0,0.01001001001,1,1.8311403585,-1.44632474428,5,973
893,1,1.91130257898,,6.0,0.01001001001,0,-0.729044714849,-0.901563276476,5,270
894,1,2.74803059618,,8.0,0.01001001001,0,-0.219298747852,-1.59407316027,5,409
895,1,-0.881178042716,,9.0,0.01001001001,0,-1.90872089437,-0.155015359611,5,611
896,1,9.9710829902,8.0,10.0,0.013013013013,0,1.61879831598,0.114688042259,5,950
897,1,11.6094879097,11.0,12.0,0.012012012012,1,2.21758469494,-0.0432661750694,5,969
898,1,7.5612825391,5.0,10.0,0.01001001001,0,1.43431414984,-1.74165991043,5,743
899,1,2.33709376763,2.0,9.0,0.01001001001,0,-0.980116125737,0.277442144837,5,967
900,1,4.2851785788,0.0,9.0,0.01001001001,0,-0.15580265259,-0.247413463433,5,888
901,1,-4.21496331425,,10.0,0.011011011011,0,-2.74422478883,-0.982288947753,5,820
902,1,5.3359910335,1.0,6.0,0.011011011011,0,-0.527833894689,1.91949271756,5,397
903,0,10.1715242985,10.0,,0.01001001001,0,1.64231713381,0.244572897068,5,600
904,1,-3.18935569532,,1.0,0.01001001001,0,-2.32669172105,-1.20928053217,5,27
905,1,2.25424238368,2.0,7.0,0.01001001001,0,-0.11048083648,-2.41431510688,5,435
906,1,5.15875872347,5.0,9.0,0.011011011011,0,-0.333640706727,1.15968084365,5,788
907,0,14.2831552298,10.0,,0.011011011011,0,1.86683265179,3.68265727446,5,49
908,1,2.34014560993,,9.0,0.01001001001,0,-0.0237290913467,-2.58866711603,5,906
909,1,8.46801190152,8.0,9.0,0.01001001001,1,1.42138186218,-0.79613368503,5,622
910,1,0.679366781245,,3.0,0.01001001001,0,-1.31766598,-0.36763527876,5,164
911,0,10.2937345074,10.0,,0.01001001001,0,2.13538865657,-1.11243146232,5,487
912,1,7.94378747084,6.0,10.0,0.012012012012,0,1.38225510685,-1.20297784973,5,677
913,1,0.344713277931,,9.0,0.01001001001,0,-1.58435385116,0.0977748314079,5,955
914,0,10.1842034657,10.0,,0.01001001001,0,1.21296200731,1.54531744379,5,877
915,1,0.577425721708,0.0,2.0,0.01001001001,0,-0.722831704264,-2.2540791655,5,57
916,1,3.42666893382,,6.0,0.01001001001,0,-0.898948753402,1.12351519403,5,323
917,1,3.75051364806,,7.0,0.01001001001,0,-0.582257022382,0.497284715206,5,422
918,1,1.49185657038,,7.0,0.01001001001,0,-1.86827529936,2.09668246845,5,735
919,1,5.00661958642,3.0,8.0,0.01001001001,0,-0.115492350386,0.353096637579,5,619
920,1,7.35452441787,5.0,11.0,0.011011011011,0,0.257298214606,1.58262977405,5,813
921,1,3.97775870633,1.0,9.0,0.011011011011,0,-0.755082078717,1.24300494248,5,719
922,1,7.26817658682,7.0,8.0,0.01001001001,1,0.383175752832,1.11864932832,5,525
923,1,9.98830741913,7.0,10.0,0.01001001001,0,1.47160456993,0.573493709333,5,805
924,1,1.37961674508,0.0,2.0,0.011011011011,0,-1.0310453972,-0.527247063308,5,239
925,1,4.26887162597,,9.0,0.01001001001,0,0.236063224837,-1.43931804854,5,753
926,1,1.10048406958,0.0,2.0,0.01001001001,0,-1.60117097992,0.903997009339,5,108
927,1,8.09621486476,8.0,9.0,0.01001001001,1,1.00371833771,0.0850598516233,5,829
928,1,0.566170166238,,10.0,0.01001001001,0,-1.30122739284,-0.530147655254,5,901
929,1,-1.40844546415,,0.0,0.01001001001,1,-1.47002194599,-1.99837962617,5,35
930,1,3.03659034053,0.0,5.0,0.01001001001,0,-0.977843123428,0.970119710811,5,324
931,1,4.78114992181,1.0,5.0,0.01001001001,0,-0.0985189295688,0.0767067105171,5,303
932,1,9.20468815705,2.0,11.0,0.012012012012,0,1.28664813941,0.344743738816,5,781
933,1,5.7691421472,1.0,10.0,0.01001001001,0,-0.332431210949,1.76643578004,5,934
934,1,9.81002636954,9.0,10.0,0.01001001001,1,1.55366978323,0.149017019834,5,963
935,1,1.77153845356,,3.0,0.01001001001,0,-0.0143019625894,-3.18555565867,5,363
936,1,0.163318492507,0.0,5.0,0.01001001001,0,-1.26199814794,-1.05068706367,5,518
937,1,7.74787251462,5.0,8.0,0.011011011011,0,1.84203179129,-2.77822285926,5,520
938,1,8.0934581668,,10.0,0.01001001001,0,0.699668318948,0.994453209952,5,946
939,1,1.93205730139,,7.0,0.01001001001,0,-1.33777524138,0.945383025522,5,554
940,1,8.42595210097,2.0,10.0,0.01001001001,0,0.543282894625,1.7961034171,5,966
941,1,5.52798333658,3.0,7.0,0.01001001001,0,0.587690897137,-1.23508935483,5,739
942,0,13.9411002915,9.0,,0.01001001001,0,2.55869775589,1.26500702379,5,723
943,1,0.729215073727,0.0,3.0,0.01001001001,0,-0.732661387564,-2.07280076358,5,623
944,1,5.50520153269,0.0,6.0,0.01001001001,0,-0.627598625289,2.38799740856,5,441
945,1,2.19466735614,,4.0,0.01001001001,0,-0.424017077663,-1.53328141087,5,248
946,1,2.89368649028,2.0,5.0,0.01001001001,0,-1.08168683648,1.13874699972,5,499
947,0,10.2290577409,10.0,,0.01001001001,0,0.640040956003,3.30893487291,5,809
948,1,3.4329428414,0.0,6.0,0.01001001001,0,-0.267144283235,-0.765624308897,5,696
949,0,10.719027313,10.0,,0.01001001001,0,1.74529623406,0.483138610854,5,759
950,1,3.52584903731,3.0,7.0,0.01001001001,0,-0.393621422661,-0.293286694704,5,391
951,1,2.60016564678,2.0,9.0,0.01001001001,0,-1.34342478417,1.6304399993,5,635
952,1,7.43218589392,6.0,9.0,0.01001001001,0,0.429995299056,1.14219999675,5,932
953,1,1.35573186038,1.0,6.0,0.01001001001,0,-0.694702785774,-1.5601597823,5,668
954,1,2.71932925178,0.0,9.0,0.01001001001,0,-0.0858493680796,-2.02312264398,5,887
955,1,5.81500811473,,7.0,0.01001001001,0,0.876067548011,-1.8131945293,5,404
956,1,4.36329746663,4.0,6.0,0.01001001001,0,0.38690553827,-1.79741914818,5,584
957,0,10.6512829226,10.0,,0.01001001001,0,1.72443766944,0.477969914323,5,222
958,1,8.90661192903,7.0,10.0,0.01001001001,0,1.12055212698,0.54495554808,5,933
959,0,11.0955509733,10.0,,0.01001001001,0,1.0084759044,3.0701232601,5,716
960,1,5.17093245982,,6.0,0.01001001001,0,-0.435764892173,1.47822713633,5,476
961,1,4.6114717182,3.0,7.0,0.01001001001,0,0.603339012905,-2.19854532051,5,741
962,1,6.13718737371,5.0,10.0,0.01001001001,0,-0.180075624088,1.67741424597,5,953
963,1,4.4839741093,4.0,6.0,0.01001001001,0,-0.0454227436149,-0.379757659852,5,408
964,1,3.48282484331,2.0,7.0,0.011011011011,0,-0.594787521944,0.26718740914,5,443
965,1,2.93098043716,1.0,3.0,0.011011011011,0,-0.101186626389,-1.76545968367,5,210
966,1,1.50807371256,1.0,4.0,0.01001001001,0,-0.845760440236,-0.954644966736,5,330
967,1,9.87130330617,9.0,10.0,0.01001001001,1,1.4307267368,0.579123095781,5,902
968,1,5.99982521259,5.0,6.0,0.011011011011,1,0.0590302164452,0.822734563256,5,577
969,1,4.60292638125,0.0,5.0,0.01001001001,0,0.355682551088,-1.46412127202,5,290
970,1,7.11498142237,0.0,8.0,0.01001001001,0,1.20839872805,-1.51021476179,5,706
971,0,11.02460777,9.0,,0.011011011011,0,0.897530936986,3.332014959,5,737
972,1,0.058550361251,0.0,1.0,0.01001001001,1,-1.73912057979,0.275912100632,5,149
973,1,7.15092239189,7.0,10.0,0.01001001001,0,0.806140435056,-0.267498913273,5,812
974,1,1.25908400648,,3.0,0.01001001001,0,-1.1516227562,-0.286047724917,5,273
975,1,1.81401704159,,8.0,0.01001001001,0,-1.88004027874,2.45413787781,5,783
976,1,5.04149858512,5.0,7.0,0.01001001001,0,0.181281620062,-0.502346275067,5,631
977,1,-2.26840667077,,0.0,0.01001001001,1,-2.56877841597,0.437928577142,5,16
978,1,3.47290840226,1.0,10.0,0.01001001001,0,-0.010168269158,-1.49658679027,5,614
979,1,5.64488071148,0.0,6.0,0.01001001001,0,-0.351883193242,1.7005302912,5,328
980,1,2.96687400374,,6.0,0.01001001001,0,-0.962229714656,0.853563147709,5,294
981,1,8.3268909409,3.0,9.0,0.01001001001,0,0.616915787616,1.47614357805,5,859
982,1,7.09094986649,7.0,9.0,0.01001001001,0,1.20689595155,-1.52973798817,5,923
983,0,10.5643524771,9.0,,0.01001001001,0,2.20981939087,-1.06510569554,5,680
984,1,0.121691920341,0.0,4.0,0.01001001001,0,-1.55203194193,-0.222212253858,5,302
985,1,0.570451819224,0.0,3.0,0.01001001001,0,-0.965271886687,-1.53373252072,5,159
986,1,4.48524255968,0.0,5.0,0.01001001001,0,0.219349747325,-1.17280668229,5,174
987,1,1.24451175129,0.0,7.0,0.01001001001,0,-0.696877088912,-1.66485698198,5,484
988,1,1.32683157506,0.0,8.0,0.01001001001,0,-1.252499632,0.0843304710765,5,838
989,1,0.302515933709,,3.0,0.01001001001,0,-0.741879534246,-2.47184546355,5,365
990,1,7.02495638409,3.0,9.0,0.01001001001,0,0.645566051155,0.0882582306221,5,738
991,1,5.34531511452,2.0,7.0,0.01001001001,0,0.359754763188,-0.733949175045,5,558
992,1,4.76940923175,4.0,8.0,0.01001001001,0,-0.364036826131,0.861519710143,5,773
993,1,-0.194500364316,,2.0,0.01001001001,0,-1.36289311907,-1.10582100709,5,257
994,1,2.37927527041,,10.0,0.01001001001,0,-0.859418716552,-0.0424685799378,5,894
995,1,8.52598747708,8.0,10.0,0.01001001001,0,0.594100134832,1.74368707258,5,883
996,1,3.76900722698,3.0,4.0,0.01001001001,1,-0.108809691506,-0.904563698504,5,495
997,1,8.49736407549,7.0,10.0,0.01001001001,0,1.37800797432,-0.636659847466,5,914
998,1,9.05668334923,9.0,10.0,0.01001001001,1,1.27927607619,0.21885512066,5,952
999,1,7.61822460067,1.0,9.0,0.01001001001,0,1.59139034368,-2.15594643037,5,808
