name,activated,threshold,before_activation_alters,after_activation_alters,degree,observed,var1,epsilon,constant,activation_order
0,1,2.32014786313,1.0,4.0,0.015015015015,0,-0.720850911101,-0.517299403568,5,243
1,1,5.30253383232,2.0,7.0,0.015015015015,0,-0.445533565448,1.63913452866,5,285
2,1,8.34430060486,8.0,9.0,0.015015015015,1,0.0878326813898,3.0808025607,5,310
3,1,3.92081922713,1.0,10.0,0.016016016016,0,-0.555479792679,0.587258605163,5,358
4,1,2.52077256658,1.0,3.0,0.016016016016,0,-0.108382263107,-2.1540806441,5,227
5,1,3.09440479831,1.0,4.0,0.016016016016,0,-1.68913339056,3.16180497,5,236
6,1,2.00570403483,,7.0,0.015015015015,0,-0.344707612076,-1.96017312894,5,254
7,1,-0.94173706038,,0.0,0.015015015015,1,-1.31834716406,-1.98669556819,5,31
8,1,-0.727508729006,,3.0,0.014014014014,0,-1.25797485503,-1.9535841639,5,180
9,1,3.69133705257,,4.0,0.017017017017,0,-0.913118923839,1.43069382408,5,152
10,1,9.79677036717,7.0,10.0,0.014014014014,0,2.02664547894,-1.28316606964,5,433
11,1,7.62271688005,3.0,9.0,0.018018018018,0,0.237444817913,1.91038242631,5,372
12,1,6.30592685213,2.0,9.0,0.016016016016,0,0.775695831852,-1.02116064342,5,384
13,1,5.75392602073,,7.0,0.016016016016,0,-0.601613556467,2.55876669013,5,270
14,1,6.18738138086,4.0,13.0,0.016016016016,0,0.0168366388719,1.13687146424,5,526
15,1,1.89158098339,,2.0,0.014014014014,0,-0.920598527488,-0.346623434146,5,73
16,1,5.7482916207,2.0,10.0,0.016016016016,0,-0.326984667223,1.72924562237,5,523
17,1,-2.61711195903,,0.0,0.014014014014,1,-1.82493105735,-2.14231878697,5,14
18,1,7.33560721686,3.0,13.0,0.016016016016,0,0.572412522958,0.618369647988,5,539
19,1,2.87857023136,2.0,5.0,0.015015015015,0,-1.03974438577,0.997803388667,5,462
20,1,6.56472671346,6.0,15.0,0.018018018018,0,0.294357303028,0.68165480438,5,661
21,1,1.67118437925,1.0,9.0,0.014014014014,0,-1.09225325017,-0.0520558702517,5,588
22,1,3.94893955043,3.0,4.0,0.015015015015,1,0.1078694625,-1.37466883707,5,485
23,1,4.8614523403,4.0,5.0,0.015015015015,1,0.598142674073,-1.93297568192,5,529
24,1,3.98697159079,3.0,8.0,0.018018018018,0,0.149344148023,-1.46106085328,5,546
25,1,2.90857147254,1.0,8.0,0.015015015015,0,-0.115250149456,-1.74567807909,5,597
26,1,0.949836784556,0.0,2.0,0.016016016016,0,0.63184089626,-5.94568590422,5,265
27,1,4.26332039799,3.0,12.0,0.015015015015,0,-0.142283185901,-0.309830044306,5,682
28,1,1.52943056905,1.0,17.0,0.017017017017,0,-1.6605616958,1.51111565643,5,826
29,1,6.37804807582,3.0,13.0,0.014014014014,0,1.36300826657,-2.7109767239,5,791
30,1,8.50153669151,5.0,11.0,0.019019019019,0,0.786463746822,1.14214545104,5,660
31,1,8.76100903656,1.0,11.0,0.014014014014,0,1.00630917235,0.742081519512,5,709
32,1,6.15218822136,5.0,9.0,0.016016016016,0,0.771273515843,-1.16163232617,5,624
33,1,2.47500765241,1.0,3.0,0.015015015015,0,-0.131581746069,-2.13024710938,5,300
34,1,0.682019781902,0.0,1.0,0.016016016016,1,-1.30389849269,-0.406284740029,5,256
35,1,5.45707216465,4.0,9.0,0.016016016016,0,0.807910618336,-1.96665969036,5,664
36,1,-0.893074382212,,1.0,0.016016016016,0,-1.50495608972,-1.37820611306,5,93
37,1,5.77477543617,5.0,12.0,0.017017017017,0,-0.232042431168,1.47090272967,5,667
38,1,7.23569310484,5.0,15.0,0.015015015015,0,0.0973036892377,1.94378203713,5,751
39,1,5.31309050325,3.0,7.0,0.016016016016,0,0.863787678993,-2.27827253373,5,620
40,1,5.8601044638,1.0,6.0,0.017017017017,0,-0.540421230257,2.48136815457,5,441
41,1,5.47400361364,1.0,6.0,0.016016016016,0,-0.356535478165,1.54361004813,5,579
42,1,1.34783049954,0.0,6.0,0.015015015015,0,-1.28653934402,0.207448531606,5,590
43,1,5.28587605823,2.0,8.0,0.016016016016,0,-0.954118805196,3.14823247382,5,592
44,1,2.48820783792,1.0,13.0,0.017017017017,0,-0.643745672568,-0.580555144378,5,675
45,1,4.45234134375,4.0,15.0,0.015015015015,0,-0.530083964104,1.04259323606,5,957
46,1,4.50669939306,0.0,12.0,0.016016016016,0,-0.643467778711,1.43710272919,5,643
47,1,4.87141194732,2.0,11.0,0.015015015015,0,0.390584398593,-1.30034124846,5,636
48,1,0.988633346618,0.0,1.0,0.016016016016,1,-1.48793572768,0.452440529653,5,405
49,1,1.29955685968,0.0,8.0,0.016016016016,0,-0.917502211782,-0.947936504969,5,583
50,1,0.829517700317,0.0,3.0,0.016016016016,0,-0.768015963597,-1.86643440889,5,528
51,1,1.55516792865,1.0,3.0,0.017017017017,0,-0.545252832267,-1.80907357455,5,484
52,1,8.80933999702,1.0,14.0,0.017017017017,0,1.08119800131,0.565745993089,5,720
53,1,3.20410610585,0.0,6.0,0.016016016016,0,0.0823642007568,-2.04298649643,5,568
54,1,3.90439806209,3.0,4.0,0.016016016016,1,-0.204524634636,-0.482028033997,5,324
55,1,6.34227239801,4.0,7.0,0.015015015015,0,0.367025638031,0.241195483918,5,563
56,1,7.57937165991,5.0,14.0,0.017017017017,0,-0.488825029658,4.04584674888,5,719
57,1,8.36509626897,5.0,9.0,0.014014014014,0,-0.51802715553,4.91917773556,5,647
58,1,6.35296369243,5.0,10.0,0.014014014014,0,0.436347685155,0.043920636964,5,680
59,1,8.50042515522,3.0,13.0,0.017017017017,0,0.976654955974,0.570460287293,5,714
60,1,2.86769659112,1.0,3.0,0.016016016016,0,-0.254831299271,-1.36780951107,5,257
61,1,7.58786957924,7.0,10.0,0.016016016016,0,0.215583491932,1.94111910344,5,626
62,1,1.75130236966,0.0,2.0,0.014014014014,0,0.183121237198,-3.79806134193,5,181
63,1,-2.18913368712,,0.0,0.016016016016,1,-1.52915013663,-2.60168327724,5,37
64,1,12.1056051054,4.0,15.0,0.016016016016,0,1.73133283596,1.91160659754,5,765
65,1,11.5953686088,10.0,13.0,0.018018018018,0,2.03376531269,0.494072670741,5,645
66,1,2.5978485876,2.0,3.0,0.014014014014,1,-0.354836460894,-1.33764202971,5,229
67,1,5.27257872174,1.0,9.0,0.016016016016,0,0.318883771739,-0.684072593471,5,510
68,1,2.45121666355,2.0,13.0,0.014014014014,0,-0.985151076864,0.406669894138,5,668
69,1,7.94904328584,7.0,10.0,0.015015015015,0,0.506481415235,1.42959904014,5,586
70,1,1.946406547,1.0,3.0,0.015015015015,0,-0.410052208181,-1.82343682846,5,477
71,1,2.90061025867,2.0,4.0,0.017017017017,0,-0.452481681087,-0.741944698069,5,283
72,1,4.80869592116,4.0,6.0,0.017017017017,0,-0.103428525904,0.118981498876,5,479
73,1,7.96632172138,7.0,9.0,0.016016016016,0,0.158598384065,2.49052656918,5,552
74,1,6.17907815951,5.0,7.0,0.015015015015,0,0.41496041455,-0.0658030841405,5,480
75,1,7.53471276258,6.0,10.0,0.014014014014,0,0.49274633007,1.05647377237,5,601
76,1,5.51109590783,4.0,7.0,0.016016016016,0,-0.0648989116308,0.70579264272,5,544
77,1,7.13392402344,4.0,9.0,0.015015015015,0,1.1187285309,-1.22226156926,5,572
78,1,12.2852909833,9.0,13.0,0.016016016016,0,1.02868660785,4.19923115973,5,773
79,1,2.5375778832,2.0,3.0,0.018018018018,1,-1.25159489863,1.29236257909,5,124
80,1,-0.79943210595,,2.0,0.015015015015,0,-2.30386932771,1.11217587718,5,161
81,1,-2.63140348971,,0.0,0.016016016016,1,-1.93259924813,-1.83360574533,5,46
82,1,5.75797428837,4.0,8.0,0.017017017017,0,1.14082640795,-2.66450493548,5,610
83,1,6.75804212583,5.0,12.0,0.019019019019,0,0.0655137721058,1.56150080952,5,811
84,1,3.3589435346,3.0,10.0,0.013013013013,0,-0.149193128896,-1.19347707871,5,862
85,1,4.77170057546,3.0,6.0,0.014014014014,0,0.059270552653,-0.406111082498,5,648
86,1,3.04950520281,3.0,8.0,0.016016016016,0,-0.513340857825,-0.410472223717,5,821
87,1,4.71115403377,3.0,5.0,0.016016016016,0,0.389060933653,-1.45602876719,5,639
88,1,4.13174848804,2.0,9.0,0.016016016016,0,0.329933371143,-1.85805162538,5,849
89,1,7.77538917295,5.0,11.0,0.017017017017,0,1.09966947879,-0.523619263414,5,878
90,1,6.33285474466,3.0,7.0,0.016016016016,0,0.267794272735,0.52947192646,5,860
91,1,7.15513116915,2.0,17.0,0.017017017017,0,1.25973759433,-1.62408161383,5,938
92,1,5.3595660695,4.0,14.0,0.018018018018,0,-0.189903791769,0.929277444803,5,884
93,1,4.03840298148,3.0,15.0,0.016016016016,0,-0.318794478753,-0.00521358226307,5,925
94,1,4.92536873072,3.0,11.0,0.016016016016,0,0.101985147593,-0.380586712054,5,882
95,1,3.63459661755,3.0,4.0,0.018018018018,1,-0.6481649794,0.579091555744,5,848
96,1,5.70767478069,5.0,11.0,0.016016016016,0,-0.361818132906,1.7931291794,5,912
97,1,7.98151004331,5.0,13.0,0.018018018018,0,0.772085999935,0.665252043506,5,918
98,1,8.90463486498,5.0,9.0,0.016016016016,0,0.736105856508,1.69631729546,5,888
99,1,-0.216776212154,,1.0,0.016016016016,0,-1.91177454413,0.518547420222,5,63
100,1,6.52810167167,5.0,7.0,0.019019019019,0,0.89337028678,-1.15200918866,5,793
101,1,3.9841223426,2.0,5.0,0.017017017017,0,-0.870326694603,1.59510242641,5,867
102,1,6.22252446845,6.0,7.0,0.015015015015,1,0.226758325052,0.542249493297,5,881
103,1,2.51419771926,2.0,3.0,0.016016016016,1,0.245695642964,-3.22288920963,5,692
104,1,5.95471043042,3.0,11.0,0.016016016016,0,0.867119229695,-1.64664725866,5,947
105,1,5.70023068173,3.0,14.0,0.016016016016,0,-0.0727789932771,0.918567661558,5,960
106,1,6.77702596444,3.0,8.0,0.017017017017,0,0.368602166505,0.671219464928,5,932
107,1,3.86680896783,1.0,5.0,0.016016016016,0,0.307335575595,-2.05519775895,5,922
108,1,9.19039450597,9.0,11.0,0.017017017017,0,1.11768837642,0.837329376714,5,948
109,1,9.36407451695,9.0,13.0,0.013013013013,0,0.693274056484,2.2842523475,5,998
110,1,3.90302198636,1.0,4.0,0.016016016016,0,-0.398492566393,0.0984996855346,5,944
111,1,5.02309788583,5.0,6.0,0.016016016016,1,-1.08181191789,3.2685336395,5,958
112,1,5.15829651749,5.0,12.0,0.016016016016,0,0.711892023979,-1.97737955445,5,991
113,1,3.8159455221,0.0,9.0,0.016016016016,0,-0.352584392543,-0.126301300273,5,977
114,1,6.91175892674,6.0,10.0,0.016016016016,0,0.748964884141,-0.335135725683,5,983
115,1,9.35436713958,9.0,13.0,0.018018018018,0,0.215095399555,3.70908094092,5,990
116,1,13.6220418596,11.0,15.0,0.016016016016,0,1.89720984488,2.93041232499,5,996
117,1,8.00634308458,5.0,15.0,0.018018018018,0,0.408790555776,1.77997141725,5,992
118,1,7.43025806074,3.0,8.0,0.015015015015,0,0.717925722397,0.27648089355,5,970
119,1,4.67514018528,2.0,9.0,0.015015015015,0,-0.670544351444,1.68677323962,5,981
120,1,6.8456466969,3.0,16.0,0.017017017017,0,1.07734036736,-1.38637440518,5,994
121,1,4.87854267942,1.0,7.0,0.015015015015,0,-0.0300751393908,-0.0312319024056,5,965
122,1,1.90537344456,0.0,6.0,0.016016016016,0,-1.60494284854,1.72020199017,5,964
123,1,6.45820500438,3.0,12.0,0.016016016016,0,0.577323678927,-0.273766032404,5,982
124,1,10.1744344651,9.0,12.0,0.016016016016,0,1.49476003749,0.6901543526,5,973
125,1,7.50195019152,6.0,8.0,0.016016016016,0,0.134993299086,2.09697029426,5,952
126,1,4.65095493409,3.0,6.0,0.016016016016,0,0.635169535522,-2.25455367247,5,905
127,1,5.72505149234,2.0,6.0,0.015015015015,0,0.419498437216,-0.533443819304,5,847
128,1,3.91828449418,2.0,10.0,0.015015015015,0,-0.353425352642,-0.0214394478918,5,940
129,1,5.78956028281,3.0,6.0,0.015015015015,0,-0.0858403551305,1.0470813482,5,831
130,1,6.33402222059,5.0,8.0,0.018018018018,0,-0.117852087943,1.68757848442,5,817
131,1,-3.0414218953,,0.0,0.018018018018,1,-1.86118547527,-2.4578654695,5,28
132,1,7.99189202839,7.0,10.0,0.014014014014,0,0.2254797677,2.31545272529,5,906
133,1,5.21276645214,4.0,6.0,0.017017017017,0,-0.222492653829,0.88024441363,5,748
134,1,2.1879117276,2.0,4.0,0.015015015015,0,-1.09139892269,0.462108495675,5,671
135,1,12.1034052063,12.0,14.0,0.015015015015,0,1.77677382457,1.77308373262,5,936
136,1,4.34580779163,1.0,5.0,0.015015015015,0,-0.473107247583,0.765129534381,5,693
137,1,8.62747472175,8.0,9.0,0.014014014014,1,1.02642414828,0.548202276922,5,795
138,1,3.07676174647,2.0,4.0,0.015015015015,0,-0.684134469793,0.129165155846,5,641
139,1,6.68299834639,1.0,16.0,0.017017017017,0,0.692352550728,-0.394059305792,5,914
140,1,4.92521806566,4.0,6.0,0.017017017017,0,-0.670914392575,1.93796124339,5,642
141,1,5.80593281637,0.0,12.0,0.014014014014,0,-0.743022132515,3.03499921392,5,810
142,1,5.58596347754,1.0,14.0,0.018018018018,0,-0.354262286779,1.64875033787,5,771
143,1,3.66802610424,2.0,4.0,0.018018018018,0,-1.06061335716,1.8498661757,5,566
144,1,5.16052021307,4.0,12.0,0.015015015015,0,0.761723558516,-2.12465046247,5,753
145,1,6.78250645792,6.0,8.0,0.017017017017,0,0.147348633489,1.34046055745,5,697
146,1,1.94662090192,1.0,3.0,0.017017017017,0,-1.51133497133,1.48062581589,5,415
147,1,3.27112134062,0.0,4.0,0.016016016016,0,-0.438543748466,-0.413247413981,5,527
148,1,10.1908878642,9.0,11.0,0.016016016016,0,0.823438838345,2.72057134917,5,727
149,1,5.09342467607,1.0,6.0,0.016016016016,0,-0.818256358122,2.54819375043,5,432
150,1,4.38092621728,4.0,8.0,0.015015015015,0,-0.897121123908,2.072289589,5,694
151,1,9.48959443686,7.0,14.0,0.016016016016,0,0.52253451384,2.92199089534,5,729
152,1,11.2783394723,10.0,12.0,0.016016016016,0,2.7270963118,-1.90294946314,5,700
153,1,6.28365333839,6.0,15.0,0.015015015015,0,0.837140772858,-1.22776898019,5,899
154,1,4.07186878375,,5.0,0.017017017017,0,-0.999586198315,2.07062737869,5,360
155,1,-4.26518217389,,4.0,0.016016016016,0,-3.03433016308,-0.162191684636,5,354
156,1,3.29684502407,0.0,6.0,0.015015015015,0,-0.787456226382,0.659213703214,5,387
157,1,3.45182568017,1.0,9.0,0.016016016016,0,0.23048679662,-2.23963470969,5,491
158,1,8.20681024073,2.0,9.0,0.015015015015,0,0.440084833842,1.8865557392,5,404
159,1,4.43023524152,3.0,6.0,0.015015015015,0,0.125559778618,-0.946444094329,5,299
160,1,0.726266993191,,1.0,0.016016016016,0,-1.17926854876,-0.73592736052,5,75
161,1,8.70398622659,8.0,13.0,0.015015015015,0,1.1173993007,0.351788324489,5,502
162,1,1.74101853304,1.0,2.0,0.016016016016,1,0.411764257262,-4.49427423874,5,218
163,1,5.49902734356,5.0,6.0,0.015015015015,1,0.386233842678,-0.659674184477,5,287
164,1,6.00720464154,1.0,7.0,0.017017017017,0,0.367278939716,-0.094632177612,5,304
165,1,1.73556640467,,5.0,0.015015015015,0,-1.23802617719,0.449644936246,5,248
166,1,-0.107317524607,,0.0,0.015015015015,1,-0.267773647372,-4.30399658249,5,41
167,1,8.0964433804,,12.0,0.013013013013,0,0.839049643907,0.579294448677,5,705
168,1,4.61968929096,4.0,5.0,0.018018018018,1,0.0589208853715,-0.557073365155,5,220
169,1,8.07242595226,1.0,11.0,0.016016016016,0,0.863643893877,0.481494270626,5,426
170,1,0.558419819842,0.0,1.0,0.019019019019,1,-1.81941049977,1.01665131915,5,120
171,1,10.0519190772,10.0,13.0,0.014014014014,0,0.438639113083,3.73600173798,5,699
172,1,7.79553042591,5.0,13.0,0.016016016016,0,1.02530030518,-0.280370489634,5,691
173,1,3.06413499643,2.0,6.0,0.016016016016,0,-0.310097551044,-1.00557235043,5,325
174,1,7.35667922955,3.0,8.0,0.016016016016,0,1.01668065467,-0.693362734446,5,414
175,1,6.44029507534,3.0,7.0,0.017017017017,0,0.218153870202,0.785833464731,5,347
176,1,3.65484232975,3.0,4.0,0.017017017017,1,0.32733368848,-2.32715873569,5,279
177,1,6.66469664534,6.0,12.0,0.017017017017,0,0.416766939591,0.414395826563,5,686
178,1,4.12086686222,4.0,6.0,0.015015015015,0,-0.567496478411,0.82335629745,5,298
179,1,1.20020050221,0.0,2.0,0.016016016016,0,-0.995965939368,-0.811901679689,5,88
180,1,7.6727582458,2.0,13.0,0.015015015015,0,0.15110355105,2.21944759265,5,801
181,1,8.94897022786,3.0,11.0,0.014014014014,0,1.80045515512,-1.4523952375,5,706
182,1,6.6637104273,6.0,8.0,0.017017017017,0,-0.255772036494,2.43102653678,5,574
183,1,8.91390052539,8.0,9.0,0.017017017017,1,1.29275106599,0.0356473274286,5,609
184,1,2.40255907915,2.0,3.0,0.015015015015,1,-0.474970313351,-1.1725299808,5,286
185,1,-2.32179309299,,0.0,0.016016016016,1,-1.77867934678,-1.98575505265,5,38
186,1,-0.0759006139404,,0.0,0.015015015015,1,-2.1218587667,1.28967568616,5,83
187,1,4.22152083624,3.0,11.0,0.017017017017,0,0.710785203036,-2.91083477287,5,721
188,1,8.12625817037,7.0,15.0,0.016016016016,0,0.0392096264566,3.008629291,5,908
189,1,3.82554974448,2.0,4.0,0.015015015015,0,-1.17565354114,2.35251036789,5,646
190,1,9.16136205955,4.0,16.0,0.016016016016,0,0.901232404254,1.45766484679,5,926
191,1,8.47358751653,6.0,13.0,0.016016016016,0,0.0878828997992,3.20993881713,5,834
192,1,1.05604769632,0.0,3.0,0.014014014014,0,-1.23317585357,-0.244424742974,5,676
193,1,7.83130626051,4.0,10.0,0.015015015015,0,0.335508136875,1.82478184988,5,783
194,1,7.82030290112,3.0,13.0,0.017017017017,0,1.07447670073,-0.403127201086,5,781
195,1,5.91289225226,5.0,6.0,0.016016016016,1,0.4301438007,-0.377539149837,5,702
196,1,3.76193431777,1.0,8.0,0.016016016016,0,-0.178165531279,-0.703569088393,5,734
197,1,5.19049070675,3.0,12.0,0.015015015015,0,-0.471063458625,1.60368108262,5,797
198,1,4.79300935479,3.0,6.0,0.013013013013,0,0.532255856521,-1.80375821478,5,726
199,1,7.42442254042,2.0,17.0,0.017017017017,0,0.894031166695,-0.257670959667,5,877
200,1,9.05770627204,3.0,11.0,0.018018018018,0,0.42071693325,2.79555547229,5,754
201,1,7.46701373041,0.0,12.0,0.017017017017,0,0.300280917855,1.56617097685,5,763
202,1,1.10822313631,1.0,2.0,0.015015015015,1,-0.564718714882,-2.19762071905,5,533
203,1,-1.67902930092,,0.0,0.016016016016,1,-2.19759744531,-0.0862369650057,5,114
204,1,6.73803249676,6.0,8.0,0.016016016016,0,-0.114114810864,2.08037692935,5,710
205,1,1.96818603061,1.0,2.0,0.017017017017,1,-0.0831819442012,-2.78226813679,5,416
206,1,5.38605899303,3.0,11.0,0.017017017017,0,-0.190436280802,0.957367835432,5,663
207,1,6.53294621288,1.0,8.0,0.016016016016,0,0.247471726998,0.790531031886,5,595
208,1,5.80807123805,2.0,15.0,0.015015015015,0,-0.509222080988,2.33573748101,5,815
209,1,5.56759425078,1.0,6.0,0.014014014014,0,1.34415980053,-3.4648851508,5,580
210,1,9.5238331102,2.0,13.0,0.015015015015,0,1.32618338006,0.545282970018,5,772
211,1,3.90284711396,3.0,5.0,0.017017017017,0,-0.644395634453,0.836034017318,5,519
212,1,6.76341630142,3.0,11.0,0.017017017017,0,-0.229029881649,2.45050594637,5,651
213,1,4.2801237412,2.0,6.0,0.016016016016,0,-0.00231753858148,-0.712923643051,5,536
214,1,3.59789641966,2.0,5.0,0.018018018018,0,-0.0931032490395,-1.12279383322,5,516
215,1,6.0330726791,4.0,7.0,0.016016016016,0,0.484531163395,-0.420520811081,5,525
216,1,9.86193717363,8.0,11.0,0.016016016016,0,0.968457952226,1.95656331695,5,635
217,1,0.962279936547,0.0,16.0,0.016016016016,0,-0.599485969331,-2.23926215546,5,836
218,1,9.1441165955,7.0,11.0,0.016016016016,0,1.61254729289,-0.693525283166,5,575
219,1,4.37421855939,2.0,8.0,0.016016016016,0,0.378603532832,-1.76159203911,5,430
220,1,-0.441951699022,,0.0,0.017017017017,1,-0.965607680033,-2.54512865892,5,107
221,1,3.53148462102,,6.0,0.015015015015,0,0.302329273354,-2.37550319905,5,261
222,1,4.80822976885,0.0,8.0,0.016016016016,0,0.418308782367,-1.44669657825,5,339
223,1,1.55098027181,,5.0,0.016016016016,0,-0.932564405917,-0.651326510442,5,177
224,1,-2.76721116179,,7.0,0.015015015015,0,-1.55710513981,-3.09589574237,5,202
225,1,4.47619364927,4.0,5.0,0.016016016016,1,-0.0659480666834,-0.325962150684,5,194
226,1,7.57815771119,7.0,12.0,0.014014014014,0,1.42139239795,-1.68601948266,5,409
227,1,3.05171726093,2.0,4.0,0.016016016016,0,-0.477530732807,-0.515690540651,5,139
228,1,11.5517950865,9.0,14.0,0.015015015015,0,1.75082157739,1.29933035436,5,567
229,1,2.43267168552,,4.0,0.016016016016,0,-0.312045687432,-1.63119125218,5,123
230,1,1.86507116636,,3.0,0.016016016016,0,-1.17867256425,0.401088859111,5,87
231,1,-1.11617099771,,0.0,0.015015015015,1,-1.66122000913,-1.13251097033,5,32
232,1,7.07802432478,7.0,11.0,0.019019019019,0,1.28321648799,-1.77162513917,5,369
233,1,5.60514898801,0.0,10.0,0.017017017017,0,-0.509000940547,2.13215180965,5,391
234,1,9.20320762379,6.0,12.0,0.018018018018,0,0.0890997346506,3.93590841984,5,396
235,1,-0.0232841070912,,1.0,0.018018018018,0,-2.13805226619,1.39087269147,5,33
236,1,5.03839445615,5.0,15.0,0.016016016016,0,0.4043345424,-1.17460917105,5,787
237,1,-0.0819581459172,,2.0,0.016016016016,0,-0.268952199086,-4.27510154866,5,65
238,1,0.891433778179,0.0,4.0,0.016016016016,0,0.0528511790598,-4.267119759,5,182
239,1,2.18749041129,,3.0,0.014014014014,0,-0.545672826645,-1.17549110877,5,305
240,1,5.12709928542,4.0,8.0,0.016016016016,0,-0.524458066428,1.7004734847,5,504
241,1,8.3355899771,5.0,13.0,0.017017017017,0,0.853871535409,0.773975370875,5,687
242,1,6.12871186051,5.0,8.0,0.019019019019,0,0.741382371789,-1.09543525486,5,457
243,1,8.37771631453,6.0,9.0,0.017017017017,0,0.677329864654,1.34572672057,5,581
244,1,9.5000369644,9.0,16.0,0.016016016016,0,1.54393034685,-0.131754076154,5,808
245,1,9.52680840083,6.0,11.0,0.017017017017,0,1.91396712125,-1.21509296292,5,625
246,1,6.57326326908,4.0,10.0,0.017017017017,0,0.503610295378,0.0624323829492,5,584
247,1,8.49621967872,7.0,11.0,0.017017017017,0,0.600947336408,1.69337766949,5,659
248,1,5.75731703459,3.0,11.0,0.015015015015,0,0.0907398330162,0.485097535538,5,759
249,1,1.11319162364,,2.0,0.016016016016,0,-1.25577444966,-0.119485027373,5,104
250,1,-5.53624429094,,0.0,0.017017017017,1,-2.53014828245,-2.94579944358,5,10
251,1,5.88447721935,4.0,10.0,0.016016016016,0,0.820521818508,-1.57708823618,5,758
252,1,2.38856461588,0.0,3.0,0.015015015015,0,0.310693776334,-3.54351671312,5,545
253,1,2.51753881384,2.0,3.0,0.018018018018,1,-0.921253710474,0.281299945262,5,59
254,1,8.24376090342,7.0,12.0,0.016016016016,0,1.08475678069,-0.0105094386424,5,871
255,1,4.07868263234,4.0,8.0,0.014014014014,0,-0.232484237459,-0.223864655284,5,858
256,1,6.96342456811,5.0,9.0,0.018018018018,0,0.191189297207,1.38985667649,5,843
257,1,7.54318962623,7.0,9.0,0.013013013013,0,1.14887434265,-0.903433401723,5,934
258,1,3.29389483228,3.0,7.0,0.014014014014,0,0.0873201626194,-1.96806565558,5,879
259,1,2.90466989664,2.0,8.0,0.015015015015,0,0.289765944768,-2.96462793766,5,930
260,1,-1.01978537014,,0.0,0.015015015015,1,-0.844939341286,-3.48496734628,5,54
261,1,4.27357472426,4.0,5.0,0.018018018018,1,0.366150565221,-1.8248769714,5,856
262,1,11.1979187755,9.0,16.0,0.018018018018,0,0.835972016518,3.69000272595,5,978
263,1,8.52369298632,5.0,11.0,0.016016016016,0,0.998725862964,0.527515397429,5,946
264,1,10.9117539376,5.0,12.0,0.016016016016,0,1.57113787506,1.19834031236,5,971
265,1,7.38323760455,7.0,9.0,0.015015015015,0,0.319121199988,1.42587400459,5,956
266,1,8.28180508135,3.0,13.0,0.016016016016,0,0.117462376565,2.92941795165,5,975
267,1,8.96628573599,6.0,9.0,0.018018018018,0,1.91945792361,-1.79208803485,5,933
268,1,8.30163564583,3.0,15.0,0.015015015015,0,0.509461085148,1.77325239039,5,980
269,1,7.50560749108,7.0,8.0,0.015015015015,1,-0.136289682557,2.91447653875,5,955
270,1,8.56571174294,1.0,15.0,0.016016016016,0,1.66499159996,-1.42926305693,5,979
271,1,2.23970649032,2.0,3.0,0.017017017017,1,-1.04369814114,0.370800913743,5,770
272,1,8.79392212536,4.0,12.0,0.017017017017,0,1.32494170387,-0.180902986235,5,968
273,1,2.7966081466,2.0,3.0,0.013013013013,1,-0.944466049415,0.630006294847,5,870
274,1,8.92339034561,6.0,14.0,0.017017017017,0,1.91864869042,-1.83255572566,5,972
275,1,7.13546760397,0.0,8.0,0.014014014014,0,0.355146426262,1.07002832519,5,923
276,1,7.42076884936,4.0,10.0,0.015015015015,0,-0.00348385763164,2.43122042225,5,927
277,1,2.03135489693,1.0,10.0,0.014014014014,0,-0.220360627034,-2.30756322197,5,954
278,1,6.7976282416,4.0,7.0,0.02002002002,0,0.534006376446,0.195609112259,5,683
279,1,7.01724774115,5.0,9.0,0.015015015015,0,0.20943504867,1.38894259514,5,921
280,1,3.33878691138,3.0,7.0,0.015015015015,0,-0.787271250337,0.700600662392,5,887
281,1,3.60352914926,3.0,6.0,0.016016016016,0,0.365676070797,-2.49349906313,5,840
282,1,3.6092435078,2.0,4.0,0.015015015015,0,0.0465639743564,-1.53044841527,5,695
283,1,6.75896021722,2.0,7.0,0.015015015015,0,0.588481002812,-0.00648279121178,5,792
284,1,3.98962778132,1.0,13.0,0.016016016016,0,-0.547521985947,0.632193739161,5,924
285,1,-0.898621325419,,1.0,0.015015015015,0,-1.70775064958,-0.775369376679,5,431
286,1,1.2807354737,1.0,16.0,0.016016016016,0,-1.10888742338,-0.392602256175,5,939
287,1,11.363694891,9.0,13.0,0.016016016016,0,1.71691174542,1.21295965473,5,890
288,1,10.3044519863,9.0,11.0,0.017017017017,0,1.00865808524,2.27847773062,5,824
289,1,5.70656173416,2.0,6.0,0.015015015015,0,-0.0662302461523,0.905252472616,5,555
290,1,3.85034523138,2.0,4.0,0.013013013013,0,0.0467838539465,-1.29000633046,5,638
291,1,6.84318470863,4.0,8.0,0.016016016016,0,-0.0858003717094,2.10058582376,5,672
292,1,5.59564265769,2.0,11.0,0.016016016016,0,0.246255220777,-0.143123004636,5,711
293,1,0.721007865501,,2.0,0.015015015015,0,-0.959356067436,-1.40092393219,5,77
294,1,0.563915657642,0.0,2.0,0.016016016016,0,-1.12629748465,-1.05719188841,5,448
295,1,11.1660587926,10.0,12.0,0.015015015015,0,0.931452923112,3.37170002327,5,775
296,1,4.65098835432,2.0,6.0,0.015015015015,0,-1.06336553574,2.84108496152,5,550
297,1,-0.447479130925,,0.0,0.016016016016,1,-1.93254169203,0.350145945178,5,1
298,1,9.28766714193,3.0,14.0,0.017017017017,0,0.93516722337,1.48216547182,5,752
299,1,4.91429996945,3.0,5.0,0.014014014014,0,-0.588989274197,1.68126779204,5,407
300,1,7.90774364706,3.0,9.0,0.017017017017,0,1.18179629801,-0.637645246967,5,640
301,1,10.779902092,5.0,12.0,0.015015015015,0,0.279738579395,4.94068635377,5,813
302,1,4.60553405467,3.0,8.0,0.016016016016,0,-0.852820003672,2.16399406569,5,481
303,1,13.6693083209,13.0,14.0,0.014014014014,1,2.26485498695,1.87474336003,5,945
304,1,4.81286889673,4.0,5.0,0.016016016016,1,1.02000683693,-3.24715161407,5,335
305,1,4.1613590724,3.0,5.0,0.016016016016,0,-0.186700396514,-0.278539738058,5,382
306,1,6.87501023598,5.0,14.0,0.015015015015,0,0.222813498062,1.2065697418,5,901
307,1,1.70184385282,1.0,4.0,0.015015015015,0,-0.508684948186,-1.77210130262,5,121
308,1,1.93354008208,0.0,3.0,0.014014014014,0,-0.397003409039,-1.8754496908,5,132
309,1,6.40086650991,6.0,13.0,0.015015015015,0,0.479697983923,-0.0382274418589,5,662
310,1,8.16131319068,6.0,12.0,0.014014014014,0,1.06945266046,-0.0470447906942,5,604
311,1,3.80854949749,3.0,9.0,0.015015015015,0,0.689768239476,-3.26075522094,5,319
312,1,-0.52872998833,,0.0,0.019019019019,1,-0.697559929856,-3.43605019876,5,57
313,1,6.87531720447,2.0,12.0,0.017017017017,0,-0.238253517343,2.5900777565,5,490
314,1,2.62298863709,1.0,4.0,0.017017017017,0,-0.0346913999956,-2.27293716292,5,110
315,1,7.73434824448,0.0,10.0,0.016016016016,0,1.69118162272,-2.33919662369,5,355
316,1,-2.23999225892,,3.0,0.018018018018,0,-1.8103171517,-1.80904080382,5,64
317,1,2.70928818503,,4.0,0.016016016016,0,-1.28873010334,1.57547849505,5,95
318,1,9.77955653803,8.0,10.0,0.015015015015,0,0.759857950331,2.49998268704,5,250
319,1,2.37375962456,,9.0,0.014014014014,0,-0.987035762273,0.334866911383,5,222
320,1,3.71657071274,2.0,7.0,0.017017017017,0,0.0744475528686,-1.50677194586,5,165
321,1,4.2062975224,2.0,6.0,0.014014014014,0,-0.844266214333,1.7390961654,5,171
322,1,1.33307067771,0.0,3.0,0.019019019019,0,0.434236765247,-4.96963961803,5,91
323,1,0.878781917136,,1.0,0.015015015015,0,-0.784583694445,-1.76746699953,5,40
324,1,4.67535637742,2.0,10.0,0.014014014014,0,-0.443810053399,1.00678653762,5,392
325,1,4.5388715737,,6.0,0.017017017017,0,0.0768398493226,-0.691647974266,5,217
326,1,5.34001149771,1.0,11.0,0.018018018018,0,0.446803331939,-1.00039849811,5,328
327,1,-1.30837939027,,7.0,0.017017017017,0,-0.89127540837,-3.63455316516,5,306
328,1,-0.496998748434,,0.0,0.017017017017,1,-1.2400564502,-1.77682939783,5,17
329,1,7.20114629247,5.0,9.0,0.016016016016,0,-0.123235636932,2.57085320327,5,401
330,1,10.0318628408,4.0,11.0,0.014014014014,0,0.882550597309,2.38421104888,5,534
331,1,5.51361025291,2.0,8.0,0.019019019019,0,-0.481996702563,1.9596003606,5,400
332,1,6.8715418814,3.0,12.0,0.016016016016,0,0.455228374446,0.505856758063,5,602
333,1,4.87532544527,3.0,8.0,0.016016016016,0,0.562793184128,-1.81305410711,5,444
334,1,2.71872288646,0.0,7.0,0.015015015015,0,-0.456015163321,-0.913231623572,5,446
335,1,1.40011342281,,2.0,0.016016016016,0,-2.46597462627,3.79803730162,5,398
336,1,6.06324680777,6.0,13.0,0.015015015015,0,1.18561320654,-2.49359281185,5,619
337,1,8.74087105622,1.0,16.0,0.016016016016,0,0.610011151575,1.91083760149,5,746
338,1,2.56409996654,1.0,13.0,0.017017017017,0,-0.424261768088,-1.1631147292,5,598
339,1,1.8982216971,0.0,2.0,0.015015015015,0,-0.654752210784,-1.13752167055,5,406
340,1,5.75856507337,0.0,14.0,0.017017017017,0,0.653052389906,-1.20059209634,5,637
341,1,7.2995909382,0.0,9.0,0.015015015015,0,0.920229269359,-0.461096869879,5,489
342,1,10.3597624453,4.0,11.0,0.016016016016,0,0.956201102547,2.49115913763,5,569
343,1,1.49677417081,1.0,5.0,0.015015015015,0,-0.043402294937,-3.37301894438,5,434
344,1,5.81304698873,3.0,10.0,0.017017017017,0,0.493883630648,-0.668603903208,5,469
345,1,3.43868199666,3.0,9.0,0.017017017017,0,-0.373258955739,-0.441541136128,5,451
346,1,5.2963053406,4.0,6.0,0.016016016016,0,0.574622698745,-1.42756275563,5,420
347,1,3.80123653649,3.0,5.0,0.017017017017,0,-0.61643284698,0.650535077435,5,422
348,1,3.88271134204,3.0,15.0,0.017017017017,0,-0.0443896458253,-0.984119720485,5,790
349,1,3.36307533076,2.0,7.0,0.016016016016,0,-0.672971956203,0.381991199375,5,438
350,1,10.9163876214,5.0,11.0,0.019019019019,0,1.76804092765,0.612264838427,5,466
351,1,-1.84738989108,,1.0,0.016016016016,0,-2.26511261905,-0.0520520339304,5,29
352,1,-0.787127958037,,0.0,0.015015015015,1,-1.18278277361,-2.2387796372,5,12
353,1,3.82437261176,3.0,4.0,0.016016016016,1,0.283014012389,-2.02466942541,5,399
354,1,-0.457990002892,,2.0,0.016016016016,0,-1.83237153102,0.0391245901616,5,216
355,1,8.67672835442,6.0,10.0,0.016016016016,0,0.62921147087,1.78909394181,5,684
356,1,9.75870006665,9.0,16.0,0.016016016016,0,0.49604089746,3.27057737427,5,985
357,1,9.30847706949,8.0,12.0,0.015015015015,0,1.54592430604,-0.329295848642,5,837
358,1,9.9858866564,2.0,10.0,0.017017017017,0,0.483439839148,3.53556713896,5,717
359,1,4.26611337153,4.0,5.0,0.018018018018,1,-1.67964940063,4.30506157342,5,397
360,1,6.68090355282,6.0,7.0,0.015015015015,1,0.603503555544,-0.129607113811,5,649
361,1,7.4610782364,6.0,8.0,0.018018018018,0,0.510885357753,0.928422163144,5,470
362,1,10.6581432898,10.0,14.0,0.016016016016,0,1.34268156669,1.63009858976,5,845
363,1,2.58992095229,2.0,12.0,0.016016016016,0,-0.110604320848,-2.07826608517,5,822
364,1,4.97157303365,1.0,6.0,0.017017017017,0,-0.594537323208,1.75518500327,5,522
365,1,7.36725603686,1.0,8.0,0.014014014014,0,0.611854890754,0.5316913646,5,605
366,1,7.66047092569,7.0,12.0,0.015015015015,0,0.990646305897,-0.311467991998,5,777
367,1,5.83961267295,2.0,15.0,0.015015015015,0,0.531834745092,-0.75589156233,5,984
368,1,5.12513723087,2.0,7.0,0.016016016016,0,0.039335544368,0.00713059777101,5,559
369,1,3.07791339363,3.0,4.0,0.014014014014,1,-0.348140134738,-0.877666202151,5,445
370,1,4.70824409135,2.0,6.0,0.018018018018,0,-0.267536636488,0.510854000815,5,459
371,1,4.10253443739,0.0,8.0,0.018018018018,0,0.304295178306,-1.81035109753,5,503
372,1,-1.94033252341,,0.0,0.015015015015,1,-2.21862248634,-0.284465064388,5,154
373,1,3.3378474073,2.0,14.0,0.016016016016,0,-0.204993324437,-1.04717261939,5,723
374,1,6.85416269687,4.0,7.0,0.016016016016,0,0.540976446435,0.231233357559,5,413
375,1,5.74085971633,2.0,7.0,0.019019019019,0,0.0848016304049,0.486454825116,5,232
376,1,1.51653102262,1.0,2.0,0.017017017017,1,-1.16959661478,0.0253208669656,5,164
377,1,8.56652332257,8.0,13.0,0.016016016016,0,1.02005126835,0.506369517523,5,482
378,1,10.6387480478,6.0,15.0,0.017017017017,0,1.40627844735,1.41991270573,5,554
379,1,7.94928915958,7.0,8.0,0.018018018018,1,0.0880223233572,2.68522218951,5,246
380,1,6.79464573923,6.0,10.0,0.014014014014,0,0.986205858109,-1.1639718351,5,321
381,1,0.0557248112715,0.0,1.0,0.016016016016,1,-0.629150368833,-3.05682408223,5,69
382,1,3.39109982509,0.0,6.0,0.017017017017,0,-0.582314497554,0.13804331775,5,198
383,1,3.53553499302,3.0,4.0,0.016016016016,1,0.403358849979,-2.67454155691,5,148
384,1,6.92789736486,6.0,7.0,0.015015015015,1,0.536638569554,0.317981656198,5,212
385,1,4.59097408872,1.0,5.0,0.016016016016,0,-0.633494035933,1.49145619652,5,142
386,1,0.718607052666,,1.0,0.016016016016,0,-0.727454370274,-2.09902983651,5,66
387,1,5.0151738684,5.0,8.0,0.014014014014,0,-0.566188222194,1.71373853499,5,449
388,1,4.1580038455,4.0,6.0,0.015015015015,0,-0.481324925677,0.601978622532,5,253
389,1,0.389045411729,0.0,3.0,0.018018018018,0,-1.23203036148,-0.91486350383,5,74
390,1,8.3247294247,7.0,11.0,0.018018018018,0,1.47128359111,-1.08912134863,5,631
391,1,7.40554206836,4.0,9.0,0.018018018018,0,0.676684955558,0.375487201685,5,515
392,1,6.11859414737,6.0,13.0,0.016016016016,0,0.888592021009,-1.54718191566,5,736
393,1,8.06810429548,5.0,12.0,0.015015015015,0,-0.169033177916,3.57520382923,5,674
394,1,7.43239909265,4.0,9.0,0.014014014014,0,-0.340827646176,3.45488203118,5,678
395,1,9.64624282085,5.0,12.0,0.015015015015,0,0.517961091916,3.09235954511,5,814
396,1,2.63000085955,2.0,8.0,0.013013013013,0,-0.596621455192,-0.580134774877,5,677
397,1,3.20733101343,3.0,7.0,0.015015015015,0,-0.289318708061,-0.924712862389,5,654
398,1,7.43935587309,4.0,17.0,0.017017017017,0,0.349406220404,1.39113721188,5,852
399,1,7.66726913498,7.0,12.0,0.013013013013,0,0.972661790204,-0.250716235629,5,825
400,1,6.15393364304,0.0,15.0,0.016016016016,0,-0.0886050125178,1.4197486806,5,844
401,1,3.27324380402,1.0,6.0,0.016016016016,0,0.856347369389,-4.29579830415,5,517
402,1,6.39534626039,4.0,8.0,0.017017017017,0,1.05709264589,-1.77593167729,5,589
403,1,7.09467762528,5.0,8.0,0.017017017017,0,0.031050954661,2.0015247613,5,653
404,1,0.473752729527,0.0,1.0,0.015015015015,1,-1.41658858187,-0.276481524858,5,158
405,1,7.08630092192,7.0,8.0,0.017017017017,1,0.555206926175,0.420680143395,5,447
406,1,3.28328625561,,4.0,0.014014014014,0,0.175023357357,-2.24178381646,5,271
407,1,4.83793506768,4.0,5.0,0.017017017017,1,-0.256513513798,0.607475609072,5,334
408,1,-0.123420469842,,1.0,0.015015015015,0,-1.91233973199,0.613598726128,5,115
409,1,8.81347095617,7.0,9.0,0.014014014014,0,-0.110640025163,4.14539103166,5,385
410,1,4.22490031598,4.0,5.0,0.019019019019,1,-0.26236115189,0.0119837716467,5,167
411,1,14.2728696393,14.0,15.0,0.015015015015,1,3.07966659139,0.0338698651103,5,805
412,1,5.80789157987,,8.0,0.016016016016,0,0.291347224908,-0.0661500948529,5,353
413,1,-0.942674845949,,0.0,0.016016016016,1,-0.980471415811,-3.00126059852,5,25
414,1,8.6360385441,4.0,12.0,0.017017017017,0,1.83766933842,-1.87696947117,5,548
415,1,2.62623234939,,3.0,0.014014014014,0,-0.884933588439,0.281033114706,5,318
416,1,9.63956135057,5.0,12.0,0.014014014014,0,1.31473171226,0.6953662138,5,606
417,1,2.68755666216,2.0,3.0,0.014014014014,1,-0.20809567961,-1.68815629901,5,116
418,1,7.2160287652,6.0,15.0,0.016016016016,0,1.67507762213,-2.80920410118,5,778
419,1,7.07257979292,5.0,10.0,0.017017017017,0,-0.429919404158,3.36233800539,5,497
420,1,10.3152522655,9.0,11.0,0.015015015015,0,1.31826486303,1.36045767636,5,506
421,1,7.90187768345,5.0,13.0,0.017017017017,0,0.934663486047,0.0978872253104,5,530
422,1,3.22247080677,3.0,6.0,0.016016016016,0,-1.3953572088,2.40854243317,5,221
423,1,-1.05622013084,,1.0,0.015015015015,0,-1.81319733528,-0.616628125008,5,55
424,1,-2.23813463033,,0.0,0.017017017017,1,-1.21764547302,-3.58519821127,5,35
425,1,2.16409751311,0.0,3.0,0.015015015015,0,-0.593576121138,-1.05517412347,5,100
426,1,2.93372474506,,9.0,0.019019019019,0,-1.83386487,3.43531935507,5,201
427,1,3.26851885165,,8.0,0.016016016016,0,-0.699249669661,0.366267860627,5,146
428,1,11.0151333339,11.0,13.0,0.015015015015,0,1.51846219101,1.45974676083,5,473
429,1,5.50578447998,,7.0,0.017017017017,0,-0.114113473674,0.848124900996,5,125
430,1,2.02591581613,,4.0,0.016016016016,0,-1.1582659441,0.500713648443,5,81
431,1,6.19625350038,,14.0,0.016016016016,0,1.10928259057,-2.13159427134,5,213
432,1,3.05480946755,1.0,9.0,0.02002002002,0,-1.46325059855,2.44456126319,5,106
433,1,7.83632849408,5.0,14.0,0.017017017017,0,0.277336210512,2.00431986255,5,290
434,1,7.48226510866,6.0,8.0,0.017017017017,0,1.33156641201,-1.51243412738,5,127
435,1,3.17684589696,2.0,6.0,0.015015015015,0,-1.17654235041,1.70647294819,5,101
436,1,3.15867895715,,6.0,0.016016016016,0,-1.10522803688,1.4743630678,5,92
437,1,0.690148586183,,1.0,0.02002002002,0,-0.500948733918,-2.80700521206,5,47
438,1,-2.23753221979,,2.0,0.017017017017,0,-2.01174902232,-1.20228515284,5,68
439,1,-1.11931513684,,0.0,0.015015015015,1,-2.47578010736,1.30802518523,5,18
440,1,1.97435017443,1.0,4.0,0.016016016016,0,-1.23471809868,0.678504470464,5,86
441,1,8.76334847184,7.0,9.0,0.014014014014,0,0.724878168198,1.58871396725,5,149
442,1,9.73399970518,8.0,12.0,0.017017017017,0,0.920219643354,1.97334077512,5,160
443,1,6.14495545374,1.0,7.0,0.015015015015,0,0.409568691444,-0.0837506205881,5,140
444,1,5.20419624405,3.0,13.0,0.016016016016,0,-0.126403684679,0.583407298082,5,493
445,1,5.5735031382,5.0,9.0,0.018018018018,0,0.802192811559,-1.83307529647,5,281
446,1,3.72817955404,,4.0,0.015015015015,0,-1.96431369879,4.62112065042,5,102
447,1,0.764827118367,0.0,1.0,0.016016016016,1,-0.553436882844,-2.5748622331,5,82
448,1,3.17973968284,,4.0,0.014014014014,0,0.527247787216,-3.40200367881,5,157
449,1,6.62225040023,5.0,7.0,0.016016016016,0,0.124280695307,1.24940831431,5,205
450,1,5.18842060968,3.0,11.0,0.017017017017,0,-0.499623346747,1.68729064992,5,364
451,1,9.3611238144,7.0,16.0,0.017017017017,0,0.85189349134,1.80544334038,5,593
452,1,1.71014370981,1.0,3.0,0.014014014014,0,-0.645652218899,-1.3528996335,5,162
453,1,6.24539403986,2.0,11.0,0.017017017017,0,0.427321163287,-0.0365694499984,5,342
454,1,5.3437031113,5.0,14.0,0.018018018018,0,0.173212429813,-0.175934178134,5,488
455,1,3.86401865934,0.0,5.0,0.017017017017,0,0.267213144004,-1.93762077267,5,301
456,1,5.55085177934,0.0,7.0,0.016016016016,0,0.94432367226,-2.28211923744,5,340
457,1,1.4911738725,1.0,6.0,0.015015015015,0,-1.35652177532,0.56073919847,5,341
458,1,4.91164968025,2.0,16.0,0.016016016016,0,0.128707084722,-0.474471573919,5,617
459,1,5.60637464213,2.0,13.0,0.018018018018,0,0.337722373347,-0.406792477905,5,501
460,1,6.10818199689,2.0,10.0,0.017017017017,0,0.310571069679,0.17646878785,5,468
461,1,2.77482953526,1.0,3.0,0.016016016016,0,-0.824365346317,0.24792557421,5,280
462,1,4.98042865652,1.0,7.0,0.017017017017,0,-0.421287371649,1.24429077147,5,390
463,1,1.93251611669,1.0,4.0,0.017017017017,0,-0.806233495011,-0.648783398275,5,331
464,1,8.16138418941,8.0,16.0,0.017017017017,0,0.486786438,1.70102487541,5,611
465,1,-2.29170940867,,0.0,0.018018018018,1,-2.81995571328,1.16815773115,5,52
466,1,4.6708667842,1.0,6.0,0.017017017017,0,-0.395290046657,0.856736924166,5,442
467,1,6.13855345732,2.0,12.0,0.015015015015,0,0.0171205953743,1.0871916712,5,603
468,1,6.66142528978,5.0,9.0,0.016016016016,0,0.809314405408,-0.766517926446,5,499
469,1,3.3031774174,2.0,11.0,0.015015015015,0,0.244911989737,-2.43155855181,5,578
470,1,7.12942432132,4.0,10.0,0.017017017017,0,0.766632208011,-0.170472302711,5,577
471,1,1.65788976273,1.0,3.0,0.017017017017,0,-0.894140510085,-0.659688707015,5,234
472,1,-1.92339944436,,3.0,0.014014014014,0,-0.760448657209,-4.64205347273,5,163
473,1,9.16428741102,9.0,15.0,0.016016016016,0,0.638109940233,2.24995759032,5,769
474,1,5.56405138268,5.0,15.0,0.016016016016,0,0.673652687015,-1.45690667837,5,685
475,1,8.03610785053,6.0,9.0,0.016016016016,0,0.230024878544,2.3460332149,5,561
476,1,1.60295065982,0.0,3.0,0.017017017017,0,-1.47641164057,1.03218558155,5,159
477,1,5.1513713832,5.0,7.0,0.016016016016,0,0.0714741359141,-0.0630510245473,5,332
478,1,7.60040627565,7.0,8.0,0.015015015015,1,0.530578261431,1.00867149136,5,266
479,1,8.84683892538,7.0,10.0,0.016016016016,0,0.95497116575,0.981925428125,5,362
480,1,1.94999605891,1.0,3.0,0.016016016016,0,-0.352793447043,-1.99162359996,5,112
481,1,6.47116844777,6.0,10.0,0.015015015015,0,-0.501390282517,2.97533929532,5,564
482,1,0.909461405239,,2.0,0.016016016016,0,-0.706025368814,-1.97246248832,5,67
483,1,4.57909947273,4.0,7.0,0.015015015015,0,0.239936045468,-1.14070866368,5,184
484,1,5.09793506295,1.0,16.0,0.016016016016,0,-0.998944309032,3.09476799004,5,669
485,1,3.09627058676,,17.0,0.018018018018,0,-0.299569923886,-1.00501964158,5,587
486,1,-1.55882178594,,2.0,0.017017017017,0,-2.04388467818,-0.427167751392,5,39
487,1,-0.606510704578,,0.0,0.017017017017,1,-0.1995053236,-5.00799473378,5,2
488,1,5.7667820219,,9.0,0.016016016016,0,-0.422712090888,2.03491829457,5,192
489,1,9.03646722519,7.0,11.0,0.015015015015,0,0.411046490349,2.80332775415,5,542
490,1,2.7143213602,1.0,3.0,0.017017017017,0,-0.943100407023,0.543622581274,5,99
491,1,2.40891281332,1.0,4.0,0.017017017017,0,0.0328190515053,-2.6895443412,5,153
492,1,0.792892931845,,3.0,0.016016016016,0,-1.63366807721,0.693897163463,5,108
493,1,7.30719905005,7.0,8.0,0.017017017017,1,-0.237447773181,3.01954236959,5,472
494,1,1.67370492942,,4.0,0.017017017017,0,-0.644548496618,-1.39264958073,5,150
495,1,5.58118275282,5.0,10.0,0.017017017017,0,-0.451550826617,1.93583523267,5,535
496,1,5.10202607832,5.0,8.0,0.016016016016,0,0.153974171016,-0.35989643473,5,455
497,1,3.78750562806,3.0,8.0,0.015015015015,0,0.214308529082,-1.85541995918,5,511
498,1,4.6059349329,3.0,13.0,0.014014014014,0,0.512105527624,-1.93038164997,5,855
499,1,10.8054772423,9.0,15.0,0.019019019019,0,0.181069599988,5.26226844231,5,689
500,1,6.3073527275,3.0,11.0,0.016016016016,0,-0.772362037043,3.62443883863,5,600
501,1,6.65331322748,4.0,7.0,0.016016016016,0,-0.283800527612,2.50471481032,5,495
502,1,4.89381355902,0.0,5.0,0.018018018018,0,0.436739916324,-1.41640618995,5,380
503,1,6.74588417583,4.0,14.0,0.015015015015,0,-0.367873051593,2.84950333061,5,728
504,1,4.83356976665,3.0,5.0,0.019019019019,0,0.683879308825,-2.21806815982,5,427
505,1,4.20003649358,0.0,13.0,0.017017017017,0,0.646002434442,-2.73797080974,5,716
506,1,7.74373396384,0.0,8.0,0.016016016016,0,0.0205807049779,2.6819918489,5,655
507,1,1.11064765973,1.0,2.0,0.019019019019,1,-1.16882465878,-0.382878363934,5,239
508,1,6.91508750531,4.0,7.0,0.016016016016,0,0.0551648899044,1.74959283559,5,551
509,1,0.360988514921,0.0,5.0,0.017017017017,0,-0.505387839657,-3.12284796611,5,513
510,1,3.49018438482,3.0,5.0,0.013013013013,0,-0.810226655436,0.920864351127,5,627
511,1,5.41416621294,5.0,8.0,0.018018018018,0,-0.148065452082,0.85836256919,5,656
512,1,3.75141446394,1.0,15.0,0.017017017017,0,-0.875034934304,1.37651926685,5,750
513,1,4.79258711785,4.0,15.0,0.016016016016,0,-0.0516665468677,-0.0524132415474,5,722
514,1,3.24286961503,3.0,10.0,0.017017017017,0,0.219422625041,-2.41539826009,5,701
515,1,3.90516474054,0.0,14.0,0.015015015015,0,-1.17980394882,2.44457658701,5,827
516,1,1.11537124536,0.0,5.0,0.018018018018,0,-0.218848712807,-3.22808261622,5,613
517,1,3.00445187732,1.0,10.0,0.017017017017,0,-0.79381357175,0.385892592568,5,715
518,1,8.97932822333,6.0,11.0,0.015015015015,0,0.219220783466,3.32166587294,5,774
519,1,5.01892180298,3.0,8.0,0.014014014014,0,-0.415359364466,1.26499989638,5,761
520,1,-0.255585580274,,1.0,0.015015015015,0,-1.71523291631,-0.109886831352,5,277
521,1,0.044213397819,,3.0,0.016016016016,0,-1.78186792335,0.389817167881,5,395
522,1,12.3556226389,7.0,16.0,0.016016016016,0,1.55787883637,2.6819861298,5,894
523,1,2.99407195461,2.0,11.0,0.017017017017,0,0.326446965555,-2.98526894206,5,789
524,1,10.5038394368,10.0,11.0,0.018018018018,1,1.44351307817,1.17330020229,5,796
525,1,2.57827149106,2.0,3.0,0.016016016016,1,0.203625859572,-3.03260608765,5,698
526,1,4.88526427362,3.0,7.0,0.015015015015,0,0.612554487662,-1.95239918936,5,800
527,1,0.135278626875,0.0,1.0,0.016016016016,1,-1.29927637668,-0.966892243093,5,134
528,1,9.52626628496,8.0,12.0,0.015015015015,0,0.530070133601,2.93605588415,5,857
529,1,4.27121359165,4.0,7.0,0.016016016016,0,1.04953546294,-3.87739279717,5,818
530,1,4.07988204952,4.0,9.0,0.016016016016,0,0.694937670617,-3.00493096233,5,854
531,1,5.75752886331,5.0,12.0,0.015015015015,0,0.0243924817767,0.684351417978,5,911
532,1,3.51003215243,2.0,7.0,0.016016016016,0,0.203586077405,-2.10072607978,5,833
533,1,7.41296612163,4.0,9.0,0.016016016016,0,0.332174575459,1.41644239526,5,866
534,1,5.91529981911,3.0,7.0,0.018018018018,0,1.11479899572,-2.42909716804,5,832
535,1,2.67490970989,0.0,3.0,0.016016016016,0,-1.12849777935,1.06040304795,5,478
536,1,4.05919272429,2.0,12.0,0.017017017017,0,-0.241193114605,-0.21722793189,5,916
537,1,3.73662790289,2.0,15.0,0.015015015015,0,-0.555603237816,0.403437616336,5,962
538,1,4.74029153492,1.0,6.0,0.015015015015,0,-0.0490910858034,-0.112435207671,5,903
539,1,10.1900912636,4.0,15.0,0.016016016016,0,0.751773342323,2.93477123664,5,949
540,1,12.9277535339,5.0,13.0,0.017017017017,0,1.27065786263,4.11577994606,5,931
541,1,6.80475329008,2.0,12.0,0.014014014014,0,0.309641906475,0.875827570659,5,937
542,1,5.22777134749,3.0,8.0,0.016016016016,0,0.302434204985,-0.679531267469,5,898
543,1,9.69548964301,8.0,10.0,0.015015015015,0,0.310815315353,3.76304369695,5,928
544,1,4.33426770386,3.0,6.0,0.017017017017,0,0.4133221383,-1.90569871104,5,891
545,1,3.41010997692,3.0,10.0,0.016016016016,0,0.259544092394,-2.36852230027,5,920
546,1,7.5430436525,3.0,16.0,0.016016016016,0,0.237870232737,1.82943295429,5,987
547,1,8.70991820296,3.0,9.0,0.015015015015,0,0.686878879902,1.64928156326,5,893
548,1,-3.40574260099,,0.0,0.016016016016,1,-1.52489131138,-3.83106866686,5,7
549,1,5.80426374422,3.0,8.0,0.015015015015,0,-0.14844111631,1.24958709315,5,892
550,1,5.65099484154,5.0,7.0,0.016016016016,0,-0.320730608591,1.61318666731,5,839
551,1,7.0012491307,3.0,10.0,0.016016016016,0,0.284556740854,1.14757890813,5,876
552,1,0.368549741092,,2.0,0.014014014014,0,-1.55698196071,0.0394956232164,5,117
553,1,1.30350100251,1.0,2.0,0.016016016016,1,-1.10211412776,-0.390156614209,5,464
554,1,9.16182407819,7.0,10.0,0.016016016016,0,1.20150977574,0.557294750969,5,864
555,1,3.09530602384,2.0,7.0,0.016016016016,0,-0.790138431851,0.465721319395,5,762
556,1,12.1105073667,10.0,15.0,0.015015015015,0,1.48535387602,2.65444573868,5,895
557,1,5.30289049858,3.0,10.0,0.015015015015,0,-0.12044616877,0.664229004892,5,861
558,1,9.13199948133,2.0,10.0,0.016016016016,0,1.36659077007,0.0322271711334,5,830
559,1,2.18343026121,2.0,3.0,0.014014014014,1,-0.709699178186,-0.68747220423,5,494
560,1,7.86592080247,7.0,8.0,0.018018018018,1,0.598915374203,1.06917467986,5,708
561,1,8.90040700369,4.0,9.0,0.015015015015,0,0.583637335893,2.14949499601,5,828
562,1,6.00256957521,4.0,9.0,0.014014014014,0,1.61397883579,-3.83936693216,5,829
563,1,6.01672535974,4.0,7.0,0.016016016016,0,-0.254824714964,1.78119950464,5,741
564,1,4.99757188933,3.0,5.0,0.015015015015,0,-0.219978844803,0.657508423738,5,634
565,1,8.92470406179,7.0,19.0,0.019019019019,0,0.0110289715669,3.89161714709,5,999
566,1,6.78662051362,6.0,8.0,0.017017017017,0,0.859178584455,-0.790915239749,5,703
567,1,0.893364877572,0.0,12.0,0.015015015015,0,-1.6239147365,0.765109087067,5,755
568,1,1.94606938427,0.0,2.0,0.016016016016,0,-0.663742553817,-1.06270295428,5,471
569,1,3.05175426594,0.0,5.0,0.015015015015,0,-0.301294955624,-1.04436086719,5,596
570,1,3.83607296498,3.0,16.0,0.017017017017,0,-0.292673663336,-0.285906045015,5,966
571,1,2.71183875868,2.0,8.0,0.016016016016,0,-0.470693279343,-0.876081403296,5,681
572,1,0.294874288383,0.0,1.0,0.016016016016,1,-0.580141084094,-2.96470245933,5,393
573,1,3.82291618396,1.0,5.0,0.015015015015,0,-0.811015088985,1.25596145092,5,553
574,1,6.87730590323,5.0,7.0,0.016016016016,0,0.00352362272108,1.86673503506,5,616
575,1,6.39889598142,1.0,7.0,0.017017017017,0,-0.270102006601,2.20920200123,5,591
576,1,2.17526055723,1.0,3.0,0.016016016016,0,-2.02072064729,3.23742249911,5,373
577,1,10.8112439962,4.0,11.0,0.016016016016,0,2.11596003125,-0.536636097527,5,718
578,1,5.22712335288,4.0,14.0,0.016016016016,0,0.60755256387,-1.59553433873,5,756
579,1,7.70709898558,7.0,15.0,0.015015015015,0,1.77332217888,-2.61286755105,5,993
580,1,3.48906392849,3.0,5.0,0.015015015015,0,-0.993255521076,1.46883049172,5,417
581,1,-2.1662789742,,0.0,0.016016016016,1,-1.2427906218,-3.43790710879,5,51
582,1,12.5593808605,12.0,13.0,0.015015015015,1,3.36189954932,-2.52631778745,5,745
583,1,6.34328977926,2.0,12.0,0.015015015015,0,0.822639787003,-1.12462958175,5,713
584,1,2.19833291528,1.0,4.0,0.015015015015,0,-1.25153149217,0.952927391799,5,156
585,1,1.7606710441,,2.0,0.015015015015,0,0.043760354848,-3.37061002044,5,96
586,1,3.78627072431,1.0,8.0,0.016016016016,0,0.273147754947,-2.03317254052,5,350
587,1,-0.334064065532,,0.0,0.016016016016,1,-1.28060712079,-1.49224270315,5,13
588,1,6.36639869487,4.0,12.0,0.015015015015,0,0.516926933445,-0.184382105464,5,436
589,1,7.31015830027,0.0,12.0,0.015015015015,0,0.0994706831955,2.01174625069,5,657
590,1,6.43528137172,4.0,7.0,0.016016016016,0,0.465243792662,0.0395499937382,5,317
591,1,8.28936545805,8.0,11.0,0.015015015015,0,0.291722179509,2.41419891952,5,375
592,1,2.12207249149,2.0,14.0,0.016016016016,0,-1.29666958391,1.01208124321,5,452
593,1,10.3687483401,8.0,11.0,0.016016016016,0,1.13639166016,1.95957335961,5,336
594,1,5.99996557812,4.0,6.0,0.017017017017,0,0.597003322166,-0.791044388373,5,291
595,1,3.91591965746,,8.0,0.015015015015,0,0.00996928929191,-1.11398821042,5,260
596,1,3.756849731,,5.0,0.016016016016,0,-0.406327026583,-0.0241691892486,5,258
597,1,2.74048070388,2.0,7.0,0.015015015015,0,-0.779326157125,0.078459175258,5,179
598,1,9.94426298554,9.0,11.0,0.016016016016,0,0.556248970575,3.27551607381,5,330
599,1,2.69061091306,,5.0,0.014014014014,0,-0.629506686226,-0.42086902826,5,137
600,1,4.82937844727,3.0,8.0,0.016016016016,0,0.0669572107375,-0.37149318494,5,174
601,1,6.15368312922,0.0,7.0,0.016016016016,0,0.430900391763,-0.139018046068,5,147
602,1,1.97014518923,,4.0,0.017017017017,0,0.0914441175478,-3.30418716342,5,48
603,1,0.786770848351,,1.0,0.017017017017,0,-1.39851653174,-0.0176795564226,5,19
604,1,1.64930572383,,6.0,0.016016016016,0,-0.824941039435,-0.875871157863,5,61
605,1,-0.744171541476,,2.0,0.017017017017,0,-1.7265387696,-0.564555232684,5,20
606,1,6.94572118388,,10.0,0.016016016016,0,0.329307020181,0.957800123332,5,170
607,1,2.00795896489,,7.0,0.017017017017,0,-0.355015035257,-1.92699592933,5,105
608,1,7.01446775301,7.0,9.0,0.014014014014,0,0.512898102621,0.475773445151,5,191
609,1,10.2445719182,5.0,11.0,0.015015015015,0,1.84992100835,-0.305191106881,5,274
610,1,4.37925695058,,6.0,0.016016016016,0,-0.324647100116,0.353198250922,5,58
611,1,-2.06361249612,,0.0,0.017017017017,1,-1.94135790288,-1.23953878748,5,15
612,1,3.50011586027,,4.0,0.018018018018,0,-0.230641527103,-0.807959558423,5,45
613,1,1.56218052745,,15.0,0.019019019019,0,0.0475765286705,-3.58054905856,5,383
614,1,0.0211110539567,,1.0,0.017017017017,0,-1.15134237711,-1.52486181473,5,34
615,1,3.39473833418,1.0,6.0,0.017017017017,0,-0.114934926507,-1.2604568863,5,197
616,1,7.88157658207,5.0,12.0,0.015015015015,0,0.674398226049,0.858381903918,5,540
617,1,6.62449139134,5.0,8.0,0.016016016016,0,0.209820057899,0.995031217644,5,359
618,1,8.25459028977,4.0,12.0,0.015015015015,0,0.82310333985,0.78528027022,5,614
619,1,5.51247841238,5.0,7.0,0.016016016016,0,-0.432553324594,1.81013838616,5,419
620,1,1.47670141116,,3.0,0.015015015015,0,-1.28677347165,0.337021826109,5,195
621,1,0.0532602971179,,1.0,0.016016016016,0,-0.186762704943,-4.38645158805,5,50
622,1,8.90373802073,7.0,11.0,0.017017017017,0,1.75580088068,-1.36366462132,5,512
623,1,6.04009578413,2.0,10.0,0.015015015015,0,0.346035331834,0.00198978862462,5,712
624,1,10.738463438,3.0,12.0,0.018018018018,0,1.22335651714,2.0683938866,5,576
625,1,6.67977703316,6.0,15.0,0.015015015015,0,0.330182949882,0.689228183518,5,749
626,1,6.61123826782,2.0,16.0,0.017017017017,0,0.587407998347,-0.150985727216,5,731
627,1,2.43418951588,,6.0,0.015015015015,0,-0.797376294434,-0.173681600821,5,352
628,1,4.7801287707,3.0,9.0,0.015015015015,0,-0.275023990064,0.605200740893,5,437
629,1,3.68258717496,3.0,7.0,0.014014014014,0,-0.662416044365,0.669835308053,5,487
630,1,2.28249919407,2.0,3.0,0.013013013013,1,-0.204356459681,-2.10443142688,5,288
631,1,10.2760492497,8.0,11.0,0.016016016016,0,1.01937066417,2.21793725721,5,594
632,1,4.75947491939,4.0,9.0,0.015015015015,0,0.502607611132,-1.748347914,5,460
633,1,3.62488397714,0.0,4.0,0.015015015015,0,0.63403470685,-3.27722014341,5,203
634,1,-3.56892536097,,0.0,0.017017017017,1,-2.66687503891,-0.568300244249,5,103
635,1,3.19785377903,0.0,4.0,0.016016016016,0,-0.596735933471,-0.0119384205586,5,313
636,1,0.47182311362,0.0,1.0,0.016016016016,1,-1.26043988936,-0.746857218293,5,119
637,1,5.33755603483,5.0,16.0,0.017017017017,0,0.310478517741,-0.593879518394,5,740
638,1,4.9745976019,0.0,12.0,0.017017017017,0,0.167222193847,-0.527068979641,5,532
639,1,1.62710814595,0.0,12.0,0.017017017017,0,-0.461179213307,-1.98935421413,5,538
640,1,0.0142216890301,0.0,2.0,0.017017017017,0,-2.04294060289,1.14304349771,5,151
641,1,7.4693503806,4.0,8.0,0.016016016016,0,0.63492286159,0.564581795834,5,346
642,1,5.18044739349,3.0,7.0,0.014014014014,0,-0.150134815267,0.630851839295,5,348
643,1,5.86317555315,5.0,16.0,0.018018018018,0,0.930523402529,-1.92839465444,5,725
644,1,2.0377281256,1.0,9.0,0.015015015015,0,-0.953004788212,-0.103257509764,5,429
645,1,8.95591789426,5.0,9.0,0.018018018018,0,0.966331366152,1.0569237958,5,386
646,1,1.45150459694,,5.0,0.016016016016,0,-1.62545394323,1.32786642663,5,267
647,1,4.81222244161,1.0,13.0,0.016016016016,0,-0.667331884872,1.81421809623,5,521
648,1,-1.97403584163,,15.0,0.016016016016,0,-2.34876544304,0.0722604874975,5,644
649,1,4.75330631834,,8.0,0.016016016016,0,-0.130538887456,0.14492298071,5,269
650,1,3.07240271846,3.0,11.0,0.016016016016,0,-0.131343221976,-1.53356761561,5,381
651,1,-0.224238953556,,3.0,0.016016016016,0,-0.330042134425,-4.23411255028,5,144
652,1,6.21371172963,4.0,8.0,0.015015015015,0,-0.0276180224202,1.29656579689,5,264
653,1,1.60855299297,,2.0,0.017017017017,0,-0.717276815331,-1.23961656103,5,111
654,1,3.70690119101,,6.0,0.018018018018,0,0.397865006123,-2.48669382736,5,193
655,1,-0.720138343297,,0.0,0.016016016016,1,-1.24148826831,-1.99567353836,5,76
656,1,6.17802791124,4.0,7.0,0.017017017017,0,0.446359982122,-0.161052035123,5,189
657,1,0.343209049082,0.0,1.0,0.015015015015,1,-1.91947065532,1.10162101504,5,79
658,1,3.94132779092,3.0,14.0,0.016016016016,0,-1.87458286322,4.56507638059,5,293
659,1,5.40785895488,4.0,11.0,0.016016016016,0,-0.295055164657,1.29302444885,5,240
660,1,6.0416081843,3.0,8.0,0.017017017017,0,0.949873088549,-1.80801108135,5,199
661,1,0.0773436149212,,1.0,0.016016016016,0,-0.581775345616,-3.17733034823,5,176
662,1,2.04193208276,2.0,3.0,0.017017017017,1,-0.661819311927,-0.972609981454,5,183
663,1,4.98591595209,3.0,5.0,0.016016016016,0,0.616061913659,-1.86226978888,5,185
664,1,5.86009853219,1.0,10.0,0.016016016016,0,0.169130337753,0.352707518929,5,370
665,1,4.49953483089,2.0,6.0,0.017017017017,0,-1.03553891599,2.60615157885,5,238
666,1,0.243371024774,0.0,8.0,0.017017017017,0,-1.51754682954,-0.203988486596,5,272
667,1,6.01236626501,5.0,10.0,0.016016016016,0,-0.0404538685984,1.13372787081,5,374
668,1,3.67412107207,1.0,10.0,0.015015015015,0,-0.838338190544,1.1891356437,5,421
669,1,4.5482548113,2.0,9.0,0.016016016016,0,0.265145294652,-1.24718107265,5,323
670,1,9.09589594511,6.0,10.0,0.015015015015,0,1.47391651896,-0.325853611768,5,435
671,1,4.38280455053,2.0,15.0,0.019019019019,0,-0.194152189621,-0.0347388806047,5,585
672,1,10.6334446648,7.0,13.0,0.017017017017,0,0.678134251991,3.59904190879,5,615
673,1,-4.54022318436,,1.0,0.016016016016,0,-2.26275250854,-2.75196565874,5,98
674,1,9.49667835171,8.0,15.0,0.017017017017,0,0.643397172542,2.56648683409,5,623
675,1,6.07214667035,5.0,14.0,0.017017017017,0,0.891314720879,-1.60179749229,5,630
676,1,3.47040196047,3.0,4.0,0.016016016016,1,-0.150279393389,-1.07875985936,5,224
677,1,-0.54137356684,,0.0,0.015015015015,1,-1.47788491751,-1.1077188143,5,22
678,1,3.08322051924,3.0,6.0,0.016016016016,0,0.31266005312,-2.85475964012,5,242
679,1,6.29236784076,,10.0,0.017017017017,0,0.663803473023,-0.699042578306,5,377
680,1,3.53036153469,2.0,4.0,0.013013013013,0,-0.034700891204,-1.3655357917,5,235
681,1,8.3311544472,3.0,13.0,0.015015015015,0,1.41218634138,-0.905404576953,5,738
682,1,5.77622065285,1.0,6.0,0.017017017017,0,-0.167388364812,1.27838574729,5,204
683,1,4.07806712031,3.0,14.0,0.015015015015,0,-0.749938092758,1.32788139858,5,816
684,1,9.64456305107,9.0,10.0,0.014014014014,1,0.310337205166,3.71355143557,5,322
685,1,7.26518231871,,12.0,0.013013013013,0,-0.0514643188017,2.41957527511,5,608
686,1,-0.000742984742589,,0.0,0.017017017017,1,-1.39662819971,-0.810858385618,5,113
687,1,3.12183805834,1.0,4.0,0.016016016016,0,0.00389689165829,-1.88985261664,5,190
688,1,3.55377857968,0.0,13.0,0.016016016016,0,-0.134076632353,-1.04399152326,5,486
689,1,0.931269790869,0.0,1.0,0.013013013013,1,-0.728172981652,-1.88421126418,5,168
690,1,3.57055327531,1.0,8.0,0.016016016016,0,0.0231987709347,-1.4990430375,5,311
691,1,2.32366394653,1.0,5.0,0.018018018018,0,-0.501208702687,-1.17270994541,5,211
692,1,2.8542077343,0.0,3.0,0.016016016016,0,-0.634908295944,-0.241067377871,5,186
693,1,8.61811234224,6.0,12.0,0.016016016016,0,1.18461560847,0.0642655168438,5,345
694,1,1.59058516112,0.0,2.0,0.015015015015,0,-0.667524292667,-1.40684196088,5,169
695,1,6.29978740427,2.0,8.0,0.016016016016,0,1.26058656432,-2.4819722887,5,284
696,1,4.01407106057,,11.0,0.016016016016,0,0.0206723739424,-1.04794606125,5,344
697,1,10.0112178091,9.0,12.0,0.016016016016,0,1.35988875451,0.931551545628,5,312
698,1,5.74759189618,2.0,16.0,0.019019019019,0,0.470537927868,-0.664021887428,5,411
699,1,5.17247593932,2.0,8.0,0.014014014014,0,0.300298782542,-0.728420408306,5,268
700,1,4.13304341037,4.0,5.0,0.016016016016,1,0.2481733185,-1.61147654513,5,226
701,1,4.00020768222,2.0,8.0,0.016016016016,0,0.721789576043,-3.16516104591,5,302
702,1,5.08970069449,4.0,6.0,0.017017017017,0,-0.283968500608,0.941606196311,5,237
703,1,3.7511435682,3.0,14.0,0.016016016016,0,-0.450735929918,0.103351357952,5,412
704,1,2.77874678694,0.0,4.0,0.016016016016,0,-0.805453985386,0.1951087431,5,247
705,1,0.146603130462,,1.0,0.019019019019,0,-0.714424711959,-2.71012273366,5,62
706,1,3.73895260014,,4.0,0.014014014014,0,-0.642487338652,0.6664146161,5,94
707,1,6.94178083894,5.0,13.0,0.015015015015,0,1.50547711716,-2.57465051254,5,389
708,1,-2.1294808748,,2.0,0.014014014014,0,-1.04259667366,-4.00169085381,5,89
709,1,3.97752110314,,7.0,0.014014014014,0,-1.33128564422,2.97137803582,5,308
710,1,2.72754307066,,3.0,0.017017017017,0,-0.0281590786182,-2.18797969349,5,80
711,1,1.10169121777,,12.0,0.015015015015,0,-0.629793902325,-2.00892707525,5,316
712,1,-0.805297116095,,15.0,0.015015015015,0,-0.495739861187,-4.31807753254,5,565
713,1,5.04597630721,,6.0,0.017017017017,0,0.365452916415,-1.05038244204,5,206
714,1,-0.558046640137,,0.0,0.015015015015,1,-1.46729295577,-1.15616777283,5,8
715,1,-0.886432588444,,12.0,0.018018018018,0,-0.489171616993,-4.41891773747,5,315
716,1,5.5994971939,2.0,9.0,0.014014014014,0,1.1345783455,-2.8042378426,5,275
717,1,4.17254827268,4.0,10.0,0.016016016016,0,-0.588482448667,0.937995618682,5,309
718,1,1.08056068602,1.0,2.0,0.018018018018,1,0.0201201754843,-3.97979984043,5,27
719,1,-0.748562084113,,2.0,0.017017017017,0,-2.37853796435,1.38705180893,5,85
720,1,4.58340108498,3.0,9.0,0.016016016016,0,0.189232203274,-0.984295524838,5,262
721,1,-0.408616811258,,7.0,0.017017017017,0,-1.81920166979,0.0489881981198,5,249
722,1,6.02387084722,2.0,10.0,0.014014014014,0,0.483341894017,-0.426154834835,5,599
723,1,5.14498929676,1.0,6.0,0.015015015015,0,1.05564019319,-3.02193128281,5,255
724,1,4.96503189581,2.0,5.0,0.02002002002,0,0.0751080985324,-0.260292399785,5,252
725,1,5.86334395566,1.0,13.0,0.019019019019,0,-0.785861045945,3.2209270935,5,632
726,1,-1.59546149496,,2.0,0.016016016016,0,-1.39542109471,-2.40919821084,5,135
727,1,7.05776958769,4.0,10.0,0.013013013013,0,-0.445224575466,3.39344331409,5,658
728,1,1.04199498217,1.0,9.0,0.016016016016,0,-0.667819792159,-1.95454564136,5,629
729,1,4.48878503055,2.0,7.0,0.015015015015,0,0.0782221244988,-0.745881342944,5,531
730,1,3.66253991402,1.0,4.0,0.015015015015,0,-0.0456345237968,-1.20055651459,5,425
731,1,6.1651952728,6.0,8.0,0.015015015015,0,0.81955518825,-1.29347029195,5,757
732,1,1.0045034853,0.0,2.0,0.016016016016,0,-1.12401491859,-0.623451758934,5,357
733,1,6.65388184847,4.0,15.0,0.016016016016,0,0.783596148001,-0.696906595532,5,929
734,1,7.5867139357,4.0,9.0,0.017017017017,0,0.111740984544,2.25149098207,5,803
735,1,6.13997167757,0.0,8.0,0.017017017017,0,-0.306176062468,2.05849986497,5,784
736,1,6.54973358578,6.0,10.0,0.012012012012,0,0.846189753227,-0.988835673903,5,919
737,1,10.8067484983,9.0,12.0,0.02002002002,0,1.45713554748,1.43534185583,5,872
738,1,4.29452196508,3.0,12.0,0.016016016016,0,0.0758987169509,-0.933174185777,5,910
739,1,11.7450274828,10.0,18.0,0.018018018018,0,1.55393392999,2.08322569283,5,943
740,1,3.22901587031,3.0,11.0,0.015015015015,0,-0.277006682098,-0.939964083396,5,889
741,1,4.09094256246,4.0,6.0,0.017017017017,0,-0.437207531768,0.402565157763,5,809
742,1,4.57714435689,3.0,10.0,0.016016016016,0,-0.260945996637,0.359982346798,5,885
743,1,2.15034193752,1.0,10.0,0.018018018018,0,-1.21411498754,0.792686900138,5,874
744,1,4.28345343627,4.0,10.0,0.015015015015,0,0.325282765795,-1.69239486111,5,915
745,1,3.5872389785,2.0,7.0,0.017017017017,0,-0.246236512427,-0.674051484219,5,819
746,1,3.7213717692,3.0,5.0,0.018018018018,0,-0.445161915345,0.0568575152334,5,679
747,1,3.55910301337,3.0,6.0,0.016016016016,0,-0.220908633064,-0.778171087438,5,812
748,1,3.77874537779,3.0,16.0,0.017017017017,0,0.238764615858,-1.93754846978,5,967
749,1,3.46594132361,2.0,4.0,0.017017017017,0,-0.503722093773,-0.0228923950705,5,665
750,1,14.1890476854,4.0,15.0,0.017017017017,0,2.55483632831,1.5245387005,5,951
751,1,5.42016572433,4.0,11.0,0.016016016016,0,1.10200083209,-2.88583677193,5,868
752,1,5.00894906072,4.0,6.0,0.017017017017,0,-0.648911144065,1.95568249291,5,764
753,1,4.51529344091,1.0,11.0,0.016016016016,0,-0.0514273728381,-0.330424440572,5,865
754,1,2.23029017213,2.0,3.0,0.015015015015,1,-0.500198970154,-1.26911291741,5,219
755,1,9.17282634201,8.0,10.0,0.017017017017,0,2.10937081246,-2.15528609536,5,807
756,1,8.84560405139,7.0,16.0,0.017017017017,0,0.617118070939,1.99424983857,5,963
757,1,5.82859527461,5.0,9.0,0.012012012012,0,0.032929937056,0.729805463439,5,806
758,1,1.25233169581,0.0,3.0,0.016016016016,0,-0.590282897609,-1.97681961137,5,476
759,1,8.62944860533,4.0,9.0,0.016016016016,0,0.897475553619,0.937021944477,5,786
760,1,6.73361068661,6.0,7.0,0.017017017017,1,1.124278764,-1.6392256054,5,549
761,1,2.9718546865,2.0,4.0,0.017017017017,0,-0.983577777108,0.922588017825,5,314
762,1,4.57757694494,2.0,11.0,0.015015015015,0,0.516210468091,-1.97105445933,5,798
763,1,4.52945064772,2.0,7.0,0.015015015015,0,-0.545373342299,1.16557067461,5,547
764,1,13.5459282441,13.0,14.0,0.017017017017,1,0.969763134191,5.63663884153,5,788
765,1,2.67239139177,2.0,5.0,0.014014014014,0,-0.856556074075,0.242059613998,5,351
766,1,3.15321354192,2.0,14.0,0.017017017017,0,-0.882762423649,0.801500812866,5,707
767,1,2.75674987632,1.0,8.0,0.016016016016,0,-0.88468966009,0.41081885659,5,492
768,1,0.876138166673,,1.0,0.015015015015,0,0.230718427603,-4.81601711614,5,130
769,1,-0.304290269629,,0.0,0.015015015015,1,-1.33792940286,-1.29050206106,5,56
770,1,3.27534127428,3.0,7.0,0.017017017017,0,-1.24719580112,2.01692867763,5,428
771,1,8.45136791366,2.0,13.0,0.016016016016,0,1.05339006428,0.291197720806,5,688
772,1,4.31443880181,3.0,6.0,0.015015015015,0,0.233566911016,-1.38626193124,5,333
773,1,4.91818566723,2.0,13.0,0.016016016016,0,0.0359447147756,-0.1896484771,5,465
774,1,2.81103964947,1.0,11.0,0.016016016016,0,-1.04516515842,0.946535124733,5,440
775,1,1.88237395719,,2.0,0.017017017017,0,-0.9946149869,-0.133781082114,5,172
776,1,8.37709655056,7.0,9.0,0.015015015015,0,0.372264895689,2.2603018635,5,410
777,1,6.13034375886,6.0,7.0,0.016016016016,1,0.148385483416,0.685187308611,5,394
778,1,2.67836946418,2.0,7.0,0.017017017017,0,-0.342405478226,-1.29441410114,5,363
779,1,0.125164346861,0.0,1.0,0.016016016016,1,-0.960849269277,-1.99228784531,5,230
780,1,1.50268899337,,4.0,0.015015015015,0,-1.04626467169,-0.358516991554,5,329
781,1,10.9548340506,0.0,14.0,0.017017017017,0,1.59196483127,1.17893955678,5,463
782,1,3.54709135769,0.0,5.0,0.017017017017,0,-0.122061219273,-1.08672498449,5,296
783,1,2.25495276035,1.0,3.0,0.017017017017,0,-0.886124300315,-0.0866743387008,5,278
784,1,2.13755760487,2.0,10.0,0.015015015015,0,-1.30615627761,1.0560264377,5,403
785,1,12.9408198854,11.0,15.0,0.017017017017,0,1.75714418214,2.66938733901,5,498
786,1,5.56741726231,2.0,10.0,0.018018018018,0,0.577811199482,-1.16601633613,5,337
787,1,8.00570898383,3.0,14.0,0.015015015015,0,-0.0625781012471,3.19344328757,5,456
788,1,9.24261731057,3.0,13.0,0.019019019019,0,1.04228321772,1.11576765742,5,361
789,1,2.62648402941,2.0,5.0,0.015015015015,0,-0.845028239855,0.161568748976,5,282
790,1,5.25982168882,1.0,8.0,0.017017017017,0,-0.141019559343,0.682880366847,5,307
791,1,-1.203405759,,0.0,0.017017017017,1,-0.480652216895,-4.76144910831,5,11
792,1,-4.85449214489,,1.0,0.016016016016,0,-2.4984661013,-2.35909384098,5,24
793,1,2.96566060566,2.0,5.0,0.016016016016,0,-1.2835575887,1.81633337175,5,251
794,1,2.66542790464,2.0,4.0,0.017017017017,0,0.177481653634,-2.86701705626,5,244
795,1,2.42966885761,2.0,3.0,0.015015015015,1,-0.847975326499,-0.0264051628917,5,233
796,1,7.74717339341,2.0,8.0,0.016016016016,0,0.801018328334,0.344118408406,5,292
797,1,3.52055528068,,7.0,0.014014014014,0,-0.148090174508,-1.0351741958,5,320
798,1,7.20871048219,,11.0,0.015015015015,0,0.577722939749,0.475541662939,5,388
799,1,2.27527687734,,15.0,0.015015015015,0,-0.818553441608,-0.269062797835,5,835
800,1,9.37725860295,8.0,12.0,0.015015015015,0,0.821882131934,1.91161220715,5,560
801,1,0.0860402376628,0.0,12.0,0.016016016016,0,-1.25757716585,-1.14122826478,5,541
802,1,1.40581688455,1.0,2.0,0.019019019019,1,-0.440336738484,-2.2731729,5,214
803,1,3.92939902354,2.0,5.0,0.017017017017,0,-0.571834814342,0.644903466565,5,349
804,1,0.164575422293,,3.0,0.016016016016,0,-1.08618666609,-1.57686457943,5,263
805,1,5.48886982045,4.0,7.0,0.016016016016,0,-0.283759173685,1.3401473415,5,379
806,1,6.7349242934,2.0,9.0,0.017017017017,0,0.0217155881315,1.669777529,5,454
807,1,1.70934938988,1.0,14.0,0.015015015015,0,-1.22381775947,0.380802668296,5,650
808,1,7.18711721583,6.0,14.0,0.017017017017,0,0.471627409878,0.772234986192,5,621
809,1,4.61299519413,3.0,13.0,0.018018018018,0,-0.276234993264,0.441700173922,5,514
810,1,-0.171062903709,,0.0,0.015015015015,1,-0.873161333767,-2.55157890241,5,4
811,1,5.14246647264,4.0,7.0,0.016016016016,0,0.511467528869,-1.39193611397,5,368
812,1,-1.86719717237,,1.0,0.016016016016,0,-2.47662220952,0.562669456191,5,30
813,1,2.97114580067,,4.0,0.014014014014,0,-0.285999773766,-1.17085487803,5,245
814,1,1.64093849868,,2.0,0.015015015015,0,-1.17287219408,0.15955508093,5,166
815,1,10.8073093058,10.0,13.0,0.016016016016,0,1.18877290147,2.24099060142,5,730
816,1,-2.49125639614,,2.0,0.018018018018,0,-1.80093797032,-2.08844248519,5,141
817,1,3.25370237383,2.0,6.0,0.015015015015,0,-0.768207618748,0.558325230075,5,378
818,1,7.8674706254,4.0,8.0,0.017017017017,0,0.38227453522,1.72064701974,5,507
819,1,3.79032152324,2.0,4.0,0.015015015015,0,-0.597234341845,0.582024548773,5,371
820,1,7.64977767867,7.0,10.0,0.016016016016,0,0.705558423827,0.533102407192,5,779
821,1,4.57971603003,3.0,7.0,0.017017017017,0,0.597022634433,-2.21135187327,5,618
822,1,6.00171709705,5.0,11.0,0.015015015015,0,0.668345240477,-1.00331862438,5,953
823,1,5.54112306977,4.0,6.0,0.015015015015,0,0.822848804885,-1.92742334488,5,760
824,1,4.34225954032,3.0,9.0,0.017017017017,0,-0.0439437768981,-0.525909128981,5,802
825,1,5.68433932904,5.0,13.0,0.017017017017,0,-0.231834152544,1.37984178667,5,969
826,1,13.5824606489,12.0,14.0,0.016016016016,0,0.135811323626,8.17502667803,5,988
827,1,1.31236863938,1.0,8.0,0.017017017017,0,-0.578088060895,-1.95336717794,5,909
828,1,11.2397079557,8.0,16.0,0.017017017017,0,0.93673750229,3.42949544885,5,989
829,1,2.83259122632,1.0,3.0,0.017017017017,0,0.275676744223,-2.99443900635,5,737
830,1,12.580126601,12.0,14.0,0.017017017017,0,1.8142515249,2.13737202627,5,986
831,1,2.15323416939,0.0,10.0,0.016016016016,0,-1.17680809523,0.683658455074,5,961
832,1,8.7503353953,7.0,10.0,0.017017017017,0,0.525817814164,2.17288195281,5,941
833,1,6.28580887132,3.0,18.0,0.018018018018,0,0.590910870818,-0.486923741131,5,997
834,1,3.58535526382,2.0,6.0,0.017017017017,0,-1.37537537862,2.71148139969,5,739
835,1,10.7652595171,9.0,13.0,0.015015015015,0,0.793719550011,3.38410086709,5,976
836,1,4.76886634684,4.0,5.0,0.016016016016,1,0.200746594959,-0.833373438037,5,732
837,1,7.79568193914,4.0,9.0,0.016016016016,0,1.03492814142,-0.309102485122,5,766
838,1,8.53387045057,7.0,10.0,0.015015015015,0,-0.155968745703,4.00177668768,5,794
839,1,8.46303157669,8.0,11.0,0.017017017017,0,1.03347250972,0.362614047537,5,743
840,1,5.34071480138,3.0,7.0,0.015015015015,0,0.200536724675,-0.260895372651,5,558
841,1,6.67679586715,4.0,9.0,0.016016016016,0,0.0136161038979,1.63594755546,5,670
842,1,2.6199537647,2.0,3.0,0.015015015015,1,-0.370920088041,-1.26728597118,5,423
843,1,-0.035791038969,,1.0,0.015015015015,0,-0.93121910373,-2.24213372778,5,5
844,1,2.52185899551,,4.0,0.016016016016,0,-0.866669981214,0.121868939152,5,131
845,1,-1.49655872678,,3.0,0.016016016016,0,-0.811434420629,-4.06225546489,5,49
846,1,-4.5524443206,,0.0,0.015015015015,1,-2.69927918634,-1.45460676159,5,3
847,1,4.87589061259,,12.0,0.015015015015,0,0.226275621429,-0.802936251697,5,524
848,1,10.7856511053,8.0,14.0,0.016016016016,0,1.36363369349,1.69475002481,5,537
849,1,6.4536581387,3.0,12.0,0.015015015015,0,0.159009547682,0.976629495658,5,509
850,1,3.35877536287,,5.0,0.017017017017,0,-0.961312182951,1.24271191172,5,90
851,1,7.38279323179,5.0,10.0,0.015015015015,0,0.547548435766,0.740147924494,5,208
852,1,6.03818033936,3.0,8.0,0.012012012012,0,0.781080254682,-1.30506042468,5,175
853,1,-0.232054933375,,2.0,0.018018018018,0,-1.7546921723,0.0320215835141,5,23
854,1,7.59987227976,5.0,8.0,0.016016016016,0,0.249799742146,1.85047305332,5,173
855,1,6.805819683,0.0,7.0,0.018018018018,0,0.255092185692,1.04054312592,5,138
856,1,6.17454377937,4.0,12.0,0.017017017017,0,0.0628406987607,0.986021683086,5,273
857,1,6.79728548182,6.0,9.0,0.017017017017,0,0.592278226496,0.0204508023357,5,143
858,1,-0.596344008658,,2.0,0.016016016016,0,-2.24217713946,1.13018740973,5,53
859,1,6.03505975916,3.0,8.0,0.019019019019,0,0.977574242157,-1.89766296731,5,129
860,1,1.12330380409,1.0,6.0,0.017017017017,0,0.149741005091,-4.32591921118,5,97
861,1,-1.52375402379,,1.0,0.016016016016,0,-2.32326102969,0.446029065279,5,16
862,1,5.11246128523,2.0,13.0,0.015015015015,0,0.483031420852,-1.33663297732,5,303
863,1,5.58207871637,,7.0,0.017017017017,0,-0.371518982025,1.69663566244,5,133
864,1,0.591263434948,,7.0,0.016016016016,0,-1.09278691118,-1.13037583153,5,122
865,1,2.1282282722,,4.0,0.018018018018,0,-0.732501943067,-0.674265898598,5,84
866,1,-4.26601204549,,13.0,0.018018018018,0,-2.68448950508,-1.21254353026,5,297
867,1,-2.80376718529,,0.0,0.016016016016,1,-2.19108491027,-1.23051245448,5,6
868,1,-0.757798511426,,4.0,0.013013013013,0,-1.8009873307,-0.354836519313,5,118
869,1,8.02230613902,3.0,14.0,0.017017017017,0,1.49038315347,-1.44884332139,5,573
870,1,7.80808924569,7.0,10.0,0.016016016016,0,1.26524417737,-0.987643286414,5,402
871,1,6.15622723896,4.0,9.0,0.017017017017,0,0.611226511971,-0.677452296948,5,178
872,1,0.718095202574,,1.0,0.015015015015,0,-1.09563920269,-0.994987189359,5,36
873,1,8.66542369421,7.0,9.0,0.016016016016,0,0.214070628213,3.02321180957,5,356
874,1,-1.0456418701,,4.0,0.015015015015,0,-1.54879400292,-1.39925986132,5,126
875,1,4.0148853579,,5.0,0.016016016016,0,-0.134097238303,-0.582822927194,5,109
876,1,3.17022930609,2.0,12.0,0.015015015015,0,-0.614663104836,0.0142186205974,5,582
877,1,6.99106036309,5.0,7.0,0.014014014014,0,0.773122276858,-0.328306467478,5,461
878,1,10.8603723894,10.0,12.0,0.016016016016,0,1.35058708966,1.80861112038,5,467
879,1,2.63697409253,0.0,5.0,0.015015015015,0,-0.22946597964,-1.67462796855,5,128
880,1,3.49694678982,3.0,7.0,0.016016016016,0,-0.996572500507,1.48666429134,5,343
881,1,4.45479750996,4.0,9.0,0.013013013013,0,-0.812862139048,1.8933839271,5,673
882,1,11.5698046214,6.0,12.0,0.016016016016,0,1.68056029893,1.52812372457,5,704
883,1,-0.907840787359,,1.0,0.017017017017,0,-0.720414728795,-3.74659660097,5,72
884,1,-1.84512113301,,0.0,0.015015015015,1,-0.758905695135,-4.56840404761,5,43
885,1,8.25498859637,8.0,12.0,0.015015015015,0,0.432625801,1.95711119337,5,767
886,1,6.77382307566,6.0,7.0,0.015015015015,1,1.29562067018,-2.11303893488,5,450
887,1,5.72249217016,0.0,14.0,0.014014014014,0,-1.35964082144,4.80141463449,5,875
888,1,9.4439484847,6.0,10.0,0.016016016016,0,0.438926017435,3.1271704324,5,744
889,1,2.91414288704,2.0,3.0,0.017017017017,1,-1.47016222141,2.32462955126,5,209
890,1,6.87074268515,5.0,7.0,0.017017017017,0,0.284992919917,1.0157639254,5,733
891,1,-0.947771217721,,0.0,0.013013013013,1,-1.44066236159,-1.62578413294,5,207
892,1,7.70122643619,6.0,15.0,0.016016016016,0,1.36874614641,-1.40501200304,5,917
893,1,7.62737272899,7.0,10.0,0.016016016016,0,2.0925739907,-3.6503492431,5,841
894,1,6.24826510976,0.0,9.0,0.017017017017,0,-0.253542528461,2.00889269515,5,780
895,1,4.57390808968,2.0,10.0,0.017017017017,0,-0.0823866354451,-0.178932003983,5,853
896,1,4.44494348161,4.0,8.0,0.014014014014,0,-0.0282293816656,-0.47036837339,5,823
897,1,12.6755861454,11.0,15.0,0.018018018018,0,1.95043603118,1.82427805187,5,913
898,1,3.27374690366,3.0,4.0,0.015015015015,1,-0.718053934877,0.427908708295,5,724
899,1,2.20327984787,2.0,3.0,0.015015015015,1,-0.476177904121,-1.36818643977,5,500
900,1,12.2947209392,11.0,15.0,0.015015015015,0,1.63203933347,2.3986029388,5,995
901,1,9.80786476022,7.0,15.0,0.017017017017,0,0.678002571544,2.77385704558,5,950
902,1,0.205877645559,0.0,2.0,0.017017017017,0,-0.368023236076,-3.69005264621,5,210
903,1,0.87545847689,0.0,1.0,0.015015015015,1,-1.10108506478,-0.821286328762,5,200
904,1,6.72034716032,5.0,7.0,0.015015015015,0,0.16362078511,1.22948480499,5,859
905,1,2.47464128218,2.0,6.0,0.016016016016,0,-1.70421970763,2.58730040508,5,869
906,1,9.23713478056,7.0,10.0,0.015015015015,0,1.04422423277,1.10446208224,5,883
907,1,1.46349372984,0.0,2.0,0.016016016016,0,-1.55385818532,1.12506828579,5,475
908,1,6.63248187668,3.0,15.0,0.016016016016,0,-0.375682007215,2.75952789832,5,974
909,1,8.31702924624,6.0,9.0,0.019019019019,0,-0.0362763001364,3.42585814665,5,873
910,1,9.66930195728,9.0,12.0,0.017017017017,0,0.287390393153,3.80713077783,5,896
911,1,5.41368963103,3.0,11.0,0.014014014014,0,0.191308067416,-0.160234571214,5,935
912,1,7.79189713962,5.0,8.0,0.019019019019,0,-0.628571246728,4.6776108798,5,880
913,1,8.17176274778,2.0,14.0,0.016016016016,0,-0.240122993391,3.89213172796,5,942
914,1,7.71426069079,5.0,8.0,0.016016016016,0,0.210444164863,2.0829281962,5,886
915,1,8.28119082473,6.0,11.0,0.017017017017,0,-0.0482021787926,3.42579736111,5,900
916,1,5.80265945482,4.0,12.0,0.016016016016,0,0.40646920347,-0.416748155587,5,907
917,1,2.03252661889,0.0,3.0,0.017017017017,0,-1.98441946053,2.98578500047,5,408
918,1,5.77296534932,5.0,9.0,0.016016016016,0,0.80443581195,-1.64034208653,5,897
919,1,9.56154451694,6.0,14.0,0.014014014014,0,0.606822271531,2.74107770235,5,959
920,1,6.9359071802,6.0,11.0,0.015015015015,0,0.903022319303,-0.773159777712,5,902
921,1,4.59247885559,4.0,7.0,0.014014014014,0,0.489476972404,-1.87595206162,5,850
922,1,6.05395852827,5.0,7.0,0.017017017017,0,-0.107102273567,1.37526534897,5,782
923,1,6.1395735635,6.0,7.0,0.015015015015,1,0.758133183735,-1.1348259877,5,842
924,1,1.81211703609,0.0,4.0,0.015015015015,0,-1.52630771305,1.39104017523,5,543
925,1,1.60455457386,1.0,2.0,0.014014014014,1,-0.508226261276,-1.87076664232,5,289
926,1,5.15896623107,5.0,8.0,0.015015015015,0,-1.12080484262,3.52138075891,5,747
927,1,5.6269023758,4.0,7.0,0.015015015015,0,-0.175608889007,1.15372904282,5,742
928,1,13.5233926641,8.0,16.0,0.017017017017,0,2.08964014793,2.2544722203,5,904
929,0,14.5513720394,13.0,,0.013013013013,0,1.64221533314,4.62472604002,5,409
930,1,1.58088857341,1.0,2.0,0.014014014014,1,-1.58455584576,1.33455611069,5,136
931,1,7.35937487002,6.0,14.0,0.016016016016,0,0.87669769562,-0.27071821684,5,851
932,1,8.38837364213,7.0,10.0,0.016016016016,0,1.25661450087,-0.381469860474,5,562
933,1,-1.08673574984,,0.0,0.016016016016,1,-0.730343529277,-3.89570516201,5,26
934,1,9.74479008941,4.0,11.0,0.016016016016,0,0.49230665292,3.26787013065,5,628
935,1,6.82889185147,6.0,7.0,0.017017017017,1,1.25175591575,-1.92637589577,5,294
936,1,5.83055832145,2.0,10.0,0.016016016016,0,1.1690427828,-2.67657002694,5,518
937,1,9.65545247426,8.0,10.0,0.017017017017,0,1.41565574115,0.408485250807,5,508
938,1,6.23476928304,6.0,8.0,0.015015015015,0,0.915450107563,-1.51158103965,5,295
939,1,0.582357368616,,1.0,0.015015015015,0,-0.962372182601,-1.53052608358,5,42
940,1,-1.10349227778,,5.0,0.017017017017,0,-0.944449859985,-3.27014269782,5,155
941,1,7.50175883456,4.0,8.0,0.015015015015,0,0.862340262778,-0.0852619537716,5,225
942,1,3.69474703602,3.0,6.0,0.018018018018,0,-0.838272822099,1.20956550231,5,187
943,1,3.39828167423,2.0,4.0,0.014014014014,0,-0.0755242929396,-1.37514544695,5,145
944,1,5.68694099605,4.0,7.0,0.018018018018,0,0.842963234624,-1.84194870783,5,215
945,1,3.69166140239,1.0,4.0,0.016016016016,0,-0.039639440301,-1.18942027671,5,71
946,1,12.7883938641,6.0,16.0,0.017017017017,0,2.80316518085,-0.621101678432,5,520
947,1,8.05252164417,,11.0,0.013013013013,0,0.392562206426,1.87483502489,5,439
948,1,-2.7941099472,,0.0,0.016016016016,1,-1.86771144066,-2.19097562521,5,21
949,1,4.45896509912,1.0,6.0,0.016016016016,0,0.0192415529328,-0.598759559683,5,196
950,1,1.16434689828,,2.0,0.016016016016,0,-1.14234649024,-0.408613631001,5,60
951,1,4.13660301616,3.0,9.0,0.017017017017,0,-0.319492714615,0.0950811600008,5,326
952,1,8.10264390601,4.0,17.0,0.017017017017,0,0.126503863105,2.72313231669,5,838
953,1,2.73471295466,0.0,3.0,0.019019019019,0,-0.302121270176,-1.35892323481,5,70
954,1,9.43285517623,9.0,12.0,0.017017017017,0,0.770760150112,2.12057472589,5,458
955,1,4.04365931176,4.0,5.0,0.018018018018,1,-0.683728333537,1.09484431237,5,231
956,1,8.50157627614,5.0,11.0,0.017017017017,0,0.72390677988,1.3298559365,5,735
957,1,11.02280847,11.0,12.0,0.016016016016,1,1.71629014646,0.873938030581,5,768
958,1,4.38843841168,0.0,6.0,0.015015015015,0,0.163946867338,-1.10340219033,5,376
959,1,1.48415797945,1.0,3.0,0.016016016016,0,-1.23606775015,0.192361229906,5,223
960,1,14.5902798852,13.0,15.0,0.015015015015,0,2.73333273724,1.39028167352,5,804
961,1,4.83184456147,3.0,7.0,0.016016016016,0,0.16080442444,-0.650568711847,5,418
962,1,3.16379413672,2.0,14.0,0.014014014014,0,0.0932669551185,-2.11600672863,5,846
963,1,10.3177761448,10.0,12.0,0.015015015015,0,0.712097375431,3.18148401848,5,776
964,1,5.63965582455,,8.0,0.016016016016,0,-0.0110196785108,0.672714860086,5,612
965,1,8.09427614043,7.0,9.0,0.017017017017,0,-0.226274587593,3.77309990321,5,622
966,1,3.76819135361,1.0,6.0,0.016016016016,0,0.0254496705532,-1.30815765805,5,607
967,1,3.02512391771,2.0,10.0,0.015015015015,0,-0.0120008691673,-1.93887347479,5,690
968,1,3.21391163839,1.0,4.0,0.018018018018,0,0.283979345994,-2.63802639959,5,556
969,1,4.9117589734,1.0,6.0,0.016016016016,0,-0.0535669682818,0.0724598782475,5,571
970,1,9.77641355352,7.0,15.0,0.017017017017,0,1.38609187597,0.618137925608,5,820
971,1,2.16126385741,2.0,4.0,0.015015015015,0,-0.838178600728,-0.324200340406,5,366
972,1,2.44896252873,2.0,3.0,0.016016016016,1,-0.987654217645,0.411925181665,5,338
973,1,8.96885671188,7.0,16.0,0.017017017017,0,-0.102968657694,4.27776268496,5,799
974,1,8.58391882983,7.0,13.0,0.014014014014,0,0.718799145919,1.42752139207,5,785
975,1,9.76146682539,6.0,11.0,0.016016016016,0,1.32289131951,0.792792866862,5,652
976,1,-2.04743929481,,0.0,0.018018018018,1,-0.881686353059,-4.40238023563,5,9
977,1,3.09360312449,2.0,6.0,0.015015015015,0,0.00603120671367,-1.92449049565,5,424
978,1,3.80633308249,3.0,5.0,0.02002002002,0,-1.15189876892,2.26202938924,5,241
979,1,-2.248311379,,1.0,0.019019019019,0,-1.94702753771,-1.40722876586,5,44
980,1,6.53262956152,6.0,14.0,0.016016016016,0,0.0623863395892,1.34547054276,5,666
981,1,8.60846298791,6.0,10.0,0.016016016016,0,0.263728995537,2.8172760013,5,570
982,1,-0.242071292172,,2.0,0.016016016016,0,-1.20969524208,-1.61298556593,5,78
983,1,1.24807706471,1.0,12.0,0.016016016016,0,-0.856182577374,-1.18337520317,5,505
984,1,3.22878513219,1.0,10.0,0.015015015015,0,-0.119393427367,-1.41303458571,5,496
985,1,7.46366004899,7.0,9.0,0.017017017017,0,1.4049740351,-1.75126205632,5,443
986,1,2.62001544483,2.0,3.0,0.017017017017,1,0.0366906260611,-2.49005643335,5,228
987,1,5.28239768263,2.0,13.0,0.015015015015,0,0.463303544462,-1.10751295075,5,633
988,1,4.00691271695,1.0,8.0,0.017017017017,0,0.307172031152,-1.9146033765,5,453
989,1,9.40709028244,7.0,14.0,0.016016016016,0,1.58983325809,-0.362409491828,5,696
990,1,2.17069283356,1.0,10.0,0.015015015015,0,-0.573950389334,-1.10745599844,5,474
991,1,-3.15386259639,,0.0,0.018018018018,1,-1.75877425433,-2.8775398334,5,188
992,1,3.45135196526,0.0,4.0,0.017017017017,0,0.535384526708,-3.15480161486,5,276
993,1,4.83330114408,2.0,6.0,0.017017017017,0,-1.67054342077,4.84493140638,5,365
994,1,7.05581768685,0.0,10.0,0.015015015015,0,0.315638721974,1.10890152093,5,557
995,1,4.96613387076,4.0,8.0,0.014014014014,0,0.677311041067,-2.06579925244,5,367
996,1,10.9408479119,8.0,15.0,0.015015015015,0,0.339174026279,4.92332583302,5,863
997,1,2.97671332465,1.0,4.0,0.017017017017,0,-1.38458016197,2.13045381055,5,259
998,1,6.23309328369,,9.0,0.015015015015,0,-0.161807807118,1.71851670505,5,327
999,1,5.84272951457,0.0,13.0,0.016016016016,0,0.321021876639,-0.120336115344,5,483
