name,activated,threshold,before_activation_alters,after_activation_alters,degree,observed,var1,epsilon,constant,activation_order
0,1,8.05112013721,1.0,69.0,0.0860860860861,0,1.73579447884,-2.1562632993,5,797
1,1,11.2440595526,4.0,26.0,0.106106106106,0,1.69978800689,1.1446955319,5,157
2,1,3.32918740869,,4.0,0.0980980980981,0,-0.640379992299,0.250327385589,5,41
3,1,-0.59468488705,,17.0,0.0790790790791,0,-1.69869579172,-0.49859751189,5,122
4,1,7.89828910483,4.0,35.0,0.115115115115,0,1.39426147506,-1.28449532035,5,280
5,1,13.1741525629,,15.0,0.0540540540541,0,2.0310278436,2.08106903211,5,151
6,1,1.08832489039,,3.0,0.109109109109,0,-1.45462122641,0.452188569621,5,20
7,1,0.399479375536,,7.0,0.031031031031,0,-1.14031054259,-1.17958899671,5,213
8,1,-2.57190294459,,25.0,0.134134134134,0,-2.4617592034,-0.186625334405,5,161
9,1,1.22790571966,0.0,63.0,0.11011011011,0,-0.352161273413,-2.7156104601,5,535
10,1,6.65992313676,,97.0,0.165165165165,0,0.654171421768,-0.302591128544,5,503
11,1,3.83681969614,,7.0,0.192192192192,0,-0.553032188575,0.495916261861,5,28
12,1,12.1671038913,11.0,52.0,0.14014014014,0,1.83522968943,1.66141482297,5,325
13,1,5.72038188367,2.0,17.0,0.163163163163,0,0.7330798317,-1.47885761143,5,97
14,1,0.955986906174,,14.0,0.173173173173,0,-2.30843519203,2.88129248227,5,92
15,1,7.082657789,,25.0,0.126126126126,0,-0.468128984004,3.48704474101,5,145
16,1,5.58052178165,,7.0,0.0940940940941,0,0.692401576184,-1.4966829469,5,53
17,1,2.20816708212,1.0,29.0,0.109109109109,0,0.821723732679,-5.25700411591,5,198
18,1,7.70203656861,,11.0,0.0800800800801,0,0.624937274242,0.827224745885,5,106
19,1,3.34922121865,,25.0,0.119119119119,0,-0.94511182437,1.18455669176,5,154
20,1,1.25079969664,,3.0,0.0660660660661,0,-1.0843755437,-0.496073672255,5,31
21,1,5.49722768666,0.0,35.0,0.0980980980981,0,-0.0429123923031,0.625964863568,5,327
22,1,11.1637109833,10.0,56.0,0.105105105105,0,2.03085972592,0.071131805573,5,467
23,1,6.80784664414,0.0,13.0,0.0920920920921,0,0.352940081107,0.749026400816,5,118
24,1,6.4045037712,1.0,49.0,0.0600600600601,0,0.651887070697,-0.551157440888,5,702
25,1,9.31258968597,3.0,30.0,0.0850850850851,0,1.74544842193,-0.923755579811,5,292
26,1,1.17035840953,,17.0,0.044044044044,0,0.130425722929,-4.22091875926,5,295
27,1,6.51885476956,,7.0,0.0530530530531,0,0.629433141653,-0.369444655397,5,63
28,1,6.17030151839,,18.0,0.046046046046,0,0.157875997054,0.69667352723,5,285
29,1,7.35062899244,5.0,35.0,0.039039039039,0,0.599026473974,0.553549570524,5,774
30,1,4.98067352234,3.0,20.0,0.031031031031,0,-0.36239807632,1.0678677513,5,572
31,1,11.9022728923,2.0,19.0,0.019019019019,0,2.25047841742,0.150837640072,5,729
32,1,6.47873319574,3.0,48.0,0.0600600600601,0,-0.389423452752,2.647003554,5,778
33,1,4.54321092695,,23.0,0.113113113113,0,-0.985711335434,2.50034493325,5,231
34,1,5.22963678243,3.0,49.0,0.0530530530531,0,-0.74421820461,2.46229139626,5,841
35,1,-0.538734899086,,51.0,0.0610610610611,0,-1.80043399668,-0.137432909044,5,760
36,1,6.59530669873,6.0,7.0,0.0820820820821,1,-0.786785534766,3.95566330303,5,55
37,1,2.33309320016,,26.0,0.044044044044,0,-0.676712313099,-0.636769860545,5,550
38,1,5.17316125978,4.0,44.0,0.0570570570571,0,-0.471557476046,1.58783368792,5,658
39,1,7.81861560191,,12.0,0.0660660660661,0,1.94691392393,-3.02212616987,5,71
40,1,8.72599223936,8.0,31.0,0.0600600600601,0,0.768368197264,1.42088764757,5,449
41,1,6.29840885551,2.0,45.0,0.0730730730731,0,0.401985815742,0.0924514082809,5,455
42,1,8.55189514326,8.0,17.0,0.0540540540541,0,1.40976849289,-0.677410335414,5,257
43,1,8.38964198233,4.0,50.0,0.0560560560561,0,2.03503545229,-2.71546437455,5,754
44,1,4.98634544884,,7.0,0.0670670670671,0,-0.247850265904,0.729896246551,5,58
45,1,3.01293855074,,24.0,0.0520520520521,0,-0.297463231725,-1.09467175408,5,436
46,1,6.4100138512,,28.0,0.0690690690691,0,0.395301883783,0.224108199852,5,377
47,1,3.88700569571,,19.0,0.04004004004,0,-0.821260714782,1.35078784005,5,358
48,1,8.1519697484,4.0,36.0,0.039039039039,0,0.0275890666355,3.0692025485,5,873
49,1,4.59808061537,0.0,8.0,0.0520520520521,0,0.135078926366,-0.807156163726,5,59
50,1,7.57855418459,1.0,15.0,0.0640640640641,0,0.131794395781,2.18317099725,5,139
51,1,2.24545626053,0.0,63.0,0.0850850850851,0,-0.813399836586,-0.31434422971,5,617
52,1,2.75764829102,,4.0,0.034034034034,0,-0.565690243614,-0.545280978142,5,135
53,1,-2.90974424743,,0.0,0.038038038038,1,-1.30672112073,-3.98958088524,5,6
54,1,0.750391421448,0.0,24.0,0.0540540540541,0,-0.314675298123,-3.30558268418,5,317
55,1,0.0913095439997,,10.0,0.026026026026,0,-1.17529048532,-1.38281900004,5,398
56,1,7.36723162998,0.0,33.0,0.039039039039,0,0.445194729954,1.03164744011,5,737
57,1,3.63694169091,,13.0,0.024024024024,0,-1.19961938147,2.23579983533,5,320
58,1,9.59296409066,0.0,14.0,0.028028028028,0,1.22542166704,0.916699089536,5,362
59,1,3.64067717385,,14.0,0.0540540540541,0,-0.640933948622,0.563479019716,5,190
60,1,-0.0449776044051,,5.0,0.043043043043,0,-1.89785268021,0.648580436216,5,100
61,1,7.41680689201,5.0,8.0,0.028028028028,0,0.395645256476,1.22987112258,5,291
62,1,6.8460540122,5.0,18.0,0.028028028028,0,0.77725038994,-0.485697157621,5,561
63,1,4.43147688109,,9.0,0.023023023023,0,-1.01494813345,2.47632128144,5,205
64,1,7.12807823017,,8.0,0.038038038038,0,0.419513835307,0.869536724244,5,127
65,1,14.6658040097,,20.0,0.033033033033,0,2.0517684909,3.51049853702,5,385
66,1,5.59744568574,5.0,12.0,0.042042042042,0,0.443828020982,-0.734038377204,5,132
67,1,6.31997525593,1.0,12.0,0.027027027027,0,-0.503846093672,2.83151353695,5,223
68,1,7.83912086299,,9.0,0.0500500500501,0,-0.389597066944,4.00791206382,5,162
69,1,7.562273783,7.0,22.0,0.038038038038,0,0.882451861359,-0.0850818010807,5,560
70,1,5.85055346313,,12.0,0.045045045045,0,0.0682443634719,0.645820372717,5,282
71,1,4.2362582068,,29.0,0.0710710710711,0,-0.449827375265,0.585740332594,5,345
72,1,5.49435992704,,10.0,0.048048048048,0,0.297046612265,-0.396779909757,5,168
73,1,-0.0548465048178,,21.0,0.047047047047,0,-0.0673913538694,-4.85267244321,5,340
74,1,2.86961536675,0.0,3.0,0.039039039039,0,0.347494445351,-3.1728679693,5,54
75,1,3.5912578311,,4.0,0.038038038038,0,-0.236052404174,-0.700584956383,5,138
76,1,4.64725624035,3.0,7.0,0.0510510510511,0,-0.116914848674,-0.0019992136235,5,86
77,1,-0.00153670045119,,17.0,0.031031031031,0,-1.72056721538,0.16016494568,5,457
78,1,5.55105616349,3.0,40.0,0.042042042042,0,1.0292452928,-2.5366797149,5,930
79,1,6.44417906415,5.0,28.0,0.029029029029,0,0.238772968087,0.727860159886,5,948
80,1,2.11660106517,0.0,21.0,0.029029029029,0,-1.61042863662,1.94788697503,5,512
81,1,5.13558789001,,23.0,0.0520520520521,0,0.650541126754,-1.81603549025,5,437
82,1,1.90542050255,,10.0,0.025025025025,0,-0.99260753064,-0.116756905526,5,228
83,1,11.2616676736,,27.0,0.0530530530531,0,1.01679231968,3.2112907146,5,460
84,1,7.35724329085,1.0,24.0,0.028028028028,0,0.310135393497,1.42683711036,5,614
85,1,4.45793442062,4.0,26.0,0.036036036036,0,0.604736747286,-2.35627582124,5,703
86,1,-0.0501428187533,,2.0,0.03003003003,0,-1.3477094449,-1.00701448405,5,65
87,1,-1.2307466021,,8.0,0.045045045045,0,-2.15693503893,0.240058514678,5,142
88,1,8.16707185293,,22.0,0.033033033033,0,1.05723057284,-0.00461986559985,5,608
89,1,7.7161704123,0.0,8.0,0.029029029029,0,1.29894675214,-1.18066984413,5,184
90,1,4.68434833631,0.0,6.0,0.026026026026,0,-0.232412962431,0.381587223603,5,179
91,1,8.21623477679,,9.0,0.026026026026,0,0.309197099656,2.28864347782,5,203
92,1,7.44941727791,1.0,21.0,0.026026026026,0,0.721336323315,0.285408307962,5,832
93,1,3.2684216995,,5.0,0.015015015015,0,-0.692053026559,0.344580779175,5,123
94,1,6.60750258308,,11.0,0.022022022022,0,1.53282266075,-2.99096539917,5,244
95,1,1.26053234583,1.0,10.0,0.02002002002,0,-1.62025653182,1.1213019413,5,430
96,1,4.48632075757,0.0,6.0,0.021021021021,0,-1.31164198678,3.42124671791,5,114
97,1,3.62587380412,3.0,8.0,0.026026026026,0,-0.49180528224,0.101289650838,5,289
98,1,1.67945621426,0.0,2.0,0.029029029029,0,-0.246721476436,-2.58037935643,5,69
99,1,-1.60749070303,,11.0,0.039039039039,0,-1.01943010229,-3.54920039616,5,163
100,1,5.97360402483,3.0,16.0,0.032032032032,0,1.11751234317,-2.37893300469,5,348
101,1,-1.02117653106,,2.0,0.036036036036,0,-2.16238695506,0.465984334126,5,42
102,1,0.641616259786,,4.0,0.032032032032,0,-1.99907961897,1.63885511671,5,47
103,1,-4.40271363435,,34.0,0.049049049049,0,-1.37608775387,-5.27445037273,5,681
104,1,10.2286927491,7.0,26.0,0.031031031031,0,1.03149047395,2.13422132723,5,810
105,1,3.94443000486,,21.0,0.045045045045,0,-0.128495526287,-0.670083416277,5,301
106,1,9.84725294474,6.0,14.0,0.03003003003,0,0.746726768659,2.60707263876,5,224
107,1,1.95421867088,1.0,3.0,0.035035035035,0,-0.195404913642,-2.45956658819,5,89
108,1,1.38492163172,,2.0,0.018018018018,0,-0.939557194744,-0.796406784043,5,140
109,1,2.32241765143,,10.0,0.033033033033,0,-0.940688339149,0.144482668874,5,281
110,1,10.4718446144,4.0,23.0,0.029029029029,0,0.748120103059,3.22748430521,5,610
111,1,9.61021484885,6.0,13.0,0.027027027027,0,2.14399733049,-1.8217771426,5,376
112,1,2.84117809374,2.0,6.0,0.026026026026,0,-0.551824706778,-0.503347785925,5,266
113,1,3.43338023254,,15.0,0.039039039039,0,-0.903278562222,1.14321591921,5,318
114,1,3.12305707806,2.0,11.0,0.021021021021,0,-0.919845574106,0.882593800379,5,649
115,1,2.40674524679,2.0,3.0,0.019019019019,1,-0.825661080996,-0.116271510223,5,101
116,1,12.6834359891,,31.0,0.032032032032,0,0.893647461219,5.00249360545,5,842
117,1,3.69041077872,,13.0,0.027027027027,0,-0.270282908361,-0.498740496193,5,174
118,1,9.17878741802,,15.0,0.021021021021,0,0.74355832977,1.94811242871,5,491
119,1,3.76675003346,2.0,13.0,0.031031031031,0,-1.56497783903,3.46168355055,5,364
120,1,2.21389838714,,7.0,0.028028028028,0,-0.177102355315,-2.25479454692,5,222
121,1,9.70786779601,2.0,16.0,0.031031031031,0,2.1443490935,-1.72517948448,5,422
122,1,2.87827047969,2.0,4.0,0.015015015015,0,-0.143697713291,-1.69063638044,5,169
123,1,7.7348387973,3.0,11.0,0.039039039039,0,1.4232803183,-1.53500215762,5,247
124,1,7.49152989246,1.0,8.0,0.027027027027,0,0.499867840428,0.991926371179,5,309
125,1,9.49037928408,,12.0,0.024024024024,0,0.295604454725,3.6035659199,5,466
126,1,3.63212552809,2.0,4.0,0.015015015015,0,0.313258590344,-2.30765024294,5,274
127,1,2.21497586622,,3.0,0.019019019019,0,-0.528159377505,-1.20054600127,5,40
128,1,14.7641213023,,15.0,0.039039039039,0,3.45182877002,-0.591365007777,5,245
129,1,4.86467890869,4.0,21.0,0.038038038038,0,-0.270453150175,0.676038359218,5,390
130,1,3.36230431545,2.0,11.0,0.02002002002,0,-0.792333072299,0.739303532351,5,528
131,1,2.09409421073,0.0,5.0,0.026026026026,0,-0.942223519966,-0.0792352293698,5,144
132,1,7.69244699634,4.0,10.0,0.027027027027,0,0.828752820069,0.20618853613,5,225
133,1,9.97175780527,3.0,10.0,0.019019019019,0,1.28545757768,1.11538507224,5,335
134,1,8.02797144887,6.0,11.0,0.026026026026,0,0.892420888327,0.350708783891,5,411
135,1,0.912874251923,,3.0,0.027027027027,0,-0.492688627497,-2.60905986559,5,49
136,1,3.26172927818,,12.0,0.032032032032,0,-0.992206478019,1.23834871223,5,206
137,1,6.22134482176,0.0,17.0,0.026026026026,0,0.489754193925,-0.247917760012,5,600
138,1,4.35641446001,0.0,11.0,0.0520520520521,0,-0.456908374668,0.727139584013,5,252
139,1,6.25334245938,1.0,10.0,0.036036036036,0,-0.667282399603,3.25518965819,5,125
140,1,0.172602165934,0.0,1.0,0.033033033033,1,-0.876377579382,-2.19826509592,5,27
141,1,1.8066328732,1.0,3.0,0.031031031031,0,-1.21344107768,0.446956106246,5,82
142,1,11.4106660525,5.0,12.0,0.018018018018,0,2.58168605703,-1.3343921186,5,485
143,1,4.35482761779,0.0,15.0,0.025025025025,0,-0.638861484472,1.27141207121,5,504
144,1,6.81599998165,0.0,7.0,0.0520520520521,0,-0.74480864978,4.05042593099,5,61
145,1,7.89073169051,,26.0,0.027027027027,0,0.903031042872,0.181638561897,5,901
146,1,9.29081295448,0.0,20.0,0.027027027027,0,1.76830031537,-1.01408799162,5,723
147,1,1.00476814647,1.0,14.0,0.028028028028,0,-1.70572451654,1.12194169611,5,286
148,1,10.7152440396,10.0,18.0,0.028028028028,0,1.45993430406,1.33544112744,5,565
149,1,2.23290638881,,4.0,0.022022022022,0,-1.54225573762,1.85967360168,5,148
150,1,6.78962697902,,7.0,0.022022022022,0,-0.0626710020294,1.97763998511,5,185
151,1,1.38516803555,1.0,21.0,0.029029029029,0,-0.283542955721,-2.76420309729,5,646
152,1,6.77006113515,,8.0,0.042042042042,0,1.44821076768,-2.57457116789,5,107
153,1,1.28746368534,0.0,5.0,0.027027027027,0,-1.29160939599,0.162291873298,5,130
154,1,2.83091837464,0.0,4.0,0.022022022022,0,-0.0895239807473,-1.90050968311,5,88
155,1,3.11199544762,,4.0,0.013013013013,0,-0.0660806822807,-1.68976250553,5,288
156,1,7.37923659745,,12.0,0.019019019019,0,0.607484900852,0.55678189489,5,530
157,1,1.67387737929,,15.0,0.018018018018,0,0.226388578153,-4.00528835517,5,804
158,1,7.43646331034,5.0,10.0,0.023023023023,0,0.986682179183,-0.523583227205,5,346
159,1,0.693546063649,,4.0,0.021021021021,0,-1.35137334695,-0.252333895502,5,149
160,1,3.25320859236,0.0,10.0,0.024024024024,0,-0.0259650981599,-1.66889611316,5,342
161,1,6.28305431296,,8.0,0.017017017017,0,0.780590753681,-1.05871794808,5,181
162,1,-1.76763606879,,0.0,0.03003003003,1,-1.2181414959,-3.1132115811,5,2
163,1,5.06369208272,,6.0,0.046046046046,0,-0.310838972873,0.996209001334,5,170
164,1,4.42705599082,,9.0,0.03003003003,0,0.341581973129,-1.59768992856,5,246
165,1,6.88583106674,0.0,15.0,0.021021021021,0,0.986649716271,-1.07411808207,5,557
166,1,6.60946056841,4.0,9.0,0.02002002002,0,-0.479917789214,3.04921393606,5,333
167,1,7.28584233873,,15.0,0.021021021021,0,-0.367312324523,3.3877793123,5,499
168,1,11.1653546992,10.0,12.0,0.02002002002,0,1.96782131646,0.261890749827,5,569
169,1,10.3341811221,7.0,22.0,0.042042042042,0,1.13086860854,1.94157529645,5,492
170,1,1.30920172866,1.0,10.0,0.024024024024,0,-1.70303757896,1.41831446554,5,276
171,1,2.793132197,2.0,13.0,0.022022022022,0,0.320238531716,-3.16758339815,5,410
172,1,8.30967344125,5.0,9.0,0.022022022022,0,0.0752203086589,3.08401251528,5,349
173,1,11.144392013,,12.0,0.029029029029,0,1.42886158734,1.857807251,5,322
174,1,7.00828856028,4.0,9.0,0.015015015015,0,0.297609603977,1.11545974835,5,343
175,1,9.85357601526,1.0,10.0,0.025025025025,0,0.797504460978,2.46106263233,5,361
176,1,9.92693219214,7.0,18.0,0.025025025025,0,1.78489845557,-0.42776317456,5,648
177,1,2.97788966404,0.0,14.0,0.027027027027,0,-2.10853728912,4.3035015314,5,418
178,1,1.35676371734,,9.0,0.031031031031,0,-0.938562337228,-0.82754927097,5,304
179,1,2.21462734904,0.0,3.0,0.024024024024,0,-0.585919657495,-1.02761367847,5,91
180,1,7.3283035349,6.0,15.0,0.026026026026,0,0.800924574838,-0.0744701896187,5,488
181,1,3.17590059066,2.0,13.0,0.021021021021,0,-1.04084276643,1.29842888995,5,493
182,1,7.70419360699,,20.0,0.022022022022,0,0.450222090337,1.35352733598,5,897
183,1,8.63830267744,4.0,17.0,0.027027027027,0,0.0756858170445,3.4112452263,5,609
184,1,0.165692850497,,2.0,0.025025025025,0,-0.383222589315,-3.68463938156,5,23
185,1,1.88131293246,,12.0,0.03003003003,0,-1.02991728108,-0.0289352242917,5,370
186,1,6.86103816657,4.0,11.0,0.016016016016,0,0.368908426437,0.754312887259,5,583
187,1,2.28626711894,2.0,11.0,0.02002002002,0,-0.359864171872,-1.63414036545,5,506
188,1,0.136170202357,,1.0,0.018018018018,0,-2.03479911175,1.2405675376,5,29
189,1,0.866923592637,0.0,2.0,0.013013013013,0,-1.7271226463,1.04829153155,5,62
190,1,5.32465012971,3.0,13.0,0.014014014014,0,1.08838065792,-2.94049184404,5,773
191,1,0.239771480028,,6.0,0.014014014014,0,-2.02897230707,1.32668840125,5,242
192,1,0.528820771695,0.0,13.0,0.042042042042,0,-1.11967466133,-1.11215524433,5,323
193,1,4.19934755056,2.0,13.0,0.022022022022,0,-0.333731182579,0.200541098298,5,431
194,1,10.2335018186,4.0,19.0,0.021021021021,0,1.78718819982,-0.128062780878,5,967
195,1,5.88508577598,,20.0,0.035035035035,0,0.879272012649,-1.75273026197,5,554
196,1,4.03583758073,,5.0,0.021021021021,0,-0.0937186465038,-0.68300647976,5,275
197,1,4.55071922364,2.0,9.0,0.026026026026,0,-0.119565121061,-0.0905854131756,5,383
198,1,8.631504368,7.0,17.0,0.025025025025,0,0.491876995175,2.15587338248,5,687
199,1,-2.31934027356,,27.0,0.035035035035,0,-1.70207165948,-2.21312529513,5,756
200,1,4.94030091494,2.0,10.0,0.028028028028,0,-0.0680173083448,0.144352839979,5,384
201,1,5.34060418846,,13.0,0.02002002002,0,-0.645178127649,2.27613857141,5,584
202,1,4.39298751005,,5.0,0.024024024024,0,-2.22953923808,6.08160522428,5,99
203,1,4.4127772079,,18.0,0.025025025025,0,-0.331522178236,0.407343742611,5,570
204,1,7.23476712447,2.0,9.0,0.02002002002,0,0.963047920441,-0.654376636856,5,273
205,1,8.83916991846,7.0,10.0,0.019019019019,0,0.612401558572,2.00196524274,5,408
206,1,-1.57416653644,,9.0,0.016016016016,0,-0.887510063431,-3.91163634614,5,526
207,1,6.57481998283,1.0,8.0,0.019019019019,0,0.270412209116,0.763583355486,5,117
208,1,7.13467201225,,13.0,0.024024024024,0,-0.284833648087,2.98917295651,5,456
209,1,9.93834285091,1.0,15.0,0.017017017017,0,0.506414701326,3.41909874693,5,758
210,1,2.87727998515,0.0,4.0,0.019019019019,0,-0.54753349482,-0.480119530386,5,219
211,1,8.59597172657,2.0,10.0,0.026026026026,0,1.78292095306,-1.75279113261,5,394
212,1,2.80645094194,,3.0,0.02002002002,0,-0.0851846381888,-1.9379951435,5,110
213,1,6.45859013323,3.0,7.0,0.03003003003,0,-0.272520005601,2.27615015003,5,193
214,1,5.65044691607,,12.0,0.013013013013,0,0.0347729488583,0.546128069493,5,899
215,1,4.56625370192,,14.0,0.032032032032,0,-0.459541614301,0.944878544823,5,321
216,1,-1.26782176535,,1.0,0.019019019019,0,-2.24629462378,0.471062106004,5,85
217,1,-4.56961621458,,0.0,0.017017017017,1,-1.18034391211,-6.02858447825,5,36
218,1,6.40711655889,5.0,11.0,0.023023023023,0,1.12035015368,-1.95393390217,5,350
219,1,1.79809372746,1.0,12.0,0.013013013013,0,-0.188980104083,-2.63496596029,5,852
220,1,3.61865781727,,4.0,0.019019019019,0,0.599925129522,-3.18111757129,5,160
221,1,-0.356399484225,,0.0,0.012012012012,1,-0.618132132101,-3.50200308792,5,22
222,1,7.3173397058,7.0,12.0,0.015015015015,0,0.213416490923,1.67709023303,5,685
223,1,4.31525957443,,13.0,0.013013013013,0,-0.413765516871,0.556556125042,5,898
224,1,3.94726869131,,10.0,0.029029029029,0,-0.995558181027,1.93394323439,5,328
225,1,1.30659985963,,2.0,0.022022022022,0,-1.40787841011,0.530235089973,5,56
226,1,9.00133693506,,24.0,0.025025025025,0,0.622350645347,2.13428499902,5,891
227,1,3.81396350184,1.0,10.0,0.012012012012,0,-1.02251553055,1.88151009351,5,829
228,1,2.61616795017,0.0,9.0,0.023023023023,0,0.0739441589375,-2.60566452664,5,214
229,1,9.98716012642,,15.0,0.019019019019,0,0.780205436293,2.64654381755,5,633
230,1,3.24540915421,2.0,11.0,0.012012012012,0,-0.51191319623,-0.218851257095,5,668
231,1,10.846464678,0.0,19.0,0.024024024024,0,1.75119628228,0.592875831122,5,918
232,1,0.638536678949,,4.0,0.02002002002,0,-0.582510106699,-2.61393300095,5,178
233,1,0.0252529010249,0.0,10.0,0.026026026026,0,-1.52952755995,-0.386164419136,5,379
234,1,0.777013852562,,1.0,0.021021021021,0,-1.18342941991,-0.672697887699,5,143
235,1,6.56254143264,6.0,13.0,0.015015015015,0,1.29412999379,-2.31984854874,5,781
236,1,4.3743806997,3.0,11.0,0.019019019019,0,-0.553921584018,1.03614545175,5,498
237,1,8.62510674941,5.0,11.0,0.026026026026,0,1.06438455876,0.431953073143,5,338
238,1,0.0698458264009,,4.0,0.027027027027,0,-1.45548058722,-0.563712411942,5,167
239,1,10.8995231188,7.0,11.0,0.023023023023,0,0.946665390927,3.05952694599,5,463
240,1,1.13429578442,,6.0,0.029029029029,0,0.279624221409,-4.70457687981,5,131
241,1,10.5894685215,5.0,12.0,0.022022022022,0,1.05144157415,2.43514379909,5,507
242,1,9.06447683665,9.0,11.0,0.016016016016,0,0.832712114358,1.56634049357,5,618
243,1,-4.41034558869,,1.0,0.018018018018,0,-1.97945853872,-3.47196997253,5,34
244,1,5.49007685718,2.0,8.0,0.031031031031,0,-0.0797972548863,0.729468621844,5,212
245,1,0.133305786911,,2.0,0.018018018018,0,-1.16566033179,-1.36971321772,5,50
246,1,-0.104216352072,,1.0,0.028028028028,0,-1.36376422013,-1.01292369168,5,33
247,1,8.08855874037,,10.0,0.03003003003,0,-0.234931172446,3.79335225771,5,263
248,1,3.66475871533,,8.0,0.018018018018,0,-0.0574133419674,-1.16300125877,5,226
249,1,6.27478761445,1.0,16.0,0.021021021021,0,1.19764478606,-2.31814674372,5,825
250,1,4.48944341814,0.0,9.0,0.02002002002,0,-0.0408905729896,-0.387884862894,5,360
251,1,3.15117735515,,7.0,0.018018018018,0,-0.378614971761,-0.712977729564,5,180
252,1,11.2789792214,9.0,16.0,0.016016016016,0,2.21936939126,-0.379128952402,5,938
253,1,9.02853307486,7.0,10.0,0.016016016016,0,0.932438997961,1.23121608098,5,388
254,1,5.80283774657,4.0,10.0,0.014014014014,0,0.383189012457,-0.346729290796,5,501
255,1,3.60019212898,3.0,10.0,0.017017017017,0,-0.0378537670145,-1.28624656997,5,514
256,1,10.3913987436,,19.0,0.022022022022,0,1.55468267952,0.727350705046,5,908
257,1,3.17734809952,3.0,11.0,0.026026026026,0,0.512170137765,-3.35916231377,5,577
258,1,2.35402414147,,3.0,0.018018018018,0,-1.23693828638,1.0648390006,5,155
259,1,5.15011825605,1.0,9.0,0.02002002002,0,0.457149668975,-1.22133075088,5,521
260,1,3.99910693515,,7.0,0.019019019019,0,-0.529580065346,0.587847131191,5,243
261,1,-3.17471086199,,0.0,0.021021021021,1,-1.68323018336,-3.12502031191,5,5
262,1,6.69964125989,6.0,12.0,0.022022022022,0,0.569887085345,-0.0100199961412,5,551
263,1,3.01169063748,0.0,14.0,0.016016016016,0,-0.335789864129,-0.98093977013,5,678
264,1,1.10535837221,0.0,8.0,0.018018018018,0,-1.36077423022,0.187681062881,5,405
265,1,6.97209081273,1.0,8.0,0.018018018018,0,1.99741983037,-4.02016867838,5,352
266,1,9.11563596229,5.0,17.0,0.031031031031,0,0.468747741768,2.70939273698,5,634
267,1,11.4651483885,10.0,15.0,0.019019019019,0,1.33624489817,2.45641369394,5,844
268,1,5.25801422859,,17.0,0.026026026026,0,0.845118910304,-2.27734250232,5,639
269,1,2.89557423367,0.0,3.0,0.024024024024,0,-0.0790290513477,-1.86733861228,5,111
270,1,9.28247118898,7.0,11.0,0.018018018018,0,1.16703440845,0.781367963637,5,590
271,1,4.51407869329,,5.0,0.02002002002,0,-0.0015352267325,-0.481315626517,5,256
272,1,8.68484083418,3.0,15.0,0.026026026026,0,0.749653789068,1.43587946697,5,594
273,1,-1.25867548896,,5.0,0.016016016016,0,-1.24875738106,-2.51240334577,5,183
274,1,5.24861669746,,11.0,0.015015015015,0,0.495521855359,-1.23794886861,5,562
275,1,2.08578021908,0.0,13.0,0.018018018018,0,-1.31551531632,1.03232616806,5,676
276,1,4.5819676294,3.0,10.0,0.015015015015,0,0.148840673224,-0.864554390268,5,659
277,1,2.21985447849,1.0,15.0,0.028028028028,0,-0.0928306675946,-2.50165351872,5,552
278,1,3.79193913208,3.0,11.0,0.026026026026,0,-0.708237575558,0.916651858749,5,393
279,1,2.50545114805,1.0,3.0,0.022022022022,0,-1.29494414546,1.39028358443,5,70
280,1,6.80294506479,1.0,9.0,0.019019019019,0,0.673696109098,-0.218143262499,5,559
281,1,3.09024109207,3.0,12.0,0.024024024024,0,-0.870312758296,0.701179366954,5,357
282,1,11.9060270626,9.0,12.0,0.016016016016,0,1.26741793575,3.10377325536,5,733
283,1,6.98209219534,,11.0,0.015015015015,0,0.666983359468,-0.0188578830645,5,638
284,1,10.4161818945,5.0,12.0,0.017017017017,0,1.54742120407,0.77391828225,5,765
285,1,-2.62583583233,,0.0,0.016016016016,1,-1.52991865701,-3.03607986131,5,14
286,1,4.03591524824,2.0,10.0,0.02002002002,0,-0.0678828578163,-0.760436178311,5,585
287,1,8.85194438717,1.0,13.0,0.016016016016,0,1.55645383165,-0.817417107765,5,735
288,1,2.19438720228,,6.0,0.03003003003,0,-1.17208336211,0.710637288619,5,172
289,1,1.14384713082,,3.0,0.03003003003,0,-1.71946262194,1.30223499664,5,119
290,1,-0.0425259183089,,2.0,0.018018018018,0,-0.531175480182,-3.44899947776,5,96
291,1,11.1704156464,11.0,14.0,0.018018018018,0,2.66430373289,-1.82249555225,5,690
292,1,1.60419676263,,2.0,0.015015015015,0,-0.0130008442612,-3.35680070458,5,35
293,1,7.35445435696,,19.0,0.027027027027,0,0.415658706477,1.10747823753,5,731
294,1,5.99065929867,,6.0,0.022022022022,0,0.863538050029,-1.59995485141,5,211
295,1,9.45840837067,,12.0,0.025025025025,0,0.805278524034,2.04257279857,5,476
296,1,9.67459191455,6.0,10.0,0.02002002002,0,0.565962078015,2.97670568051,5,438
297,1,4.38709071545,,9.0,0.015015015015,0,-0.942405458733,2.21430709165,5,465
298,1,5.36143714528,2.0,15.0,0.019019019019,0,0.0466330044862,0.221538131823,5,653
299,1,1.96489286834,,14.0,0.018018018018,0,-1.34654027764,1.00451370126,5,451
300,1,0.819445287058,,3.0,0.016016016016,0,-0.24891130136,-3.43382080886,5,77
301,1,7.75469457955,5.0,20.0,0.021021021021,0,1.27383653761,-1.06681503328,5,923
302,1,10.2523679555,4.0,15.0,0.021021021021,0,1.38165065174,1.10741600031,5,693
303,1,0.676299559883,,2.0,0.018018018018,0,-1.48993251898,0.146097116834,5,75
304,1,6.21227473972,2.0,7.0,0.013013013013,0,-1.31004724401,5.14241647174,5,489
305,1,6.0062721776,3.0,12.0,0.02002002002,0,0.429252893288,-0.281486502265,5,547
306,1,4.32167094322,1.0,7.0,0.016016016016,0,-0.444573603515,0.65539175376,5,297
307,1,4.16862078979,0.0,15.0,0.024024024024,0,0.312690714205,-1.76945135282,5,665
308,1,7.55438760276,,15.0,0.016016016016,0,0.77719191448,0.222811859318,5,822
309,1,-0.638158092911,,3.0,0.015015015015,0,-1.96400475695,0.253856177939,5,326
310,1,2.15336156158,,3.0,0.017017017017,0,-0.20184218425,-2.24111188567,5,229
311,1,4.96699208823,,12.0,0.023023023023,0,0.341975676179,-1.05893494031,5,468
312,1,5.08320928734,,7.0,0.024024024024,0,0.056911498087,-0.0875252069201,5,194
313,1,-0.112477888897,,13.0,0.015015015015,0,-1.39896983006,-0.915568398726,5,817
314,1,-0.312272149647,,2.0,0.019019019019,0,-1.7948986193,0.072423708247,5,32
315,1,7.89573681245,0.0,10.0,0.012012012012,0,0.282447897764,2.04839311916,5,533
316,1,2.94230301756,2.0,11.0,0.019019019019,0,0.0734596519185,-2.2780759382,5,278
317,1,9.37258689154,6.0,16.0,0.016016016016,0,0.54679104837,2.73221374643,5,875
318,1,7.22310958807,3.0,9.0,0.019019019019,0,-0.529276015189,3.81093763364,5,351
319,1,1.91384974086,1.0,2.0,0.013013013013,1,-0.543491395949,-1.45567607129,5,44
320,1,11.37931697,8.0,19.0,0.019019019019,0,0.865919336694,3.78155895993,5,877
321,1,5.07433138011,,6.0,0.018018018018,0,-0.0387898443571,0.190700913183,5,259
322,1,6.91209206464,6.0,7.0,0.014014014014,1,0.556752846917,0.241833523886,5,389
323,1,5.92280691226,,9.0,0.016016016016,0,0.237622348216,0.209939867613,5,529
324,1,3.06806588593,,14.0,0.02002002002,0,-1.7856949678,3.42515078934,5,596
325,1,4.06461028163,4.0,10.0,0.019019019019,0,0.16409830308,-1.42768462761,5,581
326,1,10.3476117266,1.0,21.0,0.021021021021,0,0.903922988704,2.63584276045,5,885
327,1,4.72629943411,,8.0,0.02002002002,0,-1.0227410715,2.79452264863,5,262
328,1,5.57254972207,0.0,6.0,0.019019019019,0,-0.515967755346,2.1204529881,5,444
329,1,2.40551108904,,16.0,0.016016016016,0,0.149501743922,-3.04299414272,5,964
330,1,5.45747928189,5.0,12.0,0.018018018018,0,1.02611802334,-2.62087478814,5,675
331,1,9.69970796863,3.0,13.0,0.016016016016,0,1.62106259072,-0.163479803538,5,473
332,1,8.76653940769,4.0,14.0,0.024024024024,0,0.958805310024,0.890123477612,5,505
333,1,6.98212964559,1.0,15.0,0.023023023023,0,0.568721476362,0.2759652165,5,543
334,1,0.887338339768,,10.0,0.014014014014,0,0.206271020464,-4.73147472162,5,428
335,1,11.0964443227,11.0,13.0,0.013013013013,0,1.00840054574,3.07124268554,5,962
336,1,6.35536244932,4.0,7.0,0.013013013013,0,0.902086255839,-1.3508963182,5,363
337,1,0.0503886054523,0.0,2.0,0.019019019019,0,-0.926026946471,-2.17153055513,5,80
338,1,0.691817612502,,1.0,0.018018018018,0,-0.918797968818,-1.55178848104,5,191
339,1,4.0071988182,2.0,9.0,0.017017017017,0,0.0228711994702,-1.06141478021,5,382
340,1,1.79868127016,1.0,11.0,0.012012012012,0,-0.468557460915,-1.7956463471,5,854
341,1,6.81069391633,3.0,14.0,0.015015015015,0,-0.330294158575,2.80157639205,5,808
342,1,8.4768201008,8.0,14.0,0.014014014014,0,1.35710444437,-0.594493232307,5,866
343,0,12.5288798156,11.0,,0.012012012012,0,1.25829035098,3.7540087627,5,547
344,1,2.31852615979,0.0,8.0,0.014014014014,0,-1.39994896808,1.51837306403,5,643
345,1,11.57553775,,12.0,0.013013013013,0,1.43461013285,2.27170735139,5,726
346,1,7.90048090092,5.0,13.0,0.014014014014,0,0.221910389117,2.23474973357,5,789
347,1,9.97354094463,3.0,11.0,0.015015015015,0,1.56180791866,0.288117188663,5,743
348,1,8.26125960986,8.0,12.0,0.015015015015,0,1.24102103211,-0.461803486467,5,798
349,1,3.34612727281,1.0,10.0,0.012012012012,0,-0.483957775004,-0.201999402179,5,679
350,1,10.7685326214,10.0,11.0,0.012012012012,1,0.978353917474,2.83347086899,5,791
351,1,0.0598896219418,0.0,8.0,0.012012012012,0,-1.39407756403,-0.757877685965,5,801
352,1,8.27726070509,6.0,10.0,0.018018018018,0,1.18105008222,-0.265889541557,5,469
353,1,2.66086155035,2.0,5.0,0.023023023023,0,-0.470891645869,-0.926463512048,5,227
354,1,10.1131996194,3.0,15.0,0.022022022022,0,0.484954044272,3.65833748659,5,531
355,1,2.3986500986,,6.0,0.02002002002,0,-1.09164680955,0.673590527246,5,210
356,1,6.65679721577,3.0,7.0,0.016016016016,0,0.961700540605,-1.22830440605,5,372
357,1,9.96912282603,,14.0,0.015015015015,0,0.527481377462,3.38667869365,5,936
358,1,6.46828695392,6.0,16.0,0.018018018018,0,1.10119871108,-1.83530917932,5,806
359,1,0.0263673709343,0.0,1.0,0.013013013013,1,-1.38793525066,-0.809826877086,5,51
360,1,2.72419070577,,7.0,0.012012012012,0,-1.77743292115,3.05648946921,5,429
361,1,0.927228712963,,19.0,0.02002002002,0,-1.68220225976,0.97383549224,5,864
362,1,8.73564797333,1.0,16.0,0.016016016016,0,0.992541112195,0.758024636748,5,742
363,1,0.264959628824,0.0,16.0,0.017017017017,0,-1.03662350435,-1.62516985811,5,838
364,1,9.47483825336,5.0,13.0,0.017017017017,0,0.164399547962,3.98163960948,5,694
365,1,10.0164435888,9.0,11.0,0.013013013013,0,0.41451078857,3.77291122305,5,775
366,1,1.87674076412,0.0,12.0,0.014014014014,0,-0.361535696148,-2.03865214743,5,734
367,1,7.96085102665,7.0,10.0,0.017017017017,0,1.52414473418,-1.61158317588,5,516
368,1,4.28659950781,4.0,6.0,0.017017017017,0,0.0939358865853,-0.995208151941,5,188
369,1,9.81003238944,0.0,11.0,0.017017017017,0,0.535725659993,3.20285540946,5,427
370,1,10.8872628582,8.0,16.0,0.02002002002,0,0.503815705393,4.37581574198,5,763
371,1,0.118428583335,0.0,1.0,0.013013013013,1,-1.46014699534,-0.501130430641,5,67
372,1,7.2504223116,4.0,10.0,0.015015015015,0,0.763455357719,-0.0399437615551,5,532
373,1,0.202908724575,,2.0,0.022022022022,0,-2.19188865093,1.77857467736,5,60
374,1,8.50379452889,7.0,11.0,0.016016016016,0,1.1594322414,0.0254978046982,5,635
375,1,1.35823955077,1.0,4.0,0.012012012012,0,-0.237665929121,-2.92876266187,5,347
376,1,1.84544993212,1.0,4.0,0.016016016016,0,-1.33137376705,0.839571233261,5,81
377,1,9.63490558287,9.0,12.0,0.017017017017,0,1.14788164727,1.19126064107,5,652
378,1,8.01440633493,0.0,14.0,0.016016016016,0,0.463815521748,1.62295976968,5,787
379,1,8.46397050843,,9.0,0.016016016016,0,0.973082199172,0.544723910911,5,314
380,1,9.40062134314,6.0,15.0,0.016016016016,0,0.693200804196,2.32101893056,5,861
381,0,13.3010429551,12.0,,0.012012012012,0,1.68319605829,3.25145478017,5,230
382,1,4.4356693561,4.0,10.0,0.015015015015,0,0.0799563751787,-0.804199769438,5,711
383,1,4.93114396014,1.0,11.0,0.013013013013,0,0.184222281806,-0.621522885279,5,759
384,1,2.2515012171,2.0,7.0,0.017017017017,0,0.110688809657,-3.08056521187,5,373
385,1,7.96150289889,6.0,8.0,0.018018018018,0,1.40718265886,-1.2600450777,5,287
386,1,1.49953236312,1.0,2.0,0.011011011011,1,-1.11866070903,-0.144485509793,5,158
387,1,7.66991515216,6.0,12.0,0.017017017017,0,0.596481399063,0.88047095497,5,611
388,1,4.90625157337,4.0,5.0,0.02002002002,1,-0.101094558933,0.209535250165,5,367
389,1,11.3579718306,11.0,12.0,0.014014014014,1,1.591161856,1.58448626258,5,782
390,1,7.77814110927,6.0,15.0,0.016016016016,0,1.1280647283,-0.606053075631,5,786
391,1,5.97559355002,2.0,10.0,0.022022022022,0,0.788623238946,-1.39027616682,5,312
392,1,5.37901318169,,7.0,0.014014014014,0,-0.374044265741,1.50114597891,5,316
393,1,0.882993511584,,2.0,0.014014014014,0,-1.55550888183,0.549520157069,5,84
394,1,6.04512792141,6.0,12.0,0.014014014014,0,0.569626954669,-0.6637529426,5,656
395,1,4.0949874331,2.0,15.0,0.017017017017,0,-1.04680574517,2.2354046686,5,904
396,1,10.3742359484,9.0,15.0,0.016016016016,0,0.954298814837,2.51133950394,5,925
397,1,10.1767441889,10.0,15.0,0.016016016016,0,0.736981144421,2.96580075566,5,872
398,1,1.9310142431,0.0,5.0,0.016016016016,0,-1.19651633643,0.5205632524,5,271
399,1,3.21680537808,,10.0,0.022022022022,0,0.170986528319,-2.29615420687,5,253
400,1,11.4613724376,9.0,13.0,0.015015015015,0,2.13420547188,0.0587560219949,5,644
401,1,4.86515197527,,8.0,0.014014014014,0,-0.49249143357,1.34262627598,5,637
402,1,8.48016678957,7.0,10.0,0.017017017017,0,1.11519457231,0.134583072631,5,374
403,1,2.65223229636,0.0,3.0,0.013013013013,0,-0.0696525539468,-2.1388100418,5,239
404,0,16.199503043,16.0,,0.016016016016,0,2.25280380237,4.44109163593,5,459
405,1,-6.54323463458,,2.0,0.013013013013,0,-1.96962821653,-5.63434998499,5,200
406,1,4.21533666764,1.0,5.0,0.022022022022,0,1.27648877199,-4.61412964832,5,79
407,1,7.70107721225,,12.0,0.014014014014,0,0.76029989518,0.420177526713,5,744
408,1,7.01897104733,1.0,12.0,0.016016016016,0,-0.201762854601,2.62425961113,5,613
409,1,3.7371587115,,6.0,0.014014014014,0,0.262204172649,-2.04945380645,5,396
410,1,-1.28379099986,,0.0,0.015015015015,1,-0.486645461576,-4.82385461513,5,4
411,1,3.54307266356,1.0,5.0,0.014014014014,0,0.292639296431,-2.33484522573,5,186
412,1,1.21001150657,,10.0,0.011011011011,0,-2.00347577701,2.22043883761,5,401
413,1,1.7595010016,0.0,4.0,0.013013013013,0,0.108222073675,-3.56516521943,5,298
414,1,5.94401381389,5.0,9.0,0.014014014014,0,-0.0505811888074,1.09575738031,5,558
415,1,1.12026977503,,6.0,0.011011011011,0,-0.760850221792,-1.5971795596,5,261
416,1,0.69512082109,,6.0,0.017017017017,0,-0.199749944995,-3.70562934393,5,336
417,1,5.69616251866,3.0,10.0,0.018018018018,0,0.377732226882,-0.437034161982,5,484
418,1,5.98356170733,2.0,11.0,0.019019019019,0,1.28910395699,-2.88375016365,5,442
419,1,10.4166492845,9.0,15.0,0.018018018018,0,0.443965136919,4.08475387372,5,910
420,1,-0.139349957414,,0.0,0.018018018018,1,-0.646575416591,-3.19962370764,5,25
421,1,9.99573793646,7.0,14.0,0.019019019019,0,1.49495272839,0.51087975128,5,564
422,1,5.92624889073,2.0,17.0,0.019019019019,0,-0.370916585723,2.0389986479,5,920
423,1,-2.55492860133,,0.0,0.021021021021,1,-2.93211369151,1.24141247321,5,24
424,1,9.49335930755,3.0,15.0,0.017017017017,0,0.241298648493,3.76946336207,5,780
425,1,6.6480077506,,7.0,0.016016016016,0,1.16483027507,-1.8464830746,5,386
426,1,8.32767459179,8.0,11.0,0.015015015015,0,1.72166733524,-1.83732741393,5,795
427,1,6.12479865031,5.0,10.0,0.013013013013,0,-0.397741251315,2.31802240425,5,865
428,1,-0.728422390619,,1.0,0.015015015015,0,-1.25142765566,-1.97413942365,5,128
429,1,4.38801708397,1.0,15.0,0.016016016016,0,-0.10617864425,-0.293446983279,5,876
430,1,5.0748201407,1.0,11.0,0.017017017017,0,1.1066409652,-3.24510275491,5,556
431,1,3.20101523677,3.0,8.0,0.018018018018,0,0.121804433805,-2.16439806465,5,599
432,1,13.5951781268,1.0,15.0,0.017017017017,0,2.68840095969,0.52997524775,5,827
433,1,6.14222358509,5.0,9.0,0.015015015015,0,-0.281835599005,1.9877303821,5,708
434,1,2.87395275799,,6.0,0.014014014014,0,0.160636467117,-2.60795664337,5,299
435,1,-0.383233732285,,3.0,0.012012012012,0,-1.59070118212,-0.611130185929,5,171
436,1,-0.755092735444,,0.0,0.016016016016,1,-0.887389977963,-3.09292280156,5,8
437,1,5.7241037165,5.0,15.0,0.016016016016,0,0.571444466006,-0.990229681515,5,958
438,1,5.66644120248,0.0,7.0,0.012012012012,0,0.459883992799,-0.713210775914,5,412
439,1,1.43024948504,,8.0,0.013013013013,0,-1.95274935003,2.28849753513,5,248
440,1,7.37560245744,0.0,15.0,0.021021021021,0,-0.309591667345,3.30437745948,5,623
441,1,3.20376689855,1.0,7.0,0.013013013013,0,-0.445257318042,-0.460461147323,5,620
442,1,2.03600879261,1.0,11.0,0.015015015015,0,-0.762578440826,-0.676255884909,5,698
443,1,-0.387433755887,,0.0,0.011011011011,1,-1.31669246964,-1.43735634697,5,16
444,1,7.59424103698,6.0,13.0,0.014014014014,0,0.203675901471,1.98321333256,5,942
445,1,4.33430980982,2.0,6.0,0.013013013013,0,0.433067041691,-1.96489131525,5,215
446,1,4.9016282869,,10.0,0.01001001001,0,0.178060174325,-0.632552236076,5,914
447,1,7.17811498512,6.0,10.0,0.014014014014,0,0.103362641078,1.86802706188,5,555
448,1,4.63608097965,2.0,8.0,0.015015015015,0,-0.71994710546,1.79592229603,5,511
449,1,10.1564002338,10.0,15.0,0.016016016016,0,1.84538504673,-0.379754906349,5,845
450,1,6.34698348484,3.0,8.0,0.017017017017,0,0.790789677671,-1.02538554817,5,368
451,1,6.56815978253,2.0,9.0,0.018018018018,0,0.172200192558,1.05155920485,5,450
452,1,4.35001339324,0.0,7.0,0.014014014014,0,-1.22460636268,3.02383248129,5,574
453,1,-2.53149747207,,0.0,0.015015015015,1,-1.33444780026,-3.5281540713,5,57
454,1,4.13815063727,3.0,5.0,0.017017017017,0,1.34795291667,-4.90570811273,5,310
455,1,2.20791048778,,3.0,0.02002002002,0,-0.331748748211,-1.79684326759,5,120
456,1,4.60788745097,,10.0,0.011011011011,0,-0.341871620216,0.633502311616,5,859
457,1,7.27842027143,,14.0,0.018018018018,0,0.0448481741792,2.1438757489,5,595
458,1,-0.996535448625,,0.0,0.016016016016,1,-2.38152020271,1.14802515951,5,30
459,1,-1.12765656907,,15.0,0.016016016016,0,-2.20898470794,0.499297554743,5,831
460,1,9.31646323658,9.0,10.0,0.011011011011,1,2.08959640702,-1.9523259845,5,814
461,1,6.62367054018,2.0,7.0,0.019019019019,0,-0.181570957355,2.16838341224,5,341
462,1,1.14471012502,,8.0,0.012012012012,0,-2.17872871772,2.68089627817,5,622
463,0,11.7929579289,11.0,,0.011011011011,0,1.67030571347,1.78204078849,5,754
464,1,3.61232707921,,11.0,0.012012012012,0,0.721435533817,-3.55197952224,5,662
465,1,0.512903746375,,8.0,0.018018018018,0,-1.30942290679,-0.558827533257,5,254
466,1,1.50154428904,1.0,2.0,0.017017017017,1,-1.17122725504,0.0152260541462,5,39
467,1,0.648665291675,,2.0,0.021021021021,0,-1.52346614299,0.219063720643,5,129
468,1,9.74276084577,0.0,10.0,0.014014014014,0,0.84922795149,2.1950769913,5,796
469,1,10.9228540934,7.0,13.0,0.015015015015,0,2.02028819304,-0.138010485742,5,606
470,1,4.54740651386,0.0,9.0,0.011011011011,0,0.590665543463,-2.22459011653,5,587
471,1,1.34307470085,,2.0,0.018018018018,0,-0.74288489484,-1.42827061463,5,66
472,1,4.66609457587,2.0,6.0,0.014014014014,0,-0.371594323947,0.780877547707,5,283
473,1,8.22355020999,5.0,10.0,0.012012012012,0,1.48157055278,-1.22116144836,5,905
474,1,4.34154719011,4.0,13.0,0.016016016016,0,-0.685801252338,1.39895094712,5,642
475,1,6.54749912913,3.0,9.0,0.017017017017,0,-0.521209175392,3.11112665531,5,433
476,1,7.84468378813,0.0,14.0,0.016016016016,0,0.331016440464,1.85163446674,5,580
477,1,3.61335525129,3.0,8.0,0.011011011011,0,-0.545592701851,0.250133356843,5,607
478,1,3.19009729261,1.0,11.0,0.013013013013,0,-0.337386401216,-0.797743503739,5,839
479,1,8.88136635733,3.0,10.0,0.018018018018,0,0.36435407195,2.78830414148,5,462
480,1,6.50340391353,3.0,7.0,0.01001001001,0,0.202017523989,0.897351341562,5,502
481,1,2.5092909627,,4.0,0.013013013013,0,-0.790293062496,-0.119829849809,5,173
482,1,3.44705464899,,5.0,0.017017017017,0,-0.906061154834,1.1652381135,5,136
483,1,1.58595662734,,2.0,0.015015015015,0,-2.04844072584,2.73127880485,5,121
484,1,-1.19334286762,,5.0,0.012012012012,0,-1.89831374992,-0.498401617846,5,337
485,1,9.15994112059,6.0,15.0,0.017017017017,0,0.822843044138,1.69141198818,5,712
486,1,5.4551282422,1.0,8.0,0.018018018018,0,0.526904366114,-1.12558485614,5,404
487,1,8.20584102607,4.0,10.0,0.016016016016,0,0.748102528083,0.961533441819,5,478
488,1,4.51223453642,4.0,10.0,0.013013013013,0,-0.723044606938,1.68136835723,5,689
489,1,6.66294247331,,9.0,0.014014014014,0,0.235906550044,0.955222823184,5,593
490,1,-0.774857862265,,3.0,0.015015015015,0,-1.4191786103,-1.51732203137,5,255
491,1,3.98402320471,1.0,16.0,0.019019019019,0,0.0835878765149,-1.26674042483,5,867
492,1,9.75842150441,0.0,14.0,0.014014014014,0,1.42204785849,0.49227792895,5,945
493,1,6.99252943719,4.0,8.0,0.02002002002,0,0.0315775901771,1.89779666666,5,359
494,1,6.18043768119,,8.0,0.011011011011,0,0.826589986966,-1.29933227971,5,319
495,1,5.39877699462,,13.0,0.019019019019,0,0.0583867352598,0.223616788845,5,710
496,1,7.06482610198,,16.0,0.017017017017,0,0.235594378629,1.3580429661,5,816
497,1,2.97464062348,0.0,13.0,0.014014014014,0,-0.417365374959,-0.773263251643,5,911
498,1,9.37294357341,0.0,14.0,0.014014014014,0,-0.00853732414999,4.39855554586,5,776
499,1,3.37005617774,,4.0,0.014014014014,0,0.145323578664,-2.06591455825,5,202
500,1,4.94455294081,2.0,7.0,0.012012012012,0,0.131822146221,-0.450913497858,5,537
501,1,9.26312327884,5.0,11.0,0.014014014014,0,1.13521211455,0.857486935181,5,645
502,1,4.87209072636,1.0,11.0,0.013013013013,0,0.641618911109,-2.05276600697,5,792
503,1,4.07823387948,1.0,7.0,0.015015015015,0,0.229470428564,-1.61017740621,5,483
504,1,6.51116913715,3.0,12.0,0.014014014014,0,0.441854374274,0.18560601433,5,746
505,1,0.371835535843,,2.0,0.016016016016,0,-1.37511838858,-0.502809298402,5,137
506,1,8.01106545762,6.0,9.0,0.011011011011,0,1.000929259,0.00827768061457,5,757
507,1,2.64388033917,,3.0,0.012012012012,0,-1.13842126032,1.05914412012,5,290
508,1,11.1306769739,11.0,12.0,0.012012012012,1,2.17741540818,-0.401569250583,5,963
509,1,4.80207941671,,8.0,0.01001001001,0,0.28767549189,-1.06094705896,5,400
510,1,10.8507770073,9.0,12.0,0.013013013013,0,1.62385402112,0.979214943956,5,924
511,1,7.35221757073,6.0,10.0,0.012012012012,0,0.607229690787,0.530528498365,5,824
512,1,0.603908557728,0.0,4.0,0.017017017017,0,-0.737316087466,-2.18414317987,5,166
513,1,3.43262252918,1.0,5.0,0.018018018018,0,-0.798968357189,0.829527600746,5,294
514,1,2.8234183898,,6.0,0.014014014014,0,-0.569917416135,-0.466829361792,5,277
515,1,2.69512893182,,8.0,0.017017017017,0,-0.14848202518,-1.85942499264,5,417
516,1,2.50209731277,0.0,4.0,0.012012012012,0,-0.882253489346,0.148857780812,5,109
517,1,3.28103648125,2.0,7.0,0.011011011011,0,-0.351834954908,-0.663458654031,5,686
518,1,1.77270967056,0.0,3.0,0.012012012012,0,0.465017347234,-4.62234237114,5,313
519,1,2.43157499718,0.0,3.0,0.014014014014,0,0.626703051376,-4.44853415695,5,113
520,1,1.62130405082,1.0,2.0,0.014014014014,1,-1.74079855673,1.843699721,5,165
521,1,11.3127126724,11.0,12.0,0.015015015015,1,0.619962931279,4.45282387857,5,840
522,1,6.04860471365,5.0,8.0,0.011011011011,0,0.638954315467,-0.868258232747,5,761
523,1,1.98151205804,,5.0,0.013013013013,0,-0.828588115971,-0.532723594046,5,196
524,1,1.43530555521,1.0,4.0,0.013013013013,0,-1.34701444376,0.476348886508,5,105
525,1,0.338869891972,0.0,9.0,0.016016016016,0,-0.61001104077,-2.83109698572,5,435
526,1,-0.162102910407,,0.0,0.011011011011,1,-1.81961619541,0.296745675836,5,38
527,1,3.08742015344,2.0,8.0,0.011011011011,0,-1.11013251925,1.4178177112,5,522
528,1,1.43391707934,0.0,8.0,0.012012012012,0,-0.567090522663,-1.86481135267,5,683
529,1,2.89647491351,1.0,6.0,0.015015015015,0,-0.827999661992,0.380473899486,5,461
530,1,8.2294780308,7.0,14.0,0.016016016016,0,1.82876527014,-2.25681777962,5,727
531,1,2.07179854217,2.0,9.0,0.011011011011,0,-1.64803893268,2.01591534019,5,539
532,1,4.59498927964,3.0,10.0,0.011011011011,0,-0.966952283557,2.49584613031,5,671
533,1,9.10756303624,9.0,11.0,0.017017017017,0,1.29616385117,0.219071482743,5,682
534,1,0.00138913706605,,1.0,0.014014014014,0,-1.01300815543,-1.95958639664,5,12
535,1,8.24408609024,5.0,11.0,0.013013013013,0,0.967823173427,0.340616569964,5,588
536,0,15.7611838721,12.0,,0.012012012012,0,2.66932863979,2.75319795278,5,147
537,1,1.95384047996,,4.0,0.011011011011,0,0.0771186963312,-3.27751560903,5,182
538,1,-0.896073566551,,12.0,0.013013013013,0,-2.04505914079,0.239103855805,5,855
539,0,11.8851892905,10.0,,0.01001001001,0,0.889872861519,4.21557070595,5,739
540,1,1.72420430362,,2.0,0.012012012012,0,-0.799340870608,-0.877773084557,5,133
541,1,5.08886180296,0.0,11.0,0.012012012012,0,0.58396064684,-1.66302013756,5,805
542,1,3.90247282675,,9.0,0.01001001001,0,-0.0733642235094,-0.877434502725,5,520
543,1,5.98794628668,2.0,7.0,0.011011011011,0,0.0819289554223,0.742159420413,5,664
544,1,5.62224732017,1.0,9.0,0.012012012012,0,-0.147372407843,1.0643645437,5,699
545,1,8.15733573273,,10.0,0.016016016016,0,0.392332141144,1.9803393093,5,487
546,1,2.69146546247,2.0,9.0,0.016016016016,0,-1.44966439513,2.04045864785,5,381
547,1,5.11272710488,5.0,7.0,0.014014014014,0,-0.365614952058,1.20957196105,5,544
548,1,3.42346998857,2.0,10.0,0.013013013013,0,-0.000371102993352,-1.57541670245,5,589
549,1,5.57482164782,4.0,8.0,0.015015015015,0,0.140954238991,0.151958930843,5,302
550,1,2.90394962696,0.0,4.0,0.02002002002,0,-0.173571159437,-1.57533689472,5,147
551,1,3.00775244849,,5.0,0.01001001001,0,-1.22042564204,1.66902937462,5,284
552,1,4.24714396143,,5.0,0.017017017017,0,-0.2068400092,-0.132336010972,5,241
553,1,10.3032637064,10.0,12.0,0.015015015015,0,1.55514254554,0.637836069811,5,815
554,1,-2.21383507362,,0.0,0.012012012012,1,-2.5141646354,0.328658832584,5,52
555,1,1.1750875115,0.0,11.0,0.012012012012,0,-0.084738213526,-3.57069784793,5,697
556,0,12.8255395844,12.0,,0.012012012012,0,2.17042794843,1.31425573906,5,531
557,1,4.37502485991,3.0,6.0,0.014014014014,0,0.471206277371,-2.03859397221,5,375
558,1,5.22669568246,5.0,9.0,0.014014014014,0,-0.18894266075,0.793523664711,5,568
559,1,-0.363229141089,,0.0,0.012012012012,1,-2.44412688526,1.96915151468,5,1
560,1,2.21158722248,1.0,13.0,0.016016016016,0,-0.342016025261,-1.76236470174,5,612
561,1,6.81544839059,5.0,7.0,0.012012012012,0,0.520867377743,0.252846257364,5,615
562,1,4.56018668481,,5.0,0.02002002002,0,0.677015991158,-2.47086128866,5,209
563,1,7.09361707383,2.0,10.0,0.013013013013,0,-0.103057648691,2.4027900199,5,640
564,1,1.4942206367,,3.0,0.016016016016,0,-0.0601721953074,-3.32526277738,5,83
565,1,1.72227230273,,2.0,0.016016016016,0,-0.303823129231,-2.36625830958,5,98
566,1,1.99852706512,1.0,2.0,0.013013013013,1,-0.242651476934,-2.27351850408,5,112
567,1,0.739625236957,,1.0,0.013013013013,0,-1.25405125794,-0.498220989215,5,9
568,1,4.88845405375,2.0,5.0,0.014014014014,0,0.681075467663,-2.15477234924,5,207
569,1,9.46854325558,2.0,10.0,0.011011011011,0,1.1857840798,0.911191016181,5,624
570,1,9.7931436032,5.0,10.0,0.014014014014,0,0.603133554175,2.98374294067,5,453
571,1,7.76761738769,7.0,16.0,0.016016016016,0,0.998843399639,-0.22891281123,5,823
572,1,4.57403213335,3.0,6.0,0.012012012012,0,-0.197684299552,0.167085032005,5,237
573,1,7.23454463842,6.0,8.0,0.012012012012,0,0.828232517705,-0.250152914693,5,713
574,1,7.1685668278,7.0,11.0,0.011011011011,0,0.277317097457,1.33661553543,5,837
575,1,6.69468182009,2.0,7.0,0.01001001001,0,1.29300053877,-2.18431979621,5,654
576,1,1.11868155929,1.0,8.0,0.012012012012,0,-0.805472523456,-1.46490087034,5,661
577,1,3.89743385112,2.0,4.0,0.016016016016,0,0.11281259447,-1.44100393229,5,126
578,1,8.82982521001,,10.0,0.011011011011,0,0.442779985203,2.5014852544,5,745
579,1,5.11298320315,1.0,6.0,0.011011011011,0,-0.942159417842,2.93946145667,5,378
580,1,5.8798456662,0.0,8.0,0.011011011011,0,0.241635816859,0.154938215627,5,598
581,1,6.24425271397,,8.0,0.012012012012,0,0.812433414612,-1.19304752987,5,305
582,1,7.74632085993,,9.0,0.015015015015,0,0.809097349019,0.31902881287,5,591
583,1,12.1705203282,10.0,16.0,0.02002002002,0,2.389121825,0.00315485314879,5,802
584,1,4.24791609729,,13.0,0.014014014014,0,0.467074363351,-2.15330699276,5,937
585,1,6.11427830586,6.0,9.0,0.011011011011,0,0.471322442202,-0.299689020741,5,575
586,1,9.57899952618,9.0,10.0,0.014014014014,1,1.39237228883,0.401882659698,5,738
587,1,5.2329379879,2.0,10.0,0.013013013013,0,-0.0453054426139,0.368854315742,5,479
588,1,5.75555377145,,8.0,0.018018018018,0,0.469153504566,-0.65190674225,5,339
589,1,2.09060992779,1.0,3.0,0.012012012012,0,-0.906557823849,-0.189716600665,5,103
590,1,2.96811404231,,6.0,0.01001001001,0,-1.29516065487,1.85359600692,5,403
591,1,8.55664120156,3.0,11.0,0.015015015015,0,-0.194272153867,4.13945766316,5,545
592,1,4.12120088467,3.0,6.0,0.011011011011,0,-1.15831238886,2.59613805124,5,296
593,1,7.961184714,,12.0,0.015015015015,0,0.514569017281,1.41747766216,5,626
594,1,8.01859839778,8.0,10.0,0.011011011011,0,0.87209487525,0.402313772027,5,663
595,1,11.6703993104,11.0,12.0,0.013013013013,1,1.58473985316,1.91617975091,5,949
596,1,-3.37543944873,,2.0,0.014014014014,0,-2.76937408315,-0.0673171992921,5,124
597,1,7.33714689837,0.0,12.0,0.012012012012,0,0.982875852487,-0.611480659088,5,862
598,1,10.2245742265,10.0,11.0,0.011011011011,1,1.83956256951,-0.294113482051,5,896
599,1,8.02722388737,0.0,10.0,0.014014014014,0,0.681222635338,0.983555981357,5,576
600,1,-5.44520007924,,3.0,0.012012012012,0,-1.44563852839,-6.10828449406,5,141
601,1,2.95219500536,,10.0,0.015015015015,0,-0.213238264656,-1.40809020067,5,421
602,1,7.4216906903,7.0,12.0,0.012012012012,0,1.18894224147,-1.14513603412,5,894
603,1,4.48419168526,4.0,11.0,0.012012012012,0,-0.296031939476,0.372287503692,5,834
604,1,3.3311176323,,4.0,0.017017017017,0,-0.371935807092,-0.553074946424,5,93
605,1,5.9975945725,1.0,6.0,0.01001001001,0,0.211746234363,0.362355869414,5,549
606,1,2.94749246219,2.0,6.0,0.01001001001,0,-1.06861165795,1.15332743604,5,416
607,1,10.1359125464,6.0,13.0,0.014014014014,0,1.13368788754,1.73484888372,5,895
608,1,7.15268252531,4.0,10.0,0.012012012012,0,1.06568942153,-1.04438573927,5,783
609,1,0.756521526519,0.0,1.0,0.012012012012,1,-0.741117031085,-2.02012738023,5,78
610,1,3.75441804868,3.0,5.0,0.012012012012,0,0.678710027632,-3.28171203421,5,303
611,1,7.69491911476,0.0,10.0,0.014014014014,0,0.322409239896,1.72769139507,5,696
612,1,9.43782767957,4.0,10.0,0.011011011011,0,0.950331220849,1.58683401702,5,790
613,1,1.68746117933,,7.0,0.012012012012,0,-0.41118149798,-2.07899432673,5,407
614,1,6.75398520936,3.0,10.0,0.012012012012,0,0.200830653967,1.15149324746,5,752
615,1,-1.72585903454,,6.0,0.014014014014,0,-1.88129137969,-1.08198489548,5,458
616,1,4.9841636793,0.0,7.0,0.012012012012,0,0.549687223549,-1.66489799134,5,523
617,1,5.24561064031,,6.0,0.015015015015,0,0.0971027111964,-0.0456974932787,5,218
618,1,4.39933186103,2.0,6.0,0.013013013013,0,-0.832189710337,1.89590099204,5,234
619,1,1.14912569436,0.0,5.0,0.016016016016,0,-0.271628923651,-3.03598753468,5,413
620,1,6.49258084955,4.0,8.0,0.015015015015,0,0.142617103423,1.06472953929,5,371
621,1,11.4054688707,11.0,14.0,0.017017017017,0,0.489747589523,4.93622610216,5,753
622,1,3.79844344047,1.0,9.0,0.01001001001,0,-0.40723460817,0.0201472649864,5,764
623,1,0.381288854696,0.0,1.0,0.013013013013,1,-1.48791872378,-0.154954973956,5,17
624,1,9.20604040578,6.0,13.0,0.015015015015,0,1.76459285972,-1.08773817338,5,889
625,1,6.49286004244,6.0,11.0,0.013013013013,0,0.620350237057,-0.36819066873,5,821
626,1,3.26006045426,0.0,5.0,0.01001001001,0,-0.0295339518049,-1.65133769033,5,353
627,1,6.13466020499,,8.0,0.013013013013,0,0.443741503317,-0.196564304966,5,509
628,1,3.98567619247,,5.0,0.011011011011,0,0.214402458337,-1.65753118254,5,238
629,1,7.74199493416,7.0,11.0,0.017017017017,0,1.1296318302,-0.646900556454,5,481
630,0,10.4595330566,9.0,,0.01001001001,0,1.26901355048,1.65249240519,5,558
631,1,7.08622693857,6.0,9.0,0.021021021021,0,0.266050132104,1.28807654226,5,592
632,1,3.54352666613,1.0,4.0,0.013013013013,0,-0.21202377698,-0.82040200293,5,380
633,1,3.13324785998,3.0,8.0,0.011011011011,0,0.168558540579,-2.37242776176,5,719
634,1,2.63614014662,1.0,13.0,0.015015015015,0,0.283859666149,-3.21543885183,5,843
635,1,2.55811462405,0.0,6.0,0.012012012012,0,-0.343105911986,-1.41256763999,5,156
636,1,-0.33999535974,,0.0,0.011011011011,1,-1.28106460874,-1.49680153353,5,11
637,1,5.20695570974,,9.0,0.012012012012,0,0.403876180031,-1.00467283035,5,721
638,1,5.36512163798,1.0,9.0,0.011011011011,0,0.487519030272,-1.09743545284,5,809
639,1,4.49017589776,1.0,6.0,0.011011011011,0,0.386822110579,-1.67029043397,5,508
640,1,8.73953313502,0.0,11.0,0.013013013013,0,1.44362777993,-0.591350204773,5,900
641,1,8.25023917598,7.0,13.0,0.014014014014,0,1.44368064972,-1.08080277318,5,947
642,1,2.06409482009,2.0,5.0,0.011011011011,0,-0.464750116185,-1.54165483136,5,344
643,1,4.23186464607,3.0,5.0,0.013013013013,0,-0.0815742503653,-0.523412602835,5,240
644,1,5.85643015522,,9.0,0.014014014014,0,0.0868572905929,0.595858283442,5,525
645,1,7.99666205176,5.0,8.0,0.01001001001,0,1.57535156178,-1.72939263356,5,672
646,1,0.223276860064,0.0,10.0,0.015015015015,0,-1.902662175,0.931263385053,5,454
647,1,-0.847010733887,,3.0,0.013013013013,0,-0.675843195959,-3.81948114601,5,153
648,1,7.74100682387,0.0,11.0,0.014014014014,0,0.685845333393,0.683470823693,5,605
649,1,1.03038983859,1.0,8.0,0.013013013013,0,-1.03565945685,-0.862631790871,5,448
650,1,8.47511607291,,9.0,0.012012012012,0,0.848406253322,0.929897312945,5,409
651,1,8.76857586923,,11.0,0.014014014014,0,1.70024840898,-1.3321693577,5,784
652,1,6.84236710332,4.0,9.0,0.01001001001,0,0.324198373225,0.869771983649,5,906
653,1,5.79434942739,5.0,10.0,0.01001001001,0,0.32657413682,-0.185372983074,5,799
654,1,6.33041279607,,11.0,0.014014014014,0,0.634642420931,-0.573514466726,5,536
655,1,3.79207167394,0.0,4.0,0.01001001001,0,-1.03791453895,1.9058152908,5,270
656,1,4.04505896804,2.0,6.0,0.011011011011,0,-0.130312469241,-0.564003624233,5,540
657,1,1.24104698066,,3.0,0.011011011011,0,-1.67416038387,1.26352813228,5,331
658,1,6.51840050958,4.0,8.0,0.011011011011,0,0.239540841134,0.79977798618,5,673
659,1,4.38704144075,,10.0,0.014014014014,0,0.511208460852,-2.14658394181,5,636
660,1,-2.45176696589,,1.0,0.012012012012,0,-0.466756579143,-6.05149722846,5,102
661,1,-3.37262783089,,0.0,0.016016016016,1,-1.52955288637,-3.78396917179,5,15
662,1,7.96157420146,4.0,11.0,0.012012012012,0,0.722847472445,0.793031784123,5,833
663,1,2.94550707227,2.0,11.0,0.014014014014,0,0.916684155238,-4.80454539345,5,632
664,1,5.68237540437,2.0,12.0,0.014014014014,0,0.768792308991,-1.62400152261,5,849
665,1,3.2643016519,,5.0,0.011011011011,0,-1.67689161178,3.29497648725,5,220
666,1,0.384719766517,0.0,2.0,0.014014014014,0,-1.67240233013,0.40192675691,5,76
667,1,4.87166844607,4.0,11.0,0.011011011011,0,0.847594185391,-2.6711141101,5,869
668,1,6.70522482805,0.0,10.0,0.012012012012,0,0.688779697751,-0.361114265203,5,714
669,1,1.84493834076,,2.0,0.011011011011,0,-1.20233780172,0.451951745905,5,90
670,1,8.17894266875,7.0,10.0,0.01001001001,0,1.4155066815,-1.06757737574,5,909
671,1,3.76382197915,3.0,4.0,0.01001001001,1,-0.122716337743,-0.868029007621,5,187
672,1,5.76041886958,4.0,10.0,0.011011011011,0,0.692127114439,-1.31596247374,5,917
673,1,1.1240007621,,9.0,0.011011011011,0,-1.28047616827,-0.0345707330985,5,670
674,1,9.01437430524,7.0,12.0,0.012012012012,0,1.21109215647,0.381097835823,5,921
675,1,7.96564489705,6.0,11.0,0.013013013013,0,0.658522987275,0.99007593522,5,728
676,1,-2.85078452969,,0.0,0.013013013013,1,-1.83796235595,-2.33689746184,5,48
677,1,8.49948046111,2.0,10.0,0.012012012012,0,1.03804599685,0.38534247056,5,850
678,1,0.514742984403,0.0,6.0,0.011011011011,0,-0.884545073711,-1.83162179446,5,579
679,0,11.2114104359,11.0,,0.011011011011,0,0.848059929126,3.6672306485,5,559
680,1,9.61358728739,9.0,11.0,0.012012012012,0,1.39947245639,0.415169918219,5,706
681,1,11.5926053065,,12.0,0.013013013013,0,1.53017587437,2.00207768343,5,820
682,1,3.48885935236,0.0,7.0,0.014014014014,0,-1.21629947563,2.13775777926,5,602
683,1,4.75785064977,3.0,9.0,0.011011011011,0,-0.771587992236,2.07261462648,5,674
684,1,4.73899738378,1.0,7.0,0.01001001001,0,0.528520595588,-1.84656440298,5,426
685,1,8.35290445333,8.0,12.0,0.013013013013,0,1.41600283489,-0.895104051347,5,631
686,1,3.63528861511,2.0,10.0,0.011011011011,0,-0.0383173047165,-1.24975947074,5,771
687,1,6.79199302031,2.0,10.0,0.015015015015,0,-0.253626955338,2.55287388633,5,666
688,1,1.3990147697,0.0,6.0,0.013013013013,0,-0.457244125183,-2.22925285476,5,365
689,1,7.04478848766,1.0,11.0,0.012012012012,0,0.968186543745,-0.859771143575,5,793
690,1,6.34808575557,4.0,8.0,0.012012012012,0,1.02001958793,-1.71197300823,5,578
691,1,4.81523659696,2.0,5.0,0.013013013013,0,0.52080519413,-1.74717898543,5,267
692,1,1.6272415179,1.0,6.0,0.011011011011,0,-0.255110204212,-2.60742786946,5,272
693,1,6.78537580177,6.0,13.0,0.013013013013,0,1.35437979584,-2.27776358575,5,915
694,1,3.37680791066,,4.0,0.012012012012,0,1.20239671906,-5.23038224653,5,423
695,1,7.75369932815,7.0,12.0,0.015015015015,0,2.09128460537,-3.52015448795,5,830
696,0,11.9433374999,10.0,,0.01001001001,0,1.24463769106,3.20942442673,5,353
697,1,2.3600389203,,4.0,0.011011011011,0,0.324047177626,-3.61210261258,5,164
698,1,8.03824641134,,9.0,0.01001001001,0,1.0227443661,-0.0299866869483,5,826
699,1,3.58568779683,0.0,10.0,0.011011011011,0,0.612688571661,-3.25237791815,5,707
700,1,-1.08931446125,,0.0,0.011011011011,1,-1.86508538294,-0.494058312437,5,18
701,1,6.04448412176,1.0,9.0,0.01001001001,0,0.16775300243,0.541225114473,5,725
702,1,4.94784226178,3.0,6.0,0.011011011011,0,0.216332273025,-0.701154557294,5,250
703,0,11.480405308,10.0,,0.011011011011,0,0.907719596006,3.75724651999,5,447
704,0,13.4506263922,12.0,,0.012012012012,0,1.96680633711,2.5502073809,5,187
705,1,-0.0254150139924,,4.0,0.012012012012,0,-1.13700838739,-1.61438985182,5,201
706,1,-1.9006875904,,8.0,0.013013013013,0,-0.435626691933,-5.5938075146,5,471
707,1,3.7263546458,2.0,4.0,0.017017017017,0,0.0925903613548,-1.55141643827,5,475
708,1,-1.14820529628,,6.0,0.01001001001,0,-1.41507866446,-1.90296930291,5,366
709,1,3.76431263308,1.0,5.0,0.01001001001,0,-0.057398809256,-1.06349093915,5,251
710,1,2.6510038213,0.0,4.0,0.013013013013,0,-0.272025511138,-1.53291964528,5,230
711,1,2.10232287117,1.0,5.0,0.013013013013,0,-1.51154350645,1.63695339052,5,524
712,1,4.32023398617,1.0,8.0,0.01001001001,0,0.0353939503225,-0.785947864793,5,788
713,1,1.65395274395,0.0,7.0,0.013013013013,0,-0.662398672592,-1.35885123827,5,420
714,1,6.17296810383,0.0,8.0,0.01001001001,0,1.19068010066,-2.39907219814,5,494
715,1,0.479937342396,,7.0,0.011011011011,0,-1.97844154016,1.41526196289,5,402
716,1,5.19360076151,4.0,8.0,0.014014014014,0,0.824123181356,-2.27876878256,5,541
717,1,1.49950333633,,9.0,0.012012012012,0,-0.350237867054,-2.4497830625,5,441
718,1,7.9768475587,7.0,10.0,0.012012012012,0,0.0898860623845,2.70718937154,5,934
719,1,7.9685119259,1.0,13.0,0.013013013013,0,0.170606944751,2.45669109164,5,870
720,1,10.1029218472,10.0,11.0,0.011011011011,1,1.52080987035,0.540492236128,5,960
721,1,9.1552452664,0.0,12.0,0.013013013013,0,1.45195305607,-0.200613901799,5,853
722,1,4.71947714626,0.0,8.0,0.01001001001,0,-0.42499443534,0.994460452276,5,813
723,1,9.79251575219,3.0,10.0,0.01001001001,0,0.874190617681,2.16994389915,5,928
724,1,4.42847296741,0.0,6.0,0.011011011011,0,-1.0981354883,2.72287943231,5,332
725,1,4.87319555738,2.0,8.0,0.013013013013,0,-0.694049492091,1.95534403365,5,472
726,1,4.02110506727,4.0,5.0,0.014014014014,1,-1.22032990891,2.682094794,5,260
727,1,7.15376846434,1.0,9.0,0.011011011011,0,-0.202941687388,2.76259352651,5,874
728,1,6.36689381599,6.0,9.0,0.011011011011,0,-0.364437886059,2.46020747417,5,811
729,1,4.81192715246,1.0,11.0,0.012012012012,0,-0.187816184536,0.375375706069,5,858
730,1,0.158622501725,0.0,1.0,0.011011011011,1,-0.734145293774,-2.63894161695,5,73
731,1,3.79262828627,3.0,4.0,0.012012012012,1,-0.265425348499,-0.41109566823,5,269
732,1,4.95980533345,4.0,6.0,0.011011011011,0,0.475132800343,-1.46559306758,5,513
733,1,7.2135834834,4.0,11.0,0.011011011011,0,0.580963471382,0.470693069257,5,932
734,0,11.1335383636,10.0,,0.011011011011,0,1.40039075846,1.93236608828,5,917
735,1,8.22852483374,7.0,9.0,0.011011011011,0,1.1395707203,-0.190187327167,5,684
736,1,5.69233707543,2.0,7.0,0.011011011011,0,0.508890578482,-0.834334660016,5,464
737,1,0.515007830241,0.0,11.0,0.011011011011,0,-1.48244757051,-0.0376494582175,5,625
738,1,9.55343214787,5.0,11.0,0.011011011011,0,1.21507984775,0.908192604623,5,902
739,1,8.53194438697,2.0,10.0,0.011011011011,0,0.923838246407,0.760429647745,5,846
740,1,6.85082929845,5.0,10.0,0.013013013013,0,0.335680358305,0.843788223539,5,621
741,1,9.50799667518,3.0,10.0,0.011011011011,0,0.846852827156,1.96743819371,5,768
742,1,1.8372008429,0.0,2.0,0.011011011011,0,-0.387334837942,-2.00079464327,5,221
743,1,3.10592898864,1.0,4.0,0.013013013013,0,0.714954333655,-4.03893401233,5,204
744,1,3.47293214843,2.0,5.0,0.012012012012,0,-0.196440662624,-0.937745863695,5,424
745,1,6.96071695838,6.0,8.0,0.01001001001,0,0.494901901724,0.476011253209,5,856
746,1,4.71653987687,2.0,9.0,0.011011011011,0,0.396794876804,-1.47384475354,5,903
747,1,3.89984427524,0.0,4.0,0.013013013013,0,-0.842945143666,1.42867970624,5,264
748,1,6.96271127316,5.0,9.0,0.01001001001,0,0.528787120448,0.376349911812,5,886
749,0,12.0413633045,11.0,,0.011011011011,0,0.713174992879,4.90183832586,5,426
750,1,7.6963191954,,8.0,0.01001001001,0,0.399826587784,1.49683943204,5,518
751,1,4.24594932282,,7.0,0.011011011011,0,0.258929911416,-1.53084041142,5,249
752,1,9.48515458683,7.0,12.0,0.012012012012,0,0.305265755794,3.56935731945,5,957
753,1,5.49981586881,4.0,10.0,0.01001001001,0,-0.630603127366,2.39162525091,5,880
754,1,4.91985612019,0.0,6.0,0.011011011011,0,0.347135387535,-1.12155004242,5,527
755,0,14.3276652185,11.0,,0.011011011011,0,1.89176634085,3.65236619595,5,61
756,1,12.3095015835,11.0,13.0,0.013013013013,0,1.55460319088,2.64569201085,5,939
757,1,7.20377527226,6.0,9.0,0.011011011011,0,0.235958418977,1.49590001533,5,548
758,1,5.50152739801,0.0,10.0,0.011011011011,0,-0.300342243703,1.40255412912,5,807
759,1,1.228030865,1.0,5.0,0.013013013013,0,-1.66630218437,1.22693741811,5,387
760,1,4.62098672991,,6.0,0.01001001001,0,-0.167351590635,0.123041501815,5,199
761,1,9.69693799698,5.0,10.0,0.013013013013,0,1.19912169339,1.0995729168,5,724
762,1,4.76869153776,4.0,8.0,0.011011011011,0,-0.00283431040301,-0.222805531029,5,655
763,1,6.69060495155,2.0,8.0,0.011011011011,0,0.25094288278,0.937776303206,5,828
764,1,8.09868844688,2.0,9.0,0.01001001001,0,0.692642278407,1.02076161166,5,871
765,1,2.87658368201,,8.0,0.01001001001,0,-1.48783625683,2.3400924525,5,315
766,0,12.0944023607,11.0,,0.011011011011,0,1.33561386952,3.0875607521,5,844
767,1,4.59381373925,0.0,6.0,0.011011011011,0,-0.858360775424,2.16889606552,5,354
768,1,1.84681202707,,4.0,0.013013013013,0,-1.48712890973,1.30819875628,5,300
769,1,5.06305031996,1.0,10.0,0.011011011011,0,0.523913894672,-1.50869136405,5,860
770,1,9.38255814702,5.0,10.0,0.014014014014,0,0.358381997027,3.30741215593,5,660
771,1,0.956912753457,,5.0,0.01001001001,0,-1.37752947111,0.0895011667927,5,233
772,1,2.46002425447,0.0,3.0,0.012012012012,0,-0.660757424985,-0.557703470577,5,192
773,1,0.881700590128,,3.0,0.011011011011,0,-0.872625368958,-1.500423303,5,175
774,1,0.0346343092717,0.0,2.0,0.01001001001,0,-1.32421217299,-0.99272917177,5,72
775,1,7.95542578126,5.0,9.0,0.013013013013,0,0.422929124591,1.68663840749,5,563
776,1,3.18990089752,,7.0,0.012012012012,0,-0.240389082899,-1.08893185379,5,397
777,1,4.61819902991,4.0,11.0,0.011011011011,0,-0.546960863541,1.25908162053,5,959
778,1,8.1123462547,6.0,10.0,0.01001001001,0,0.0226595852409,3.04436749898,5,954
779,1,6.88814993059,4.0,8.0,0.011011011011,0,0.276271527394,1.0593353484,5,534
780,1,-2.35778429899,,4.0,0.012012012012,0,-1.38105367808,-3.21462326474,5,115
781,1,-1.761831907,,0.0,0.01001001001,1,-0.426647788651,-5.48188854105,5,3
782,1,4.94658894342,3.0,6.0,0.011011011011,0,-0.27609923455,0.774886647072,5,419
783,1,4.57836756728,1.0,11.0,0.011011011011,0,-0.71670213771,1.7284739804,5,818
784,1,2.76833453368,,8.0,0.011011011011,0,-0.497110724997,-0.740333291329,5,495
785,1,8.87256044721,7.0,10.0,0.011011011011,0,0.450021383255,2.52249629744,5,800
786,1,2.71465203084,0.0,8.0,0.016016016016,0,-0.395504304847,-1.09883505462,5,538
787,1,1.77512188785,1.0,2.0,0.01001001001,1,-0.265234898814,-2.42917341571,5,94
788,1,10.5122414981,7.0,11.0,0.012012012012,0,1.66050139883,0.53073730157,5,819
789,1,10.9204631369,10.0,11.0,0.011011011011,1,2.0613319564,-0.263532732282,5,931
790,1,5.3946696301,4.0,8.0,0.011011011011,0,-1.24490309057,4.12937890182,5,741
791,1,6.77776896242,4.0,8.0,0.011011011011,0,0.462205777003,0.391151631411,5,553
792,1,9.03004399592,9.0,10.0,0.011011011011,1,0.444076760067,2.69781371571,5,926
793,1,6.62913142575,5.0,7.0,0.011011011011,0,0.559695360078,-0.0499546544828,5,616
794,1,1.89127526044,0.0,3.0,0.012012012012,0,-0.405203458437,-1.89311436424,5,116
795,1,1.34024030885,0.0,6.0,0.01001001001,0,-0.464458535366,-2.26638408505,5,414
796,1,6.85054484955,,7.0,0.01001001001,0,-0.0199394619082,1.91036323527,5,890
797,1,5.6063978799,4.0,13.0,0.013013013013,0,0.769973765255,-1.70352341587,5,961
798,1,-1.65836956347,,0.0,0.012012012012,1,-1.25390199465,-2.89666357951,5,21
799,1,7.61835369575,7.0,11.0,0.011011011011,0,1.79675858754,-2.77192206686,5,956
800,1,4.10218408099,4.0,8.0,0.011011011011,0,-0.887647138511,1.76512549652,5,803
801,1,8.93010795609,1.0,10.0,0.01001001001,0,-0.129544424914,4.31874123084,5,953
802,1,2.92484524641,1.0,7.0,0.01001001001,0,-0.124282198982,-1.70230815664,5,718
803,1,-3.03791402808,,1.0,0.013013013013,0,-1.27702911158,-4.20682669334,5,268
804,1,-6.05608039137,,2.0,0.01001001001,0,-2.19525941356,-4.4703021507,5,108
805,1,9.46816052636,8.0,10.0,0.013013013013,0,1.31820539543,0.513544340062,5,836
806,1,10.2077202147,8.0,11.0,0.012012012012,0,1.96072256125,-0.674447469029,5,657
807,1,5.6976609805,,7.0,0.01001001001,0,0.835238431205,-1.80805431311,5,546
808,1,7.39126437885,6.0,9.0,0.01001001001,0,0.461344539363,1.00723076076,5,439
809,1,-1.46514075076,,0.0,0.01001001001,1,-2.4433619196,0.864945008039,5,10
810,1,9.14478676601,7.0,10.0,0.012012012012,0,0.496354160492,2.65572428454,5,470
811,1,4.08853649102,4.0,10.0,0.01001001001,0,0.480019613844,-2.35152235051,5,940
812,1,7.4377896663,2.0,11.0,0.014014014014,0,0.458869870809,1.06118005387,5,769
813,1,0.592831215477,,1.0,0.012012012012,0,-1.34274904421,-0.378921651901,5,150
814,1,5.89152383767,2.0,8.0,0.01001001001,0,0.198065226191,0.297328159092,5,425
815,1,-0.259477872312,,6.0,0.01001001001,0,-1.80541187771,0.156757760803,5,452
816,1,6.33979260408,4.0,10.0,0.01001001001,0,-0.946673924822,4.17981437854,5,965
817,1,0.522867237208,,1.0,0.01001001001,0,-1.00055528981,-1.47546689337,5,37
818,1,4.89862361896,0.0,10.0,0.01001001001,0,-0.199149535379,0.496072225093,5,794
819,1,1.95874000204,1.0,3.0,0.01001001001,0,-0.156473599919,-2.5718391982,5,189
820,1,-1.05735888354,,2.0,0.013013013013,0,-1.24408524413,-2.32510315115,5,68
821,1,0.256185010446,,3.0,0.01001001001,0,-2.00395950119,1.26806351401,5,308
822,1,5.3775265947,4.0,8.0,0.01001001001,0,0.361340158194,-0.706493879888,5,542
823,0,10.1502045881,10.0,,0.01001001001,0,1.27805099703,1.31605159707,5,940
824,1,3.54874019715,2.0,7.0,0.011011011011,0,-0.301013876232,-0.548218174159,5,597
825,1,5.42282735485,,7.0,0.012012012012,0,0.705722562804,-1.69434033356,5,477
826,1,0.0412522407216,,1.0,0.011011011011,0,-0.843364119765,-2.42865539998,5,45
827,1,3.92467113667,0.0,9.0,0.011011011011,0,-0.209046957365,-0.448187991236,5,496
828,1,7.00491420726,4.0,8.0,0.011011011011,0,0.224805450602,1.33049785546,5,519
829,1,4.27276553477,,8.0,0.012012012012,0,0.45959577776,-2.10602179851,5,446
830,1,4.7052489195,4.0,8.0,0.01001001001,0,-1.02458364405,2.77899985167,5,628
831,1,5.15397669921,1.0,6.0,0.01001001001,0,-0.26591491971,0.951721458342,5,650
832,1,1.71852705493,,4.0,0.01001001001,0,-0.177755657888,-2.7482059714,5,306
833,1,4.97814264824,1.0,9.0,0.011011011011,0,0.678167991874,-2.05636132738,5,722
834,1,10.2528265756,10.0,13.0,0.013013013013,0,1.02097069944,2.1899144773,5,951
835,1,0.850153885069,,3.0,0.01001001001,0,-1.63202841881,0.746239141492,5,197
836,1,8.67917876932,6.0,11.0,0.011011011011,0,1.1197208164,0.320016320122,5,515
837,1,4.8072452256,,5.0,0.01001001001,0,-1.01665705697,2.85721639652,5,392
838,1,3.02097884108,1.0,6.0,0.01001001001,0,-0.749767518065,0.270281395272,5,434
839,1,6.3666237255,5.0,12.0,0.015015015015,0,0.0590519298231,1.18946793603,5,868
840,1,7.47521275744,6.0,10.0,0.015015015015,0,-0.475166864366,3.90071335054,5,669
841,1,0.0325247662798,,1.0,0.014014014014,0,-1.44580266683,-0.630067233233,5,87
842,1,6.82619633662,5.0,8.0,0.011011011011,0,1.7371916555,-3.38537862987,5,567
843,1,3.85393672337,2.0,8.0,0.01001001001,0,-0.878570902804,1.48964943178,5,311
844,1,1.65746208479,,6.0,0.011011011011,0,-0.15879283337,-2.86615941509,5,486
845,0,11.8195934781,10.0,,0.01001001001,0,1.68606134711,1.7614094368,5,872
846,1,7.14939448842,6.0,8.0,0.01001001001,0,0.979471667145,-0.789020513016,5,848
847,1,0.775819376497,0.0,7.0,0.01001001001,0,-1.36401047733,-0.132149191518,5,647
848,1,4.06096724645,4.0,7.0,0.011011011011,0,0.738870021764,-3.15564281885,5,603
849,1,-1.59136030861,,2.0,0.01001001001,0,-1.71488987854,-1.44669067299,5,104
850,1,1.14846006657,1.0,4.0,0.011011011011,0,-0.574943879811,-2.126708294,5,324
851,1,7.85642955273,3.0,10.0,0.01001001001,0,0.774191645794,0.533854615351,5,878
852,1,2.48138540695,0.0,4.0,0.01001001001,0,-0.222980451104,-1.84967323973,5,216
853,1,-1.92931333409,,0.0,0.011011011011,1,-2.08577506383,-0.671988142592,5,19
854,1,7.13311445811,6.0,9.0,0.00900900900901,0,0.74771660484,-0.110035356411,5,919
855,1,7.49799358201,4.0,8.0,0.012012012012,0,-0.0825392295632,2.7456112707,5,720
856,1,-1.6094135217,,0.0,0.01001001001,1,-1.53249212632,-2.01193714273,5,7
857,1,4.90627820937,,7.0,0.01001001001,0,-0.486504439396,1.36579152755,5,293
858,1,7.22282260556,1.0,8.0,0.011011011011,0,0.542869625444,0.594213729226,5,619
859,1,8.45566891907,,9.0,0.01001001001,0,0.314000807152,2.51366649761,5,966
860,1,6.82941996071,6.0,7.0,0.01001001001,1,-0.146424857984,2.26869453467,5,604
861,1,2.70195799812,1.0,4.0,0.011011011011,0,-1.20019783289,1.3025514968,5,329
862,1,3.0084068572,,8.0,0.011011011011,0,-0.550294842678,-0.34070861477,5,680
863,1,2.11009617751,1.0,8.0,0.01001001001,0,-1.3399677886,1.12999954331,5,641
864,1,9.56160848164,9.0,10.0,0.01001001001,1,0.826692453247,2.0815311219,5,955
865,1,8.79698390571,8.0,10.0,0.011011011011,0,1.01721253678,0.745346295351,5,770
866,1,8.4751676424,8.0,9.0,0.012012012012,1,1.10442242089,0.161900379735,5,701
867,1,8.13715754508,8.0,10.0,0.012012012012,0,-0.131271005967,3.53097056298,5,695
868,1,7.80313544133,7.0,11.0,0.011011011011,0,0.294121607864,1.92077061774,5,777
869,1,-0.423393998702,,7.0,0.01001001001,0,-1.41239652497,-1.1862044238,5,395
870,1,6.7391818128,4.0,11.0,0.012012012012,0,0.195771520769,1.1518672505,5,950
871,1,7.69156377169,,9.0,0.011011011011,0,1.08054118723,-0.550059789987,5,474
872,1,5.24405159412,4.0,10.0,0.01001001001,0,0.286553588562,-0.615609171567,5,883
873,1,8.34403750563,5.0,9.0,0.01001001001,0,1.79342631393,-2.03624143615,5,944
874,1,3.82918743202,0.0,10.0,0.01001001001,0,-0.477419907738,0.261447155233,5,929
875,0,10.7401618653,10.0,,0.01001001001,0,1.7596897035,0.461092754829,5,617
876,1,-1.99685255982,,2.0,0.012012012012,0,-2.10327046448,-0.687041166385,5,95
877,1,0.513616809789,,1.0,0.011011011011,0,-1.20795529266,-0.862517312232,5,43
878,1,3.04441980225,3.0,8.0,0.01001001001,0,-0.33873255548,-0.939382531314,5,629
879,1,-0.278649489356,,0.0,0.01001001001,1,-1.05493501038,-2.11384445823,5,74
880,1,8.9787099895,7.0,9.0,0.012012012012,0,0.559372799514,2.30059159095,5,627
881,1,3.7224438128,,4.0,0.01001001001,0,0.510934740157,-2.81036040767,5,490
882,1,1.68654745193,1.0,10.0,0.013013013013,0,-0.490423945092,-1.8421807128,5,767
883,0,10.0623642005,10.0,,0.01001001001,0,1.81402131477,-0.37969974377,5,620
884,1,2.81783223487,,3.0,0.011011011011,0,-0.286143388234,-1.32373760043,5,146
885,1,6.14044161644,4.0,9.0,0.01001001001,0,0.0836185634688,0.889585926031,5,946
886,0,10.1044321706,10.0,,0.01001001001,0,0.289493325716,4.23595219346,5,215
887,1,6.70260760837,4.0,7.0,0.01001001001,0,-0.545689946199,3.33967744697,5,601
888,1,7.12891234792,6.0,10.0,0.01001001001,0,0.338491522455,1.11343778056,5,851
889,1,5.43552561688,2.0,7.0,0.01001001001,0,0.442533075562,-0.892073609807,5,692
890,1,0.858130749263,0.0,3.0,0.012012012012,0,-0.359793428588,-3.06248896497,5,355
891,1,6.72447026997,5.0,10.0,0.01001001001,0,0.682788629893,-0.323895619704,5,879
892,1,5.25424525881,3.0,9.0,0.01001001001,0,0.385516745849,-0.902304978734,5,750
893,1,7.71327935029,7.0,8.0,0.01001001001,1,-0.208333744972,3.3382805852,5,755
894,1,3.47679252444,,6.0,0.00900900900901,0,-1.00491978193,1.49155187024,5,517
895,1,3.88189272884,3.0,4.0,0.01001001001,1,-0.367998935102,-0.0141104658544,5,432
896,0,11.7518123618,11.0,,0.011011011011,0,1.37418473042,2.62925817057,5,937
897,1,6.25956407269,,7.0,0.01001001001,0,0.195567085517,0.672862816144,5,265
898,1,2.13426951586,,4.0,0.01001001001,0,-1.48738611204,1.59642785197,5,279
899,1,11.5596529348,11.0,12.0,0.012012012012,1,1.86806892888,0.955446148127,5,943
900,1,2.88832096986,,3.0,0.01001001001,0,-0.474730536777,-0.68748741981,5,217
901,1,2.71983201,2.0,3.0,0.01001001001,1,-0.0726849710992,-2.0621130767,5,159
902,1,1.84405835769,,8.0,0.01001001001,0,-0.667985159752,-1.15198616306,5,739
903,1,-1.20492123854,,1.0,0.01001001001,0,-1.64173381448,-1.27971979509,5,46
904,1,6.0847622668,5.0,11.0,0.011011011011,0,0.0804260334511,0.843484166451,5,935
905,1,1.07795202835,,7.0,0.01001001001,0,-0.8272609009,-1.44026526895,5,307
906,1,1.49081054548,,7.0,0.012012012012,0,-1.49238369092,0.96796161823,5,369
907,1,2.49538879441,,3.0,0.01001001001,0,-0.0323603904836,-2.40753003414,5,64
908,1,7.66857187778,,11.0,0.012012012012,0,-0.268257591819,3.47334465324,5,835
909,1,4.40534335538,3.0,6.0,0.01001001001,0,0.0779108374655,-0.828389157014,5,500
910,1,8.04497421311,8.0,9.0,0.01001001001,1,1.04294402832,-0.0838578718405,5,952
911,1,9.47890993352,,10.0,0.011011011011,0,0.563076415522,2.78968068695,5,812
912,1,4.85872160081,1.0,11.0,0.011011011011,0,0.632891012613,-2.03995143703,5,913
913,1,5.70935326172,2.0,8.0,0.01001001001,0,0.162099590422,0.223054490451,5,480
914,1,9.00259819472,9.0,11.0,0.011011011011,0,0.978157719698,1.06812503562,5,863
915,1,4.36882088435,2.0,7.0,0.01001001001,0,-0.452284949183,0.725675731895,5,704
916,1,3.7237719678,1.0,7.0,0.01001001001,0,0.0666657898741,-1.47622540183,5,573
917,1,8.50272498755,7.0,9.0,0.011011011011,0,1.11887419131,0.146102413619,5,700
918,1,7.2097334077,7.0,9.0,0.011011011011,0,0.636066412911,0.30153416897,5,882
919,1,1.95231997084,,9.0,0.01001001001,0,-1.51448154174,1.49576459607,5,630
920,1,1.83649669569,,4.0,0.011011011011,0,-1.64942338724,1.78476685741,5,152
921,1,3.39235570708,0.0,10.0,0.01001001001,0,-0.266649185553,-0.807696736262,5,586
922,1,3.74078506177,2.0,5.0,0.01001001001,0,0.0267926691365,-1.33959294563,5,443
923,1,4.84156120249,4.0,6.0,0.01001001001,0,-0.22895301828,0.528420257329,5,566
924,1,0.472125486839,,5.0,0.01001001001,0,-1.06218916077,-1.34130703084,5,236
925,1,4.05641145001,4.0,7.0,0.01001001001,0,-0.635015069954,0.961456659875,5,510
926,1,4.02164765988,0.0,9.0,0.011011011011,0,-1.56963327487,3.7305474845,5,667
927,1,6.05937332128,4.0,8.0,0.01001001001,0,0.39768301477,-0.133675723033,5,736
928,1,-0.332459017853,,4.0,0.011011011011,0,-1.46045755801,-0.951086343809,5,447
929,0,9.22891582293,9.0,,0.01001001001,0,1.32356346884,0.258225416416,5,833
930,1,6.17522971346,6.0,9.0,0.01001001001,0,0.995584341195,-1.81152331013,5,912
931,1,6.72103443523,4.0,10.0,0.01001001001,0,0.450186879797,0.370473795841,5,892
932,1,1.04760488047,,6.0,0.01001001001,0,-0.726955692072,-1.77152804331,5,399
933,1,8.06763132648,8.0,9.0,0.01001001001,1,1.32100076285,-0.895370962055,5,847
934,1,1.11002007592,,5.0,0.011011011011,0,-0.321661603788,-2.92499511272,5,195
935,1,1.58171780345,,2.0,0.01001001001,0,-0.337515130005,-2.40573680653,5,177
936,1,4.90942339853,1.0,6.0,0.011011011011,0,-1.00159934418,2.91422143108,5,440
937,1,7.10804749019,5.0,10.0,0.012012012012,0,1.03174271185,-0.98718064538,5,916
938,1,-1.38773723151,,1.0,0.01001001001,0,-1.6018107915,-1.582304857,5,176
939,1,9.01408968383,9.0,10.0,0.01001001001,1,0.863532575768,1.42349195653,5,933
940,1,7.49088533878,3.0,8.0,0.01001001001,0,0.295364281452,1.60479249443,5,893
941,1,6.0824441384,5.0,11.0,0.011011011011,0,0.488253507236,-0.38231638331,5,907
942,1,7.86515642159,7.0,9.0,0.01001001001,0,0.0792049261991,2.62754164299,5,748
943,1,6.72219600102,0.0,8.0,0.01001001001,0,1.40220970083,-2.48443310147,5,766
944,1,0.0397499831924,,9.0,0.011011011011,0,-1.00582856692,-1.94276431604,5,740
945,0,12.0852731734,10.0,,0.01001001001,0,1.9999779954,1.08533918718,5,587
946,1,8.43798907606,8.0,10.0,0.011011011011,0,0.0303152100955,3.34704344578,5,749
947,1,-2.76756539266,,5.0,0.01001001001,0,-1.32799258366,-3.78358764167,5,208
948,0,12.01616612,11.0,,0.011011011011,0,1.94653694627,1.17655528116,5,650
949,1,2.48569587419,1.0,3.0,0.01001001001,0,-0.453581762927,-1.15355883703,5,445
950,1,2.45582989471,0.0,7.0,0.01001001001,0,-1.34476774912,1.49013314207,5,232
951,1,5.67242697703,5.0,6.0,0.01001001001,1,0.351103122035,-0.380882389075,5,651
952,1,7.50737495441,7.0,10.0,0.011011011011,0,0.287346916147,1.64533420597,5,779
953,1,4.02142317209,,5.0,0.01001001001,0,-1.16381246055,2.51286055374,5,482
954,1,3.66100387946,0.0,8.0,0.01001001001,0,-1.243633463,2.39190426846,5,705
955,1,4.6859294736,0.0,6.0,0.011011011011,0,0.234411208592,-1.01730415218,5,356
956,1,3.50938666591,,7.0,0.01001001001,0,-0.215084296169,-0.845360445586,5,857
957,1,4.46440938632,4.0,8.0,0.01001001001,0,0.163122805449,-1.02495903003,5,762
958,0,10.9971703243,10.0,,0.01001001001,0,1.54861166061,1.35133534248,5,544
959,0,10.3333868957,10.0,,0.01001001001,0,1.07373285772,2.11218832257,5,40
960,1,7.28695417132,6.0,10.0,0.01001001001,0,0.780266308272,-0.0538447534931,5,772
961,1,0.910149585441,,1.0,0.01001001001,0,-1.27119190405,-0.276274702397,5,134
962,1,6.73102069573,,9.0,0.011011011011,0,0.690132208173,-0.339375928787,5,688
963,1,0.877322325563,,1.0,0.01001001001,0,-1.81425937309,1.32010044484,5,13
964,1,6.37681720994,6.0,7.0,0.01001001001,1,1.37485476294,-2.74774707887,5,716
965,1,4.74342886956,3.0,8.0,0.01001001001,0,-0.459047178662,1.12057040555,5,881
966,1,3.47458546758,,5.0,0.01001001001,0,-0.541591582157,0.0993602140516,5,258
967,1,4.16796978873,1.0,10.0,0.01001001001,0,-0.183047301367,-0.282888307166,5,887
968,1,3.50630772038,2.0,6.0,0.01001001001,0,-0.671336347826,0.520316763864,5,717
969,1,6.9706711367,4.0,7.0,0.01001001001,0,0.570670553724,0.25865947553,5,691
970,1,3.49046203457,0.0,4.0,0.01001001001,0,-0.318376479946,-0.554408525597,5,235
971,1,3.60072623029,3.0,6.0,0.01001001001,0,-0.614909560749,0.445454912539,5,751
972,0,12.7189211927,10.0,,0.01001001001,0,1.00568259058,4.70187342102,5,192
973,0,10.3744141139,10.0,,0.01001001001,0,1.32095539444,1.41154793056,5,883
974,0,11.625331673,10.0,,0.01001001001,0,1.61749341344,1.77285143267,5,781
975,1,5.42064577571,1.0,7.0,0.011011011011,0,0.408128343711,-0.803739255425,5,715
976,1,8.75897034039,1.0,10.0,0.01001001001,0,0.304488880958,2.84550369752,5,927
977,1,4.54339491726,1.0,5.0,0.01001001001,0,-0.29920181892,0.441000374019,5,334
978,1,1.22138267339,1.0,6.0,0.01001001001,0,-0.725411304991,-1.60238341164,5,571
979,1,4.8443611276,2.0,5.0,0.01001001001,0,-0.893999055783,2.52635829495,5,497
980,1,6.55553027788,,9.0,0.01001001001,0,0.493051898981,0.0763745809332,5,922
981,0,11.944976622,10.0,,0.01001001001,0,2.47818788365,-0.489587028891,5,471
982,1,4.46174615362,1.0,6.0,0.01001001001,0,-0.827124746826,1.9431203941,5,330
983,1,5.05053437551,4.0,9.0,0.01001001001,0,0.260327899186,-0.730449322053,5,677
984,1,5.26844592224,0.0,10.0,0.01001001001,0,-0.327627722584,1.25132909,5,884
985,0,10.7465910042,10.0,,0.01001001001,0,2.22162081936,-0.918271453899,5,451
986,1,5.43602204779,4.0,8.0,0.01001001001,0,-0.428350660092,1.72107402806,5,747
987,1,9.01623763848,8.0,10.0,0.01001001001,0,0.962776006083,1.12790962023,5,941
988,1,5.31366763785,5.0,9.0,0.01001001001,0,-0.501689430309,1.81873592877,5,732
989,0,11.0229253228,9.0,,0.01001001001,0,1.91772803474,0.269741218546,5,780
990,1,2.27286588533,0.0,3.0,0.01001001001,0,-0.769399024719,-0.418937040518,5,391
991,1,3.13598183822,3.0,9.0,0.01001001001,0,0.0620648113583,-2.05021259585,5,459
992,1,-0.137019379603,,1.0,0.01001001001,0,-1.78922338011,0.230650760718,5,26
993,1,5.48497900631,,6.0,0.01001001001,0,1.11331147081,-2.85495540613,5,406
994,1,3.6111937881,,9.0,0.01001001001,0,0.202223781571,-1.99547755661,5,888
995,1,3.98852012559,2.0,7.0,0.01001001001,0,-1.14260448374,2.4163335768,5,709
996,1,9.91601738207,1.0,10.0,0.01001001001,0,0.633443889251,3.01568571432,5,785
997,1,3.32704395639,3.0,7.0,0.01001001001,0,-0.234174604325,-0.970432230634,5,415
998,1,-0.956010893244,,7.0,0.011011011011,0,-1.08071054289,-2.71387926457,5,582
999,1,5.50715480582,3.0,9.0,0.01001001001,0,-0.237338089451,1.21916907418,5,730
